gen HV HVnoDiscount fitness_notKilledMutants notKilledNonEqMutants fitness_testSuiteSize
1 9.3359375 0.0 8.3203125 9.0 8.0
2 14.0625 0.0 8.2421875 9.0 2.0
3 15.3125 0.0 8.0859375 9.0 2.0
4 15.9375 0.0 8.0078125 9.0 2.0
5 18.6328125 0.0 7.9296875 9.0 1.0
6 18.6328125 0.0 7.9296875 9.0 1.0
7 31.5703125 16.0 6.3125 7.0 2.0
8 31.5703125 16.0 6.3125 7.0 2.0
9 31.5703125 16.0 6.3125 7.0 2.0
10 31.5703125 16.0 6.3125 7.0 2.0
11 31.5703125 16.0 6.3125 7.0 2.0
12 31.5703125 16.0 6.3125 7.0 2.0
13 31.5703125 16.0 6.3125 7.0 2.0
14 31.5703125 16.0 6.3125 7.0 2.0
15 31.5703125 16.0 6.3125 7.0 2.0
16 31.5703125 16.0 6.3125 7.0 2.0
17 31.5703125 16.0 6.3125 7.0 2.0
18 31.5703125 16.0 6.3125 7.0 2.0
19 31.5703125 16.0 6.3125 7.0 2.0
20 31.5703125 16.0 6.3125 7.0 2.0
21 31.5703125 16.0 6.3125 7.0 2.0
22 31.5703125 16.0 6.3125 7.0 2.0
23 31.5703125 16.0 6.3125 7.0 2.0
24 31.5703125 16.0 6.3125 7.0 2.0
25 31.5703125 16.0 6.3125 7.0 2.0
26 31.5703125 16.0 6.3125 7.0 2.0
27 31.5703125 16.0 6.3125 7.0 2.0
28 31.5703125 16.0 6.3125 7.0 2.0
29 31.5703125 16.0 6.3125 7.0 2.0
30 31.5703125 16.0 6.3125 7.0 2.0
31 31.5703125 16.0 6.3125 7.0 2.0
32 31.5703125 16.0 6.3125 7.0 2.0
33 76.4609375 72.0 0.6796875 0.0 2.0
34 76.4609375 72.0 0.6796875 0.0 2.0
35 76.4609375 72.0 0.6796875 0.0 2.0
36 76.4609375 72.0 0.6796875 0.0 2.0
37 76.4609375 72.0 0.6796875 0.0 2.0
38 76.4609375 72.0 0.6796875 0.0 2.0
39 76.4609375 72.0 0.6796875 0.0 2.0
40 76.4609375 72.0 0.6796875 0.0 2.0
41 76.4609375 72.0 0.6796875 0.0 2.0
42 76.4609375 72.0 0.6796875 0.0 2.0
43 76.4609375 72.0 0.6796875 0.0 2.0
44 76.4609375 72.0 0.6796875 0.0 2.0
45 76.4609375 72.0 0.6796875 0.0 2.0
46 76.4609375 72.0 0.6796875 0.0 2.0
47 76.4609375 72.0 0.6796875 0.0 2.0
48 76.4609375 72.0 0.6796875 0.0 2.0
49 76.4609375 72.0 0.6796875 0.0 2.0
50 76.4609375 72.0 0.6796875 0.0 2.0
51 76.4609375 72.0 0.6796875 0.0 2.0
52 76.4609375 72.0 0.6796875 0.0 2.0
53 76.4609375 72.0 0.6796875 0.0 2.0
54 76.4609375 72.0 0.6796875 0.0 2.0
55 76.4609375 72.0 0.6796875 0.0 2.0
56 76.4609375 72.0 0.6796875 0.0 2.0
57 76.4609375 72.0 0.6796875 0.0 2.0
58 76.4609375 72.0 0.6796875 0.0 2.0
59 76.4609375 72.0 0.6796875 0.0 2.0
60 76.4609375 72.0 0.6796875 0.0 2.0
61 76.4609375 72.0 0.6796875 0.0 2.0
62 76.4609375 72.0 0.6796875 0.0 2.0
63 76.4609375 72.0 0.6796875 0.0 2.0
64 76.4609375 72.0 0.6796875 0.0 2.0
65 76.4609375 72.0 0.6796875 0.0 2.0
66 76.4609375 72.0 0.6796875 0.0 2.0
67 76.4609375 72.0 0.6796875 0.0 2.0
68 76.4609375 72.0 0.6796875 0.0 2.0
69 76.4609375 72.0 0.6796875 0.0 2.0
70 76.4609375 72.0 0.6796875 0.0 2.0
71 76.4609375 72.0 0.6796875 0.0 2.0
72 76.4609375 72.0 0.6796875 0.0 2.0
73 76.4609375 72.0 0.6796875 0.0 2.0
74 76.4609375 72.0 0.6796875 0.0 2.0
75 76.4609375 72.0 0.6796875 0.0 2.0
76 76.4609375 72.0 0.6796875 0.0 2.0
77 76.4609375 72.0 0.6796875 0.0 2.0
78 76.4609375 72.0 0.6796875 0.0 2.0
79 76.4609375 72.0 0.6796875 0.0 2.0
80 76.4609375 72.0 0.6796875 0.0 2.0
81 76.4609375 72.0 0.6796875 0.0 2.0
82 76.4609375 72.0 0.6796875 0.0 2.0
83 76.4609375 72.0 0.6796875 0.0 2.0
84 76.4609375 72.0 0.6796875 0.0 2.0
85 76.4609375 72.0 0.6796875 0.0 2.0
86 76.4609375 72.0 0.6796875 0.0 2.0
87 76.4609375 72.0 0.6796875 0.0 2.0
88 76.4609375 72.0 0.6796875 0.0 2.0
89 76.4609375 72.0 0.6796875 0.0 2.0
90 76.4609375 72.0 0.6796875 0.0 2.0
91 76.4609375 72.0 0.6796875 0.0 2.0
92 76.4609375 72.0 0.6796875 0.0 2.0
93 76.4609375 72.0 0.6796875 0.0 2.0
94 76.4609375 72.0 0.6796875 0.0 2.0
95 76.4609375 72.0 0.6796875 0.0 2.0
96 76.4609375 72.0 0.6796875 0.0 2.0
97 76.4609375 72.0 0.6796875 0.0 2.0
98 76.4609375 72.0 0.6796875 0.0 2.0
99 76.4609375 72.0 0.6796875 0.0 2.0
100 76.4609375 72.0 0.6796875 0.0 2.0
101 76.4609375 72.0 0.54296875 0.0 2.0
102 76.4609375 72.0 0.54296875 0.0 2.0
103 76.4609375 72.0 0.54296875 0.0 2.0
104 76.4609375 72.0 0.54296875 0.0 2.0
105 76.4609375 72.0 0.54296875 0.0 2.0
106 76.4609375 72.0 0.54296875 0.0 2.0
107 76.4609375 72.0 0.54296875 0.0 2.0
108 76.4609375 72.0 0.54296875 0.0 2.0
109 76.4609375 72.0 0.54296875 0.0 2.0
110 76.4609375 72.0 0.54296875 0.0 2.0
111 76.4609375 72.0 0.54296875 0.0 2.0
112 76.4609375 72.0 0.54296875 0.0 2.0
113 76.4609375 72.0 0.54296875 0.0 2.0
114 76.4609375 72.0 0.54296875 0.0 2.0
115 76.4609375 72.0 0.54296875 0.0 2.0
116 76.4609375 72.0 0.54296875 0.0 2.0
117 76.4609375 72.0 0.54296875 0.0 2.0
118 76.4609375 72.0 0.54296875 0.0 2.0
119 76.4609375 72.0 0.54296875 0.0 2.0
120 76.4609375 72.0 0.54296875 0.0 2.0
121 76.4609375 72.0 0.54296875 0.0 2.0
122 76.4609375 72.0 0.54296875 0.0 2.0
123 76.4609375 72.0 0.54296875 0.0 2.0
124 76.4609375 72.0 0.54296875 0.0 2.0
125 76.4609375 72.0 0.54296875 0.0 2.0
126 76.4609375 72.0 0.54296875 0.0 2.0
127 76.4609375 72.0 0.54296875 0.0 2.0
128 76.4609375 72.0 0.54296875 0.0 2.0
129 76.4609375 72.0 0.54296875 0.0 2.0
130 76.4609375 72.0 0.54296875 0.0 2.0
131 76.4609375 72.0 0.54296875 0.0 2.0
132 76.4609375 72.0 0.54296875 0.0 2.0
133 76.4609375 72.0 0.54296875 0.0 2.0
134 76.4609375 72.0 0.54296875 0.0 2.0
135 76.4609375 72.0 0.54296875 0.0 2.0
136 76.4609375 72.0 0.54296875 0.0 2.0
137 76.4609375 72.0 0.54296875 0.0 2.0
138 76.4609375 72.0 0.54296875 0.0 2.0
139 76.4609375 72.0 0.54296875 0.0 2.0
140 76.4609375 72.0 0.54296875 0.0 2.0
141 76.640625 72.0 0.484375 0.0 2.0
142 76.640625 72.0 0.484375 0.0 2.0
143 76.640625 72.0 0.484375 0.0 2.0
144 76.640625 72.0 0.484375 0.0 2.0
145 76.640625 72.0 0.484375 0.0 2.0
146 76.640625 72.0 0.484375 0.0 2.0
147 76.640625 72.0 0.484375 0.0 2.0
148 76.640625 72.0 0.484375 0.0 2.0
149 76.640625 72.0 0.484375 0.0 2.0
150 76.640625 72.0 0.484375 0.0 2.0
151 76.640625 72.0 0.484375 0.0 2.0
152 76.640625 72.0 0.484375 0.0 2.0
153 76.640625 72.0 0.484375 0.0 2.0
154 76.640625 72.0 0.484375 0.0 2.0
155 76.640625 72.0 0.484375 0.0 2.0
156 76.640625 72.0 0.484375 0.0 2.0
157 76.640625 72.0 0.484375 0.0 2.0
158 76.640625 72.0 0.484375 0.0 2.0
159 76.640625 72.0 0.484375 0.0 2.0
160 76.640625 72.0 0.484375 0.0 2.0
161 76.640625 72.0 0.484375 0.0 2.0
162 76.640625 72.0 0.484375 0.0 2.0
163 76.640625 72.0 0.484375 0.0 2.0
164 76.640625 72.0 0.484375 0.0 2.0
165 76.640625 72.0 0.484375 0.0 2.0
166 76.640625 72.0 0.484375 0.0 2.0
167 76.640625 72.0 0.484375 0.0 2.0
168 76.640625 72.0 0.484375 0.0 2.0
169 76.640625 72.0 0.484375 0.0 2.0
170 76.640625 72.0 0.484375 0.0 2.0
171 76.640625 72.0 0.484375 0.0 2.0
172 76.640625 72.0 0.484375 0.0 2.0
173 76.640625 72.0 0.484375 0.0 2.0
174 76.640625 72.0 0.484375 0.0 2.0
175 76.640625 72.0 0.484375 0.0 2.0
176 76.640625 72.0 0.484375 0.0 2.0
177 76.640625 72.0 0.484375 0.0 2.0
178 76.640625 72.0 0.484375 0.0 2.0
179 76.640625 72.0 0.484375 0.0 2.0
180 76.640625 72.0 0.484375 0.0 2.0
181 76.640625 72.0 0.484375 0.0 2.0
182 76.640625 72.0 0.484375 0.0 2.0
183 76.640625 72.0 0.484375 0.0 2.0
184 76.640625 72.0 0.484375 0.0 2.0
185 76.640625 72.0 0.484375 0.0 2.0
186 76.640625 72.0 0.484375 0.0 2.0
187 76.640625 72.0 0.484375 0.0 2.0
188 76.640625 72.0 0.484375 0.0 2.0
189 76.640625 72.0 0.484375 0.0 2.0
190 76.640625 72.0 0.484375 0.0 2.0
191 76.640625 72.0 0.484375 0.0 2.0
192 76.640625 72.0 0.484375 0.0 2.0
193 76.640625 72.0 0.484375 0.0 2.0
194 76.640625 72.0 0.484375 0.0 2.0
195 76.640625 72.0 0.484375 0.0 2.0
196 76.640625 72.0 0.484375 0.0 2.0
197 76.640625 72.0 0.484375 0.0 2.0
198 77.16796875 72.0 0.42578125 0.0 2.0
199 77.16796875 72.0 0.42578125 0.0 2.0
200 77.16796875 72.0 0.42578125 0.0 2.0
201 77.16796875 72.0 0.42578125 0.0 2.0
202 77.16796875 72.0 0.42578125 0.0 2.0
203 77.16796875 72.0 0.42578125 0.0 2.0
204 77.16796875 72.0 0.42578125 0.0 2.0
205 77.16796875 72.0 0.42578125 0.0 2.0
206 77.16796875 72.0 0.42578125 0.0 2.0
207 77.16796875 72.0 0.42578125 0.0 2.0
208 77.16796875 72.0 0.42578125 0.0 2.0
209 77.16796875 72.0 0.42578125 0.0 2.0
210 77.16796875 72.0 0.41015625 0.0 3.0
211 77.16796875 72.0 0.41015625 0.0 3.0
212 77.16796875 72.0 0.41015625 0.0 3.0
213 77.16796875 72.0 0.41015625 0.0 3.0
214 77.16796875 72.0 0.41015625 0.0 3.0
215 77.16796875 72.0 0.41015625 0.0 3.0
216 77.16796875 72.0 0.41015625 0.0 3.0
217 77.16796875 72.0 0.41015625 0.0 3.0
218 77.16796875 72.0 0.41015625 0.0 3.0
219 77.16796875 72.0 0.41015625 0.0 3.0
220 77.16796875 72.0 0.41015625 0.0 3.0
221 77.16796875 72.0 0.41015625 0.0 3.0
222 77.16796875 72.0 0.41015625 0.0 3.0
223 77.16796875 72.0 0.41015625 0.0 3.0
224 77.16796875 72.0 0.41015625 0.0 3.0
225 77.16796875 72.0 0.41015625 0.0 3.0
226 77.16796875 72.0 0.41015625 0.0 3.0
227 77.16796875 72.0 0.41015625 0.0 3.0
228 77.16796875 72.0 0.41015625 0.0 3.0
229 77.16796875 72.0 0.41015625 0.0 3.0
230 77.16796875 72.0 0.41015625 0.0 3.0
231 77.16796875 72.0 0.41015625 0.0 3.0
232 77.16796875 72.0 0.41015625 0.0 3.0
233 77.16796875 72.0 0.41015625 0.0 3.0
234 77.16796875 72.0 0.41015625 0.0 3.0
235 77.16796875 72.0 0.41015625 0.0 3.0
236 77.16796875 72.0 0.41015625 0.0 3.0
237 77.16796875 72.0 0.41015625 0.0 3.0
238 77.16796875 72.0 0.41015625 0.0 3.0
239 77.16796875 72.0 0.41015625 0.0 3.0
240 77.16796875 72.0 0.41015625 0.0 3.0
241 77.16796875 72.0 0.41015625 0.0 3.0
242 77.16796875 72.0 0.41015625 0.0 3.0
243 77.16796875 72.0 0.41015625 0.0 3.0
244 77.16796875 72.0 0.41015625 0.0 3.0
245 77.16796875 72.0 0.41015625 0.0 3.0
246 77.16796875 72.0 0.41015625 0.0 3.0
247 77.16796875 72.0 0.41015625 0.0 3.0
248 77.16796875 72.0 0.41015625 0.0 3.0
249 77.16796875 72.0 0.41015625 0.0 3.0
250 77.16796875 72.0 0.41015625 0.0 3.0
251 77.16796875 72.0 0.41015625 0.0 3.0
252 77.16796875 72.0 0.41015625 0.0 3.0
253 77.16796875 72.0 0.41015625 0.0 3.0
254 77.16796875 72.0 0.41015625 0.0 3.0
255 77.16796875 72.0 0.41015625 0.0 3.0
256 77.16796875 72.0 0.41015625 0.0 3.0
257 77.16796875 72.0 0.41015625 0.0 3.0
258 77.16796875 72.0 0.41015625 0.0 3.0
259 77.16796875 72.0 0.41015625 0.0 3.0
260 77.16796875 72.0 0.41015625 0.0 3.0
261 77.16796875 72.0 0.41015625 0.0 3.0
262 77.16796875 72.0 0.41015625 0.0 3.0
263 77.16796875 72.0 0.41015625 0.0 3.0
264 77.16796875 72.0 0.41015625 0.0 3.0
265 77.16796875 72.0 0.41015625 0.0 3.0
266 77.16796875 72.0 0.41015625 0.0 3.0
267 77.16796875 72.0 0.41015625 0.0 3.0
268 77.16796875 72.0 0.41015625 0.0 3.0
269 77.16796875 72.0 0.41015625 0.0 3.0
270 77.16796875 72.0 0.41015625 0.0 3.0
271 77.16796875 72.0 0.41015625 0.0 3.0
272 77.16796875 72.0 0.41015625 0.0 3.0
273 77.16796875 72.0 0.41015625 0.0 3.0
274 77.16796875 72.0 0.41015625 0.0 3.0
275 77.16796875 72.0 0.41015625 0.0 3.0
276 77.16796875 72.0 0.41015625 0.0 3.0
277 77.16796875 72.0 0.41015625 0.0 3.0
278 77.16796875 72.0 0.41015625 0.0 3.0
279 77.16796875 72.0 0.41015625 0.0 3.0
280 77.16796875 72.0 0.41015625 0.0 3.0
281 77.16796875 72.0 0.41015625 0.0 3.0
282 77.16796875 72.0 0.41015625 0.0 3.0
283 77.16796875 72.0 0.41015625 0.0 3.0
284 77.16796875 72.0 0.41015625 0.0 3.0
285 77.16796875 72.0 0.41015625 0.0 3.0
286 77.16796875 72.0 0.41015625 0.0 3.0
287 77.16796875 72.0 0.41015625 0.0 3.0
288 77.16796875 72.0 0.41015625 0.0 3.0
289 77.16796875 72.0 0.41015625 0.0 3.0
290 77.16796875 72.0 0.41015625 0.0 3.0
291 77.16796875 72.0 0.41015625 0.0 3.0
292 77.16796875 72.0 0.41015625 0.0 3.0
293 77.16796875 72.0 0.41015625 0.0 3.0
294 77.16796875 72.0 0.41015625 0.0 3.0
295 77.16796875 72.0 0.41015625 0.0 3.0
296 77.16796875 72.0 0.41015625 0.0 3.0
297 77.16796875 72.0 0.41015625 0.0 3.0
298 77.16796875 72.0 0.41015625 0.0 3.0
299 77.16796875 72.0 0.41015625 0.0 3.0
300 77.16796875 72.0 0.41015625 0.0 3.0
301 77.16796875 72.0 0.41015625 0.0 3.0
302 77.16796875 72.0 0.41015625 0.0 3.0
303 77.16796875 72.0 0.41015625 0.0 3.0
304 77.16796875 72.0 0.41015625 0.0 3.0
305 77.16796875 72.0 0.41015625 0.0 3.0
306 77.16796875 72.0 0.41015625 0.0 3.0
307 77.16796875 72.0 0.41015625 0.0 3.0
308 77.16796875 72.0 0.41015625 0.0 3.0
309 77.16796875 72.0 0.41015625 0.0 3.0
310 77.16796875 72.0 0.41015625 0.0 3.0
311 77.16796875 72.0 0.41015625 0.0 3.0
312 77.16796875 72.0 0.41015625 0.0 3.0
313 77.16796875 72.0 0.41015625 0.0 3.0
314 77.16796875 72.0 0.41015625 0.0 3.0
315 77.16796875 72.0 0.41015625 0.0 3.0
316 77.16796875 72.0 0.41015625 0.0 3.0
317 77.16796875 72.0 0.41015625 0.0 3.0
318 77.16796875 72.0 0.41015625 0.0 3.0
319 78.01171875 72.0 0.33203125 0.0 2.0
320 78.01171875 72.0 0.33203125 0.0 2.0
321 78.01171875 72.0 0.33203125 0.0 2.0
322 78.01171875 72.0 0.33203125 0.0 2.0
323 78.01171875 72.0 0.33203125 0.0 2.0
324 78.01171875 72.0 0.33203125 0.0 2.0
325 78.01171875 72.0 0.33203125 0.0 2.0
326 78.01171875 72.0 0.33203125 0.0 2.0
327 78.01171875 72.0 0.33203125 0.0 2.0
328 78.01171875 72.0 0.33203125 0.0 2.0
329 78.01171875 72.0 0.33203125 0.0 2.0
330 78.01171875 72.0 0.33203125 0.0 2.0
331 78.1171875 72.0 0.3203125 0.0 2.0
332 78.1171875 72.0 0.3203125 0.0 2.0
333 78.1171875 72.0 0.3203125 0.0 2.0
334 78.1171875 72.0 0.3203125 0.0 2.0
335 78.1171875 72.0 0.3203125 0.0 2.0
336 78.1171875 72.0 0.3203125 0.0 2.0
337 78.1171875 72.0 0.3203125 0.0 2.0
338 78.1171875 72.0 0.3203125 0.0 2.0
339 78.15234375 72.0 0.31640625 0.0 2.0
340 78.15234375 72.0 0.31640625 0.0 2.0
341 78.15234375 72.0 0.31640625 0.0 2.0
342 78.15234375 72.0 0.31640625 0.0 2.0
343 78.15234375 72.0 0.31640625 0.0 2.0
344 78.15234375 72.0 0.31640625 0.0 2.0
345 78.15234375 72.0 0.31640625 0.0 2.0
346 78.15234375 72.0 0.31640625 0.0 2.0
347 78.15234375 72.0 0.31640625 0.0 2.0
348 78.15234375 72.0 0.31640625 0.0 2.0
349 78.15234375 72.0 0.31640625 0.0 2.0
350 78.15234375 72.0 0.31640625 0.0 2.0
351 78.15234375 72.0 0.31640625 0.0 2.0
352 78.15234375 72.0 0.31640625 0.0 2.0
353 78.15234375 72.0 0.31640625 0.0 2.0
354 78.15234375 72.0 0.31640625 0.0 2.0
355 78.15234375 72.0 0.31640625 0.0 2.0
356 78.15234375 72.0 0.31640625 0.0 2.0
357 78.15234375 72.0 0.31640625 0.0 2.0
358 78.15234375 72.0 0.31640625 0.0 2.0
359 78.15234375 72.0 0.31640625 0.0 2.0
360 78.15234375 72.0 0.31640625 0.0 2.0
361 78.15234375 72.0 0.31640625 0.0 2.0
362 78.15234375 72.0 0.31640625 0.0 2.0
363 78.15234375 72.0 0.31640625 0.0 2.0
364 78.15234375 72.0 0.31640625 0.0 2.0
365 78.15234375 72.0 0.31640625 0.0 2.0
366 78.15234375 72.0 0.31640625 0.0 2.0
367 78.15234375 72.0 0.31640625 0.0 2.0
368 78.15234375 72.0 0.31640625 0.0 2.0
369 78.15234375 72.0 0.31640625 0.0 2.0
370 78.15234375 72.0 0.31640625 0.0 2.0
371 78.15234375 72.0 0.31640625 0.0 2.0
372 78.15234375 72.0 0.31640625 0.0 2.0
373 78.15234375 72.0 0.31640625 0.0 2.0
374 78.15234375 72.0 0.31640625 0.0 2.0
375 78.15234375 72.0 0.31640625 0.0 2.0
376 78.15234375 72.0 0.31640625 0.0 2.0
377 78.15234375 72.0 0.31640625 0.0 2.0
378 78.15234375 72.0 0.31640625 0.0 2.0
379 78.15234375 72.0 0.31640625 0.0 2.0
380 78.15234375 72.0 0.31640625 0.0 2.0
381 78.15234375 72.0 0.31640625 0.0 2.0
382 78.15234375 72.0 0.31640625 0.0 2.0
383 78.15234375 72.0 0.31640625 0.0 2.0
384 78.15234375 72.0 0.31640625 0.0 2.0
385 78.15234375 72.0 0.31640625 0.0 2.0
386 78.15234375 72.0 0.31640625 0.0 2.0
387 78.15234375 72.0 0.31640625 0.0 2.0
388 78.15234375 72.0 0.31640625 0.0 2.0
389 78.15234375 72.0 0.31640625 0.0 2.0
390 78.15234375 72.0 0.31640625 0.0 2.0
391 78.15234375 72.0 0.31640625 0.0 2.0
392 78.15234375 72.0 0.31640625 0.0 2.0
393 78.15234375 72.0 0.31640625 0.0 2.0
394 78.15234375 72.0 0.31640625 0.0 2.0
395 78.15234375 72.0 0.31640625 0.0 2.0
396 78.15234375 72.0 0.31640625 0.0 2.0
397 78.15234375 72.0 0.31640625 0.0 2.0
398 78.15234375 72.0 0.31640625 0.0 2.0
399 78.15234375 72.0 0.31640625 0.0 2.0
400 78.15234375 72.0 0.31640625 0.0 2.0
401 78.15234375 72.0 0.31640625 0.0 2.0
402 78.15234375 72.0 0.31640625 0.0 2.0
403 78.15234375 72.0 0.31640625 0.0 2.0
404 78.15234375 72.0 0.31640625 0.0 2.0
405 78.15234375 72.0 0.31640625 0.0 2.0
406 78.15234375 72.0 0.31640625 0.0 2.0
407 78.15234375 72.0 0.31640625 0.0 2.0
408 78.15234375 72.0 0.31640625 0.0 2.0
409 78.15234375 72.0 0.31640625 0.0 2.0
410 78.15234375 72.0 0.31640625 0.0 2.0
411 78.15234375 72.0 0.31640625 0.0 2.0
412 78.15234375 72.0 0.31640625 0.0 2.0
413 78.15234375 72.0 0.31640625 0.0 2.0
414 78.15234375 72.0 0.31640625 0.0 2.0
415 78.15234375 72.0 0.31640625 0.0 2.0
416 78.15234375 72.0 0.31640625 0.0 2.0
417 78.15234375 72.0 0.31640625 0.0 2.0
418 78.15234375 72.0 0.31640625 0.0 2.0
419 78.15234375 72.0 0.31640625 0.0 2.0
420 78.15234375 72.0 0.31640625 0.0 2.0
421 78.15234375 72.0 0.31640625 0.0 2.0
422 78.15234375 72.0 0.31640625 0.0 2.0
423 78.15234375 72.0 0.31640625 0.0 2.0
424 78.15234375 72.0 0.31640625 0.0 2.0
425 78.15234375 72.0 0.31640625 0.0 2.0
426 78.15234375 72.0 0.31640625 0.0 2.0
427 78.15234375 72.0 0.31640625 0.0 2.0
428 78.15234375 72.0 0.31640625 0.0 2.0
429 78.15234375 72.0 0.31640625 0.0 2.0
430 78.15234375 72.0 0.31640625 0.0 2.0
431 78.15234375 72.0 0.31640625 0.0 2.0
432 78.15234375 72.0 0.31640625 0.0 2.0
433 78.15234375 72.0 0.31640625 0.0 2.0
434 78.15234375 72.0 0.31640625 0.0 2.0
435 78.15234375 72.0 0.31640625 0.0 2.0
436 78.15234375 72.0 0.31640625 0.0 2.0
437 78.15234375 72.0 0.31640625 0.0 2.0
438 78.15234375 72.0 0.31640625 0.0 2.0
439 78.15234375 72.0 0.31640625 0.0 2.0
440 78.15234375 72.0 0.31640625 0.0 2.0
441 78.15234375 72.0 0.31640625 0.0 2.0
442 78.15234375 72.0 0.31640625 0.0 2.0
443 78.15234375 72.0 0.31640625 0.0 2.0
444 78.15234375 72.0 0.31640625 0.0 2.0
445 78.15234375 72.0 0.31640625 0.0 2.0
446 78.15234375 72.0 0.31640625 0.0 2.0
447 78.15234375 72.0 0.31640625 0.0 2.0
448 78.15234375 72.0 0.31640625 0.0 2.0
449 78.15234375 72.0 0.31640625 0.0 2.0
450 78.15234375 72.0 0.31640625 0.0 2.0
451 78.15234375 72.0 0.31640625 0.0 2.0
452 78.5390625 72.0 0.2734375 0.0 2.0
453 78.5390625 72.0 0.2734375 0.0 2.0
454 78.5390625 72.0 0.2734375 0.0 2.0
455 78.5390625 72.0 0.2734375 0.0 2.0
456 78.5390625 72.0 0.2734375 0.0 2.0
457 78.5390625 72.0 0.2734375 0.0 2.0
458 78.5390625 72.0 0.2734375 0.0 2.0
459 78.5390625 72.0 0.2734375 0.0 2.0
460 78.5390625 72.0 0.2734375 0.0 2.0
461 78.5390625 72.0 0.2734375 0.0 2.0
462 78.5390625 72.0 0.2734375 0.0 2.0
463 78.5390625 72.0 0.2734375 0.0 2.0
464 78.5390625 72.0 0.2734375 0.0 2.0
465 78.5390625 72.0 0.2734375 0.0 2.0
466 78.5390625 72.0 0.2734375 0.0 2.0
467 78.5390625 72.0 0.2734375 0.0 2.0
468 78.5390625 72.0 0.2734375 0.0 2.0
469 78.5390625 72.0 0.2734375 0.0 2.0
470 78.5390625 72.0 0.2734375 0.0 2.0
471 78.5390625 72.0 0.2734375 0.0 2.0
472 78.5390625 72.0 0.2734375 0.0 2.0
473 78.5390625 72.0 0.2734375 0.0 2.0
474 78.5390625 72.0 0.2734375 0.0 2.0
475 78.5390625 72.0 0.2734375 0.0 2.0
476 78.5390625 72.0 0.2734375 0.0 2.0
477 78.5390625 72.0 0.2734375 0.0 2.0
478 78.5390625 72.0 0.2734375 0.0 2.0
479 78.5390625 72.0 0.2734375 0.0 2.0
480 78.5390625 72.0 0.2734375 0.0 2.0
481 78.5390625 72.0 0.2734375 0.0 2.0
482 78.5390625 72.0 0.2734375 0.0 2.0
483 78.5390625 72.0 0.2734375 0.0 2.0
484 78.5390625 72.0 0.2734375 0.0 2.0
485 78.5390625 72.0 0.2734375 0.0 2.0
486 78.5390625 72.0 0.2734375 0.0 2.0
487 78.5390625 72.0 0.2734375 0.0 2.0
488 78.5390625 72.0 0.2734375 0.0 2.0
489 78.5390625 72.0 0.2734375 0.0 2.0
490 78.5390625 72.0 0.2734375 0.0 2.0
491 78.5390625 72.0 0.2734375 0.0 2.0
492 78.5390625 72.0 0.2734375 0.0 2.0
493 78.5390625 72.0 0.2734375 0.0 2.0
494 78.5390625 72.0 0.2734375 0.0 2.0
495 78.5390625 72.0 0.2734375 0.0 2.0
496 78.5390625 72.0 0.2734375 0.0 2.0
497 78.5390625 72.0 0.2734375 0.0 2.0
498 78.5390625 72.0 0.2734375 0.0 2.0
499 78.5390625 72.0 0.2734375 0.0 2.0
500 78.5390625 72.0 0.2734375 0.0 2.0
501 78.5390625 72.0 0.2734375 0.0 2.0
502 78.5390625 72.0 0.2734375 0.0 2.0
503 78.5390625 72.0 0.2734375 0.0 2.0
504 78.5390625 72.0 0.2734375 0.0 2.0
505 78.5390625 72.0 0.2734375 0.0 2.0
506 78.5390625 72.0 0.2734375 0.0 2.0
507 78.5390625 72.0 0.2734375 0.0 2.0
508 78.5390625 72.0 0.2734375 0.0 2.0
509 78.5390625 72.0 0.2734375 0.0 2.0
510 78.5390625 72.0 0.2734375 0.0 2.0
511 78.5390625 72.0 0.2734375 0.0 2.0
512 78.5390625 72.0 0.2734375 0.0 2.0
513 78.5390625 72.0 0.2734375 0.0 2.0
514 78.5390625 72.0 0.2734375 0.0 2.0
515 78.5390625 72.0 0.2734375 0.0 2.0
516 78.5390625 72.0 0.2734375 0.0 2.0
517 78.5390625 72.0 0.2734375 0.0 2.0
518 78.5390625 72.0 0.2734375 0.0 2.0
519 78.5390625 72.0 0.2734375 0.0 2.0
520 78.5390625 72.0 0.2734375 0.0 2.0
521 78.5390625 72.0 0.2734375 0.0 2.0
522 78.5390625 72.0 0.2734375 0.0 2.0
523 78.5390625 72.0 0.2734375 0.0 2.0
524 78.5390625 72.0 0.2734375 0.0 2.0
525 78.5390625 72.0 0.2734375 0.0 2.0
526 78.5390625 72.0 0.2734375 0.0 2.0
527 78.5390625 72.0 0.2734375 0.0 2.0
528 78.5390625 72.0 0.2734375 0.0 2.0
529 78.5390625 72.0 0.2734375 0.0 2.0
530 78.5390625 72.0 0.2734375 0.0 2.0
531 78.6796875 72.0 0.2578125 0.0 2.0
532 78.6796875 72.0 0.2578125 0.0 2.0
533 78.6796875 72.0 0.2578125 0.0 2.0
534 78.6796875 72.0 0.2578125 0.0 2.0
535 78.6796875 72.0 0.2578125 0.0 2.0
536 78.6796875 72.0 0.2578125 0.0 2.0
537 78.6796875 72.0 0.2578125 0.0 2.0
538 78.6796875 72.0 0.2578125 0.0 2.0
539 78.6796875 72.0 0.2578125 0.0 2.0
540 78.6796875 72.0 0.2578125 0.0 2.0
541 78.6796875 72.0 0.2578125 0.0 2.0
542 78.6796875 72.0 0.2578125 0.0 2.0
543 78.6796875 72.0 0.2578125 0.0 2.0
544 78.6796875 72.0 0.2578125 0.0 2.0
545 78.6796875 72.0 0.2578125 0.0 2.0
546 78.6796875 72.0 0.2578125 0.0 2.0
547 78.6796875 72.0 0.2578125 0.0 2.0
548 78.6796875 72.0 0.2578125 0.0 2.0
549 78.6796875 72.0 0.2578125 0.0 2.0
550 78.6796875 72.0 0.2578125 0.0 2.0
551 78.6796875 72.0 0.2578125 0.0 2.0
552 78.6796875 72.0 0.2578125 0.0 2.0
553 78.6796875 72.0 0.2578125 0.0 2.0
554 78.6796875 72.0 0.2578125 0.0 2.0
555 78.6796875 72.0 0.2578125 0.0 2.0
556 78.6796875 72.0 0.2578125 0.0 2.0
557 78.6796875 72.0 0.2578125 0.0 2.0
558 78.6796875 72.0 0.2578125 0.0 2.0
559 78.6796875 72.0 0.2578125 0.0 2.0
560 78.6796875 72.0 0.2578125 0.0 2.0
561 78.6796875 72.0 0.2578125 0.0 2.0
562 78.6796875 72.0 0.2578125 0.0 2.0
563 78.6796875 72.0 0.2578125 0.0 2.0
564 78.6796875 72.0 0.2578125 0.0 2.0
565 78.6796875 72.0 0.2578125 0.0 2.0
566 78.6796875 72.0 0.2578125 0.0 2.0
567 78.6796875 72.0 0.2578125 0.0 2.0
568 78.6796875 72.0 0.2578125 0.0 2.0
569 78.6796875 72.0 0.2578125 0.0 2.0
570 78.6796875 72.0 0.2578125 0.0 2.0
571 78.6796875 72.0 0.2578125 0.0 2.0
572 78.6796875 72.0 0.2578125 0.0 2.0
573 78.6796875 72.0 0.2578125 0.0 2.0
574 78.6796875 72.0 0.2578125 0.0 2.0
575 78.6796875 72.0 0.2578125 0.0 2.0
576 78.6796875 72.0 0.2578125 0.0 2.0
577 78.6796875 72.0 0.2578125 0.0 2.0
578 78.71484375 72.0 0.25390625 0.0 2.0
579 78.71484375 72.0 0.25390625 0.0 2.0
580 78.71484375 72.0 0.25390625 0.0 2.0
581 78.71484375 72.0 0.25390625 0.0 2.0
582 78.71484375 72.0 0.25390625 0.0 2.0
583 78.71484375 72.0 0.25390625 0.0 2.0
584 78.71484375 72.0 0.25390625 0.0 2.0
585 78.71484375 72.0 0.25390625 0.0 2.0
586 78.71484375 72.0 0.25390625 0.0 2.0
587 78.71484375 72.0 0.25390625 0.0 2.0
588 78.71484375 72.0 0.25390625 0.0 2.0
589 78.71484375 72.0 0.25390625 0.0 2.0
590 78.71484375 72.0 0.25390625 0.0 2.0
591 78.71484375 72.0 0.25390625 0.0 2.0
592 78.71484375 72.0 0.25390625 0.0 2.0
593 78.71484375 72.0 0.25390625 0.0 2.0
594 78.71484375 72.0 0.25390625 0.0 2.0
595 78.71484375 72.0 0.25390625 0.0 2.0
596 78.71484375 72.0 0.25390625 0.0 2.0
597 78.71484375 72.0 0.25390625 0.0 2.0
598 78.71484375 72.0 0.25390625 0.0 2.0
599 78.71484375 72.0 0.25390625 0.0 2.0
600 78.71484375 72.0 0.25390625 0.0 2.0
601 78.71484375 72.0 0.25390625 0.0 2.0
602 78.71484375 72.0 0.25390625 0.0 2.0
603 78.71484375 72.0 0.25390625 0.0 2.0
604 78.71484375 72.0 0.25390625 0.0 2.0
605 78.71484375 72.0 0.25390625 0.0 2.0
606 78.71484375 72.0 0.25390625 0.0 2.0
607 78.71484375 72.0 0.25390625 0.0 2.0
608 78.71484375 72.0 0.25390625 0.0 2.0
609 78.71484375 72.0 0.25390625 0.0 2.0
610 78.71484375 72.0 0.25390625 0.0 2.0
611 78.71484375 72.0 0.25390625 0.0 2.0
612 78.71484375 72.0 0.25390625 0.0 2.0
613 78.71484375 72.0 0.25390625 0.0 2.0
614 78.71484375 72.0 0.25390625 0.0 2.0
615 78.71484375 72.0 0.25390625 0.0 2.0
616 78.71484375 72.0 0.25390625 0.0 2.0
617 78.71484375 72.0 0.25390625 0.0 2.0
618 78.71484375 72.0 0.25390625 0.0 2.0
619 78.71484375 72.0 0.25390625 0.0 2.0
620 78.71484375 72.0 0.25390625 0.0 2.0
621 78.71484375 72.0 0.25390625 0.0 2.0
622 78.71484375 72.0 0.25390625 0.0 2.0
623 78.71484375 72.0 0.25390625 0.0 2.0
624 78.71484375 72.0 0.25390625 0.0 2.0
625 78.71484375 72.0 0.25390625 0.0 2.0
626 78.71484375 72.0 0.25390625 0.0 2.0
627 78.71484375 72.0 0.25390625 0.0 2.0
628 78.71484375 72.0 0.25390625 0.0 2.0
629 78.71484375 72.0 0.25390625 0.0 2.0
630 78.71484375 72.0 0.25390625 0.0 2.0
631 78.71484375 72.0 0.25390625 0.0 2.0
632 78.71484375 72.0 0.25390625 0.0 2.0
633 78.71484375 72.0 0.25390625 0.0 2.0
634 78.71484375 72.0 0.25390625 0.0 2.0
635 78.71484375 72.0 0.25390625 0.0 2.0
636 78.71484375 72.0 0.25390625 0.0 2.0
637 78.75 72.0 0.25 0.0 2.0
638 78.75 72.0 0.25 0.0 2.0
639 78.75 72.0 0.25 0.0 2.0
640 78.75 72.0 0.25 0.0 2.0
641 78.75 72.0 0.25 0.0 2.0
642 78.75 72.0 0.25 0.0 2.0
643 78.75 72.0 0.25 0.0 2.0
644 78.75 72.0 0.25 0.0 2.0
645 78.75 72.0 0.25 0.0 2.0
646 78.75 72.0 0.25 0.0 2.0
647 78.75 72.0 0.25 0.0 2.0
648 78.75 72.0 0.25 0.0 2.0
649 78.75 72.0 0.25 0.0 2.0
650 78.75 72.0 0.25 0.0 2.0
651 78.75 72.0 0.25 0.0 2.0
652 78.75 72.0 0.25 0.0 2.0
653 78.75 72.0 0.25 0.0 2.0
654 78.75 72.0 0.25 0.0 2.0
655 78.75 72.0 0.25 0.0 2.0
656 78.75 72.0 0.25 0.0 2.0
657 78.75 72.0 0.25 0.0 2.0
658 78.75 72.0 0.25 0.0 2.0
659 78.75 72.0 0.25 0.0 2.0
660 78.75 72.0 0.25 0.0 2.0
661 78.75 72.0 0.25 0.0 2.0
662 78.75 72.0 0.25 0.0 2.0
663 78.75 72.0 0.25 0.0 2.0
664 78.75 72.0 0.25 0.0 2.0
665 78.75 72.0 0.25 0.0 2.0
666 78.75 72.0 0.25 0.0 2.0
667 78.75 72.0 0.25 0.0 2.0
668 78.75 72.0 0.25 0.0 2.0
669 78.75 72.0 0.25 0.0 2.0
670 78.75 72.0 0.25 0.0 2.0
671 78.75 72.0 0.25 0.0 2.0
672 78.75 72.0 0.25 0.0 2.0
673 78.75 72.0 0.25 0.0 2.0
674 78.75 72.0 0.25 0.0 2.0
675 78.75 72.0 0.25 0.0 2.0
676 78.75 72.0 0.25 0.0 2.0
677 78.75 72.0 0.25 0.0 2.0
678 78.75 72.0 0.25 0.0 2.0
679 78.75 72.0 0.25 0.0 2.0
680 78.75 72.0 0.25 0.0 2.0
681 78.75 72.0 0.25 0.0 2.0
682 78.75 72.0 0.25 0.0 2.0
683 78.75 72.0 0.25 0.0 2.0
684 78.75 72.0 0.25 0.0 2.0
685 78.75 72.0 0.25 0.0 2.0
686 78.75 72.0 0.25 0.0 2.0
687 78.75 72.0 0.25 0.0 2.0
688 78.75 72.0 0.25 0.0 2.0
689 78.75 72.0 0.25 0.0 2.0
690 78.75 72.0 0.25 0.0 2.0
691 78.75 72.0 0.25 0.0 2.0
692 78.75 72.0 0.25 0.0 2.0
693 78.75 72.0 0.25 0.0 2.0
694 78.75 72.0 0.25 0.0 2.0
695 78.75 72.0 0.25 0.0 2.0
696 78.75 72.0 0.25 0.0 2.0
697 78.75 72.0 0.25 0.0 2.0
698 78.75 72.0 0.25 0.0 2.0
699 78.75 72.0 0.25 0.0 2.0
700 78.75 72.0 0.25 0.0 2.0
701 78.75 72.0 0.25 0.0 2.0
702 78.75 72.0 0.25 0.0 2.0
703 78.75 72.0 0.25 0.0 2.0
704 78.75 72.0 0.25 0.0 2.0
705 78.75 72.0 0.25 0.0 2.0
706 78.75 72.0 0.25 0.0 2.0
707 78.75 72.0 0.25 0.0 2.0
708 78.75 72.0 0.25 0.0 2.0
709 78.75 72.0 0.25 0.0 2.0
710 78.75 72.0 0.25 0.0 2.0
711 78.75 72.0 0.25 0.0 2.0
712 78.75 72.0 0.25 0.0 2.0
713 78.75 72.0 0.25 0.0 2.0
714 78.75 72.0 0.25 0.0 2.0
715 78.75 72.0 0.25 0.0 2.0
716 78.75 72.0 0.25 0.0 2.0
717 78.75 72.0 0.25 0.0 2.0
718 78.75 72.0 0.25 0.0 2.0
719 78.75 72.0 0.25 0.0 2.0
720 78.75 72.0 0.25 0.0 2.0
721 78.75 72.0 0.25 0.0 2.0
722 78.75 72.0 0.25 0.0 2.0
723 78.75 72.0 0.25 0.0 2.0
724 78.75 72.0 0.25 0.0 2.0
725 78.75 72.0 0.25 0.0 2.0
726 78.75 72.0 0.25 0.0 2.0
727 78.75 72.0 0.25 0.0 2.0
728 78.75 72.0 0.25 0.0 2.0
729 78.75 72.0 0.25 0.0 2.0
730 78.75 72.0 0.25 0.0 2.0
731 78.75 72.0 0.25 0.0 2.0
732 78.75 72.0 0.25 0.0 2.0
733 78.75 72.0 0.25 0.0 2.0
734 78.75 72.0 0.25 0.0 2.0
735 78.75 72.0 0.25 0.0 2.0
736 78.75 72.0 0.25 0.0 2.0
737 78.75 72.0 0.25 0.0 2.0
738 78.75 72.0 0.25 0.0 2.0
739 78.75 72.0 0.25 0.0 2.0
740 78.75 72.0 0.25 0.0 2.0
741 78.75 72.0 0.25 0.0 2.0
742 78.75 72.0 0.25 0.0 2.0
743 78.75 72.0 0.25 0.0 2.0
744 78.75 72.0 0.25 0.0 2.0
745 78.75 72.0 0.25 0.0 2.0
746 78.75 72.0 0.25 0.0 2.0
747 78.75 72.0 0.25 0.0 2.0
748 78.75 72.0 0.25 0.0 2.0
749 78.75 72.0 0.25 0.0 2.0
750 78.75 72.0 0.25 0.0 2.0
751 78.75 72.0 0.25 0.0 2.0
752 78.75 72.0 0.25 0.0 2.0
753 78.75 72.0 0.25 0.0 2.0
754 78.75 72.0 0.25 0.0 2.0
755 78.75 72.0 0.25 0.0 2.0
756 78.75 72.0 0.25 0.0 2.0
757 78.75 72.0 0.25 0.0 2.0
758 78.75 72.0 0.25 0.0 2.0
759 78.75 72.0 0.25 0.0 2.0
760 78.75 72.0 0.25 0.0 2.0
761 78.75 72.0 0.25 0.0 2.0
762 78.75 72.0 0.25 0.0 2.0
763 78.75 72.0 0.25 0.0 2.0
764 78.75 72.0 0.25 0.0 2.0
765 78.75 72.0 0.25 0.0 2.0
766 78.75 72.0 0.25 0.0 2.0
767 78.75 72.0 0.25 0.0 2.0
768 78.75 72.0 0.25 0.0 2.0
769 78.75 72.0 0.25 0.0 2.0
770 78.75 72.0 0.25 0.0 2.0
771 78.75 72.0 0.25 0.0 2.0
772 78.75 72.0 0.25 0.0 2.0
773 78.75 72.0 0.25 0.0 2.0
774 78.75 72.0 0.25 0.0 2.0
775 78.75 72.0 0.25 0.0 2.0
776 78.75 72.0 0.25 0.0 2.0
777 78.75 72.0 0.25 0.0 2.0
778 78.92578125 72.0 0.23046875 0.0 2.0
779 78.92578125 72.0 0.23046875 0.0 2.0
780 78.92578125 72.0 0.23046875 0.0 2.0
781 78.92578125 72.0 0.23046875 0.0 2.0
782 78.92578125 72.0 0.23046875 0.0 2.0
783 78.92578125 72.0 0.23046875 0.0 2.0
784 78.92578125 72.0 0.23046875 0.0 2.0
785 78.92578125 72.0 0.23046875 0.0 2.0
786 78.92578125 72.0 0.23046875 0.0 2.0
787 78.92578125 72.0 0.23046875 0.0 2.0
788 78.92578125 72.0 0.23046875 0.0 2.0
789 78.92578125 72.0 0.23046875 0.0 2.0
790 78.92578125 72.0 0.23046875 0.0 2.0
791 78.92578125 72.0 0.23046875 0.0 2.0
792 78.92578125 72.0 0.23046875 0.0 2.0
793 78.92578125 72.0 0.23046875 0.0 2.0
794 78.92578125 72.0 0.23046875 0.0 2.0
795 78.92578125 72.0 0.23046875 0.0 2.0
796 78.92578125 72.0 0.23046875 0.0 2.0
797 78.92578125 72.0 0.23046875 0.0 2.0
798 78.92578125 72.0 0.23046875 0.0 2.0
799 78.92578125 72.0 0.23046875 0.0 2.0
800 78.92578125 72.0 0.23046875 0.0 2.0
801 78.92578125 72.0 0.23046875 0.0 2.0
802 78.92578125 72.0 0.23046875 0.0 2.0
803 78.92578125 72.0 0.23046875 0.0 2.0
804 78.92578125 72.0 0.23046875 0.0 2.0
805 78.92578125 72.0 0.23046875 0.0 2.0
806 78.92578125 72.0 0.23046875 0.0 2.0
807 78.92578125 72.0 0.23046875 0.0 2.0
808 78.92578125 72.0 0.23046875 0.0 2.0
809 78.92578125 72.0 0.23046875 0.0 2.0
810 78.92578125 72.0 0.23046875 0.0 2.0
811 78.92578125 72.0 0.23046875 0.0 2.0
812 78.92578125 72.0 0.23046875 0.0 2.0
813 78.92578125 72.0 0.23046875 0.0 2.0
814 78.92578125 72.0 0.23046875 0.0 2.0
815 78.92578125 72.0 0.23046875 0.0 2.0
816 78.92578125 72.0 0.23046875 0.0 2.0
817 78.92578125 72.0 0.23046875 0.0 2.0
818 78.92578125 72.0 0.23046875 0.0 2.0
819 78.92578125 72.0 0.23046875 0.0 2.0
820 78.92578125 72.0 0.23046875 0.0 2.0
821 78.92578125 72.0 0.23046875 0.0 2.0
822 78.92578125 72.0 0.23046875 0.0 2.0
823 78.92578125 72.0 0.23046875 0.0 2.0
824 78.92578125 72.0 0.23046875 0.0 2.0
825 78.92578125 72.0 0.23046875 0.0 2.0
826 78.92578125 72.0 0.23046875 0.0 2.0
827 78.92578125 72.0 0.23046875 0.0 2.0
828 78.92578125 72.0 0.23046875 0.0 2.0
829 78.92578125 72.0 0.23046875 0.0 2.0
830 78.92578125 72.0 0.23046875 0.0 2.0
831 78.92578125 72.0 0.23046875 0.0 2.0
832 78.92578125 72.0 0.23046875 0.0 2.0
833 78.92578125 72.0 0.23046875 0.0 2.0
834 78.92578125 72.0 0.23046875 0.0 2.0
835 78.92578125 72.0 0.23046875 0.0 2.0
836 78.92578125 72.0 0.23046875 0.0 2.0
837 78.92578125 72.0 0.23046875 0.0 2.0
838 78.92578125 72.0 0.23046875 0.0 2.0
839 78.92578125 72.0 0.23046875 0.0 2.0
840 78.92578125 72.0 0.23046875 0.0 2.0
841 78.92578125 72.0 0.23046875 0.0 2.0
842 78.92578125 72.0 0.23046875 0.0 2.0
843 78.92578125 72.0 0.23046875 0.0 2.0
844 78.92578125 72.0 0.23046875 0.0 2.0
845 78.92578125 72.0 0.23046875 0.0 2.0
846 78.92578125 72.0 0.23046875 0.0 2.0
847 78.92578125 72.0 0.23046875 0.0 2.0
848 78.92578125 72.0 0.23046875 0.0 2.0
849 78.92578125 72.0 0.23046875 0.0 2.0
850 78.92578125 72.0 0.23046875 0.0 2.0
851 78.92578125 72.0 0.23046875 0.0 2.0
852 78.92578125 72.0 0.23046875 0.0 2.0
853 78.92578125 72.0 0.23046875 0.0 2.0
854 78.92578125 72.0 0.23046875 0.0 2.0
855 78.92578125 72.0 0.23046875 0.0 2.0
856 78.92578125 72.0 0.23046875 0.0 2.0
857 78.92578125 72.0 0.23046875 0.0 2.0
858 78.92578125 72.0 0.23046875 0.0 2.0
859 78.92578125 72.0 0.23046875 0.0 2.0
860 78.92578125 72.0 0.23046875 0.0 2.0
861 78.92578125 72.0 0.23046875 0.0 2.0
862 78.92578125 72.0 0.23046875 0.0 2.0
863 78.92578125 72.0 0.23046875 0.0 2.0
864 78.92578125 72.0 0.23046875 0.0 2.0
865 78.92578125 72.0 0.23046875 0.0 2.0
866 78.92578125 72.0 0.23046875 0.0 2.0
867 78.92578125 72.0 0.23046875 0.0 2.0
868 78.92578125 72.0 0.23046875 0.0 2.0
869 78.92578125 72.0 0.23046875 0.0 2.0
870 78.92578125 72.0 0.23046875 0.0 2.0
871 78.92578125 72.0 0.23046875 0.0 2.0
872 78.92578125 72.0 0.23046875 0.0 2.0
873 78.92578125 72.0 0.23046875 0.0 2.0
874 78.92578125 72.0 0.23046875 0.0 2.0
875 78.92578125 72.0 0.23046875 0.0 2.0
876 78.92578125 72.0 0.23046875 0.0 2.0
877 78.92578125 72.0 0.23046875 0.0 2.0
878 78.92578125 72.0 0.23046875 0.0 2.0
879 78.92578125 72.0 0.23046875 0.0 2.0
880 78.92578125 72.0 0.23046875 0.0 2.0
881 78.92578125 72.0 0.23046875 0.0 2.0
882 78.92578125 72.0 0.23046875 0.0 2.0
883 78.92578125 72.0 0.23046875 0.0 2.0
884 78.92578125 72.0 0.23046875 0.0 2.0
885 78.92578125 72.0 0.23046875 0.0 2.0
886 78.92578125 72.0 0.23046875 0.0 2.0
887 78.92578125 72.0 0.23046875 0.0 2.0
888 78.92578125 72.0 0.23046875 0.0 2.0
889 78.92578125 72.0 0.23046875 0.0 2.0
890 78.92578125 72.0 0.23046875 0.0 2.0
891 78.92578125 72.0 0.23046875 0.0 2.0
892 78.92578125 72.0 0.23046875 0.0 2.0
893 78.92578125 72.0 0.23046875 0.0 2.0
894 78.92578125 72.0 0.23046875 0.0 2.0
895 78.92578125 72.0 0.23046875 0.0 2.0
896 78.92578125 72.0 0.23046875 0.0 2.0
897 78.92578125 72.0 0.23046875 0.0 2.0
898 78.92578125 72.0 0.23046875 0.0 2.0
899 78.92578125 72.0 0.23046875 0.0 2.0
900 78.92578125 72.0 0.23046875 0.0 2.0
901 78.92578125 72.0 0.23046875 0.0 2.0
902 78.92578125 72.0 0.23046875 0.0 2.0
903 78.92578125 72.0 0.23046875 0.0 2.0
904 78.92578125 72.0 0.23046875 0.0 2.0
905 78.92578125 72.0 0.23046875 0.0 2.0
906 78.92578125 72.0 0.23046875 0.0 2.0
907 78.92578125 72.0 0.23046875 0.0 2.0
908 78.92578125 72.0 0.23046875 0.0 2.0
909 78.92578125 72.0 0.23046875 0.0 2.0
910 78.92578125 72.0 0.23046875 0.0 2.0
911 78.92578125 72.0 0.23046875 0.0 2.0
912 79.13671875 72.0 0.20703125 0.0 2.0
913 79.13671875 72.0 0.20703125 0.0 2.0
914 79.13671875 72.0 0.20703125 0.0 2.0
915 79.13671875 72.0 0.20703125 0.0 2.0
916 79.13671875 72.0 0.20703125 0.0 2.0
917 79.13671875 72.0 0.20703125 0.0 2.0
918 79.13671875 72.0 0.20703125 0.0 2.0
919 79.13671875 72.0 0.20703125 0.0 2.0
920 79.13671875 72.0 0.20703125 0.0 2.0
921 79.13671875 72.0 0.20703125 0.0 2.0
922 79.13671875 72.0 0.20703125 0.0 2.0
923 79.13671875 72.0 0.20703125 0.0 2.0
924 79.13671875 72.0 0.20703125 0.0 2.0
925 79.13671875 72.0 0.20703125 0.0 2.0
926 79.13671875 72.0 0.20703125 0.0 2.0
927 79.13671875 72.0 0.20703125 0.0 2.0
928 79.13671875 72.0 0.20703125 0.0 2.0
929 79.13671875 72.0 0.20703125 0.0 2.0
930 79.13671875 72.0 0.20703125 0.0 2.0
931 79.13671875 72.0 0.20703125 0.0 2.0
932 79.13671875 72.0 0.20703125 0.0 2.0
933 79.13671875 72.0 0.20703125 0.0 2.0
934 79.13671875 72.0 0.20703125 0.0 2.0
935 79.13671875 72.0 0.20703125 0.0 2.0
936 79.13671875 72.0 0.20703125 0.0 2.0
937 79.13671875 72.0 0.20703125 0.0 2.0
938 79.13671875 72.0 0.20703125 0.0 2.0
939 79.13671875 72.0 0.20703125 0.0 2.0
940 79.13671875 72.0 0.20703125 0.0 2.0
941 79.13671875 72.0 0.20703125 0.0 2.0
942 79.13671875 72.0 0.20703125 0.0 2.0
943 79.13671875 72.0 0.20703125 0.0 2.0
944 79.13671875 72.0 0.20703125 0.0 2.0
945 79.13671875 72.0 0.20703125 0.0 2.0
946 79.13671875 72.0 0.20703125 0.0 2.0
947 79.13671875 72.0 0.20703125 0.0 2.0
948 79.13671875 72.0 0.20703125 0.0 2.0
949 79.13671875 72.0 0.20703125 0.0 2.0
950 79.13671875 72.0 0.20703125 0.0 2.0
951 79.13671875 72.0 0.20703125 0.0 2.0
952 79.13671875 72.0 0.20703125 0.0 2.0
953 79.13671875 72.0 0.20703125 0.0 2.0
954 79.13671875 72.0 0.20703125 0.0 2.0
955 79.13671875 72.0 0.20703125 0.0 2.0
956 79.13671875 72.0 0.20703125 0.0 2.0
957 79.13671875 72.0 0.20703125 0.0 2.0
958 79.13671875 72.0 0.20703125 0.0 2.0
959 79.13671875 72.0 0.20703125 0.0 2.0
960 79.13671875 72.0 0.20703125 0.0 2.0
961 79.13671875 72.0 0.20703125 0.0 2.0
962 79.13671875 72.0 0.20703125 0.0 2.0
963 79.13671875 72.0 0.20703125 0.0 2.0
964 79.13671875 72.0 0.20703125 0.0 2.0
965 79.13671875 72.0 0.20703125 0.0 2.0
966 79.13671875 72.0 0.20703125 0.0 2.0
967 79.13671875 72.0 0.20703125 0.0 2.0
968 79.13671875 72.0 0.20703125 0.0 2.0
969 79.13671875 72.0 0.20703125 0.0 2.0
970 79.13671875 72.0 0.20703125 0.0 2.0
971 79.13671875 72.0 0.20703125 0.0 2.0
972 79.13671875 72.0 0.20703125 0.0 2.0
973 79.13671875 72.0 0.20703125 0.0 2.0
974 79.13671875 72.0 0.20703125 0.0 2.0
975 79.13671875 72.0 0.20703125 0.0 2.0
976 79.13671875 72.0 0.20703125 0.0 2.0
977 79.13671875 72.0 0.20703125 0.0 2.0
978 79.13671875 72.0 0.20703125 0.0 2.0
979 79.13671875 72.0 0.20703125 0.0 2.0
980 79.13671875 72.0 0.20703125 0.0 2.0
981 79.13671875 72.0 0.20703125 0.0 2.0
982 79.13671875 72.0 0.20703125 0.0 2.0
983 79.13671875 72.0 0.20703125 0.0 2.0
984 79.13671875 72.0 0.20703125 0.0 2.0
985 79.13671875 72.0 0.20703125 0.0 2.0
986 79.13671875 72.0 0.20703125 0.0 2.0
987 79.13671875 72.0 0.20703125 0.0 2.0
988 79.13671875 72.0 0.20703125 0.0 2.0
989 79.13671875 72.0 0.20703125 0.0 2.0
990 79.13671875 72.0 0.20703125 0.0 2.0
991 79.13671875 72.0 0.20703125 0.0 2.0
992 79.13671875 72.0 0.20703125 0.0 2.0
993 79.13671875 72.0 0.20703125 0.0 2.0
994 79.13671875 72.0 0.20703125 0.0 2.0
995 79.13671875 72.0 0.20703125 0.0 2.0
996 79.13671875 72.0 0.20703125 0.0 2.0
997 79.13671875 72.0 0.20703125 0.0 2.0
998 79.13671875 72.0 0.20703125 0.0 2.0
999 79.13671875 72.0 0.20703125 0.0 2.0
1000 79.13671875 72.0 0.20703125 0.0 2.0
