gen HV HVnoDiscount fitness_notKilledMutants notKilledNonEqMutants fitness_testSuiteSize
1 12.953125 4.0 7.8046875 6.0 6.0
2 13.5 4.0 7.8046875 6.0 6.0
3 13.5 4.0 7.13671875 6.0 6.0
4 15.75 4.0 7.13671875 6.0 6.0
5 15.75 4.0 6.890625 6.0 6.0
6 17.40234375 4.0 6.890625 6.0 6.0
7 17.40234375 4.0 6.71484375 6.0 6.0
8 18.5625 4.0 6.71484375 6.0 6.0
9 18.5625 4.0 6.609375 6.0 6.0
10 19.6875 4.0 6.609375 6.0 6.0
11 19.6875 4.0 6.328125 6.0 6.0
12 22.21875 4.0 6.328125 6.0 6.0
13 22.21875 4.0 6.15234375 6.0 6.0
14 23.0625 4.0 6.15234375 6.0 6.0
15 23.0625 8.0 5.375 5.0 6.0
16 23.0625 8.0 5.375 5.0 6.0
17 23.0625 8.0 5.375 5.0 6.0
18 23.0625 8.0 5.375 5.0 6.0
19 57.1796875 49.0 1.98046875 0.0 3.0
20 57.1796875 49.0 1.98046875 0.0 3.0
21 57.1796875 49.0 1.98046875 0.0 3.0
22 57.1796875 49.0 1.98046875 0.0 3.0
23 57.1796875 49.0 1.98046875 0.0 3.0
24 57.1796875 49.0 1.98046875 0.0 3.0
25 57.1796875 49.0 1.98046875 0.0 3.0
26 57.1796875 49.0 1.98046875 0.0 3.0
27 57.1796875 49.0 1.98046875 0.0 3.0
28 57.1796875 49.0 1.98046875 0.0 3.0
29 57.1796875 49.0 1.98046875 0.0 3.0
30 57.1796875 49.0 1.98046875 0.0 3.0
31 57.1796875 49.0 1.98046875 0.0 3.0
32 57.1796875 49.0 1.98046875 0.0 3.0
33 57.1796875 49.0 1.98046875 0.0 3.0
34 57.1796875 49.0 1.98046875 0.0 3.0
35 57.1796875 49.0 1.98046875 0.0 3.0
36 57.1796875 49.0 1.98046875 0.0 3.0
37 57.1796875 49.0 1.98046875 0.0 3.0
38 57.1796875 49.0 1.98046875 0.0 3.0
39 57.1796875 49.0 1.98046875 0.0 3.0
40 57.1796875 49.0 1.98046875 0.0 3.0
41 57.1796875 49.0 1.98046875 0.0 3.0
42 57.1796875 49.0 1.98046875 0.0 3.0
43 57.1796875 49.0 1.98046875 0.0 3.0
44 57.1796875 49.0 1.98046875 0.0 3.0
45 57.1796875 49.0 1.98046875 0.0 3.0
46 57.1796875 49.0 1.98046875 0.0 3.0
47 57.1796875 49.0 1.98046875 0.0 3.0
48 57.1796875 49.0 1.98046875 0.0 3.0
49 57.1796875 49.0 1.98046875 0.0 3.0
50 57.1796875 49.0 1.98046875 0.0 3.0
51 57.1796875 49.0 1.98046875 0.0 3.0
52 57.1796875 49.0 1.98046875 0.0 3.0
53 57.1796875 49.0 1.98046875 0.0 3.0
54 57.1796875 49.0 1.98046875 0.0 3.0
55 59.828125 49.0 1.453125 0.0 3.0
56 59.828125 49.0 1.453125 0.0 3.0
57 59.91015625 49.0 1.44140625 0.0 3.0
58 59.91015625 49.0 1.44140625 0.0 3.0
59 59.91015625 49.0 1.44140625 0.0 3.0
60 60.15625 49.0 1.40625 0.0 3.0
61 60.15625 49.0 1.40625 0.0 3.0
62 60.15625 49.0 1.40625 0.0 3.0
63 60.15625 49.0 1.40625 0.0 3.0
64 60.3203125 49.0 1.3828125 0.0 3.0
65 60.3203125 49.0 1.3828125 0.0 3.0
66 60.40234375 49.0 1.37109375 0.0 3.0
67 60.40234375 49.0 1.37109375 0.0 3.0
68 60.40234375 49.0 1.37109375 0.0 3.0
69 60.40234375 49.0 1.37109375 0.0 3.0
70 60.484375 49.0 1.359375 0.0 3.0
71 60.484375 49.0 1.359375 0.0 3.0
72 60.484375 49.0 1.359375 0.0 3.0
73 60.56640625 49.0 1.34765625 0.0 3.0
74 60.56640625 49.0 1.34765625 0.0 3.0
75 62.39453125 49.0 1.32421875 0.0 3.0
76 62.39453125 49.0 1.32421875 0.0 3.0
77 62.6875 49.0 1.2890625 0.0 3.0
78 62.6875 49.0 1.2890625 0.0 3.0
79 62.76953125 49.0 1.27734375 0.0 3.0
80 62.76953125 49.0 1.27734375 0.0 3.0
81 62.76953125 49.0 1.27734375 0.0 3.0
82 63.0625 49.0 1.2421875 0.0 3.0
83 63.0625 49.0 1.2421875 0.0 3.0
84 63.0625 49.0 1.2421875 0.0 3.0
85 63.14453125 49.0 1.23046875 0.0 3.0
86 63.14453125 49.0 1.23046875 0.0 3.0
87 63.14453125 49.0 1.18359375 0.0 3.0
88 63.14453125 49.0 1.18359375 0.0 3.0
89 63.625 49.0 1.171875 0.0 3.0
90 63.625 49.0 1.171875 0.0 3.0
91 63.625 49.0 1.1484375 0.0 3.0
92 63.625 49.0 1.1484375 0.0 3.0
93 63.90625 49.0 1.13671875 0.0 3.0
94 63.90625 49.0 1.13671875 0.0 3.0
95 63.90625 49.0 1.125 0.0 3.0
96 72.875 56.0 1.125 0.0 2.0
97 72.875 56.0 1.125 0.0 2.0
98 73.07421875 56.0 1.1015625 0.0 2.0
99 73.07421875 56.0 1.1015625 0.0 2.0
100 73.296875 56.0 1.078125 0.0 2.0
101 73.296875 56.0 1.078125 0.0 2.0
102 73.296875 56.0 1.078125 0.0 2.0
103 73.296875 56.0 1.078125 0.0 2.0
104 73.296875 56.0 1.06640625 0.0 2.0
105 73.296875 56.0 1.06640625 0.0 2.0
106 73.61328125 56.0 1.04296875 0.0 2.0
107 73.61328125 56.0 1.03125 0.0 2.0
108 73.61328125 56.0 1.03125 0.0 2.0
109 73.61328125 56.0 1.0078125 0.0 2.0
110 73.61328125 56.0 1.0078125 0.0 2.0
111 74.03515625 56.0 0.99609375 0.0 2.0
112 74.03515625 56.0 0.99609375 0.0 2.0
113 74.03515625 56.0 0.99609375 0.0 2.0
114 74.03515625 56.0 0.99609375 0.0 2.0
115 74.03515625 56.0 0.99609375 0.0 2.0
116 74.03515625 56.0 0.97265625 0.0 2.0
117 74.03515625 56.0 0.97265625 0.0 2.0
118 74.03515625 56.0 0.97265625 0.0 2.0
119 74.03515625 56.0 0.97265625 0.0 2.0
120 74.03515625 56.0 0.97265625 0.0 2.0
121 74.03515625 56.0 0.97265625 0.0 2.0
122 74.03515625 56.0 0.97265625 0.0 2.0
123 74.03515625 56.0 0.97265625 0.0 2.0
124 74.3515625 56.0 0.9609375 0.0 2.0
125 74.3515625 56.0 0.9609375 0.0 2.0
126 74.3515625 56.0 0.9609375 0.0 2.0
127 74.3515625 56.0 0.9609375 0.0 2.0
128 74.3515625 56.0 0.9609375 0.0 2.0
129 74.3515625 56.0 0.94921875 0.0 2.0
130 74.3515625 56.0 0.94921875 0.0 2.0
131 74.3515625 56.0 0.92578125 0.0 2.0
132 74.3515625 56.0 0.92578125 0.0 2.0
133 74.76171875 56.0 0.9140625 0.0 2.0
134 74.76171875 56.0 0.9140625 0.0 2.0
135 74.76171875 56.0 0.90234375 0.0 2.0
136 74.76171875 56.0 0.90234375 0.0 2.0
137 74.76171875 56.0 0.90234375 0.0 2.0
138 74.76171875 56.0 0.90234375 0.0 2.0
139 74.76171875 56.0 0.90234375 0.0 2.0
140 74.76171875 56.0 0.90234375 0.0 2.0
141 74.76171875 56.0 0.90234375 0.0 2.0
142 75.08984375 56.0 0.87890625 0.0 2.0
143 75.1953125 56.0 0.8671875 0.0 2.0
144 75.1953125 56.0 0.85546875 0.0 2.0
145 75.1953125 56.0 0.85546875 0.0 2.0
146 75.1953125 56.0 0.84375 0.0 2.0
147 75.1953125 56.0 0.84375 0.0 2.0
148 75.51171875 56.0 0.83203125 0.0 2.0
149 75.51171875 56.0 0.83203125 0.0 2.0
150 75.51171875 56.0 0.83203125 0.0 2.0
151 75.72265625 56.0 0.80859375 0.0 2.0
152 75.72265625 56.0 0.80859375 0.0 2.0
153 75.72265625 56.0 0.80859375 0.0 2.0
154 75.72265625 56.0 0.80859375 0.0 2.0
155 75.72265625 56.0 0.80859375 0.0 2.0
156 75.72265625 56.0 0.796875 0.0 2.0
157 75.72265625 56.0 0.796875 0.0 2.0
158 76.1328125 56.0 0.76171875 0.0 2.0
159 76.1328125 56.0 0.76171875 0.0 2.0
160 76.1328125 56.0 0.75 0.0 2.0
161 76.1328125 56.0 0.75 0.0 2.0
162 76.35546875 56.0 0.73828125 0.0 2.0
163 76.35546875 56.0 0.73828125 0.0 2.0
164 76.35546875 56.0 0.73828125 0.0 2.0
165 76.35546875 56.0 0.73828125 0.0 2.0
166 76.35546875 56.0 0.73828125 0.0 2.0
167 76.35546875 56.0 0.73828125 0.0 2.0
168 76.4609375 56.0 0.7265625 0.0 2.0
169 76.4609375 56.0 0.7265625 0.0 2.0
170 76.4609375 56.0 0.7265625 0.0 2.0
171 76.4609375 56.0 0.71484375 0.0 2.0
172 76.4609375 56.0 0.71484375 0.0 2.0
173 76.4609375 56.0 0.71484375 0.0 2.0
174 76.4609375 56.0 0.71484375 0.0 2.0
175 76.4609375 56.0 0.71484375 0.0 2.0
176 76.4609375 56.0 0.71484375 0.0 2.0
177 76.4609375 56.0 0.71484375 0.0 2.0
178 76.4609375 56.0 0.71484375 0.0 2.0
179 76.4609375 56.0 0.69140625 0.0 2.0
180 76.4609375 56.0 0.69140625 0.0 2.0
181 76.8828125 56.0 0.6796875 0.0 2.0
182 76.8828125 56.0 0.6796875 0.0 2.0
183 76.8828125 56.0 0.6796875 0.0 2.0
184 76.8828125 56.0 0.6796875 0.0 2.0
185 76.8828125 56.0 0.66796875 0.0 2.0
186 76.8828125 56.0 0.66796875 0.0 2.0
187 76.8828125 56.0 0.65625 0.0 2.0
188 76.8828125 56.0 0.65625 0.0 2.0
189 76.8828125 56.0 0.62109375 0.0 2.0
190 76.8828125 56.0 0.62109375 0.0 2.0
191 77.41015625 56.0 0.62109375 0.0 2.0
192 77.41015625 56.0 0.62109375 0.0 2.0
193 77.41015625 56.0 0.609375 0.0 2.0
194 77.515625 56.0 0.609375 0.0 2.0
195 77.515625 56.0 0.59765625 0.0 2.0
196 77.515625 56.0 0.59765625 0.0 2.0
197 77.515625 56.0 0.59765625 0.0 2.0
198 77.62109375 56.0 0.59765625 0.0 2.0
199 77.62109375 56.0 0.59765625 0.0 2.0
200 77.62109375 56.0 0.59765625 0.0 2.0
201 77.62109375 56.0 0.5859375 0.0 2.0
202 77.62109375 56.0 0.5859375 0.0 2.0
203 77.83203125 56.0 0.57421875 0.0 2.0
204 77.83203125 56.0 0.57421875 0.0 2.0
205 77.83203125 56.0 0.57421875 0.0 2.0
206 77.83203125 56.0 0.55078125 0.0 3.0
207 77.83203125 56.0 0.55078125 0.0 3.0
208 77.83203125 56.0 0.55078125 0.0 2.0
209 77.83203125 56.0 0.55078125 0.0 2.0
210 77.83203125 56.0 0.5390625 0.0 2.0
211 77.83203125 56.0 0.5390625 0.0 2.0
212 77.83203125 56.0 0.5390625 0.0 2.0
213 77.83203125 56.0 0.5390625 0.0 2.0
214 77.83203125 56.0 0.5390625 0.0 2.0
215 77.83203125 56.0 0.515625 0.0 2.0
216 77.83203125 56.0 0.515625 0.0 2.0
217 77.83203125 56.0 0.515625 0.0 2.0
218 77.83203125 56.0 0.50390625 0.0 2.0
219 77.83203125 56.0 0.50390625 0.0 2.0
220 77.83203125 56.0 0.50390625 0.0 2.0
221 77.83203125 56.0 0.50390625 0.0 2.0
222 77.83203125 56.0 0.50390625 0.0 2.0
223 77.83203125 56.0 0.4921875 0.0 2.0
224 77.83203125 56.0 0.4921875 0.0 2.0
225 77.83203125 56.0 0.4921875 0.0 2.0
226 77.83203125 56.0 0.48046875 0.0 2.0
227 77.83203125 56.0 0.48046875 0.0 2.0
228 77.83203125 56.0 0.45703125 0.0 2.0
229 77.83203125 56.0 0.45703125 0.0 2.0
230 77.83203125 56.0 0.45703125 0.0 2.0
231 77.83203125 56.0 0.45703125 0.0 2.0
232 77.83203125 56.0 0.45703125 0.0 2.0
233 77.83203125 56.0 0.45703125 0.0 2.0
234 77.83203125 56.0 0.45703125 0.0 2.0
235 77.83203125 56.0 0.45703125 0.0 2.0
236 77.83203125 56.0 0.45703125 0.0 2.0
237 77.83203125 56.0 0.45703125 0.0 2.0
238 77.83203125 56.0 0.45703125 0.0 2.0
239 77.83203125 56.0 0.45703125 0.0 2.0
240 78.9921875 56.0 0.4453125 0.0 2.0
241 78.9921875 56.0 0.4453125 0.0 2.0
242 78.9921875 56.0 0.4453125 0.0 2.0
243 78.9921875 56.0 0.4453125 0.0 2.0
244 78.9921875 56.0 0.4453125 0.0 2.0
245 79.09765625 56.0 0.43359375 0.0 2.0
246 79.09765625 56.0 0.43359375 0.0 2.0
247 79.09765625 56.0 0.43359375 0.0 2.0
248 79.09765625 56.0 0.43359375 0.0 2.0
249 79.09765625 56.0 0.43359375 0.0 2.0
250 79.09765625 56.0 0.43359375 0.0 2.0
251 79.09765625 56.0 0.43359375 0.0 2.0
252 79.09765625 56.0 0.43359375 0.0 2.0
253 79.09765625 56.0 0.43359375 0.0 2.0
254 79.09765625 56.0 0.43359375 0.0 2.0
255 79.09765625 56.0 0.43359375 0.0 2.0
256 79.09765625 56.0 0.43359375 0.0 2.0
257 79.09765625 56.0 0.43359375 0.0 2.0
258 79.203125 56.0 0.421875 0.0 2.0
259 79.203125 56.0 0.421875 0.0 2.0
260 79.203125 56.0 0.421875 0.0 2.0
261 79.203125 56.0 0.421875 0.0 2.0
262 79.30859375 56.0 0.41015625 0.0 2.0
263 79.30859375 56.0 0.41015625 0.0 2.0
264 79.30859375 56.0 0.41015625 0.0 2.0
265 79.30859375 56.0 0.41015625 0.0 2.0
266 79.30859375 56.0 0.41015625 0.0 2.0
267 79.30859375 56.0 0.41015625 0.0 2.0
268 79.30859375 56.0 0.41015625 0.0 2.0
269 79.4140625 56.0 0.3984375 0.0 2.0
270 79.4140625 56.0 0.3984375 0.0 2.0
271 79.4140625 56.0 0.3984375 0.0 2.0
272 79.4140625 56.0 0.3984375 0.0 2.0
273 79.4140625 56.0 0.3984375 0.0 2.0
274 79.4140625 56.0 0.38671875 0.0 2.0
275 79.4140625 56.0 0.38671875 0.0 2.0
276 79.4140625 56.0 0.38671875 0.0 2.0
277 79.4140625 56.0 0.375 0.0 2.0
278 79.4140625 56.0 0.375 0.0 2.0
279 79.4140625 56.0 0.375 0.0 2.0
280 79.4140625 56.0 0.375 0.0 2.0
281 79.4140625 56.0 0.375 0.0 2.0
282 79.4140625 56.0 0.375 0.0 2.0
283 79.4140625 56.0 0.375 0.0 2.0
284 79.4140625 56.0 0.375 0.0 2.0
285 79.4140625 56.0 0.3515625 0.0 2.0
286 79.4140625 56.0 0.3515625 0.0 2.0
287 79.4140625 56.0 0.3515625 0.0 2.0
288 79.4140625 56.0 0.3515625 0.0 2.0
289 79.4140625 56.0 0.3515625 0.0 2.0
290 79.4140625 56.0 0.3515625 0.0 2.0
291 79.4140625 56.0 0.3515625 0.0 2.0
292 79.4140625 56.0 0.3515625 0.0 2.0
293 79.94140625 56.0 0.33984375 0.0 2.0
294 79.94140625 56.0 0.33984375 0.0 2.0
295 79.94140625 56.0 0.33984375 0.0 2.0
296 79.94140625 56.0 0.33984375 0.0 2.0
297 79.94140625 56.0 0.33984375 0.0 2.0
298 79.94140625 56.0 0.33984375 0.0 2.0
299 79.94140625 56.0 0.328125 0.0 2.0
300 79.94140625 56.0 0.328125 0.0 2.0
301 79.94140625 56.0 0.328125 0.0 2.0
302 79.94140625 56.0 0.328125 0.0 2.0
303 79.94140625 56.0 0.328125 0.0 2.0
304 79.94140625 56.0 0.31640625 0.0 2.0
305 79.94140625 56.0 0.31640625 0.0 2.0
306 79.94140625 56.0 0.31640625 0.0 2.0
307 79.94140625 56.0 0.31640625 0.0 2.0
308 80.15234375 56.0 0.31640625 0.0 2.0
309 80.15234375 56.0 0.31640625 0.0 2.0
310 80.15234375 56.0 0.31640625 0.0 2.0
311 80.15234375 56.0 0.31640625 0.0 2.0
312 80.15234375 56.0 0.31640625 0.0 2.0
313 80.15234375 56.0 0.31640625 0.0 2.0
314 80.15234375 56.0 0.31640625 0.0 2.0
315 80.15234375 56.0 0.31640625 0.0 2.0
316 80.15234375 56.0 0.31640625 0.0 2.0
317 80.15234375 56.0 0.31640625 0.0 2.0
318 80.15234375 56.0 0.31640625 0.0 2.0
319 80.15234375 56.0 0.31640625 0.0 2.0
320 80.15234375 56.0 0.3046875 0.0 2.0
321 80.15234375 56.0 0.3046875 0.0 2.0
322 80.15234375 56.0 0.3046875 0.0 2.0
323 80.15234375 56.0 0.3046875 0.0 2.0
324 80.15234375 56.0 0.29296875 0.0 2.0
325 80.15234375 56.0 0.29296875 0.0 2.0
326 80.15234375 56.0 0.29296875 0.0 2.0
327 80.15234375 56.0 0.29296875 0.0 2.0
328 80.15234375 56.0 0.29296875 0.0 2.0
329 80.15234375 56.0 0.29296875 0.0 2.0
330 80.15234375 56.0 0.29296875 0.0 2.0
331 80.15234375 56.0 0.29296875 0.0 2.0
332 80.15234375 56.0 0.29296875 0.0 2.0
333 80.15234375 56.0 0.29296875 0.0 2.0
334 80.15234375 56.0 0.29296875 0.0 2.0
335 80.15234375 56.0 0.29296875 0.0 2.0
336 80.15234375 56.0 0.28125 0.0 2.0
337 80.15234375 56.0 0.28125 0.0 2.0
338 80.15234375 56.0 0.28125 0.0 2.0
339 80.15234375 56.0 0.26953125 0.0 2.0
340 80.15234375 56.0 0.26953125 0.0 2.0
341 80.15234375 56.0 0.26953125 0.0 2.0
342 80.15234375 56.0 0.26953125 0.0 2.0
343 80.15234375 56.0 0.26953125 0.0 2.0
344 80.15234375 56.0 0.26953125 0.0 2.0
345 80.15234375 56.0 0.26953125 0.0 2.0
346 80.15234375 56.0 0.26953125 0.0 2.0
347 80.15234375 56.0 0.26953125 0.0 2.0
348 80.15234375 56.0 0.26953125 0.0 2.0
349 80.15234375 56.0 0.2578125 0.0 2.0
350 80.15234375 56.0 0.2578125 0.0 2.0
351 80.15234375 56.0 0.2578125 0.0 2.0
352 80.15234375 56.0 0.2578125 0.0 2.0
353 80.15234375 56.0 0.2578125 0.0 2.0
354 80.15234375 56.0 0.2578125 0.0 2.0
355 80.15234375 56.0 0.2578125 0.0 2.0
356 80.890625 56.0 0.234375 0.0 2.0
357 80.890625 56.0 0.234375 0.0 2.0
358 80.890625 56.0 0.22265625 0.0 2.0
359 80.890625 56.0 0.22265625 0.0 2.0
360 81.08984375 56.0 0.2109375 0.0 2.0
361 81.08984375 56.0 0.2109375 0.0 2.0
362 81.08984375 56.0 0.2109375 0.0 2.0
363 81.1015625 56.0 0.2109375 0.0 2.0
364 81.1015625 56.0 0.2109375 0.0 2.0
365 81.1015625 56.0 0.2109375 0.0 2.0
366 81.1015625 56.0 0.2109375 0.0 2.0
367 81.1015625 56.0 0.2109375 0.0 2.0
368 81.1015625 56.0 0.2109375 0.0 2.0
369 81.1015625 56.0 0.2109375 0.0 2.0
370 81.1015625 56.0 0.2109375 0.0 2.0
371 81.1015625 56.0 0.2109375 0.0 2.0
372 81.1015625 56.0 0.2109375 0.0 2.0
373 81.1015625 56.0 0.2109375 0.0 2.0
374 81.1015625 56.0 0.2109375 0.0 2.0
375 81.1015625 56.0 0.2109375 0.0 2.0
376 81.1015625 56.0 0.19921875 0.0 2.0
377 81.1015625 56.0 0.19921875 0.0 2.0
378 81.1015625 56.0 0.19921875 0.0 2.0
379 81.20703125 56.0 0.19921875 0.0 2.0
380 81.20703125 56.0 0.19921875 0.0 2.0
381 81.20703125 56.0 0.19921875 0.0 2.0
382 81.20703125 56.0 0.19921875 0.0 2.0
383 81.20703125 56.0 0.19921875 0.0 2.0
384 81.20703125 56.0 0.19921875 0.0 2.0
385 81.20703125 56.0 0.19921875 0.0 2.0
386 81.20703125 56.0 0.19921875 0.0 2.0
387 81.20703125 56.0 0.19921875 0.0 2.0
388 81.20703125 56.0 0.19921875 0.0 2.0
389 81.20703125 56.0 0.19921875 0.0 2.0
390 81.20703125 56.0 0.19921875 0.0 2.0
391 81.20703125 56.0 0.19921875 0.0 2.0
392 81.20703125 56.0 0.19921875 0.0 2.0
393 81.20703125 56.0 0.19921875 0.0 2.0
394 81.20703125 56.0 0.19921875 0.0 2.0
395 81.20703125 56.0 0.19921875 0.0 2.0
396 81.20703125 56.0 0.19921875 0.0 2.0
397 81.20703125 56.0 0.19921875 0.0 2.0
398 81.20703125 56.0 0.19921875 0.0 2.0
399 81.20703125 56.0 0.19921875 0.0 2.0
400 81.20703125 56.0 0.19921875 0.0 2.0
401 81.20703125 56.0 0.19921875 0.0 2.0
402 81.20703125 56.0 0.19921875 0.0 2.0
403 81.20703125 56.0 0.19921875 0.0 2.0
404 81.20703125 56.0 0.19921875 0.0 2.0
405 81.20703125 56.0 0.19921875 0.0 2.0
406 81.20703125 56.0 0.19921875 0.0 2.0
407 81.20703125 56.0 0.19921875 0.0 2.0
408 81.20703125 56.0 0.1875 0.0 2.0
409 81.3125 56.0 0.1875 0.0 2.0
410 81.3125 56.0 0.1875 0.0 2.0
411 81.3125 56.0 0.1875 0.0 2.0
412 81.3125 56.0 0.1875 0.0 2.0
413 81.3125 56.0 0.1875 0.0 2.0
414 81.3125 56.0 0.1875 0.0 2.0
415 81.3125 56.0 0.1875 0.0 2.0
416 81.41796875 56.0 0.17578125 0.0 2.0
417 81.41796875 56.0 0.17578125 0.0 2.0
418 81.41796875 56.0 0.17578125 0.0 2.0
419 81.41796875 56.0 0.17578125 0.0 2.0
420 81.41796875 56.0 0.17578125 0.0 2.0
421 81.41796875 56.0 0.17578125 0.0 2.0
422 81.41796875 56.0 0.17578125 0.0 2.0
423 81.41796875 56.0 0.17578125 0.0 2.0
424 81.41796875 56.0 0.17578125 0.0 2.0
425 81.41796875 56.0 0.17578125 0.0 2.0
426 81.41796875 56.0 0.17578125 0.0 2.0
427 81.41796875 56.0 0.17578125 0.0 2.0
428 81.41796875 56.0 0.17578125 0.0 2.0
429 81.41796875 56.0 0.17578125 0.0 2.0
430 81.41796875 56.0 0.1640625 0.0 2.0
431 81.41796875 56.0 0.1640625 0.0 2.0
432 81.41796875 56.0 0.1640625 0.0 2.0
433 81.5234375 56.0 0.1640625 0.0 2.0
434 81.5234375 56.0 0.15234375 0.0 2.0
435 81.5234375 56.0 0.15234375 0.0 2.0
436 81.62890625 56.0 0.15234375 0.0 2.0
437 81.62890625 56.0 0.15234375 0.0 2.0
438 81.62890625 56.0 0.15234375 0.0 2.0
439 81.62890625 56.0 0.15234375 0.0 2.0
440 81.62890625 56.0 0.15234375 0.0 2.0
441 81.62890625 56.0 0.15234375 0.0 2.0
442 81.62890625 56.0 0.15234375 0.0 2.0
443 81.62890625 56.0 0.15234375 0.0 2.0
444 81.62890625 56.0 0.15234375 0.0 2.0
445 81.62890625 56.0 0.15234375 0.0 2.0
446 81.62890625 56.0 0.15234375 0.0 2.0
447 81.734375 56.0 0.140625 0.0 2.0
448 81.734375 56.0 0.140625 0.0 2.0
449 81.734375 56.0 0.140625 0.0 2.0
450 81.734375 56.0 0.140625 0.0 2.0
451 81.734375 56.0 0.140625 0.0 2.0
452 81.734375 56.0 0.140625 0.0 2.0
453 81.734375 56.0 0.140625 0.0 2.0
454 81.734375 56.0 0.140625 0.0 2.0
455 81.734375 56.0 0.140625 0.0 2.0
456 81.734375 56.0 0.140625 0.0 2.0
457 81.734375 56.0 0.140625 0.0 2.0
458 81.734375 56.0 0.140625 0.0 2.0
459 81.734375 56.0 0.140625 0.0 2.0
460 81.734375 56.0 0.140625 0.0 2.0
461 81.734375 56.0 0.140625 0.0 2.0
462 81.734375 56.0 0.140625 0.0 2.0
463 81.734375 56.0 0.140625 0.0 2.0
464 81.734375 56.0 0.140625 0.0 2.0
465 81.734375 56.0 0.140625 0.0 2.0
466 81.734375 56.0 0.140625 0.0 2.0
467 81.734375 56.0 0.140625 0.0 2.0
468 81.734375 56.0 0.140625 0.0 2.0
469 81.734375 56.0 0.140625 0.0 2.0
470 81.734375 56.0 0.140625 0.0 2.0
471 81.734375 56.0 0.140625 0.0 2.0
472 81.734375 56.0 0.140625 0.0 2.0
473 81.83984375 56.0 0.12890625 0.0 2.0
474 81.83984375 56.0 0.12890625 0.0 2.0
475 81.83984375 56.0 0.12890625 0.0 2.0
476 81.83984375 56.0 0.12890625 0.0 2.0
477 81.83984375 56.0 0.12890625 0.0 2.0
478 81.83984375 56.0 0.12890625 0.0 2.0
479 81.83984375 56.0 0.12890625 0.0 2.0
480 81.83984375 56.0 0.12890625 0.0 2.0
481 81.83984375 56.0 0.12890625 0.0 2.0
482 81.83984375 56.0 0.12890625 0.0 2.0
483 81.83984375 56.0 0.12890625 0.0 2.0
484 81.83984375 56.0 0.12890625 0.0 2.0
485 81.83984375 56.0 0.12890625 0.0 2.0
486 81.83984375 56.0 0.12890625 0.0 2.0
487 81.83984375 56.0 0.12890625 0.0 2.0
488 81.83984375 56.0 0.12890625 0.0 2.0
489 81.83984375 56.0 0.12890625 0.0 2.0
490 81.83984375 56.0 0.12890625 0.0 2.0
491 81.83984375 56.0 0.12890625 0.0 2.0
492 81.83984375 56.0 0.12890625 0.0 2.0
493 81.83984375 56.0 0.12890625 0.0 2.0
494 81.83984375 56.0 0.12890625 0.0 2.0
495 81.83984375 56.0 0.12890625 0.0 2.0
496 81.83984375 56.0 0.12890625 0.0 2.0
497 81.83984375 56.0 0.12890625 0.0 2.0
498 81.83984375 56.0 0.12890625 0.0 2.0
499 81.83984375 56.0 0.12890625 0.0 2.0
500 81.83984375 56.0 0.12890625 0.0 2.0
501 81.83984375 56.0 0.12890625 0.0 2.0
502 81.83984375 56.0 0.12890625 0.0 2.0
503 81.83984375 56.0 0.12890625 0.0 2.0
504 81.83984375 56.0 0.12890625 0.0 2.0
505 81.83984375 56.0 0.12890625 0.0 2.0
506 81.83984375 56.0 0.12890625 0.0 2.0
507 81.83984375 56.0 0.12890625 0.0 2.0
508 81.83984375 56.0 0.12890625 0.0 2.0
509 81.83984375 56.0 0.12890625 0.0 2.0
510 81.83984375 56.0 0.12890625 0.0 2.0
511 81.83984375 56.0 0.12890625 0.0 2.0
512 81.83984375 56.0 0.12890625 0.0 2.0
513 81.83984375 56.0 0.12890625 0.0 2.0
514 81.83984375 56.0 0.12890625 0.0 2.0
515 81.83984375 56.0 0.12890625 0.0 2.0
516 81.83984375 56.0 0.12890625 0.0 2.0
517 81.83984375 56.0 0.12890625 0.0 2.0
518 81.83984375 56.0 0.12890625 0.0 2.0
519 81.83984375 56.0 0.12890625 0.0 2.0
520 81.83984375 56.0 0.12890625 0.0 2.0
521 81.83984375 56.0 0.12890625 0.0 2.0
522 81.83984375 56.0 0.12890625 0.0 2.0
523 81.83984375 56.0 0.12890625 0.0 2.0
524 81.83984375 56.0 0.12890625 0.0 2.0
525 81.83984375 56.0 0.12890625 0.0 2.0
526 81.83984375 56.0 0.12890625 0.0 2.0
527 81.83984375 56.0 0.12890625 0.0 2.0
528 81.83984375 56.0 0.12890625 0.0 2.0
529 81.9453125 56.0 0.1171875 0.0 2.0
530 81.9453125 56.0 0.1171875 0.0 2.0
531 81.9453125 56.0 0.1171875 0.0 2.0
532 81.9453125 56.0 0.1171875 0.0 2.0
533 81.9453125 56.0 0.1171875 0.0 2.0
534 81.9453125 56.0 0.1171875 0.0 2.0
535 81.9453125 56.0 0.1171875 0.0 2.0
536 81.9453125 56.0 0.1171875 0.0 2.0
537 81.9453125 56.0 0.1171875 0.0 2.0
538 81.9453125 56.0 0.1171875 0.0 2.0
539 81.9453125 56.0 0.1171875 0.0 2.0
540 81.9453125 56.0 0.1171875 0.0 2.0
541 81.9453125 56.0 0.1171875 0.0 2.0
542 81.9453125 56.0 0.1171875 0.0 2.0
543 81.9453125 56.0 0.1171875 0.0 2.0
544 81.9453125 56.0 0.1171875 0.0 2.0
545 81.9453125 56.0 0.1171875 0.0 2.0
546 81.9453125 56.0 0.1171875 0.0 2.0
547 81.9453125 56.0 0.1171875 0.0 2.0
548 81.9453125 56.0 0.1171875 0.0 2.0
549 81.9453125 56.0 0.1171875 0.0 2.0
550 81.9453125 56.0 0.1171875 0.0 2.0
551 81.9453125 56.0 0.1171875 0.0 2.0
552 81.9453125 56.0 0.1171875 0.0 2.0
553 81.9453125 56.0 0.1171875 0.0 2.0
554 81.9453125 56.0 0.1171875 0.0 2.0
555 81.9453125 56.0 0.1171875 0.0 2.0
556 81.9453125 56.0 0.1171875 0.0 2.0
557 81.9453125 56.0 0.1171875 0.0 2.0
558 81.9453125 56.0 0.1171875 0.0 2.0
559 81.9453125 56.0 0.1171875 0.0 2.0
560 81.9453125 56.0 0.1171875 0.0 2.0
561 81.9453125 56.0 0.1171875 0.0 2.0
562 81.9453125 56.0 0.1171875 0.0 2.0
563 81.9453125 56.0 0.1171875 0.0 2.0
564 81.9453125 56.0 0.1171875 0.0 2.0
565 81.9453125 56.0 0.1171875 0.0 2.0
566 81.9453125 56.0 0.1171875 0.0 2.0
567 81.9453125 56.0 0.1171875 0.0 2.0
568 81.9453125 56.0 0.1171875 0.0 2.0
569 81.9453125 56.0 0.1171875 0.0 2.0
570 81.9453125 56.0 0.1171875 0.0 2.0
571 81.9453125 56.0 0.1171875 0.0 2.0
572 81.9453125 56.0 0.1171875 0.0 2.0
573 81.9453125 56.0 0.1171875 0.0 2.0
574 81.9453125 56.0 0.1171875 0.0 2.0
575 81.9453125 56.0 0.1171875 0.0 2.0
576 81.9453125 56.0 0.1171875 0.0 2.0
577 81.9453125 56.0 0.1171875 0.0 2.0
578 81.9453125 56.0 0.1171875 0.0 2.0
579 81.9453125 56.0 0.1171875 0.0 2.0
580 81.9453125 56.0 0.1171875 0.0 2.0
581 81.9453125 56.0 0.1171875 0.0 2.0
582 81.9453125 56.0 0.1171875 0.0 2.0
583 81.9453125 56.0 0.1171875 0.0 2.0
584 81.9453125 56.0 0.1171875 0.0 2.0
585 81.9453125 56.0 0.1171875 0.0 2.0
586 81.9453125 56.0 0.1171875 0.0 2.0
587 81.9453125 56.0 0.1171875 0.0 2.0
588 81.9453125 56.0 0.1171875 0.0 2.0
589 81.9453125 56.0 0.1171875 0.0 2.0
590 81.9453125 56.0 0.1171875 0.0 2.0
591 81.9453125 56.0 0.1171875 0.0 2.0
592 81.9453125 56.0 0.1171875 0.0 2.0
593 81.9453125 56.0 0.1171875 0.0 2.0
594 81.9453125 56.0 0.1171875 0.0 2.0
595 81.9453125 56.0 0.1171875 0.0 2.0
596 81.9453125 56.0 0.1171875 0.0 2.0
597 81.9453125 56.0 0.1171875 0.0 2.0
598 81.9453125 56.0 0.1171875 0.0 2.0
599 81.9453125 56.0 0.1171875 0.0 2.0
600 81.9453125 56.0 0.1171875 0.0 2.0
601 81.9453125 56.0 0.1171875 0.0 2.0
602 81.9453125 56.0 0.1171875 0.0 2.0
603 81.9453125 56.0 0.1171875 0.0 2.0
604 81.9453125 56.0 0.1171875 0.0 2.0
605 81.9453125 56.0 0.1171875 0.0 2.0
606 81.9453125 56.0 0.1171875 0.0 2.0
607 81.9453125 56.0 0.1171875 0.0 2.0
608 81.9453125 56.0 0.1171875 0.0 2.0
609 81.9453125 56.0 0.1171875 0.0 2.0
610 81.9453125 56.0 0.1171875 0.0 2.0
611 81.9453125 56.0 0.1171875 0.0 2.0
612 81.9453125 56.0 0.1171875 0.0 2.0
613 81.9453125 56.0 0.1171875 0.0 2.0
614 81.9453125 56.0 0.1171875 0.0 2.0
615 81.9453125 56.0 0.1171875 0.0 2.0
616 81.9453125 56.0 0.1171875 0.0 2.0
617 81.9453125 56.0 0.1171875 0.0 2.0
618 81.9453125 56.0 0.1171875 0.0 2.0
619 81.9453125 56.0 0.1171875 0.0 2.0
620 81.9453125 56.0 0.1171875 0.0 2.0
621 81.9453125 56.0 0.1171875 0.0 2.0
622 81.9453125 56.0 0.1171875 0.0 2.0
623 81.9453125 56.0 0.1171875 0.0 2.0
624 81.9453125 56.0 0.1171875 0.0 2.0
625 81.9453125 56.0 0.1171875 0.0 2.0
626 81.9453125 56.0 0.1171875 0.0 2.0
627 81.9453125 56.0 0.1171875 0.0 2.0
628 81.9453125 56.0 0.1171875 0.0 2.0
629 81.9453125 56.0 0.1171875 0.0 2.0
630 81.9453125 56.0 0.1171875 0.0 2.0
631 81.9453125 56.0 0.1171875 0.0 2.0
632 81.9453125 56.0 0.1171875 0.0 2.0
633 81.9453125 56.0 0.1171875 0.0 2.0
634 81.9453125 56.0 0.1171875 0.0 2.0
635 81.9453125 56.0 0.1171875 0.0 2.0
636 81.9453125 56.0 0.1171875 0.0 2.0
637 81.9453125 56.0 0.1171875 0.0 2.0
638 81.9453125 56.0 0.1171875 0.0 2.0
639 81.9453125 56.0 0.1171875 0.0 2.0
640 81.9453125 56.0 0.1171875 0.0 2.0
641 81.9453125 56.0 0.1171875 0.0 2.0
642 81.9453125 56.0 0.1171875 0.0 2.0
643 81.9453125 56.0 0.1171875 0.0 2.0
644 81.9453125 56.0 0.1171875 0.0 2.0
645 81.9453125 56.0 0.1171875 0.0 2.0
646 81.9453125 56.0 0.1171875 0.0 2.0
647 81.9453125 56.0 0.1171875 0.0 2.0
648 81.9453125 56.0 0.1171875 0.0 2.0
649 81.9453125 56.0 0.1171875 0.0 2.0
650 81.9453125 56.0 0.1171875 0.0 2.0
651 81.9453125 56.0 0.1171875 0.0 2.0
652 81.9453125 56.0 0.1171875 0.0 2.0
653 81.9453125 56.0 0.1171875 0.0 2.0
654 81.9453125 56.0 0.1171875 0.0 2.0
655 81.9453125 56.0 0.1171875 0.0 2.0
656 81.9453125 56.0 0.1171875 0.0 2.0
657 81.9453125 56.0 0.1171875 0.0 2.0
658 81.9453125 56.0 0.1171875 0.0 2.0
659 81.9453125 56.0 0.1171875 0.0 2.0
660 81.9453125 56.0 0.1171875 0.0 2.0
661 81.9453125 56.0 0.1171875 0.0 2.0
662 81.9453125 56.0 0.1171875 0.0 2.0
663 81.9453125 56.0 0.1171875 0.0 2.0
664 81.9453125 56.0 0.1171875 0.0 2.0
665 81.9453125 56.0 0.1171875 0.0 2.0
666 81.9453125 56.0 0.1171875 0.0 2.0
667 81.9453125 56.0 0.1171875 0.0 2.0
668 81.9453125 56.0 0.1171875 0.0 2.0
669 81.9453125 56.0 0.1171875 0.0 2.0
670 81.9453125 56.0 0.1171875 0.0 2.0
671 81.9453125 56.0 0.1171875 0.0 2.0
672 81.9453125 56.0 0.1171875 0.0 2.0
673 81.9453125 56.0 0.1171875 0.0 2.0
674 81.9453125 56.0 0.1171875 0.0 2.0
675 81.9453125 56.0 0.1171875 0.0 2.0
676 81.9453125 56.0 0.1171875 0.0 2.0
677 81.9453125 56.0 0.1171875 0.0 2.0
678 81.9453125 56.0 0.1171875 0.0 2.0
679 81.9453125 56.0 0.1171875 0.0 2.0
680 81.9453125 56.0 0.1171875 0.0 2.0
681 81.9453125 56.0 0.1171875 0.0 2.0
682 81.9453125 56.0 0.1171875 0.0 2.0
683 81.9453125 56.0 0.1171875 0.0 2.0
684 81.9453125 56.0 0.1171875 0.0 2.0
685 81.9453125 56.0 0.1171875 0.0 2.0
686 81.9453125 56.0 0.1171875 0.0 2.0
687 81.9453125 56.0 0.1171875 0.0 2.0
688 81.9453125 56.0 0.1171875 0.0 2.0
689 81.9453125 56.0 0.1171875 0.0 2.0
690 81.9453125 56.0 0.1171875 0.0 2.0
691 81.9453125 56.0 0.1171875 0.0 2.0
692 81.9453125 56.0 0.1171875 0.0 2.0
693 81.9453125 56.0 0.1171875 0.0 2.0
694 81.9453125 56.0 0.1171875 0.0 2.0
695 81.9453125 56.0 0.1171875 0.0 2.0
696 81.9453125 56.0 0.1171875 0.0 2.0
697 81.9453125 56.0 0.1171875 0.0 2.0
698 81.9453125 56.0 0.1171875 0.0 2.0
699 81.9453125 56.0 0.1171875 0.0 2.0
700 81.9453125 56.0 0.1171875 0.0 2.0
701 81.9453125 56.0 0.1171875 0.0 2.0
702 81.9453125 56.0 0.1171875 0.0 2.0
703 81.9453125 56.0 0.1171875 0.0 2.0
704 81.9453125 56.0 0.1171875 0.0 2.0
705 81.9453125 56.0 0.1171875 0.0 2.0
706 81.9453125 56.0 0.1171875 0.0 2.0
707 81.9453125 56.0 0.1171875 0.0 2.0
708 81.9453125 56.0 0.1171875 0.0 2.0
709 81.9453125 56.0 0.1171875 0.0 2.0
710 81.9453125 56.0 0.1171875 0.0 2.0
711 81.9453125 56.0 0.1171875 0.0 2.0
712 81.9453125 56.0 0.1171875 0.0 2.0
713 81.9453125 56.0 0.1171875 0.0 2.0
714 81.9453125 56.0 0.1171875 0.0 2.0
715 81.9453125 56.0 0.1171875 0.0 2.0
716 81.9453125 56.0 0.1171875 0.0 2.0
717 81.9453125 56.0 0.1171875 0.0 2.0
718 81.9453125 56.0 0.1171875 0.0 2.0
719 81.9453125 56.0 0.1171875 0.0 2.0
720 81.9453125 56.0 0.1171875 0.0 2.0
721 81.9453125 56.0 0.1171875 0.0 2.0
722 81.9453125 56.0 0.1171875 0.0 2.0
723 81.9453125 56.0 0.1171875 0.0 2.0
724 81.9453125 56.0 0.1171875 0.0 2.0
725 81.9453125 56.0 0.1171875 0.0 2.0
726 81.9453125 56.0 0.1171875 0.0 2.0
727 81.9453125 56.0 0.1171875 0.0 2.0
728 81.9453125 56.0 0.1171875 0.0 2.0
729 81.9453125 56.0 0.1171875 0.0 2.0
730 81.9453125 56.0 0.1171875 0.0 2.0
731 81.9453125 56.0 0.1171875 0.0 2.0
732 81.9453125 56.0 0.1171875 0.0 2.0
733 81.9453125 56.0 0.1171875 0.0 2.0
734 81.9453125 56.0 0.1171875 0.0 2.0
735 81.9453125 56.0 0.1171875 0.0 2.0
736 81.9453125 56.0 0.1171875 0.0 2.0
737 81.9453125 56.0 0.1171875 0.0 2.0
738 81.9453125 56.0 0.1171875 0.0 2.0
739 81.9453125 56.0 0.1171875 0.0 2.0
740 81.9453125 56.0 0.1171875 0.0 2.0
741 81.9453125 56.0 0.1171875 0.0 2.0
742 81.9453125 56.0 0.1171875 0.0 2.0
743 81.9453125 56.0 0.1171875 0.0 2.0
744 81.9453125 56.0 0.1171875 0.0 2.0
745 81.9453125 56.0 0.1171875 0.0 2.0
746 81.9453125 56.0 0.1171875 0.0 2.0
747 81.9453125 56.0 0.1171875 0.0 2.0
748 81.9453125 56.0 0.1171875 0.0 2.0
749 81.9453125 56.0 0.1171875 0.0 2.0
750 81.9453125 56.0 0.1171875 0.0 2.0
751 81.9453125 56.0 0.1171875 0.0 2.0
752 81.9453125 56.0 0.1171875 0.0 2.0
753 81.9453125 56.0 0.1171875 0.0 2.0
754 81.9453125 56.0 0.1171875 0.0 2.0
755 81.9453125 56.0 0.1171875 0.0 2.0
756 81.9453125 56.0 0.1171875 0.0 2.0
757 81.9453125 56.0 0.1171875 0.0 2.0
758 81.9453125 56.0 0.1171875 0.0 2.0
759 81.9453125 56.0 0.1171875 0.0 2.0
760 81.9453125 56.0 0.1171875 0.0 2.0
761 81.9453125 56.0 0.1171875 0.0 2.0
762 81.9453125 56.0 0.1171875 0.0 2.0
763 81.9453125 56.0 0.1171875 0.0 2.0
764 81.9453125 56.0 0.1171875 0.0 2.0
765 81.9453125 56.0 0.1171875 0.0 2.0
766 81.9453125 56.0 0.1171875 0.0 2.0
767 81.9453125 56.0 0.1171875 0.0 2.0
768 81.9453125 56.0 0.1171875 0.0 2.0
769 81.9453125 56.0 0.1171875 0.0 2.0
770 81.9453125 56.0 0.1171875 0.0 2.0
771 81.9453125 56.0 0.1171875 0.0 2.0
772 81.9453125 56.0 0.1171875 0.0 2.0
773 81.9453125 56.0 0.1171875 0.0 2.0
774 81.9453125 56.0 0.1171875 0.0 2.0
775 81.9453125 56.0 0.1171875 0.0 2.0
776 81.9453125 56.0 0.1171875 0.0 2.0
777 81.9453125 56.0 0.1171875 0.0 2.0
778 81.9453125 56.0 0.1171875 0.0 2.0
779 81.9453125 56.0 0.1171875 0.0 2.0
780 81.9453125 56.0 0.1171875 0.0 2.0
781 81.9453125 56.0 0.1171875 0.0 2.0
782 81.9453125 56.0 0.1171875 0.0 2.0
783 81.9453125 56.0 0.1171875 0.0 2.0
784 81.9453125 56.0 0.1171875 0.0 2.0
785 81.9453125 56.0 0.1171875 0.0 2.0
786 81.9453125 56.0 0.1171875 0.0 2.0
787 81.9453125 56.0 0.1171875 0.0 2.0
788 81.9453125 56.0 0.1171875 0.0 2.0
789 81.9453125 56.0 0.1171875 0.0 2.0
790 81.9453125 56.0 0.1171875 0.0 2.0
791 81.9453125 56.0 0.1171875 0.0 2.0
792 81.9453125 56.0 0.1171875 0.0 2.0
793 81.9453125 56.0 0.1171875 0.0 2.0
794 81.9453125 56.0 0.1171875 0.0 2.0
795 81.9453125 56.0 0.1171875 0.0 2.0
796 81.9453125 56.0 0.1171875 0.0 2.0
797 81.9453125 56.0 0.1171875 0.0 2.0
798 81.9453125 56.0 0.1171875 0.0 2.0
799 81.9453125 56.0 0.1171875 0.0 2.0
800 81.9453125 56.0 0.1171875 0.0 2.0
801 82.05078125 56.0 0.10546875 0.0 2.0
802 82.05078125 56.0 0.10546875 0.0 2.0
803 82.05078125 56.0 0.10546875 0.0 2.0
804 82.05078125 56.0 0.10546875 0.0 2.0
805 82.05078125 56.0 0.10546875 0.0 2.0
806 82.05078125 56.0 0.10546875 0.0 2.0
807 82.05078125 56.0 0.10546875 0.0 2.0
808 82.05078125 56.0 0.10546875 0.0 2.0
809 82.05078125 56.0 0.10546875 0.0 2.0
810 82.05078125 56.0 0.10546875 0.0 2.0
811 82.05078125 56.0 0.10546875 0.0 2.0
812 82.05078125 56.0 0.10546875 0.0 2.0
813 82.05078125 56.0 0.10546875 0.0 2.0
814 82.05078125 56.0 0.10546875 0.0 2.0
815 82.05078125 56.0 0.10546875 0.0 2.0
816 82.05078125 56.0 0.10546875 0.0 2.0
817 82.05078125 56.0 0.10546875 0.0 2.0
818 82.05078125 56.0 0.10546875 0.0 2.0
819 82.05078125 56.0 0.09375 0.0 2.0
820 82.05078125 56.0 0.09375 0.0 2.0
821 82.05078125 56.0 0.09375 0.0 2.0
822 82.05078125 56.0 0.09375 0.0 2.0
823 82.05078125 56.0 0.09375 0.0 2.0
824 82.05078125 56.0 0.0703125 0.0 2.0
825 82.05078125 56.0 0.0703125 0.0 2.0
826 82.3671875 56.0 0.0703125 0.0 2.0
827 82.3671875 56.0 0.0703125 0.0 2.0
828 82.3671875 56.0 0.0703125 0.0 2.0
829 82.3671875 56.0 0.0703125 0.0 2.0
830 82.3671875 56.0 0.0703125 0.0 2.0
831 82.3671875 56.0 0.0703125 0.0 2.0
832 82.3671875 56.0 0.0703125 0.0 2.0
833 82.3671875 56.0 0.0703125 0.0 2.0
834 82.3671875 56.0 0.0703125 0.0 2.0
835 82.3671875 56.0 0.0703125 0.0 2.0
836 82.3671875 56.0 0.0703125 0.0 2.0
837 82.3671875 56.0 0.0703125 0.0 2.0
838 82.3671875 56.0 0.0703125 0.0 2.0
839 82.3671875 56.0 0.0703125 0.0 2.0
840 82.3671875 56.0 0.0703125 0.0 2.0
841 82.3671875 56.0 0.0703125 0.0 2.0
842 82.3671875 56.0 0.0703125 0.0 2.0
843 82.3671875 56.0 0.0703125 0.0 2.0
844 82.3671875 56.0 0.0703125 0.0 2.0
845 82.3671875 56.0 0.0703125 0.0 2.0
846 82.3671875 56.0 0.0703125 0.0 2.0
847 82.3671875 56.0 0.0703125 0.0 2.0
848 82.3671875 56.0 0.0703125 0.0 2.0
849 82.3671875 56.0 0.0703125 0.0 2.0
850 82.3671875 56.0 0.0703125 0.0 2.0
851 82.3671875 56.0 0.0703125 0.0 2.0
852 82.3671875 56.0 0.0703125 0.0 2.0
853 82.3671875 56.0 0.0703125 0.0 2.0
854 82.3671875 56.0 0.05859375 0.0 2.0
855 82.3671875 56.0 0.05859375 0.0 2.0
856 82.3671875 56.0 0.05859375 0.0 2.0
857 82.3671875 56.0 0.05859375 0.0 2.0
858 82.3671875 56.0 0.05859375 0.0 2.0
859 82.3671875 56.0 0.05859375 0.0 2.0
860 82.3671875 56.0 0.046875 0.0 2.0
861 82.3671875 56.0 0.046875 0.0 2.0
862 82.3671875 56.0 0.046875 0.0 2.0
863 82.3671875 56.0 0.046875 0.0 2.0
864 82.578125 56.0 0.046875 0.0 2.0
865 82.578125 56.0 0.046875 0.0 2.0
866 82.578125 56.0 0.046875 0.0 2.0
867 82.578125 56.0 0.046875 0.0 2.0
868 82.578125 56.0 0.046875 0.0 2.0
869 82.578125 56.0 0.046875 0.0 2.0
870 82.578125 56.0 0.046875 0.0 2.0
871 82.578125 56.0 0.046875 0.0 2.0
872 82.578125 56.0 0.046875 0.0 2.0
873 82.578125 56.0 0.046875 0.0 2.0
874 82.578125 56.0 0.046875 0.0 2.0
875 82.578125 56.0 0.03515625 0.0 2.0
876 82.578125 56.0 0.03515625 0.0 2.0
877 82.578125 56.0 0.03515625 0.0 2.0
878 82.578125 56.0 0.03515625 0.0 2.0
879 82.7890625 56.0 0.0234375 0.0 2.0
880 82.7890625 56.0 0.0234375 0.0 2.0
881 82.7890625 56.0 0.0234375 0.0 2.0
882 82.7890625 56.0 0.0234375 0.0 2.0
883 82.7890625 56.0 0.0234375 0.0 2.0
884 82.7890625 56.0 0.0234375 0.0 2.0
885 82.7890625 56.0 0.0234375 0.0 2.0
886 82.7890625 56.0 0.0234375 0.0 2.0
887 82.7890625 56.0 0.0234375 0.0 2.0
888 82.7890625 56.0 0.0234375 0.0 2.0
889 82.7890625 56.0 0.0234375 0.0 2.0
890 82.7890625 56.0 0.0234375 0.0 2.0
891 82.7890625 56.0 0.0234375 0.0 2.0
892 82.7890625 56.0 0.0234375 0.0 2.0
893 82.7890625 56.0 0.0234375 0.0 2.0
894 82.7890625 56.0 0.0234375 0.0 2.0
895 82.7890625 56.0 0.0234375 0.0 2.0
896 82.7890625 56.0 0.0234375 0.0 2.0
897 82.7890625 56.0 0.0234375 0.0 2.0
898 82.7890625 56.0 0.0234375 0.0 2.0
899 82.7890625 56.0 0.0234375 0.0 2.0
900 82.7890625 56.0 0.0234375 0.0 2.0
901 82.7890625 56.0 0.0234375 0.0 2.0
902 82.7890625 56.0 0.0234375 0.0 2.0
903 82.7890625 56.0 0.0234375 0.0 2.0
904 82.7890625 56.0 0.0234375 0.0 2.0
905 82.7890625 56.0 0.0234375 0.0 2.0
906 82.7890625 56.0 0.0234375 0.0 2.0
907 82.7890625 56.0 0.0234375 0.0 2.0
908 82.7890625 56.0 0.0234375 0.0 2.0
909 82.7890625 56.0 0.0234375 0.0 2.0
910 82.7890625 56.0 0.0234375 0.0 2.0
911 82.7890625 56.0 0.0234375 0.0 2.0
912 82.7890625 56.0 0.0234375 0.0 2.0
913 82.7890625 56.0 0.0234375 0.0 2.0
914 82.7890625 56.0 0.0234375 0.0 2.0
915 82.7890625 56.0 0.0234375 0.0 2.0
916 82.7890625 56.0 0.0234375 0.0 2.0
917 82.7890625 56.0 0.0234375 0.0 2.0
918 82.7890625 56.0 0.0234375 0.0 2.0
919 82.7890625 56.0 0.0234375 0.0 2.0
920 82.7890625 56.0 0.0234375 0.0 2.0
921 82.7890625 56.0 0.0234375 0.0 2.0
922 82.7890625 56.0 0.0234375 0.0 2.0
923 82.7890625 56.0 0.0234375 0.0 2.0
924 82.7890625 56.0 0.0234375 0.0 2.0
925 82.7890625 56.0 0.0234375 0.0 2.0
926 82.7890625 56.0 0.0234375 0.0 2.0
927 82.7890625 56.0 0.0234375 0.0 2.0
928 82.7890625 56.0 0.0234375 0.0 2.0
929 82.7890625 56.0 0.0234375 0.0 2.0
930 82.7890625 56.0 0.0234375 0.0 2.0
931 82.7890625 56.0 0.0234375 0.0 2.0
932 82.7890625 56.0 0.0234375 0.0 2.0
933 82.7890625 56.0 0.0234375 0.0 2.0
934 82.7890625 56.0 0.0234375 0.0 2.0
935 82.7890625 56.0 0.0234375 0.0 2.0
936 82.7890625 56.0 0.0234375 0.0 2.0
937 82.7890625 56.0 0.0234375 0.0 2.0
938 82.7890625 56.0 0.0234375 0.0 2.0
939 82.7890625 56.0 0.0234375 0.0 2.0
940 82.7890625 56.0 0.0234375 0.0 2.0
941 82.7890625 56.0 0.0234375 0.0 2.0
942 82.7890625 56.0 0.0234375 0.0 2.0
943 82.7890625 56.0 0.0234375 0.0 2.0
944 82.7890625 56.0 0.0234375 0.0 2.0
945 82.7890625 56.0 0.0234375 0.0 2.0
946 82.7890625 56.0 0.0234375 0.0 2.0
947 82.7890625 56.0 0.0234375 0.0 2.0
948 82.7890625 56.0 0.0234375 0.0 2.0
949 82.7890625 56.0 0.0234375 0.0 2.0
950 82.7890625 56.0 0.0234375 0.0 2.0
951 82.7890625 56.0 0.0234375 0.0 2.0
952 82.7890625 56.0 0.0234375 0.0 2.0
953 82.7890625 56.0 0.0234375 0.0 2.0
954 82.7890625 56.0 0.0234375 0.0 2.0
955 82.7890625 56.0 0.0234375 0.0 2.0
956 82.7890625 56.0 0.0234375 0.0 2.0
957 82.7890625 56.0 0.0234375 0.0 2.0
958 82.7890625 56.0 0.0234375 0.0 2.0
959 82.7890625 56.0 0.0234375 0.0 2.0
960 82.7890625 56.0 0.0234375 0.0 2.0
961 82.7890625 56.0 0.0234375 0.0 2.0
962 82.7890625 56.0 0.0234375 0.0 2.0
963 82.7890625 56.0 0.0234375 0.0 2.0
964 82.7890625 56.0 0.0234375 0.0 2.0
965 82.7890625 56.0 0.0234375 0.0 2.0
966 82.7890625 56.0 0.0234375 0.0 2.0
967 82.7890625 56.0 0.0234375 0.0 2.0
968 82.7890625 56.0 0.0234375 0.0 2.0
969 82.7890625 56.0 0.0234375 0.0 2.0
970 82.7890625 56.0 0.0234375 0.0 2.0
971 82.7890625 56.0 0.0234375 0.0 2.0
972 82.7890625 56.0 0.0234375 0.0 2.0
973 82.7890625 56.0 0.0234375 0.0 2.0
974 82.7890625 56.0 0.0234375 0.0 2.0
975 82.7890625 56.0 0.0234375 0.0 2.0
976 82.7890625 56.0 0.0234375 0.0 2.0
977 82.7890625 56.0 0.0234375 0.0 2.0
978 82.7890625 56.0 0.0234375 0.0 2.0
979 82.7890625 56.0 0.0234375 0.0 2.0
980 82.7890625 56.0 0.0234375 0.0 2.0
981 82.7890625 56.0 0.0234375 0.0 2.0
982 82.7890625 56.0 0.0234375 0.0 2.0
983 82.7890625 56.0 0.0234375 0.0 2.0
984 82.7890625 56.0 0.0234375 0.0 2.0
985 82.7890625 56.0 0.0234375 0.0 2.0
986 82.7890625 56.0 0.0234375 0.0 2.0
987 82.7890625 56.0 0.0234375 0.0 2.0
988 82.7890625 56.0 0.0234375 0.0 2.0
989 82.7890625 56.0 0.0234375 0.0 2.0
990 82.7890625 56.0 0.0234375 0.0 2.0
991 82.7890625 56.0 0.0234375 0.0 2.0
992 82.7890625 56.0 0.0234375 0.0 2.0
993 82.7890625 56.0 0.0234375 0.0 2.0
994 82.7890625 56.0 0.0234375 0.0 2.0
995 82.7890625 56.0 0.0234375 0.0 2.0
996 82.7890625 56.0 0.0234375 0.0 2.0
997 82.7890625 56.0 0.0234375 0.0 2.0
998 82.7890625 56.0 0.0234375 0.0 2.0
999 82.7890625 56.0 0.0234375 0.0 2.0
1000 82.7890625 56.0 0.0234375 0.0 2.0
