gen HV HVnoDiscount fitness_notKilledMutants notKilledNonEqMutants fitness_testSuiteSize
1 69.0 69.0 0.0 0.0 4.0
2 69.0 69.0 0.0 0.0 4.0
3 69.0 69.0 0.0 0.0 4.0
4 69.0 69.0 0.0 0.0 4.0
5 69.0 69.0 0.0 0.0 4.0
6 69.0 69.0 0.0 0.0 4.0
7 69.0 69.0 0.0 0.0 4.0
8 69.0 69.0 0.0 0.0 4.0
9 69.0 69.0 0.0 0.0 4.0
10 69.0 69.0 0.0 0.0 4.0
11 69.0 69.0 0.0 0.0 4.0
12 69.0 69.0 0.0 0.0 4.0
13 69.0 69.0 0.0 0.0 4.0
14 69.0 69.0 0.0 0.0 4.0
15 69.0 69.0 0.0 0.0 4.0
16 69.0 69.0 0.0 0.0 4.0
17 69.0 69.0 0.0 0.0 4.0
18 69.0 69.0 0.0 0.0 4.0
19 69.0 69.0 0.0 0.0 4.0
20 69.0 69.0 0.0 0.0 4.0
21 69.0 69.0 0.0 0.0 4.0
22 69.0 69.0 0.0 0.0 4.0
23 69.0 69.0 0.0 0.0 4.0
24 69.0 69.0 0.0 0.0 4.0
25 69.0 69.0 0.0 0.0 4.0
26 69.0 69.0 0.0 0.0 4.0
27 69.0 69.0 0.0 0.0 4.0
28 69.0 69.0 0.0 0.0 4.0
29 69.0 69.0 0.0 0.0 4.0
30 69.0 69.0 0.0 0.0 4.0
31 69.0 69.0 0.0 0.0 4.0
32 69.0 69.0 0.0 0.0 4.0
33 69.0 69.0 0.0 0.0 4.0
34 69.0 69.0 0.0 0.0 4.0
35 69.0 69.0 0.0 0.0 4.0
36 69.0 69.0 0.0 0.0 4.0
37 69.0 69.0 0.0 0.0 4.0
38 69.0 69.0 0.0 0.0 4.0
39 69.0 69.0 0.0 0.0 4.0
40 69.0 69.0 0.0 0.0 4.0
41 69.0 69.0 0.0 0.0 4.0
42 69.0 69.0 0.0 0.0 4.0
43 69.0 69.0 0.0 0.0 4.0
44 69.0 69.0 0.0 0.0 4.0
45 69.0 69.0 0.0 0.0 4.0
46 69.0 69.0 0.0 0.0 4.0
47 69.0 69.0 0.0 0.0 4.0
48 70.0 70.0 0.0 0.0 3.0
49 70.0 70.0 0.0 0.0 3.0
50 78.0 78.0 0.0 0.0 3.0
51 78.0 78.0 0.0 0.0 3.0
52 78.0 78.0 0.0 0.0 3.0
53 78.0 78.0 0.0 0.0 3.0
54 78.0 78.0 0.0 0.0 3.0
55 78.0 78.0 0.0 0.0 3.0
56 78.0 78.0 0.0 0.0 3.0
57 78.0 78.0 0.0 0.0 3.0
58 78.0 78.0 0.0 0.0 3.0
59 78.0 78.0 0.0 0.0 3.0
60 78.0 78.0 0.0 0.0 3.0
61 78.0 78.0 0.0 0.0 3.0
62 78.0 78.0 0.0 0.0 3.0
63 78.0 78.0 0.0 0.0 3.0
64 78.0 78.0 0.0 0.0 3.0
65 78.0 78.0 0.0 0.0 3.0
66 78.0 78.0 0.0 0.0 3.0
67 78.0 78.0 0.0 0.0 3.0
68 78.0 78.0 0.0 0.0 3.0
69 78.0 78.0 0.0 0.0 3.0
70 78.0 78.0 0.0 0.0 3.0
71 78.0 78.0 0.0 0.0 3.0
72 78.0 78.0 0.0 0.0 3.0
73 78.0 78.0 0.0 0.0 3.0
74 78.0 78.0 0.0 0.0 3.0
75 78.0 78.0 0.0 0.0 3.0
76 78.0 78.0 0.0 0.0 3.0
77 78.0 78.0 0.0 0.0 3.0
78 78.0 78.0 0.0 0.0 3.0
79 78.0 78.0 0.0 0.0 3.0
80 78.0 78.0 0.0 0.0 3.0
81 78.0 78.0 0.0 0.0 3.0
82 78.0 78.0 0.0 0.0 3.0
83 78.0 78.0 0.0 0.0 3.0
84 78.0 78.0 0.0 0.0 3.0
85 78.0 78.0 0.0 0.0 3.0
86 78.0 78.0 0.0 0.0 3.0
87 78.0 78.0 0.0 0.0 3.0
88 78.0 78.0 0.0 0.0 3.0
89 78.0 78.0 0.0 0.0 3.0
90 78.0 78.0 0.0 0.0 3.0
91 78.0 78.0 0.0 0.0 3.0
92 78.0 78.0 0.0 0.0 3.0
93 78.0 78.0 0.0 0.0 3.0
94 78.0 78.0 0.0 0.0 3.0
95 78.0 78.0 0.0 0.0 3.0
96 78.0 78.0 0.0 0.0 3.0
97 78.0 78.0 0.0 0.0 3.0
98 78.0 78.0 0.0 0.0 3.0
99 78.0 78.0 0.0 0.0 3.0
100 78.0 78.0 0.0 0.0 3.0
101 78.0 78.0 0.0 0.0 3.0
102 78.0 78.0 0.0 0.0 3.0
103 78.0 78.0 0.0 0.0 3.0
104 78.0 78.0 0.0 0.0 3.0
105 78.0 78.0 0.0 0.0 3.0
106 78.0 78.0 0.0 0.0 3.0
107 78.0 78.0 0.0 0.0 3.0
108 78.0 78.0 0.0 0.0 3.0
109 78.0 78.0 0.0 0.0 3.0
110 78.0 78.0 0.0 0.0 3.0
111 78.0 78.0 0.0 0.0 3.0
112 78.0 78.0 0.0 0.0 3.0
113 78.0 78.0 0.0 0.0 3.0
114 78.0 78.0 0.0 0.0 3.0
115 78.0 78.0 0.0 0.0 3.0
116 78.0 78.0 0.0 0.0 3.0
117 78.0 78.0 0.0 0.0 3.0
118 78.0 78.0 0.0 0.0 3.0
119 78.0 78.0 0.0 0.0 3.0
120 78.0 78.0 0.0 0.0 3.0
121 78.0 78.0 0.0 0.0 3.0
122 78.0 78.0 0.0 0.0 3.0
123 78.0 78.0 0.0 0.0 3.0
124 78.0 78.0 0.0 0.0 3.0
125 78.0 78.0 0.0 0.0 3.0
126 78.0 78.0 0.0 0.0 3.0
127 78.0 78.0 0.0 0.0 3.0
128 78.0 78.0 0.0 0.0 3.0
129 78.0 78.0 0.0 0.0 3.0
130 78.0 78.0 0.0 0.0 3.0
131 78.0 78.0 0.0 0.0 3.0
132 78.0 78.0 0.0 0.0 3.0
133 78.0 78.0 0.0 0.0 3.0
134 78.0 78.0 0.0 0.0 3.0
135 78.0 78.0 0.0 0.0 3.0
136 78.0 78.0 0.0 0.0 3.0
137 78.0 78.0 0.0 0.0 3.0
138 78.0 78.0 0.0 0.0 3.0
139 78.0 78.0 0.0 0.0 3.0
140 78.0 78.0 0.0 0.0 3.0
141 78.0 78.0 0.0 0.0 3.0
142 78.0 78.0 0.0 0.0 3.0
143 78.0 78.0 0.0 0.0 3.0
144 78.0 78.0 0.0 0.0 3.0
145 78.0 78.0 0.0 0.0 3.0
146 78.0 78.0 0.0 0.0 3.0
147 78.0 78.0 0.0 0.0 3.0
148 78.0 78.0 0.0 0.0 3.0
149 78.0 78.0 0.0 0.0 3.0
150 78.0 78.0 0.0 0.0 3.0
151 78.0 78.0 0.0 0.0 3.0
152 78.0 78.0 0.0 0.0 3.0
153 78.0 78.0 0.0 0.0 3.0
154 78.0 78.0 0.0 0.0 3.0
155 78.0 78.0 0.0 0.0 3.0
156 78.0 78.0 0.0 0.0 3.0
157 78.0 78.0 0.0 0.0 3.0
158 78.0 78.0 0.0 0.0 3.0
159 78.0 78.0 0.0 0.0 3.0
160 78.0 78.0 0.0 0.0 3.0
161 78.0 78.0 0.0 0.0 3.0
162 78.0 78.0 0.0 0.0 3.0
163 78.0 78.0 0.0 0.0 3.0
164 78.0 78.0 0.0 0.0 3.0
165 78.0 78.0 0.0 0.0 3.0
166 78.0 78.0 0.0 0.0 3.0
167 78.0 78.0 0.0 0.0 3.0
168 78.0 78.0 0.0 0.0 3.0
169 78.0 78.0 0.0 0.0 3.0
170 78.0 78.0 0.0 0.0 3.0
171 78.0 78.0 0.0 0.0 3.0
172 78.0 78.0 0.0 0.0 3.0
173 78.0 78.0 0.0 0.0 3.0
174 78.0 78.0 0.0 0.0 3.0
175 78.0 78.0 0.0 0.0 3.0
176 78.0 78.0 0.0 0.0 3.0
177 78.0 78.0 0.0 0.0 3.0
178 78.0 78.0 0.0 0.0 3.0
179 78.0 78.0 0.0 0.0 3.0
180 78.0 78.0 0.0 0.0 3.0
181 78.0 78.0 0.0 0.0 3.0
182 78.0 78.0 0.0 0.0 3.0
183 78.0 78.0 0.0 0.0 3.0
184 78.0 78.0 0.0 0.0 3.0
185 78.0 78.0 0.0 0.0 3.0
186 78.0 78.0 0.0 0.0 3.0
187 78.0 78.0 0.0 0.0 3.0
188 78.0 78.0 0.0 0.0 3.0
189 78.0 78.0 0.0 0.0 3.0
190 78.0 78.0 0.0 0.0 3.0
191 78.0 78.0 0.0 0.0 3.0
192 78.0 78.0 0.0 0.0 3.0
193 79.0 79.0 0.0 0.0 3.0
194 79.0 79.0 0.0 0.0 3.0
195 79.0 79.0 0.0 0.0 3.0
196 79.0 79.0 0.0 0.0 3.0
197 79.0 79.0 0.0 0.0 3.0
198 79.0 79.0 0.0 0.0 3.0
199 79.0 79.0 0.0 0.0 3.0
200 79.0 79.0 0.0 0.0 3.0
201 79.0 79.0 0.0 0.0 3.0
202 79.0 79.0 0.0 0.0 3.0
203 79.0 79.0 0.0 0.0 3.0
204 79.0 79.0 0.0 0.0 3.0
205 79.0 79.0 0.0 0.0 3.0
206 79.0 79.0 0.0 0.0 3.0
207 79.0 79.0 0.0 0.0 3.0
208 79.0 79.0 0.0 0.0 3.0
209 79.0 79.0 0.0 0.0 3.0
210 79.0 79.0 0.0 0.0 3.0
211 79.0 79.0 0.0 0.0 3.0
212 79.0 79.0 0.0 0.0 3.0
213 79.0 79.0 0.0 0.0 3.0
214 79.0 79.0 0.0 0.0 3.0
215 79.0 79.0 0.0 0.0 3.0
216 79.0 79.0 0.0 0.0 3.0
217 79.0 79.0 0.0 0.0 3.0
218 79.0 79.0 0.0 0.0 3.0
219 79.0 79.0 0.0 0.0 3.0
220 79.0 79.0 0.0 0.0 3.0
221 79.0 79.0 0.0 0.0 3.0
222 79.0 79.0 0.0 0.0 3.0
223 79.0 79.0 0.0 0.0 3.0
224 79.0 79.0 0.0 0.0 3.0
225 79.0 79.0 0.0 0.0 3.0
226 79.0 79.0 0.0 0.0 3.0
227 79.0 79.0 0.0 0.0 3.0
228 79.0 79.0 0.0 0.0 3.0
229 79.0 79.0 0.0 0.0 3.0
230 79.0 79.0 0.0 0.0 3.0
231 79.0 79.0 0.0 0.0 3.0
232 79.0 79.0 0.0 0.0 3.0
233 79.0 79.0 0.0 0.0 3.0
234 79.0 79.0 0.0 0.0 3.0
235 79.0 79.0 0.0 0.0 3.0
236 79.0 79.0 0.0 0.0 3.0
237 79.0 79.0 0.0 0.0 3.0
238 79.0 79.0 0.0 0.0 3.0
239 79.0 79.0 0.0 0.0 3.0
240 79.0 79.0 0.0 0.0 3.0
241 79.0 79.0 0.0 0.0 3.0
242 79.0 79.0 0.0 0.0 3.0
243 79.0 79.0 0.0 0.0 3.0
244 79.0 79.0 0.0 0.0 3.0
245 79.0 79.0 0.0 0.0 3.0
246 79.0 79.0 0.0 0.0 3.0
247 79.0 79.0 0.0 0.0 3.0
248 79.0 79.0 0.0 0.0 3.0
249 79.0 79.0 0.0 0.0 3.0
250 79.0 79.0 0.0 0.0 3.0
251 79.0 79.0 0.0 0.0 3.0
252 79.0 79.0 0.0 0.0 3.0
253 79.0 79.0 0.0 0.0 3.0
254 79.0 79.0 0.0 0.0 3.0
255 79.0 79.0 0.0 0.0 3.0
256 79.0 79.0 0.0 0.0 3.0
257 79.0 79.0 0.0 0.0 3.0
258 79.0 79.0 0.0 0.0 3.0
259 79.0 79.0 0.0 0.0 3.0
260 79.0 79.0 0.0 0.0 3.0
261 79.0 79.0 0.0 0.0 3.0
262 79.0 79.0 0.0 0.0 3.0
263 79.0 79.0 0.0 0.0 3.0
264 79.0 79.0 0.0 0.0 3.0
265 79.0 79.0 0.0 0.0 3.0
266 79.0 79.0 0.0 0.0 3.0
267 79.0 79.0 0.0 0.0 3.0
268 79.0 79.0 0.0 0.0 3.0
269 79.0 79.0 0.0 0.0 3.0
270 79.0 79.0 0.0 0.0 3.0
271 79.0 79.0 0.0 0.0 3.0
272 79.0 79.0 0.0 0.0 3.0
273 79.0 79.0 0.0 0.0 3.0
274 79.0 79.0 0.0 0.0 3.0
275 79.0 79.0 0.0 0.0 3.0
276 79.0 79.0 0.0 0.0 3.0
277 79.0 79.0 0.0 0.0 3.0
278 79.0 79.0 0.0 0.0 3.0
279 79.0 79.0 0.0 0.0 3.0
280 79.0 79.0 0.0 0.0 3.0
281 79.0 79.0 0.0 0.0 3.0
282 79.0 79.0 0.0 0.0 3.0
283 79.0 79.0 0.0 0.0 3.0
284 79.0 79.0 0.0 0.0 3.0
285 79.0 79.0 0.0 0.0 3.0
286 79.0 79.0 0.0 0.0 3.0
287 79.0 79.0 0.0 0.0 3.0
288 79.0 79.0 0.0 0.0 3.0
289 79.0 79.0 0.0 0.0 3.0
290 79.0 79.0 0.0 0.0 3.0
291 79.0 79.0 0.0 0.0 3.0
292 79.0 79.0 0.0 0.0 3.0
293 79.0 79.0 0.0 0.0 3.0
294 79.0 79.0 0.0 0.0 3.0
295 79.0 79.0 0.0 0.0 3.0
296 79.0 79.0 0.0 0.0 3.0
297 79.0 79.0 0.0 0.0 3.0
298 79.0 79.0 0.0 0.0 3.0
299 79.0 79.0 0.0 0.0 3.0
300 79.0 79.0 0.0 0.0 3.0
301 79.0 79.0 0.0 0.0 3.0
302 79.0 79.0 0.0 0.0 3.0
303 79.0 79.0 0.0 0.0 3.0
304 79.0 79.0 0.0 0.0 3.0
305 79.0 79.0 0.0 0.0 3.0
306 79.0 79.0 0.0 0.0 3.0
307 79.0 79.0 0.0 0.0 3.0
308 79.0 79.0 0.0 0.0 3.0
309 79.0 79.0 0.0 0.0 3.0
310 79.0 79.0 0.0 0.0 3.0
311 79.0 79.0 0.0 0.0 3.0
312 79.0 79.0 0.0 0.0 3.0
313 79.0 79.0 0.0 0.0 3.0
314 79.0 79.0 0.0 0.0 3.0
315 79.0 79.0 0.0 0.0 3.0
316 79.0 79.0 0.0 0.0 3.0
317 79.0 79.0 0.0 0.0 3.0
318 79.0 79.0 0.0 0.0 3.0
319 79.0 79.0 0.0 0.0 3.0
320 79.0 79.0 0.0 0.0 3.0
321 79.0 79.0 0.0 0.0 3.0
322 79.0 79.0 0.0 0.0 3.0
323 79.0 79.0 0.0 0.0 3.0
324 79.0 79.0 0.0 0.0 3.0
325 79.0 79.0 0.0 0.0 3.0
326 79.0 79.0 0.0 0.0 3.0
327 79.0 79.0 0.0 0.0 3.0
328 79.0 79.0 0.0 0.0 3.0
329 79.0 79.0 0.0 0.0 3.0
330 79.0 79.0 0.0 0.0 3.0
331 79.0 79.0 0.0 0.0 3.0
332 79.0 79.0 0.0 0.0 3.0
333 79.0 79.0 0.0 0.0 3.0
334 79.0 79.0 0.0 0.0 3.0
335 79.0 79.0 0.0 0.0 3.0
336 79.0 79.0 0.0 0.0 3.0
337 79.0 79.0 0.0 0.0 3.0
338 79.0 79.0 0.0 0.0 3.0
339 79.0 79.0 0.0 0.0 3.0
340 79.0 79.0 0.0 0.0 3.0
341 79.0 79.0 0.0 0.0 3.0
342 79.0 79.0 0.0 0.0 3.0
343 79.0 79.0 0.0 0.0 3.0
344 79.0 79.0 0.0 0.0 3.0
345 79.0 79.0 0.0 0.0 3.0
346 79.0 79.0 0.0 0.0 3.0
347 79.0 79.0 0.0 0.0 3.0
348 79.0 79.0 0.0 0.0 3.0
349 79.0 79.0 0.0 0.0 3.0
350 79.0 79.0 0.0 0.0 3.0
351 79.0 79.0 0.0 0.0 3.0
352 79.0 79.0 0.0 0.0 3.0
353 79.0 79.0 0.0 0.0 3.0
354 79.0 79.0 0.0 0.0 3.0
355 79.0 79.0 0.0 0.0 3.0
356 79.0 79.0 0.0 0.0 3.0
357 79.0 79.0 0.0 0.0 3.0
358 79.0 79.0 0.0 0.0 3.0
359 79.0 79.0 0.0 0.0 3.0
360 79.0 79.0 0.0 0.0 3.0
361 79.0 79.0 0.0 0.0 3.0
362 79.0 79.0 0.0 0.0 3.0
363 79.0 79.0 0.0 0.0 3.0
364 79.0 79.0 0.0 0.0 3.0
365 79.0 79.0 0.0 0.0 3.0
366 79.0 79.0 0.0 0.0 3.0
367 79.0 79.0 0.0 0.0 3.0
368 79.0 79.0 0.0 0.0 3.0
369 79.0 79.0 0.0 0.0 3.0
370 79.0 79.0 0.0 0.0 3.0
371 79.0 79.0 0.0 0.0 3.0
372 79.0 79.0 0.0 0.0 3.0
373 79.0 79.0 0.0 0.0 3.0
374 79.0 79.0 0.0 0.0 3.0
375 79.0 79.0 0.0 0.0 3.0
376 79.0 79.0 0.0 0.0 3.0
377 79.0 79.0 0.0 0.0 3.0
378 79.0 79.0 0.0 0.0 3.0
379 79.0 79.0 0.0 0.0 3.0
380 79.0 79.0 0.0 0.0 3.0
381 79.0 79.0 0.0 0.0 3.0
382 79.0 79.0 0.0 0.0 3.0
383 79.0 79.0 0.0 0.0 3.0
384 79.0 79.0 0.0 0.0 3.0
385 79.0 79.0 0.0 0.0 3.0
386 79.0 79.0 0.0 0.0 3.0
387 79.0 79.0 0.0 0.0 3.0
388 79.0 79.0 0.0 0.0 3.0
389 79.0 79.0 0.0 0.0 3.0
390 79.0 79.0 0.0 0.0 3.0
391 79.0 79.0 0.0 0.0 3.0
392 79.0 79.0 0.0 0.0 3.0
393 79.0 79.0 0.0 0.0 3.0
394 79.0 79.0 0.0 0.0 3.0
395 79.0 79.0 0.0 0.0 3.0
396 79.0 79.0 0.0 0.0 3.0
397 79.0 79.0 0.0 0.0 3.0
398 79.0 79.0 0.0 0.0 3.0
399 79.0 79.0 0.0 0.0 3.0
400 79.0 79.0 0.0 0.0 3.0
401 79.0 79.0 0.0 0.0 3.0
402 79.0 79.0 0.0 0.0 3.0
403 79.0 79.0 0.0 0.0 3.0
404 79.0 79.0 0.0 0.0 3.0
405 79.0 79.0 0.0 0.0 3.0
406 79.0 79.0 0.0 0.0 3.0
407 79.0 79.0 0.0 0.0 3.0
408 79.0 79.0 0.0 0.0 3.0
409 79.0 79.0 0.0 0.0 3.0
410 79.0 79.0 0.0 0.0 3.0
411 79.0 79.0 0.0 0.0 3.0
412 79.0 79.0 0.0 0.0 3.0
413 79.0 79.0 0.0 0.0 3.0
414 79.0 79.0 0.0 0.0 3.0
415 79.0 79.0 0.0 0.0 3.0
416 79.0 79.0 0.0 0.0 3.0
417 79.0 79.0 0.0 0.0 3.0
418 79.0 79.0 0.0 0.0 3.0
419 79.0 79.0 0.0 0.0 3.0
420 79.0 79.0 0.0 0.0 3.0
421 79.0 79.0 0.0 0.0 3.0
422 79.0 79.0 0.0 0.0 3.0
423 79.0 79.0 0.0 0.0 3.0
424 79.0 79.0 0.0 0.0 3.0
425 79.0 79.0 0.0 0.0 3.0
426 79.0 79.0 0.0 0.0 3.0
427 79.0 79.0 0.0 0.0 3.0
428 79.0 79.0 0.0 0.0 3.0
429 79.0 79.0 0.0 0.0 3.0
430 79.0 79.0 0.0 0.0 3.0
431 79.0 79.0 0.0 0.0 3.0
432 79.0 79.0 0.0 0.0 3.0
433 79.0 79.0 0.0 0.0 3.0
434 79.0 79.0 0.0 0.0 3.0
435 79.0 79.0 0.0 0.0 3.0
436 79.0 79.0 0.0 0.0 3.0
437 79.0 79.0 0.0 0.0 3.0
438 79.0 79.0 0.0 0.0 3.0
439 79.0 79.0 0.0 0.0 3.0
440 79.0 79.0 0.0 0.0 3.0
441 79.0 79.0 0.0 0.0 3.0
442 79.0 79.0 0.0 0.0 3.0
443 79.0 79.0 0.0 0.0 3.0
444 79.0 79.0 0.0 0.0 3.0
445 79.0 79.0 0.0 0.0 3.0
446 79.0 79.0 0.0 0.0 3.0
447 79.0 79.0 0.0 0.0 3.0
448 79.0 79.0 0.0 0.0 3.0
449 79.0 79.0 0.0 0.0 3.0
450 79.0 79.0 0.0 0.0 3.0
451 79.0 79.0 0.0 0.0 3.0
452 79.0 79.0 0.0 0.0 3.0
453 79.0 79.0 0.0 0.0 3.0
454 79.0 79.0 0.0 0.0 3.0
455 79.0 79.0 0.0 0.0 3.0
456 79.0 79.0 0.0 0.0 3.0
457 79.0 79.0 0.0 0.0 3.0
458 79.0 79.0 0.0 0.0 3.0
459 79.0 79.0 0.0 0.0 3.0
460 79.0 79.0 0.0 0.0 3.0
461 79.0 79.0 0.0 0.0 3.0
462 79.0 79.0 0.0 0.0 3.0
463 79.0 79.0 0.0 0.0 3.0
464 79.0 79.0 0.0 0.0 3.0
465 79.0 79.0 0.0 0.0 3.0
466 79.0 79.0 0.0 0.0 3.0
467 79.0 79.0 0.0 0.0 3.0
468 79.0 79.0 0.0 0.0 3.0
469 79.0 79.0 0.0 0.0 3.0
470 79.0 79.0 0.0 0.0 3.0
471 79.0 79.0 0.0 0.0 3.0
472 79.0 79.0 0.0 0.0 3.0
473 79.0 79.0 0.0 0.0 3.0
474 79.0 79.0 0.0 0.0 3.0
475 79.0 79.0 0.0 0.0 3.0
476 79.0 79.0 0.0 0.0 3.0
477 79.0 79.0 0.0 0.0 3.0
478 79.0 79.0 0.0 0.0 3.0
479 79.0 79.0 0.0 0.0 3.0
480 79.0 79.0 0.0 0.0 3.0
481 79.0 79.0 0.0 0.0 3.0
482 79.0 79.0 0.0 0.0 3.0
483 79.0 79.0 0.0 0.0 3.0
484 79.0 79.0 0.0 0.0 3.0
485 79.0 79.0 0.0 0.0 3.0
486 79.0 79.0 0.0 0.0 3.0
487 79.0 79.0 0.0 0.0 3.0
488 79.0 79.0 0.0 0.0 3.0
489 79.0 79.0 0.0 0.0 3.0
490 79.0 79.0 0.0 0.0 3.0
491 79.0 79.0 0.0 0.0 3.0
492 79.0 79.0 0.0 0.0 3.0
493 79.0 79.0 0.0 0.0 3.0
494 79.0 79.0 0.0 0.0 3.0
495 79.0 79.0 0.0 0.0 3.0
496 79.0 79.0 0.0 0.0 3.0
497 79.0 79.0 0.0 0.0 3.0
498 79.0 79.0 0.0 0.0 3.0
499 79.0 79.0 0.0 0.0 3.0
500 79.0 79.0 0.0 0.0 3.0
501 79.0 79.0 0.0 0.0 3.0
502 79.0 79.0 0.0 0.0 3.0
503 79.0 79.0 0.0 0.0 3.0
504 79.0 79.0 0.0 0.0 3.0
505 79.0 79.0 0.0 0.0 3.0
506 79.0 79.0 0.0 0.0 3.0
507 79.0 79.0 0.0 0.0 3.0
508 79.0 79.0 0.0 0.0 3.0
509 79.0 79.0 0.0 0.0 3.0
510 79.0 79.0 0.0 0.0 3.0
511 79.0 79.0 0.0 0.0 3.0
512 79.0 79.0 0.0 0.0 3.0
513 79.0 79.0 0.0 0.0 3.0
514 79.0 79.0 0.0 0.0 3.0
515 79.0 79.0 0.0 0.0 3.0
516 79.0 79.0 0.0 0.0 3.0
517 79.0 79.0 0.0 0.0 3.0
518 79.0 79.0 0.0 0.0 3.0
519 79.0 79.0 0.0 0.0 3.0
520 79.0 79.0 0.0 0.0 3.0
521 79.0 79.0 0.0 0.0 3.0
522 79.0 79.0 0.0 0.0 3.0
523 79.0 79.0 0.0 0.0 3.0
524 79.0 79.0 0.0 0.0 3.0
525 79.0 79.0 0.0 0.0 3.0
526 79.0 79.0 0.0 0.0 3.0
527 79.0 79.0 0.0 0.0 3.0
528 79.0 79.0 0.0 0.0 3.0
529 79.0 79.0 0.0 0.0 3.0
530 79.0 79.0 0.0 0.0 3.0
531 79.0 79.0 0.0 0.0 3.0
532 79.0 79.0 0.0 0.0 3.0
533 79.0 79.0 0.0 0.0 3.0
534 79.0 79.0 0.0 0.0 3.0
535 79.0 79.0 0.0 0.0 3.0
536 79.0 79.0 0.0 0.0 3.0
537 79.0 79.0 0.0 0.0 3.0
538 79.0 79.0 0.0 0.0 3.0
539 79.0 79.0 0.0 0.0 3.0
540 79.0 79.0 0.0 0.0 3.0
541 79.0 79.0 0.0 0.0 3.0
542 79.0 79.0 0.0 0.0 3.0
543 79.0 79.0 0.0 0.0 3.0
544 79.0 79.0 0.0 0.0 3.0
545 79.0 79.0 0.0 0.0 3.0
546 79.0 79.0 0.0 0.0 3.0
547 79.0 79.0 0.0 0.0 3.0
548 79.0 79.0 0.0 0.0 3.0
549 79.0 79.0 0.0 0.0 3.0
550 79.0 79.0 0.0 0.0 3.0
551 79.0 79.0 0.0 0.0 3.0
552 79.0 79.0 0.0 0.0 3.0
553 79.0 79.0 0.0 0.0 3.0
554 79.0 79.0 0.0 0.0 3.0
555 79.0 79.0 0.0 0.0 3.0
556 79.0 79.0 0.0 0.0 3.0
557 79.0 79.0 0.0 0.0 3.0
558 79.0 79.0 0.0 0.0 3.0
559 79.0 79.0 0.0 0.0 3.0
560 79.0 79.0 0.0 0.0 3.0
561 79.0 79.0 0.0 0.0 3.0
562 79.0 79.0 0.0 0.0 3.0
563 79.0 79.0 0.0 0.0 3.0
564 79.0 79.0 0.0 0.0 3.0
565 79.0 79.0 0.0 0.0 3.0
566 79.0 79.0 0.0 0.0 3.0
567 79.0 79.0 0.0 0.0 3.0
568 79.0 79.0 0.0 0.0 3.0
569 79.0 79.0 0.0 0.0 3.0
570 79.0 79.0 0.0 0.0 3.0
571 79.0 79.0 0.0 0.0 3.0
572 79.0 79.0 0.0 0.0 3.0
573 79.0 79.0 0.0 0.0 3.0
574 79.0 79.0 0.0 0.0 3.0
575 79.0 79.0 0.0 0.0 3.0
576 79.0 79.0 0.0 0.0 3.0
577 79.0 79.0 0.0 0.0 3.0
578 79.0 79.0 0.0 0.0 3.0
579 79.0 79.0 0.0 0.0 3.0
580 79.0 79.0 0.0 0.0 3.0
581 79.0 79.0 0.0 0.0 3.0
582 79.0 79.0 0.0 0.0 3.0
583 79.0 79.0 0.0 0.0 3.0
584 79.0 79.0 0.0 0.0 3.0
585 79.0 79.0 0.0 0.0 3.0
586 79.0 79.0 0.0 0.0 3.0
587 79.0 79.0 0.0 0.0 3.0
588 79.0 79.0 0.0 0.0 3.0
589 79.0 79.0 0.0 0.0 3.0
590 79.0 79.0 0.0 0.0 3.0
591 79.0 79.0 0.0 0.0 3.0
592 79.0 79.0 0.0 0.0 3.0
593 79.0 79.0 0.0 0.0 3.0
594 79.0 79.0 0.0 0.0 3.0
595 79.0 79.0 0.0 0.0 3.0
596 79.0 79.0 0.0 0.0 3.0
597 79.0 79.0 0.0 0.0 3.0
598 79.0 79.0 0.0 0.0 3.0
599 79.0 79.0 0.0 0.0 3.0
600 79.0 79.0 0.0 0.0 3.0
601 79.0 79.0 0.0 0.0 3.0
602 79.0 79.0 0.0 0.0 3.0
603 79.0 79.0 0.0 0.0 3.0
604 79.0 79.0 0.0 0.0 3.0
605 79.0 79.0 0.0 0.0 3.0
606 79.0 79.0 0.0 0.0 3.0
607 79.0 79.0 0.0 0.0 3.0
608 79.0 79.0 0.0 0.0 3.0
609 79.0 79.0 0.0 0.0 3.0
610 79.0 79.0 0.0 0.0 3.0
611 79.0 79.0 0.0 0.0 3.0
612 79.0 79.0 0.0 0.0 3.0
613 79.0 79.0 0.0 0.0 3.0
614 79.0 79.0 0.0 0.0 3.0
615 79.0 79.0 0.0 0.0 3.0
616 79.0 79.0 0.0 0.0 3.0
617 79.0 79.0 0.0 0.0 3.0
618 79.0 79.0 0.0 0.0 3.0
619 79.0 79.0 0.0 0.0 3.0
620 79.0 79.0 0.0 0.0 3.0
621 79.0 79.0 0.0 0.0 3.0
622 79.0 79.0 0.0 0.0 3.0
623 79.0 79.0 0.0 0.0 3.0
624 79.0 79.0 0.0 0.0 3.0
625 80.0 80.0 0.0 0.0 2.0
626 80.0 80.0 0.0 0.0 2.0
627 80.0 80.0 0.0 0.0 2.0
628 80.0 80.0 0.0 0.0 2.0
629 80.0 80.0 0.0 0.0 2.0
630 80.0 80.0 0.0 0.0 2.0
631 80.0 80.0 0.0 0.0 2.0
632 80.0 80.0 0.0 0.0 2.0
633 86.0 86.0 0.0 0.0 2.0
634 86.0 86.0 0.0 0.0 2.0
635 86.0 86.0 0.0 0.0 2.0
636 86.0 86.0 0.0 0.0 2.0
637 86.0 86.0 0.0 0.0 2.0
638 86.0 86.0 0.0 0.0 2.0
639 86.0 86.0 0.0 0.0 2.0
640 86.0 86.0 0.0 0.0 2.0
641 86.0 86.0 0.0 0.0 2.0
642 86.0 86.0 0.0 0.0 2.0
643 86.0 86.0 0.0 0.0 2.0
644 86.0 86.0 0.0 0.0 2.0
645 86.0 86.0 0.0 0.0 2.0
646 86.0 86.0 0.0 0.0 2.0
647 86.0 86.0 0.0 0.0 2.0
648 86.0 86.0 0.0 0.0 2.0
649 86.0 86.0 0.0 0.0 2.0
650 86.0 86.0 0.0 0.0 2.0
651 86.0 86.0 0.0 0.0 2.0
652 86.0 86.0 0.0 0.0 2.0
653 86.0 86.0 0.0 0.0 2.0
654 86.0 86.0 0.0 0.0 2.0
655 86.0 86.0 0.0 0.0 2.0
656 86.0 86.0 0.0 0.0 2.0
657 86.0 86.0 0.0 0.0 2.0
658 86.0 86.0 0.0 0.0 2.0
659 86.0 86.0 0.0 0.0 2.0
660 86.0 86.0 0.0 0.0 2.0
661 86.0 86.0 0.0 0.0 2.0
662 86.0 86.0 0.0 0.0 2.0
663 86.0 86.0 0.0 0.0 2.0
664 86.0 86.0 0.0 0.0 2.0
665 86.0 86.0 0.0 0.0 2.0
666 86.0 86.0 0.0 0.0 2.0
667 86.0 86.0 0.0 0.0 2.0
668 86.0 86.0 0.0 0.0 2.0
669 86.0 86.0 0.0 0.0 2.0
670 86.0 86.0 0.0 0.0 2.0
671 86.0 86.0 0.0 0.0 2.0
672 86.0 86.0 0.0 0.0 2.0
673 86.0 86.0 0.0 0.0 2.0
674 86.0 86.0 0.0 0.0 2.0
675 86.0 86.0 0.0 0.0 2.0
676 86.0 86.0 0.0 0.0 2.0
677 86.0 86.0 0.0 0.0 2.0
678 86.0 86.0 0.0 0.0 2.0
679 86.0 86.0 0.0 0.0 2.0
680 86.0 86.0 0.0 0.0 2.0
681 86.0 86.0 0.0 0.0 2.0
682 86.0 86.0 0.0 0.0 2.0
683 86.0 86.0 0.0 0.0 2.0
684 86.0 86.0 0.0 0.0 2.0
685 86.0 86.0 0.0 0.0 2.0
686 86.0 86.0 0.0 0.0 2.0
687 86.0 86.0 0.0 0.0 2.0
688 86.0 86.0 0.0 0.0 2.0
689 86.0 86.0 0.0 0.0 2.0
690 86.0 86.0 0.0 0.0 2.0
691 86.0 86.0 0.0 0.0 2.0
692 86.0 86.0 0.0 0.0 2.0
693 86.0 86.0 0.0 0.0 2.0
694 86.0 86.0 0.0 0.0 2.0
695 86.0 86.0 0.0 0.0 2.0
696 86.0 86.0 0.0 0.0 2.0
697 86.0 86.0 0.0 0.0 2.0
698 86.0 86.0 0.0 0.0 2.0
699 86.0 86.0 0.0 0.0 2.0
700 86.0 86.0 0.0 0.0 2.0
701 86.0 86.0 0.0 0.0 2.0
702 86.0 86.0 0.0 0.0 2.0
703 86.0 86.0 0.0 0.0 2.0
704 86.0 86.0 0.0 0.0 2.0
705 86.0 86.0 0.0 0.0 2.0
706 86.0 86.0 0.0 0.0 2.0
707 86.0 86.0 0.0 0.0 2.0
708 86.0 86.0 0.0 0.0 2.0
709 86.0 86.0 0.0 0.0 2.0
710 86.0 86.0 0.0 0.0 2.0
711 86.0 86.0 0.0 0.0 2.0
712 86.0 86.0 0.0 0.0 2.0
713 86.0 86.0 0.0 0.0 2.0
714 86.0 86.0 0.0 0.0 2.0
715 86.0 86.0 0.0 0.0 2.0
716 86.0 86.0 0.0 0.0 2.0
717 86.0 86.0 0.0 0.0 2.0
718 86.0 86.0 0.0 0.0 2.0
719 86.0 86.0 0.0 0.0 2.0
720 86.0 86.0 0.0 0.0 2.0
721 86.0 86.0 0.0 0.0 2.0
722 86.0 86.0 0.0 0.0 2.0
723 86.0 86.0 0.0 0.0 2.0
724 86.0 86.0 0.0 0.0 2.0
725 86.0 86.0 0.0 0.0 2.0
726 86.0 86.0 0.0 0.0 2.0
727 86.0 86.0 0.0 0.0 2.0
728 86.0 86.0 0.0 0.0 2.0
729 86.0 86.0 0.0 0.0 2.0
730 86.0 86.0 0.0 0.0 2.0
731 86.0 86.0 0.0 0.0 2.0
732 86.0 86.0 0.0 0.0 2.0
733 86.0 86.0 0.0 0.0 2.0
734 86.0 86.0 0.0 0.0 2.0
735 86.0 86.0 0.0 0.0 2.0
736 86.0 86.0 0.0 0.0 2.0
737 86.0 86.0 0.0 0.0 2.0
738 86.0 86.0 0.0 0.0 2.0
739 86.0 86.0 0.0 0.0 2.0
740 86.0 86.0 0.0 0.0 2.0
741 86.0 86.0 0.0 0.0 2.0
742 86.0 86.0 0.0 0.0 2.0
743 86.0 86.0 0.0 0.0 2.0
744 86.0 86.0 0.0 0.0 2.0
745 86.0 86.0 0.0 0.0 2.0
746 86.0 86.0 0.0 0.0 2.0
747 86.0 86.0 0.0 0.0 2.0
748 86.0 86.0 0.0 0.0 2.0
749 86.0 86.0 0.0 0.0 2.0
750 86.0 86.0 0.0 0.0 2.0
751 86.0 86.0 0.0 0.0 2.0
752 86.0 86.0 0.0 0.0 2.0
753 86.0 86.0 0.0 0.0 2.0
754 86.0 86.0 0.0 0.0 2.0
755 86.0 86.0 0.0 0.0 2.0
756 86.0 86.0 0.0 0.0 2.0
757 86.0 86.0 0.0 0.0 2.0
758 86.0 86.0 0.0 0.0 2.0
759 86.0 86.0 0.0 0.0 2.0
760 86.0 86.0 0.0 0.0 2.0
761 86.0 86.0 0.0 0.0 2.0
762 86.0 86.0 0.0 0.0 2.0
763 86.0 86.0 0.0 0.0 2.0
764 86.0 86.0 0.0 0.0 2.0
765 86.0 86.0 0.0 0.0 2.0
766 86.0 86.0 0.0 0.0 2.0
767 86.0 86.0 0.0 0.0 2.0
768 86.0 86.0 0.0 0.0 2.0
769 86.0 86.0 0.0 0.0 2.0
770 86.0 86.0 0.0 0.0 2.0
771 87.0 87.0 0.0 0.0 2.0
772 89.0 89.0 0.0 0.0 2.0
773 89.0 89.0 0.0 0.0 2.0
774 89.0 89.0 0.0 0.0 2.0
775 89.0 89.0 0.0 0.0 2.0
776 89.0 89.0 0.0 0.0 2.0
777 89.0 89.0 0.0 0.0 2.0
778 89.0 89.0 0.0 0.0 2.0
779 89.0 89.0 0.0 0.0 2.0
780 89.0 89.0 0.0 0.0 2.0
781 89.0 89.0 0.0 0.0 2.0
782 89.0 89.0 0.0 0.0 2.0
783 89.0 89.0 0.0 0.0 2.0
784 89.0 89.0 0.0 0.0 2.0
785 89.0 89.0 0.0 0.0 2.0
786 89.0 89.0 0.0 0.0 2.0
787 89.0 89.0 0.0 0.0 2.0
788 89.0 89.0 0.0 0.0 2.0
789 89.0 89.0 0.0 0.0 2.0
790 89.0 89.0 0.0 0.0 2.0
791 89.0 89.0 0.0 0.0 2.0
792 89.0 89.0 0.0 0.0 2.0
793 89.0 89.0 0.0 0.0 2.0
794 89.0 89.0 0.0 0.0 2.0
795 89.0 89.0 0.0 0.0 2.0
796 89.0 89.0 0.0 0.0 2.0
797 89.0 89.0 0.0 0.0 2.0
798 89.0 89.0 0.0 0.0 2.0
799 89.0 89.0 0.0 0.0 2.0
800 89.0 89.0 0.0 0.0 2.0
801 89.0 89.0 0.0 0.0 2.0
802 89.0 89.0 0.0 0.0 2.0
803 89.0 89.0 0.0 0.0 2.0
804 89.0 89.0 0.0 0.0 2.0
805 89.0 89.0 0.0 0.0 2.0
806 89.0 89.0 0.0 0.0 2.0
807 89.0 89.0 0.0 0.0 2.0
808 89.0 89.0 0.0 0.0 2.0
809 89.0 89.0 0.0 0.0 2.0
810 89.0 89.0 0.0 0.0 2.0
811 89.0 89.0 0.0 0.0 2.0
812 89.0 89.0 0.0 0.0 2.0
813 89.0 89.0 0.0 0.0 2.0
814 89.0 89.0 0.0 0.0 2.0
815 89.0 89.0 0.0 0.0 2.0
816 89.0 89.0 0.0 0.0 2.0
817 89.0 89.0 0.0 0.0 2.0
818 89.0 89.0 0.0 0.0 2.0
819 89.0 89.0 0.0 0.0 2.0
820 89.0 89.0 0.0 0.0 2.0
821 89.0 89.0 0.0 0.0 2.0
822 89.0 89.0 0.0 0.0 2.0
823 89.0 89.0 0.0 0.0 2.0
824 89.0 89.0 0.0 0.0 2.0
825 89.0 89.0 0.0 0.0 2.0
826 89.0 89.0 0.0 0.0 2.0
827 89.0 89.0 0.0 0.0 2.0
828 89.0 89.0 0.0 0.0 2.0
829 89.0 89.0 0.0 0.0 2.0
830 89.0 89.0 0.0 0.0 2.0
831 89.0 89.0 0.0 0.0 2.0
832 89.0 89.0 0.0 0.0 2.0
833 89.0 89.0 0.0 0.0 2.0
834 89.0 89.0 0.0 0.0 2.0
835 89.0 89.0 0.0 0.0 2.0
836 89.0 89.0 0.0 0.0 2.0
837 89.0 89.0 0.0 0.0 2.0
838 89.0 89.0 0.0 0.0 2.0
839 89.0 89.0 0.0 0.0 2.0
840 89.0 89.0 0.0 0.0 2.0
841 89.0 89.0 0.0 0.0 2.0
842 89.0 89.0 0.0 0.0 2.0
843 89.0 89.0 0.0 0.0 2.0
844 89.0 89.0 0.0 0.0 2.0
845 89.0 89.0 0.0 0.0 2.0
846 89.0 89.0 0.0 0.0 2.0
847 89.0 89.0 0.0 0.0 2.0
848 89.0 89.0 0.0 0.0 2.0
849 89.0 89.0 0.0 0.0 2.0
850 89.0 89.0 0.0 0.0 2.0
851 89.0 89.0 0.0 0.0 2.0
852 89.0 89.0 0.0 0.0 2.0
853 89.0 89.0 0.0 0.0 2.0
854 89.0 89.0 0.0 0.0 2.0
855 89.0 89.0 0.0 0.0 2.0
856 89.0 89.0 0.0 0.0 2.0
857 89.0 89.0 0.0 0.0 2.0
858 89.0 89.0 0.0 0.0 2.0
859 89.0 89.0 0.0 0.0 2.0
860 89.0 89.0 0.0 0.0 2.0
861 89.0 89.0 0.0 0.0 2.0
862 89.0 89.0 0.0 0.0 2.0
863 89.0 89.0 0.0 0.0 2.0
864 89.0 89.0 0.0 0.0 2.0
865 89.0 89.0 0.0 0.0 2.0
866 89.0 89.0 0.0 0.0 2.0
867 89.0 89.0 0.0 0.0 2.0
868 89.0 89.0 0.0 0.0 2.0
869 89.0 89.0 0.0 0.0 2.0
870 89.0 89.0 0.0 0.0 2.0
871 89.0 89.0 0.0 0.0 2.0
872 89.0 89.0 0.0 0.0 2.0
873 89.0 89.0 0.0 0.0 2.0
874 89.0 89.0 0.0 0.0 2.0
875 89.0 89.0 0.0 0.0 2.0
876 89.0 89.0 0.0 0.0 2.0
877 89.0 89.0 0.0 0.0 2.0
878 89.0 89.0 0.0 0.0 2.0
879 89.0 89.0 0.0 0.0 2.0
880 89.0 89.0 0.0 0.0 2.0
881 89.0 89.0 0.0 0.0 2.0
882 89.0 89.0 0.0 0.0 2.0
883 89.0 89.0 0.0 0.0 2.0
884 89.0 89.0 0.0 0.0 2.0
885 89.0 89.0 0.0 0.0 2.0
886 89.0 89.0 0.0 0.0 2.0
887 89.0 89.0 0.0 0.0 2.0
888 89.0 89.0 0.0 0.0 2.0
889 89.0 89.0 0.0 0.0 2.0
890 89.0 89.0 0.0 0.0 2.0
891 89.0 89.0 0.0 0.0 2.0
892 89.0 89.0 0.0 0.0 2.0
893 89.0 89.0 0.0 0.0 2.0
894 89.0 89.0 0.0 0.0 2.0
895 89.0 89.0 0.0 0.0 2.0
896 89.0 89.0 0.0 0.0 2.0
897 89.0 89.0 0.0 0.0 2.0
898 89.0 89.0 0.0 0.0 2.0
899 89.0 89.0 0.0 0.0 2.0
900 89.0 89.0 0.0 0.0 2.0
901 89.0 89.0 0.0 0.0 2.0
902 89.0 89.0 0.0 0.0 2.0
903 89.0 89.0 0.0 0.0 2.0
904 89.0 89.0 0.0 0.0 2.0
905 89.0 89.0 0.0 0.0 2.0
906 89.0 89.0 0.0 0.0 2.0
907 89.0 89.0 0.0 0.0 2.0
908 89.0 89.0 0.0 0.0 2.0
909 89.0 89.0 0.0 0.0 2.0
910 89.0 89.0 0.0 0.0 2.0
911 89.0 89.0 0.0 0.0 2.0
912 89.0 89.0 0.0 0.0 2.0
913 89.0 89.0 0.0 0.0 2.0
914 89.0 89.0 0.0 0.0 2.0
915 89.0 89.0 0.0 0.0 2.0
916 89.0 89.0 0.0 0.0 2.0
917 89.0 89.0 0.0 0.0 2.0
918 89.0 89.0 0.0 0.0 2.0
919 89.0 89.0 0.0 0.0 2.0
920 89.0 89.0 0.0 0.0 2.0
921 89.0 89.0 0.0 0.0 2.0
922 89.0 89.0 0.0 0.0 2.0
923 89.0 89.0 0.0 0.0 2.0
924 89.0 89.0 0.0 0.0 2.0
925 89.0 89.0 0.0 0.0 2.0
926 89.0 89.0 0.0 0.0 2.0
927 89.0 89.0 0.0 0.0 2.0
928 89.0 89.0 0.0 0.0 2.0
929 89.0 89.0 0.0 0.0 2.0
930 89.0 89.0 0.0 0.0 2.0
931 89.0 89.0 0.0 0.0 2.0
932 89.0 89.0 0.0 0.0 2.0
933 89.0 89.0 0.0 0.0 2.0
934 89.0 89.0 0.0 0.0 2.0
935 89.0 89.0 0.0 0.0 2.0
936 89.0 89.0 0.0 0.0 2.0
937 89.0 89.0 0.0 0.0 2.0
938 89.0 89.0 0.0 0.0 2.0
939 89.0 89.0 0.0 0.0 2.0
940 89.0 89.0 0.0 0.0 2.0
941 89.0 89.0 0.0 0.0 2.0
942 89.0 89.0 0.0 0.0 2.0
943 89.0 89.0 0.0 0.0 2.0
944 89.0 89.0 0.0 0.0 2.0
945 89.0 89.0 0.0 0.0 2.0
946 89.0 89.0 0.0 0.0 2.0
947 89.0 89.0 0.0 0.0 2.0
948 89.0 89.0 0.0 0.0 2.0
949 89.0 89.0 0.0 0.0 2.0
950 89.0 89.0 0.0 0.0 2.0
951 89.0 89.0 0.0 0.0 2.0
952 89.0 89.0 0.0 0.0 2.0
953 89.0 89.0 0.0 0.0 2.0
954 89.0 89.0 0.0 0.0 2.0
955 89.0 89.0 0.0 0.0 2.0
956 89.0 89.0 0.0 0.0 2.0
957 89.0 89.0 0.0 0.0 2.0
958 89.0 89.0 0.0 0.0 2.0
959 89.0 89.0 0.0 0.0 2.0
960 89.0 89.0 0.0 0.0 2.0
961 89.0 89.0 0.0 0.0 2.0
962 89.0 89.0 0.0 0.0 2.0
963 89.0 89.0 0.0 0.0 2.0
964 89.0 89.0 0.0 0.0 2.0
965 89.0 89.0 0.0 0.0 2.0
966 89.0 89.0 0.0 0.0 2.0
967 89.0 89.0 0.0 0.0 2.0
968 89.0 89.0 0.0 0.0 2.0
969 89.0 89.0 0.0 0.0 2.0
970 89.0 89.0 0.0 0.0 2.0
971 89.0 89.0 0.0 0.0 2.0
972 89.0 89.0 0.0 0.0 2.0
973 89.0 89.0 0.0 0.0 2.0
974 89.0 89.0 0.0 0.0 2.0
975 89.0 89.0 0.0 0.0 2.0
976 89.0 89.0 0.0 0.0 2.0
977 89.0 89.0 0.0 0.0 2.0
978 89.0 89.0 0.0 0.0 2.0
979 89.0 89.0 0.0 0.0 2.0
980 89.0 89.0 0.0 0.0 2.0
981 89.0 89.0 0.0 0.0 2.0
982 89.0 89.0 0.0 0.0 2.0
983 89.0 89.0 0.0 0.0 2.0
984 89.0 89.0 0.0 0.0 2.0
985 89.0 89.0 0.0 0.0 2.0
986 89.0 89.0 0.0 0.0 2.0
987 89.0 89.0 0.0 0.0 2.0
988 89.0 89.0 0.0 0.0 2.0
989 89.0 89.0 0.0 0.0 2.0
990 89.0 89.0 0.0 0.0 2.0
991 89.0 89.0 0.0 0.0 2.0
992 89.0 89.0 0.0 0.0 2.0
993 89.0 89.0 0.0 0.0 2.0
994 89.0 89.0 0.0 0.0 2.0
995 89.0 89.0 0.0 0.0 2.0
996 89.0 89.0 0.0 0.0 2.0
997 89.0 89.0 0.0 0.0 2.0
998 89.0 89.0 0.0 0.0 2.0
999 89.0 89.0 0.0 0.0 2.0
1000 89.0 89.0 0.0 0.0 2.0
