gen testSuiteSize notKilledMutants number_of_tests no_discount_objective no_equiv_mut_not_killed no_equiv_mut_not_killed_perc
1 5 8.7890625 12 9 6 0.8571428571428571
1 4 9.138671875 49 10 7 1.0
2 5 6.220703125 57 7 4 0.5714285714285714
3 4 9.15234375 62 10 7 1.0
4 4 8.111328125 65 9 6 0.8571428571428571
5 4 6.98828125 74 8 5 0.7142857142857143
5 5 5.98828125 74 7 4 0.5714285714285714
6 3 6.93359375 78 8 5 0.7142857142857143
6 4 6.919921875 79 8 5 0.7142857142857143
7 4 5.87890625 82 7 4 0.5714285714285714
7 5 5.837890625 85 7 4 0.5714285714285714
8 3 6.810546875 87 8 5 0.7142857142857143
9 4 5.783203125 89 7 4 0.5714285714285714
10 3 6.76953125 90 8 5 0.7142857142857143
11 4 5.728515625 93 7 4 0.5714285714285714
12 3 6.673828125 97 8 5 0.7142857142857143
13 4 5.66015625 98 7 4 0.5714285714285714
14 3 6.619140625 101 8 5 0.7142857142857143
15 4 5.564453125 105 7 4 0.5714285714285714
16 3 6.537109375 107 8 5 0.7142857142857143
17 4 5.5234375 108 7 4 0.5714285714285714
18 3 6.455078125 113 8 5 0.7142857142857143
19 4 5.455078125 113 7 4 0.5714285714285714
20 3 6.38671875 118 8 5 0.7142857142857143
21 3 6.359375 120 8 5 0.7142857142857143
21 4 5.345703125 121 7 4 0.5714285714285714
22 3 6.318359375 123 8 5 0.7142857142857143
22 4 6.3046875 124 8 5 0.7142857142857143
23 4 5.22265625 130 7 4 0.5714285714285714
24 3 6.208984375 131 8 5 0.7142857142857143
25 4 5.1953125 132 7 4 0.5714285714285714
26 3 6.16796875 134 8 5 0.7142857142857143
27 3 6.154296875 135 8 5 0.7142857142857143
27 4 5.140625 136 7 4 0.5714285714285714
28 3 6.140625 136 8 5 0.7142857142857143
29 3 6.126953125 137 8 5 0.7142857142857143
29 4 5.11328125 138 7 4 0.5714285714285714
30 3 6.099609375 139 8 5 0.7142857142857143
31 3 6.072265625 141 8 5 0.7142857142857143
31 4 5.03125 144 7 4 0.5714285714285714
32 3 5.9765625 148 8 5 0.7142857142857143
33 4 4.89453125 154 7 4 0.5714285714285714
34 3 5.826171875 159 8 5 0.7142857142857143
35 4 4.7578125 164 7 4 0.5714285714285714
36 3 5.744140625 165 8 5 0.7142857142857143
37 4 4.744140625 165 7 4 0.5714285714285714
37 3 5.744140625 165 8 5 0.7142857142857143
38 3 5.716796875 167 8 5 0.7142857142857143
39 4 4.0078125 170 6 3 0.42857142857142855
40 3 5.9609375 174 8 5 0.7142857142857143
41 3 5.890625 180 8 5 0.7142857142857143
42 3 5.87890625 181 8 5 0.7142857142857143
43 3 5.85546875 183 8 5 0.7142857142857143
44 3 5.84375 184 8 5 0.7142857142857143
45 3 5.83203125 185 8 5 0.7142857142857143
46 3 5.8203125 186 8 5 0.7142857142857143
47 3 5.8203125 186 8 5 0.7142857142857143
48 3 5.80859375 187 8 5 0.7142857142857143
49 3 5.78515625 189 8 5 0.7142857142857143
50 3 5.75 192 8 5 0.7142857142857143
51 3 5.73828125 193 8 5 0.7142857142857143
52 3 5.73828125 193 8 5 0.7142857142857143
53 4 5.0859375 196 7 4 0.5714285714285714
53 3 6.056640625 199 8 5 0.7142857142857143
54 3 4.828125 200 6 3 0.42857142857142855
55 4 4.810546875 203 6 3 0.42857142857142855
56 4 4.78125 208 6 3 0.42857142857142855
57 4 4.74609375 214 6 3 0.42857142857142855
57 3 6.74609375 214 8 5 0.7142857142857143
58 4 4.734375 216 6 3 0.42857142857142855
59 4 4.72265625 218 6 3 0.42857142857142855
60 4 4.69921875 222 6 3 0.42857142857142855
61 4 4.67578125 226 6 3 0.42857142857142855
62 4 4.67578125 226 6 3 0.42857142857142855
62 3 6.67578125 226 8 5 0.7142857142857143
63 4 4.6640625 228 6 3 0.42857142857142855
64 4 4.658203125 229 6 3 0.42857142857142855
65 3 6.65234375 230 8 5 0.7142857142857143
65 4 4.646484375 231 6 3 0.42857142857142855
65 5 4.640625 232 6 3 0.42857142857142855
66 4 4.62890625 234 6 3 0.42857142857142855
66 3 5.62890625 234 7 4 0.5714285714285714
67 4 4.62890625 234 6 3 0.42857142857142855
68 4 4.6171875 236 6 3 0.42857142857142855
69 4 4.60546875 238 6 3 0.42857142857142855
70 4 4.599609375 239 6 3 0.42857142857142855
71 4 4.59375 240 6 3 0.42857142857142855
72 4 4.5703125 244 6 3 0.42857142857142855
73 3 5.55859375 246 7 4 0.5714285714285714
73 4 4.546875 248 6 3 0.42857142857142855
74 4 4.53515625 250 6 3 0.42857142857142855
75 4 4.53515625 250 6 3 0.42857142857142855
76 4 4.53515625 250 6 3 0.42857142857142855
77 3 6.517578125 253 8 5 0.7142857142857143
77 4 4.517578125 253 6 3 0.42857142857142855
78 4 4.505859375 255 6 3 0.42857142857142855
79 4 4.5 256 6 3 0.42857142857142855
79 3 6.494140625 257 8 5 0.7142857142857143
80 5 3.48828125 258 5 2 0.2857142857142857
80 4 4.482421875 259 6 3 0.42857142857142855
81 4 4.4765625 260 6 3 0.42857142857142855
82 5 3.4765625 260 5 2 0.2857142857142857
82 4 4.46484375 262 6 3 0.42857142857142855
83 4 4.453125 264 6 3 0.42857142857142855
84 4 4.453125 264 6 3 0.42857142857142855
84 3 6.453125 264 8 5 0.7142857142857143
85 4 4.447265625 265 6 3 0.42857142857142855
86 4 4.435546875 267 6 3 0.42857142857142855
87 5 3.4296875 268 5 2 0.2857142857142857
87 3 6.4296875 268 8 5 0.7142857142857143
87 4 4.4296875 268 6 3 0.42857142857142855
88 4 4.4296875 268 6 3 0.42857142857142855
89 3 6.41796875 270 8 5 0.7142857142857143
89 4 4.412109375 271 6 3 0.42857142857142855
90 4 4.39453125 274 6 3 0.42857142857142855
91 3 4.39453125 274 6 3 0.42857142857142855
91 4 4.388671875 275 6 3 0.42857142857142855
92 4 4.37109375 278 6 3 0.42857142857142855
93 4 4.359375 280 6 3 0.42857142857142855
93 3 5.359375 280 7 4 0.5714285714285714
94 4 4.359375 280 6 3 0.42857142857142855
95 4 4.353515625 281 6 3 0.42857142857142855
95 3 5.353515625 281 7 4 0.5714285714285714
96 4 4.34765625 282 6 3 0.42857142857142855
96 5 3.34765625 282 5 2 0.2857142857142857
97 4 4.34765625 282 6 3 0.42857142857142855
98 4 4.34765625 282 6 3 0.42857142857142855
99 4 4.341796875 283 6 3 0.42857142857142855
100 4 4.3359375 284 6 3 0.42857142857142855
101 4 4.3359375 284 6 3 0.42857142857142855
102 4 4.30078125 290 6 3 0.42857142857142855
103 4 4.30078125 290 6 3 0.42857142857142855
104 4 4.30078125 290 6 3 0.42857142857142855
105 4 4.294921875 291 6 3 0.42857142857142855
106 4 4.294921875 291 6 3 0.42857142857142855
107 4 4.2890625 292 6 3 0.42857142857142855
108 4 4.27734375 294 6 3 0.42857142857142855
109 4 4.27734375 294 6 3 0.42857142857142855
110 4 4.271484375 295 6 3 0.42857142857142855
111 4 4.259765625 297 6 3 0.42857142857142855
112 4 4.2421875 300 6 3 0.42857142857142855
113 4 4.2421875 300 6 3 0.42857142857142855
114 4 4.2421875 300 6 3 0.42857142857142855
115 4 4.2421875 300 6 3 0.42857142857142855
116 4 4.23046875 302 6 3 0.42857142857142855
116 3 6.23046875 302 8 5 0.7142857142857143
117 4 4.224609375 303 6 3 0.42857142857142855
118 4 4.224609375 303 6 3 0.42857142857142855
118 5 4.21875 304 6 3 0.42857142857142855
119 4 4.21875 304 6 3 0.42857142857142855
119 3 6.21875 304 8 5 0.7142857142857143
120 4 4.201171875 307 6 3 0.42857142857142855
121 4 4.201171875 307 6 3 0.42857142857142855
121 3 6.201171875 307 8 5 0.7142857142857143
122 4 4.189453125 309 6 3 0.42857142857142855
123 4 4.18359375 310 6 3 0.42857142857142855
124 3 6.18359375 310 8 5 0.7142857142857143
124 4 4.18359375 310 6 3 0.42857142857142855
125 4 4.177734375 311 6 3 0.42857142857142855
125 3 6.177734375 311 8 5 0.7142857142857143
126 4 4.177734375 311 6 3 0.42857142857142855
126 3 6.177734375 311 8 5 0.7142857142857143
127 4 4.171875 312 6 3 0.42857142857142855
128 4 4.16015625 314 6 3 0.42857142857142855
129 4 4.16015625 314 6 3 0.42857142857142855
129 3 6.16015625 314 8 5 0.7142857142857143
130 4 4.16015625 314 6 3 0.42857142857142855
130 3 6.16015625 314 8 5 0.7142857142857143
131 4 4.154296875 315 6 3 0.42857142857142855
132 4 4.1484375 316 6 3 0.42857142857142855
133 3 4.1484375 316 6 3 0.42857142857142855
134 4 4.13671875 318 6 3 0.42857142857142855
135 4 4.130859375 319 6 3 0.42857142857142855
135 3 6.130859375 319 8 5 0.7142857142857143
136 3 5.130859375 319 7 4 0.5714285714285714
136 4 4.119140625 321 6 3 0.42857142857142855
137 4 4.119140625 321 6 3 0.42857142857142855
137 3 6.119140625 321 8 5 0.7142857142857143
138 4 4.119140625 321 6 3 0.42857142857142855
139 4 3.119140625 321 5 2 0.2857142857142857
140 3 4.1015625 324 6 3 0.42857142857142855
141 4 3.1015625 324 5 2 0.2857142857142857
142 3 4.1015625 324 6 3 0.42857142857142855
143 3 4.1015625 324 6 3 0.42857142857142855
143 2 6.1015625 324 8 5 0.7142857142857143
144 3 6.095703125 325 8 5 0.7142857142857143
144 4 3.095703125 325 5 2 0.2857142857142857
145 2 6.095703125 325 8 5 0.7142857142857143
145 3 5.095703125 325 7 4 0.5714285714285714
146 4 3.083984375 327 5 2 0.2857142857142857
147 2 6.083984375 327 8 5 0.7142857142857143
148 3 6.083984375 327 8 5 0.7142857142857143
148 4 3.078125 328 5 2 0.2857142857142857
149 2 6.072265625 329 8 5 0.7142857142857143
149 1 8.072265625 329 10 7 1.0
150 4 3.060546875 331 5 2 0.2857142857142857
150 5 3.0546875 332 5 2 0.2857142857142857
151 1 8.0546875 332 10 7 1.0
152 5 3.048828125 333 5 2 0.2857142857142857
153 1 8.048828125 333 10 7 1.0
154 4 6.04296875 334 8 5 0.7142857142857143
154 5 3.04296875 334 5 2 0.2857142857142857
155 1 8.03125 336 10 7 1.0
156 5 3.025390625 337 5 2 0.2857142857142857
157 1 8.01953125 338 10 7 1.0
158 5 3.013671875 339 5 2 0.2857142857142857
159 1 8.013671875 339 10 7 1.0
160 5 3.013671875 339 5 2 0.2857142857142857
160 4 6.013671875 339 8 5 0.7142857142857143
161 5 2.013671875 339 4 1 0.14285714285714285
161 4 6.0078125 340 8 5 0.7142857142857143
162 1 8.0078125 340 10 7 1.0
163 5 2.001953125 341 4 1 0.14285714285714285
164 1 8.001953125 341 10 7 1.0
165 5 1.99609375 342 4 1 0.14285714285714285
166 1 7.99609375 342 10 7 1.0
166 2 6.99609375 342 9 6 0.8571428571428571
167 5 1.99609375 342 4 1 0.14285714285714285
168 5 1.99609375 342 4 1 0.14285714285714285
168 4 3.99609375 342 6 3 0.42857142857142855
169 5 1.990234375 343 4 1 0.14285714285714285
170 1 7.990234375 343 10 7 1.0
170 2 6.990234375 343 9 6 0.8571428571428571
171 5 1.990234375 343 4 1 0.14285714285714285
172 5 1.990234375 343 4 1 0.14285714285714285
172 4 3.990234375 343 6 3 0.42857142857142855
173 5 1.984375 344 4 1 0.14285714285714285
174 1 7.978515625 345 10 7 1.0
175 5 1.97265625 346 4 1 0.14285714285714285
176 1 7.97265625 346 10 7 1.0
177 5 1.955078125 349 4 1 0.14285714285714285
178 1 7.955078125 349 10 7 1.0
178 2 6.955078125 349 9 6 0.8571428571428571
179 4 5.94921875 350 8 5 0.7142857142857143
179 5 1.94921875 350 4 1 0.14285714285714285
180 1 7.94921875 350 10 7 1.0
180 2 4.94921875 350 7 4 0.5714285714285714
181 5 1.94921875 350 4 1 0.14285714285714285
182 5 1.943359375 351 4 1 0.14285714285714285
183 1 7.943359375 351 10 7 1.0
184 5 1.919921875 355 4 1 0.14285714285714285
185 1 7.919921875 355 10 7 1.0
186 5 1.908203125 357 4 1 0.14285714285714285
187 1 7.908203125 357 10 7 1.0
187 2 7.90234375 358 10 7 1.0
188 5 1.896484375 359 4 1 0.14285714285714285
189 1 7.890625 360 10 7 1.0
190 4 5.890625 360 8 5 0.7142857142857143
190 5 1.87890625 362 4 1 0.14285714285714285
191 1 7.873046875 363 10 7 1.0
192 5 1.8671875 364 4 1 0.14285714285714285
193 1 7.861328125 365 10 7 1.0
194 5 1.85546875 366 4 1 0.14285714285714285
195 1 7.85546875 366 10 7 1.0
196 4 3.85546875 366 6 3 0.42857142857142855
196 5 1.84375 368 4 1 0.14285714285714285
197 1 7.83203125 370 10 7 1.0
198 5 1.826171875 371 4 1 0.14285714285714285
199 1 7.826171875 371 10 7 1.0
200 5 1.8203125 372 4 1 0.14285714285714285
201 1 7.814453125 373 10 7 1.0
202 5 1.802734375 375 4 1 0.14285714285714285
203 1 7.796875 376 10 7 1.0
204 5 1.796875 376 4 1 0.14285714285714285
204 4 3.796875 376 6 3 0.42857142857142855
205 1 7.78515625 378 10 7 1.0
206 5 1.767578125 381 4 1 0.14285714285714285
207 1 7.767578125 381 10 7 1.0
208 5 1.767578125 381 4 1 0.14285714285714285
209 5 1.755859375 383 4 1 0.14285714285714285
210 1 7.75 384 10 7 1.0
211 5 1.75 384 4 1 0.14285714285714285
212 1 7.75 384 10 7 1.0
212 2 6.75 384 9 6 0.8571428571428571
213 1 7.75 384 10 7 1.0
214 1 7.73828125 386 10 7 1.0
214 2 7.732421875 387 10 7 1.0
215 5 1.732421875 387 4 1 0.14285714285714285
216 1 7.732421875 387 10 7 1.0
217 5 1.732421875 387 4 1 0.14285714285714285
217 4 3.732421875 387 6 3 0.42857142857142855
218 5 1.7265625 388 4 1 0.14285714285714285
218 4 3.7265625 388 6 3 0.42857142857142855
219 1 7.7265625 388 10 7 1.0
220 5 1.7265625 388 4 1 0.14285714285714285
221 5 1.7265625 388 4 1 0.14285714285714285
222 5 1.71484375 390 4 1 0.14285714285714285
223 1 7.71484375 390 10 7 1.0
224 5 1.71484375 390 4 1 0.14285714285714285
225 5 1.71484375 390 4 1 0.14285714285714285
225 4 3.71484375 390 6 3 0.42857142857142855
226 5 1.708984375 391 4 1 0.14285714285714285
226 6 1.703125 392 4 1 0.14285714285714285
227 1 7.703125 392 10 7 1.0
228 5 1.697265625 393 4 1 0.14285714285714285
228 6 1.69140625 394 4 1 0.14285714285714285
229 1 7.673828125 397 10 7 1.0
230 6 1.662109375 399 4 1 0.14285714285714285
231 1 7.662109375 399 10 7 1.0
232 6 1.65625 400 4 1 0.14285714285714285
233 1 7.64453125 402 10 7 1.0
234 2 4.64453125 402 7 4 0.5714285714285714
235 5 3.638671875 403 6 3 0.42857142857142855
235 6 1.638671875 403 4 1 0.14285714285714285
236 1 7.638671875 403 10 7 1.0
236 2 4.638671875 403 7 4 0.5714285714285714
237 6 0.638671875 403 3 0 0.0
238 1 7.638671875 403 10 7 1.0
239 1 7.638671875 403 10 7 1.0
240 1 7.638671875 403 10 7 1.0
241 1 7.6328125 404 10 7 1.0
242 6 0.62109375 406 3 0 0.0
242 5 1.62109375 406 4 1 0.14285714285714285
243 1 7.615234375 407 10 7 1.0
244 6 0.609375 408 3 0 0.0
244 5 1.609375 408 4 1 0.14285714285714285
245 1 7.609375 408 10 7 1.0
246 6 0.603515625 409 3 0 0.0
247 1 7.603515625 409 10 7 1.0
248 6 0.59765625 410 3 0 0.0
249 1 7.591796875 411 10 7 1.0
250 6 0.580078125 413 3 0 0.0
251 1 7.5625 416 10 7 1.0
252 6 0.5625 416 3 0 0.0
252 5 2.5625 416 5 2 0.2857142857142857
253 2 4.5625 416 7 4 0.5714285714285714
253 1 7.556640625 417 10 7 1.0
254 5 2.556640625 417 5 2 0.2857142857142857
254 6 0.544921875 419 3 0 0.0
255 1 7.5390625 420 10 7 1.0
256 6 0.5390625 420 3 0 0.0
256 5 2.5390625 420 5 2 0.2857142857142857
257 1 7.533203125 421 10 7 1.0
258 6 0.533203125 421 3 0 0.0
259 1 7.533203125 421 10 7 1.0
260 1 7.533203125 421 10 7 1.0
260 2 4.533203125 421 7 4 0.5714285714285714
261 1 7.533203125 421 10 7 1.0
262 1 7.521484375 423 10 7 1.0
263 6 0.515625 424 3 0 0.0
264 1 7.515625 424 10 7 1.0
265 6 0.515625 424 3 0 0.0
265 5 2.515625 424 5 2 0.2857142857142857
265 7 0.509765625 425 3 0 0.0
266 1 7.50390625 426 10 7 1.0
267 7 0.486328125 429 3 0 0.0
268 1 7.486328125 429 10 7 1.0
268 2 6.486328125 429 9 6 0.8571428571428571
269 7 0.46875 432 3 0 0.0
270 1 7.462890625 433 10 7 1.0
271 7 0.462890625 433 3 0 0.0
272 1 7.462890625 433 10 7 1.0
273 1 7.45703125 434 10 7 1.0
274 7 0.45703125 434 3 0 0.0
274 5 4.45703125 434 7 4 0.5714285714285714
274 6 1.451171875 435 4 1 0.14285714285714285
275 1 7.451171875 435 10 7 1.0
276 7 0.451171875 435 3 0 0.0
277 1 7.451171875 435 10 7 1.0
278 1 7.451171875 435 10 7 1.0
279 1 7.451171875 435 10 7 1.0
280 1 7.451171875 435 10 7 1.0
281 1 6.451171875 435 9 6 0.8571428571428571
282 7 0.451171875 435 3 0 0.0
283 6 2.451171875 435 5 2 0.2857142857142857
283 7 0.4453125 436 3 0 0.0
284 1 6.4453125 436 9 6 0.8571428571428571
285 7 0.43359375 438 3 0 0.0
286 1 6.43359375 438 9 6 0.8571428571428571
287 6 0.43359375 438 3 0 0.0
288 1 6.43359375 438 9 6 0.8571428571428571
289 1 6.43359375 438 9 6 0.8571428571428571
289 2 3.43359375 438 6 3 0.42857142857142855
290 1 6.43359375 438 9 6 0.8571428571428571
291 1 6.43359375 438 9 6 0.8571428571428571
292 1 6.43359375 438 9 6 0.8571428571428571
293 1 6.43359375 438 9 6 0.8571428571428571
294 1 6.43359375 438 9 6 0.8571428571428571
294 2 5.43359375 438 8 5 0.7142857142857143
295 1 6.43359375 438 9 6 0.8571428571428571
296 1 6.43359375 438 9 6 0.8571428571428571
297 1 6.43359375 438 9 6 0.8571428571428571
298 1 6.43359375 438 9 6 0.8571428571428571
298 2 3.43359375 438 6 3 0.42857142857142855
299 1 6.43359375 438 9 6 0.8571428571428571
299 2 5.43359375 438 8 5 0.7142857142857143
300 1 6.43359375 438 9 6 0.8571428571428571
301 1 6.43359375 438 9 6 0.8571428571428571
302 1 6.427734375 439 9 6 0.8571428571428571
303 6 0.427734375 439 3 0 0.0
303 4 7.427734375 439 10 7 1.0
304 2 3.427734375 439 6 3 0.42857142857142855
304 1 6.427734375 439 9 6 0.8571428571428571
305 1 6.427734375 439 9 6 0.8571428571428571
306 1 6.427734375 439 9 6 0.8571428571428571
307 1 6.427734375 439 9 6 0.8571428571428571
308 1 6.416015625 441 9 6 0.8571428571428571
309 6 0.41015625 442 3 0 0.0
310 2 3.41015625 442 6 3 0.42857142857142855
310 3 2.41015625 442 5 2 0.2857142857142857
311 1 6.41015625 442 9 6 0.8571428571428571
312 5 5.41015625 442 8 5 0.7142857142857143
312 6 0.41015625 442 3 0 0.0
313 6 0.3984375 444 3 0 0.0
314 1 6.392578125 445 9 6 0.8571428571428571
315 6 0.38671875 446 3 0 0.0
315 5 2.38671875 446 5 2 0.2857142857142857
316 1 6.38671875 446 9 6 0.8571428571428571
317 6 0.380859375 447 3 0 0.0
318 1 6.380859375 447 9 6 0.8571428571428571
319 6 0.380859375 447 3 0 0.0
319 5 2.380859375 447 5 2 0.2857142857142857
320 6 0.375 448 3 0 0.0
321 1 6.375 448 9 6 0.8571428571428571
322 6 0.375 448 3 0 0.0
323 6 0.375 448 3 0 0.0
323 5 2.375 448 5 2 0.2857142857142857
324 6 0.375 448 3 0 0.0
325 6 0.375 448 3 0 0.0
325 5 2.375 448 5 2 0.2857142857142857
326 6 0.369140625 449 3 0 0.0
327 1 6.369140625 449 9 6 0.8571428571428571
328 6 0.369140625 449 3 0 0.0
328 5 2.369140625 449 5 2 0.2857142857142857
329 6 0.369140625 449 3 0 0.0
329 5 2.369140625 449 5 2 0.2857142857142857
330 5 2.369140625 449 5 2 0.2857142857142857
330 6 0.36328125 450 3 0 0.0
331 1 6.36328125 450 9 6 0.8571428571428571
332 6 0.357421875 451 3 0 0.0
333 1 6.357421875 451 9 6 0.8571428571428571
334 6 0.345703125 453 3 0 0.0
335 1 6.345703125 453 9 6 0.8571428571428571
335 2 5.345703125 453 8 5 0.7142857142857143
336 6 0.33984375 454 3 0 0.0
337 1 6.33984375 454 9 6 0.8571428571428571
338 6 0.333984375 455 3 0 0.0
339 1 6.333984375 455 9 6 0.8571428571428571
339 2 5.333984375 455 8 5 0.7142857142857143
340 5 2.333984375 455 5 2 0.2857142857142857
340 6 0.322265625 457 3 0 0.0
341 1 6.322265625 457 9 6 0.8571428571428571
341 2 3.322265625 457 6 3 0.42857142857142855
342 6 0.322265625 457 3 0 0.0
342 5 2.322265625 457 5 2 0.2857142857142857
343 6 0.322265625 457 3 0 0.0
344 6 0.322265625 457 3 0 0.0
345 5 4.322265625 457 7 4 0.5714285714285714
345 6 0.31640625 458 3 0 0.0
346 1 6.31640625 458 9 6 0.8571428571428571
346 2 5.31640625 458 8 5 0.7142857142857143
347 5 2.31640625 458 5 2 0.2857142857142857
347 6 0.310546875 459 3 0 0.0
348 1 6.310546875 459 9 6 0.8571428571428571
349 6 0.310546875 459 3 0 0.0
350 6 0.3046875 460 3 0 0.0
351 1 6.3046875 460 9 6 0.8571428571428571
352 6 0.298828125 461 3 0 0.0
353 1 6.298828125 461 9 6 0.8571428571428571
354 6 0.298828125 461 3 0 0.0
355 5 2.298828125 461 5 2 0.2857142857142857
355 6 0.298828125 461 3 0 0.0
356 6 0.298828125 461 3 0 0.0
356 5 2.298828125 461 5 2 0.2857142857142857
357 5 2.298828125 461 5 2 0.2857142857142857
357 6 0.298828125 461 3 0 0.0
358 6 0.298828125 461 3 0 0.0
358 5 2.298828125 461 5 2 0.2857142857142857
359 6 0.298828125 461 3 0 0.0
360 6 0.29296875 462 3 0 0.0
360 5 2.29296875 462 5 2 0.2857142857142857
361 1 6.29296875 462 9 6 0.8571428571428571
362 5 2.287109375 463 5 2 0.2857142857142857
362 6 0.287109375 463 3 0 0.0
363 1 6.287109375 463 9 6 0.8571428571428571
364 5 2.287109375 463 5 2 0.2857142857142857
364 6 0.28125 464 3 0 0.0
365 1 6.28125 464 9 6 0.8571428571428571
366 6 0.28125 464 3 0 0.0
366 5 2.28125 464 5 2 0.2857142857142857
367 6 0.28125 464 3 0 0.0
368 6 0.28125 464 3 0 0.0
368 5 2.28125 464 5 2 0.2857142857142857
369 6 0.275390625 465 3 0 0.0
369 5 2.275390625 465 5 2 0.2857142857142857
370 1 6.275390625 465 9 6 0.8571428571428571
371 6 0.26953125 466 3 0 0.0
372 1 6.26953125 466 9 6 0.8571428571428571
373 6 0.263671875 467 3 0 0.0
374 1 6.263671875 467 9 6 0.8571428571428571
375 6 0.251953125 469 3 0 0.0
376 1 6.251953125 469 9 6 0.8571428571428571
376 2 5.251953125 469 8 5 0.7142857142857143
377 6 0.251953125 469 3 0 0.0
378 6 0.24609375 470 3 0 0.0
378 5 2.24609375 470 5 2 0.2857142857142857
379 1 6.24609375 470 9 6 0.8571428571428571
380 6 0.24609375 470 3 0 0.0
380 5 2.24609375 470 5 2 0.2857142857142857
381 6 0.24609375 470 3 0 0.0
382 5 2.240234375 471 5 2 0.2857142857142857
382 6 0.240234375 471 3 0 0.0
383 1 6.240234375 471 9 6 0.8571428571428571
384 6 0.240234375 471 3 0 0.0
385 6 0.228515625 473 3 0 0.0
386 1 6.228515625 473 9 6 0.8571428571428571
387 6 0.216796875 475 3 0 0.0
388 1 5.216796875 475 8 5 0.7142857142857143
389 2 3.216796875 475 6 3 0.42857142857142855
390 6 0.216796875 475 3 0 0.0
391 6 0.216796875 475 3 0 0.0
391 5 2.216796875 475 5 2 0.2857142857142857
392 6 0.216796875 475 3 0 0.0
392 5 2.216796875 475 5 2 0.2857142857142857
393 6 0.216796875 475 3 0 0.0
393 5 2.216796875 475 5 2 0.2857142857142857
394 6 0.216796875 475 3 0 0.0
394 5 4.216796875 475 7 4 0.5714285714285714
395 6 0.2109375 476 3 0 0.0
396 1 5.2109375 476 8 5 0.7142857142857143
397 6 0.2109375 476 3 0 0.0
398 6 0.2109375 476 3 0 0.0
398 5 2.2109375 476 5 2 0.2857142857142857
399 6 0.2109375 476 3 0 0.0
400 6 0.205078125 477 3 0 0.0
401 1 5.205078125 477 8 5 0.7142857142857143
402 6 0.19921875 478 3 0 0.0
403 1 5.193359375 479 8 5 0.7142857142857143
404 5 1.193359375 479 4 1 0.14285714285714285
405 6 0.1875 480 3 0 0.0
406 1 5.1875 480 8 5 0.7142857142857143
407 6 0.1875 480 3 0 0.0
407 5 2.1875 480 5 2 0.2857142857142857
408 6 0.181640625 481 3 0 0.0
409 1 5.181640625 481 8 5 0.7142857142857143
410 6 0.181640625 481 3 0 0.0
411 5 2.17578125 482 5 2 0.2857142857142857
411 6 0.169921875 483 3 0 0.0
412 1 5.169921875 483 8 5 0.7142857142857143
413 6 0.169921875 483 3 0 0.0
414 6 0.169921875 483 3 0 0.0
415 6 0.1640625 484 3 0 0.0
415 5 2.1640625 484 5 2 0.2857142857142857
416 1 5.1640625 484 8 5 0.7142857142857143
417 6 0.158203125 485 3 0 0.0
418 1 5.158203125 485 8 5 0.7142857142857143
419 6 0.158203125 485 3 0 0.0
419 5 2.158203125 485 5 2 0.2857142857142857
420 6 0.15234375 486 3 0 0.0
421 1 5.15234375 486 8 5 0.7142857142857143
422 6 0.15234375 486 3 0 0.0
423 6 0.15234375 486 3 0 0.0
423 5 2.15234375 486 5 2 0.2857142857142857
424 6 0.15234375 486 3 0 0.0
424 5 5.15234375 486 8 5 0.7142857142857143
425 6 0.146484375 487 3 0 0.0
426 1 5.146484375 487 8 5 0.7142857142857143
427 6 0.146484375 487 3 0 0.0
428 5 2.146484375 487 5 2 0.2857142857142857
428 6 0.146484375 487 3 0 0.0
429 6 0.146484375 487 3 0 0.0
429 5 2.146484375 487 5 2 0.2857142857142857
430 6 0.146484375 487 3 0 0.0
430 5 2.146484375 487 5 2 0.2857142857142857
431 6 0.146484375 487 3 0 0.0
432 5 2.146484375 487 5 2 0.2857142857142857
432 6 0.146484375 487 3 0 0.0
433 6 0.146484375 487 3 0 0.0
433 5 2.146484375 487 5 2 0.2857142857142857
434 6 0.146484375 487 3 0 0.0
435 4 7.146484375 487 10 7 1.0
435 6 0.146484375 487 3 0 0.0
436 6 0.146484375 487 3 0 0.0
437 6 0.146484375 487 3 0 0.0
438 6 0.146484375 487 3 0 0.0
439 6 0.146484375 487 3 0 0.0
439 5 2.146484375 487 5 2 0.2857142857142857
440 6 0.146484375 487 3 0 0.0
440 5 2.146484375 487 5 2 0.2857142857142857
441 6 0.140625 488 3 0 0.0
442 1 5.140625 488 8 5 0.7142857142857143
443 6 0.140625 488 3 0 0.0
443 5 2.140625 488 5 2 0.2857142857142857
444 6 0.140625 488 3 0 0.0
445 5 2.140625 488 5 2 0.2857142857142857
445 6 0.140625 488 3 0 0.0
446 6 0.140625 488 3 0 0.0
447 6 0.140625 488 3 0 0.0
447 5 2.140625 488 5 2 0.2857142857142857
448 5 2.140625 488 5 2 0.2857142857142857
448 6 0.134765625 489 3 0 0.0
449 1 5.134765625 489 8 5 0.7142857142857143
450 6 0.134765625 489 3 0 0.0
450 5 2.134765625 489 5 2 0.2857142857142857
451 6 0.134765625 489 3 0 0.0
452 6 0.134765625 489 3 0 0.0
453 6 0.134765625 489 3 0 0.0
454 6 0.134765625 489 3 0 0.0
455 6 0.134765625 489 3 0 0.0
456 5 2.12890625 490 5 2 0.2857142857142857
456 6 0.12890625 490 3 0 0.0
457 1 5.12890625 490 8 5 0.7142857142857143
458 5 2.12890625 490 5 2 0.2857142857142857
458 6 0.12890625 490 3 0 0.0
459 6 0.123046875 491 3 0 0.0
460 1 5.123046875 491 8 5 0.7142857142857143
460 2 2.123046875 491 5 2 0.2857142857142857
461 6 0.123046875 491 3 0 0.0
462 6 0.123046875 491 3 0 0.0
463 6 0.1171875 492 3 0 0.0
464 2 2.111328125 493 5 2 0.2857142857142857
464 1 5.111328125 493 8 5 0.7142857142857143
465 6 0.111328125 493 3 0 0.0
466 1 5.111328125 493 8 5 0.7142857142857143
467 1 5.111328125 493 8 5 0.7142857142857143
468 1 5.111328125 493 8 5 0.7142857142857143
469 1 5.111328125 493 8 5 0.7142857142857143
470 1 5.111328125 493 8 5 0.7142857142857143
471 1 5.111328125 493 8 5 0.7142857142857143
471 2 4.111328125 493 7 4 0.5714285714285714
472 1 5.111328125 493 8 5 0.7142857142857143
473 1 5.111328125 493 8 5 0.7142857142857143
474 1 5.111328125 493 8 5 0.7142857142857143
475 1 5.111328125 493 8 5 0.7142857142857143
476 1 5.111328125 493 8 5 0.7142857142857143
477 1 5.111328125 493 8 5 0.7142857142857143
478 1 5.111328125 493 8 5 0.7142857142857143
479 2 2.111328125 493 5 2 0.2857142857142857
479 1 5.111328125 493 8 5 0.7142857142857143
480 1 5.111328125 493 8 5 0.7142857142857143
481 1 5.111328125 493 8 5 0.7142857142857143
482 1 5.111328125 493 8 5 0.7142857142857143
483 1 5.111328125 493 8 5 0.7142857142857143
484 1 5.111328125 493 8 5 0.7142857142857143
484 2 2.111328125 493 5 2 0.2857142857142857
485 1 5.111328125 493 8 5 0.7142857142857143
486 1 5.111328125 493 8 5 0.7142857142857143
486 2 2.111328125 493 5 2 0.2857142857142857
487 1 5.111328125 493 8 5 0.7142857142857143
487 2 4.111328125 493 7 4 0.5714285714285714
488 1 5.111328125 493 8 5 0.7142857142857143
488 2 2.111328125 493 5 2 0.2857142857142857
489 1 5.111328125 493 8 5 0.7142857142857143
490 1 5.111328125 493 8 5 0.7142857142857143
490 2 4.111328125 493 7 4 0.5714285714285714
491 1 5.111328125 493 8 5 0.7142857142857143
491 3 3.111328125 493 6 3 0.42857142857142855
492 1 5.111328125 493 8 5 0.7142857142857143
492 2 2.111328125 493 5 2 0.2857142857142857
493 1 5.111328125 493 8 5 0.7142857142857143
494 1 5.111328125 493 8 5 0.7142857142857143
494 2 4.111328125 493 7 4 0.5714285714285714
495 1 5.111328125 493 8 5 0.7142857142857143
496 1 5.111328125 493 8 5 0.7142857142857143
497 1 5.111328125 493 8 5 0.7142857142857143
498 2 2.111328125 493 5 2 0.2857142857142857
498 1 5.111328125 493 8 5 0.7142857142857143
499 1 5.111328125 493 8 5 0.7142857142857143
500 1 5.111328125 493 8 5 0.7142857142857143
501 1 5.111328125 493 8 5 0.7142857142857143
502 1 5.111328125 493 8 5 0.7142857142857143
503 1 5.111328125 493 8 5 0.7142857142857143
504 1 5.111328125 493 8 5 0.7142857142857143
505 1 5.111328125 493 8 5 0.7142857142857143
506 1 5.111328125 493 8 5 0.7142857142857143
507 1 5.111328125 493 8 5 0.7142857142857143
507 2 4.111328125 493 7 4 0.5714285714285714
508 1 5.111328125 493 8 5 0.7142857142857143
509 1 5.111328125 493 8 5 0.7142857142857143
510 1 5.111328125 493 8 5 0.7142857142857143
511 1 5.111328125 493 8 5 0.7142857142857143
512 1 5.111328125 493 8 5 0.7142857142857143
513 1 5.111328125 493 8 5 0.7142857142857143
514 1 5.111328125 493 8 5 0.7142857142857143
515 1 5.111328125 493 8 5 0.7142857142857143
516 1 5.111328125 493 8 5 0.7142857142857143
517 1 5.111328125 493 8 5 0.7142857142857143
518 1 5.111328125 493 8 5 0.7142857142857143
519 1 5.111328125 493 8 5 0.7142857142857143
520 1 5.111328125 493 8 5 0.7142857142857143
521 1 5.111328125 493 8 5 0.7142857142857143
522 1 5.111328125 493 8 5 0.7142857142857143
523 1 5.111328125 493 8 5 0.7142857142857143
523 2 2.111328125 493 5 2 0.2857142857142857
524 1 5.111328125 493 8 5 0.7142857142857143
525 2 4.111328125 493 7 4 0.5714285714285714
525 1 5.111328125 493 8 5 0.7142857142857143
526 1 5.111328125 493 8 5 0.7142857142857143
527 1 5.111328125 493 8 5 0.7142857142857143
528 1 5.111328125 493 8 5 0.7142857142857143
529 1 5.111328125 493 8 5 0.7142857142857143
530 1 5.111328125 493 8 5 0.7142857142857143
531 1 5.10546875 494 8 5 0.7142857142857143
532 6 0.10546875 494 3 0 0.0
533 1 5.10546875 494 8 5 0.7142857142857143
534 1 5.10546875 494 8 5 0.7142857142857143
535 1 5.10546875 494 8 5 0.7142857142857143
536 1 5.10546875 494 8 5 0.7142857142857143
536 2 2.10546875 494 5 2 0.2857142857142857
537 1 5.10546875 494 8 5 0.7142857142857143
538 1 5.10546875 494 8 5 0.7142857142857143
538 3 4.10546875 494 7 4 0.5714285714285714
539 1 5.10546875 494 8 5 0.7142857142857143
540 1 5.10546875 494 8 5 0.7142857142857143
541 1 5.10546875 494 8 5 0.7142857142857143
542 1 5.10546875 494 8 5 0.7142857142857143
542 2 4.10546875 494 7 4 0.5714285714285714
543 1 5.10546875 494 8 5 0.7142857142857143
544 1 5.10546875 494 8 5 0.7142857142857143
545 1 5.10546875 494 8 5 0.7142857142857143
546 1 5.10546875 494 8 5 0.7142857142857143
546 3 4.10546875 494 7 4 0.5714285714285714
547 1 5.10546875 494 8 5 0.7142857142857143
548 1 5.10546875 494 8 5 0.7142857142857143
549 3 4.10546875 494 7 4 0.5714285714285714
549 1 5.099609375 495 8 5 0.7142857142857143
550 6 0.099609375 495 3 0 0.0
551 1 5.099609375 495 8 5 0.7142857142857143
552 2 2.099609375 495 5 2 0.2857142857142857
552 1 5.099609375 495 8 5 0.7142857142857143
553 1 5.099609375 495 8 5 0.7142857142857143
553 2 2.099609375 495 5 2 0.2857142857142857
554 1 5.099609375 495 8 5 0.7142857142857143
555 1 5.099609375 495 8 5 0.7142857142857143
556 1 5.099609375 495 8 5 0.7142857142857143
557 1 5.099609375 495 8 5 0.7142857142857143
558 1 5.099609375 495 8 5 0.7142857142857143
559 1 5.099609375 495 8 5 0.7142857142857143
560 1 5.099609375 495 8 5 0.7142857142857143
561 1 5.099609375 495 8 5 0.7142857142857143
562 1 5.099609375 495 8 5 0.7142857142857143
563 1 5.099609375 495 8 5 0.7142857142857143
564 1 5.099609375 495 8 5 0.7142857142857143
565 1 5.099609375 495 8 5 0.7142857142857143
566 1 5.099609375 495 8 5 0.7142857142857143
567 1 5.099609375 495 8 5 0.7142857142857143
568 1 5.099609375 495 8 5 0.7142857142857143
569 1 5.099609375 495 8 5 0.7142857142857143
570 1 5.099609375 495 8 5 0.7142857142857143
571 1 5.099609375 495 8 5 0.7142857142857143
572 1 5.099609375 495 8 5 0.7142857142857143
573 1 5.099609375 495 8 5 0.7142857142857143
574 1 5.099609375 495 8 5 0.7142857142857143
574 2 4.099609375 495 7 4 0.5714285714285714
575 1 5.099609375 495 8 5 0.7142857142857143
576 1 5.099609375 495 8 5 0.7142857142857143
577 1 5.099609375 495 8 5 0.7142857142857143
578 1 5.099609375 495 8 5 0.7142857142857143
579 1 5.099609375 495 8 5 0.7142857142857143
580 1 5.099609375 495 8 5 0.7142857142857143
581 1 5.099609375 495 8 5 0.7142857142857143
582 1 5.099609375 495 8 5 0.7142857142857143
583 1 5.099609375 495 8 5 0.7142857142857143
584 1 5.099609375 495 8 5 0.7142857142857143
585 1 5.099609375 495 8 5 0.7142857142857143
586 1 5.099609375 495 8 5 0.7142857142857143
587 1 5.099609375 495 8 5 0.7142857142857143
588 1 5.099609375 495 8 5 0.7142857142857143
589 1 5.099609375 495 8 5 0.7142857142857143
590 1 5.099609375 495 8 5 0.7142857142857143
591 1 5.099609375 495 8 5 0.7142857142857143
592 1 5.099609375 495 8 5 0.7142857142857143
593 1 5.099609375 495 8 5 0.7142857142857143
593 2 4.099609375 495 7 4 0.5714285714285714
594 1 5.099609375 495 8 5 0.7142857142857143
595 1 5.099609375 495 8 5 0.7142857142857143
596 1 5.099609375 495 8 5 0.7142857142857143
597 1 5.099609375 495 8 5 0.7142857142857143
598 1 5.099609375 495 8 5 0.7142857142857143
599 1 5.099609375 495 8 5 0.7142857142857143
599 2 4.099609375 495 7 4 0.5714285714285714
600 1 5.099609375 495 8 5 0.7142857142857143
601 1 5.099609375 495 8 5 0.7142857142857143
602 1 5.099609375 495 8 5 0.7142857142857143
603 1 5.099609375 495 8 5 0.7142857142857143
604 1 5.099609375 495 8 5 0.7142857142857143
605 1 5.099609375 495 8 5 0.7142857142857143
605 2 2.099609375 495 5 2 0.2857142857142857
606 1 5.099609375 495 8 5 0.7142857142857143
606 2 4.099609375 495 7 4 0.5714285714285714
607 1 5.099609375 495 8 5 0.7142857142857143
608 1 5.099609375 495 8 5 0.7142857142857143
609 1 5.099609375 495 8 5 0.7142857142857143
610 1 5.099609375 495 8 5 0.7142857142857143
611 1 5.087890625 497 8 5 0.7142857142857143
612 6 0.087890625 497 3 0 0.0
612 5 2.087890625 497 5 2 0.2857142857142857
613 1 5.087890625 497 8 5 0.7142857142857143
614 1 5.087890625 497 8 5 0.7142857142857143
615 1 5.087890625 497 8 5 0.7142857142857143
616 1 5.087890625 497 8 5 0.7142857142857143
617 1 5.087890625 497 8 5 0.7142857142857143
617 3 4.087890625 497 7 4 0.5714285714285714
618 2 2.087890625 497 5 2 0.2857142857142857
618 1 5.087890625 497 8 5 0.7142857142857143
619 2 4.087890625 497 7 4 0.5714285714285714
619 1 5.087890625 497 8 5 0.7142857142857143
620 1 5.087890625 497 8 5 0.7142857142857143
621 1 5.087890625 497 8 5 0.7142857142857143
622 1 5.087890625 497 8 5 0.7142857142857143
623 1 5.087890625 497 8 5 0.7142857142857143
624 1 5.087890625 497 8 5 0.7142857142857143
625 1 5.087890625 497 8 5 0.7142857142857143
626 1 5.087890625 497 8 5 0.7142857142857143
627 1 5.087890625 497 8 5 0.7142857142857143
628 1 5.087890625 497 8 5 0.7142857142857143
629 1 5.087890625 497 8 5 0.7142857142857143
629 3 4.087890625 497 7 4 0.5714285714285714
630 1 5.087890625 497 8 5 0.7142857142857143
631 1 5.087890625 497 8 5 0.7142857142857143
632 1 5.087890625 497 8 5 0.7142857142857143
633 1 5.087890625 497 8 5 0.7142857142857143
633 2 4.087890625 497 7 4 0.5714285714285714
634 1 5.087890625 497 8 5 0.7142857142857143
635 1 5.087890625 497 8 5 0.7142857142857143
636 1 5.087890625 497 8 5 0.7142857142857143
636 3 4.087890625 497 7 4 0.5714285714285714
637 1 5.087890625 497 8 5 0.7142857142857143
637 2 2.087890625 497 5 2 0.2857142857142857
638 1 5.087890625 497 8 5 0.7142857142857143
639 1 5.087890625 497 8 5 0.7142857142857143
640 1 5.087890625 497 8 5 0.7142857142857143
641 1 5.087890625 497 8 5 0.7142857142857143
642 1 5.087890625 497 8 5 0.7142857142857143
643 1 5.087890625 497 8 5 0.7142857142857143
643 2 4.087890625 497 7 4 0.5714285714285714
644 1 5.087890625 497 8 5 0.7142857142857143
645 1 5.087890625 497 8 5 0.7142857142857143
646 1 5.087890625 497 8 5 0.7142857142857143
647 2 4.087890625 497 7 4 0.5714285714285714
647 1 5.087890625 497 8 5 0.7142857142857143
648 1 5.087890625 497 8 5 0.7142857142857143
649 1 5.087890625 497 8 5 0.7142857142857143
650 1 5.087890625 497 8 5 0.7142857142857143
650 2 4.087890625 497 7 4 0.5714285714285714
651 1 5.087890625 497 8 5 0.7142857142857143
651 2 2.087890625 497 5 2 0.2857142857142857
652 1 5.087890625 497 8 5 0.7142857142857143
653 1 5.087890625 497 8 5 0.7142857142857143
654 1 5.087890625 497 8 5 0.7142857142857143
655 1 5.087890625 497 8 5 0.7142857142857143
656 1 5.087890625 497 8 5 0.7142857142857143
657 1 5.087890625 497 8 5 0.7142857142857143
658 1 5.087890625 497 8 5 0.7142857142857143
659 1 5.087890625 497 8 5 0.7142857142857143
660 1 5.087890625 497 8 5 0.7142857142857143
661 1 5.087890625 497 8 5 0.7142857142857143
662 1 5.087890625 497 8 5 0.7142857142857143
663 1 5.087890625 497 8 5 0.7142857142857143
664 1 5.087890625 497 8 5 0.7142857142857143
665 1 5.087890625 497 8 5 0.7142857142857143
666 1 5.087890625 497 8 5 0.7142857142857143
667 1 5.087890625 497 8 5 0.7142857142857143
667 2 2.087890625 497 5 2 0.2857142857142857
668 1 5.087890625 497 8 5 0.7142857142857143
669 1 5.087890625 497 8 5 0.7142857142857143
670 1 5.087890625 497 8 5 0.7142857142857143
670 2 4.087890625 497 7 4 0.5714285714285714
671 1 5.087890625 497 8 5 0.7142857142857143
672 1 5.087890625 497 8 5 0.7142857142857143
673 1 5.087890625 497 8 5 0.7142857142857143
674 1 5.087890625 497 8 5 0.7142857142857143
674 2 4.087890625 497 7 4 0.5714285714285714
675 1 5.087890625 497 8 5 0.7142857142857143
676 1 5.087890625 497 8 5 0.7142857142857143
677 1 5.087890625 497 8 5 0.7142857142857143
678 1 5.087890625 497 8 5 0.7142857142857143
678 3 2.087890625 497 5 2 0.2857142857142857
679 1 5.087890625 497 8 5 0.7142857142857143
680 1 5.087890625 497 8 5 0.7142857142857143
680 2 2.087890625 497 5 2 0.2857142857142857
681 1 5.087890625 497 8 5 0.7142857142857143
682 1 5.087890625 497 8 5 0.7142857142857143
683 1 5.087890625 497 8 5 0.7142857142857143
684 1 5.087890625 497 8 5 0.7142857142857143
685 1 5.087890625 497 8 5 0.7142857142857143
686 1 5.087890625 497 8 5 0.7142857142857143
687 1 5.087890625 497 8 5 0.7142857142857143
688 1 5.087890625 497 8 5 0.7142857142857143
689 1 5.087890625 497 8 5 0.7142857142857143
690 1 5.087890625 497 8 5 0.7142857142857143
691 1 5.087890625 497 8 5 0.7142857142857143
692 1 5.087890625 497 8 5 0.7142857142857143
693 1 5.087890625 497 8 5 0.7142857142857143
694 1 5.087890625 497 8 5 0.7142857142857143
694 2 2.087890625 497 5 2 0.2857142857142857
695 1 5.087890625 497 8 5 0.7142857142857143
696 1 5.087890625 497 8 5 0.7142857142857143
697 1 5.087890625 497 8 5 0.7142857142857143
698 1 5.087890625 497 8 5 0.7142857142857143
699 1 5.087890625 497 8 5 0.7142857142857143
700 1 5.087890625 497 8 5 0.7142857142857143
701 1 5.087890625 497 8 5 0.7142857142857143
702 1 5.087890625 497 8 5 0.7142857142857143
703 1 5.087890625 497 8 5 0.7142857142857143
704 1 5.087890625 497 8 5 0.7142857142857143
705 1 5.087890625 497 8 5 0.7142857142857143
706 1 5.087890625 497 8 5 0.7142857142857143
706 2 4.087890625 497 7 4 0.5714285714285714
707 1 5.087890625 497 8 5 0.7142857142857143
708 1 5.087890625 497 8 5 0.7142857142857143
709 1 5.087890625 497 8 5 0.7142857142857143
710 1 5.087890625 497 8 5 0.7142857142857143
710 2 4.087890625 497 7 4 0.5714285714285714
711 1 5.087890625 497 8 5 0.7142857142857143
712 1 5.087890625 497 8 5 0.7142857142857143
713 1 5.08203125 498 8 5 0.7142857142857143
713 2 4.08203125 498 7 4 0.5714285714285714
714 6 0.08203125 498 3 0 0.0
714 5 2.08203125 498 5 2 0.2857142857142857
715 1 5.08203125 498 8 5 0.7142857142857143
716 2 4.08203125 498 7 4 0.5714285714285714
716 1 5.08203125 498 8 5 0.7142857142857143
717 1 5.08203125 498 8 5 0.7142857142857143
717 2 2.08203125 498 5 2 0.2857142857142857
718 1 5.08203125 498 8 5 0.7142857142857143
719 1 5.08203125 498 8 5 0.7142857142857143
719 2 4.08203125 498 7 4 0.5714285714285714
720 1 5.08203125 498 8 5 0.7142857142857143
720 2 4.08203125 498 7 4 0.5714285714285714
721 1 5.08203125 498 8 5 0.7142857142857143
722 1 5.08203125 498 8 5 0.7142857142857143
723 1 5.08203125 498 8 5 0.7142857142857143
724 1 5.08203125 498 8 5 0.7142857142857143
725 1 5.08203125 498 8 5 0.7142857142857143
726 1 5.08203125 498 8 5 0.7142857142857143
727 1 5.08203125 498 8 5 0.7142857142857143
728 1 5.08203125 498 8 5 0.7142857142857143
729 1 5.08203125 498 8 5 0.7142857142857143
730 1 5.08203125 498 8 5 0.7142857142857143
731 1 5.08203125 498 8 5 0.7142857142857143
732 2 4.08203125 498 7 4 0.5714285714285714
732 1 5.08203125 498 8 5 0.7142857142857143
733 1 5.08203125 498 8 5 0.7142857142857143
734 1 5.08203125 498 8 5 0.7142857142857143
735 1 5.08203125 498 8 5 0.7142857142857143
736 1 5.08203125 498 8 5 0.7142857142857143
737 1 5.08203125 498 8 5 0.7142857142857143
737 2 4.08203125 498 7 4 0.5714285714285714
738 1 5.08203125 498 8 5 0.7142857142857143
739 1 5.08203125 498 8 5 0.7142857142857143
740 1 5.08203125 498 8 5 0.7142857142857143
741 1 5.08203125 498 8 5 0.7142857142857143
742 1 5.08203125 498 8 5 0.7142857142857143
742 2 4.08203125 498 7 4 0.5714285714285714
743 1 5.08203125 498 8 5 0.7142857142857143
744 1 5.08203125 498 8 5 0.7142857142857143
745 1 5.08203125 498 8 5 0.7142857142857143
745 2 2.08203125 498 5 2 0.2857142857142857
746 1 5.08203125 498 8 5 0.7142857142857143
747 1 5.08203125 498 8 5 0.7142857142857143
748 2 4.08203125 498 7 4 0.5714285714285714
748 1 5.08203125 498 8 5 0.7142857142857143
749 1 5.08203125 498 8 5 0.7142857142857143
750 1 5.08203125 498 8 5 0.7142857142857143
751 1 5.08203125 498 8 5 0.7142857142857143
752 1 5.08203125 498 8 5 0.7142857142857143
753 1 5.08203125 498 8 5 0.7142857142857143
753 2 2.08203125 498 5 2 0.2857142857142857
754 1 5.08203125 498 8 5 0.7142857142857143
755 1 5.08203125 498 8 5 0.7142857142857143
756 1 5.08203125 498 8 5 0.7142857142857143
757 1 5.08203125 498 8 5 0.7142857142857143
757 3 4.08203125 498 7 4 0.5714285714285714
758 1 5.08203125 498 8 5 0.7142857142857143
759 1 5.08203125 498 8 5 0.7142857142857143
760 1 5.08203125 498 8 5 0.7142857142857143
761 1 5.08203125 498 8 5 0.7142857142857143
762 1 5.08203125 498 8 5 0.7142857142857143
762 2 4.08203125 498 7 4 0.5714285714285714
763 1 5.08203125 498 8 5 0.7142857142857143
764 1 5.08203125 498 8 5 0.7142857142857143
765 3 4.08203125 498 7 4 0.5714285714285714
765 1 5.08203125 498 8 5 0.7142857142857143
766 1 5.08203125 498 8 5 0.7142857142857143
767 1 5.08203125 498 8 5 0.7142857142857143
768 1 5.08203125 498 8 5 0.7142857142857143
769 1 5.08203125 498 8 5 0.7142857142857143
770 1 5.08203125 498 8 5 0.7142857142857143
771 1 5.08203125 498 8 5 0.7142857142857143
772 1 5.08203125 498 8 5 0.7142857142857143
773 1 5.08203125 498 8 5 0.7142857142857143
774 1 5.08203125 498 8 5 0.7142857142857143
775 1 5.076171875 499 8 5 0.7142857142857143
776 5 2.076171875 499 5 2 0.2857142857142857
776 6 0.076171875 499 3 0 0.0
777 1 5.076171875 499 8 5 0.7142857142857143
778 1 5.076171875 499 8 5 0.7142857142857143
779 1 5.076171875 499 8 5 0.7142857142857143
780 1 5.076171875 499 8 5 0.7142857142857143
781 1 5.076171875 499 8 5 0.7142857142857143
781 3 4.076171875 499 7 4 0.5714285714285714
782 1 5.076171875 499 8 5 0.7142857142857143
783 1 5.076171875 499 8 5 0.7142857142857143
784 1 5.076171875 499 8 5 0.7142857142857143
785 1 5.076171875 499 8 5 0.7142857142857143
786 1 5.076171875 499 8 5 0.7142857142857143
787 1 5.076171875 499 8 5 0.7142857142857143
788 1 5.076171875 499 8 5 0.7142857142857143
789 1 5.076171875 499 8 5 0.7142857142857143
790 1 5.076171875 499 8 5 0.7142857142857143
790 2 2.076171875 499 5 2 0.2857142857142857
791 1 5.076171875 499 8 5 0.7142857142857143
792 1 5.076171875 499 8 5 0.7142857142857143
793 1 5.076171875 499 8 5 0.7142857142857143
794 1 5.076171875 499 8 5 0.7142857142857143
795 1 5.076171875 499 8 5 0.7142857142857143
795 2 4.076171875 499 7 4 0.5714285714285714
796 1 5.076171875 499 8 5 0.7142857142857143
796 2 4.076171875 499 7 4 0.5714285714285714
797 1 5.076171875 499 8 5 0.7142857142857143
797 3 2.076171875 499 5 2 0.2857142857142857
798 1 5.076171875 499 8 5 0.7142857142857143
799 1 5.076171875 499 8 5 0.7142857142857143
800 1 5.076171875 499 8 5 0.7142857142857143
801 1 5.076171875 499 8 5 0.7142857142857143
802 1 5.076171875 499 8 5 0.7142857142857143
802 2 4.076171875 499 7 4 0.5714285714285714
803 1 5.076171875 499 8 5 0.7142857142857143
804 1 5.076171875 499 8 5 0.7142857142857143
804 2 2.076171875 499 5 2 0.2857142857142857
805 1 5.076171875 499 8 5 0.7142857142857143
806 1 5.076171875 499 8 5 0.7142857142857143
807 1 5.076171875 499 8 5 0.7142857142857143
808 1 5.076171875 499 8 5 0.7142857142857143
808 3 4.076171875 499 7 4 0.5714285714285714
809 1 5.076171875 499 8 5 0.7142857142857143
809 2 2.076171875 499 5 2 0.2857142857142857
810 1 5.076171875 499 8 5 0.7142857142857143
811 1 5.076171875 499 8 5 0.7142857142857143
812 1 5.076171875 499 8 5 0.7142857142857143
813 1 5.076171875 499 8 5 0.7142857142857143
814 1 5.076171875 499 8 5 0.7142857142857143
814 3 2.076171875 499 5 2 0.2857142857142857
815 1 5.076171875 499 8 5 0.7142857142857143
816 1 5.076171875 499 8 5 0.7142857142857143
816 2 4.076171875 499 7 4 0.5714285714285714
817 1 5.076171875 499 8 5 0.7142857142857143
818 2 4.076171875 499 7 4 0.5714285714285714
818 1 5.076171875 499 8 5 0.7142857142857143
819 1 5.076171875 499 8 5 0.7142857142857143
820 1 5.076171875 499 8 5 0.7142857142857143
821 1 5.076171875 499 8 5 0.7142857142857143
822 1 5.076171875 499 8 5 0.7142857142857143
822 2 2.076171875 499 5 2 0.2857142857142857
823 1 5.076171875 499 8 5 0.7142857142857143
824 1 5.076171875 499 8 5 0.7142857142857143
825 1 5.076171875 499 8 5 0.7142857142857143
825 2 4.076171875 499 7 4 0.5714285714285714
826 1 5.076171875 499 8 5 0.7142857142857143
826 2 4.076171875 499 7 4 0.5714285714285714
827 1 5.076171875 499 8 5 0.7142857142857143
828 1 5.076171875 499 8 5 0.7142857142857143
829 1 5.076171875 499 8 5 0.7142857142857143
830 1 5.076171875 499 8 5 0.7142857142857143
830 2 2.076171875 499 5 2 0.2857142857142857
831 1 5.076171875 499 8 5 0.7142857142857143
832 1 5.076171875 499 8 5 0.7142857142857143
832 2 2.076171875 499 5 2 0.2857142857142857
833 1 5.076171875 499 8 5 0.7142857142857143
834 1 5.076171875 499 8 5 0.7142857142857143
834 2 4.076171875 499 7 4 0.5714285714285714
835 1 5.076171875 499 8 5 0.7142857142857143
836 1 5.076171875 499 8 5 0.7142857142857143
837 1 5.076171875 499 8 5 0.7142857142857143
838 1 5.076171875 499 8 5 0.7142857142857143
839 1 5.076171875 499 8 5 0.7142857142857143
839 3 4.076171875 499 7 4 0.5714285714285714
840 1 5.076171875 499 8 5 0.7142857142857143
840 2 2.076171875 499 5 2 0.2857142857142857
841 1 5.076171875 499 8 5 0.7142857142857143
842 1 5.076171875 499 8 5 0.7142857142857143
843 1 5.076171875 499 8 5 0.7142857142857143
843 2 2.076171875 499 5 2 0.2857142857142857
844 1 5.076171875 499 8 5 0.7142857142857143
845 1 5.076171875 499 8 5 0.7142857142857143
846 1 5.076171875 499 8 5 0.7142857142857143
846 2 2.076171875 499 5 2 0.2857142857142857
847 1 5.076171875 499 8 5 0.7142857142857143
848 1 5.076171875 499 8 5 0.7142857142857143
849 1 5.076171875 499 8 5 0.7142857142857143
850 1 5.0703125 500 8 5 0.7142857142857143
851 6 0.0703125 500 3 0 0.0
851 5 2.0703125 500 5 2 0.2857142857142857
852 1 5.0703125 500 8 5 0.7142857142857143
853 1 5.0703125 500 8 5 0.7142857142857143
854 1 5.0703125 500 8 5 0.7142857142857143
855 1 5.0703125 500 8 5 0.7142857142857143
856 1 5.0703125 500 8 5 0.7142857142857143
857 1 5.0703125 500 8 5 0.7142857142857143
858 1 5.0703125 500 8 5 0.7142857142857143
858 2 2.0703125 500 5 2 0.2857142857142857
859 1 5.0703125 500 8 5 0.7142857142857143
860 1 5.0703125 500 8 5 0.7142857142857143
861 1 5.0703125 500 8 5 0.7142857142857143
861 2 2.0703125 500 5 2 0.2857142857142857
862 1 5.0703125 500 8 5 0.7142857142857143
863 1 5.0703125 500 8 5 0.7142857142857143
864 1 5.0703125 500 8 5 0.7142857142857143
865 1 5.0703125 500 8 5 0.7142857142857143
866 1 5.0703125 500 8 5 0.7142857142857143
867 1 5.0703125 500 8 5 0.7142857142857143
868 1 5.0703125 500 8 5 0.7142857142857143
869 1 5.0703125 500 8 5 0.7142857142857143
870 1 5.0703125 500 8 5 0.7142857142857143
870 2 2.0703125 500 5 2 0.2857142857142857
871 1 5.0703125 500 8 5 0.7142857142857143
872 1 5.0703125 500 8 5 0.7142857142857143
873 1 5.0703125 500 8 5 0.7142857142857143
874 1 5.0703125 500 8 5 0.7142857142857143
875 1 5.0703125 500 8 5 0.7142857142857143
876 1 5.0703125 500 8 5 0.7142857142857143
876 2 2.0703125 500 5 2 0.2857142857142857
877 1 5.0703125 500 8 5 0.7142857142857143
878 1 5.0703125 500 8 5 0.7142857142857143
879 1 5.0703125 500 8 5 0.7142857142857143
880 1 5.0703125 500 8 5 0.7142857142857143
881 1 5.0703125 500 8 5 0.7142857142857143
881 2 4.0703125 500 7 4 0.5714285714285714
882 1 5.0703125 500 8 5 0.7142857142857143
883 1 5.0703125 500 8 5 0.7142857142857143
884 1 5.0703125 500 8 5 0.7142857142857143
885 1 5.0703125 500 8 5 0.7142857142857143
886 1 5.0703125 500 8 5 0.7142857142857143
887 1 5.0703125 500 8 5 0.7142857142857143
887 2 4.0703125 500 7 4 0.5714285714285714
888 1 5.0703125 500 8 5 0.7142857142857143
889 1 5.0703125 500 8 5 0.7142857142857143
889 2 2.0703125 500 5 2 0.2857142857142857
890 1 5.0703125 500 8 5 0.7142857142857143
891 1 5.0703125 500 8 5 0.7142857142857143
892 1 5.0703125 500 8 5 0.7142857142857143
893 1 5.0703125 500 8 5 0.7142857142857143
894 1 5.064453125 501 8 5 0.7142857142857143
895 6 0.064453125 501 3 0 0.0
896 1 5.064453125 501 8 5 0.7142857142857143
897 1 5.064453125 501 8 5 0.7142857142857143
898 1 5.064453125 501 8 5 0.7142857142857143
899 1 5.064453125 501 8 5 0.7142857142857143
900 1 5.064453125 501 8 5 0.7142857142857143
901 1 5.064453125 501 8 5 0.7142857142857143
902 1 5.064453125 501 8 5 0.7142857142857143
903 1 5.064453125 501 8 5 0.7142857142857143
904 1 5.064453125 501 8 5 0.7142857142857143
905 1 5.064453125 501 8 5 0.7142857142857143
906 1 5.064453125 501 8 5 0.7142857142857143
906 2 2.064453125 501 5 2 0.2857142857142857
907 1 5.064453125 501 8 5 0.7142857142857143
908 1 5.064453125 501 8 5 0.7142857142857143
909 1 5.064453125 501 8 5 0.7142857142857143
909 2 4.064453125 501 7 4 0.5714285714285714
910 1 5.064453125 501 8 5 0.7142857142857143
911 1 5.064453125 501 8 5 0.7142857142857143
912 1 5.064453125 501 8 5 0.7142857142857143
913 1 5.064453125 501 8 5 0.7142857142857143
914 2 2.064453125 501 5 2 0.2857142857142857
914 1 5.064453125 501 8 5 0.7142857142857143
915 1 5.064453125 501 8 5 0.7142857142857143
916 1 5.064453125 501 8 5 0.7142857142857143
917 2 3.064453125 501 6 3 0.42857142857142855
917 1 5.064453125 501 8 5 0.7142857142857143
918 3 4.064453125 501 7 4 0.5714285714285714
918 1 5.064453125 501 8 5 0.7142857142857143
919 1 5.064453125 501 8 5 0.7142857142857143
920 1 5.064453125 501 8 5 0.7142857142857143
920 2 4.064453125 501 7 4 0.5714285714285714
921 1 5.064453125 501 8 5 0.7142857142857143
922 2 4.064453125 501 7 4 0.5714285714285714
922 1 5.064453125 501 8 5 0.7142857142857143
923 1 5.064453125 501 8 5 0.7142857142857143
924 1 5.064453125 501 8 5 0.7142857142857143
925 1 5.064453125 501 8 5 0.7142857142857143
926 1 5.064453125 501 8 5 0.7142857142857143
927 2 2.064453125 501 5 2 0.2857142857142857
927 1 5.064453125 501 8 5 0.7142857142857143
928 1 5.05859375 502 8 5 0.7142857142857143
929 6 0.05859375 502 3 0 0.0
929 5 2.05859375 502 5 2 0.2857142857142857
930 1 5.05859375 502 8 5 0.7142857142857143
930 2 4.05859375 502 7 4 0.5714285714285714
931 1 5.05859375 502 8 5 0.7142857142857143
932 1 5.05859375 502 8 5 0.7142857142857143
933 1 5.05859375 502 8 5 0.7142857142857143
934 1 5.05859375 502 8 5 0.7142857142857143
935 1 5.05859375 502 8 5 0.7142857142857143
935 2 2.05859375 502 5 2 0.2857142857142857
936 1 5.05859375 502 8 5 0.7142857142857143
937 1 5.05859375 502 8 5 0.7142857142857143
938 1 5.05859375 502 8 5 0.7142857142857143
939 1 5.05859375 502 8 5 0.7142857142857143
940 1 5.05859375 502 8 5 0.7142857142857143
940 2 4.05859375 502 7 4 0.5714285714285714
941 1 5.05859375 502 8 5 0.7142857142857143
942 1 5.05859375 502 8 5 0.7142857142857143
943 1 5.05859375 502 8 5 0.7142857142857143
944 1 5.05859375 502 8 5 0.7142857142857143
945 1 5.05859375 502 8 5 0.7142857142857143
946 1 5.05859375 502 8 5 0.7142857142857143
947 1 5.05859375 502 8 5 0.7142857142857143
948 1 5.05859375 502 8 5 0.7142857142857143
949 1 5.05859375 502 8 5 0.7142857142857143
950 1 5.05859375 502 8 5 0.7142857142857143
950 3 2.05859375 502 5 2 0.2857142857142857
951 1 5.05859375 502 8 5 0.7142857142857143
951 2 2.05859375 502 5 2 0.2857142857142857
952 1 5.05859375 502 8 5 0.7142857142857143
953 1 5.05859375 502 8 5 0.7142857142857143
954 1 5.05859375 502 8 5 0.7142857142857143
954 2 4.05859375 502 7 4 0.5714285714285714
955 1 5.05859375 502 8 5 0.7142857142857143
956 1 5.05859375 502 8 5 0.7142857142857143
957 1 5.05859375 502 8 5 0.7142857142857143
958 1 5.05859375 502 8 5 0.7142857142857143
958 2 4.05859375 502 7 4 0.5714285714285714
959 1 5.05859375 502 8 5 0.7142857142857143
960 1 5.05859375 502 8 5 0.7142857142857143
961 1 5.05859375 502 8 5 0.7142857142857143
962 1 5.05859375 502 8 5 0.7142857142857143
963 1 5.05859375 502 8 5 0.7142857142857143
964 1 5.05859375 502 8 5 0.7142857142857143
965 1 5.05859375 502 8 5 0.7142857142857143
966 1 5.05859375 502 8 5 0.7142857142857143
967 1 5.05859375 502 8 5 0.7142857142857143
968 1 5.05859375 502 8 5 0.7142857142857143
969 1 5.05859375 502 8 5 0.7142857142857143
970 1 5.05859375 502 8 5 0.7142857142857143
971 1 5.05859375 502 8 5 0.7142857142857143
972 1 5.05859375 502 8 5 0.7142857142857143
973 1 5.05859375 502 8 5 0.7142857142857143
974 1 5.05859375 502 8 5 0.7142857142857143
975 1 5.05859375 502 8 5 0.7142857142857143
976 1 5.05859375 502 8 5 0.7142857142857143
977 1 5.05859375 502 8 5 0.7142857142857143
978 1 5.05859375 502 8 5 0.7142857142857143
979 1 5.05859375 502 8 5 0.7142857142857143
980 1 5.05859375 502 8 5 0.7142857142857143
981 1 5.05859375 502 8 5 0.7142857142857143
982 1 5.05859375 502 8 5 0.7142857142857143
983 1 5.05859375 502 8 5 0.7142857142857143
984 1 5.05859375 502 8 5 0.7142857142857143
985 1 5.05859375 502 8 5 0.7142857142857143
986 1 5.05859375 502 8 5 0.7142857142857143
987 1 5.05859375 502 8 5 0.7142857142857143
988 1 5.05859375 502 8 5 0.7142857142857143
989 1 5.05859375 502 8 5 0.7142857142857143
990 1 5.05859375 502 8 5 0.7142857142857143
991 1 5.05859375 502 8 5 0.7142857142857143
992 1 5.05859375 502 8 5 0.7142857142857143
992 2 2.05859375 502 5 2 0.2857142857142857
993 1 5.05859375 502 8 5 0.7142857142857143
994 1 5.05859375 502 8 5 0.7142857142857143
995 1 5.05859375 502 8 5 0.7142857142857143
996 1 5.05859375 502 8 5 0.7142857142857143
997 1 5.05859375 502 8 5 0.7142857142857143
998 1 5.05859375 502 8 5 0.7142857142857143
999 1 5.05859375 502 8 5 0.7142857142857143
1000 1 5.05859375 502 8 5 0.7142857142857143
