gen testSuiteSize notKilledMutants number_of_tests no_discount_objective no_equiv_mut_not_killed no_equiv_mut_not_killed_perc
1 4 9.140625 44 10 9 1.0
1 6 9.0234375 50 10 9 1.0
2 4 8.984375 52 10 9 1.0
3 4 8.92578125 55 10 9 1.0
4 3 8.84765625 59 10 9 1.0
5 3 7 64 8 7 0.7777777777777778
6 3 7 64 8 7 0.7777777777777778
7 3 6.90625 70 8 7 0.7777777777777778
8 3 6.90625 70 8 7 0.7777777777777778
9 3 6.890625 71 8 7 0.7777777777777778
10 3 6.8125 76 8 7 0.7777777777777778
11 3 6.765625 79 8 7 0.7777777777777778
12 3 6.734375 81 8 7 0.7777777777777778
13 3 6.703125 83 8 7 0.7777777777777778
13 4 6.6875 84 8 7 0.7777777777777778
14 3 6.625 88 8 7 0.7777777777777778
15 3 6.546875 93 8 7 0.7777777777777778
16 3 6.53125 94 8 7 0.7777777777777778
16 4 4.072265625 95 5 4 0.4444444444444444
17 3 7.04296875 98 8 7 0.7777777777777778
18 2 9.04296875 98 10 9 1.0
18 3 7.0234375 100 8 7 0.7777777777777778
19 3 6.994140625 103 8 7 0.7777777777777778
20 3 6.974609375 105 8 7 0.7777777777777778
21 3 6.96484375 106 8 7 0.7777777777777778
22 3 6.96484375 106 8 7 0.7777777777777778
23 3 6.916015625 111 8 7 0.7777777777777778
24 3 6.90625 112 8 7 0.7777777777777778
25 4 3.896484375 113 5 4 0.4444444444444444
25 3 6.876953125 115 8 7 0.7777777777777778
26 3 6.828125 120 8 7 0.7777777777777778
27 3 6.818359375 121 8 7 0.7777777777777778
28 4 3.80859375 122 5 4 0.4444444444444444
28 3 6.798828125 123 8 7 0.7777777777777778
29 3 6.779296875 125 8 7 0.7777777777777778
30 3 6.759765625 127 8 7 0.7777777777777778
31 3 6.740234375 129 8 7 0.7777777777777778
32 3 6.701171875 133 8 7 0.7777777777777778
33 3 6.69140625 134 8 7 0.7777777777777778
34 3 6.65234375 138 8 7 0.7777777777777778
35 3 6.623046875 141 8 7 0.7777777777777778
36 3 6.603515625 143 8 7 0.7777777777777778
36 4 3.583984375 145 5 4 0.4444444444444444
37 3 6.53515625 150 8 7 0.7777777777777778
37 4 6.515625 152 8 7 0.7777777777777778
38 3 6.49609375 154 8 7 0.7777777777777778
38 4 3.49609375 154 5 4 0.4444444444444444
39 3 4.49609375 154 6 5 0.5555555555555556
39 2 8.486328125 155 10 9 1.0
40 4 3.447265625 159 5 4 0.4444444444444444
41 3 4.427734375 161 6 5 0.5555555555555556
42 2 8.388671875 165 10 9 1.0
43 4 3.369140625 167 5 4 0.4444444444444444
44 2 8.359375 168 10 9 1.0
44 3 8.349609375 169 10 9 1.0
45 4 3.330078125 171 5 4 0.4444444444444444
46 2 8.30078125 174 10 9 1.0
47 4 3.26171875 178 5 4 0.4444444444444444
48 2 8.251953125 179 10 9 1.0
49 4 3.2421875 180 5 4 0.4444444444444444
50 3 7.578125 182 9 8 0.8888888888888888
50 2 8.5703125 183 10 9 1.0
51 2 8.546875 186 10 9 1.0
52 3 7.546875 186 9 8 0.8888888888888888
52 2 8.53125 188 10 9 1.0
53 2 8.484375 194 10 9 1.0
54 2 8.4765625 195 10 9 1.0
55 2 8.453125 198 10 9 1.0
55 3 8.4453125 199 10 9 1.0
56 2 8.4296875 201 10 9 1.0
57 2 8.421875 202 10 9 1.0
57 4 6.421875 202 8 7 0.7777777777777778
58 2 8.421875 202 10 9 1.0
59 2 8.40625 204 10 9 1.0
60 2 8.40625 204 10 9 1.0
61 2 8.3984375 205 10 9 1.0
62 2 8.390625 206 10 9 1.0
63 2 8.375 208 10 9 1.0
64 2 8.3671875 209 10 9 1.0
64 4 8.359375 210 10 9 1.0
65 2 8.359375 210 10 9 1.0
66 2 8.3359375 213 10 9 1.0
67 2 8.328125 214 10 9 1.0
68 2 8.296875 218 10 9 1.0
68 3 8.2890625 219 10 9 1.0
69 2 8.28125 220 10 9 1.0
69 3 7.2734375 221 9 8 0.8888888888888888
70 2 8.265625 222 10 9 1.0
71 2 8.25 224 10 9 1.0
72 4 3.25 224 5 4 0.4444444444444444
72 3 6.25 224 8 7 0.7777777777777778
73 4 3.2421875 225 5 4 0.4444444444444444
74 4 3.234375 226 5 4 0.4444444444444444
75 2 8.2265625 227 10 9 1.0
75 3 7.2265625 227 9 8 0.8888888888888888
76 4 3.21875 228 5 4 0.4444444444444444
77 2 8.2109375 229 10 9 1.0
78 3 6.203125 230 8 7 0.7777777777777778
78 4 3.1875 232 5 4 0.4444444444444444
79 3 7.1875 232 9 8 0.8888888888888888
79 2 8.1796875 233 10 9 1.0
80 4 3.171875 234 5 4 0.4444444444444444
81 2 8.15625 236 10 9 1.0
82 4 3.140625 238 5 4 0.4444444444444444
83 2 8.140625 238 10 9 1.0
83 3 8.1328125 239 10 9 1.0
84 3 6.125 240 8 7 0.7777777777777778
84 4 3.109375 242 5 4 0.4444444444444444
85 2 8.109375 242 10 9 1.0
86 4 3.109375 242 5 4 0.4444444444444444
87 4 3.109375 242 5 4 0.4444444444444444
88 4 3.0859375 245 5 4 0.4444444444444444
89 2 8.0859375 245 10 9 1.0
90 4 3.078125 246 5 4 0.4444444444444444
90 3 6.078125 246 8 7 0.7777777777777778
91 2 8.0625 248 10 9 1.0
92 3 4.0625 248 6 5 0.5555555555555556
92 4 3.0546875 249 5 4 0.4444444444444444
93 3 7.046875 250 9 8 0.8888888888888888
93 2 8.046875 250 10 9 1.0
94 3 4.03125 252 6 5 0.5555555555555556
95 4 3.03125 252 5 4 0.4444444444444444
96 2 8.0078125 255 10 9 1.0
97 4 2.9921875 257 5 4 0.4444444444444444
98 2 7.9921875 257 10 9 1.0
98 3 3.984375 258 6 5 0.5555555555555556
99 4 2.9765625 259 5 4 0.4444444444444444
100 2 7.9765625 259 10 9 1.0
101 4 2.9765625 259 5 4 0.4444444444444444
101 3 5.9765625 259 8 7 0.7777777777777778
102 4 2.96875 260 5 4 0.4444444444444444
102 3 5.96875 260 8 7 0.7777777777777778
103 2 7.96875 260 10 9 1.0
104 3 7.96875 260 10 9 1.0
104 4 2.9609375 261 5 4 0.4444444444444444
105 2 7.9609375 261 10 9 1.0
106 4 2.953125 262 5 4 0.4444444444444444
106 3 5.953125 262 8 7 0.7777777777777778
107 2 7.9296875 265 10 9 1.0
108 3 5.9296875 265 8 7 0.7777777777777778
108 4 2.921875 266 5 4 0.4444444444444444
109 2 7.921875 266 10 9 1.0
110 4 2.921875 266 5 4 0.4444444444444444
111 4 2.921875 266 5 4 0.4444444444444444
112 4 2.9140625 267 5 4 0.4444444444444444
112 3 5.9140625 267 8 7 0.7777777777777778
113 2 7.90625 268 10 9 1.0
114 4 2.890625 270 5 4 0.4444444444444444
115 2 7.8828125 271 10 9 1.0
116 3 5.8828125 271 8 7 0.7777777777777778
116 4 2.859375 274 5 4 0.4444444444444444
117 2 7.8359375 277 10 9 1.0
118 3 3.8203125 279 6 5 0.5555555555555556
119 4 2.8203125 279 5 4 0.4444444444444444
120 2 7.8125 280 10 9 1.0
121 4 2.796875 282 5 4 0.4444444444444444
121 3 5.796875 282 8 7 0.7777777777777778
122 2 7.796875 282 10 9 1.0
123 4 2.7734375 285 5 4 0.4444444444444444
124 2 7.75 288 10 9 1.0
125 4 2.75 288 5 4 0.4444444444444444
125 3 5.75 288 8 7 0.7777777777777778
126 2 7.75 288 10 9 1.0
127 2 7.734375 290 10 9 1.0
128 3 5.71875 292 8 7 0.7777777777777778
128 4 2.6796875 297 5 4 0.4444444444444444
129 2 7.6796875 297 10 9 1.0
130 4 2.671875 298 5 4 0.4444444444444444
131 3 6.65625 300 9 8 0.8888888888888888
131 2 7.6484375 301 10 9 1.0
132 4 2.6484375 301 5 4 0.4444444444444444
132 3 5.6484375 301 8 7 0.7777777777777778
133 2 7.6328125 303 10 9 1.0
134 4 2.625 304 5 4 0.4444444444444444
134 3 5.625 304 8 7 0.7777777777777778
135 2 7.6171875 305 10 9 1.0
136 4 2.609375 306 5 4 0.4444444444444444
137 2 7.59375 308 10 9 1.0
138 4 2.59375 308 5 4 0.4444444444444444
138 3 5.59375 308 8 7 0.7777777777777778
139 2 7.5859375 309 10 9 1.0
140 4 2.578125 310 5 4 0.4444444444444444
140 3 5.578125 310 8 7 0.7777777777777778
141 2 7.578125 310 10 9 1.0
142 4 2.578125 310 5 4 0.4444444444444444
142 3 3.578125 310 6 5 0.5555555555555556
143 4 2.578125 310 5 4 0.4444444444444444
144 4 2.578125 310 5 4 0.4444444444444444
144 3 5.578125 310 8 7 0.7777777777777778
145 4 2.546875 314 5 4 0.4444444444444444
146 4 3.5390625 315 6 5 0.5555555555555556
146 1 7.5390625 315 10 9 1.0
147 3 3.5390625 315 6 5 0.5555555555555556
148 4 2.53125 316 5 4 0.4444444444444444
148 3 5.53125 316 8 7 0.7777777777777778
149 1 7.53125 316 10 9 1.0
150 4 2.515625 318 5 4 0.4444444444444444
151 1 7.515625 318 10 9 1.0
152 4 2.5 320 5 4 0.4444444444444444
153 3 6.4921875 321 9 8 0.8888888888888888
153 1 7.4921875 321 10 9 1.0
154 4 2.484375 322 5 4 0.4444444444444444
154 3 5.484375 322 8 7 0.7777777777777778
155 1 7.484375 322 10 9 1.0
156 4 2.453125 326 5 4 0.4444444444444444
157 1 7.453125 326 10 9 1.0
158 3 5.453125 326 8 7 0.7777777777777778
158 4 2.4375 328 5 4 0.4444444444444444
159 1 7.4296875 329 10 9 1.0
160 4 2.4296875 329 5 4 0.4444444444444444
161 1 7.4296875 329 10 9 1.0
162 1 7.421875 330 10 9 1.0
163 3 7.4140625 331 10 9 1.0
163 4 2.3984375 333 5 4 0.4444444444444444
164 1 7.3984375 333 10 9 1.0
165 4 2.3828125 335 5 4 0.4444444444444444
165 3 5.3828125 335 8 7 0.7777777777777778
166 1 7.375 336 10 9 1.0
167 4 2.359375 338 5 4 0.4444444444444444
168 1 7.359375 338 10 9 1.0
169 4 2.359375 338 5 4 0.4444444444444444
170 3 5.34375 340 8 7 0.7777777777777778
170 4 2.3359375 341 5 4 0.4444444444444444
171 1 7.3359375 341 10 9 1.0
172 4 2.3125 344 5 4 0.4444444444444444
173 1 7.3125 344 10 9 1.0
173 2 6.3125 344 9 8 0.8888888888888888
174 4 2.3125 344 5 4 0.4444444444444444
175 3 5.3125 344 8 7 0.7777777777777778
175 4 2.2890625 347 5 4 0.4444444444444444
176 1 7.2890625 347 10 9 1.0
176 2 3.2890625 347 6 5 0.5555555555555556
177 3 5.28125 348 8 7 0.7777777777777778
177 4 2.28125 348 5 4 0.4444444444444444
178 1 7.2734375 349 10 9 1.0
179 4 2.265625 350 5 4 0.4444444444444444
179 3 5.265625 350 8 7 0.7777777777777778
180 1 7.265625 350 10 9 1.0
181 3 5.265625 350 8 7 0.7777777777777778
181 4 2.25 352 5 4 0.4444444444444444
182 1 7.2421875 353 10 9 1.0
183 2 3.2421875 353 6 5 0.5555555555555556
183 1 7.2421875 353 10 9 1.0
184 4 2.2421875 353 5 4 0.4444444444444444
185 1 7.2421875 353 10 9 1.0
186 1 7.2421875 353 10 9 1.0
187 1 7.2421875 353 10 9 1.0
188 1 7.2421875 353 10 9 1.0
189 1 7.2421875 353 10 9 1.0
189 2 6.2421875 353 9 8 0.8888888888888888
190 1 7.2421875 353 10 9 1.0
191 1 7.2421875 353 10 9 1.0
192 1 7.2421875 353 10 9 1.0
192 2 6.2421875 353 9 8 0.8888888888888888
193 1 7.2421875 353 10 9 1.0
194 1 7.2421875 353 10 9 1.0
195 1 7.2421875 353 10 9 1.0
196 1 7.2421875 353 10 9 1.0
197 1 7.2421875 353 10 9 1.0
198 1 7.2421875 353 10 9 1.0
198 2 6.2421875 353 9 8 0.8888888888888888
199 1 7.2421875 353 10 9 1.0
200 1 7.234375 354 10 9 1.0
201 4 2.2265625 355 5 4 0.4444444444444444
201 3 5.2265625 355 8 7 0.7777777777777778
202 1 7.2265625 355 10 9 1.0
203 4 2.21875 356 5 4 0.4444444444444444
204 1 7.21875 356 10 9 1.0
205 4 2.21875 356 5 4 0.4444444444444444
206 4 2.2109375 357 5 4 0.4444444444444444
206 5 2.203125 358 5 4 0.4444444444444444
207 1 7.203125 358 10 9 1.0
208 5 2.1875 360 5 4 0.4444444444444444
209 1 7.1875 360 10 9 1.0
210 4 2.1875 360 5 4 0.4444444444444444
211 1 7.1875 360 10 9 1.0
212 1 7.171875 362 10 9 1.0
213 4 2.1640625 363 5 4 0.4444444444444444
214 2 3.1640625 363 6 5 0.5555555555555556
215 1 7.1640625 363 10 9 1.0
216 4 2.15625 364 5 4 0.4444444444444444
217 1 7.1484375 365 10 9 1.0
217 2 6.1484375 365 9 8 0.8888888888888888
218 4 2.140625 366 5 4 0.4444444444444444
219 1 7.140625 366 10 9 1.0
220 4 2.140625 366 5 4 0.4444444444444444
220 5 2.1328125 367 5 4 0.4444444444444444
221 1 7.1328125 367 10 9 1.0
222 4 3.1328125 367 6 5 0.5555555555555556
222 5 2.1015625 371 5 4 0.4444444444444444
223 1 7.1015625 371 10 9 1.0
224 5 2.09375 372 5 4 0.4444444444444444
225 1 7.09375 372 10 9 1.0
226 5 2.078125 374 5 4 0.4444444444444444
227 1 7.078125 374 10 9 1.0
228 5 2.0703125 375 5 4 0.4444444444444444
229 1 7.0625 376 10 9 1.0
230 5 2.046875 378 5 4 0.4444444444444444
230 4 3.51953125 379 5 4 0.4444444444444444
231 1 8.51953125 379 10 9 1.0
232 1 8.51953125 379 10 9 1.0
233 2 4.51953125 379 6 5 0.5555555555555556
233 1 8.51953125 379 10 9 1.0
234 1 8.51953125 379 10 9 1.0
235 1 8.51953125 379 10 9 1.0
236 1 8.51953125 379 10 9 1.0
237 1 8.51953125 379 10 9 1.0
238 1 8.51953125 379 10 9 1.0
239 1 8.51953125 379 10 9 1.0
240 1 8.51953125 379 10 9 1.0
241 1 8.515625 380 10 9 1.0
242 1 8.515625 380 10 9 1.0
243 1 8.515625 380 10 9 1.0
244 1 8.51171875 381 10 9 1.0
245 1 8.5078125 382 10 9 1.0
246 1 8.5078125 382 10 9 1.0
247 1 8.5078125 382 10 9 1.0
248 1 8.5078125 382 10 9 1.0
248 2 7.5078125 382 9 8 0.8888888888888888
249 1 8.5 384 10 9 1.0
250 1 8.5 384 10 9 1.0
250 2 6.5 384 8 7 0.7777777777777778
251 1 8.49609375 385 10 9 1.0
252 1 8.48828125 387 10 9 1.0
253 1 8.48828125 387 10 9 1.0
254 1 8.48828125 387 10 9 1.0
255 1 8.48828125 387 10 9 1.0
256 1 8.48828125 387 10 9 1.0
256 2 8.484375 388 10 9 1.0
257 1 8.48046875 389 10 9 1.0
257 2 7.48046875 389 9 8 0.8888888888888888
258 1 8.48046875 389 10 9 1.0
259 1 8.48046875 389 10 9 1.0
259 3 5.23828125 390 6 5 0.5555555555555556
260 2 5.234375 392 6 5 0.5555555555555556
260 1 9.234375 392 10 9 1.0
261 1 9.234375 392 10 9 1.0
261 2 5.234375 392 6 5 0.5555555555555556
262 1 9.234375 392 10 9 1.0
263 1 9.234375 392 10 9 1.0
264 1 9.234375 392 10 9 1.0
265 1 9.232421875 393 10 9 1.0
266 1 9.232421875 393 10 9 1.0
267 1 9.232421875 393 10 9 1.0
268 1 9.232421875 393 10 9 1.0
269 1 9.232421875 393 10 9 1.0
270 1 9.23046875 394 10 9 1.0
271 1 9.23046875 394 10 9 1.0
271 2 8.23046875 394 9 8 0.8888888888888888
272 1 9.23046875 394 10 9 1.0
273 1 9.2265625 396 10 9 1.0
274 1 9.2265625 396 10 9 1.0
274 2 8.2265625 396 9 8 0.8888888888888888
275 1 9.2265625 396 10 9 1.0
276 1 9.2265625 396 10 9 1.0
277 1 9.2265625 396 10 9 1.0
277 3 5.2265625 396 6 5 0.5555555555555556
278 1 9.2265625 396 10 9 1.0
279 1 9.2265625 396 10 9 1.0
280 1 9.2265625 396 10 9 1.0
281 1 9.2265625 396 10 9 1.0
282 1 9.2265625 396 10 9 1.0
282 2 8.2265625 396 9 8 0.8888888888888888
283 1 9.2265625 396 10 9 1.0
283 2 8.2265625 396 9 8 0.8888888888888888
284 1 9.2265625 396 10 9 1.0
285 1 9.2265625 396 10 9 1.0
286 1 9.22265625 398 10 9 1.0
286 2 5.22265625 398 6 5 0.5555555555555556
287 1 9.22265625 398 10 9 1.0
288 1 9.220703125 399 10 9 1.0
289 1 9.220703125 399 10 9 1.0
290 1 9.220703125 399 10 9 1.0
291 1 9.220703125 399 10 9 1.0
291 2 8.220703125 399 9 8 0.8888888888888888
292 2 8.21875 400 9 8 0.8888888888888888
292 1 9.21875 400 10 9 1.0
293 1 9.21875 400 10 9 1.0
294 1 9.21875 400 10 9 1.0
295 1 9.21875 400 10 9 1.0
296 1 9.21875 400 10 9 1.0
296 2 5.21875 400 6 5 0.5555555555555556
297 1 9.21875 400 10 9 1.0
298 1 9.21875 400 10 9 1.0
299 1 9.216796875 401 10 9 1.0
300 1 9.216796875 401 10 9 1.0
301 1 9.216796875 401 10 9 1.0
302 1 9.21484375 402 10 9 1.0
303 1 9.21484375 402 10 9 1.0
303 2 8.21484375 402 9 8 0.8888888888888888
304 1 9.21484375 402 10 9 1.0
305 1 9.21484375 402 10 9 1.0
306 3 8.21484375 402 9 8 0.8888888888888888
306 1 9.212890625 403 10 9 1.0
307 1 9.212890625 403 10 9 1.0
308 1 9.212890625 403 10 9 1.0
309 1 9.212890625 403 10 9 1.0
310 1 9.2109375 404 10 9 1.0
311 1 9.2109375 404 10 9 1.0
312 1 9.2109375 404 10 9 1.0
313 1 9.2109375 404 10 9 1.0
314 1 9.2109375 404 10 9 1.0
315 1 9.2109375 404 10 9 1.0
316 1 9.2109375 404 10 9 1.0
317 1 9.2109375 404 10 9 1.0
318 1 9.2109375 404 10 9 1.0
319 1 9.208984375 405 10 9 1.0
320 1 9.208984375 405 10 9 1.0
320 2 8.208984375 405 9 8 0.8888888888888888
321 1 9.20703125 406 10 9 1.0
322 1 9.20703125 406 10 9 1.0
323 1 9.20703125 406 10 9 1.0
324 1 9.20703125 406 10 9 1.0
325 1 9.20703125 406 10 9 1.0
326 1 9.20703125 406 10 9 1.0
327 1 9.20703125 406 10 9 1.0
327 2 5.20703125 406 6 5 0.5555555555555556
328 1 9.205078125 407 10 9 1.0
329 1 9.205078125 407 10 9 1.0
330 1 9.205078125 407 10 9 1.0
331 1 9.205078125 407 10 9 1.0
332 1 9.205078125 407 10 9 1.0
333 1 9.205078125 407 10 9 1.0
334 1 9.205078125 407 10 9 1.0
335 1 9.205078125 407 10 9 1.0
336 1 9.205078125 407 10 9 1.0
337 1 9.205078125 407 10 9 1.0
338 1 9.203125 408 10 9 1.0
339 1 9.201171875 409 10 9 1.0
340 1 9.201171875 409 10 9 1.0
341 1 9.201171875 409 10 9 1.0
341 2 8.201171875 409 9 8 0.8888888888888888
342 1 9.201171875 409 10 9 1.0
343 1 9.19921875 410 10 9 1.0
344 1 9.19921875 410 10 9 1.0
345 1 9.19921875 410 10 9 1.0
346 2 5.197265625 411 6 5 0.5555555555555556
346 1 9.197265625 411 10 9 1.0
347 2 8.197265625 411 9 8 0.8888888888888888
347 1 9.1953125 412 10 9 1.0
348 1 9.1953125 412 10 9 1.0
349 1 9.193359375 413 10 9 1.0
350 1 9.193359375 413 10 9 1.0
351 1 9.193359375 413 10 9 1.0
352 1 9.193359375 413 10 9 1.0
352 2 8.193359375 413 9 8 0.8888888888888888
353 1 9.19140625 414 10 9 1.0
354 1 9.19140625 414 10 9 1.0
355 1 9.19140625 414 10 9 1.0
355 2 5.19140625 414 6 5 0.5555555555555556
356 1 9.19140625 414 10 9 1.0
357 1 9.19140625 414 10 9 1.0
358 1 9.189453125 415 10 9 1.0
359 1 9.1875 416 10 9 1.0
360 1 9.1875 416 10 9 1.0
361 1 9.1875 416 10 9 1.0
361 2 8.1875 416 9 8 0.8888888888888888
362 1 9.1875 416 10 9 1.0
363 2 8.1875 416 9 8 0.8888888888888888
363 1 9.185546875 417 10 9 1.0
364 1 9.185546875 417 10 9 1.0
365 1 9.181640625 419 10 9 1.0
366 1 9.181640625 419 10 9 1.0
367 1 9.181640625 419 10 9 1.0
368 1 9.181640625 419 10 9 1.0
369 1 9.181640625 419 10 9 1.0
369 2 5.181640625 419 6 5 0.5555555555555556
370 1 9.181640625 419 10 9 1.0
371 1 9.181640625 419 10 9 1.0
372 1 9.181640625 419 10 9 1.0
373 1 9.1796875 420 10 9 1.0
374 1 9.1796875 420 10 9 1.0
375 1 9.1796875 420 10 9 1.0
376 1 9.1796875 420 10 9 1.0
377 1 9.1796875 420 10 9 1.0
378 1 9.1796875 420 10 9 1.0
379 1 9.1796875 420 10 9 1.0
380 1 9.1796875 420 10 9 1.0
381 1 9.1796875 420 10 9 1.0
382 1 9.1796875 420 10 9 1.0
383 1 9.177734375 421 10 9 1.0
384 1 9.177734375 421 10 9 1.0
385 1 9.177734375 421 10 9 1.0
386 2 5.177734375 421 6 5 0.5555555555555556
386 1 9.177734375 421 10 9 1.0
387 1 9.177734375 421 10 9 1.0
388 1 9.17578125 422 10 9 1.0
389 1 9.17578125 422 10 9 1.0
389 2 8.17578125 422 9 8 0.8888888888888888
390 1 9.17578125 422 10 9 1.0
391 1 9.17578125 422 10 9 1.0
392 1 9.17578125 422 10 9 1.0
393 1 9.17578125 422 10 9 1.0
393 2 5.17578125 422 6 5 0.5555555555555556
394 1 9.17578125 422 10 9 1.0
395 2 8.17578125 422 9 8 0.8888888888888888
395 1 9.17578125 422 10 9 1.0
396 1 9.173828125 423 10 9 1.0
397 1 9.173828125 423 10 9 1.0
398 1 9.173828125 423 10 9 1.0
399 1 9.171875 424 10 9 1.0
400 1 9.171875 424 10 9 1.0
400 2 9.169921875 425 10 9 1.0
401 1 9.169921875 425 10 9 1.0
402 1 9.169921875 425 10 9 1.0
403 1 9.169921875 425 10 9 1.0
403 2 8.169921875 425 9 8 0.8888888888888888
404 1 9.169921875 425 10 9 1.0
405 1 9.169921875 425 10 9 1.0
406 2 5.169921875 425 6 5 0.5555555555555556
406 1 9.16796875 426 10 9 1.0
407 1 9.166015625 427 10 9 1.0
408 1 9.166015625 427 10 9 1.0
409 1 9.1640625 428 10 9 1.0
410 1 9.1640625 428 10 9 1.0
411 1 9.1640625 428 10 9 1.0
412 1 9.16015625 430 10 9 1.0
413 1 9.16015625 430 10 9 1.0
414 1 9.16015625 430 10 9 1.0
415 1 9.16015625 430 10 9 1.0
416 1 9.16015625 430 10 9 1.0
417 1 9.16015625 430 10 9 1.0
418 1 9.16015625 430 10 9 1.0
419 1 9.16015625 430 10 9 1.0
420 1 9.16015625 430 10 9 1.0
421 1 9.16015625 430 10 9 1.0
421 2 8.158203125 431 9 8 0.8888888888888888
422 1 9.158203125 431 10 9 1.0
423 1 9.158203125 431 10 9 1.0
423 2 8.158203125 431 9 8 0.8888888888888888
424 1 9.158203125 431 10 9 1.0
425 1 9.158203125 431 10 9 1.0
426 1 9.158203125 431 10 9 1.0
427 1 9.158203125 431 10 9 1.0
428 1 9.158203125 431 10 9 1.0
429 1 6.15625 432 7 6 0.6666666666666666
430 5 4.154296875 433 5 4 0.4444444444444444
431 5 4.154296875 433 5 4 0.4444444444444444
431 4 7.154296875 433 8 7 0.7777777777777778
432 5 4.15234375 434 5 4 0.4444444444444444
433 5 4.15234375 434 5 4 0.4444444444444444
433 4 7.15234375 434 8 7 0.7777777777777778
434 5 4.15234375 434 5 4 0.4444444444444444
434 4 7.15234375 434 8 7 0.7777777777777778
435 5 4.15234375 434 5 4 0.4444444444444444
435 4 7.150390625 435 8 7 0.7777777777777778
436 5 4.150390625 435 5 4 0.4444444444444444
437 5 4.150390625 435 5 4 0.4444444444444444
438 5 4.1484375 436 5 4 0.4444444444444444
439 5 4.146484375 437 5 4 0.4444444444444444
439 4 5.146484375 437 6 5 0.5555555555555556
440 4 7.146484375 437 8 7 0.7777777777777778
440 5 4.146484375 437 5 4 0.4444444444444444
441 5 3.146484375 437 4 3 0.3333333333333333
442 5 4.140625 440 5 4 0.4444444444444444
443 5 4.138671875 441 5 4 0.4444444444444444
444 5 4.138671875 441 5 4 0.4444444444444444
445 5 4.13671875 442 5 4 0.4444444444444444
446 5 4.134765625 443 5 4 0.4444444444444444
446 4 9.134765625 443 10 9 1.0
447 5 4.134765625 443 5 4 0.4444444444444444
447 4 7.134765625 443 8 7 0.7777777777777778
448 5 4.130859375 445 5 4 0.4444444444444444
449 4 7.130859375 445 8 7 0.7777777777777778
449 5 4.12890625 446 5 4 0.4444444444444444
450 4 7.12890625 446 8 7 0.7777777777777778
450 5 4.126953125 447 5 4 0.4444444444444444
451 5 4.126953125 447 5 4 0.4444444444444444
451 4 7.126953125 447 8 7 0.7777777777777778
452 4 7.126953125 447 8 7 0.7777777777777778
452 5 4.125 448 5 4 0.4444444444444444
453 5 4.123046875 449 5 4 0.4444444444444444
454 5 4.123046875 449 5 4 0.4444444444444444
455 4 7.119140625 451 8 7 0.7777777777777778
455 5 4.1171875 452 5 4 0.4444444444444444
456 5 4.1171875 452 5 4 0.4444444444444444
457 5 4.1171875 452 5 4 0.4444444444444444
458 5 4.1171875 452 5 4 0.4444444444444444
459 5 4.111328125 455 5 4 0.4444444444444444
460 5 4.109375 456 5 4 0.4444444444444444
461 5 4.109375 456 5 4 0.4444444444444444
461 4 7.109375 456 8 7 0.7777777777777778
462 4 7.109375 456 8 7 0.7777777777777778
462 5 4.107421875 457 5 4 0.4444444444444444
463 5 4.10546875 458 5 4 0.4444444444444444
463 4 7.10546875 458 8 7 0.7777777777777778
464 5 4.103515625 459 5 4 0.4444444444444444
465 5 4.103515625 459 5 4 0.4444444444444444
466 5 4.103515625 459 5 4 0.4444444444444444
466 4 5.103515625 459 6 5 0.5555555555555556
467 5 4.103515625 459 5 4 0.4444444444444444
467 4 5.103515625 459 6 5 0.5555555555555556
468 5 4.1015625 460 5 4 0.4444444444444444
469 5 4.099609375 461 5 4 0.4444444444444444
470 4 7.099609375 461 8 7 0.7777777777777778
470 5 4.099609375 461 5 4 0.4444444444444444
471 5 2.095703125 463 3 2 0.2222222222222222
472 4 7.095703125 463 8 7 0.7777777777777778
472 5 4.095703125 463 5 4 0.4444444444444444
473 5 4.095703125 463 5 4 0.4444444444444444
473 4 7.095703125 463 8 7 0.7777777777777778
474 5 4.09375 464 5 4 0.4444444444444444
475 5 4.08984375 466 5 4 0.4444444444444444
476 5 4.08984375 466 5 4 0.4444444444444444
477 5 4.08984375 466 5 4 0.4444444444444444
478 5 4.08984375 466 5 4 0.4444444444444444
479 5 4.087890625 467 5 4 0.4444444444444444
480 5 4.087890625 467 5 4 0.4444444444444444
481 4 7.087890625 467 8 7 0.7777777777777778
481 5 4.087890625 467 5 4 0.4444444444444444
482 5 4.0859375 468 5 4 0.4444444444444444
483 5 4.0859375 468 5 4 0.4444444444444444
484 5 4.0859375 468 5 4 0.4444444444444444
484 4 7.0859375 468 8 7 0.7777777777777778
485 5 4.083984375 469 5 4 0.4444444444444444
486 5 4.083984375 469 5 4 0.4444444444444444
486 4 5.083984375 469 6 5 0.5555555555555556
487 5 2.083984375 469 3 2 0.2222222222222222
487 4 7.083984375 469 8 7 0.7777777777777778
488 5 4.083984375 469 5 4 0.4444444444444444
488 4 7.083984375 469 8 7 0.7777777777777778
489 5 4.08203125 470 5 4 0.4444444444444444
490 4 4.08203125 470 5 4 0.4444444444444444
491 5 4.08203125 470 5 4 0.4444444444444444
492 5 4.078125 472 5 4 0.4444444444444444
493 5 4.078125 472 5 4 0.4444444444444444
494 4 7.078125 472 8 7 0.7777777777777778
494 5 4.078125 472 5 4 0.4444444444444444
495 5 4.078125 472 5 4 0.4444444444444444
495 4 7.076171875 473 8 7 0.7777777777777778
496 5 4.076171875 473 5 4 0.4444444444444444
497 5 4.076171875 473 5 4 0.4444444444444444
498 5 4.076171875 473 5 4 0.4444444444444444
498 4 7.076171875 473 8 7 0.7777777777777778
499 4 7.076171875 473 8 7 0.7777777777777778
499 5 4.076171875 473 5 4 0.4444444444444444
500 5 4.076171875 473 5 4 0.4444444444444444
500 4 7.076171875 473 8 7 0.7777777777777778
501 5 4.07421875 474 5 4 0.4444444444444444
501 4 7.07421875 474 8 7 0.7777777777777778
502 5 4.07421875 474 5 4 0.4444444444444444
503 5 4.07421875 474 5 4 0.4444444444444444
503 4 7.07421875 474 8 7 0.7777777777777778
504 5 4.07421875 474 5 4 0.4444444444444444
505 4 4.07421875 474 5 4 0.4444444444444444
505 5 4.072265625 475 5 4 0.4444444444444444
506 5 4.072265625 475 5 4 0.4444444444444444
507 5 3.072265625 475 4 3 0.3333333333333333
507 4 5.072265625 475 6 5 0.5555555555555556
508 5 4.072265625 475 5 4 0.4444444444444444
508 4 7.072265625 475 8 7 0.7777777777777778
509 4 7.072265625 475 8 7 0.7777777777777778
509 5 4.0703125 476 5 4 0.4444444444444444
510 5 4.0703125 476 5 4 0.4444444444444444
510 4 7.0703125 476 8 7 0.7777777777777778
511 4 7.0703125 476 8 7 0.7777777777777778
511 5 4.0703125 476 5 4 0.4444444444444444
512 5 4.0703125 476 5 4 0.4444444444444444
512 4 7.0703125 476 8 7 0.7777777777777778
513 5 4.0703125 476 5 4 0.4444444444444444
513 4 7.0703125 476 8 7 0.7777777777777778
514 5 4.068359375 477 5 4 0.4444444444444444
515 4 7.068359375 477 8 7 0.7777777777777778
515 5 4.06640625 478 5 4 0.4444444444444444
516 5 4.064453125 479 5 4 0.4444444444444444
516 4 9.064453125 479 10 9 1.0
517 5 4.064453125 479 5 4 0.4444444444444444
518 5 4.064453125 479 5 4 0.4444444444444444
519 5 4.064453125 479 5 4 0.4444444444444444
520 5 4.064453125 479 5 4 0.4444444444444444
520 4 9.064453125 479 10 9 1.0
521 5 4.0625 480 5 4 0.4444444444444444
522 4 7.0625 480 8 7 0.7777777777777778
522 5 4.05859375 482 5 4 0.4444444444444444
523 5 4.05859375 482 5 4 0.4444444444444444
523 4 7.05859375 482 8 7 0.7777777777777778
524 5 4.05859375 482 5 4 0.4444444444444444
525 5 4.05859375 482 5 4 0.4444444444444444
525 4 7.05859375 482 8 7 0.7777777777777778
526 5 4.05859375 482 5 4 0.4444444444444444
526 4 5.05859375 482 6 5 0.5555555555555556
527 5 4.05859375 482 5 4 0.4444444444444444
527 4 7.056640625 483 8 7 0.7777777777777778
528 5 4.056640625 483 5 4 0.4444444444444444
529 5 4.056640625 483 5 4 0.4444444444444444
530 4 7.056640625 483 8 7 0.7777777777777778
530 5 4.056640625 483 5 4 0.4444444444444444
531 5 4.056640625 483 5 4 0.4444444444444444
531 4 7.056640625 483 8 7 0.7777777777777778
532 5 4.056640625 483 5 4 0.4444444444444444
533 5 4.056640625 483 5 4 0.4444444444444444
534 5 4.056640625 483 5 4 0.4444444444444444
534 4 7.056640625 483 8 7 0.7777777777777778
535 5 4.056640625 483 5 4 0.4444444444444444
536 5 4.056640625 483 5 4 0.4444444444444444
536 4 7.056640625 483 8 7 0.7777777777777778
537 5 4.056640625 483 5 4 0.4444444444444444
538 5 4.056640625 483 5 4 0.4444444444444444
539 5 4.0546875 484 5 4 0.4444444444444444
540 5 4.0546875 484 5 4 0.4444444444444444
541 5 4.052734375 485 5 4 0.4444444444444444
541 4 7.052734375 485 8 7 0.7777777777777778
542 4 4.052734375 485 5 4 0.4444444444444444
543 5 4.052734375 485 5 4 0.4444444444444444
543 4 7.052734375 485 8 7 0.7777777777777778
544 5 4.052734375 485 5 4 0.4444444444444444
545 4 9.052734375 485 10 9 1.0
545 5 2.052734375 485 3 2 0.2222222222222222
546 5 4.05078125 486 5 4 0.4444444444444444
546 4 7.05078125 486 8 7 0.7777777777777778
547 5 4.05078125 486 5 4 0.4444444444444444
547 4 7.05078125 486 8 7 0.7777777777777778
548 4 9.048828125 487 10 9 1.0
548 5 4.048828125 487 5 4 0.4444444444444444
549 5 4.048828125 487 5 4 0.4444444444444444
549 4 7.048828125 487 8 7 0.7777777777777778
550 5 4.048828125 487 5 4 0.4444444444444444
550 4 7.048828125 487 8 7 0.7777777777777778
551 5 4.048828125 487 5 4 0.4444444444444444
552 5 4.048828125 487 5 4 0.4444444444444444
553 5 4.048828125 487 5 4 0.4444444444444444
554 5 4.048828125 487 5 4 0.4444444444444444
554 4 7.048828125 487 8 7 0.7777777777777778
555 5 4.048828125 487 5 4 0.4444444444444444
556 4 4.048828125 487 5 4 0.4444444444444444
557 5 4.048828125 487 5 4 0.4444444444444444
557 4 7.048828125 487 8 7 0.7777777777777778
558 5 4.046875 488 5 4 0.4444444444444444
559 5 4.046875 488 5 4 0.4444444444444444
560 4 7.046875 488 8 7 0.7777777777777778
560 5 4.044921875 489 5 4 0.4444444444444444
561 5 4.044921875 489 5 4 0.4444444444444444
562 5 4.041015625 491 5 4 0.4444444444444444
563 5 4.0390625 492 5 4 0.4444444444444444
564 5 4.037109375 493 5 4 0.4444444444444444
565 5 4.037109375 493 5 4 0.4444444444444444
565 4 7.037109375 493 8 7 0.7777777777777778
566 5 4.03515625 494 5 4 0.4444444444444444
567 5 4.03515625 494 5 4 0.4444444444444444
567 4 7.03515625 494 8 7 0.7777777777777778
568 5 4.03515625 494 5 4 0.4444444444444444
569 5 4.03515625 494 5 4 0.4444444444444444
570 5 4.03515625 494 5 4 0.4444444444444444
571 4 7.03515625 494 8 7 0.7777777777777778
571 5 4.03515625 494 5 4 0.4444444444444444
572 5 4.03515625 494 5 4 0.4444444444444444
572 4 7.03515625 494 8 7 0.7777777777777778
573 5 4.03515625 494 5 4 0.4444444444444444
573 4 7.03515625 494 8 7 0.7777777777777778
574 5 4.03515625 494 5 4 0.4444444444444444
574 4 7.03515625 494 8 7 0.7777777777777778
575 5 4.03515625 494 5 4 0.4444444444444444
576 5 4.03515625 494 5 4 0.4444444444444444
577 5 4.03515625 494 5 4 0.4444444444444444
578 5 4.03515625 494 5 4 0.4444444444444444
578 4 7.03515625 494 8 7 0.7777777777777778
579 5 4.033203125 495 5 4 0.4444444444444444
580 5 4.03125 496 5 4 0.4444444444444444
580 4 5.03125 496 6 5 0.5555555555555556
581 4 4.03125 496 5 4 0.4444444444444444
582 5 4.03125 496 5 4 0.4444444444444444
582 4 7.03125 496 8 7 0.7777777777777778
583 4 7.03125 496 8 7 0.7777777777777778
583 5 4.03125 496 5 4 0.4444444444444444
584 5 4.03125 496 5 4 0.4444444444444444
584 4 7.03125 496 8 7 0.7777777777777778
585 5 4.03125 496 5 4 0.4444444444444444
586 5 4.03125 496 5 4 0.4444444444444444
587 5 4.03125 496 5 4 0.4444444444444444
587 4 7.03125 496 8 7 0.7777777777777778
588 5 4.03125 496 5 4 0.4444444444444444
588 4 7.03125 496 8 7 0.7777777777777778
589 4 7.03125 496 8 7 0.7777777777777778
589 5 4.03125 496 5 4 0.4444444444444444
590 5 4.03125 496 5 4 0.4444444444444444
590 4 7.03125 496 8 7 0.7777777777777778
591 5 4.03125 496 5 4 0.4444444444444444
591 4 7.03125 496 8 7 0.7777777777777778
592 5 4.029296875 497 5 4 0.4444444444444444
593 5 4.029296875 497 5 4 0.4444444444444444
593 4 7.029296875 497 8 7 0.7777777777777778
594 5 4.029296875 497 5 4 0.4444444444444444
595 5 3.029296875 497 4 3 0.3333333333333333
596 4 7.029296875 497 8 7 0.7777777777777778
596 5 2.029296875 497 3 2 0.2222222222222222
597 2 5.029296875 497 6 5 0.5555555555555556
597 1 9.029296875 497 10 9 1.0
598 2 5.029296875 497 6 5 0.5555555555555556
599 2 5.029296875 497 6 5 0.5555555555555556
600 2 5.029296875 497 6 5 0.5555555555555556
601 2 5.029296875 497 6 5 0.5555555555555556
601 1 9.029296875 497 10 9 1.0
602 2 5.029296875 497 6 5 0.5555555555555556
603 2 5.029296875 497 6 5 0.5555555555555556
604 2 5.029296875 497 6 5 0.5555555555555556
605 1 9.029296875 497 10 9 1.0
605 2 5.029296875 497 6 5 0.5555555555555556
606 2 5.029296875 497 6 5 0.5555555555555556
607 2 5.029296875 497 6 5 0.5555555555555556
607 3 4.029296875 497 5 4 0.4444444444444444
608 2 5.029296875 497 6 5 0.5555555555555556
608 1 9.029296875 497 10 9 1.0
609 2 5.029296875 497 6 5 0.5555555555555556
610 2 5.029296875 497 6 5 0.5555555555555556
611 2 5.029296875 497 6 5 0.5555555555555556
612 2 5.029296875 497 6 5 0.5555555555555556
612 4 4.029296875 497 5 4 0.4444444444444444
613 2 5.029296875 497 6 5 0.5555555555555556
613 1 9.029296875 497 10 9 1.0
614 2 5.029296875 497 6 5 0.5555555555555556
615 2 5.029296875 497 6 5 0.5555555555555556
616 2 5.029296875 497 6 5 0.5555555555555556
616 1 9.029296875 497 10 9 1.0
617 2 5.029296875 497 6 5 0.5555555555555556
618 1 9.029296875 497 10 9 1.0
618 2 5.029296875 497 6 5 0.5555555555555556
619 2 5.029296875 497 6 5 0.5555555555555556
620 1 9.029296875 497 10 9 1.0
620 2 5.029296875 497 6 5 0.5555555555555556
621 2 5.029296875 497 6 5 0.5555555555555556
622 2 5.029296875 497 6 5 0.5555555555555556
623 2 5.029296875 497 6 5 0.5555555555555556
623 1 9.029296875 497 10 9 1.0
624 2 5.029296875 497 6 5 0.5555555555555556
624 1 9.029296875 497 10 9 1.0
625 2 5.029296875 497 6 5 0.5555555555555556
625 1 9.029296875 497 10 9 1.0
626 2 5.029296875 497 6 5 0.5555555555555556
627 2 5.029296875 497 6 5 0.5555555555555556
628 2 5.029296875 497 6 5 0.5555555555555556
628 1 9.029296875 497 10 9 1.0
629 2 5.029296875 497 6 5 0.5555555555555556
630 2 5.029296875 497 6 5 0.5555555555555556
631 2 5.029296875 497 6 5 0.5555555555555556
631 1 9.029296875 497 10 9 1.0
632 2 5.029296875 497 6 5 0.5555555555555556
632 1 9.029296875 497 10 9 1.0
633 2 5.029296875 497 6 5 0.5555555555555556
634 2 5.029296875 497 6 5 0.5555555555555556
634 1 9.029296875 497 10 9 1.0
635 2 5.029296875 497 6 5 0.5555555555555556
636 2 5.029296875 497 6 5 0.5555555555555556
637 1 9.029296875 497 10 9 1.0
637 2 5.029296875 497 6 5 0.5555555555555556
638 2 5.029296875 497 6 5 0.5555555555555556
639 2 5.029296875 497 6 5 0.5555555555555556
640 2 5.029296875 497 6 5 0.5555555555555556
641 2 5.029296875 497 6 5 0.5555555555555556
642 2 5.029296875 497 6 5 0.5555555555555556
642 3 4.029296875 497 5 4 0.4444444444444444
643 2 5.029296875 497 6 5 0.5555555555555556
644 2 5.029296875 497 6 5 0.5555555555555556
644 1 9.029296875 497 10 9 1.0
645 2 5.029296875 497 6 5 0.5555555555555556
646 2 5.029296875 497 6 5 0.5555555555555556
646 1 9.029296875 497 10 9 1.0
647 2 5.029296875 497 6 5 0.5555555555555556
648 2 5.02734375 498 6 5 0.5555555555555556
649 1 9.02734375 498 10 9 1.0
649 2 5.02734375 498 6 5 0.5555555555555556
650 2 5.02734375 498 6 5 0.5555555555555556
651 2 5.02734375 498 6 5 0.5555555555555556
651 1 9.02734375 498 10 9 1.0
652 2 5.02734375 498 6 5 0.5555555555555556
653 2 5.02734375 498 6 5 0.5555555555555556
653 1 9.02734375 498 10 9 1.0
654 2 5.02734375 498 6 5 0.5555555555555556
655 1 9.02734375 498 10 9 1.0
655 2 5.02734375 498 6 5 0.5555555555555556
656 2 5.02734375 498 6 5 0.5555555555555556
656 1 9.02734375 498 10 9 1.0
657 2 5.02734375 498 6 5 0.5555555555555556
657 1 9.02734375 498 10 9 1.0
658 2 5.02734375 498 6 5 0.5555555555555556
658 1 9.02734375 498 10 9 1.0
659 2 5.02734375 498 6 5 0.5555555555555556
660 2 5.02734375 498 6 5 0.5555555555555556
661 2 5.02734375 498 6 5 0.5555555555555556
662 2 5.02734375 498 6 5 0.5555555555555556
663 2 5.02734375 498 6 5 0.5555555555555556
664 2 5.02734375 498 6 5 0.5555555555555556
665 2 5.02734375 498 6 5 0.5555555555555556
666 1 9.02734375 498 10 9 1.0
666 2 5.02734375 498 6 5 0.5555555555555556
667 2 5.02734375 498 6 5 0.5555555555555556
668 2 5.02734375 498 6 5 0.5555555555555556
669 2 5.02734375 498 6 5 0.5555555555555556
670 2 5.02734375 498 6 5 0.5555555555555556
670 1 9.02734375 498 10 9 1.0
671 2 5.02734375 498 6 5 0.5555555555555556
672 2 5.02734375 498 6 5 0.5555555555555556
673 2 5.02734375 498 6 5 0.5555555555555556
674 2 5.02734375 498 6 5 0.5555555555555556
675 2 5.02734375 498 6 5 0.5555555555555556
676 2 5.02734375 498 6 5 0.5555555555555556
677 2 5.02734375 498 6 5 0.5555555555555556
678 2 5.02734375 498 6 5 0.5555555555555556
679 2 5.02734375 498 6 5 0.5555555555555556
679 1 9.02734375 498 10 9 1.0
680 2 5.02734375 498 6 5 0.5555555555555556
680 1 9.02734375 498 10 9 1.0
681 2 5.02734375 498 6 5 0.5555555555555556
681 1 9.02734375 498 10 9 1.0
682 2 5.02734375 498 6 5 0.5555555555555556
683 2 5.02734375 498 6 5 0.5555555555555556
684 2 5.02734375 498 6 5 0.5555555555555556
685 2 5.02734375 498 6 5 0.5555555555555556
686 2 5.02734375 498 6 5 0.5555555555555556
686 1 9.02734375 498 10 9 1.0
687 2 5.02734375 498 6 5 0.5555555555555556
688 2 5.02734375 498 6 5 0.5555555555555556
689 2 5.02734375 498 6 5 0.5555555555555556
690 2 5.02734375 498 6 5 0.5555555555555556
691 2 5.02734375 498 6 5 0.5555555555555556
692 1 9.02734375 498 10 9 1.0
692 2 5.02734375 498 6 5 0.5555555555555556
693 2 5.02734375 498 6 5 0.5555555555555556
694 2 5.02734375 498 6 5 0.5555555555555556
694 1 9.02734375 498 10 9 1.0
695 2 5.02734375 498 6 5 0.5555555555555556
696 2 5.02734375 498 6 5 0.5555555555555556
696 1 9.02734375 498 10 9 1.0
697 2 5.02734375 498 6 5 0.5555555555555556
698 2 5.02734375 498 6 5 0.5555555555555556
698 1 9.02734375 498 10 9 1.0
699 2 5.02734375 498 6 5 0.5555555555555556
700 2 5.02734375 498 6 5 0.5555555555555556
700 1 9.02734375 498 10 9 1.0
701 2 5.02734375 498 6 5 0.5555555555555556
702 2 5.02734375 498 6 5 0.5555555555555556
702 1 9.02734375 498 10 9 1.0
703 2 5.02734375 498 6 5 0.5555555555555556
703 1 9.02734375 498 10 9 1.0
704 2 5.02734375 498 6 5 0.5555555555555556
704 3 4.02734375 498 5 4 0.4444444444444444
705 2 5.02734375 498 6 5 0.5555555555555556
706 2 5.02734375 498 6 5 0.5555555555555556
706 1 9.02734375 498 10 9 1.0
707 2 5.02734375 498 6 5 0.5555555555555556
707 1 9.02734375 498 10 9 1.0
707 3 4.02734375 498 5 4 0.4444444444444444
708 2 5.02734375 498 6 5 0.5555555555555556
709 2 5.02734375 498 6 5 0.5555555555555556
710 2 5.02734375 498 6 5 0.5555555555555556
711 2 5.02734375 498 6 5 0.5555555555555556
712 2 5.02734375 498 6 5 0.5555555555555556
713 2 5.02734375 498 6 5 0.5555555555555556
714 2 5.02734375 498 6 5 0.5555555555555556
715 2 5.02734375 498 6 5 0.5555555555555556
715 1 9.02734375 498 10 9 1.0
716 2 5.02734375 498 6 5 0.5555555555555556
716 1 9.02734375 498 10 9 1.0
717 2 5.02734375 498 6 5 0.5555555555555556
717 1 9.02734375 498 10 9 1.0
718 2 5.02734375 498 6 5 0.5555555555555556
719 2 5.02734375 498 6 5 0.5555555555555556
720 2 5.02734375 498 6 5 0.5555555555555556
721 2 5.02734375 498 6 5 0.5555555555555556
722 2 5.02734375 498 6 5 0.5555555555555556
723 2 5.02734375 498 6 5 0.5555555555555556
724 2 5.02734375 498 6 5 0.5555555555555556
725 2 5.02734375 498 6 5 0.5555555555555556
725 1 9.02734375 498 10 9 1.0
726 1 9.02734375 498 10 9 1.0
726 2 5.02734375 498 6 5 0.5555555555555556
727 1 9.02734375 498 10 9 1.0
727 2 5.02734375 498 6 5 0.5555555555555556
728 2 5.02734375 498 6 5 0.5555555555555556
729 2 5.02734375 498 6 5 0.5555555555555556
730 2 5.02734375 498 6 5 0.5555555555555556
730 1 9.02734375 498 10 9 1.0
731 2 5.02734375 498 6 5 0.5555555555555556
731 1 9.02734375 498 10 9 1.0
732 2 5.02734375 498 6 5 0.5555555555555556
733 2 5.02734375 498 6 5 0.5555555555555556
733 1 9.02734375 498 10 9 1.0
734 2 5.02734375 498 6 5 0.5555555555555556
735 2 5.02734375 498 6 5 0.5555555555555556
736 2 5.02734375 498 6 5 0.5555555555555556
736 1 9.02734375 498 10 9 1.0
737 2 5.02734375 498 6 5 0.5555555555555556
738 2 5.02734375 498 6 5 0.5555555555555556
739 2 5.02734375 498 6 5 0.5555555555555556
740 2 5.02734375 498 6 5 0.5555555555555556
741 2 5.02734375 498 6 5 0.5555555555555556
741 1 9.02734375 498 10 9 1.0
742 2 5.02734375 498 6 5 0.5555555555555556
742 3 4.02734375 498 5 4 0.4444444444444444
743 2 5.02734375 498 6 5 0.5555555555555556
743 1 9.02734375 498 10 9 1.0
744 2 5.02734375 498 6 5 0.5555555555555556
745 2 5.02734375 498 6 5 0.5555555555555556
746 2 5.02734375 498 6 5 0.5555555555555556
746 1 9.02734375 498 10 9 1.0
747 2 5.02734375 498 6 5 0.5555555555555556
747 1 9.02734375 498 10 9 1.0
748 2 5.02734375 498 6 5 0.5555555555555556
748 1 9.02734375 498 10 9 1.0
749 2 5.02734375 498 6 5 0.5555555555555556
749 1 9.02734375 498 10 9 1.0
749 3 2.02734375 498 3 2 0.2222222222222222
750 2 5.02734375 498 6 5 0.5555555555555556
750 1 9.02734375 498 10 9 1.0
751 2 5.02734375 498 6 5 0.5555555555555556
752 2 5.02734375 498 6 5 0.5555555555555556
753 2 5.02734375 498 6 5 0.5555555555555556
753 1 9.02734375 498 10 9 1.0
754 2 5.02734375 498 6 5 0.5555555555555556
755 2 5.02734375 498 6 5 0.5555555555555556
756 2 5.02734375 498 6 5 0.5555555555555556
757 2 5.02734375 498 6 5 0.5555555555555556
757 1 9.02734375 498 10 9 1.0
758 2 5.02734375 498 6 5 0.5555555555555556
758 1 9.02734375 498 10 9 1.0
759 1 9.02734375 498 10 9 1.0
759 2 5.02734375 498 6 5 0.5555555555555556
760 2 5.02734375 498 6 5 0.5555555555555556
761 2 5.02734375 498 6 5 0.5555555555555556
762 2 5.02734375 498 6 5 0.5555555555555556
763 2 5.02734375 498 6 5 0.5555555555555556
764 2 5.02734375 498 6 5 0.5555555555555556
765 2 5.02734375 498 6 5 0.5555555555555556
765 1 9.02734375 498 10 9 1.0
766 2 5.02734375 498 6 5 0.5555555555555556
767 2 5.02734375 498 6 5 0.5555555555555556
767 1 9.02734375 498 10 9 1.0
768 2 5.02734375 498 6 5 0.5555555555555556
769 1 9.02734375 498 10 9 1.0
769 2 5.02734375 498 6 5 0.5555555555555556
770 2 5.02734375 498 6 5 0.5555555555555556
770 1 9.02734375 498 10 9 1.0
771 3 4.02734375 498 5 4 0.4444444444444444
771 2 5.02734375 498 6 5 0.5555555555555556
772 2 5.02734375 498 6 5 0.5555555555555556
773 2 5.025390625 499 6 5 0.5555555555555556
774 2 5.025390625 499 6 5 0.5555555555555556
774 1 9.025390625 499 10 9 1.0
775 2 5.025390625 499 6 5 0.5555555555555556
775 1 9.025390625 499 10 9 1.0
776 2 5.025390625 499 6 5 0.5555555555555556
777 2 5.025390625 499 6 5 0.5555555555555556
777 1 9.025390625 499 10 9 1.0
778 2 5.025390625 499 6 5 0.5555555555555556
779 2 5.025390625 499 6 5 0.5555555555555556
780 2 5.025390625 499 6 5 0.5555555555555556
781 2 5.025390625 499 6 5 0.5555555555555556
782 2 5.025390625 499 6 5 0.5555555555555556
783 2 5.025390625 499 6 5 0.5555555555555556
784 2 5.025390625 499 6 5 0.5555555555555556
785 2 5.025390625 499 6 5 0.5555555555555556
786 2 5.025390625 499 6 5 0.5555555555555556
787 2 5.025390625 499 6 5 0.5555555555555556
787 1 9.025390625 499 10 9 1.0
788 2 5.025390625 499 6 5 0.5555555555555556
789 2 5.025390625 499 6 5 0.5555555555555556
789 1 9.025390625 499 10 9 1.0
790 2 5.025390625 499 6 5 0.5555555555555556
790 1 9.025390625 499 10 9 1.0
791 2 5.025390625 499 6 5 0.5555555555555556
792 2 5.025390625 499 6 5 0.5555555555555556
793 2 5.025390625 499 6 5 0.5555555555555556
794 2 5.025390625 499 6 5 0.5555555555555556
794 1 9.025390625 499 10 9 1.0
795 2 5.025390625 499 6 5 0.5555555555555556
796 2 5.025390625 499 6 5 0.5555555555555556
796 1 9.025390625 499 10 9 1.0
797 2 5.025390625 499 6 5 0.5555555555555556
798 2 5.025390625 499 6 5 0.5555555555555556
798 1 9.025390625 499 10 9 1.0
799 2 5.025390625 499 6 5 0.5555555555555556
799 1 9.025390625 499 10 9 1.0
800 2 5.025390625 499 6 5 0.5555555555555556
800 1 9.025390625 499 10 9 1.0
801 2 5.025390625 499 6 5 0.5555555555555556
802 2 5.025390625 499 6 5 0.5555555555555556
803 2 5.025390625 499 6 5 0.5555555555555556
804 2 5.025390625 499 6 5 0.5555555555555556
804 1 9.025390625 499 10 9 1.0
805 2 5.025390625 499 6 5 0.5555555555555556
806 2 5.025390625 499 6 5 0.5555555555555556
806 1 9.025390625 499 10 9 1.0
807 2 5.025390625 499 6 5 0.5555555555555556
807 1 9.025390625 499 10 9 1.0
808 2 5.025390625 499 6 5 0.5555555555555556
808 1 9.025390625 499 10 9 1.0
809 2 5.025390625 499 6 5 0.5555555555555556
810 2 5.025390625 499 6 5 0.5555555555555556
810 1 9.025390625 499 10 9 1.0
811 2 5.025390625 499 6 5 0.5555555555555556
811 1 9.025390625 499 10 9 1.0
812 2 5.025390625 499 6 5 0.5555555555555556
813 2 5.025390625 499 6 5 0.5555555555555556
814 2 5.025390625 499 6 5 0.5555555555555556
814 1 9.025390625 499 10 9 1.0
815 2 5.025390625 499 6 5 0.5555555555555556
815 1 9.025390625 499 10 9 1.0
816 2 5.025390625 499 6 5 0.5555555555555556
816 1 9.025390625 499 10 9 1.0
817 2 5.025390625 499 6 5 0.5555555555555556
817 1 9.025390625 499 10 9 1.0
818 2 5.025390625 499 6 5 0.5555555555555556
819 2 5.025390625 499 6 5 0.5555555555555556
820 2 5.025390625 499 6 5 0.5555555555555556
821 2 5.025390625 499 6 5 0.5555555555555556
822 2 5.025390625 499 6 5 0.5555555555555556
822 1 9.025390625 499 10 9 1.0
823 2 5.025390625 499 6 5 0.5555555555555556
823 1 9.025390625 499 10 9 1.0
824 2 5.025390625 499 6 5 0.5555555555555556
825 2 5.025390625 499 6 5 0.5555555555555556
825 1 9.025390625 499 10 9 1.0
826 2 5.025390625 499 6 5 0.5555555555555556
827 2 5.025390625 499 6 5 0.5555555555555556
828 2 5.025390625 499 6 5 0.5555555555555556
828 1 9.025390625 499 10 9 1.0
829 2 5.025390625 499 6 5 0.5555555555555556
830 2 5.025390625 499 6 5 0.5555555555555556
831 2 5.025390625 499 6 5 0.5555555555555556
832 2 5.025390625 499 6 5 0.5555555555555556
832 1 9.025390625 499 10 9 1.0
833 2 5.025390625 499 6 5 0.5555555555555556
833 3 4.025390625 499 5 4 0.4444444444444444
834 2 5.025390625 499 6 5 0.5555555555555556
835 2 5.025390625 499 6 5 0.5555555555555556
836 2 5.025390625 499 6 5 0.5555555555555556
836 1 9.025390625 499 10 9 1.0
837 2 5.025390625 499 6 5 0.5555555555555556
838 2 5.025390625 499 6 5 0.5555555555555556
839 2 5.025390625 499 6 5 0.5555555555555556
840 2 5.025390625 499 6 5 0.5555555555555556
841 2 5.025390625 499 6 5 0.5555555555555556
841 1 9.025390625 499 10 9 1.0
842 2 5.025390625 499 6 5 0.5555555555555556
843 2 5.025390625 499 6 5 0.5555555555555556
843 3 4.025390625 499 5 4 0.4444444444444444
844 2 5.025390625 499 6 5 0.5555555555555556
845 2 5.025390625 499 6 5 0.5555555555555556
846 2 5.025390625 499 6 5 0.5555555555555556
847 2 5.0234375 500 6 5 0.5555555555555556
848 2 5.0234375 500 6 5 0.5555555555555556
849 2 5.0234375 500 6 5 0.5555555555555556
850 2 5.0234375 500 6 5 0.5555555555555556
851 2 5.0234375 500 6 5 0.5555555555555556
851 3 2.0234375 500 3 2 0.2222222222222222
851 1 9.0234375 500 10 9 1.0
852 2 5.0234375 500 6 5 0.5555555555555556
852 1 9.0234375 500 10 9 1.0
853 2 5.0234375 500 6 5 0.5555555555555556
854 2 5.0234375 500 6 5 0.5555555555555556
854 1 9.0234375 500 10 9 1.0
855 2 5.0234375 500 6 5 0.5555555555555556
856 2 5.0234375 500 6 5 0.5555555555555556
856 1 9.0234375 500 10 9 1.0
857 2 5.0234375 500 6 5 0.5555555555555556
858 2 5.0234375 500 6 5 0.5555555555555556
859 2 5.0234375 500 6 5 0.5555555555555556
859 1 9.0234375 500 10 9 1.0
860 2 5.0234375 500 6 5 0.5555555555555556
861 2 5.0234375 500 6 5 0.5555555555555556
861 1 9.0234375 500 10 9 1.0
862 2 5.0234375 500 6 5 0.5555555555555556
862 3 4.0234375 500 5 4 0.4444444444444444
863 2 5.0234375 500 6 5 0.5555555555555556
863 3 4.0234375 500 5 4 0.4444444444444444
863 1 9.0234375 500 10 9 1.0
864 2 5.0234375 500 6 5 0.5555555555555556
865 2 5.0234375 500 6 5 0.5555555555555556
865 1 9.0234375 500 10 9 1.0
866 2 5.0234375 500 6 5 0.5555555555555556
866 1 9.0234375 500 10 9 1.0
867 2 5.0234375 500 6 5 0.5555555555555556
868 2 5.0234375 500 6 5 0.5555555555555556
869 2 5.0234375 500 6 5 0.5555555555555556
869 1 9.0234375 500 10 9 1.0
870 2 5.0234375 500 6 5 0.5555555555555556
871 2 5.0234375 500 6 5 0.5555555555555556
871 1 9.0234375 500 10 9 1.0
872 2 5.0234375 500 6 5 0.5555555555555556
873 2 5.0234375 500 6 5 0.5555555555555556
874 1 9.0234375 500 10 9 1.0
874 2 5.0234375 500 6 5 0.5555555555555556
875 2 5.0234375 500 6 5 0.5555555555555556
876 2 5.0234375 500 6 5 0.5555555555555556
877 2 5.0234375 500 6 5 0.5555555555555556
877 1 9.0234375 500 10 9 1.0
878 2 5.0234375 500 6 5 0.5555555555555556
879 2 5.0234375 500 6 5 0.5555555555555556
879 1 9.0234375 500 10 9 1.0
880 2 5.0234375 500 6 5 0.5555555555555556
881 2 5.0234375 500 6 5 0.5555555555555556
882 2 5.0234375 500 6 5 0.5555555555555556
883 2 5.0234375 500 6 5 0.5555555555555556
884 2 5.0234375 500 6 5 0.5555555555555556
885 2 5.0234375 500 6 5 0.5555555555555556
885 3 4.0234375 500 5 4 0.4444444444444444
886 2 5.0234375 500 6 5 0.5555555555555556
887 2 5.0234375 500 6 5 0.5555555555555556
888 2 5.0234375 500 6 5 0.5555555555555556
889 2 5.0234375 500 6 5 0.5555555555555556
890 2 5.0234375 500 6 5 0.5555555555555556
891 2 5.0234375 500 6 5 0.5555555555555556
892 2 5.0234375 500 6 5 0.5555555555555556
893 2 5.0234375 500 6 5 0.5555555555555556
894 2 5.0234375 500 6 5 0.5555555555555556
895 1 9.0234375 500 10 9 1.0
895 2 5.0234375 500 6 5 0.5555555555555556
896 2 5.0234375 500 6 5 0.5555555555555556
897 2 5.0234375 500 6 5 0.5555555555555556
897 1 9.0234375 500 10 9 1.0
898 2 5.0234375 500 6 5 0.5555555555555556
899 2 5.0234375 500 6 5 0.5555555555555556
900 2 5.0234375 500 6 5 0.5555555555555556
901 2 5.0234375 500 6 5 0.5555555555555556
901 1 9.0234375 500 10 9 1.0
902 2 5.0234375 500 6 5 0.5555555555555556
903 2 5.0234375 500 6 5 0.5555555555555556
903 1 9.0234375 500 10 9 1.0
904 2 5.0234375 500 6 5 0.5555555555555556
905 2 5.0234375 500 6 5 0.5555555555555556
905 1 9.0234375 500 10 9 1.0
906 2 5.0234375 500 6 5 0.5555555555555556
906 1 9.0234375 500 10 9 1.0
907 2 5.0234375 500 6 5 0.5555555555555556
908 2 5.0234375 500 6 5 0.5555555555555556
908 1 9.0234375 500 10 9 1.0
909 2 5.0234375 500 6 5 0.5555555555555556
909 1 9.0234375 500 10 9 1.0
910 2 5.0234375 500 6 5 0.5555555555555556
911 2 5.0234375 500 6 5 0.5555555555555556
911 1 9.0234375 500 10 9 1.0
912 2 5.0234375 500 6 5 0.5555555555555556
912 1 9.0234375 500 10 9 1.0
913 2 5.0234375 500 6 5 0.5555555555555556
914 1 9.0234375 500 10 9 1.0
914 2 5.0234375 500 6 5 0.5555555555555556
915 2 5.0234375 500 6 5 0.5555555555555556
916 2 5.0234375 500 6 5 0.5555555555555556
916 1 9.0234375 500 10 9 1.0
916 3 4.0234375 500 5 4 0.4444444444444444
917 2 5.0234375 500 6 5 0.5555555555555556
917 1 9.0234375 500 10 9 1.0
918 2 5.0234375 500 6 5 0.5555555555555556
919 2 5.0234375 500 6 5 0.5555555555555556
920 2 5.0234375 500 6 5 0.5555555555555556
921 2 5.0234375 500 6 5 0.5555555555555556
922 2 5.0234375 500 6 5 0.5555555555555556
923 2 5.0234375 500 6 5 0.5555555555555556
923 1 9.0234375 500 10 9 1.0
923 3 4.0234375 500 5 4 0.4444444444444444
924 2 5.0234375 500 6 5 0.5555555555555556
925 2 5.0234375 500 6 5 0.5555555555555556
925 1 9.0234375 500 10 9 1.0
926 2 5.0234375 500 6 5 0.5555555555555556
927 2 5.0234375 500 6 5 0.5555555555555556
928 2 5.0234375 500 6 5 0.5555555555555556
929 2 5.0234375 500 6 5 0.5555555555555556
930 2 5.0234375 500 6 5 0.5555555555555556
930 3 4.0234375 500 5 4 0.4444444444444444
931 2 5.0234375 500 6 5 0.5555555555555556
932 2 5.0234375 500 6 5 0.5555555555555556
933 2 5.0234375 500 6 5 0.5555555555555556
934 2 5.0234375 500 6 5 0.5555555555555556
935 2 5.0234375 500 6 5 0.5555555555555556
936 2 5.0234375 500 6 5 0.5555555555555556
937 2 5.0234375 500 6 5 0.5555555555555556
938 2 5.0234375 500 6 5 0.5555555555555556
939 2 5.0234375 500 6 5 0.5555555555555556
939 1 9.0234375 500 10 9 1.0
940 1 9.0234375 500 10 9 1.0
940 2 5.0234375 500 6 5 0.5555555555555556
941 2 5.0234375 500 6 5 0.5555555555555556
941 1 9.0234375 500 10 9 1.0
942 2 5.0234375 500 6 5 0.5555555555555556
943 1 9.0234375 500 10 9 1.0
943 2 5.0234375 500 6 5 0.5555555555555556
944 2 5.0234375 500 6 5 0.5555555555555556
945 2 5.0234375 500 6 5 0.5555555555555556
946 2 5.0234375 500 6 5 0.5555555555555556
946 1 9.0234375 500 10 9 1.0
947 2 5.0234375 500 6 5 0.5555555555555556
947 3 2.0234375 500 3 2 0.2222222222222222
948 2 5.0234375 500 6 5 0.5555555555555556
948 1 9.0234375 500 10 9 1.0
949 2 5.0234375 500 6 5 0.5555555555555556
949 1 9.0234375 500 10 9 1.0
950 2 5.0234375 500 6 5 0.5555555555555556
951 2 5.0234375 500 6 5 0.5555555555555556
951 1 9.0234375 500 10 9 1.0
952 2 5.0234375 500 6 5 0.5555555555555556
953 2 5.0234375 500 6 5 0.5555555555555556
954 2 5.0234375 500 6 5 0.5555555555555556
954 1 9.0234375 500 10 9 1.0
955 2 5.0234375 500 6 5 0.5555555555555556
956 2 5.0234375 500 6 5 0.5555555555555556
956 1 9.0234375 500 10 9 1.0
957 2 5.0234375 500 6 5 0.5555555555555556
957 1 9.0234375 500 10 9 1.0
958 2 5.0234375 500 6 5 0.5555555555555556
959 2 5.0234375 500 6 5 0.5555555555555556
960 2 5.0234375 500 6 5 0.5555555555555556
960 1 9.0234375 500 10 9 1.0
961 2 5.0234375 500 6 5 0.5555555555555556
961 1 9.0234375 500 10 9 1.0
962 2 5.0234375 500 6 5 0.5555555555555556
962 1 9.0234375 500 10 9 1.0
963 2 5.0234375 500 6 5 0.5555555555555556
964 2 5.0234375 500 6 5 0.5555555555555556
965 2 5.0234375 500 6 5 0.5555555555555556
966 2 5.0234375 500 6 5 0.5555555555555556
967 2 5.0234375 500 6 5 0.5555555555555556
968 2 5.0234375 500 6 5 0.5555555555555556
969 2 5.0234375 500 6 5 0.5555555555555556
970 1 9.0234375 500 10 9 1.0
970 2 5.0234375 500 6 5 0.5555555555555556
971 1 9.0234375 500 10 9 1.0
971 2 5.0234375 500 6 5 0.5555555555555556
972 2 5.0234375 500 6 5 0.5555555555555556
972 1 9.0234375 500 10 9 1.0
973 3 4.0234375 500 5 4 0.4444444444444444
973 2 5.0234375 500 6 5 0.5555555555555556
973 1 9.0234375 500 10 9 1.0
974 2 5.0234375 500 6 5 0.5555555555555556
975 2 5.0234375 500 6 5 0.5555555555555556
975 1 9.0234375 500 10 9 1.0
976 2 5.0234375 500 6 5 0.5555555555555556
977 1 9.0234375 500 10 9 1.0
977 2 5.0234375 500 6 5 0.5555555555555556
978 1 9.0234375 500 10 9 1.0
978 2 5.0234375 500 6 5 0.5555555555555556
979 2 5.0234375 500 6 5 0.5555555555555556
980 2 5.0234375 500 6 5 0.5555555555555556
981 2 5.0234375 500 6 5 0.5555555555555556
982 2 5.0234375 500 6 5 0.5555555555555556
982 3 2.0234375 500 3 2 0.2222222222222222
983 2 5.0234375 500 6 5 0.5555555555555556
983 1 9.0234375 500 10 9 1.0
984 2 5.0234375 500 6 5 0.5555555555555556
984 3 2.0234375 500 3 2 0.2222222222222222
985 2 5.0234375 500 6 5 0.5555555555555556
986 1 9.0234375 500 10 9 1.0
986 2 5.0234375 500 6 5 0.5555555555555556
987 2 5.0234375 500 6 5 0.5555555555555556
988 2 5.0234375 500 6 5 0.5555555555555556
989 2 5.0234375 500 6 5 0.5555555555555556
989 1 9.0234375 500 10 9 1.0
990 2 5.0234375 500 6 5 0.5555555555555556
991 2 5.0234375 500 6 5 0.5555555555555556
991 3 4.0234375 500 5 4 0.4444444444444444
992 2 5.0234375 500 6 5 0.5555555555555556
993 2 5.0234375 500 6 5 0.5555555555555556
994 2 5.0234375 500 6 5 0.5555555555555556
994 1 9.0234375 500 10 9 1.0
995 2 5.0234375 500 6 5 0.5555555555555556
996 2 5.0234375 500 6 5 0.5555555555555556
996 1 9.0234375 500 10 9 1.0
997 2 5.0234375 500 6 5 0.5555555555555556
997 1 9.0234375 500 10 9 1.0
998 1 9.0234375 500 10 9 1.0
998 2 5.0234375 500 6 5 0.5555555555555556
999 2 5.0234375 500 6 5 0.5555555555555556
999 1 9.0234375 500 10 9 1.0
1000 1 9.0234375 500 10 9 1.0
1000 2 5.0234375 500 6 5 0.5555555555555556
