gen testSuiteSize notKilledMutants number_of_tests no_discount_objective no_equiv_mut_not_killed no_equiv_mut_not_killed_perc
1 5 5.6015625 17 6 6 0.6
1 7 4.3125 44 5 5 0.5
1 3 9.28125 46 10 10 1.0
2 3 9.25 48 10 10 1.0
3 5 2.6015625 51 3 3 0.3
4 3 8.5859375 53 9 9 0.9
5 5 2.5546875 57 3 3 0.3
6 3 8.5546875 57 9 9 0.9
7 5 1 58 1 1 0.1
8 3 9 61 9 9 0.9
9 3 9 65 9 9 0.9
10 3 9 65 9 9 0.9
11 3 9 70 9 9 0.9
12 3 9 73 9 9 0.9
13 3 9 74 9 9 0.9
14 3 9 75 9 9 0.9
15 3 9 77 9 9 0.9
16 3 7 80 7 7 0.7
17 5 1 84 1 1 0.1
17 4 3 86 3 3 0.3
18 5 1 86 1 1 0.1
19 4 1 89 1 1 0.1
20 3 7 91 7 7 0.7
21 3 7 94 7 7 0.7
22 3 6 99 6 6 0.6
23 4 1 100 1 1 0.1
24 4 1 102 1 1 0.1
25 4 1 105 1 1 0.1
25 5 0 107 0 0 0.0
26 3 6 107 6 6 0.6
27 3 6 108 6 6 0.6
28 3 6 109 6 6 0.6
29 3 6 111 6 6 0.6
30 3 6 111 6 6 0.6
31 3 6 112 6 6 0.6
32 3 6 116 6 6 0.6
33 3 5 119 5 5 0.5
34 5 0 120 0 0 0.0
34 4 2 122 2 2 0.2
35 5 0 126 0 0 0.0
35 4 1 127 1 1 0.1
36 5 0 130 0 0 0.0
37 4 2 132 2 2 0.2
37 5 0 132 0 0 0.0
38 5 0 133 0 0 0.0
39 5 0 134 0 0 0.0
40 5 0 134 0 0 0.0
40 4 1 137 1 1 0.1
41 5 0 137 0 0 0.0
42 5 0 141 0 0 0.0
42 4 2 141 2 2 0.2
43 4 1 143 1 1 0.1
43 5 0 143 0 0 0.0
44 5 0 146 0 0 0.0
45 5 0 147 0 0 0.0
46 5 0 149 0 0 0.0
47 5 0 151 0 0 0.0
48 5 0 153 0 0 0.0
48 4 2 157 2 2 0.2
49 5 0 157 0 0 0.0
49 4 3 159 3 3 0.3
50 5 0 159 0 0 0.0
51 5 0 160 0 0 0.0
51 4 1 160 1 1 0.1
52 5 0 161 0 0 0.0
52 4 2 162 2 2 0.2
53 5 0 162 0 0 0.0
53 4 7 162 7 7 0.7
54 5 0 167 0 0 0.0
55 5 0 169 0 0 0.0
55 4 1 169 1 1 0.1
56 5 0 170 0 0 0.0
56 4 2 170 2 2 0.2
57 5 0 171 0 0 0.0
57 4 5 171 5 5 0.5
58 5 0 171 0 0 0.0
59 5 0 172 0 0 0.0
60 5 0 174 0 0 0.0
60 4 2 174 2 2 0.2
61 5 0 176 0 0 0.0
62 5 0 177 0 0 0.0
62 4 1 177 1 1 0.1
63 5 0 178 0 0 0.0
63 4 2 179 2 2 0.2
64 5 0 179 0 0 0.0
65 5 0 179 0 0 0.0
65 4 2 179 2 2 0.2
66 5 0 180 0 0 0.0
67 4 2 180 2 2 0.2
67 5 0 180 0 0 0.0
68 5 0 180 0 0 0.0
69 4 2 180 2 2 0.2
69 5 0 180 0 0 0.0
70 5 0 181 0 0 0.0
71 5 0 182 0 0 0.0
72 5 0 183 0 0 0.0
72 4 2 183 2 2 0.2
73 5 0 183 0 0 0.0
73 4 2 184 2 2 0.2
74 5 0 184 0 0 0.0
75 5 0 189 0 0 0.0
76 5 0 189 0 0 0.0
77 5 0 189 0 0 0.0
78 5 0 191 0 0 0.0
78 4 2 191 2 2 0.2
79 4 2 192 2 2 0.2
79 5 0 192 0 0 0.0
80 5 0 192 0 0 0.0
81 5 0 193 0 0 0.0
81 4 2 193 2 2 0.2
82 5 0 193 0 0 0.0
83 5 0 193 0 0 0.0
84 5 0 194 0 0 0.0
85 5 0 196 0 0 0.0
86 5 0 197 0 0 0.0
87 5 0 198 0 0 0.0
88 5 0 199 0 0 0.0
88 4 2 200 2 2 0.2
89 5 0 202 0 0 0.0
89 4 5 202 5 5 0.5
90 5 0 202 0 0 0.0
90 4 5 202 5 5 0.5
91 5 0 202 0 0 0.0
92 5 0 204 0 0 0.0
92 4 1 204 1 1 0.1
93 5 0 204 0 0 0.0
94 5 0 205 0 0 0.0
95 5 0 205 0 0 0.0
96 5 0 206 0 0 0.0
97 5 0 206 0 0 0.0
98 5 0 207 0 0 0.0
98 4 2 207 2 2 0.2
99 5 0 207 0 0 0.0
100 5 0 208 0 0 0.0
101 5 0 209 0 0 0.0
101 4 2 209 2 2 0.2
102 5 0 209 0 0 0.0
103 4 4 211 4 4 0.4
103 5 0 211 0 0 0.0
104 5 0 212 0 0 0.0
105 5 0 214 0 0 0.0
106 5 0 214 0 0 0.0
107 5 0 214 0 0 0.0
108 5 0 215 0 0 0.0
109 5 0 216 0 0 0.0
110 5 0 216 0 0 0.0
111 5 0 216 0 0 0.0
112 5 0 216 0 0 0.0
112 4 2 216 2 2 0.2
113 5 0 217 0 0 0.0
114 5 0 218 0 0 0.0
115 5 0 219 0 0 0.0
116 5 0 219 0 0 0.0
117 5 0 220 0 0 0.0
118 5 0 220 0 0 0.0
118 4 1 220 1 1 0.1
119 4 3 220 3 3 0.3
119 5 0 221 0 0 0.0
120 5 0 223 0 0 0.0
121 5 0 224 0 0 0.0
122 5 0 224 0 0 0.0
123 5 0 224 0 0 0.0
124 5 0 224 0 0 0.0
125 5 0 225 0 0 0.0
126 5 0 225 0 0 0.0
127 5 0 227 0 0 0.0
128 5 0 227 0 0 0.0
129 5 0 227 0 0 0.0
129 4 1 227 1 1 0.1
130 5 0 227 0 0 0.0
131 5 0 227 0 0 0.0
132 5 0 227 0 0 0.0
132 4 2 227 2 2 0.2
133 5 0 227 0 0 0.0
134 5 0 227 0 0 0.0
134 4 2 227 2 2 0.2
135 5 0 227 0 0 0.0
136 5 0 227 0 0 0.0
137 5 0 227 0 0 0.0
138 5 0 227 0 0 0.0
138 4 1 227 1 1 0.1
139 5 0 227 0 0 0.0
139 4 2 227 2 2 0.2
140 5 0 227 0 0 0.0
141 5 0 227 0 0 0.0
142 5 0 227 0 0 0.0
143 4 2 227 2 2 0.2
143 5 0 227 0 0 0.0
144 5 0 228 0 0 0.0
145 5 0 228 0 0 0.0
145 4 2 228 2 2 0.2
146 5 0 228 0 0 0.0
146 4 3 228 3 3 0.3
147 5 0 228 0 0 0.0
148 5 0 228 0 0 0.0
148 4 1 228 1 1 0.1
149 5 0 228 0 0 0.0
149 4 1 228 1 1 0.1
150 5 0 228 0 0 0.0
151 5 0 228 0 0 0.0
151 4 2 229 2 2 0.2
152 5 0 229 0 0 0.0
153 5 0 230 0 0 0.0
154 5 0 230 0 0 0.0
155 5 0 230 0 0 0.0
156 5 0 231 0 0 0.0
157 5 0 231 0 0 0.0
158 5 0 231 0 0 0.0
159 5 0 231 0 0 0.0
160 5 0 232 0 0 0.0
161 4 1 232 1 1 0.1
161 5 0 232 0 0 0.0
162 5 0 232 0 0 0.0
162 4 2 232 2 2 0.2
163 5 0 232 0 0 0.0
164 5 0 232 0 0 0.0
165 5 0 232 0 0 0.0
166 5 0 232 0 0 0.0
167 5 0 232 0 0 0.0
167 4 1 232 1 1 0.1
168 5 0 232 0 0 0.0
169 5 0 232 0 0 0.0
170 5 0 233 0 0 0.0
171 5 0 233 0 0 0.0
172 5 0 233 0 0 0.0
172 4 5 233 5 5 0.5
173 5 0 233 0 0 0.0
173 4 2 233 2 2 0.2
174 5 0 233 0 0 0.0
175 4 1 233 1 1 0.1
175 5 0 233 0 0 0.0
176 5 0 233 0 0 0.0
177 4 2 234 2 2 0.2
177 5 0 234 0 0 0.0
178 5 0 234 0 0 0.0
178 4 2 234 2 2 0.2
179 5 0 234 0 0 0.0
179 3 8 235 8 8 0.8
180 5 0 235 0 0 0.0
181 5 0 235 0 0 0.0
181 4 2 235 2 2 0.2
182 5 0 235 0 0 0.0
182 4 1 235 1 1 0.1
183 5 0 236 0 0 0.0
184 5 0 236 0 0 0.0
185 5 0 236 0 0 0.0
186 5 0 237 0 0 0.0
186 4 2 237 2 2 0.2
187 5 0 237 0 0 0.0
188 5 0 237 0 0 0.0
188 4 2 237 2 2 0.2
189 5 0 238 0 0 0.0
190 5 0 238 0 0 0.0
191 5 0 238 0 0 0.0
192 5 0 238 0 0 0.0
193 5 0 239 0 0 0.0
194 5 0 239 0 0 0.0
195 5 0 239 0 0 0.0
196 5 0 239 0 0 0.0
197 5 0 239 0 0 0.0
198 5 0 239 0 0 0.0
199 5 0 239 0 0 0.0
200 5 0 239 0 0 0.0
201 5 0 239 0 0 0.0
202 5 0 239 0 0 0.0
203 5 0 239 0 0 0.0
204 5 0 240 0 0 0.0
204 4 1 240 1 1 0.1
205 5 0 241 0 0 0.0
206 5 0 241 0 0 0.0
206 4 2 242 2 2 0.2
207 5 0 242 0 0 0.0
208 5 0 242 0 0 0.0
209 5 0 242 0 0 0.0
210 5 0 242 0 0 0.0
211 4 2 242 2 2 0.2
211 5 0 242 0 0 0.0
212 5 0 242 0 0 0.0
213 4 2 242 2 2 0.2
213 5 0 242 0 0 0.0
214 5 0 242 0 0 0.0
215 5 0 242 0 0 0.0
215 4 2 243 2 2 0.2
216 5 0 243 0 0 0.0
217 5 0 243 0 0 0.0
218 5 0 243 0 0 0.0
219 5 0 243 0 0 0.0
220 5 0 243 0 0 0.0
221 5 0 243 0 0 0.0
222 5 0 243 0 0 0.0
223 5 0 243 0 0 0.0
224 5 0 243 0 0 0.0
225 5 0 243 0 0 0.0
225 4 2 243 2 2 0.2
226 4 7 243 7 7 0.7
226 5 0 243 0 0 0.0
227 5 0 243 0 0 0.0
227 4 7 243 7 7 0.7
228 5 0 243 0 0 0.0
228 4 2 243 2 2 0.2
229 5 0 243 0 0 0.0
230 5 0 243 0 0 0.0
230 4 2 243 2 2 0.2
231 5 0 243 0 0 0.0
232 5 0 243 0 0 0.0
232 4 2 243 2 2 0.2
233 5 0 243 0 0 0.0
233 4 1 243 1 1 0.1
234 5 0 244 0 0 0.0
235 5 0 244 0 0 0.0
235 4 2 244 2 2 0.2
236 5 0 244 0 0 0.0
237 5 0 244 0 0 0.0
238 5 0 244 0 0 0.0
239 5 0 244 0 0 0.0
240 5 0 244 0 0 0.0
240 4 2 244 2 2 0.2
241 5 0 244 0 0 0.0
242 5 0 244 0 0 0.0
243 5 0 244 0 0 0.0
244 5 0 244 0 0 0.0
244 4 2 244 2 2 0.2
245 5 0 244 0 0 0.0
245 4 2 244 2 2 0.2
246 5 0 244 0 0 0.0
247 5 0 244 0 0 0.0
248 5 0 244 0 0 0.0
249 5 0 244 0 0 0.0
250 5 0 244 0 0 0.0
251 5 0 245 0 0 0.0
251 4 1 245 1 1 0.1
252 5 0 245 0 0 0.0
253 4 2 245 2 2 0.2
253 5 0 245 0 0 0.0
254 5 0 245 0 0 0.0
255 5 0 245 0 0 0.0
255 4 4 245 4 4 0.4
256 4 3 245 3 3 0.3
256 5 0 245 0 0 0.0
257 5 0 245 0 0 0.0
257 4 5 245 5 5 0.5
258 5 0 245 0 0 0.0
259 5 0 246 0 0 0.0
259 4 2 246 2 2 0.2
260 5 0 246 0 0 0.0
260 4 2 246 2 2 0.2
261 5 0 246 0 0 0.0
262 4 2 246 2 2 0.2
262 5 0 246 0 0 0.0
263 5 0 246 0 0 0.0
264 5 0 246 0 0 0.0
264 4 2 246 2 2 0.2
265 5 0 246 0 0 0.0
265 4 2 246 2 2 0.2
266 5 0 246 0 0 0.0
266 4 1 246 1 1 0.1
267 5 0 246 0 0 0.0
268 5 0 246 0 0 0.0
269 5 0 246 0 0 0.0
270 5 0 247 0 0 0.0
271 5 0 247 0 0 0.0
272 5 0 247 0 0 0.0
273 5 0 247 0 0 0.0
273 4 7 247 7 7 0.7
274 4 2 247 2 2 0.2
274 5 0 247 0 0 0.0
275 5 0 247 0 0 0.0
276 5 0 247 0 0 0.0
276 4 1 247 1 1 0.1
277 5 0 247 0 0 0.0
277 3 3 247 3 3 0.3
277 4 2 247 2 2 0.2
278 5 0 247 0 0 0.0
279 5 0 247 0 0 0.0
279 4 7 247 7 7 0.7
280 5 0 247 0 0 0.0
281 5 0 247 0 0 0.0
282 5 0 248 0 0 0.0
282 4 6 249 6 6 0.6
283 5 0 249 0 0 0.0
283 4 3 249 3 3 0.3
284 5 0 249 0 0 0.0
284 4 1 249 1 1 0.1
285 5 0 249 0 0 0.0
285 4 1 249 1 1 0.1
286 5 0 249 0 0 0.0
287 5 0 249 0 0 0.0
288 4 2 249 2 2 0.2
288 5 0 249 0 0 0.0
289 5 0 249 0 0 0.0
290 5 0 249 0 0 0.0
291 5 0 249 0 0 0.0
291 4 1 249 1 1 0.1
292 5 0 249 0 0 0.0
293 5 0 249 0 0 0.0
293 4 2 249 2 2 0.2
294 5 0 249 0 0 0.0
294 4 1 249 1 1 0.1
295 5 0 249 0 0 0.0
296 5 0 249 0 0 0.0
296 4 2 250 2 2 0.2
297 5 0 250 0 0 0.0
298 5 0 250 0 0 0.0
299 5 0 250 0 0 0.0
300 5 0 250 0 0 0.0
300 4 2 250 2 2 0.2
301 5 0 251 0 0 0.0
302 5 0 251 0 0 0.0
303 5 0 251 0 0 0.0
303 3 5 251 5 5 0.5
304 5 0 251 0 0 0.0
305 5 0 251 0 0 0.0
306 5 0 251 0 0 0.0
307 5 0 252 0 0 0.0
308 4 1 252 1 1 0.1
308 5 0 252 0 0 0.0
309 4 2 252 2 2 0.2
309 5 0 252 0 0 0.0
310 5 0 252 0 0 0.0
311 5 0 252 0 0 0.0
311 4 2 252 2 2 0.2
312 5 0 252 0 0 0.0
313 5 0 252 0 0 0.0
314 5 0 252 0 0 0.0
314 4 5 252 5 5 0.5
315 5 0 252 0 0 0.0
316 5 0 252 0 0 0.0
317 5 0 252 0 0 0.0
317 4 2 252 2 2 0.2
318 5 0 252 0 0 0.0
319 5 0 252 0 0 0.0
319 4 2 252 2 2 0.2
320 5 0 252 0 0 0.0
321 5 0 252 0 0 0.0
322 5 0 252 0 0 0.0
322 4 2 252 2 2 0.2
323 5 0 252 0 0 0.0
324 5 0 252 0 0 0.0
324 4 2 252 2 2 0.2
325 5 0 252 0 0 0.0
325 4 2 252 2 2 0.2
326 5 0 252 0 0 0.0
327 5 0 252 0 0 0.0
328 5 0 252 0 0 0.0
328 4 2 252 2 2 0.2
329 5 0 252 0 0 0.0
329 4 2 252 2 2 0.2
330 5 0 252 0 0 0.0
331 5 0 252 0 0 0.0
332 5 0 252 0 0 0.0
333 5 0 252 0 0 0.0
334 5 0 252 0 0 0.0
335 4 1 252 1 1 0.1
335 5 0 252 0 0 0.0
336 4 3 252 3 3 0.3
336 5 0 252 0 0 0.0
337 5 0 252 0 0 0.0
337 4 2 252 2 2 0.2
338 5 0 252 0 0 0.0
339 5 0 252 0 0 0.0
339 4 2 252 2 2 0.2
340 5 0 252 0 0 0.0
341 5 0 252 0 0 0.0
342 5 0 252 0 0 0.0
343 5 0 252 0 0 0.0
344 5 0 252 0 0 0.0
345 5 0 252 0 0 0.0
346 5 0 252 0 0 0.0
347 5 0 252 0 0 0.0
348 5 0 252 0 0 0.0
348 4 1 252 1 1 0.1
349 5 0 252 0 0 0.0
350 5 0 252 0 0 0.0
350 4 1 252 1 1 0.1
351 5 0 252 0 0 0.0
352 5 0 252 0 0 0.0
353 4 2 252 2 2 0.2
353 5 0 252 0 0 0.0
354 5 0 252 0 0 0.0
355 5 0 252 0 0 0.0
356 5 0 252 0 0 0.0
357 5 0 252 0 0 0.0
357 4 2 252 2 2 0.2
358 5 0 252 0 0 0.0
359 5 0 252 0 0 0.0
360 5 0 252 0 0 0.0
361 5 0 252 0 0 0.0
361 4 1 252 1 1 0.1
362 5 0 252 0 0 0.0
363 5 0 252 0 0 0.0
364 5 0 252 0 0 0.0
364 4 2 252 2 2 0.2
365 5 0 252 0 0 0.0
366 5 0 252 0 0 0.0
366 4 2 252 2 2 0.2
367 5 0 252 0 0 0.0
368 5 0 252 0 0 0.0
369 5 0 252 0 0 0.0
369 4 2 253 2 2 0.2
370 5 0 253 0 0 0.0
371 5 0 253 0 0 0.0
372 5 0 253 0 0 0.0
373 5 0 254 0 0 0.0
374 5 0 254 0 0 0.0
375 5 0 254 0 0 0.0
375 4 2 254 2 2 0.2
376 5 0 254 0 0 0.0
377 5 0 254 0 0 0.0
377 4 2 254 2 2 0.2
378 5 0 254 0 0 0.0
379 5 0 254 0 0 0.0
380 5 0 254 0 0 0.0
380 4 2 254 2 2 0.2
381 5 0 254 0 0 0.0
381 4 2 254 2 2 0.2
382 5 0 254 0 0 0.0
383 5 0 254 0 0 0.0
384 5 0 254 0 0 0.0
385 5 0 254 0 0 0.0
386 5 0 254 0 0 0.0
387 5 0 254 0 0 0.0
387 4 2 254 2 2 0.2
388 5 0 254 0 0 0.0
389 5 0 254 0 0 0.0
390 5 0 254 0 0 0.0
391 5 0 254 0 0 0.0
392 5 0 254 0 0 0.0
393 5 0 254 0 0 0.0
394 5 0 254 0 0 0.0
395 5 0 254 0 0 0.0
396 5 0 254 0 0 0.0
396 4 2 254 2 2 0.2
397 5 0 254 0 0 0.0
397 4 2 254 2 2 0.2
398 5 0 254 0 0 0.0
398 4 2 254 2 2 0.2
399 5 0 254 0 0 0.0
400 5 0 254 0 0 0.0
400 4 2 254 2 2 0.2
401 5 0 254 0 0 0.0
402 5 0 254 0 0 0.0
403 5 0 254 0 0 0.0
403 4 7 254 7 7 0.7
404 5 0 254 0 0 0.0
405 5 0 254 0 0 0.0
406 5 0 254 0 0 0.0
407 5 0 254 0 0 0.0
408 5 0 254 0 0 0.0
409 5 0 254 0 0 0.0
410 5 0 254 0 0 0.0
411 5 0 254 0 0 0.0
412 5 0 254 0 0 0.0
412 4 2 254 2 2 0.2
413 5 0 254 0 0 0.0
414 5 0 254 0 0 0.0
415 5 0 254 0 0 0.0
415 4 2 254 2 2 0.2
416 5 0 254 0 0 0.0
416 4 1 254 1 1 0.1
417 5 0 254 0 0 0.0
418 5 0 254 0 0 0.0
418 4 2 254 2 2 0.2
419 5 0 254 0 0 0.0
420 5 0 254 0 0 0.0
421 5 0 254 0 0 0.0
422 5 0 254 0 0 0.0
423 5 0 254 0 0 0.0
424 5 0 254 0 0 0.0
425 5 0 254 0 0 0.0
425 4 2 254 2 2 0.2
426 5 0 254 0 0 0.0
427 5 0 254 0 0 0.0
428 5 0 254 0 0 0.0
429 5 0 254 0 0 0.0
429 4 2 254 2 2 0.2
430 5 0 254 0 0 0.0
431 5 0 254 0 0 0.0
432 5 0 254 0 0 0.0
433 5 0 254 0 0 0.0
433 4 2 254 2 2 0.2
434 5 0 254 0 0 0.0
435 5 0 254 0 0 0.0
435 4 1 254 1 1 0.1
436 5 0 254 0 0 0.0
436 4 2 254 2 2 0.2
437 5 0 254 0 0 0.0
437 4 2 254 2 2 0.2
438 5 0 254 0 0 0.0
439 5 0 254 0 0 0.0
440 5 0 254 0 0 0.0
440 4 2 254 2 2 0.2
441 5 0 254 0 0 0.0
442 5 0 254 0 0 0.0
443 5 0 254 0 0 0.0
444 5 0 254 0 0 0.0
444 4 1 254 1 1 0.1
445 5 0 254 0 0 0.0
445 4 2 254 2 2 0.2
446 5 0 254 0 0 0.0
446 4 2 254 2 2 0.2
447 5 0 254 0 0 0.0
448 5 0 254 0 0 0.0
449 5 0 254 0 0 0.0
449 4 1 254 1 1 0.1
450 5 0 254 0 0 0.0
450 4 3 254 3 3 0.3
451 5 0 254 0 0 0.0
452 5 0 254 0 0 0.0
452 4 5 254 5 5 0.5
453 5 0 254 0 0 0.0
454 5 0 254 0 0 0.0
455 5 0 254 0 0 0.0
455 4 2 254 2 2 0.2
456 5 0 254 0 0 0.0
457 5 0 254 0 0 0.0
458 5 0 254 0 0 0.0
459 5 0 254 0 0 0.0
460 5 0 254 0 0 0.0
461 5 0 254 0 0 0.0
462 5 0 254 0 0 0.0
463 5 0 254 0 0 0.0
463 4 1 254 1 1 0.1
464 5 0 254 0 0 0.0
464 4 1 254 1 1 0.1
465 5 0 254 0 0 0.0
465 4 2 254 2 2 0.2
466 5 0 254 0 0 0.0
466 4 2 254 2 2 0.2
467 5 0 254 0 0 0.0
468 4 1 254 1 1 0.1
468 5 0 254 0 0 0.0
469 5 0 254 0 0 0.0
470 5 0 254 0 0 0.0
470 4 2 254 2 2 0.2
471 5 0 254 0 0 0.0
471 4 1 254 1 1 0.1
472 5 0 254 0 0 0.0
472 4 1 254 1 1 0.1
473 5 0 254 0 0 0.0
474 5 0 254 0 0 0.0
475 5 0 254 0 0 0.0
476 5 0 254 0 0 0.0
476 4 3 254 3 3 0.3
477 5 0 254 0 0 0.0
478 5 0 254 0 0 0.0
479 5 0 254 0 0 0.0
480 5 0 254 0 0 0.0
481 5 0 254 0 0 0.0
482 5 0 254 0 0 0.0
483 5 0 254 0 0 0.0
483 4 2 254 2 2 0.2
484 5 0 254 0 0 0.0
485 5 0 254 0 0 0.0
486 5 0 254 0 0 0.0
486 4 1 254 1 1 0.1
487 5 0 254 0 0 0.0
488 5 0 254 0 0 0.0
489 5 0 254 0 0 0.0
489 4 1 254 1 1 0.1
490 5 0 254 0 0 0.0
490 4 2 254 2 2 0.2
491 5 0 254 0 0 0.0
492 5 0 254 0 0 0.0
493 5 0 254 0 0 0.0
494 5 0 254 0 0 0.0
495 5 0 254 0 0 0.0
496 5 0 254 0 0 0.0
496 4 7 254 7 7 0.7
497 3 3 254 3 3 0.3
497 5 0 254 0 0 0.0
498 5 0 254 0 0 0.0
498 4 2 254 2 2 0.2
499 5 0 254 0 0 0.0
500 5 0 254 0 0 0.0
501 5 0 254 0 0 0.0
502 4 2 254 2 2 0.2
502 5 0 254 0 0 0.0
503 5 0 254 0 0 0.0
504 5 0 254 0 0 0.0
505 5 0 254 0 0 0.0
505 4 2 254 2 2 0.2
506 4 2 254 2 2 0.2
506 5 0 254 0 0 0.0
507 5 0 254 0 0 0.0
508 5 0 254 0 0 0.0
509 5 0 254 0 0 0.0
510 5 0 254 0 0 0.0
511 5 0 254 0 0 0.0
512 5 0 254 0 0 0.0
513 5 0 254 0 0 0.0
514 5 0 254 0 0 0.0
515 5 0 254 0 0 0.0
516 5 0 254 0 0 0.0
517 5 0 254 0 0 0.0
517 4 1 254 1 1 0.1
518 5 0 254 0 0 0.0
519 5 0 254 0 0 0.0
520 5 0 254 0 0 0.0
521 4 2 254 2 2 0.2
521 5 0 254 0 0 0.0
522 5 0 254 0 0 0.0
522 4 4 254 4 4 0.4
523 5 0 254 0 0 0.0
524 5 0 254 0 0 0.0
525 5 0 254 0 0 0.0
526 5 0 254 0 0 0.0
527 5 0 254 0 0 0.0
528 5 0 254 0 0 0.0
529 5 0 254 0 0 0.0
529 4 2 254 2 2 0.2
530 5 0 254 0 0 0.0
531 5 0 254 0 0 0.0
531 4 2 254 2 2 0.2
532 5 0 254 0 0 0.0
533 5 0 254 0 0 0.0
534 5 0 254 0 0 0.0
535 5 0 254 0 0 0.0
535 4 1 254 1 1 0.1
536 4 1 254 1 1 0.1
536 5 0 254 0 0 0.0
537 5 0 254 0 0 0.0
537 4 1 254 1 1 0.1
538 5 0 254 0 0 0.0
539 5 0 254 0 0 0.0
540 4 2 254 2 2 0.2
540 5 0 254 0 0 0.0
541 4 1 254 1 1 0.1
541 5 0 254 0 0 0.0
542 5 0 254 0 0 0.0
543 5 0 254 0 0 0.0
544 5 0 254 0 0 0.0
544 4 2 254 2 2 0.2
545 5 0 254 0 0 0.0
546 5 0 254 0 0 0.0
546 4 1 254 1 1 0.1
547 5 0 254 0 0 0.0
548 4 1 254 1 1 0.1
548 5 0 254 0 0 0.0
549 5 0 254 0 0 0.0
550 5 0 254 0 0 0.0
551 4 1 254 1 1 0.1
551 5 0 254 0 0 0.0
552 5 0 254 0 0 0.0
553 5 0 254 0 0 0.0
553 4 1 254 1 1 0.1
554 5 0 254 0 0 0.0
554 4 2 254 2 2 0.2
555 5 0 254 0 0 0.0
556 5 0 255 0 0 0.0
557 5 0 255 0 0 0.0
558 5 0 255 0 0 0.0
558 4 2 255 2 2 0.2
559 5 0 255 0 0 0.0
559 4 2 255 2 2 0.2
560 5 0 255 0 0 0.0
561 5 0 255 0 0 0.0
561 4 2 255 2 2 0.2
562 5 0 255 0 0 0.0
563 5 0 255 0 0 0.0
564 5 0 255 0 0 0.0
565 5 0 255 0 0 0.0
565 4 2 255 2 2 0.2
566 5 0 255 0 0 0.0
567 5 0 255 0 0 0.0
567 4 2 255 2 2 0.2
568 5 0 255 0 0 0.0
569 5 0 255 0 0 0.0
569 4 2 255 2 2 0.2
570 5 0 255 0 0 0.0
571 5 0 255 0 0 0.0
572 5 0 255 0 0 0.0
573 5 0 255 0 0 0.0
573 4 2 255 2 2 0.2
574 5 0 255 0 0 0.0
575 5 0 255 0 0 0.0
575 4 1 255 1 1 0.1
576 5 0 255 0 0 0.0
577 5 0 255 0 0 0.0
578 5 0 255 0 0 0.0
578 4 2 255 2 2 0.2
579 5 0 255 0 0 0.0
580 5 0 255 0 0 0.0
581 5 0 255 0 0 0.0
582 5 0 255 0 0 0.0
583 5 0 255 0 0 0.0
583 4 5 255 5 5 0.5
584 5 0 255 0 0 0.0
585 5 0 255 0 0 0.0
585 4 1 255 1 1 0.1
586 5 0 255 0 0 0.0
587 5 0 255 0 0 0.0
588 5 0 255 0 0 0.0
588 4 2 255 2 2 0.2
589 5 0 255 0 0 0.0
589 4 3 255 3 3 0.3
590 5 0 255 0 0 0.0
591 5 0 255 0 0 0.0
592 5 0 255 0 0 0.0
592 4 2 255 2 2 0.2
593 5 0 255 0 0 0.0
594 5 0 255 0 0 0.0
595 5 0 255 0 0 0.0
596 5 0 255 0 0 0.0
597 5 0 255 0 0 0.0
598 5 0 255 0 0 0.0
599 5 0 255 0 0 0.0
600 5 0 255 0 0 0.0
601 5 0 255 0 0 0.0
601 4 2 255 2 2 0.2
602 5 0 255 0 0 0.0
603 5 0 255 0 0 0.0
604 5 0 255 0 0 0.0
605 5 0 255 0 0 0.0
606 4 2 255 2 2 0.2
606 5 0 255 0 0 0.0
607 5 0 255 0 0 0.0
607 4 2 255 2 2 0.2
608 5 0 255 0 0 0.0
608 4 2 255 2 2 0.2
609 5 0 255 0 0 0.0
609 4 6 255 6 6 0.6
610 5 0 255 0 0 0.0
611 5 0 255 0 0 0.0
612 5 0 255 0 0 0.0
613 5 0 255 0 0 0.0
614 5 0 255 0 0 0.0
614 4 1 255 1 1 0.1
615 5 0 255 0 0 0.0
616 4 1 255 1 1 0.1
616 5 0 255 0 0 0.0
617 5 0 255 0 0 0.0
618 5 0 255 0 0 0.0
619 5 0 255 0 0 0.0
620 5 0 255 0 0 0.0
621 5 0 255 0 0 0.0
622 5 0 255 0 0 0.0
622 4 2 255 2 2 0.2
623 5 0 255 0 0 0.0
624 5 0 255 0 0 0.0
625 5 0 255 0 0 0.0
625 4 2 255 2 2 0.2
626 5 0 255 0 0 0.0
626 4 3 255 3 3 0.3
627 5 0 255 0 0 0.0
628 5 0 255 0 0 0.0
629 5 0 255 0 0 0.0
630 5 0 255 0 0 0.0
631 5 0 255 0 0 0.0
632 5 0 255 0 0 0.0
633 5 0 255 0 0 0.0
634 5 0 255 0 0 0.0
635 5 0 255 0 0 0.0
635 4 2 255 2 2 0.2
636 5 0 255 0 0 0.0
637 5 0 255 0 0 0.0
637 4 5 255 5 5 0.5
638 5 0 255 0 0 0.0
638 4 1 255 1 1 0.1
639 5 0 255 0 0 0.0
640 5 0 255 0 0 0.0
641 5 0 255 0 0 0.0
641 4 2 255 2 2 0.2
642 5 0 255 0 0 0.0
643 5 0 255 0 0 0.0
644 5 0 255 0 0 0.0
644 4 2 255 2 2 0.2
645 5 0 255 0 0 0.0
646 5 0 255 0 0 0.0
647 4 1 255 1 1 0.1
647 5 0 255 0 0 0.0
648 5 0 255 0 0 0.0
649 5 0 255 0 0 0.0
650 5 0 255 0 0 0.0
650 4 2 255 2 2 0.2
651 5 0 255 0 0 0.0
652 4 2 255 2 2 0.2
652 5 0 255 0 0 0.0
653 5 0 255 0 0 0.0
654 5 0 255 0 0 0.0
655 5 0 255 0 0 0.0
655 4 2 255 2 2 0.2
656 5 0 255 0 0 0.0
657 5 0 255 0 0 0.0
658 5 0 255 0 0 0.0
659 5 0 255 0 0 0.0
660 4 2 255 2 2 0.2
660 5 0 255 0 0 0.0
661 5 0 255 0 0 0.0
662 4 2 255 2 2 0.2
662 5 0 255 0 0 0.0
663 5 0 255 0 0 0.0
664 5 0 255 0 0 0.0
664 4 2 255 2 2 0.2
665 5 0 255 0 0 0.0
665 4 2 255 2 2 0.2
666 5 0 256 0 0 0.0
667 5 0 256 0 0 0.0
668 5 0 256 0 0 0.0
669 5 0 256 0 0 0.0
670 5 0 256 0 0 0.0
670 4 5 256 5 5 0.5
671 5 0 256 0 0 0.0
671 4 2 256 2 2 0.2
672 5 0 256 0 0 0.0
673 5 0 256 0 0 0.0
674 5 0 256 0 0 0.0
674 4 2 256 2 2 0.2
675 5 0 256 0 0 0.0
676 5 0 256 0 0 0.0
676 4 2 256 2 2 0.2
677 5 0 256 0 0 0.0
677 4 2 256 2 2 0.2
678 5 0 256 0 0 0.0
679 5 0 256 0 0 0.0
679 4 2 256 2 2 0.2
680 5 0 256 0 0 0.0
681 5 0 256 0 0 0.0
681 4 2 256 2 2 0.2
682 5 0 256 0 0 0.0
683 4 7 256 7 7 0.7
683 5 0 256 0 0 0.0
684 5 0 256 0 0 0.0
685 5 0 256 0 0 0.0
685 4 2 256 2 2 0.2
686 5 0 256 0 0 0.0
687 5 0 256 0 0 0.0
688 5 0 256 0 0 0.0
689 5 0 256 0 0 0.0
690 5 0 256 0 0 0.0
691 5 0 256 0 0 0.0
692 5 0 256 0 0 0.0
693 5 0 256 0 0 0.0
693 4 2 256 2 2 0.2
694 5 0 256 0 0 0.0
695 5 0 256 0 0 0.0
696 5 0 256 0 0 0.0
696 4 2 256 2 2 0.2
697 5 0 256 0 0 0.0
698 5 0 256 0 0 0.0
699 5 0 256 0 0 0.0
700 5 0 256 0 0 0.0
701 5 0 256 0 0 0.0
701 4 1 256 1 1 0.1
702 5 0 256 0 0 0.0
702 4 1 256 1 1 0.1
703 5 0 256 0 0 0.0
704 5 0 256 0 0 0.0
705 5 0 256 0 0 0.0
706 5 0 256 0 0 0.0
707 5 0 256 0 0 0.0
708 5 0 256 0 0 0.0
708 4 1 256 1 1 0.1
709 5 0 256 0 0 0.0
710 5 0 256 0 0 0.0
711 5 0 256 0 0 0.0
712 5 0 256 0 0 0.0
712 4 3 256 3 3 0.3
713 5 0 256 0 0 0.0
713 4 2 256 2 2 0.2
714 4 2 256 2 2 0.2
714 5 0 256 0 0 0.0
715 5 0 256 0 0 0.0
715 4 2 256 2 2 0.2
716 5 0 256 0 0 0.0
716 4 2 256 2 2 0.2
717 5 0 256 0 0 0.0
717 4 2 256 2 2 0.2
718 5 0 256 0 0 0.0
718 4 1 256 1 1 0.1
719 5 0 256 0 0 0.0
720 5 0 256 0 0 0.0
721 5 0 256 0 0 0.0
721 4 2 256 2 2 0.2
722 5 0 256 0 0 0.0
723 5 0 256 0 0 0.0
724 5 0 256 0 0 0.0
725 5 0 256 0 0 0.0
726 5 0 256 0 0 0.0
727 5 0 256 0 0 0.0
727 4 2 256 2 2 0.2
728 5 0 256 0 0 0.0
728 4 3 256 3 3 0.3
729 5 0 256 0 0 0.0
730 5 0 256 0 0 0.0
731 5 0 256 0 0 0.0
732 5 0 256 0 0 0.0
733 5 0 256 0 0 0.0
734 5 0 256 0 0 0.0
735 5 0 256 0 0 0.0
736 5 0 256 0 0 0.0
737 5 0 256 0 0 0.0
738 5 0 256 0 0 0.0
739 5 0 256 0 0 0.0
739 4 2 256 2 2 0.2
740 5 0 256 0 0 0.0
741 5 0 256 0 0 0.0
742 5 0 256 0 0 0.0
743 5 0 256 0 0 0.0
743 4 1 256 1 1 0.1
744 5 0 256 0 0 0.0
745 5 0 256 0 0 0.0
745 4 1 256 1 1 0.1
746 5 0 256 0 0 0.0
746 4 2 256 2 2 0.2
747 5 0 256 0 0 0.0
748 5 0 256 0 0 0.0
749 5 0 256 0 0 0.0
750 5 0 256 0 0 0.0
750 4 2 256 2 2 0.2
751 5 0 256 0 0 0.0
752 5 0 256 0 0 0.0
752 4 1 256 1 1 0.1
753 5 0 256 0 0 0.0
754 5 0 256 0 0 0.0
755 5 0 256 0 0 0.0
756 5 0 256 0 0 0.0
756 4 1 256 1 1 0.1
757 4 2 256 2 2 0.2
757 5 0 256 0 0 0.0
758 5 0 256 0 0 0.0
759 5 0 256 0 0 0.0
760 5 0 256 0 0 0.0
761 5 0 256 0 0 0.0
762 5 0 256 0 0 0.0
763 5 0 256 0 0 0.0
764 5 0 256 0 0 0.0
765 5 0 256 0 0 0.0
765 4 2 256 2 2 0.2
766 5 0 256 0 0 0.0
766 4 2 256 2 2 0.2
767 5 0 256 0 0 0.0
768 5 0 256 0 0 0.0
769 5 0 256 0 0 0.0
769 4 2 256 2 2 0.2
770 5 0 256 0 0 0.0
770 4 7 256 7 7 0.7
771 5 0 256 0 0 0.0
772 5 0 256 0 0 0.0
772 4 2 256 2 2 0.2
773 5 0 256 0 0 0.0
773 4 2 256 2 2 0.2
774 5 0 256 0 0 0.0
774 4 5 256 5 5 0.5
775 5 0 256 0 0 0.0
775 4 2 256 2 2 0.2
776 5 0 256 0 0 0.0
776 4 3 256 3 3 0.3
777 5 0 256 0 0 0.0
777 4 2 256 2 2 0.2
778 5 0 256 0 0 0.0
779 5 0 256 0 0 0.0
780 5 0 256 0 0 0.0
781 5 0 256 0 0 0.0
781 4 1 256 1 1 0.1
782 5 0 256 0 0 0.0
782 4 2 256 2 2 0.2
783 5 0 256 0 0 0.0
784 5 0 256 0 0 0.0
785 5 0 256 0 0 0.0
786 5 0 256 0 0 0.0
787 5 0 256 0 0 0.0
788 5 0 256 0 0 0.0
789 5 0 256 0 0 0.0
789 4 2 256 2 2 0.2
790 5 0 256 0 0 0.0
791 5 0 256 0 0 0.0
791 4 2 256 2 2 0.2
792 5 0 256 0 0 0.0
793 5 0 256 0 0 0.0
793 4 1 256 1 1 0.1
794 5 0 256 0 0 0.0
795 5 0 256 0 0 0.0
796 5 0 256 0 0 0.0
796 4 1 256 1 1 0.1
797 5 0 256 0 0 0.0
798 5 0 256 0 0 0.0
799 5 0 256 0 0 0.0
800 5 0 256 0 0 0.0
801 5 0 256 0 0 0.0
801 4 1 256 1 1 0.1
802 5 0 256 0 0 0.0
803 5 0 256 0 0 0.0
804 5 0 256 0 0 0.0
805 5 0 256 0 0 0.0
806 5 0 256 0 0 0.0
807 5 0 256 0 0 0.0
808 4 5 256 5 5 0.5
808 5 0 256 0 0 0.0
809 5 0 256 0 0 0.0
809 4 1 256 1 1 0.1
810 5 0 256 0 0 0.0
811 5 0 256 0 0 0.0
811 4 1 256 1 1 0.1
812 5 0 256 0 0 0.0
813 5 0 256 0 0 0.0
814 4 7 256 7 7 0.7
814 5 0 256 0 0 0.0
815 5 0 256 0 0 0.0
815 4 2 256 2 2 0.2
816 5 0 256 0 0 0.0
816 4 1 256 1 1 0.1
817 5 0 256 0 0 0.0
818 5 0 256 0 0 0.0
818 4 7 256 7 7 0.7
819 5 0 256 0 0 0.0
819 4 1 256 1 1 0.1
820 5 0 256 0 0 0.0
820 4 1 256 1 1 0.1
821 5 0 256 0 0 0.0
822 5 0 256 0 0 0.0
823 5 0 256 0 0 0.0
824 5 0 256 0 0 0.0
825 5 0 256 0 0 0.0
826 5 0 256 0 0 0.0
827 5 0 256 0 0 0.0
828 5 0 256 0 0 0.0
829 5 0 256 0 0 0.0
830 5 0 256 0 0 0.0
831 5 0 256 0 0 0.0
831 4 3 256 3 3 0.3
832 5 0 256 0 0 0.0
833 5 0 256 0 0 0.0
833 4 1 256 1 1 0.1
834 5 0 256 0 0 0.0
835 5 0 256 0 0 0.0
836 4 1 256 1 1 0.1
836 5 0 256 0 0 0.0
837 5 0 256 0 0 0.0
838 5 0 256 0 0 0.0
839 5 0 256 0 0 0.0
840 5 0 256 0 0 0.0
840 4 1 256 1 1 0.1
841 5 0 256 0 0 0.0
842 5 0 256 0 0 0.0
843 5 0 256 0 0 0.0
844 5 0 256 0 0 0.0
845 5 0 256 0 0 0.0
846 5 0 256 0 0 0.0
847 5 0 256 0 0 0.0
848 5 0 256 0 0 0.0
848 4 2 256 2 2 0.2
849 5 0 256 0 0 0.0
850 5 0 256 0 0 0.0
850 4 10 256 10 10 1.0
851 5 0 256 0 0 0.0
851 4 1 256 1 1 0.1
852 5 0 256 0 0 0.0
852 4 2 256 2 2 0.2
853 5 0 256 0 0 0.0
854 5 0 256 0 0 0.0
855 5 0 256 0 0 0.0
856 5 0 256 0 0 0.0
857 5 0 256 0 0 0.0
858 5 0 256 0 0 0.0
858 4 2 256 2 2 0.2
859 5 0 256 0 0 0.0
859 4 2 256 2 2 0.2
860 5 0 256 0 0 0.0
861 5 0 256 0 0 0.0
861 4 2 256 2 2 0.2
862 5 0 256 0 0 0.0
863 5 0 256 0 0 0.0
863 4 2 256 2 2 0.2
864 5 0 256 0 0 0.0
865 5 0 256 0 0 0.0
866 5 0 256 0 0 0.0
867 5 0 256 0 0 0.0
868 5 0 256 0 0 0.0
869 5 0 256 0 0 0.0
870 5 0 256 0 0 0.0
871 4 1 256 1 1 0.1
871 5 0 256 0 0 0.0
872 5 0 256 0 0 0.0
873 5 0 256 0 0 0.0
874 5 0 256 0 0 0.0
875 5 0 256 0 0 0.0
875 4 2 256 2 2 0.2
876 5 0 256 0 0 0.0
877 5 0 256 0 0 0.0
878 5 0 256 0 0 0.0
879 5 0 256 0 0 0.0
880 5 0 256 0 0 0.0
881 5 0 256 0 0 0.0
882 5 0 256 0 0 0.0
883 5 0 256 0 0 0.0
884 5 0 256 0 0 0.0
885 5 0 256 0 0 0.0
886 5 0 256 0 0 0.0
886 4 5 256 5 5 0.5
887 5 0 256 0 0 0.0
888 5 0 256 0 0 0.0
889 5 0 256 0 0 0.0
890 5 0 256 0 0 0.0
891 5 0 256 0 0 0.0
891 4 2 256 2 2 0.2
892 5 0 256 0 0 0.0
892 4 2 256 2 2 0.2
893 5 0 256 0 0 0.0
894 5 0 256 0 0 0.0
895 5 0 256 0 0 0.0
896 5 0 256 0 0 0.0
897 5 0 256 0 0 0.0
897 4 2 256 2 2 0.2
898 5 0 256 0 0 0.0
899 5 0 256 0 0 0.0
900 5 0 256 0 0 0.0
901 4 1 256 1 1 0.1
901 5 0 256 0 0 0.0
902 5 0 256 0 0 0.0
903 4 2 256 2 2 0.2
903 5 0 256 0 0 0.0
904 5 0 256 0 0 0.0
905 5 0 256 0 0 0.0
906 5 0 256 0 0 0.0
906 4 2 256 2 2 0.2
907 5 0 256 0 0 0.0
908 5 0 256 0 0 0.0
909 5 0 256 0 0 0.0
909 4 2 256 2 2 0.2
910 5 0 256 0 0 0.0
911 5 0 256 0 0 0.0
912 5 0 256 0 0 0.0
913 5 0 256 0 0 0.0
913 4 3 256 3 3 0.3
914 5 0 256 0 0 0.0
915 5 0 256 0 0 0.0
915 4 2 256 2 2 0.2
916 5 0 256 0 0 0.0
916 4 1 256 1 1 0.1
917 5 0 256 0 0 0.0
917 4 1 256 1 1 0.1
918 4 2 256 2 2 0.2
918 5 0 256 0 0 0.0
919 5 0 256 0 0 0.0
920 5 0 256 0 0 0.0
921 5 0 256 0 0 0.0
922 5 0 256 0 0 0.0
922 4 2 256 2 2 0.2
923 5 0 256 0 0 0.0
923 4 3 256 3 3 0.3
924 5 0 256 0 0 0.0
925 5 0 256 0 0 0.0
926 5 0 256 0 0 0.0
927 4 2 256 2 2 0.2
927 5 0 256 0 0 0.0
928 5 0 256 0 0 0.0
929 4 1 256 1 1 0.1
929 5 0 256 0 0 0.0
930 5 0 256 0 0 0.0
931 5 0 256 0 0 0.0
932 5 0 256 0 0 0.0
932 4 2 256 2 2 0.2
933 5 0 256 0 0 0.0
934 5 0 256 0 0 0.0
935 5 0 256 0 0 0.0
936 5 0 256 0 0 0.0
937 5 0 256 0 0 0.0
937 4 1 256 1 1 0.1
938 5 0 256 0 0 0.0
939 5 0 256 0 0 0.0
940 5 0 256 0 0 0.0
941 5 0 256 0 0 0.0
942 5 0 256 0 0 0.0
942 4 2 256 2 2 0.2
943 4 2 256 2 2 0.2
943 5 0 256 0 0 0.0
944 5 0 256 0 0 0.0
945 5 0 256 0 0 0.0
945 4 1 256 1 1 0.1
946 5 0 256 0 0 0.0
947 5 0 256 0 0 0.0
948 5 0 256 0 0 0.0
948 4 2 256 2 2 0.2
949 5 0 256 0 0 0.0
950 5 0 256 0 0 0.0
951 5 0 256 0 0 0.0
952 5 0 256 0 0 0.0
953 5 0 256 0 0 0.0
953 4 2 256 2 2 0.2
954 5 0 256 0 0 0.0
955 5 0 256 0 0 0.0
955 4 1 256 1 1 0.1
956 5 0 256 0 0 0.0
957 5 0 256 0 0 0.0
958 5 0 256 0 0 0.0
959 5 0 256 0 0 0.0
959 4 6 256 6 6 0.6
960 5 0 256 0 0 0.0
960 4 2 256 2 2 0.2
961 5 0 256 0 0 0.0
961 4 1 256 1 1 0.1
962 5 0 256 0 0 0.0
963 5 0 256 0 0 0.0
963 4 1 256 1 1 0.1
964 5 0 256 0 0 0.0
965 5 0 256 0 0 0.0
966 5 0 256 0 0 0.0
967 5 0 256 0 0 0.0
968 5 0 256 0 0 0.0
969 5 0 256 0 0 0.0
970 5 0 256 0 0 0.0
971 5 0 256 0 0 0.0
972 5 0 256 0 0 0.0
973 5 0 256 0 0 0.0
974 4 2 256 2 2 0.2
974 5 0 256 0 0 0.0
975 5 0 256 0 0 0.0
976 5 0 256 0 0 0.0
977 5 0 256 0 0 0.0
977 4 1 256 1 1 0.1
978 5 0 256 0 0 0.0
978 4 1 256 1 1 0.1
979 5 0 256 0 0 0.0
980 5 0 256 0 0 0.0
981 5 0 256 0 0 0.0
981 4 2 256 2 2 0.2
982 5 0 256 0 0 0.0
983 5 0 256 0 0 0.0
984 5 0 256 0 0 0.0
984 4 2 256 2 2 0.2
985 5 0 256 0 0 0.0
985 4 1 256 1 1 0.1
986 5 0 256 0 0 0.0
986 4 2 256 2 2 0.2
987 5 0 256 0 0 0.0
988 5 0 256 0 0 0.0
988 4 1 256 1 1 0.1
989 5 0 256 0 0 0.0
990 5 0 256 0 0 0.0
990 4 1 256 1 1 0.1
991 4 5 256 5 5 0.5
991 5 0 256 0 0 0.0
992 5 0 256 0 0 0.0
993 5 0 256 0 0 0.0
994 5 0 256 0 0 0.0
994 4 2 256 2 2 0.2
995 4 2 256 2 2 0.2
995 5 0 256 0 0 0.0
996 5 0 256 0 0 0.0
997 5 0 256 0 0 0.0
998 5 0 256 0 0 0.0
999 5 0 256 0 0 0.0
1000 5 0 256 0 0 0.0
