gen HV HVnoDiscount fitness_notKilledMutants notKilledNonEqMutants fitness_testSuiteSize
1 42.03515625 39.0 2.54296875 3.0 5.0
2 52.86328125 52.0 0.0 0.0 5.0
3 71.0 71.0 0.0 0.0 5.0
4 71.0 71.0 0.0 0.0 5.0
5 71.0 71.0 0.0 0.0 5.0
6 71.0 71.0 0.0 0.0 5.0
7 71.0 71.0 0.0 0.0 5.0
8 71.0 71.0 0.0 0.0 5.0
9 71.0 71.0 0.0 0.0 5.0
10 71.0 71.0 0.0 0.0 5.0
11 71.0 71.0 0.0 0.0 5.0
12 71.0 71.0 0.0 0.0 5.0
13 71.0 71.0 0.0 0.0 5.0
14 71.0 71.0 0.0 0.0 5.0
15 71.0 71.0 0.0 0.0 5.0
16 71.0 71.0 0.0 0.0 5.0
17 71.0 71.0 0.0 0.0 5.0
18 71.0 71.0 0.0 0.0 5.0
19 71.0 71.0 0.0 0.0 5.0
20 71.0 71.0 0.0 0.0 5.0
21 71.0 71.0 0.0 0.0 5.0
22 71.0 71.0 0.0 0.0 5.0
23 71.0 71.0 0.0 0.0 5.0
24 71.0 71.0 0.0 0.0 5.0
25 71.0 71.0 0.0 0.0 5.0
26 71.0 71.0 0.0 0.0 5.0
27 71.0 71.0 0.0 0.0 5.0
28 71.0 71.0 0.0 0.0 5.0
29 71.0 71.0 0.0 0.0 5.0
30 71.0 71.0 0.0 0.0 5.0
31 71.0 71.0 0.0 0.0 3.0
32 71.0 71.0 0.0 0.0 3.0
33 71.0 71.0 0.0 0.0 3.0
34 71.0 71.0 0.0 0.0 3.0
35 71.0 71.0 0.0 0.0 3.0
36 71.0 71.0 0.0 0.0 3.0
37 71.0 71.0 0.0 0.0 3.0
38 71.0 71.0 0.0 0.0 3.0
39 71.0 71.0 0.0 0.0 3.0
40 71.0 71.0 0.0 0.0 3.0
41 71.0 71.0 0.0 0.0 3.0
42 71.0 71.0 0.0 0.0 3.0
43 71.0 71.0 0.0 0.0 3.0
44 71.0 71.0 0.0 0.0 3.0
45 71.0 71.0 0.0 0.0 3.0
46 71.0 71.0 0.0 0.0 3.0
47 71.0 71.0 0.0 0.0 3.0
48 71.0 71.0 0.0 0.0 3.0
49 71.0 71.0 0.0 0.0 3.0
50 71.0 71.0 0.0 0.0 3.0
51 71.0 71.0 0.0 0.0 3.0
52 71.0 71.0 0.0 0.0 3.0
53 71.0 71.0 0.0 0.0 3.0
54 71.0 71.0 0.0 0.0 3.0
55 71.0 71.0 0.0 0.0 3.0
56 71.0 71.0 0.0 0.0 3.0
57 71.0 71.0 0.0 0.0 3.0
58 71.0 71.0 0.0 0.0 3.0
59 71.0 71.0 0.0 0.0 3.0
60 71.0 71.0 0.0 0.0 3.0
61 71.0 71.0 0.0 0.0 3.0
62 71.0 71.0 0.0 0.0 3.0
63 71.0 71.0 0.0 0.0 3.0
64 71.0 71.0 0.0 0.0 3.0
65 71.0 71.0 0.0 0.0 3.0
66 71.0 71.0 0.0 0.0 3.0
67 71.0 71.0 0.0 0.0 3.0
68 71.0 71.0 0.0 0.0 3.0
69 71.0 71.0 0.0 0.0 3.0
70 71.0 71.0 0.0 0.0 3.0
71 71.0 71.0 0.0 0.0 3.0
72 71.0 71.0 0.0 0.0 3.0
73 71.0 71.0 0.0 0.0 3.0
74 71.0 71.0 0.0 0.0 3.0
75 71.0 71.0 0.0 0.0 3.0
76 71.0 71.0 0.0 0.0 3.0
77 71.0 71.0 0.0 0.0 3.0
78 71.0 71.0 0.0 0.0 3.0
79 71.0 71.0 0.0 0.0 3.0
80 71.0 71.0 0.0 0.0 3.0
81 71.0 71.0 0.0 0.0 3.0
82 71.0 71.0 0.0 0.0 3.0
83 71.0 71.0 0.0 0.0 3.0
84 71.0 71.0 0.0 0.0 3.0
85 71.0 71.0 0.0 0.0 3.0
86 71.0 71.0 0.0 0.0 3.0
87 71.0 71.0 0.0 0.0 3.0
88 71.0 71.0 0.0 0.0 3.0
89 71.0 71.0 0.0 0.0 3.0
90 71.0 71.0 0.0 0.0 3.0
91 71.0 71.0 0.0 0.0 3.0
92 71.0 71.0 0.0 0.0 3.0
93 71.0 71.0 0.0 0.0 3.0
94 71.0 71.0 0.0 0.0 3.0
95 71.0 71.0 0.0 0.0 3.0
96 71.0 71.0 0.0 0.0 3.0
97 71.0 71.0 0.0 0.0 3.0
98 71.0 71.0 0.0 0.0 3.0
99 71.0 71.0 0.0 0.0 3.0
100 71.0 71.0 0.0 0.0 3.0
101 71.0 71.0 0.0 0.0 3.0
102 71.0 71.0 0.0 0.0 3.0
103 71.0 71.0 0.0 0.0 3.0
104 71.0 71.0 0.0 0.0 3.0
105 71.0 71.0 0.0 0.0 3.0
106 71.0 71.0 0.0 0.0 3.0
107 71.0 71.0 0.0 0.0 3.0
108 71.0 71.0 0.0 0.0 3.0
109 71.0 71.0 0.0 0.0 3.0
110 71.0 71.0 0.0 0.0 3.0
111 71.0 71.0 0.0 0.0 3.0
112 71.0 71.0 0.0 0.0 3.0
113 71.0 71.0 0.0 0.0 3.0
114 71.0 71.0 0.0 0.0 3.0
115 71.0 71.0 0.0 0.0 3.0
116 71.0 71.0 0.0 0.0 3.0
117 71.0 71.0 0.0 0.0 3.0
118 71.0 71.0 0.0 0.0 3.0
119 71.0 71.0 0.0 0.0 3.0
120 71.0 71.0 0.0 0.0 3.0
121 71.0 71.0 0.0 0.0 3.0
122 71.0 71.0 0.0 0.0 3.0
123 71.0 71.0 0.0 0.0 3.0
124 71.0 71.0 0.0 0.0 3.0
125 71.0 71.0 0.0 0.0 3.0
126 71.0 71.0 0.0 0.0 3.0
127 71.0 71.0 0.0 0.0 3.0
128 71.0 71.0 0.0 0.0 3.0
129 71.0 71.0 0.0 0.0 3.0
130 71.0 71.0 0.0 0.0 3.0
131 71.0 71.0 0.0 0.0 3.0
132 71.0 71.0 0.0 0.0 3.0
133 71.0 71.0 0.0 0.0 3.0
134 71.0 71.0 0.0 0.0 3.0
135 71.0 71.0 0.0 0.0 3.0
136 71.0 71.0 0.0 0.0 3.0
137 71.0 71.0 0.0 0.0 3.0
138 71.0 71.0 0.0 0.0 3.0
139 71.0 71.0 0.0 0.0 3.0
140 71.0 71.0 0.0 0.0 3.0
141 71.0 71.0 0.0 0.0 3.0
142 71.0 71.0 0.0 0.0 3.0
143 71.0 71.0 0.0 0.0 3.0
144 71.0 71.0 0.0 0.0 3.0
145 71.0 71.0 0.0 0.0 3.0
146 71.0 71.0 0.0 0.0 3.0
147 71.0 71.0 0.0 0.0 3.0
148 71.0 71.0 0.0 0.0 3.0
149 71.0 71.0 0.0 0.0 3.0
150 71.0 71.0 0.0 0.0 3.0
151 71.0 71.0 0.0 0.0 3.0
152 71.0 71.0 0.0 0.0 3.0
153 71.0 71.0 0.0 0.0 3.0
154 71.0 71.0 0.0 0.0 3.0
155 71.0 71.0 0.0 0.0 3.0
156 71.0 71.0 0.0 0.0 3.0
157 71.0 71.0 0.0 0.0 3.0
158 71.0 71.0 0.0 0.0 3.0
159 71.0 71.0 0.0 0.0 3.0
160 71.0 71.0 0.0 0.0 3.0
161 71.0 71.0 0.0 0.0 3.0
162 71.0 71.0 0.0 0.0 3.0
163 71.0 71.0 0.0 0.0 3.0
164 71.0 71.0 0.0 0.0 3.0
165 71.0 71.0 0.0 0.0 3.0
166 71.0 71.0 0.0 0.0 3.0
167 71.0 71.0 0.0 0.0 3.0
168 80.0 80.0 0.0 0.0 2.0
169 80.0 80.0 0.0 0.0 2.0
170 80.0 80.0 0.0 0.0 2.0
171 80.0 80.0 0.0 0.0 2.0
172 80.0 80.0 0.0 0.0 2.0
173 80.0 80.0 0.0 0.0 2.0
174 80.0 80.0 0.0 0.0 2.0
175 80.0 80.0 0.0 0.0 2.0
176 80.0 80.0 0.0 0.0 2.0
177 80.0 80.0 0.0 0.0 2.0
178 80.0 80.0 0.0 0.0 2.0
179 80.0 80.0 0.0 0.0 2.0
180 80.0 80.0 0.0 0.0 2.0
181 80.0 80.0 0.0 0.0 2.0
182 80.0 80.0 0.0 0.0 2.0
183 80.0 80.0 0.0 0.0 2.0
184 80.0 80.0 0.0 0.0 2.0
185 80.0 80.0 0.0 0.0 2.0
186 80.0 80.0 0.0 0.0 2.0
187 80.0 80.0 0.0 0.0 2.0
188 80.0 80.0 0.0 0.0 2.0
189 80.0 80.0 0.0 0.0 2.0
190 80.0 80.0 0.0 0.0 2.0
191 80.0 80.0 0.0 0.0 2.0
192 80.0 80.0 0.0 0.0 2.0
193 80.0 80.0 0.0 0.0 2.0
194 80.0 80.0 0.0 0.0 2.0
195 80.0 80.0 0.0 0.0 2.0
196 80.0 80.0 0.0 0.0 2.0
197 80.0 80.0 0.0 0.0 2.0
198 80.0 80.0 0.0 0.0 2.0
199 80.0 80.0 0.0 0.0 2.0
200 80.0 80.0 0.0 0.0 2.0
201 80.0 80.0 0.0 0.0 2.0
202 80.0 80.0 0.0 0.0 2.0
203 80.0 80.0 0.0 0.0 2.0
204 80.0 80.0 0.0 0.0 2.0
205 80.0 80.0 0.0 0.0 2.0
206 80.0 80.0 0.0 0.0 2.0
207 80.0 80.0 0.0 0.0 2.0
208 80.0 80.0 0.0 0.0 2.0
209 80.0 80.0 0.0 0.0 2.0
210 80.0 80.0 0.0 0.0 2.0
211 80.0 80.0 0.0 0.0 2.0
212 80.0 80.0 0.0 0.0 2.0
213 80.0 80.0 0.0 0.0 2.0
214 80.0 80.0 0.0 0.0 2.0
215 80.0 80.0 0.0 0.0 2.0
216 80.0 80.0 0.0 0.0 2.0
217 80.0 80.0 0.0 0.0 2.0
218 80.0 80.0 0.0 0.0 2.0
219 80.0 80.0 0.0 0.0 2.0
220 80.0 80.0 0.0 0.0 2.0
221 80.0 80.0 0.0 0.0 2.0
222 80.0 80.0 0.0 0.0 2.0
223 80.0 80.0 0.0 0.0 2.0
224 80.0 80.0 0.0 0.0 2.0
225 80.0 80.0 0.0 0.0 2.0
226 80.0 80.0 0.0 0.0 2.0
227 80.0 80.0 0.0 0.0 2.0
228 80.0 80.0 0.0 0.0 2.0
229 80.0 80.0 0.0 0.0 2.0
230 80.0 80.0 0.0 0.0 2.0
231 80.0 80.0 0.0 0.0 2.0
232 80.0 80.0 0.0 0.0 2.0
233 80.0 80.0 0.0 0.0 2.0
234 80.0 80.0 0.0 0.0 2.0
235 80.0 80.0 0.0 0.0 2.0
236 80.0 80.0 0.0 0.0 2.0
237 80.0 80.0 0.0 0.0 2.0
238 80.0 80.0 0.0 0.0 2.0
239 80.0 80.0 0.0 0.0 2.0
240 80.0 80.0 0.0 0.0 2.0
241 80.0 80.0 0.0 0.0 2.0
242 80.0 80.0 0.0 0.0 2.0
243 80.0 80.0 0.0 0.0 2.0
244 80.0 80.0 0.0 0.0 2.0
245 80.0 80.0 0.0 0.0 2.0
246 80.0 80.0 0.0 0.0 2.0
247 80.0 80.0 0.0 0.0 2.0
248 80.0 80.0 0.0 0.0 2.0
249 80.0 80.0 0.0 0.0 2.0
250 80.0 80.0 0.0 0.0 2.0
251 80.0 80.0 0.0 0.0 2.0
252 80.0 80.0 0.0 0.0 2.0
253 80.0 80.0 0.0 0.0 2.0
254 80.0 80.0 0.0 0.0 2.0
255 80.0 80.0 0.0 0.0 2.0
256 80.0 80.0 0.0 0.0 2.0
257 80.0 80.0 0.0 0.0 2.0
258 80.0 80.0 0.0 0.0 2.0
259 80.0 80.0 0.0 0.0 2.0
260 80.0 80.0 0.0 0.0 2.0
261 80.0 80.0 0.0 0.0 2.0
262 80.0 80.0 0.0 0.0 2.0
263 80.0 80.0 0.0 0.0 2.0
264 80.0 80.0 0.0 0.0 2.0
265 80.0 80.0 0.0 0.0 2.0
266 80.0 80.0 0.0 0.0 2.0
267 80.0 80.0 0.0 0.0 2.0
268 80.0 80.0 0.0 0.0 2.0
269 80.0 80.0 0.0 0.0 2.0
270 80.0 80.0 0.0 0.0 2.0
271 80.0 80.0 0.0 0.0 2.0
272 80.0 80.0 0.0 0.0 2.0
273 80.0 80.0 0.0 0.0 2.0
274 80.0 80.0 0.0 0.0 2.0
275 80.0 80.0 0.0 0.0 2.0
276 80.0 80.0 0.0 0.0 2.0
277 80.0 80.0 0.0 0.0 2.0
278 80.0 80.0 0.0 0.0 2.0
279 80.0 80.0 0.0 0.0 2.0
280 80.0 80.0 0.0 0.0 2.0
281 80.0 80.0 0.0 0.0 2.0
282 80.0 80.0 0.0 0.0 2.0
283 80.0 80.0 0.0 0.0 2.0
284 80.0 80.0 0.0 0.0 2.0
285 80.0 80.0 0.0 0.0 2.0
286 80.0 80.0 0.0 0.0 2.0
287 80.0 80.0 0.0 0.0 2.0
288 80.0 80.0 0.0 0.0 2.0
289 80.0 80.0 0.0 0.0 2.0
290 80.0 80.0 0.0 0.0 2.0
291 80.0 80.0 0.0 0.0 2.0
292 80.0 80.0 0.0 0.0 2.0
293 80.0 80.0 0.0 0.0 2.0
294 80.0 80.0 0.0 0.0 2.0
295 80.0 80.0 0.0 0.0 2.0
296 80.0 80.0 0.0 0.0 2.0
297 80.0 80.0 0.0 0.0 2.0
298 80.0 80.0 0.0 0.0 2.0
299 80.0 80.0 0.0 0.0 2.0
300 80.0 80.0 0.0 0.0 2.0
301 80.0 80.0 0.0 0.0 2.0
302 80.0 80.0 0.0 0.0 2.0
303 80.0 80.0 0.0 0.0 2.0
304 80.0 80.0 0.0 0.0 2.0
305 80.0 80.0 0.0 0.0 2.0
306 80.0 80.0 0.0 0.0 2.0
307 80.0 80.0 0.0 0.0 2.0
308 80.0 80.0 0.0 0.0 2.0
309 80.0 80.0 0.0 0.0 2.0
310 80.0 80.0 0.0 0.0 2.0
311 80.0 80.0 0.0 0.0 2.0
312 80.0 80.0 0.0 0.0 2.0
313 80.0 80.0 0.0 0.0 2.0
314 80.0 80.0 0.0 0.0 2.0
315 80.0 80.0 0.0 0.0 2.0
316 80.0 80.0 0.0 0.0 2.0
317 80.0 80.0 0.0 0.0 2.0
318 80.0 80.0 0.0 0.0 2.0
319 80.0 80.0 0.0 0.0 2.0
320 80.0 80.0 0.0 0.0 2.0
321 80.0 80.0 0.0 0.0 2.0
322 80.0 80.0 0.0 0.0 2.0
323 80.0 80.0 0.0 0.0 2.0
324 80.0 80.0 0.0 0.0 2.0
325 80.0 80.0 0.0 0.0 2.0
326 80.0 80.0 0.0 0.0 2.0
327 80.0 80.0 0.0 0.0 2.0
328 80.0 80.0 0.0 0.0 2.0
329 80.0 80.0 0.0 0.0 2.0
330 80.0 80.0 0.0 0.0 2.0
331 80.0 80.0 0.0 0.0 2.0
332 80.0 80.0 0.0 0.0 2.0
333 80.0 80.0 0.0 0.0 2.0
334 80.0 80.0 0.0 0.0 2.0
335 80.0 80.0 0.0 0.0 2.0
336 80.0 80.0 0.0 0.0 2.0
337 80.0 80.0 0.0 0.0 2.0
338 80.0 80.0 0.0 0.0 2.0
339 80.0 80.0 0.0 0.0 2.0
340 80.0 80.0 0.0 0.0 2.0
341 80.0 80.0 0.0 0.0 2.0
342 80.0 80.0 0.0 0.0 2.0
343 80.0 80.0 0.0 0.0 2.0
344 80.0 80.0 0.0 0.0 2.0
345 80.0 80.0 0.0 0.0 2.0
346 80.0 80.0 0.0 0.0 2.0
347 80.0 80.0 0.0 0.0 2.0
348 80.0 80.0 0.0 0.0 2.0
349 80.0 80.0 0.0 0.0 2.0
350 80.0 80.0 0.0 0.0 2.0
351 80.0 80.0 0.0 0.0 2.0
352 80.0 80.0 0.0 0.0 2.0
353 80.0 80.0 0.0 0.0 2.0
354 80.0 80.0 0.0 0.0 2.0
355 80.0 80.0 0.0 0.0 2.0
356 80.0 80.0 0.0 0.0 2.0
357 80.0 80.0 0.0 0.0 2.0
358 80.0 80.0 0.0 0.0 2.0
359 80.0 80.0 0.0 0.0 2.0
360 80.0 80.0 0.0 0.0 2.0
361 80.0 80.0 0.0 0.0 2.0
362 80.0 80.0 0.0 0.0 2.0
363 80.0 80.0 0.0 0.0 2.0
364 80.0 80.0 0.0 0.0 2.0
365 80.0 80.0 0.0 0.0 2.0
366 80.0 80.0 0.0 0.0 2.0
367 80.0 80.0 0.0 0.0 2.0
368 80.0 80.0 0.0 0.0 2.0
369 80.0 80.0 0.0 0.0 2.0
370 80.0 80.0 0.0 0.0 2.0
371 80.0 80.0 0.0 0.0 2.0
372 80.0 80.0 0.0 0.0 2.0
373 80.0 80.0 0.0 0.0 2.0
374 80.0 80.0 0.0 0.0 2.0
375 80.0 80.0 0.0 0.0 2.0
376 80.0 80.0 0.0 0.0 2.0
377 80.0 80.0 0.0 0.0 2.0
378 80.0 80.0 0.0 0.0 2.0
379 80.0 80.0 0.0 0.0 2.0
380 80.0 80.0 0.0 0.0 2.0
381 80.0 80.0 0.0 0.0 2.0
382 80.0 80.0 0.0 0.0 2.0
383 80.0 80.0 0.0 0.0 2.0
384 80.0 80.0 0.0 0.0 2.0
385 80.0 80.0 0.0 0.0 2.0
386 80.0 80.0 0.0 0.0 2.0
387 80.0 80.0 0.0 0.0 2.0
388 80.0 80.0 0.0 0.0 2.0
389 80.0 80.0 0.0 0.0 2.0
390 80.0 80.0 0.0 0.0 2.0
391 80.0 80.0 0.0 0.0 2.0
392 80.0 80.0 0.0 0.0 2.0
393 80.0 80.0 0.0 0.0 2.0
394 80.0 80.0 0.0 0.0 2.0
395 80.0 80.0 0.0 0.0 2.0
396 80.0 80.0 0.0 0.0 2.0
397 80.0 80.0 0.0 0.0 2.0
398 80.0 80.0 0.0 0.0 2.0
399 80.0 80.0 0.0 0.0 2.0
400 80.0 80.0 0.0 0.0 2.0
401 80.0 80.0 0.0 0.0 2.0
402 80.0 80.0 0.0 0.0 2.0
403 80.0 80.0 0.0 0.0 2.0
404 80.0 80.0 0.0 0.0 2.0
405 80.0 80.0 0.0 0.0 2.0
406 80.0 80.0 0.0 0.0 2.0
407 80.0 80.0 0.0 0.0 2.0
408 80.0 80.0 0.0 0.0 2.0
409 80.0 80.0 0.0 0.0 2.0
410 80.0 80.0 0.0 0.0 2.0
411 80.0 80.0 0.0 0.0 2.0
412 80.0 80.0 0.0 0.0 2.0
413 80.0 80.0 0.0 0.0 2.0
414 80.0 80.0 0.0 0.0 2.0
415 80.0 80.0 0.0 0.0 2.0
416 80.0 80.0 0.0 0.0 2.0
417 80.0 80.0 0.0 0.0 2.0
418 80.0 80.0 0.0 0.0 2.0
419 80.0 80.0 0.0 0.0 2.0
420 80.0 80.0 0.0 0.0 2.0
421 80.0 80.0 0.0 0.0 2.0
422 80.0 80.0 0.0 0.0 2.0
423 80.0 80.0 0.0 0.0 2.0
424 80.0 80.0 0.0 0.0 2.0
425 80.0 80.0 0.0 0.0 2.0
426 80.0 80.0 0.0 0.0 2.0
427 80.0 80.0 0.0 0.0 2.0
428 80.0 80.0 0.0 0.0 2.0
429 80.0 80.0 0.0 0.0 2.0
430 80.0 80.0 0.0 0.0 2.0
431 80.0 80.0 0.0 0.0 2.0
432 80.0 80.0 0.0 0.0 2.0
433 80.0 80.0 0.0 0.0 2.0
434 80.0 80.0 0.0 0.0 2.0
435 80.0 80.0 0.0 0.0 2.0
436 80.0 80.0 0.0 0.0 2.0
437 80.0 80.0 0.0 0.0 2.0
438 80.0 80.0 0.0 0.0 2.0
439 80.0 80.0 0.0 0.0 2.0
440 80.0 80.0 0.0 0.0 2.0
441 80.0 80.0 0.0 0.0 2.0
442 80.0 80.0 0.0 0.0 2.0
443 80.0 80.0 0.0 0.0 2.0
444 80.0 80.0 0.0 0.0 2.0
445 80.0 80.0 0.0 0.0 2.0
446 80.0 80.0 0.0 0.0 2.0
447 80.0 80.0 0.0 0.0 2.0
448 80.0 80.0 0.0 0.0 2.0
449 80.0 80.0 0.0 0.0 2.0
450 80.0 80.0 0.0 0.0 2.0
451 80.0 80.0 0.0 0.0 2.0
452 80.0 80.0 0.0 0.0 2.0
453 80.0 80.0 0.0 0.0 2.0
454 80.0 80.0 0.0 0.0 2.0
455 80.0 80.0 0.0 0.0 2.0
456 80.0 80.0 0.0 0.0 2.0
457 80.0 80.0 0.0 0.0 2.0
458 80.0 80.0 0.0 0.0 2.0
459 80.0 80.0 0.0 0.0 2.0
460 80.0 80.0 0.0 0.0 2.0
461 80.0 80.0 0.0 0.0 2.0
462 80.0 80.0 0.0 0.0 2.0
463 80.0 80.0 0.0 0.0 2.0
464 80.0 80.0 0.0 0.0 2.0
465 80.0 80.0 0.0 0.0 2.0
466 80.0 80.0 0.0 0.0 2.0
467 80.0 80.0 0.0 0.0 2.0
468 80.0 80.0 0.0 0.0 2.0
469 80.0 80.0 0.0 0.0 2.0
470 80.0 80.0 0.0 0.0 2.0
471 80.0 80.0 0.0 0.0 2.0
472 80.0 80.0 0.0 0.0 2.0
473 80.0 80.0 0.0 0.0 2.0
474 80.0 80.0 0.0 0.0 2.0
475 80.0 80.0 0.0 0.0 2.0
476 80.0 80.0 0.0 0.0 2.0
477 80.0 80.0 0.0 0.0 2.0
478 80.0 80.0 0.0 0.0 2.0
479 80.0 80.0 0.0 0.0 2.0
480 80.0 80.0 0.0 0.0 2.0
481 80.0 80.0 0.0 0.0 2.0
482 80.0 80.0 0.0 0.0 2.0
483 80.0 80.0 0.0 0.0 2.0
484 80.0 80.0 0.0 0.0 2.0
485 80.0 80.0 0.0 0.0 2.0
486 80.0 80.0 0.0 0.0 2.0
487 80.0 80.0 0.0 0.0 2.0
488 80.0 80.0 0.0 0.0 2.0
489 80.0 80.0 0.0 0.0 2.0
490 80.0 80.0 0.0 0.0 2.0
491 80.0 80.0 0.0 0.0 2.0
492 80.0 80.0 0.0 0.0 2.0
493 80.0 80.0 0.0 0.0 2.0
494 80.0 80.0 0.0 0.0 2.0
495 80.0 80.0 0.0 0.0 2.0
496 80.0 80.0 0.0 0.0 2.0
497 80.0 80.0 0.0 0.0 2.0
498 80.0 80.0 0.0 0.0 2.0
499 80.0 80.0 0.0 0.0 2.0
500 80.0 80.0 0.0 0.0 2.0
501 80.0 80.0 0.0 0.0 2.0
502 80.0 80.0 0.0 0.0 2.0
503 80.0 80.0 0.0 0.0 2.0
504 80.0 80.0 0.0 0.0 2.0
505 80.0 80.0 0.0 0.0 2.0
506 80.0 80.0 0.0 0.0 2.0
507 80.0 80.0 0.0 0.0 2.0
508 80.0 80.0 0.0 0.0 2.0
509 80.0 80.0 0.0 0.0 2.0
510 80.0 80.0 0.0 0.0 2.0
511 80.0 80.0 0.0 0.0 2.0
512 80.0 80.0 0.0 0.0 2.0
513 80.0 80.0 0.0 0.0 2.0
514 80.0 80.0 0.0 0.0 2.0
515 80.0 80.0 0.0 0.0 2.0
516 80.0 80.0 0.0 0.0 2.0
517 80.0 80.0 0.0 0.0 2.0
518 80.0 80.0 0.0 0.0 2.0
519 80.0 80.0 0.0 0.0 2.0
520 80.0 80.0 0.0 0.0 2.0
521 80.0 80.0 0.0 0.0 2.0
522 80.0 80.0 0.0 0.0 2.0
523 80.0 80.0 0.0 0.0 2.0
524 80.0 80.0 0.0 0.0 2.0
525 80.0 80.0 0.0 0.0 2.0
526 80.0 80.0 0.0 0.0 2.0
527 80.0 80.0 0.0 0.0 2.0
528 80.0 80.0 0.0 0.0 2.0
529 80.0 80.0 0.0 0.0 2.0
530 80.0 80.0 0.0 0.0 2.0
531 80.0 80.0 0.0 0.0 2.0
532 80.0 80.0 0.0 0.0 2.0
533 80.0 80.0 0.0 0.0 2.0
534 80.0 80.0 0.0 0.0 2.0
535 80.0 80.0 0.0 0.0 2.0
536 80.0 80.0 0.0 0.0 2.0
537 80.0 80.0 0.0 0.0 2.0
538 80.0 80.0 0.0 0.0 2.0
539 80.0 80.0 0.0 0.0 2.0
540 80.0 80.0 0.0 0.0 2.0
541 80.0 80.0 0.0 0.0 2.0
542 80.0 80.0 0.0 0.0 2.0
543 80.0 80.0 0.0 0.0 2.0
544 80.0 80.0 0.0 0.0 2.0
545 80.0 80.0 0.0 0.0 2.0
546 80.0 80.0 0.0 0.0 2.0
547 80.0 80.0 0.0 0.0 2.0
548 80.0 80.0 0.0 0.0 2.0
549 80.0 80.0 0.0 0.0 2.0
550 80.0 80.0 0.0 0.0 2.0
551 80.0 80.0 0.0 0.0 2.0
552 80.0 80.0 0.0 0.0 2.0
553 80.0 80.0 0.0 0.0 2.0
554 80.0 80.0 0.0 0.0 2.0
555 80.0 80.0 0.0 0.0 2.0
556 80.0 80.0 0.0 0.0 2.0
557 80.0 80.0 0.0 0.0 2.0
558 80.0 80.0 0.0 0.0 2.0
559 80.0 80.0 0.0 0.0 2.0
560 80.0 80.0 0.0 0.0 2.0
561 80.0 80.0 0.0 0.0 2.0
562 80.0 80.0 0.0 0.0 2.0
563 80.0 80.0 0.0 0.0 2.0
564 80.0 80.0 0.0 0.0 2.0
565 80.0 80.0 0.0 0.0 2.0
566 80.0 80.0 0.0 0.0 2.0
567 80.0 80.0 0.0 0.0 2.0
568 80.0 80.0 0.0 0.0 2.0
569 80.0 80.0 0.0 0.0 2.0
570 80.0 80.0 0.0 0.0 2.0
571 80.0 80.0 0.0 0.0 2.0
572 80.0 80.0 0.0 0.0 2.0
573 80.0 80.0 0.0 0.0 2.0
574 80.0 80.0 0.0 0.0 2.0
575 80.0 80.0 0.0 0.0 2.0
576 80.0 80.0 0.0 0.0 2.0
577 80.0 80.0 0.0 0.0 2.0
578 80.0 80.0 0.0 0.0 2.0
579 80.0 80.0 0.0 0.0 2.0
580 80.0 80.0 0.0 0.0 2.0
581 80.0 80.0 0.0 0.0 2.0
582 80.0 80.0 0.0 0.0 2.0
583 80.0 80.0 0.0 0.0 2.0
584 80.0 80.0 0.0 0.0 2.0
585 80.0 80.0 0.0 0.0 2.0
586 80.0 80.0 0.0 0.0 2.0
587 80.0 80.0 0.0 0.0 2.0
588 80.0 80.0 0.0 0.0 2.0
589 80.0 80.0 0.0 0.0 2.0
590 80.0 80.0 0.0 0.0 2.0
591 80.0 80.0 0.0 0.0 2.0
592 80.0 80.0 0.0 0.0 2.0
593 80.0 80.0 0.0 0.0 2.0
594 80.0 80.0 0.0 0.0 2.0
595 80.0 80.0 0.0 0.0 2.0
596 90.0 90.0 0.0 0.0 1.0
597 90.0 90.0 0.0 0.0 1.0
598 90.0 90.0 0.0 0.0 1.0
599 90.0 90.0 0.0 0.0 1.0
600 90.0 90.0 0.0 0.0 1.0
601 90.0 90.0 0.0 0.0 1.0
602 90.0 90.0 0.0 0.0 1.0
603 90.0 90.0 0.0 0.0 1.0
604 90.0 90.0 0.0 0.0 1.0
605 90.0 90.0 0.0 0.0 1.0
606 90.0 90.0 0.0 0.0 1.0
607 90.0 90.0 0.0 0.0 1.0
608 90.0 90.0 0.0 0.0 1.0
609 90.0 90.0 0.0 0.0 1.0
610 90.0 90.0 0.0 0.0 1.0
611 90.0 90.0 0.0 0.0 1.0
612 90.0 90.0 0.0 0.0 1.0
613 90.0 90.0 0.0 0.0 1.0
614 90.0 90.0 0.0 0.0 1.0
615 90.0 90.0 0.0 0.0 1.0
616 90.0 90.0 0.0 0.0 1.0
617 90.0 90.0 0.0 0.0 1.0
618 90.0 90.0 0.0 0.0 1.0
619 90.0 90.0 0.0 0.0 1.0
620 90.0 90.0 0.0 0.0 1.0
621 90.0 90.0 0.0 0.0 1.0
622 90.0 90.0 0.0 0.0 1.0
623 90.0 90.0 0.0 0.0 1.0
624 90.0 90.0 0.0 0.0 1.0
625 90.0 90.0 0.0 0.0 1.0
626 90.0 90.0 0.0 0.0 1.0
627 90.0 90.0 0.0 0.0 1.0
628 90.0 90.0 0.0 0.0 1.0
629 90.0 90.0 0.0 0.0 1.0
630 90.0 90.0 0.0 0.0 1.0
631 90.0 90.0 0.0 0.0 1.0
632 90.0 90.0 0.0 0.0 1.0
633 90.0 90.0 0.0 0.0 1.0
634 90.0 90.0 0.0 0.0 1.0
635 90.0 90.0 0.0 0.0 1.0
636 90.0 90.0 0.0 0.0 1.0
637 90.0 90.0 0.0 0.0 1.0
638 90.0 90.0 0.0 0.0 1.0
639 90.0 90.0 0.0 0.0 1.0
640 90.0 90.0 0.0 0.0 1.0
641 90.0 90.0 0.0 0.0 1.0
642 90.0 90.0 0.0 0.0 1.0
643 90.0 90.0 0.0 0.0 1.0
644 90.0 90.0 0.0 0.0 1.0
645 90.0 90.0 0.0 0.0 1.0
646 90.0 90.0 0.0 0.0 1.0
647 90.0 90.0 0.0 0.0 1.0
648 90.0 90.0 0.0 0.0 1.0
649 90.0 90.0 0.0 0.0 1.0
650 90.0 90.0 0.0 0.0 1.0
651 90.0 90.0 0.0 0.0 1.0
652 90.0 90.0 0.0 0.0 1.0
653 90.0 90.0 0.0 0.0 1.0
654 90.0 90.0 0.0 0.0 1.0
655 90.0 90.0 0.0 0.0 1.0
656 90.0 90.0 0.0 0.0 1.0
657 90.0 90.0 0.0 0.0 1.0
658 90.0 90.0 0.0 0.0 1.0
659 90.0 90.0 0.0 0.0 1.0
660 90.0 90.0 0.0 0.0 1.0
661 90.0 90.0 0.0 0.0 1.0
662 90.0 90.0 0.0 0.0 1.0
663 90.0 90.0 0.0 0.0 1.0
664 90.0 90.0 0.0 0.0 1.0
665 90.0 90.0 0.0 0.0 1.0
666 90.0 90.0 0.0 0.0 1.0
667 90.0 90.0 0.0 0.0 1.0
668 90.0 90.0 0.0 0.0 1.0
669 90.0 90.0 0.0 0.0 1.0
670 90.0 90.0 0.0 0.0 1.0
671 90.0 90.0 0.0 0.0 1.0
672 90.0 90.0 0.0 0.0 1.0
673 90.0 90.0 0.0 0.0 1.0
674 90.0 90.0 0.0 0.0 1.0
675 90.0 90.0 0.0 0.0 1.0
676 90.0 90.0 0.0 0.0 1.0
677 90.0 90.0 0.0 0.0 1.0
678 90.0 90.0 0.0 0.0 1.0
679 90.0 90.0 0.0 0.0 1.0
680 90.0 90.0 0.0 0.0 1.0
681 90.0 90.0 0.0 0.0 1.0
682 90.0 90.0 0.0 0.0 1.0
683 90.0 90.0 0.0 0.0 1.0
684 90.0 90.0 0.0 0.0 1.0
685 90.0 90.0 0.0 0.0 1.0
686 90.0 90.0 0.0 0.0 1.0
687 90.0 90.0 0.0 0.0 1.0
688 90.0 90.0 0.0 0.0 1.0
689 90.0 90.0 0.0 0.0 1.0
690 90.0 90.0 0.0 0.0 1.0
691 90.0 90.0 0.0 0.0 1.0
692 90.0 90.0 0.0 0.0 1.0
693 90.0 90.0 0.0 0.0 1.0
694 90.0 90.0 0.0 0.0 1.0
695 90.0 90.0 0.0 0.0 1.0
696 90.0 90.0 0.0 0.0 1.0
697 90.0 90.0 0.0 0.0 1.0
698 90.0 90.0 0.0 0.0 1.0
699 90.0 90.0 0.0 0.0 1.0
700 90.0 90.0 0.0 0.0 1.0
701 90.0 90.0 0.0 0.0 1.0
702 90.0 90.0 0.0 0.0 1.0
703 90.0 90.0 0.0 0.0 1.0
704 90.0 90.0 0.0 0.0 1.0
705 90.0 90.0 0.0 0.0 1.0
706 90.0 90.0 0.0 0.0 1.0
707 90.0 90.0 0.0 0.0 1.0
708 90.0 90.0 0.0 0.0 1.0
709 90.0 90.0 0.0 0.0 1.0
710 90.0 90.0 0.0 0.0 1.0
711 90.0 90.0 0.0 0.0 1.0
712 90.0 90.0 0.0 0.0 1.0
713 90.0 90.0 0.0 0.0 1.0
714 90.0 90.0 0.0 0.0 1.0
715 90.0 90.0 0.0 0.0 1.0
716 90.0 90.0 0.0 0.0 1.0
717 90.0 90.0 0.0 0.0 1.0
718 90.0 90.0 0.0 0.0 1.0
719 90.0 90.0 0.0 0.0 1.0
720 90.0 90.0 0.0 0.0 1.0
721 90.0 90.0 0.0 0.0 1.0
722 90.0 90.0 0.0 0.0 1.0
723 90.0 90.0 0.0 0.0 1.0
724 90.0 90.0 0.0 0.0 1.0
725 90.0 90.0 0.0 0.0 1.0
726 90.0 90.0 0.0 0.0 1.0
727 90.0 90.0 0.0 0.0 1.0
728 90.0 90.0 0.0 0.0 1.0
729 90.0 90.0 0.0 0.0 1.0
730 90.0 90.0 0.0 0.0 1.0
731 90.0 90.0 0.0 0.0 1.0
732 90.0 90.0 0.0 0.0 1.0
733 90.0 90.0 0.0 0.0 1.0
734 90.0 90.0 0.0 0.0 1.0
735 90.0 90.0 0.0 0.0 1.0
736 90.0 90.0 0.0 0.0 1.0
737 90.0 90.0 0.0 0.0 1.0
738 90.0 90.0 0.0 0.0 1.0
739 90.0 90.0 0.0 0.0 1.0
740 90.0 90.0 0.0 0.0 1.0
741 90.0 90.0 0.0 0.0 1.0
742 90.0 90.0 0.0 0.0 1.0
743 90.0 90.0 0.0 0.0 1.0
744 90.0 90.0 0.0 0.0 1.0
745 90.0 90.0 0.0 0.0 1.0
746 90.0 90.0 0.0 0.0 1.0
747 90.0 90.0 0.0 0.0 1.0
748 90.0 90.0 0.0 0.0 1.0
749 90.0 90.0 0.0 0.0 1.0
750 90.0 90.0 0.0 0.0 1.0
751 90.0 90.0 0.0 0.0 1.0
752 90.0 90.0 0.0 0.0 1.0
753 90.0 90.0 0.0 0.0 1.0
754 90.0 90.0 0.0 0.0 1.0
755 90.0 90.0 0.0 0.0 1.0
756 90.0 90.0 0.0 0.0 1.0
757 90.0 90.0 0.0 0.0 1.0
758 90.0 90.0 0.0 0.0 1.0
759 90.0 90.0 0.0 0.0 1.0
760 90.0 90.0 0.0 0.0 1.0
761 90.0 90.0 0.0 0.0 1.0
762 90.0 90.0 0.0 0.0 1.0
763 90.0 90.0 0.0 0.0 1.0
764 90.0 90.0 0.0 0.0 1.0
765 90.0 90.0 0.0 0.0 1.0
766 90.0 90.0 0.0 0.0 1.0
767 90.0 90.0 0.0 0.0 1.0
768 90.0 90.0 0.0 0.0 1.0
769 90.0 90.0 0.0 0.0 1.0
770 90.0 90.0 0.0 0.0 1.0
771 90.0 90.0 0.0 0.0 1.0
772 90.0 90.0 0.0 0.0 1.0
773 90.0 90.0 0.0 0.0 1.0
774 90.0 90.0 0.0 0.0 1.0
775 90.0 90.0 0.0 0.0 1.0
776 90.0 90.0 0.0 0.0 1.0
777 90.0 90.0 0.0 0.0 1.0
778 90.0 90.0 0.0 0.0 1.0
779 90.0 90.0 0.0 0.0 1.0
780 90.0 90.0 0.0 0.0 1.0
781 90.0 90.0 0.0 0.0 1.0
782 90.0 90.0 0.0 0.0 1.0
783 90.0 90.0 0.0 0.0 1.0
784 90.0 90.0 0.0 0.0 1.0
785 90.0 90.0 0.0 0.0 1.0
786 90.0 90.0 0.0 0.0 1.0
787 90.0 90.0 0.0 0.0 1.0
788 90.0 90.0 0.0 0.0 1.0
789 90.0 90.0 0.0 0.0 1.0
790 90.0 90.0 0.0 0.0 1.0
791 90.0 90.0 0.0 0.0 1.0
792 90.0 90.0 0.0 0.0 1.0
793 90.0 90.0 0.0 0.0 1.0
794 90.0 90.0 0.0 0.0 1.0
795 90.0 90.0 0.0 0.0 1.0
796 90.0 90.0 0.0 0.0 1.0
797 90.0 90.0 0.0 0.0 1.0
798 90.0 90.0 0.0 0.0 1.0
799 90.0 90.0 0.0 0.0 1.0
800 90.0 90.0 0.0 0.0 1.0
801 90.0 90.0 0.0 0.0 1.0
802 90.0 90.0 0.0 0.0 1.0
803 90.0 90.0 0.0 0.0 1.0
804 90.0 90.0 0.0 0.0 1.0
805 90.0 90.0 0.0 0.0 1.0
806 90.0 90.0 0.0 0.0 1.0
807 90.0 90.0 0.0 0.0 1.0
808 90.0 90.0 0.0 0.0 1.0
809 90.0 90.0 0.0 0.0 1.0
810 90.0 90.0 0.0 0.0 1.0
811 90.0 90.0 0.0 0.0 1.0
812 90.0 90.0 0.0 0.0 1.0
813 90.0 90.0 0.0 0.0 1.0
814 90.0 90.0 0.0 0.0 1.0
815 90.0 90.0 0.0 0.0 1.0
816 90.0 90.0 0.0 0.0 1.0
817 90.0 90.0 0.0 0.0 1.0
818 90.0 90.0 0.0 0.0 1.0
819 90.0 90.0 0.0 0.0 1.0
820 90.0 90.0 0.0 0.0 1.0
821 90.0 90.0 0.0 0.0 1.0
822 90.0 90.0 0.0 0.0 1.0
823 90.0 90.0 0.0 0.0 1.0
824 90.0 90.0 0.0 0.0 1.0
825 90.0 90.0 0.0 0.0 1.0
826 90.0 90.0 0.0 0.0 1.0
827 90.0 90.0 0.0 0.0 1.0
828 90.0 90.0 0.0 0.0 1.0
829 90.0 90.0 0.0 0.0 1.0
830 90.0 90.0 0.0 0.0 1.0
831 90.0 90.0 0.0 0.0 1.0
832 90.0 90.0 0.0 0.0 1.0
833 90.0 90.0 0.0 0.0 1.0
834 90.0 90.0 0.0 0.0 1.0
835 90.0 90.0 0.0 0.0 1.0
836 90.0 90.0 0.0 0.0 1.0
837 90.0 90.0 0.0 0.0 1.0
838 90.0 90.0 0.0 0.0 1.0
839 90.0 90.0 0.0 0.0 1.0
840 90.0 90.0 0.0 0.0 1.0
841 90.0 90.0 0.0 0.0 1.0
842 90.0 90.0 0.0 0.0 1.0
843 90.0 90.0 0.0 0.0 1.0
844 90.0 90.0 0.0 0.0 1.0
845 90.0 90.0 0.0 0.0 1.0
846 90.0 90.0 0.0 0.0 1.0
847 90.0 90.0 0.0 0.0 1.0
848 90.0 90.0 0.0 0.0 1.0
849 90.0 90.0 0.0 0.0 1.0
850 90.0 90.0 0.0 0.0 1.0
851 90.0 90.0 0.0 0.0 1.0
852 90.0 90.0 0.0 0.0 1.0
853 90.0 90.0 0.0 0.0 1.0
854 90.0 90.0 0.0 0.0 1.0
855 90.0 90.0 0.0 0.0 1.0
856 90.0 90.0 0.0 0.0 1.0
857 90.0 90.0 0.0 0.0 1.0
858 90.0 90.0 0.0 0.0 1.0
859 90.0 90.0 0.0 0.0 1.0
860 90.0 90.0 0.0 0.0 1.0
861 90.0 90.0 0.0 0.0 1.0
862 90.0 90.0 0.0 0.0 1.0
863 90.0 90.0 0.0 0.0 1.0
864 90.0 90.0 0.0 0.0 1.0
865 90.0 90.0 0.0 0.0 1.0
866 90.0 90.0 0.0 0.0 1.0
867 90.0 90.0 0.0 0.0 1.0
868 90.0 90.0 0.0 0.0 1.0
869 90.0 90.0 0.0 0.0 1.0
870 90.0 90.0 0.0 0.0 1.0
871 90.0 90.0 0.0 0.0 1.0
872 90.0 90.0 0.0 0.0 1.0
873 90.0 90.0 0.0 0.0 1.0
874 90.0 90.0 0.0 0.0 1.0
875 90.0 90.0 0.0 0.0 1.0
876 90.0 90.0 0.0 0.0 1.0
877 90.0 90.0 0.0 0.0 1.0
878 90.0 90.0 0.0 0.0 1.0
879 90.0 90.0 0.0 0.0 1.0
880 90.0 90.0 0.0 0.0 1.0
881 90.0 90.0 0.0 0.0 1.0
882 90.0 90.0 0.0 0.0 1.0
883 90.0 90.0 0.0 0.0 1.0
884 90.0 90.0 0.0 0.0 1.0
885 90.0 90.0 0.0 0.0 1.0
886 90.0 90.0 0.0 0.0 1.0
887 90.0 90.0 0.0 0.0 1.0
888 90.0 90.0 0.0 0.0 1.0
889 90.0 90.0 0.0 0.0 1.0
890 90.0 90.0 0.0 0.0 1.0
891 90.0 90.0 0.0 0.0 1.0
892 90.0 90.0 0.0 0.0 1.0
893 90.0 90.0 0.0 0.0 1.0
894 90.0 90.0 0.0 0.0 1.0
895 90.0 90.0 0.0 0.0 1.0
896 90.0 90.0 0.0 0.0 1.0
897 90.0 90.0 0.0 0.0 1.0
898 90.0 90.0 0.0 0.0 1.0
899 90.0 90.0 0.0 0.0 1.0
900 90.0 90.0 0.0 0.0 1.0
901 90.0 90.0 0.0 0.0 1.0
902 90.0 90.0 0.0 0.0 1.0
903 90.0 90.0 0.0 0.0 1.0
904 90.0 90.0 0.0 0.0 1.0
905 90.0 90.0 0.0 0.0 1.0
906 90.0 90.0 0.0 0.0 1.0
907 90.0 90.0 0.0 0.0 1.0
908 90.0 90.0 0.0 0.0 1.0
909 90.0 90.0 0.0 0.0 1.0
910 90.0 90.0 0.0 0.0 1.0
911 90.0 90.0 0.0 0.0 1.0
912 90.0 90.0 0.0 0.0 1.0
913 90.0 90.0 0.0 0.0 1.0
914 90.0 90.0 0.0 0.0 1.0
915 90.0 90.0 0.0 0.0 1.0
916 90.0 90.0 0.0 0.0 1.0
917 90.0 90.0 0.0 0.0 1.0
918 90.0 90.0 0.0 0.0 1.0
919 90.0 90.0 0.0 0.0 1.0
920 90.0 90.0 0.0 0.0 1.0
921 90.0 90.0 0.0 0.0 1.0
922 90.0 90.0 0.0 0.0 1.0
923 90.0 90.0 0.0 0.0 1.0
924 90.0 90.0 0.0 0.0 1.0
925 90.0 90.0 0.0 0.0 1.0
926 90.0 90.0 0.0 0.0 1.0
927 90.0 90.0 0.0 0.0 1.0
928 90.0 90.0 0.0 0.0 1.0
929 90.0 90.0 0.0 0.0 1.0
930 90.0 90.0 0.0 0.0 1.0
931 90.0 90.0 0.0 0.0 1.0
932 90.0 90.0 0.0 0.0 1.0
933 90.0 90.0 0.0 0.0 1.0
934 90.0 90.0 0.0 0.0 1.0
935 90.0 90.0 0.0 0.0 1.0
936 90.0 90.0 0.0 0.0 1.0
937 90.0 90.0 0.0 0.0 1.0
938 90.0 90.0 0.0 0.0 1.0
939 90.0 90.0 0.0 0.0 1.0
940 90.0 90.0 0.0 0.0 1.0
941 90.0 90.0 0.0 0.0 1.0
942 90.0 90.0 0.0 0.0 1.0
943 90.0 90.0 0.0 0.0 1.0
944 90.0 90.0 0.0 0.0 1.0
945 90.0 90.0 0.0 0.0 1.0
946 90.0 90.0 0.0 0.0 1.0
947 90.0 90.0 0.0 0.0 1.0
948 90.0 90.0 0.0 0.0 1.0
949 90.0 90.0 0.0 0.0 1.0
950 90.0 90.0 0.0 0.0 1.0
951 90.0 90.0 0.0 0.0 1.0
952 90.0 90.0 0.0 0.0 1.0
953 90.0 90.0 0.0 0.0 1.0
954 90.0 90.0 0.0 0.0 1.0
955 90.0 90.0 0.0 0.0 1.0
956 90.0 90.0 0.0 0.0 1.0
957 90.0 90.0 0.0 0.0 1.0
958 90.0 90.0 0.0 0.0 1.0
959 90.0 90.0 0.0 0.0 1.0
960 90.0 90.0 0.0 0.0 1.0
961 90.0 90.0 0.0 0.0 1.0
962 90.0 90.0 0.0 0.0 1.0
963 90.0 90.0 0.0 0.0 1.0
964 90.0 90.0 0.0 0.0 1.0
965 90.0 90.0 0.0 0.0 1.0
966 90.0 90.0 0.0 0.0 1.0
967 90.0 90.0 0.0 0.0 1.0
968 90.0 90.0 0.0 0.0 1.0
969 90.0 90.0 0.0 0.0 1.0
970 90.0 90.0 0.0 0.0 1.0
971 90.0 90.0 0.0 0.0 1.0
972 90.0 90.0 0.0 0.0 1.0
973 90.0 90.0 0.0 0.0 1.0
974 90.0 90.0 0.0 0.0 1.0
975 90.0 90.0 0.0 0.0 1.0
976 90.0 90.0 0.0 0.0 1.0
977 90.0 90.0 0.0 0.0 1.0
978 90.0 90.0 0.0 0.0 1.0
979 90.0 90.0 0.0 0.0 1.0
980 90.0 90.0 0.0 0.0 1.0
981 90.0 90.0 0.0 0.0 1.0
982 90.0 90.0 0.0 0.0 1.0
983 90.0 90.0 0.0 0.0 1.0
984 90.0 90.0 0.0 0.0 1.0
985 90.0 90.0 0.0 0.0 1.0
986 90.0 90.0 0.0 0.0 1.0
987 90.0 90.0 0.0 0.0 1.0
988 90.0 90.0 0.0 0.0 1.0
989 90.0 90.0 0.0 0.0 1.0
990 90.0 90.0 0.0 0.0 1.0
991 90.0 90.0 0.0 0.0 1.0
992 90.0 90.0 0.0 0.0 1.0
993 90.0 90.0 0.0 0.0 1.0
994 90.0 90.0 0.0 0.0 1.0
995 90.0 90.0 0.0 0.0 1.0
996 90.0 90.0 0.0 0.0 1.0
997 90.0 90.0 0.0 0.0 1.0
998 90.0 90.0 0.0 0.0 1.0
999 90.0 90.0 0.0 0.0 1.0
1000 90.0 90.0 0.0 0.0 1.0
