gen testSuiteSize notKilledMutants number_of_tests no_discount_objective no_equiv_mut_not_killed no_equiv_mut_not_killed_perc
1 4 9 14 9 8 0.8888888888888888
1 3 10 17 10 9 1.0
2 4 9 47 9 8 0.8888888888888888
3 4 9 52 9 8 0.8888888888888888
4 4 8 56 8 7 0.7777777777777778
5 3 10 59 10 9 1.0
6 3 10 62 10 9 1.0
7 3 10 66 10 9 1.0
7 4 9 70 9 8 0.8888888888888888
8 3 10 72 10 9 1.0
9 3 10 74 10 9 1.0
10 3 10 78 10 9 1.0
11 3 10 82 10 9 1.0
12 3 10 86 10 9 1.0
12 4 7 87 7 6 0.6666666666666666
13 3 10 88 10 9 1.0
14 3 10 89 10 9 1.0
15 3 10 92 10 9 1.0
16 3 10 95 10 9 1.0
17 3 10 95 10 9 1.0
18 3 10 98 10 9 1.0
19 3 10 100 10 9 1.0
20 3 10 101 10 9 1.0
20 4 6 104 6 5 0.5555555555555556
21 3 10 104 10 9 1.0
22 3 10 105 10 9 1.0
23 3 10 109 10 9 1.0
24 3 10 112 10 9 1.0
25 3 10 113 10 9 1.0
26 3 10 115 10 9 1.0
27 3 10 121 10 9 1.0
28 3 10 123 10 9 1.0
29 3 10 130 10 9 1.0
30 3 10 132 10 9 1.0
31 3 10 134 10 9 1.0
32 3 10 137 10 9 1.0
32 4 9 141 9 8 0.8888888888888888
33 3 10 141 10 9 1.0
33 4 6 143 6 5 0.5555555555555556
34 3 10 145 10 9 1.0
35 3 10 146 10 9 1.0
36 3 10 149 10 9 1.0
37 2 10 151 10 9 1.0
38 4 6 154 6 5 0.5555555555555556
39 4 6 158 6 5 0.5555555555555556
40 4 6 159 6 5 0.5555555555555556
40 3 10 159 10 9 1.0
41 4 6 164 6 5 0.5555555555555556
41 3 10 166 10 9 1.0
42 4 6 166 6 5 0.5555555555555556
43 3 10 167 10 9 1.0
43 4 6 168 6 5 0.5555555555555556
44 4 6 170 6 5 0.5555555555555556
45 4 6 173 6 5 0.5555555555555556
45 3 10 174 10 9 1.0
46 4 6 174 6 5 0.5555555555555556
47 4 6 175 6 5 0.5555555555555556
48 4 6 179 6 5 0.5555555555555556
49 4 6 181 6 5 0.5555555555555556
49 3 10 184 10 9 1.0
50 4 5 190 5 4 0.4444444444444444
51 2 10 190 10 9 1.0
52 2 10 191 10 9 1.0
53 2 10 192 10 9 1.0
54 2 10 192 10 9 1.0
55 2 10 195 10 9 1.0
56 2 10 196 10 9 1.0
57 2 10 199 10 9 1.0
58 2 10 200 10 9 1.0
59 2 10 201 10 9 1.0
60 2 10 205 10 9 1.0
61 2 10 208 10 9 1.0
62 2 10 209 10 9 1.0
63 2 10 210 10 9 1.0
64 2 10 212 10 9 1.0
65 2 10 213 10 9 1.0
66 2 10 218 10 9 1.0
67 2 10 222 10 9 1.0
68 2 10 223 10 9 1.0
69 2 10 226 10 9 1.0
69 3 7 226 7 6 0.6666666666666666
70 2 10 227 10 9 1.0
70 3 9 228 9 8 0.8888888888888888
71 2 10 230 10 9 1.0
72 2 10 235 10 9 1.0
73 2 10 236 10 9 1.0
74 2 10 237 10 9 1.0
75 2 10 237 10 9 1.0
76 2 10 240 10 9 1.0
77 2 10 244 10 9 1.0
78 2 10 246 10 9 1.0
79 2 10 247 10 9 1.0
80 2 10 248 10 9 1.0
81 2 10 249 10 9 1.0
82 2 10 249 10 9 1.0
83 2 10 252 10 9 1.0
84 2 10 256 10 9 1.0
85 2 10 257 10 9 1.0
86 2 10 259 10 9 1.0
87 2 10 260 10 9 1.0
88 2 10 262 10 9 1.0
89 2 10 264 10 9 1.0
90 2 10 264 10 9 1.0
91 2 10 267 10 9 1.0
92 2 10 267 10 9 1.0
92 3 9 269 9 8 0.8888888888888888
93 2 10 269 10 9 1.0
94 2 10 271 10 9 1.0
95 2 10 273 10 9 1.0
95 3 7 274 7 6 0.6666666666666666
96 2 10 276 10 9 1.0
97 2 10 277 10 9 1.0
98 2 10 278 10 9 1.0
98 3 9 280 9 8 0.8888888888888888
99 2 10 281 10 9 1.0
100 2 10 283 10 9 1.0
101 2 10 283 10 9 1.0
102 1 10 284 10 9 1.0
103 4 5 284 5 4 0.4444444444444444
104 3 9 285 9 8 0.8888888888888888
104 4 3 285 3 2 0.2222222222222222
105 1 10 286 10 9 1.0
106 1 10 286 10 9 1.0
107 1 10 288 10 9 1.0
108 1 10 289 10 9 1.0
109 1 10 291 10 9 1.0
110 1 10 293 10 9 1.0
111 1 10 297 10 9 1.0
112 1 10 299 10 9 1.0
113 1 10 300 10 9 1.0
114 1 10 300 10 9 1.0
115 1 10 300 10 9 1.0
115 2 8 301 8 7 0.7777777777777778
116 1 10 303 10 9 1.0
117 1 10 306 10 9 1.0
118 1 10 308 10 9 1.0
119 1 10 310 10 9 1.0
119 2 5 312 5 4 0.4444444444444444
120 1 10 312 10 9 1.0
121 1 10 312 10 9 1.0
122 1 10 313 10 9 1.0
122 2 9 314 9 8 0.8888888888888888
123 1 10 314 10 9 1.0
124 1 10 315 10 9 1.0
124 2 5 315 5 4 0.4444444444444444
125 1 10 315 10 9 1.0
125 2 9 316 9 8 0.8888888888888888
126 1 10 318 10 9 1.0
126 2 9 318 9 8 0.8888888888888888
127 1 10 318 10 9 1.0
128 1 10 319 10 9 1.0
129 1 10 322 10 9 1.0
130 1 10 322 10 9 1.0
130 2 6 322 6 5 0.5555555555555556
131 1 10 323 10 9 1.0
132 1 10 324 10 9 1.0
133 1 10 326 10 9 1.0
134 1 10 326 10 9 1.0
135 1 10 327 10 9 1.0
135 2 9 328 9 8 0.8888888888888888
136 1 10 328 10 9 1.0
137 1 10 328 10 9 1.0
138 1 10 329 10 9 1.0
139 1 10 331 10 9 1.0
140 1 10 332 10 9 1.0
141 1 10 333 10 9 1.0
142 1 10 334 10 9 1.0
143 1 10 336 10 9 1.0
144 1 10 338 10 9 1.0
144 2 9 338 9 8 0.8888888888888888
145 1 10 338 10 9 1.0
146 1 10 339 10 9 1.0
147 1 10 340 10 9 1.0
148 1 10 340 10 9 1.0
149 1 10 341 10 9 1.0
150 1 10 342 10 9 1.0
151 1 10 343 10 9 1.0
152 1 10 344 10 9 1.0
153 1 10 345 10 9 1.0
154 1 10 345 10 9 1.0
155 1 10 346 10 9 1.0
156 1 10 347 10 9 1.0
156 2 8 348 8 7 0.7777777777777778
157 1 10 349 10 9 1.0
158 1 10 352 10 9 1.0
159 1 10 353 10 9 1.0
160 1 10 354 10 9 1.0
161 1 10 356 10 9 1.0
162 1 10 356 10 9 1.0
162 2 9 356 9 8 0.8888888888888888
163 1 10 357 10 9 1.0
164 1 10 357 10 9 1.0
165 1 10 357 10 9 1.0
166 1 10 357 10 9 1.0
166 2 7 357 7 6 0.6666666666666666
167 1 10 357 10 9 1.0
168 1 10 358 10 9 1.0
169 1 10 359 10 9 1.0
170 1 10 359 10 9 1.0
171 1 10 360 10 9 1.0
172 1 10 361 10 9 1.0
173 1 10 361 10 9 1.0
174 1 10 361 10 9 1.0
175 1 10 362 10 9 1.0
176 1 10 362 10 9 1.0
176 2 9 364 9 8 0.8888888888888888
177 1 10 365 10 9 1.0
178 1 10 366 10 9 1.0
179 1 10 368 10 9 1.0
179 2 8 368 8 7 0.7777777777777778
180 1 10 368 10 9 1.0
181 1 10 368 10 9 1.0
182 1 10 368 10 9 1.0
183 1 10 368 10 9 1.0
184 1 10 369 10 9 1.0
185 1 10 371 10 9 1.0
185 2 9 372 9 8 0.8888888888888888
186 1 10 372 10 9 1.0
187 1 10 372 10 9 1.0
188 1 10 372 10 9 1.0
189 1 10 373 10 9 1.0
190 1 10 374 10 9 1.0
191 1 10 375 10 9 1.0
192 1 10 375 10 9 1.0
193 1 10 375 10 9 1.0
194 1 10 376 10 9 1.0
195 1 10 377 10 9 1.0
196 1 10 379 10 9 1.0
197 1 10 380 10 9 1.0
198 1 10 380 10 9 1.0
199 1 10 380 10 9 1.0
200 1 10 380 10 9 1.0
201 1 10 380 10 9 1.0
202 1 10 381 10 9 1.0
203 1 10 383 10 9 1.0
204 1 10 385 10 9 1.0
205 1 10 387 10 9 1.0
206 1 10 388 10 9 1.0
207 1 10 389 10 9 1.0
208 1 10 390 10 9 1.0
208 2 6 390 6 5 0.5555555555555556
209 1 10 390 10 9 1.0
210 1 10 392 10 9 1.0
211 1 10 397 10 9 1.0
212 1 10 398 10 9 1.0
212 2 9 398 9 8 0.8888888888888888
213 1 10 398 10 9 1.0
214 1 10 398 10 9 1.0
215 1 10 398 10 9 1.0
215 2 9 399 9 8 0.8888888888888888
216 1 10 399 10 9 1.0
217 1 10 400 10 9 1.0
218 1 10 400 10 9 1.0
218 2 9 400 9 8 0.8888888888888888
219 1 10 400 10 9 1.0
220 2 7 400 7 6 0.6666666666666666
220 1 10 401 10 9 1.0
221 1 10 401 10 9 1.0
222 1 10 403 10 9 1.0
223 1 10 404 10 9 1.0
224 1 10 405 10 9 1.0
225 1 10 406 10 9 1.0
226 1 10 407 10 9 1.0
227 1 10 407 10 9 1.0
228 1 10 408 10 9 1.0
229 1 10 408 10 9 1.0
230 1 10 408 10 9 1.0
231 1 10 409 10 9 1.0
232 1 10 411 10 9 1.0
233 1 10 412 10 9 1.0
234 1 10 414 10 9 1.0
235 1 10 414 10 9 1.0
236 1 10 415 10 9 1.0
237 1 10 416 10 9 1.0
238 1 10 416 10 9 1.0
239 1 10 417 10 9 1.0
240 1 10 417 10 9 1.0
240 2 9 417 9 8 0.8888888888888888
241 1 10 419 10 9 1.0
242 1 10 419 10 9 1.0
243 1 10 422 10 9 1.0
244 1 10 422 10 9 1.0
244 2 9 422 9 8 0.8888888888888888
245 1 10 422 10 9 1.0
246 1 10 424 10 9 1.0
247 1 10 424 10 9 1.0
248 1 10 424 10 9 1.0
248 2 9 424 9 8 0.8888888888888888
249 1 10 424 10 9 1.0
250 1 10 425 10 9 1.0
251 1 10 428 10 9 1.0
251 2 9 430 9 8 0.8888888888888888
252 1 10 430 10 9 1.0
253 1 10 431 10 9 1.0
253 2 9 431 9 8 0.8888888888888888
254 1 10 432 10 9 1.0
255 1 10 432 10 9 1.0
256 1 10 433 10 9 1.0
257 1 10 434 10 9 1.0
258 1 10 434 10 9 1.0
259 1 10 434 10 9 1.0
260 1 10 434 10 9 1.0
261 1 10 434 10 9 1.0
262 1 10 434 10 9 1.0
263 1 10 434 10 9 1.0
264 1 10 434 10 9 1.0
265 1 10 435 10 9 1.0
266 1 10 437 10 9 1.0
267 1 10 437 10 9 1.0
268 1 10 438 10 9 1.0
269 1 10 438 10 9 1.0
270 1 10 438 10 9 1.0
271 1 10 438 10 9 1.0
272 1 10 438 10 9 1.0
273 1 10 439 10 9 1.0
274 1 10 440 10 9 1.0
275 1 10 440 10 9 1.0
276 1 10 441 10 9 1.0
277 1 10 443 10 9 1.0
278 1 10 445 10 9 1.0
278 2 9 446 9 8 0.8888888888888888
279 1 10 446 10 9 1.0
280 1 10 447 10 9 1.0
280 2 9 448 9 8 0.8888888888888888
281 1 10 448 10 9 1.0
282 1 10 448 10 9 1.0
283 1 10 449 10 9 1.0
284 1 10 451 10 9 1.0
285 1 10 452 10 9 1.0
286 1 10 452 10 9 1.0
287 1 10 452 10 9 1.0
288 1 10 453 10 9 1.0
289 1 10 453 10 9 1.0
290 1 10 453 10 9 1.0
291 1 10 453 10 9 1.0
292 1 10 455 10 9 1.0
293 1 10 455 10 9 1.0
294 1 10 456 10 9 1.0
295 1 10 457 10 9 1.0
295 2 9 457 9 8 0.8888888888888888
296 1 10 458 10 9 1.0
297 1 10 458 10 9 1.0
298 1 10 458 10 9 1.0
299 1 10 458 10 9 1.0
300 2 9 459 9 8 0.8888888888888888
300 1 10 459 10 9 1.0
300 3 5 460 5 4 0.4444444444444444
301 1 10 460 10 9 1.0
302 1 10 460 10 9 1.0
303 1 10 461 10 9 1.0
304 1 10 463 10 9 1.0
305 1 10 463 10 9 1.0
306 1 10 464 10 9 1.0
307 1 10 465 10 9 1.0
307 2 5 466 5 4 0.4444444444444444
308 1 10 466 10 9 1.0
309 1 10 466 10 9 1.0
310 1 10 466 10 9 1.0
311 1 10 466 10 9 1.0
312 1 10 466 10 9 1.0
313 1 10 468 10 9 1.0
313 2 9 468 9 8 0.8888888888888888
314 1 10 468 10 9 1.0
314 2 6 468 6 5 0.5555555555555556
315 1 10 468 10 9 1.0
316 1 10 470 10 9 1.0
317 1 10 470 10 9 1.0
318 1 10 470 10 9 1.0
318 2 9 471 9 8 0.8888888888888888
319 1 10 471 10 9 1.0
320 1 10 472 10 9 1.0
321 1 10 473 10 9 1.0
322 1 10 474 10 9 1.0
323 1 10 474 10 9 1.0
324 1 10 475 10 9 1.0
325 1 10 476 10 9 1.0
325 2 8 476 8 7 0.7777777777777778
326 1 10 477 10 9 1.0
326 2 9 479 9 8 0.8888888888888888
327 1 10 479 10 9 1.0
328 1 10 479 10 9 1.0
329 1 10 482 10 9 1.0
330 1 10 483 10 9 1.0
331 1 10 483 10 9 1.0
332 1 10 483 10 9 1.0
333 1 10 483 10 9 1.0
334 1 10 484 10 9 1.0
335 1 10 484 10 9 1.0
336 1 10 486 10 9 1.0
336 2 7 486 7 6 0.6666666666666666
337 1 10 488 10 9 1.0
338 1 10 488 10 9 1.0
339 1 10 490 10 9 1.0
340 1 10 490 10 9 1.0
341 1 10 492 10 9 1.0
342 1 10 492 10 9 1.0
343 1 10 492 10 9 1.0
344 1 10 492 10 9 1.0
345 1 10 492 10 9 1.0
346 1 10 493 10 9 1.0
347 1 10 495 10 9 1.0
348 1 10 496 10 9 1.0
348 2 9 497 9 8 0.8888888888888888
349 1 10 497 10 9 1.0
350 1 10 497 10 9 1.0
351 1 10 499 10 9 1.0
351 2 6 500 6 5 0.5555555555555556
352 2 9 500 9 8 0.8888888888888888
352 1 10 500 10 9 1.0
353 1 10 500 10 9 1.0
354 1 10 500 10 9 1.0
355 1 10 501 10 9 1.0
356 1 10 501 10 9 1.0
357 1 10 501 10 9 1.0
358 1 10 502 10 9 1.0
359 1 10 502 10 9 1.0
360 1 10 503 10 9 1.0
361 1 10 504 10 9 1.0
362 1 10 504 10 9 1.0
363 1 10 504 10 9 1.0
364 1 10 505 10 9 1.0
365 1 10 506 10 9 1.0
365 2 7 506 7 6 0.6666666666666666
366 1 10 506 10 9 1.0
367 1 10 507 10 9 1.0
368 1 10 508 10 9 1.0
368 2 7 509 7 6 0.6666666666666666
369 1 10 510 10 9 1.0
370 1 10 512 10 9 1.0
371 1 10 513 10 9 1.0
372 1 10 514 10 9 1.0
373 1 10 514 10 9 1.0
373 2 7 515 7 6 0.6666666666666666
374 1 10 515 10 9 1.0
374 2 9 515 9 8 0.8888888888888888
375 1 10 515 10 9 1.0
376 1 10 516 10 9 1.0
377 1 10 516 10 9 1.0
378 1 10 518 10 9 1.0
379 1 10 518 10 9 1.0
380 1 10 518 10 9 1.0
381 1 10 519 10 9 1.0
382 1 10 519 10 9 1.0
383 1 10 519 10 9 1.0
384 1 10 520 10 9 1.0
384 2 9 520 9 8 0.8888888888888888
385 1 10 520 10 9 1.0
386 1 10 520 10 9 1.0
387 1 10 521 10 9 1.0
388 1 10 522 10 9 1.0
389 1 10 523 10 9 1.0
390 1 10 523 10 9 1.0
391 1 10 523 10 9 1.0
392 1 10 523 10 9 1.0
393 1 10 524 10 9 1.0
394 1 10 525 10 9 1.0
395 1 10 526 10 9 1.0
396 1 10 526 10 9 1.0
397 1 10 526 10 9 1.0
398 1 10 528 10 9 1.0
399 1 10 529 10 9 1.0
400 1 10 529 10 9 1.0
401 1 10 529 10 9 1.0
402 1 10 529 10 9 1.0
403 1 10 530 10 9 1.0
404 1 10 530 10 9 1.0
405 1 10 531 10 9 1.0
406 1 10 533 10 9 1.0
407 1 10 533 10 9 1.0
407 2 9 533 9 8 0.8888888888888888
408 1 10 534 10 9 1.0
408 2 6 534 6 5 0.5555555555555556
409 1 10 534 10 9 1.0
410 1 10 534 10 9 1.0
411 1 10 535 10 9 1.0
412 1 10 536 10 9 1.0
412 2 9 536 9 8 0.8888888888888888
413 1 10 536 10 9 1.0
414 1 10 536 10 9 1.0
415 1 10 536 10 9 1.0
416 1 10 536 10 9 1.0
417 1 10 539 10 9 1.0
418 1 10 540 10 9 1.0
419 1 10 541 10 9 1.0
420 1 10 541 10 9 1.0
421 1 10 541 10 9 1.0
422 1 10 542 10 9 1.0
423 1 10 543 10 9 1.0
424 1 10 543 10 9 1.0
425 1 10 544 10 9 1.0
425 2 9 546 9 8 0.8888888888888888
426 1 10 546 10 9 1.0
427 1 10 546 10 9 1.0
428 1 10 549 10 9 1.0
429 1 10 549 10 9 1.0
430 1 10 549 10 9 1.0
431 1 10 550 10 9 1.0
431 2 9 550 9 8 0.8888888888888888
432 1 10 550 10 9 1.0
433 1 10 550 10 9 1.0
434 1 10 550 10 9 1.0
435 1 10 551 10 9 1.0
436 1 10 551 10 9 1.0
437 1 10 551 10 9 1.0
438 1 10 552 10 9 1.0
439 1 10 553 10 9 1.0
439 2 5 553 5 4 0.4444444444444444
440 1 10 553 10 9 1.0
441 1 10 555 10 9 1.0
442 1 10 555 10 9 1.0
443 1 10 555 10 9 1.0
444 1 10 555 10 9 1.0
445 1 10 555 10 9 1.0
446 1 10 556 10 9 1.0
447 1 10 559 10 9 1.0
448 1 10 560 10 9 1.0
449 1 10 560 10 9 1.0
450 1 10 560 10 9 1.0
451 1 10 562 10 9 1.0
452 1 10 564 10 9 1.0
453 1 10 564 10 9 1.0
454 1 10 564 10 9 1.0
455 1 10 564 10 9 1.0
456 1 10 564 10 9 1.0
457 1 10 564 10 9 1.0
458 1 10 564 10 9 1.0
459 1 10 564 10 9 1.0
459 2 6 564 6 5 0.5555555555555556
460 1 10 564 10 9 1.0
460 2 9 564 9 8 0.8888888888888888
461 1 10 565 10 9 1.0
462 1 10 565 10 9 1.0
463 1 10 567 10 9 1.0
464 1 10 568 10 9 1.0
465 1 10 570 10 9 1.0
466 1 10 571 10 9 1.0
467 1 10 571 10 9 1.0
468 1 10 571 10 9 1.0
469 1 10 573 10 9 1.0
470 1 10 573 10 9 1.0
471 1 10 573 10 9 1.0
472 1 10 573 10 9 1.0
473 1 10 573 10 9 1.0
473 2 9 573 9 8 0.8888888888888888
474 1 10 573 10 9 1.0
475 1 10 573 10 9 1.0
476 1 10 573 10 9 1.0
477 1 10 574 10 9 1.0
478 1 10 575 10 9 1.0
479 1 10 575 10 9 1.0
480 1 10 575 10 9 1.0
481 1 10 575 10 9 1.0
482 1 10 575 10 9 1.0
483 1 10 575 10 9 1.0
483 2 5 576 5 4 0.4444444444444444
484 1 10 578 10 9 1.0
485 1 10 578 10 9 1.0
486 1 10 578 10 9 1.0
487 1 10 578 10 9 1.0
488 1 10 578 10 9 1.0
489 1 10 579 10 9 1.0
490 1 10 579 10 9 1.0
491 1 10 579 10 9 1.0
492 1 10 579 10 9 1.0
493 1 10 580 10 9 1.0
494 1 10 580 10 9 1.0
495 1 10 580 10 9 1.0
495 2 9 581 9 8 0.8888888888888888
496 1 10 581 10 9 1.0
496 2 6 581 6 5 0.5555555555555556
497 1 10 581 10 9 1.0
497 2 8 581 8 7 0.7777777777777778
498 1 10 581 10 9 1.0
499 1 10 581 10 9 1.0
500 1 10 581 10 9 1.0
500 2 9 582 9 8 0.8888888888888888
501 1 10 582 10 9 1.0
502 1 10 582 10 9 1.0
503 1 10 583 10 9 1.0
504 1 10 583 10 9 1.0
505 1 10 583 10 9 1.0
506 1 10 583 10 9 1.0
507 1 10 583 10 9 1.0
508 1 10 584 10 9 1.0
509 1 10 585 10 9 1.0
510 1 10 586 10 9 1.0
511 1 10 586 10 9 1.0
512 1 10 586 10 9 1.0
513 1 10 586 10 9 1.0
514 1 10 586 10 9 1.0
515 1 10 587 10 9 1.0
516 1 10 587 10 9 1.0
517 1 10 587 10 9 1.0
518 1 10 587 10 9 1.0
519 1 10 587 10 9 1.0
520 1 10 587 10 9 1.0
521 1 10 588 10 9 1.0
521 2 7 588 7 6 0.6666666666666666
522 1 10 589 10 9 1.0
523 1 10 589 10 9 1.0
524 1 10 589 10 9 1.0
525 1 10 589 10 9 1.0
526 1 10 589 10 9 1.0
527 1 10 589 10 9 1.0
528 1 10 590 10 9 1.0
529 1 10 590 10 9 1.0
530 1 10 590 10 9 1.0
531 1 10 591 10 9 1.0
532 1 10 591 10 9 1.0
533 1 10 591 10 9 1.0
534 1 10 591 10 9 1.0
535 1 10 591 10 9 1.0
536 1 10 593 10 9 1.0
537 1 10 593 10 9 1.0
538 1 10 594 10 9 1.0
539 1 10 595 10 9 1.0
539 2 9 595 9 8 0.8888888888888888
540 1 10 596 10 9 1.0
541 1 10 596 10 9 1.0
542 1 10 596 10 9 1.0
543 1 10 596 10 9 1.0
544 1 10 596 10 9 1.0
545 1 10 598 10 9 1.0
546 1 10 598 10 9 1.0
547 1 10 598 10 9 1.0
548 1 10 599 10 9 1.0
549 1 10 599 10 9 1.0
550 1 10 599 10 9 1.0
551 1 10 599 10 9 1.0
552 1 10 600 10 9 1.0
552 2 7 600 7 6 0.6666666666666666
553 1 10 600 10 9 1.0
553 2 9 600 9 8 0.8888888888888888
554 1 10 600 10 9 1.0
554 2 9 601 9 8 0.8888888888888888
555 1 10 601 10 9 1.0
556 1 10 601 10 9 1.0
557 1 10 601 10 9 1.0
558 1 10 601 10 9 1.0
559 1 10 601 10 9 1.0
560 1 10 601 10 9 1.0
561 1 10 602 10 9 1.0
561 2 9 603 9 8 0.8888888888888888
562 1 10 603 10 9 1.0
563 1 10 603 10 9 1.0
564 1 10 603 10 9 1.0
565 1 10 603 10 9 1.0
566 1 10 603 10 9 1.0
567 1 10 603 10 9 1.0
568 1 10 604 10 9 1.0
568 2 9 604 9 8 0.8888888888888888
569 1 10 604 10 9 1.0
570 1 10 604 10 9 1.0
570 2 9 604 9 8 0.8888888888888888
571 1 10 604 10 9 1.0
572 1 10 604 10 9 1.0
572 2 9 604 9 8 0.8888888888888888
573 1 10 605 10 9 1.0
574 1 10 607 10 9 1.0
575 1 10 607 10 9 1.0
576 1 10 607 10 9 1.0
577 1 10 607 10 9 1.0
578 1 10 607 10 9 1.0
579 1 10 608 10 9 1.0
580 1 10 608 10 9 1.0
581 1 10 609 10 9 1.0
582 1 10 609 10 9 1.0
583 1 10 609 10 9 1.0
584 1 10 610 10 9 1.0
585 1 10 612 10 9 1.0
586 1 10 613 10 9 1.0
587 1 10 613 10 9 1.0
588 2 9 613 9 8 0.8888888888888888
588 1 10 613 10 9 1.0
589 1 10 614 10 9 1.0
590 1 10 614 10 9 1.0
591 1 10 614 10 9 1.0
592 1 10 614 10 9 1.0
593 1 10 616 10 9 1.0
594 1 10 616 10 9 1.0
595 1 10 618 10 9 1.0
596 1 10 618 10 9 1.0
597 1 10 618 10 9 1.0
598 1 10 618 10 9 1.0
598 2 9 618 9 8 0.8888888888888888
599 1 10 618 10 9 1.0
600 1 10 618 10 9 1.0
601 1 10 619 10 9 1.0
602 1 10 619 10 9 1.0
603 1 10 619 10 9 1.0
604 1 10 620 10 9 1.0
605 1 10 621 10 9 1.0
606 1 10 622 10 9 1.0
607 1 10 622 10 9 1.0
607 2 6 622 6 5 0.5555555555555556
608 1 10 622 10 9 1.0
609 1 10 623 10 9 1.0
609 2 9 623 9 8 0.8888888888888888
610 1 10 624 10 9 1.0
611 1 10 625 10 9 1.0
612 1 10 625 10 9 1.0
613 1 10 625 10 9 1.0
614 1 10 625 10 9 1.0
615 1 10 625 10 9 1.0
616 1 10 626 10 9 1.0
617 1 10 626 10 9 1.0
618 1 10 626 10 9 1.0
619 1 10 627 10 9 1.0
620 1 10 627 10 9 1.0
621 1 10 627 10 9 1.0
622 1 10 627 10 9 1.0
623 1 10 627 10 9 1.0
624 1 10 628 10 9 1.0
625 1 10 629 10 9 1.0
626 1 10 629 10 9 1.0
627 1 10 629 10 9 1.0
628 1 10 629 10 9 1.0
629 1 10 629 10 9 1.0
630 1 10 629 10 9 1.0
631 1 10 630 10 9 1.0
632 1 10 630 10 9 1.0
633 1 10 631 10 9 1.0
634 1 10 631 10 9 1.0
635 1 10 631 10 9 1.0
636 1 10 631 10 9 1.0
637 1 10 631 10 9 1.0
637 2 5 631 5 4 0.4444444444444444
638 1 10 631 10 9 1.0
639 1 10 631 10 9 1.0
640 1 10 631 10 9 1.0
641 1 10 632 10 9 1.0
642 1 10 633 10 9 1.0
643 1 10 633 10 9 1.0
644 1 10 633 10 9 1.0
645 1 10 633 10 9 1.0
646 1 10 633 10 9 1.0
647 1 10 633 10 9 1.0
648 2 9 634 9 8 0.8888888888888888
648 1 10 634 10 9 1.0
649 1 10 635 10 9 1.0
650 1 10 636 10 9 1.0
651 1 10 637 10 9 1.0
652 1 10 637 10 9 1.0
653 1 10 637 10 9 1.0
654 1 10 637 10 9 1.0
655 1 10 637 10 9 1.0
655 3 9 639 9 8 0.8888888888888888
656 1 10 639 10 9 1.0
657 1 10 641 10 9 1.0
658 1 10 641 10 9 1.0
659 1 10 641 10 9 1.0
659 2 9 642 9 8 0.8888888888888888
660 1 10 642 10 9 1.0
661 1 10 642 10 9 1.0
662 1 10 642 10 9 1.0
663 1 10 642 10 9 1.0
664 1 10 642 10 9 1.0
665 1 10 642 10 9 1.0
666 1 10 642 10 9 1.0
667 1 10 643 10 9 1.0
668 1 10 644 10 9 1.0
669 1 10 644 10 9 1.0
670 1 10 644 10 9 1.0
671 1 10 644 10 9 1.0
672 1 10 644 10 9 1.0
673 1 10 644 10 9 1.0
674 1 10 644 10 9 1.0
675 1 10 644 10 9 1.0
676 1 10 644 10 9 1.0
677 1 10 644 10 9 1.0
678 1 10 645 10 9 1.0
679 1 10 645 10 9 1.0
680 1 10 645 10 9 1.0
681 1 10 646 10 9 1.0
682 1 10 646 10 9 1.0
683 1 10 646 10 9 1.0
684 1 10 646 10 9 1.0
684 2 7 646 7 6 0.6666666666666666
685 1 10 647 10 9 1.0
685 2 6 647 6 5 0.5555555555555556
686 1 10 647 10 9 1.0
687 1 10 647 10 9 1.0
688 1 10 648 10 9 1.0
689 1 10 648 10 9 1.0
690 1 10 648 10 9 1.0
691 1 10 648 10 9 1.0
692 1 10 648 10 9 1.0
693 1 10 648 10 9 1.0
694 1 10 648 10 9 1.0
695 1 10 648 10 9 1.0
696 1 10 648 10 9 1.0
697 1 10 648 10 9 1.0
698 1 10 648 10 9 1.0
699 1 10 650 10 9 1.0
700 1 10 650 10 9 1.0
701 1 10 650 10 9 1.0
702 1 10 651 10 9 1.0
703 1 10 651 10 9 1.0
704 1 10 651 10 9 1.0
705 1 10 651 10 9 1.0
706 1 10 651 10 9 1.0
707 1 10 652 10 9 1.0
708 1 10 652 10 9 1.0
709 1 10 652 10 9 1.0
710 1 10 652 10 9 1.0
711 1 10 652 10 9 1.0
711 2 9 652 9 8 0.8888888888888888
712 1 10 653 10 9 1.0
713 1 10 653 10 9 1.0
714 1 10 653 10 9 1.0
715 1 10 653 10 9 1.0
716 1 10 654 10 9 1.0
717 1 10 655 10 9 1.0
718 1 10 655 10 9 1.0
719 1 10 655 10 9 1.0
719 2 9 655 9 8 0.8888888888888888
720 1 10 655 10 9 1.0
721 1 10 656 10 9 1.0
722 1 10 656 10 9 1.0
723 1 10 657 10 9 1.0
724 1 10 659 10 9 1.0
725 1 10 660 10 9 1.0
726 1 10 660 10 9 1.0
727 1 10 660 10 9 1.0
728 1 10 660 10 9 1.0
729 1 10 660 10 9 1.0
730 1 10 661 10 9 1.0
731 1 10 661 10 9 1.0
732 1 10 661 10 9 1.0
732 2 8 661 8 7 0.7777777777777778
733 1 10 661 10 9 1.0
734 1 10 661 10 9 1.0
734 2 9 662 9 8 0.8888888888888888
735 1 10 662 10 9 1.0
736 1 10 662 10 9 1.0
737 1 10 663 10 9 1.0
738 1 10 664 10 9 1.0
739 1 10 664 10 9 1.0
739 2 9 664 9 8 0.8888888888888888
740 1 10 664 10 9 1.0
741 1 10 664 10 9 1.0
742 1 10 664 10 9 1.0
742 2 7 664 7 6 0.6666666666666666
743 1 10 664 10 9 1.0
744 1 10 664 10 9 1.0
745 1 10 664 10 9 1.0
746 1 10 664 10 9 1.0
747 1 10 664 10 9 1.0
748 1 10 664 10 9 1.0
749 1 10 664 10 9 1.0
750 1 10 664 10 9 1.0
751 1 10 664 10 9 1.0
752 1 10 664 10 9 1.0
752 2 9 665 9 8 0.8888888888888888
753 1 10 665 10 9 1.0
754 1 10 666 10 9 1.0
755 1 10 666 10 9 1.0
756 1 10 666 10 9 1.0
757 1 10 666 10 9 1.0
758 1 10 666 10 9 1.0
759 1 10 666 10 9 1.0
760 1 10 667 10 9 1.0
760 2 9 667 9 8 0.8888888888888888
761 1 10 668 10 9 1.0
762 1 10 668 10 9 1.0
763 1 10 669 10 9 1.0
764 1 10 669 10 9 1.0
765 1 10 669 10 9 1.0
765 2 9 669 9 8 0.8888888888888888
766 1 9 670 9 8 0.8888888888888888
767 4 3 670 3 2 0.2222222222222222
768 4 3 670 3 2 0.2222222222222222
768 3 6 670 6 5 0.5555555555555556
769 4 3 670 3 2 0.2222222222222222
769 3 6 670 6 5 0.5555555555555556
770 4 3 671 3 2 0.2222222222222222
771 4 3 672 3 2 0.2222222222222222
772 4 3 673 3 2 0.2222222222222222
773 4 3 673 3 2 0.2222222222222222
774 4 3 676 3 2 0.2222222222222222
774 3 6 676 6 5 0.5555555555555556
775 4 3 676 3 2 0.2222222222222222
776 4 3 676 3 2 0.2222222222222222
776 3 6 677 6 5 0.5555555555555556
777 3 6 677 6 5 0.5555555555555556
777 4 3 677 3 2 0.2222222222222222
778 4 3 677 3 2 0.2222222222222222
779 4 3 677 3 2 0.2222222222222222
779 3 6 677 6 5 0.5555555555555556
780 4 3 678 3 2 0.2222222222222222
781 4 3 678 3 2 0.2222222222222222
782 4 3 678 3 2 0.2222222222222222
783 4 3 679 3 2 0.2222222222222222
784 4 3 680 3 2 0.2222222222222222
784 3 6 680 6 5 0.5555555555555556
785 4 3 681 3 2 0.2222222222222222
785 3 6 681 6 5 0.5555555555555556
786 4 3 682 3 2 0.2222222222222222
787 4 3 683 3 2 0.2222222222222222
787 3 6 683 6 5 0.5555555555555556
788 4 3 684 3 2 0.2222222222222222
789 4 3 684 3 2 0.2222222222222222
789 3 6 684 6 5 0.5555555555555556
790 4 3 685 3 2 0.2222222222222222
791 4 3 686 3 2 0.2222222222222222
791 3 6 686 6 5 0.5555555555555556
792 4 3 686 3 2 0.2222222222222222
792 3 6 687 6 5 0.5555555555555556
793 4 3 687 3 2 0.2222222222222222
794 4 3 687 3 2 0.2222222222222222
794 3 6 687 6 5 0.5555555555555556
795 4 3 688 3 2 0.2222222222222222
796 4 3 688 3 2 0.2222222222222222
796 3 6 688 6 5 0.5555555555555556
797 4 3 690 3 2 0.2222222222222222
798 4 3 690 3 2 0.2222222222222222
799 4 3 691 3 2 0.2222222222222222
800 4 3 691 3 2 0.2222222222222222
801 4 3 691 3 2 0.2222222222222222
801 3 6 691 6 5 0.5555555555555556
802 4 3 691 3 2 0.2222222222222222
803 4 3 691 3 2 0.2222222222222222
804 4 3 692 3 2 0.2222222222222222
804 2 10 693 10 9 1.0
804 3 6 694 6 5 0.5555555555555556
805 4 3 694 3 2 0.2222222222222222
805 3 6 694 6 5 0.5555555555555556
806 4 3 694 3 2 0.2222222222222222
806 3 6 694 6 5 0.5555555555555556
807 3 6 696 6 5 0.5555555555555556
807 4 3 696 3 2 0.2222222222222222
808 4 3 697 3 2 0.2222222222222222
808 3 6 697 6 5 0.5555555555555556
809 4 3 698 3 2 0.2222222222222222
809 3 6 698 6 5 0.5555555555555556
810 3 6 700 6 5 0.5555555555555556
810 4 3 700 3 2 0.2222222222222222
811 3 6 701 6 5 0.5555555555555556
811 4 3 701 3 2 0.2222222222222222
812 4 3 701 3 2 0.2222222222222222
813 4 3 704 3 2 0.2222222222222222
813 3 6 704 6 5 0.5555555555555556
814 4 3 704 3 2 0.2222222222222222
815 4 3 705 3 2 0.2222222222222222
815 5 2 705 2 1 0.1111111111111111
815 3 6 705 6 5 0.5555555555555556
816 1 9 705 9 8 0.8888888888888888
817 1 9 706 9 8 0.8888888888888888
818 1 9 706 9 8 0.8888888888888888
819 1 9 708 9 8 0.8888888888888888
820 1 9 708 9 8 0.8888888888888888
821 1 9 708 9 8 0.8888888888888888
822 1 9 708 9 8 0.8888888888888888
823 1 9 708 9 8 0.8888888888888888
824 1 9 708 9 8 0.8888888888888888
825 1 9 708 9 8 0.8888888888888888
825 2 8 709 8 7 0.7777777777777778
826 1 9 709 9 8 0.8888888888888888
827 1 9 710 9 8 0.8888888888888888
828 1 9 710 9 8 0.8888888888888888
829 1 9 710 9 8 0.8888888888888888
830 1 9 711 9 8 0.8888888888888888
831 1 9 712 9 8 0.8888888888888888
832 1 9 713 9 8 0.8888888888888888
833 1 9 713 9 8 0.8888888888888888
834 1 9 713 9 8 0.8888888888888888
835 1 9 713 9 8 0.8888888888888888
836 1 9 713 9 8 0.8888888888888888
837 1 9 713 9 8 0.8888888888888888
838 1 9 713 9 8 0.8888888888888888
839 1 9 713 9 8 0.8888888888888888
840 1 9 713 9 8 0.8888888888888888
841 1 9 713 9 8 0.8888888888888888
841 2 6 714 6 5 0.5555555555555556
842 1 9 714 9 8 0.8888888888888888
843 1 9 714 9 8 0.8888888888888888
843 2 6 714 6 5 0.5555555555555556
844 1 9 714 9 8 0.8888888888888888
845 1 9 714 9 8 0.8888888888888888
846 1 9 714 9 8 0.8888888888888888
847 1 9 714 9 8 0.8888888888888888
848 1 9 714 9 8 0.8888888888888888
849 1 9 714 9 8 0.8888888888888888
849 2 8 714 8 7 0.7777777777777778
850 1 9 714 9 8 0.8888888888888888
851 1 9 715 9 8 0.8888888888888888
852 1 9 717 9 8 0.8888888888888888
853 1 9 717 9 8 0.8888888888888888
854 1 9 717 9 8 0.8888888888888888
855 1 9 719 9 8 0.8888888888888888
856 1 9 721 9 8 0.8888888888888888
857 1 9 721 9 8 0.8888888888888888
858 1 9 721 9 8 0.8888888888888888
859 1 9 721 9 8 0.8888888888888888
860 1 9 721 9 8 0.8888888888888888
861 1 9 721 9 8 0.8888888888888888
862 1 9 721 9 8 0.8888888888888888
863 1 9 721 9 8 0.8888888888888888
863 2 7 722 7 6 0.6666666666666666
864 1 9 722 9 8 0.8888888888888888
864 2 7 722 7 6 0.6666666666666666
865 1 9 723 9 8 0.8888888888888888
866 1 9 723 9 8 0.8888888888888888
867 1 9 723 9 8 0.8888888888888888
868 1 9 723 9 8 0.8888888888888888
869 1 9 723 9 8 0.8888888888888888
870 1 9 723 9 8 0.8888888888888888
871 1 9 723 9 8 0.8888888888888888
872 1 9 723 9 8 0.8888888888888888
873 1 9 725 9 8 0.8888888888888888
874 1 9 725 9 8 0.8888888888888888
875 1 9 725 9 8 0.8888888888888888
875 2 7 725 7 6 0.6666666666666666
876 1 9 726 9 8 0.8888888888888888
877 1 9 726 9 8 0.8888888888888888
878 1 9 726 9 8 0.8888888888888888
879 1 9 726 9 8 0.8888888888888888
879 2 8 726 8 7 0.7777777777777778
880 1 9 727 9 8 0.8888888888888888
881 1 9 727 9 8 0.8888888888888888
882 1 9 727 9 8 0.8888888888888888
883 1 9 728 9 8 0.8888888888888888
883 3 8 728 8 7 0.7777777777777778
884 1 9 728 9 8 0.8888888888888888
885 1 9 728 9 8 0.8888888888888888
885 2 8 728 8 7 0.7777777777777778
886 1 9 728 9 8 0.8888888888888888
887 1 9 728 9 8 0.8888888888888888
888 1 9 730 9 8 0.8888888888888888
889 1 9 730 9 8 0.8888888888888888
890 1 9 730 9 8 0.8888888888888888
891 1 9 730 9 8 0.8888888888888888
892 1 9 730 9 8 0.8888888888888888
893 1 9 730 9 8 0.8888888888888888
894 1 9 730 9 8 0.8888888888888888
894 2 7 730 7 6 0.6666666666666666
895 1 9 730 9 8 0.8888888888888888
895 2 8 730 8 7 0.7777777777777778
896 1 9 730 9 8 0.8888888888888888
897 1 9 730 9 8 0.8888888888888888
898 1 9 732 9 8 0.8888888888888888
899 1 9 732 9 8 0.8888888888888888
900 1 9 732 9 8 0.8888888888888888
901 1 9 732 9 8 0.8888888888888888
902 1 9 732 9 8 0.8888888888888888
903 1 9 732 9 8 0.8888888888888888
904 1 9 733 9 8 0.8888888888888888
905 1 9 733 9 8 0.8888888888888888
906 1 9 735 9 8 0.8888888888888888
907 1 9 735 9 8 0.8888888888888888
908 1 9 735 9 8 0.8888888888888888
909 1 9 736 9 8 0.8888888888888888
910 1 9 737 9 8 0.8888888888888888
910 2 8 737 8 7 0.7777777777777778
911 1 9 737 9 8 0.8888888888888888
912 1 9 737 9 8 0.8888888888888888
913 1 9 737 9 8 0.8888888888888888
914 1 9 737 9 8 0.8888888888888888
915 1 9 738 9 8 0.8888888888888888
915 2 8 738 8 7 0.7777777777777778
916 1 9 740 9 8 0.8888888888888888
917 1 9 741 9 8 0.8888888888888888
918 1 9 741 9 8 0.8888888888888888
919 1 9 742 9 8 0.8888888888888888
920 1 9 742 9 8 0.8888888888888888
921 1 9 742 9 8 0.8888888888888888
922 1 9 743 9 8 0.8888888888888888
923 1 9 743 9 8 0.8888888888888888
924 1 9 744 9 8 0.8888888888888888
925 1 9 744 9 8 0.8888888888888888
926 1 9 745 9 8 0.8888888888888888
927 1 9 745 9 8 0.8888888888888888
927 2 8 745 8 7 0.7777777777777778
928 1 9 745 9 8 0.8888888888888888
929 2 8 745 8 7 0.7777777777777778
929 1 9 745 9 8 0.8888888888888888
930 1 9 745 9 8 0.8888888888888888
931 1 9 746 9 8 0.8888888888888888
932 1 9 746 9 8 0.8888888888888888
933 1 9 746 9 8 0.8888888888888888
934 1 9 747 9 8 0.8888888888888888
935 1 9 748 9 8 0.8888888888888888
936 1 9 748 9 8 0.8888888888888888
937 1 9 748 9 8 0.8888888888888888
938 1 9 748 9 8 0.8888888888888888
939 1 9 748 9 8 0.8888888888888888
940 1 9 748 9 8 0.8888888888888888
941 1 9 749 9 8 0.8888888888888888
942 1 9 749 9 8 0.8888888888888888
942 2 7 749 7 6 0.6666666666666666
943 1 9 749 9 8 0.8888888888888888
944 1 9 749 9 8 0.8888888888888888
945 1 9 749 9 8 0.8888888888888888
945 2 8 749 8 7 0.7777777777777778
946 1 9 749 9 8 0.8888888888888888
947 1 9 751 9 8 0.8888888888888888
948 1 9 751 9 8 0.8888888888888888
949 1 9 752 9 8 0.8888888888888888
950 1 9 752 9 8 0.8888888888888888
951 1 9 752 9 8 0.8888888888888888
952 1 9 752 9 8 0.8888888888888888
953 1 9 753 9 8 0.8888888888888888
954 1 9 753 9 8 0.8888888888888888
955 1 9 753 9 8 0.8888888888888888
955 2 8 753 8 7 0.7777777777777778
956 1 9 753 9 8 0.8888888888888888
957 1 9 753 9 8 0.8888888888888888
958 1 9 753 9 8 0.8888888888888888
958 2 7 753 7 6 0.6666666666666666
959 1 9 753 9 8 0.8888888888888888
960 1 9 753 9 8 0.8888888888888888
961 1 9 753 9 8 0.8888888888888888
961 2 8 753 8 7 0.7777777777777778
962 1 9 753 9 8 0.8888888888888888
963 1 9 754 9 8 0.8888888888888888
964 1 9 755 9 8 0.8888888888888888
965 1 9 755 9 8 0.8888888888888888
966 1 9 755 9 8 0.8888888888888888
967 1 9 755 9 8 0.8888888888888888
968 1 9 756 9 8 0.8888888888888888
969 1 9 757 9 8 0.8888888888888888
970 1 9 758 9 8 0.8888888888888888
971 1 9 758 9 8 0.8888888888888888
972 1 9 758 9 8 0.8888888888888888
973 1 9 759 9 8 0.8888888888888888
974 1 9 759 9 8 0.8888888888888888
975 1 9 759 9 8 0.8888888888888888
976 1 9 759 9 8 0.8888888888888888
977 1 9 760 9 8 0.8888888888888888
978 1 9 760 9 8 0.8888888888888888
979 1 9 760 9 8 0.8888888888888888
980 1 9 760 9 8 0.8888888888888888
981 1 9 760 9 8 0.8888888888888888
982 1 9 760 9 8 0.8888888888888888
983 1 9 761 9 8 0.8888888888888888
984 1 9 761 9 8 0.8888888888888888
985 1 9 761 9 8 0.8888888888888888
986 1 9 761 9 8 0.8888888888888888
987 1 9 761 9 8 0.8888888888888888
988 1 9 761 9 8 0.8888888888888888
989 1 9 761 9 8 0.8888888888888888
990 1 9 763 9 8 0.8888888888888888
991 1 9 763 9 8 0.8888888888888888
991 2 4 763 4 3 0.3333333333333333
992 1 9 763 9 8 0.8888888888888888
993 1 9 763 9 8 0.8888888888888888
994 1 9 763 9 8 0.8888888888888888
995 1 9 763 9 8 0.8888888888888888
996 1 9 763 9 8 0.8888888888888888
997 1 9 763 9 8 0.8888888888888888
998 1 9 763 9 8 0.8888888888888888
999 1 9 763 9 8 0.8888888888888888
1000 1 9 763 9 8 0.8888888888888888
