gen testSuiteSize notKilledMutants number_of_tests no_discount_objective no_equiv_mut_not_killed no_equiv_mut_not_killed_perc
1 2 10 21 10 9 1.0
2 2 10 45 10 9 1.0
3 2 10 45 10 9 1.0
4 2 10 50 10 9 1.0
5 2 10 53 10 9 1.0
6 2 10 55 10 9 1.0
7 2 10 57 10 9 1.0
8 2 10 60 10 9 1.0
9 2 10 62 10 9 1.0
10 2 10 65 10 9 1.0
11 2 10 68 10 9 1.0
12 2 10 70 10 9 1.0
13 2 10 73 10 9 1.0
13 3 9 74 9 8 0.8888888888888888
14 2 10 74 10 9 1.0
15 2 10 75 10 9 1.0
16 2 10 77 10 9 1.0
17 2 10 78 10 9 1.0
18 2 10 80 10 9 1.0
18 3 9 82 9 8 0.8888888888888888
19 2 10 85 10 9 1.0
20 2 10 86 10 9 1.0
21 2 10 87 10 9 1.0
22 2 10 89 10 9 1.0
23 2 10 92 10 9 1.0
24 2 10 95 10 9 1.0
25 2 10 98 10 9 1.0
26 2 10 99 10 9 1.0
27 2 10 100 10 9 1.0
28 2 10 100 10 9 1.0
29 2 10 100 10 9 1.0
30 2 10 102 10 9 1.0
31 2 10 104 10 9 1.0
32 2 10 107 10 9 1.0
33 2 10 109 10 9 1.0
34 2 10 112 10 9 1.0
35 2 10 117 10 9 1.0
36 2 10 118 10 9 1.0
37 2 10 124 10 9 1.0
38 2 10 125 10 9 1.0
39 2 10 127 10 9 1.0
40 2 10 130 10 9 1.0
41 2 10 131 10 9 1.0
42 2 10 133 10 9 1.0
43 2 10 137 10 9 1.0
44 2 10 141 10 9 1.0
45 2 10 144 10 9 1.0
46 2 10 146 10 9 1.0
47 2 10 148 10 9 1.0
48 2 10 148 10 9 1.0
49 2 10 149 10 9 1.0
50 2 10 152 10 9 1.0
50 3 8 153 8 7 0.7777777777777778
51 2 10 154 10 9 1.0
51 3 6 156 6 5 0.5555555555555556
52 2 10 156 10 9 1.0
53 2 10 158 10 9 1.0
54 2 10 159 10 9 1.0
55 2 10 162 10 9 1.0
56 2 10 163 10 9 1.0
57 2 10 166 10 9 1.0
58 2 10 167 10 9 1.0
59 2 10 168 10 9 1.0
60 2 10 169 10 9 1.0
61 2 10 173 10 9 1.0
62 2 10 175 10 9 1.0
63 2 10 179 10 9 1.0
64 2 10 181 10 9 1.0
64 3 8 183 8 7 0.7777777777777778
65 2 10 183 10 9 1.0
66 2 10 188 10 9 1.0
66 3 9 189 9 8 0.8888888888888888
67 2 10 191 10 9 1.0
68 2 10 194 10 9 1.0
69 2 10 194 10 9 1.0
70 2 10 195 10 9 1.0
71 2 10 197 10 9 1.0
72 2 10 199 10 9 1.0
73 2 10 199 10 9 1.0
74 2 9 199 9 8 0.8888888888888888
75 3 6 201 6 5 0.5555555555555556
76 3 6 203 6 5 0.5555555555555556
76 2 10 204 10 9 1.0
77 3 6 204 6 5 0.5555555555555556
78 3 6 206 6 5 0.5555555555555556
79 3 6 206 6 5 0.5555555555555556
80 3 6 206 6 5 0.5555555555555556
81 3 6 210 6 5 0.5555555555555556
81 2 10 212 10 9 1.0
82 3 6 212 6 5 0.5555555555555556
82 2 10 214 10 9 1.0
83 3 6 214 6 5 0.5555555555555556
83 2 10 214 10 9 1.0
84 3 6 216 6 5 0.5555555555555556
85 3 6 216 6 5 0.5555555555555556
86 3 6 219 6 5 0.5555555555555556
87 3 6 220 6 5 0.5555555555555556
88 3 6 223 6 5 0.5555555555555556
89 3 6 225 6 5 0.5555555555555556
89 2 10 225 10 9 1.0
90 2 10 225 10 9 1.0
90 3 5 228 5 4 0.4444444444444444
91 2 9 229 9 8 0.8888888888888888
92 2 9 230 9 8 0.8888888888888888
93 2 9 231 9 8 0.8888888888888888
94 2 9 231 9 8 0.8888888888888888
95 2 9 232 9 8 0.8888888888888888
96 3 8 235 8 7 0.7777777777777778
96 2 9 235 9 8 0.8888888888888888
97 2 9 235 9 8 0.8888888888888888
97 1 10 235 10 9 1.0
98 3 5 235 5 4 0.4444444444444444
99 3 5 236 5 4 0.4444444444444444
99 2 8 236 8 7 0.7777777777777778
100 3 5 236 5 4 0.4444444444444444
101 3 5 236 5 4 0.4444444444444444
102 3 5 238 5 4 0.4444444444444444
103 3 5 241 5 4 0.4444444444444444
104 3 5 245 5 4 0.4444444444444444
105 2 8 246 8 7 0.7777777777777778
105 3 5 246 5 4 0.4444444444444444
106 3 5 247 5 4 0.4444444444444444
107 3 5 247 5 4 0.4444444444444444
107 2 8 247 8 7 0.7777777777777778
108 3 5 247 5 4 0.4444444444444444
109 3 5 248 5 4 0.4444444444444444
110 3 5 249 5 4 0.4444444444444444
110 2 8 251 8 7 0.7777777777777778
111 3 5 252 5 4 0.4444444444444444
112 3 5 252 5 4 0.4444444444444444
112 2 8 252 8 7 0.7777777777777778
113 3 5 252 5 4 0.4444444444444444
114 3 5 253 5 4 0.4444444444444444
115 3 5 256 5 4 0.4444444444444444
115 2 8 257 8 7 0.7777777777777778
116 3 5 257 5 4 0.4444444444444444
117 3 5 260 5 4 0.4444444444444444
117 2 8 261 8 7 0.7777777777777778
118 3 5 261 5 4 0.4444444444444444
119 3 5 262 5 4 0.4444444444444444
120 3 5 265 5 4 0.4444444444444444
120 2 8 267 8 7 0.7777777777777778
121 3 5 267 5 4 0.4444444444444444
121 4 4 268 4 3 0.3333333333333333
121 2 8 269 8 7 0.7777777777777778
122 1 10 270 10 9 1.0
123 1 10 271 10 9 1.0
124 1 10 271 10 9 1.0
125 1 10 273 10 9 1.0
126 1 10 274 10 9 1.0
127 1 10 274 10 9 1.0
128 1 10 275 10 9 1.0
129 1 10 276 10 9 1.0
130 1 10 277 10 9 1.0
131 1 10 278 10 9 1.0
132 1 10 281 10 9 1.0
133 1 10 282 10 9 1.0
134 1 10 283 10 9 1.0
135 1 10 285 10 9 1.0
136 1 10 285 10 9 1.0
137 1 10 286 10 9 1.0
138 1 10 286 10 9 1.0
139 1 10 286 10 9 1.0
140 1 10 286 10 9 1.0
141 1 10 288 10 9 1.0
141 2 9 289 9 8 0.8888888888888888
142 1 10 290 10 9 1.0
143 1 10 290 10 9 1.0
144 2 9 292 9 8 0.8888888888888888
144 1 10 293 10 9 1.0
145 1 10 295 10 9 1.0
146 1 10 295 10 9 1.0
147 1 10 296 10 9 1.0
148 1 10 296 10 9 1.0
149 1 10 298 10 9 1.0
150 1 10 298 10 9 1.0
151 1 10 299 10 9 1.0
152 1 10 301 10 9 1.0
153 1 10 301 10 9 1.0
154 1 10 301 10 9 1.0
154 2 8 302 8 7 0.7777777777777778
155 1 10 302 10 9 1.0
156 1 10 304 10 9 1.0
157 1 10 305 10 9 1.0
158 1 10 306 10 9 1.0
159 1 10 306 10 9 1.0
160 1 10 308 10 9 1.0
161 1 10 309 10 9 1.0
162 1 10 310 10 9 1.0
163 1 10 311 10 9 1.0
164 1 10 312 10 9 1.0
165 3 9 313 9 8 0.8888888888888888
165 1 10 313 10 9 1.0
166 1 10 313 10 9 1.0
167 1 10 314 10 9 1.0
168 1 10 317 10 9 1.0
169 1 10 317 10 9 1.0
170 1 10 319 10 9 1.0
171 1 10 320 10 9 1.0
172 1 10 320 10 9 1.0
172 2 9 320 9 8 0.8888888888888888
173 1 10 320 10 9 1.0
174 1 10 320 10 9 1.0
175 1 10 323 10 9 1.0
176 1 10 323 10 9 1.0
177 1 10 324 10 9 1.0
178 1 10 324 10 9 1.0
179 1 10 325 10 9 1.0
180 1 10 326 10 9 1.0
180 2 9 328 9 8 0.8888888888888888
181 1 10 328 10 9 1.0
182 1 10 328 10 9 1.0
183 1 10 328 10 9 1.0
184 1 10 329 10 9 1.0
185 1 10 329 10 9 1.0
186 1 10 330 10 9 1.0
187 1 10 331 10 9 1.0
188 1 9 334 9 8 0.8888888888888888
189 4 4 334 4 3 0.3333333333333333
190 4 4 336 4 3 0.3333333333333333
191 4 4 336 4 3 0.3333333333333333
191 3 7 338 7 6 0.6666666666666666
192 4 4 338 4 3 0.3333333333333333
193 4 4 339 4 3 0.3333333333333333
193 3 5 339 5 4 0.4444444444444444
194 4 4 341 4 3 0.3333333333333333
194 3 7 341 7 6 0.6666666666666666
195 4 4 344 4 3 0.3333333333333333
195 3 7 345 7 6 0.6666666666666666
196 4 4 346 4 3 0.3333333333333333
197 4 4 350 4 3 0.3333333333333333
197 3 7 351 7 6 0.6666666666666666
198 4 4 351 4 3 0.3333333333333333
198 3 7 351 7 6 0.6666666666666666
199 4 4 352 4 3 0.3333333333333333
200 4 4 354 4 3 0.3333333333333333
200 3 5 358 5 4 0.4444444444444444
201 4 4 358 4 3 0.3333333333333333
201 3 5 358 5 4 0.4444444444444444
202 4 4 360 4 3 0.3333333333333333
202 3 5 360 5 4 0.4444444444444444
203 4 4 360 4 3 0.3333333333333333
203 3 7 361 7 6 0.6666666666666666
204 4 4 361 4 3 0.3333333333333333
205 4 4 363 4 3 0.3333333333333333
205 3 7 364 7 6 0.6666666666666666
206 4 4 364 4 3 0.3333333333333333
207 4 4 366 4 3 0.3333333333333333
208 4 4 366 4 3 0.3333333333333333
208 3 7 366 7 6 0.6666666666666666
209 4 4 366 4 3 0.3333333333333333
209 3 5 366 5 4 0.4444444444444444
210 4 4 370 4 3 0.3333333333333333
211 4 4 374 4 3 0.3333333333333333
211 3 7 375 7 6 0.6666666666666666
212 4 4 376 4 3 0.3333333333333333
212 3 8 376 8 7 0.7777777777777778
213 4 4 380 4 3 0.3333333333333333
213 3 7 382 7 6 0.6666666666666666
214 4 4 384 4 3 0.3333333333333333
214 3 5 384 5 4 0.4444444444444444
215 4 4 384 4 3 0.3333333333333333
215 3 5 384 5 4 0.4444444444444444
216 4 4 391 4 3 0.3333333333333333
216 3 5 392 5 4 0.4444444444444444
217 4 4 392 4 3 0.3333333333333333
218 4 4 394 4 3 0.3333333333333333
218 3 5 394 5 4 0.4444444444444444
219 4 4 394 4 3 0.3333333333333333
220 4 4 397 4 3 0.3333333333333333
220 3 5 398 5 4 0.4444444444444444
221 4 4 398 4 3 0.3333333333333333
222 4 4 401 4 3 0.3333333333333333
223 4 4 402 4 3 0.3333333333333333
223 3 5 402 5 4 0.4444444444444444
224 4 4 402 4 3 0.3333333333333333
224 3 7 402 7 6 0.6666666666666666
225 4 3 402 3 2 0.2222222222222222
225 3 5 402 5 4 0.4444444444444444
226 1 9 402 9 8 0.8888888888888888
227 1 9 403 9 8 0.8888888888888888
228 1 9 403 9 8 0.8888888888888888
229 1 9 405 9 8 0.8888888888888888
230 1 9 405 9 8 0.8888888888888888
231 1 9 405 9 8 0.8888888888888888
232 1 9 405 9 8 0.8888888888888888
233 1 9 405 9 8 0.8888888888888888
234 1 9 405 9 8 0.8888888888888888
235 1 9 405 9 8 0.8888888888888888
236 1 9 405 9 8 0.8888888888888888
237 1 9 406 9 8 0.8888888888888888
238 1 9 407 9 8 0.8888888888888888
239 1 9 408 9 8 0.8888888888888888
240 1 9 408 9 8 0.8888888888888888
241 1 9 408 9 8 0.8888888888888888
242 1 9 409 9 8 0.8888888888888888
243 1 9 409 9 8 0.8888888888888888
243 2 5 409 5 4 0.4444444444444444
244 1 9 410 9 8 0.8888888888888888
245 1 9 412 9 8 0.8888888888888888
246 1 9 412 9 8 0.8888888888888888
247 1 9 414 9 8 0.8888888888888888
248 1 9 415 9 8 0.8888888888888888
249 1 9 416 9 8 0.8888888888888888
250 1 9 416 9 8 0.8888888888888888
251 1 9 417 9 8 0.8888888888888888
252 1 9 417 9 8 0.8888888888888888
252 2 7 417 7 6 0.6666666666666666
253 1 9 417 9 8 0.8888888888888888
254 1 9 418 9 8 0.8888888888888888
255 1 9 418 9 8 0.8888888888888888
256 1 9 419 9 8 0.8888888888888888
257 1 9 420 9 8 0.8888888888888888
258 1 9 421 9 8 0.8888888888888888
259 1 9 421 9 8 0.8888888888888888
260 1 9 422 9 8 0.8888888888888888
261 1 9 422 9 8 0.8888888888888888
262 1 9 422 9 8 0.8888888888888888
263 1 9 423 9 8 0.8888888888888888
264 1 9 423 9 8 0.8888888888888888
265 1 9 423 9 8 0.8888888888888888
266 1 9 423 9 8 0.8888888888888888
267 1 9 423 9 8 0.8888888888888888
268 1 9 423 9 8 0.8888888888888888
269 1 9 424 9 8 0.8888888888888888
270 1 9 424 9 8 0.8888888888888888
271 1 9 424 9 8 0.8888888888888888
272 1 9 425 9 8 0.8888888888888888
273 1 9 426 9 8 0.8888888888888888
274 1 9 427 9 8 0.8888888888888888
275 1 9 428 9 8 0.8888888888888888
276 1 9 429 9 8 0.8888888888888888
277 1 9 429 9 8 0.8888888888888888
278 1 9 429 9 8 0.8888888888888888
279 1 9 430 9 8 0.8888888888888888
280 1 9 430 9 8 0.8888888888888888
281 1 9 430 9 8 0.8888888888888888
282 1 9 432 9 8 0.8888888888888888
283 1 9 432 9 8 0.8888888888888888
284 1 9 432 9 8 0.8888888888888888
285 1 9 432 9 8 0.8888888888888888
286 1 9 433 9 8 0.8888888888888888
287 1 9 434 9 8 0.8888888888888888
288 1 9 434 9 8 0.8888888888888888
288 2 7 436 7 6 0.6666666666666666
289 1 9 436 9 8 0.8888888888888888
290 1 9 437 9 8 0.8888888888888888
291 1 9 437 9 8 0.8888888888888888
292 1 9 439 9 8 0.8888888888888888
293 1 9 439 9 8 0.8888888888888888
294 1 9 439 9 8 0.8888888888888888
295 1 9 440 9 8 0.8888888888888888
296 1 9 440 9 8 0.8888888888888888
297 1 9 441 9 8 0.8888888888888888
298 1 9 442 9 8 0.8888888888888888
299 1 9 443 9 8 0.8888888888888888
300 1 9 444 9 8 0.8888888888888888
301 1 9 445 9 8 0.8888888888888888
302 1 9 445 9 8 0.8888888888888888
303 2 8 447 8 7 0.7777777777777778
303 1 9 447 9 8 0.8888888888888888
304 1 9 448 9 8 0.8888888888888888
305 1 9 449 9 8 0.8888888888888888
306 1 9 449 9 8 0.8888888888888888
307 1 9 449 9 8 0.8888888888888888
308 1 9 449 9 8 0.8888888888888888
309 1 9 451 9 8 0.8888888888888888
310 1 9 452 9 8 0.8888888888888888
311 1 9 453 9 8 0.8888888888888888
312 1 9 453 9 8 0.8888888888888888
313 1 9 453 9 8 0.8888888888888888
314 1 9 453 9 8 0.8888888888888888
315 1 9 454 9 8 0.8888888888888888
316 1 9 454 9 8 0.8888888888888888
317 1 9 454 9 8 0.8888888888888888
318 1 9 455 9 8 0.8888888888888888
319 1 9 457 9 8 0.8888888888888888
320 2 7 457 7 6 0.6666666666666666
320 1 9 457 9 8 0.8888888888888888
321 1 9 457 9 8 0.8888888888888888
322 1 9 457 9 8 0.8888888888888888
322 2 6 457 6 5 0.5555555555555556
323 1 9 458 9 8 0.8888888888888888
324 1 9 458 9 8 0.8888888888888888
325 1 9 458 9 8 0.8888888888888888
325 2 8 458 8 7 0.7777777777777778
326 1 9 459 9 8 0.8888888888888888
326 2 8 459 8 7 0.7777777777777778
327 1 9 459 9 8 0.8888888888888888
328 1 9 459 9 8 0.8888888888888888
329 1 9 459 9 8 0.8888888888888888
330 1 9 459 9 8 0.8888888888888888
331 1 9 460 9 8 0.8888888888888888
332 1 9 461 9 8 0.8888888888888888
333 1 9 462 9 8 0.8888888888888888
333 2 8 464 8 7 0.7777777777777778
334 1 9 464 9 8 0.8888888888888888
335 1 9 464 9 8 0.8888888888888888
336 1 9 465 9 8 0.8888888888888888
337 1 9 465 9 8 0.8888888888888888
338 1 9 465 9 8 0.8888888888888888
339 1 9 465 9 8 0.8888888888888888
340 1 9 465 9 8 0.8888888888888888
341 1 9 466 9 8 0.8888888888888888
342 1 9 468 9 8 0.8888888888888888
343 1 9 469 9 8 0.8888888888888888
344 1 9 470 9 8 0.8888888888888888
345 1 9 470 9 8 0.8888888888888888
346 1 9 470 9 8 0.8888888888888888
347 1 9 470 9 8 0.8888888888888888
348 1 9 470 9 8 0.8888888888888888
349 1 9 470 9 8 0.8888888888888888
350 1 9 471 9 8 0.8888888888888888
351 1 9 471 9 8 0.8888888888888888
352 1 9 472 9 8 0.8888888888888888
353 1 9 475 9 8 0.8888888888888888
354 1 9 475 9 8 0.8888888888888888
354 2 5 475 5 4 0.4444444444444444
355 1 9 475 9 8 0.8888888888888888
356 1 9 477 9 8 0.8888888888888888
357 1 9 478 9 8 0.8888888888888888
358 1 9 478 9 8 0.8888888888888888
359 1 9 480 9 8 0.8888888888888888
360 1 9 480 9 8 0.8888888888888888
361 1 9 480 9 8 0.8888888888888888
362 1 9 481 9 8 0.8888888888888888
363 1 9 481 9 8 0.8888888888888888
364 1 9 481 9 8 0.8888888888888888
364 2 8 481 8 7 0.7777777777777778
365 1 9 481 9 8 0.8888888888888888
366 1 9 483 9 8 0.8888888888888888
367 1 9 483 9 8 0.8888888888888888
368 1 9 485 9 8 0.8888888888888888
369 1 9 485 9 8 0.8888888888888888
370 1 9 486 9 8 0.8888888888888888
371 1 9 487 9 8 0.8888888888888888
372 1 9 487 9 8 0.8888888888888888
373 1 9 488 9 8 0.8888888888888888
373 2 8 488 8 7 0.7777777777777778
374 1 9 488 9 8 0.8888888888888888
375 1 9 489 9 8 0.8888888888888888
376 1 9 489 9 8 0.8888888888888888
377 1 9 491 9 8 0.8888888888888888
378 1 9 491 9 8 0.8888888888888888
378 2 8 491 8 7 0.7777777777777778
379 1 9 491 9 8 0.8888888888888888
379 2 7 492 7 6 0.6666666666666666
380 1 9 492 9 8 0.8888888888888888
381 1 9 492 9 8 0.8888888888888888
382 1 9 492 9 8 0.8888888888888888
383 1 9 492 9 8 0.8888888888888888
384 1 9 492 9 8 0.8888888888888888
385 1 9 492 9 8 0.8888888888888888
386 1 9 492 9 8 0.8888888888888888
387 1 9 492 9 8 0.8888888888888888
387 2 6 492 6 5 0.5555555555555556
388 1 9 492 9 8 0.8888888888888888
389 1 9 493 9 8 0.8888888888888888
390 1 9 493 9 8 0.8888888888888888
391 1 9 493 9 8 0.8888888888888888
392 1 9 493 9 8 0.8888888888888888
393 1 9 493 9 8 0.8888888888888888
394 1 9 493 9 8 0.8888888888888888
395 1 9 493 9 8 0.8888888888888888
396 1 9 493 9 8 0.8888888888888888
397 1 9 493 9 8 0.8888888888888888
398 1 9 493 9 8 0.8888888888888888
399 1 9 495 9 8 0.8888888888888888
400 1 9 496 9 8 0.8888888888888888
401 1 9 496 9 8 0.8888888888888888
402 1 9 498 9 8 0.8888888888888888
403 1 9 498 9 8 0.8888888888888888
404 1 9 499 9 8 0.8888888888888888
405 1 9 499 9 8 0.8888888888888888
406 1 9 502 9 8 0.8888888888888888
406 2 7 502 7 6 0.6666666666666666
407 1 9 502 9 8 0.8888888888888888
408 1 9 502 9 8 0.8888888888888888
409 1 9 502 9 8 0.8888888888888888
409 2 8 502 8 7 0.7777777777777778
410 1 9 502 9 8 0.8888888888888888
411 1 9 502 9 8 0.8888888888888888
412 1 9 502 9 8 0.8888888888888888
413 1 9 502 9 8 0.8888888888888888
413 2 6 502 6 5 0.5555555555555556
414 1 9 503 9 8 0.8888888888888888
415 1 9 503 9 8 0.8888888888888888
416 1 9 504 9 8 0.8888888888888888
417 1 9 505 9 8 0.8888888888888888
418 1 9 505 9 8 0.8888888888888888
418 2 5 505 5 4 0.4444444444444444
419 1 9 505 9 8 0.8888888888888888
420 1 9 507 9 8 0.8888888888888888
421 1 9 507 9 8 0.8888888888888888
422 1 9 508 9 8 0.8888888888888888
423 1 9 508 9 8 0.8888888888888888
424 1 9 508 9 8 0.8888888888888888
425 1 9 509 9 8 0.8888888888888888
426 1 9 509 9 8 0.8888888888888888
427 1 9 509 9 8 0.8888888888888888
428 1 9 509 9 8 0.8888888888888888
428 2 8 509 8 7 0.7777777777777778
429 1 9 509 9 8 0.8888888888888888
430 1 9 509 9 8 0.8888888888888888
431 1 9 509 9 8 0.8888888888888888
431 2 8 510 8 7 0.7777777777777778
432 1 9 510 9 8 0.8888888888888888
433 1 9 510 9 8 0.8888888888888888
434 1 9 510 9 8 0.8888888888888888
435 1 9 511 9 8 0.8888888888888888
436 1 9 511 9 8 0.8888888888888888
437 1 9 511 9 8 0.8888888888888888
438 1 9 511 9 8 0.8888888888888888
439 1 9 511 9 8 0.8888888888888888
440 1 9 511 9 8 0.8888888888888888
440 2 7 512 7 6 0.6666666666666666
441 1 9 513 9 8 0.8888888888888888
442 1 9 513 9 8 0.8888888888888888
443 1 9 513 9 8 0.8888888888888888
444 1 9 513 9 8 0.8888888888888888
444 2 7 513 7 6 0.6666666666666666
445 1 9 513 9 8 0.8888888888888888
446 1 9 514 9 8 0.8888888888888888
447 1 9 514 9 8 0.8888888888888888
448 1 9 514 9 8 0.8888888888888888
449 1 9 514 9 8 0.8888888888888888
450 1 9 514 9 8 0.8888888888888888
451 1 9 515 9 8 0.8888888888888888
452 1 9 515 9 8 0.8888888888888888
453 1 9 516 9 8 0.8888888888888888
454 1 9 516 9 8 0.8888888888888888
455 1 9 516 9 8 0.8888888888888888
456 1 9 516 9 8 0.8888888888888888
457 1 9 516 9 8 0.8888888888888888
458 1 9 516 9 8 0.8888888888888888
459 1 9 516 9 8 0.8888888888888888
460 1 9 518 9 8 0.8888888888888888
461 1 9 518 9 8 0.8888888888888888
462 1 9 518 9 8 0.8888888888888888
463 1 9 518 9 8 0.8888888888888888
464 1 9 518 9 8 0.8888888888888888
465 1 9 518 9 8 0.8888888888888888
466 1 9 519 9 8 0.8888888888888888
467 1 9 519 9 8 0.8888888888888888
468 1 9 519 9 8 0.8888888888888888
469 1 9 519 9 8 0.8888888888888888
470 1 9 520 9 8 0.8888888888888888
471 1 9 520 9 8 0.8888888888888888
472 1 9 520 9 8 0.8888888888888888
473 1 9 520 9 8 0.8888888888888888
474 1 9 521 9 8 0.8888888888888888
475 1 9 523 9 8 0.8888888888888888
476 1 9 524 9 8 0.8888888888888888
477 1 9 524 9 8 0.8888888888888888
478 1 9 526 9 8 0.8888888888888888
479 1 9 526 9 8 0.8888888888888888
480 1 9 526 9 8 0.8888888888888888
481 1 9 527 9 8 0.8888888888888888
482 1 9 527 9 8 0.8888888888888888
483 1 9 527 9 8 0.8888888888888888
483 2 8 528 8 7 0.7777777777777778
484 1 9 528 9 8 0.8888888888888888
485 1 9 528 9 8 0.8888888888888888
486 1 9 528 9 8 0.8888888888888888
487 1 9 528 9 8 0.8888888888888888
488 1 9 528 9 8 0.8888888888888888
489 1 9 530 9 8 0.8888888888888888
490 1 9 530 9 8 0.8888888888888888
491 1 9 530 9 8 0.8888888888888888
492 1 9 530 9 8 0.8888888888888888
492 2 8 530 8 7 0.7777777777777778
493 1 9 532 9 8 0.8888888888888888
494 1 9 532 9 8 0.8888888888888888
495 1 9 532 9 8 0.8888888888888888
496 1 9 532 9 8 0.8888888888888888
497 1 9 532 9 8 0.8888888888888888
498 1 9 533 9 8 0.8888888888888888
499 1 9 533 9 8 0.8888888888888888
500 1 9 533 9 8 0.8888888888888888
501 2 5 536 5 4 0.4444444444444444
501 1 9 536 9 8 0.8888888888888888
502 1 9 536 9 8 0.8888888888888888
503 1 9 536 9 8 0.8888888888888888
504 1 9 536 9 8 0.8888888888888888
505 1 9 536 9 8 0.8888888888888888
506 1 9 537 9 8 0.8888888888888888
507 1 9 537 9 8 0.8888888888888888
508 1 9 537 9 8 0.8888888888888888
509 1 9 537 9 8 0.8888888888888888
510 1 9 538 9 8 0.8888888888888888
510 2 8 539 8 7 0.7777777777777778
511 1 9 539 9 8 0.8888888888888888
512 1 9 540 9 8 0.8888888888888888
513 1 9 541 9 8 0.8888888888888888
514 1 9 541 9 8 0.8888888888888888
514 2 7 541 7 6 0.6666666666666666
515 1 9 541 9 8 0.8888888888888888
516 1 9 541 9 8 0.8888888888888888
517 1 9 542 9 8 0.8888888888888888
518 1 9 543 9 8 0.8888888888888888
519 1 9 545 9 8 0.8888888888888888
519 3 6 548 6 5 0.5555555555555556
520 1 9 548 9 8 0.8888888888888888
521 1 9 549 9 8 0.8888888888888888
521 2 8 549 8 7 0.7777777777777778
522 1 9 549 9 8 0.8888888888888888
523 1 9 549 9 8 0.8888888888888888
524 1 9 549 9 8 0.8888888888888888
525 1 9 549 9 8 0.8888888888888888
526 1 9 550 9 8 0.8888888888888888
527 1 9 550 9 8 0.8888888888888888
528 1 9 551 9 8 0.8888888888888888
529 1 9 551 9 8 0.8888888888888888
530 1 9 552 9 8 0.8888888888888888
531 1 9 553 9 8 0.8888888888888888
532 1 9 553 9 8 0.8888888888888888
533 1 9 553 9 8 0.8888888888888888
533 2 8 554 8 7 0.7777777777777778
534 1 9 554 9 8 0.8888888888888888
535 1 9 554 9 8 0.8888888888888888
536 1 9 555 9 8 0.8888888888888888
537 1 9 557 9 8 0.8888888888888888
538 1 9 557 9 8 0.8888888888888888
539 1 9 557 9 8 0.8888888888888888
539 2 8 557 8 7 0.7777777777777778
540 1 9 557 9 8 0.8888888888888888
541 1 9 558 9 8 0.8888888888888888
542 1 9 558 9 8 0.8888888888888888
543 1 9 558 9 8 0.8888888888888888
543 2 8 558 8 7 0.7777777777777778
544 1 9 558 9 8 0.8888888888888888
545 1 9 559 9 8 0.8888888888888888
546 1 9 559 9 8 0.8888888888888888
547 1 9 559 9 8 0.8888888888888888
548 1 9 560 9 8 0.8888888888888888
548 2 8 561 8 7 0.7777777777777778
549 1 9 561 9 8 0.8888888888888888
550 1 9 561 9 8 0.8888888888888888
551 1 9 561 9 8 0.8888888888888888
552 1 9 561 9 8 0.8888888888888888
553 1 9 562 9 8 0.8888888888888888
554 1 9 562 9 8 0.8888888888888888
555 1 9 562 9 8 0.8888888888888888
556 1 9 563 9 8 0.8888888888888888
557 1 9 564 9 8 0.8888888888888888
558 1 9 564 9 8 0.8888888888888888
559 1 9 564 9 8 0.8888888888888888
560 1 9 565 9 8 0.8888888888888888
561 1 9 565 9 8 0.8888888888888888
562 1 9 565 9 8 0.8888888888888888
563 1 9 565 9 8 0.8888888888888888
564 1 9 565 9 8 0.8888888888888888
565 1 9 565 9 8 0.8888888888888888
566 1 9 565 9 8 0.8888888888888888
567 1 9 565 9 8 0.8888888888888888
568 1 9 566 9 8 0.8888888888888888
569 1 9 567 9 8 0.8888888888888888
570 1 9 568 9 8 0.8888888888888888
571 1 9 568 9 8 0.8888888888888888
572 1 9 570 9 8 0.8888888888888888
573 1 9 570 9 8 0.8888888888888888
574 1 9 570 9 8 0.8888888888888888
575 1 9 571 9 8 0.8888888888888888
576 1 9 573 9 8 0.8888888888888888
577 1 9 574 9 8 0.8888888888888888
578 1 9 574 9 8 0.8888888888888888
579 1 9 574 9 8 0.8888888888888888
580 1 9 574 9 8 0.8888888888888888
581 1 9 575 9 8 0.8888888888888888
582 1 9 576 9 8 0.8888888888888888
583 1 9 576 9 8 0.8888888888888888
584 1 9 576 9 8 0.8888888888888888
585 1 9 577 9 8 0.8888888888888888
586 1 9 577 9 8 0.8888888888888888
587 1 9 577 9 8 0.8888888888888888
587 2 8 577 8 7 0.7777777777777778
588 1 9 577 9 8 0.8888888888888888
589 1 9 577 9 8 0.8888888888888888
590 1 9 577 9 8 0.8888888888888888
591 1 9 577 9 8 0.8888888888888888
592 1 9 577 9 8 0.8888888888888888
593 1 9 578 9 8 0.8888888888888888
594 1 9 578 9 8 0.8888888888888888
595 1 9 579 9 8 0.8888888888888888
596 1 9 580 9 8 0.8888888888888888
597 1 9 580 9 8 0.8888888888888888
598 1 9 580 9 8 0.8888888888888888
599 1 9 581 9 8 0.8888888888888888
600 1 9 581 9 8 0.8888888888888888
601 1 9 581 9 8 0.8888888888888888
602 1 9 581 9 8 0.8888888888888888
603 1 9 581 9 8 0.8888888888888888
604 1 9 583 9 8 0.8888888888888888
605 1 9 583 9 8 0.8888888888888888
606 1 9 583 9 8 0.8888888888888888
607 1 9 584 9 8 0.8888888888888888
608 1 9 584 9 8 0.8888888888888888
609 1 9 584 9 8 0.8888888888888888
610 1 9 584 9 8 0.8888888888888888
610 2 4 584 4 3 0.3333333333333333
611 1 9 585 9 8 0.8888888888888888
612 1 9 585 9 8 0.8888888888888888
613 1 9 586 9 8 0.8888888888888888
614 1 9 586 9 8 0.8888888888888888
615 1 9 586 9 8 0.8888888888888888
615 2 5 586 5 4 0.4444444444444444
616 1 9 586 9 8 0.8888888888888888
617 1 9 586 9 8 0.8888888888888888
618 1 9 586 9 8 0.8888888888888888
619 1 9 586 9 8 0.8888888888888888
620 1 9 586 9 8 0.8888888888888888
621 1 9 588 9 8 0.8888888888888888
622 1 9 588 9 8 0.8888888888888888
623 1 9 588 9 8 0.8888888888888888
624 1 9 589 9 8 0.8888888888888888
625 1 9 590 9 8 0.8888888888888888
626 1 9 590 9 8 0.8888888888888888
627 1 9 590 9 8 0.8888888888888888
628 1 9 590 9 8 0.8888888888888888
629 1 9 590 9 8 0.8888888888888888
630 1 9 590 9 8 0.8888888888888888
631 1 9 590 9 8 0.8888888888888888
632 1 9 590 9 8 0.8888888888888888
633 1 9 590 9 8 0.8888888888888888
634 1 9 590 9 8 0.8888888888888888
635 1 9 590 9 8 0.8888888888888888
636 1 9 591 9 8 0.8888888888888888
637 1 9 591 9 8 0.8888888888888888
638 1 9 591 9 8 0.8888888888888888
639 1 9 591 9 8 0.8888888888888888
640 1 9 594 9 8 0.8888888888888888
641 1 9 595 9 8 0.8888888888888888
642 1 9 595 9 8 0.8888888888888888
643 1 9 596 9 8 0.8888888888888888
644 1 9 596 9 8 0.8888888888888888
645 1 9 596 9 8 0.8888888888888888
646 1 9 596 9 8 0.8888888888888888
647 1 9 596 9 8 0.8888888888888888
648 1 9 596 9 8 0.8888888888888888
649 1 9 596 9 8 0.8888888888888888
650 1 9 597 9 8 0.8888888888888888
651 1 9 598 9 8 0.8888888888888888
652 1 9 598 9 8 0.8888888888888888
653 1 9 598 9 8 0.8888888888888888
654 1 9 599 9 8 0.8888888888888888
655 1 9 599 9 8 0.8888888888888888
656 1 9 599 9 8 0.8888888888888888
657 1 9 600 9 8 0.8888888888888888
657 2 7 600 7 6 0.6666666666666666
658 1 9 600 9 8 0.8888888888888888
659 1 9 600 9 8 0.8888888888888888
660 1 9 600 9 8 0.8888888888888888
661 1 9 600 9 8 0.8888888888888888
662 1 9 601 9 8 0.8888888888888888
663 1 9 601 9 8 0.8888888888888888
664 1 9 602 9 8 0.8888888888888888
665 1 9 602 9 8 0.8888888888888888
666 1 9 602 9 8 0.8888888888888888
667 1 9 603 9 8 0.8888888888888888
668 1 9 605 9 8 0.8888888888888888
669 1 9 605 9 8 0.8888888888888888
670 2 7 605 7 6 0.6666666666666666
670 1 9 605 9 8 0.8888888888888888
671 1 9 605 9 8 0.8888888888888888
672 1 9 605 9 8 0.8888888888888888
673 1 9 605 9 8 0.8888888888888888
674 1 9 605 9 8 0.8888888888888888
675 1 9 606 9 8 0.8888888888888888
676 1 9 608 9 8 0.8888888888888888
677 1 9 608 9 8 0.8888888888888888
678 2 8 611 8 7 0.7777777777777778
678 1 9 612 9 8 0.8888888888888888
679 1 9 612 9 8 0.8888888888888888
680 1 9 614 9 8 0.8888888888888888
681 1 9 614 9 8 0.8888888888888888
682 1 9 614 9 8 0.8888888888888888
683 1 9 615 9 8 0.8888888888888888
684 1 9 615 9 8 0.8888888888888888
684 2 6 615 6 5 0.5555555555555556
685 1 9 615 9 8 0.8888888888888888
686 1 9 615 9 8 0.8888888888888888
687 1 9 615 9 8 0.8888888888888888
688 1 9 615 9 8 0.8888888888888888
688 2 6 615 6 5 0.5555555555555556
689 1 9 615 9 8 0.8888888888888888
690 1 9 615 9 8 0.8888888888888888
691 1 9 616 9 8 0.8888888888888888
692 2 7 617 7 6 0.6666666666666666
692 1 9 617 9 8 0.8888888888888888
693 1 9 618 9 8 0.8888888888888888
694 1 9 618 9 8 0.8888888888888888
695 1 9 619 9 8 0.8888888888888888
696 1 9 619 9 8 0.8888888888888888
697 1 9 619 9 8 0.8888888888888888
697 2 7 619 7 6 0.6666666666666666
698 1 9 619 9 8 0.8888888888888888
699 1 9 619 9 8 0.8888888888888888
700 1 9 619 9 8 0.8888888888888888
701 1 9 620 9 8 0.8888888888888888
702 2 6 620 6 5 0.5555555555555556
702 1 9 620 9 8 0.8888888888888888
703 1 9 620 9 8 0.8888888888888888
703 2 8 622 8 7 0.7777777777777778
704 1 9 622 9 8 0.8888888888888888
705 1 9 622 9 8 0.8888888888888888
705 2 8 623 8 7 0.7777777777777778
706 1 9 623 9 8 0.8888888888888888
707 1 9 623 9 8 0.8888888888888888
708 1 9 623 9 8 0.8888888888888888
709 1 9 624 9 8 0.8888888888888888
709 2 6 624 6 5 0.5555555555555556
710 1 9 624 9 8 0.8888888888888888
711 1 9 625 9 8 0.8888888888888888
712 1 9 625 9 8 0.8888888888888888
712 2 7 625 7 6 0.6666666666666666
713 1 9 625 9 8 0.8888888888888888
714 1 9 625 9 8 0.8888888888888888
715 1 9 625 9 8 0.8888888888888888
716 1 9 625 9 8 0.8888888888888888
717 1 9 625 9 8 0.8888888888888888
718 1 9 625 9 8 0.8888888888888888
718 2 8 625 8 7 0.7777777777777778
719 1 9 625 9 8 0.8888888888888888
720 1 9 625 9 8 0.8888888888888888
721 1 9 625 9 8 0.8888888888888888
722 1 9 626 9 8 0.8888888888888888
723 1 9 626 9 8 0.8888888888888888
724 1 9 626 9 8 0.8888888888888888
725 1 9 626 9 8 0.8888888888888888
726 1 9 626 9 8 0.8888888888888888
727 1 9 626 9 8 0.8888888888888888
728 1 9 626 9 8 0.8888888888888888
729 1 9 626 9 8 0.8888888888888888
730 1 9 626 9 8 0.8888888888888888
731 1 9 626 9 8 0.8888888888888888
732 1 9 626 9 8 0.8888888888888888
733 1 9 628 9 8 0.8888888888888888
734 1 9 628 9 8 0.8888888888888888
734 2 8 628 8 7 0.7777777777777778
735 1 9 628 9 8 0.8888888888888888
736 1 9 628 9 8 0.8888888888888888
737 1 9 628 9 8 0.8888888888888888
738 1 9 628 9 8 0.8888888888888888
739 1 9 628 9 8 0.8888888888888888
740 1 9 629 9 8 0.8888888888888888
741 1 9 629 9 8 0.8888888888888888
742 1 9 629 9 8 0.8888888888888888
743 1 9 629 9 8 0.8888888888888888
744 1 9 629 9 8 0.8888888888888888
745 1 9 629 9 8 0.8888888888888888
746 1 9 630 9 8 0.8888888888888888
747 1 9 630 9 8 0.8888888888888888
748 1 9 630 9 8 0.8888888888888888
749 1 9 630 9 8 0.8888888888888888
750 1 9 630 9 8 0.8888888888888888
751 1 9 630 9 8 0.8888888888888888
752 1 9 631 9 8 0.8888888888888888
753 1 9 631 9 8 0.8888888888888888
754 1 9 632 9 8 0.8888888888888888
754 2 7 632 7 6 0.6666666666666666
755 1 9 632 9 8 0.8888888888888888
755 2 4 632 4 3 0.3333333333333333
756 1 9 632 9 8 0.8888888888888888
756 2 7 632 7 6 0.6666666666666666
757 1 9 632 9 8 0.8888888888888888
757 2 8 633 8 7 0.7777777777777778
758 1 9 633 9 8 0.8888888888888888
759 1 9 633 9 8 0.8888888888888888
760 1 9 634 9 8 0.8888888888888888
761 1 9 635 9 8 0.8888888888888888
762 1 9 635 9 8 0.8888888888888888
763 1 9 635 9 8 0.8888888888888888
764 1 9 635 9 8 0.8888888888888888
764 2 8 635 8 7 0.7777777777777778
765 1 9 635 9 8 0.8888888888888888
766 1 9 635 9 8 0.8888888888888888
767 1 9 636 9 8 0.8888888888888888
768 1 9 637 9 8 0.8888888888888888
769 1 9 637 9 8 0.8888888888888888
770 1 9 637 9 8 0.8888888888888888
770 2 8 637 8 7 0.7777777777777778
771 1 9 637 9 8 0.8888888888888888
772 1 9 637 9 8 0.8888888888888888
773 1 9 637 9 8 0.8888888888888888
774 1 9 637 9 8 0.8888888888888888
775 1 9 638 9 8 0.8888888888888888
776 1 9 638 9 8 0.8888888888888888
777 1 9 638 9 8 0.8888888888888888
778 1 9 638 9 8 0.8888888888888888
779 1 9 638 9 8 0.8888888888888888
779 2 7 638 7 6 0.6666666666666666
780 1 9 638 9 8 0.8888888888888888
781 1 9 638 9 8 0.8888888888888888
782 1 9 639 9 8 0.8888888888888888
782 2 8 639 8 7 0.7777777777777778
783 1 9 639 9 8 0.8888888888888888
784 1 9 639 9 8 0.8888888888888888
785 1 9 640 9 8 0.8888888888888888
785 2 6 640 6 5 0.5555555555555556
786 1 9 640 9 8 0.8888888888888888
787 1 9 640 9 8 0.8888888888888888
788 1 9 640 9 8 0.8888888888888888
789 1 9 640 9 8 0.8888888888888888
790 1 9 641 9 8 0.8888888888888888
791 1 9 641 9 8 0.8888888888888888
792 1 9 641 9 8 0.8888888888888888
793 1 9 641 9 8 0.8888888888888888
794 1 9 642 9 8 0.8888888888888888
795 1 9 642 9 8 0.8888888888888888
796 1 9 642 9 8 0.8888888888888888
797 1 9 643 9 8 0.8888888888888888
798 1 9 643 9 8 0.8888888888888888
799 1 9 643 9 8 0.8888888888888888
800 1 9 643 9 8 0.8888888888888888
801 1 9 643 9 8 0.8888888888888888
802 1 9 643 9 8 0.8888888888888888
803 1 9 643 9 8 0.8888888888888888
804 1 9 643 9 8 0.8888888888888888
805 1 9 644 9 8 0.8888888888888888
806 1 9 644 9 8 0.8888888888888888
807 1 9 644 9 8 0.8888888888888888
808 1 9 644 9 8 0.8888888888888888
809 1 9 644 9 8 0.8888888888888888
810 1 9 644 9 8 0.8888888888888888
810 2 8 644 8 7 0.7777777777777778
811 1 9 644 9 8 0.8888888888888888
812 1 9 644 9 8 0.8888888888888888
813 1 9 644 9 8 0.8888888888888888
814 1 9 644 9 8 0.8888888888888888
815 1 9 645 9 8 0.8888888888888888
816 1 9 646 9 8 0.8888888888888888
817 1 9 646 9 8 0.8888888888888888
818 1 9 646 9 8 0.8888888888888888
819 1 9 646 9 8 0.8888888888888888
820 1 9 647 9 8 0.8888888888888888
821 1 9 647 9 8 0.8888888888888888
822 1 9 647 9 8 0.8888888888888888
823 1 9 647 9 8 0.8888888888888888
824 1 9 648 9 8 0.8888888888888888
825 1 9 648 9 8 0.8888888888888888
826 1 9 648 9 8 0.8888888888888888
826 2 6 648 6 5 0.5555555555555556
827 1 9 648 9 8 0.8888888888888888
828 1 9 648 9 8 0.8888888888888888
829 1 9 649 9 8 0.8888888888888888
830 1 9 649 9 8 0.8888888888888888
830 2 8 649 8 7 0.7777777777777778
831 1 9 649 9 8 0.8888888888888888
832 1 9 649 9 8 0.8888888888888888
833 1 9 650 9 8 0.8888888888888888
834 1 9 650 9 8 0.8888888888888888
835 1 9 650 9 8 0.8888888888888888
836 1 9 650 9 8 0.8888888888888888
836 2 6 650 6 5 0.5555555555555556
837 1 9 651 9 8 0.8888888888888888
838 1 9 652 9 8 0.8888888888888888
839 1 9 652 9 8 0.8888888888888888
840 1 9 652 9 8 0.8888888888888888
841 1 9 652 9 8 0.8888888888888888
842 1 9 652 9 8 0.8888888888888888
843 1 9 652 9 8 0.8888888888888888
844 1 9 652 9 8 0.8888888888888888
845 1 9 652 9 8 0.8888888888888888
846 1 9 652 9 8 0.8888888888888888
847 1 9 652 9 8 0.8888888888888888
848 1 9 652 9 8 0.8888888888888888
849 1 9 652 9 8 0.8888888888888888
850 1 9 652 9 8 0.8888888888888888
851 1 9 652 9 8 0.8888888888888888
852 1 9 652 9 8 0.8888888888888888
853 1 9 652 9 8 0.8888888888888888
854 1 9 652 9 8 0.8888888888888888
855 1 9 654 9 8 0.8888888888888888
856 1 9 654 9 8 0.8888888888888888
857 1 9 654 9 8 0.8888888888888888
858 1 9 654 9 8 0.8888888888888888
859 1 9 654 9 8 0.8888888888888888
860 1 9 655 9 8 0.8888888888888888
861 1 9 655 9 8 0.8888888888888888
862 1 9 655 9 8 0.8888888888888888
863 1 9 657 9 8 0.8888888888888888
864 1 9 657 9 8 0.8888888888888888
865 1 9 657 9 8 0.8888888888888888
866 2 4 657 4 3 0.3333333333333333
866 1 9 657 9 8 0.8888888888888888
867 1 9 657 9 8 0.8888888888888888
868 1 9 657 9 8 0.8888888888888888
869 1 9 658 9 8 0.8888888888888888
870 1 9 658 9 8 0.8888888888888888
871 1 9 658 9 8 0.8888888888888888
871 3 7 658 7 6 0.6666666666666666
872 1 9 658 9 8 0.8888888888888888
873 1 9 659 9 8 0.8888888888888888
874 1 9 659 9 8 0.8888888888888888
875 1 9 659 9 8 0.8888888888888888
876 1 9 659 9 8 0.8888888888888888
876 2 8 659 8 7 0.7777777777777778
877 1 9 659 9 8 0.8888888888888888
878 1 9 659 9 8 0.8888888888888888
879 1 9 659 9 8 0.8888888888888888
880 1 9 659 9 8 0.8888888888888888
881 1 9 659 9 8 0.8888888888888888
882 1 9 659 9 8 0.8888888888888888
883 1 9 659 9 8 0.8888888888888888
884 1 9 659 9 8 0.8888888888888888
885 1 9 660 9 8 0.8888888888888888
886 1 9 661 9 8 0.8888888888888888
887 1 9 661 9 8 0.8888888888888888
887 2 8 661 8 7 0.7777777777777778
888 1 9 661 9 8 0.8888888888888888
889 1 9 661 9 8 0.8888888888888888
890 1 9 661 9 8 0.8888888888888888
891 1 9 661 9 8 0.8888888888888888
892 2 6 661 6 5 0.5555555555555556
892 1 9 661 9 8 0.8888888888888888
893 1 9 661 9 8 0.8888888888888888
894 1 9 661 9 8 0.8888888888888888
895 1 9 661 9 8 0.8888888888888888
896 1 9 661 9 8 0.8888888888888888
897 1 9 661 9 8 0.8888888888888888
898 1 9 661 9 8 0.8888888888888888
899 1 9 661 9 8 0.8888888888888888
899 2 8 661 8 7 0.7777777777777778
900 1 9 661 9 8 0.8888888888888888
901 1 9 661 9 8 0.8888888888888888
902 1 9 661 9 8 0.8888888888888888
903 1 9 661 9 8 0.8888888888888888
904 1 9 661 9 8 0.8888888888888888
905 1 9 661 9 8 0.8888888888888888
906 1 9 662 9 8 0.8888888888888888
906 2 4 662 4 3 0.3333333333333333
907 1 9 662 9 8 0.8888888888888888
908 1 9 662 9 8 0.8888888888888888
909 1 9 662 9 8 0.8888888888888888
910 1 9 662 9 8 0.8888888888888888
911 1 9 662 9 8 0.8888888888888888
912 1 9 662 9 8 0.8888888888888888
913 1 9 662 9 8 0.8888888888888888
914 1 9 662 9 8 0.8888888888888888
915 1 9 662 9 8 0.8888888888888888
916 1 9 662 9 8 0.8888888888888888
917 1 9 663 9 8 0.8888888888888888
918 1 9 664 9 8 0.8888888888888888
919 1 9 664 9 8 0.8888888888888888
920 1 9 664 9 8 0.8888888888888888
921 1 9 664 9 8 0.8888888888888888
922 1 9 664 9 8 0.8888888888888888
923 1 9 665 9 8 0.8888888888888888
924 1 9 665 9 8 0.8888888888888888
924 2 5 665 5 4 0.4444444444444444
925 1 9 665 9 8 0.8888888888888888
926 1 9 666 9 8 0.8888888888888888
927 1 9 666 9 8 0.8888888888888888
928 1 9 666 9 8 0.8888888888888888
929 1 9 666 9 8 0.8888888888888888
930 1 9 666 9 8 0.8888888888888888
931 1 9 667 9 8 0.8888888888888888
932 1 9 668 9 8 0.8888888888888888
933 1 9 668 9 8 0.8888888888888888
934 1 9 668 9 8 0.8888888888888888
935 1 9 668 9 8 0.8888888888888888
936 1 9 668 9 8 0.8888888888888888
937 1 9 669 9 8 0.8888888888888888
938 1 9 669 9 8 0.8888888888888888
939 1 9 669 9 8 0.8888888888888888
939 2 6 669 6 5 0.5555555555555556
940 1 9 669 9 8 0.8888888888888888
941 1 9 669 9 8 0.8888888888888888
942 1 9 669 9 8 0.8888888888888888
943 1 9 669 9 8 0.8888888888888888
944 1 9 670 9 8 0.8888888888888888
945 1 9 670 9 8 0.8888888888888888
946 1 9 670 9 8 0.8888888888888888
947 1 9 670 9 8 0.8888888888888888
948 1 9 670 9 8 0.8888888888888888
949 1 9 670 9 8 0.8888888888888888
950 1 9 671 9 8 0.8888888888888888
951 1 9 671 9 8 0.8888888888888888
952 1 9 671 9 8 0.8888888888888888
953 1 9 671 9 8 0.8888888888888888
954 1 9 671 9 8 0.8888888888888888
955 1 9 671 9 8 0.8888888888888888
956 1 9 671 9 8 0.8888888888888888
957 1 9 671 9 8 0.8888888888888888
958 1 9 671 9 8 0.8888888888888888
959 1 9 671 9 8 0.8888888888888888
960 1 9 671 9 8 0.8888888888888888
961 1 9 671 9 8 0.8888888888888888
961 2 8 671 8 7 0.7777777777777778
962 1 9 671 9 8 0.8888888888888888
963 1 9 671 9 8 0.8888888888888888
964 1 9 672 9 8 0.8888888888888888
965 1 9 672 9 8 0.8888888888888888
966 1 9 672 9 8 0.8888888888888888
966 2 8 672 8 7 0.7777777777777778
967 1 9 672 9 8 0.8888888888888888
968 1 9 672 9 8 0.8888888888888888
969 1 9 672 9 8 0.8888888888888888
970 1 9 673 9 8 0.8888888888888888
971 1 9 673 9 8 0.8888888888888888
972 1 9 675 9 8 0.8888888888888888
973 1 9 675 9 8 0.8888888888888888
974 1 9 676 9 8 0.8888888888888888
975 1 9 677 9 8 0.8888888888888888
976 1 9 677 9 8 0.8888888888888888
977 1 9 677 9 8 0.8888888888888888
978 1 9 677 9 8 0.8888888888888888
979 1 9 677 9 8 0.8888888888888888
980 1 9 677 9 8 0.8888888888888888
981 1 9 677 9 8 0.8888888888888888
982 1 9 677 9 8 0.8888888888888888
983 1 9 677 9 8 0.8888888888888888
984 1 9 678 9 8 0.8888888888888888
985 1 9 678 9 8 0.8888888888888888
986 1 9 678 9 8 0.8888888888888888
987 1 9 678 9 8 0.8888888888888888
988 1 9 679 9 8 0.8888888888888888
989 1 9 679 9 8 0.8888888888888888
990 1 9 679 9 8 0.8888888888888888
991 1 9 679 9 8 0.8888888888888888
992 1 9 679 9 8 0.8888888888888888
993 1 9 679 9 8 0.8888888888888888
994 1 9 679 9 8 0.8888888888888888
995 1 9 679 9 8 0.8888888888888888
996 1 9 680 9 8 0.8888888888888888
997 1 9 680 9 8 0.8888888888888888
998 1 9 681 9 8 0.8888888888888888
998 2 8 681 8 7 0.7777777777777778
999 1 9 681 9 8 0.8888888888888888
1000 1 9 681 9 8 0.8888888888888888
