gen testSuiteSize notKilledMutants number_of_tests no_discount_objective no_equiv_mut_not_killed no_equiv_mut_not_killed_perc
1 3 10 13 10 7 1.0
1 8 9 51 9 6 0.8571428571428571
2 3 10 52 10 7 1.0
2 4 9 55 9 6 0.8571428571428571
3 3 10 55 10 7 1.0
4 3 10 59 10 7 1.0
5 3 10 63 10 7 1.0
6 3 10 64 10 7 1.0
7 3 10 66 10 7 1.0
8 3 10 68 10 7 1.0
9 3 10 72 10 7 1.0
10 3 10 75 10 7 1.0
11 3 10 77 10 7 1.0
12 3 10 83 10 7 1.0
13 3 10 86 10 7 1.0
14 3 10 87 10 7 1.0
15 3 10 89 10 7 1.0
16 3 10 90 10 7 1.0
17 3 10 93 10 7 1.0
18 3 10 94 10 7 1.0
19 3 10 97 10 7 1.0
20 3 10 101 10 7 1.0
21 3 10 105 10 7 1.0
22 3 10 107 10 7 1.0
23 3 10 110 10 7 1.0
24 2 10 114 10 7 1.0
25 4 9 115 9 6 0.8571428571428571
26 4 9 119 9 6 0.8571428571428571
27 4 9 120 9 6 0.8571428571428571
28 4 9 120 9 6 0.8571428571428571
28 3 10 121 10 7 1.0
29 4 9 122 9 6 0.8571428571428571
30 4 9 126 9 6 0.8571428571428571
31 3 10 131 10 7 1.0
31 4 9 132 9 6 0.8571428571428571
32 4 9 133 9 6 0.8571428571428571
33 4 9 135 9 6 0.8571428571428571
33 3 10 138 10 7 1.0
34 3 9 139 9 6 0.8571428571428571
35 2 10 139 10 7 1.0
35 4 7 142 7 4 0.5714285714285714
36 2 10 144 10 7 1.0
36 3 8 149 8 5 0.7142857142857143
37 2 10 151 10 7 1.0
37 3 6 152 6 3 0.42857142857142855
38 2 10 155 10 7 1.0
39 2 10 156 10 7 1.0
40 2 9 160 9 6 0.8571428571428571
41 3 6 161 6 3 0.42857142857142855
41 2 10 163 10 7 1.0
42 3 6 163 6 3 0.42857142857142855
42 2 10 164 10 7 1.0
43 3 6 166 6 3 0.42857142857142855
43 2 10 169 10 7 1.0
44 3 6 169 6 3 0.42857142857142855
44 2 10 170 10 7 1.0
45 3 6 171 6 3 0.42857142857142855
46 3 6 176 6 3 0.42857142857142855
46 2 10 178 10 7 1.0
47 3 6 181 6 3 0.42857142857142855
48 3 6 182 6 3 0.42857142857142855
48 2 10 182 10 7 1.0
49 3 6 184 6 3 0.42857142857142855
50 3 6 187 6 3 0.42857142857142855
51 3 6 188 6 3 0.42857142857142855
52 3 6 193 6 3 0.42857142857142855
53 3 6 198 6 3 0.42857142857142855
54 3 6 199 6 3 0.42857142857142855
55 3 6 203 6 3 0.42857142857142855
56 2 10 204 10 7 1.0
56 3 6 204 6 3 0.42857142857142855
57 3 6 207 6 3 0.42857142857142855
58 3 6 209 6 3 0.42857142857142855
59 3 6 211 6 3 0.42857142857142855
59 2 10 213 10 7 1.0
60 3 6 214 6 3 0.42857142857142855
61 3 6 217 6 3 0.42857142857142855
61 2 10 217 10 7 1.0
62 3 6 219 6 3 0.42857142857142855
62 4 5 222 5 2 0.2857142857142857
63 2 9 224 9 6 0.8571428571428571
64 2 9 225 9 6 0.8571428571428571
65 2 9 229 9 6 0.8571428571428571
66 2 9 233 9 6 0.8571428571428571
67 2 9 233 9 6 0.8571428571428571
68 2 9 236 9 6 0.8571428571428571
69 2 9 238 9 6 0.8571428571428571
70 2 9 239 9 6 0.8571428571428571
70 3 8 241 8 5 0.7142857142857143
71 2 8 247 8 5 0.7142857142857143
72 4 5 249 5 2 0.2857142857142857
72 3 6 252 6 3 0.42857142857142855
73 4 5 253 5 2 0.2857142857142857
74 4 5 256 5 2 0.2857142857142857
75 4 5 257 5 2 0.2857142857142857
76 4 5 262 5 2 0.2857142857142857
76 3 6 265 6 3 0.42857142857142855
77 4 5 265 5 2 0.2857142857142857
78 4 5 268 5 2 0.2857142857142857
79 4 5 273 5 2 0.2857142857142857
80 4 5 274 5 2 0.2857142857142857
81 4 5 276 5 2 0.2857142857142857
82 4 5 277 5 2 0.2857142857142857
83 4 5 282 5 2 0.2857142857142857
84 3 6 283 6 3 0.42857142857142855
84 4 5 284 5 2 0.2857142857142857
85 4 5 284 5 2 0.2857142857142857
85 3 6 285 6 3 0.42857142857142855
86 4 5 285 5 2 0.2857142857142857
86 3 10 286 10 7 1.0
87 4 5 288 5 2 0.2857142857142857
87 3 7 288 7 4 0.5714285714285714
87 5 3 289 3 0 0.0
88 2 8 291 8 5 0.7142857142857143
89 2 8 296 8 5 0.7142857142857143
90 2 8 297 8 5 0.7142857142857143
91 2 8 299 8 5 0.7142857142857143
91 3 5 299 5 2 0.2857142857142857
92 2 8 299 8 5 0.7142857142857143
93 2 8 299 8 5 0.7142857142857143
94 2 8 302 8 5 0.7142857142857143
95 2 8 305 8 5 0.7142857142857143
96 2 8 308 8 5 0.7142857142857143
96 3 7 309 7 4 0.5714285714285714
97 2 8 309 8 5 0.7142857142857143
98 2 8 310 8 5 0.7142857142857143
99 2 8 312 8 5 0.7142857142857143
100 2 8 313 8 5 0.7142857142857143
101 2 8 314 8 5 0.7142857142857143
102 2 8 319 8 5 0.7142857142857143
103 2 8 321 8 5 0.7142857142857143
104 2 8 325 8 5 0.7142857142857143
105 2 8 325 8 5 0.7142857142857143
106 2 8 326 8 5 0.7142857142857143
107 2 8 327 8 5 0.7142857142857143
108 2 8 329 8 5 0.7142857142857143
109 2 8 329 8 5 0.7142857142857143
110 2 8 332 8 5 0.7142857142857143
111 2 8 333 8 5 0.7142857142857143
111 1 10 333 10 7 1.0
112 5 3 333 3 0 0.0
113 5 3 334 3 0 0.0
113 4 5 334 5 2 0.2857142857142857
114 4 3 334 3 0 0.0
115 1 10 336 10 7 1.0
116 1 10 338 10 7 1.0
117 1 10 339 10 7 1.0
117 2 9 341 9 6 0.8571428571428571
118 1 10 342 10 7 1.0
118 2 9 344 9 6 0.8571428571428571
119 1 10 345 10 7 1.0
120 1 10 346 10 7 1.0
121 1 10 349 10 7 1.0
122 1 10 349 10 7 1.0
123 1 10 350 10 7 1.0
124 1 10 353 10 7 1.0
125 1 9 357 9 6 0.8571428571428571
126 4 3 357 3 0 0.0
127 4 3 359 3 0 0.0
128 3 6 361 6 3 0.42857142857142855
128 4 3 361 3 0 0.0
129 4 3 364 3 0 0.0
129 3 6 365 6 3 0.42857142857142855
130 4 3 365 3 0 0.0
130 3 10 367 10 7 1.0
131 3 6 368 6 3 0.42857142857142855
131 4 3 368 3 0 0.0
132 4 3 369 3 0 0.0
133 4 3 370 3 0 0.0
133 3 6 371 6 3 0.42857142857142855
134 4 3 371 3 0 0.0
134 3 6 371 6 3 0.42857142857142855
135 4 3 371 3 0 0.0
136 4 3 375 3 0 0.0
136 3 6 375 6 3 0.42857142857142855
137 4 3 376 3 0 0.0
138 4 3 379 3 0 0.0
138 3 6 379 6 3 0.42857142857142855
139 4 3 380 3 0 0.0
139 3 6 380 6 3 0.42857142857142855
140 4 3 383 3 0 0.0
140 3 6 383 6 3 0.42857142857142855
141 4 3 384 3 0 0.0
141 2 10 385 10 7 1.0
142 4 3 386 3 0 0.0
142 3 6 386 6 3 0.42857142857142855
143 4 3 388 3 0 0.0
144 4 3 389 3 0 0.0
145 4 3 389 3 0 0.0
145 3 6 389 6 3 0.42857142857142855
146 4 3 390 3 0 0.0
146 3 6 390 6 3 0.42857142857142855
147 4 3 390 3 0 0.0
147 3 6 392 6 3 0.42857142857142855
148 4 3 393 3 0 0.0
148 3 6 394 6 3 0.42857142857142855
149 4 3 395 3 0 0.0
149 3 6 395 6 3 0.42857142857142855
150 4 3 397 3 0 0.0
150 3 6 397 6 3 0.42857142857142855
151 4 3 397 3 0 0.0
151 3 6 398 6 3 0.42857142857142855
152 4 3 398 3 0 0.0
153 4 3 400 3 0 0.0
153 3 6 401 6 3 0.42857142857142855
154 3 6 401 6 3 0.42857142857142855
154 4 3 401 3 0 0.0
155 3 6 402 6 3 0.42857142857142855
155 4 3 403 3 0 0.0
156 4 3 404 3 0 0.0
156 3 6 406 6 3 0.42857142857142855
157 4 3 407 3 0 0.0
158 4 3 407 3 0 0.0
158 3 6 408 6 3 0.42857142857142855
159 4 3 410 3 0 0.0
159 3 6 411 6 3 0.42857142857142855
160 4 3 411 3 0 0.0
160 2 10 411 10 7 1.0
160 3 6 412 6 3 0.42857142857142855
161 4 3 412 3 0 0.0
162 4 3 414 3 0 0.0
162 3 6 415 6 3 0.42857142857142855
163 4 3 417 3 0 0.0
163 3 6 417 6 3 0.42857142857142855
164 4 3 417 3 0 0.0
164 3 6 417 6 3 0.42857142857142855
165 4 3 417 3 0 0.0
165 3 6 417 6 3 0.42857142857142855
166 3 6 417 6 3 0.42857142857142855
166 4 3 418 3 0 0.0
166 2 10 418 10 7 1.0
167 4 3 419 3 0 0.0
167 3 10 420 10 7 1.0
168 4 3 420 3 0 0.0
168 3 6 421 6 3 0.42857142857142855
169 4 3 421 3 0 0.0
170 4 3 422 3 0 0.0
171 4 3 423 3 0 0.0
171 3 6 423 6 3 0.42857142857142855
172 4 3 423 3 0 0.0
172 3 6 423 6 3 0.42857142857142855
173 4 3 425 3 0 0.0
173 3 6 427 6 3 0.42857142857142855
174 4 3 429 3 0 0.0
175 4 3 431 3 0 0.0
175 3 6 432 6 3 0.42857142857142855
176 4 3 433 3 0 0.0
176 3 6 433 6 3 0.42857142857142855
177 4 3 435 3 0 0.0
178 4 3 436 3 0 0.0
179 4 3 438 3 0 0.0
179 3 6 438 6 3 0.42857142857142855
180 4 3 439 3 0 0.0
180 3 6 440 6 3 0.42857142857142855
181 4 3 441 3 0 0.0
181 3 6 441 6 3 0.42857142857142855
182 4 3 442 3 0 0.0
182 3 6 443 6 3 0.42857142857142855
183 4 3 443 3 0 0.0
184 3 6 445 6 3 0.42857142857142855
184 4 3 445 3 0 0.0
185 4 3 446 3 0 0.0
185 3 6 446 6 3 0.42857142857142855
186 4 3 446 3 0 0.0
187 4 3 448 3 0 0.0
187 2 10 448 10 7 1.0
188 4 3 448 3 0 0.0
189 4 3 451 3 0 0.0
189 3 6 452 6 3 0.42857142857142855
190 3 6 453 6 3 0.42857142857142855
190 4 3 453 3 0 0.0
191 4 3 454 3 0 0.0
191 3 6 454 6 3 0.42857142857142855
192 4 3 456 3 0 0.0
192 3 6 456 6 3 0.42857142857142855
193 4 3 457 3 0 0.0
194 4 3 459 3 0 0.0
195 3 6 460 6 3 0.42857142857142855
195 4 3 461 3 0 0.0
196 4 3 461 3 0 0.0
196 3 6 461 6 3 0.42857142857142855
197 4 3 461 3 0 0.0
198 4 3 463 3 0 0.0
199 3 6 463 6 3 0.42857142857142855
199 4 3 463 3 0 0.0
200 4 3 464 3 0 0.0
200 3 10 464 10 7 1.0
201 4 3 467 3 0 0.0
201 3 6 469 6 3 0.42857142857142855
202 4 3 469 3 0 0.0
203 4 3 470 3 0 0.0
204 4 3 470 3 0 0.0
204 3 6 470 6 3 0.42857142857142855
205 3 6 470 6 3 0.42857142857142855
205 4 3 470 3 0 0.0
206 4 3 470 3 0 0.0
206 3 6 470 6 3 0.42857142857142855
207 4 3 471 3 0 0.0
207 3 6 471 6 3 0.42857142857142855
208 4 3 471 3 0 0.0
209 4 3 474 3 0 0.0
209 3 6 476 6 3 0.42857142857142855
210 4 3 478 3 0 0.0
211 4 3 478 3 0 0.0
211 2 10 480 10 7 1.0
212 3 6 480 6 3 0.42857142857142855
212 4 3 480 3 0 0.0
213 4 3 480 3 0 0.0
214 4 3 480 3 0 0.0
215 4 3 480 3 0 0.0
215 3 6 480 6 3 0.42857142857142855
216 4 3 480 3 0 0.0
216 3 6 481 6 3 0.42857142857142855
217 4 3 482 3 0 0.0
217 3 6 483 6 3 0.42857142857142855
218 4 3 485 3 0 0.0
218 3 6 485 6 3 0.42857142857142855
219 4 3 486 3 0 0.0
220 4 3 487 3 0 0.0
220 3 6 487 6 3 0.42857142857142855
221 4 3 487 3 0 0.0
221 3 6 487 6 3 0.42857142857142855
222 4 3 489 3 0 0.0
222 3 6 489 6 3 0.42857142857142855
223 4 3 489 3 0 0.0
224 4 3 491 3 0 0.0
224 3 6 491 6 3 0.42857142857142855
225 4 3 491 3 0 0.0
225 3 6 492 6 3 0.42857142857142855
226 4 3 493 3 0 0.0
227 4 3 493 3 0 0.0
228 4 3 495 3 0 0.0
228 3 6 496 6 3 0.42857142857142855
229 4 3 496 3 0 0.0
230 4 3 499 3 0 0.0
230 3 6 499 6 3 0.42857142857142855
231 4 3 499 3 0 0.0
232 4 3 501 3 0 0.0
232 3 6 502 6 3 0.42857142857142855
233 4 3 504 3 0 0.0
234 3 6 506 6 3 0.42857142857142855
234 4 3 506 3 0 0.0
235 4 3 506 3 0 0.0
235 2 10 506 10 7 1.0
235 3 6 507 6 3 0.42857142857142855
236 4 3 507 3 0 0.0
237 4 3 508 3 0 0.0
237 3 6 509 6 3 0.42857142857142855
238 4 3 510 3 0 0.0
239 4 3 512 3 0 0.0
240 4 3 513 3 0 0.0
241 4 3 514 3 0 0.0
241 3 6 514 6 3 0.42857142857142855
242 3 6 516 6 3 0.42857142857142855
242 4 3 516 3 0 0.0
243 4 3 517 3 0 0.0
243 3 6 517 6 3 0.42857142857142855
244 4 3 519 3 0 0.0
244 2 10 519 10 7 1.0
245 4 3 521 3 0 0.0
246 4 3 524 3 0 0.0
246 3 6 524 6 3 0.42857142857142855
247 4 3 525 3 0 0.0
248 4 3 526 3 0 0.0
249 2 10 526 10 7 1.0
249 4 3 527 3 0 0.0
249 3 6 527 6 3 0.42857142857142855
250 4 3 528 3 0 0.0
250 3 6 528 6 3 0.42857142857142855
251 4 3 529 3 0 0.0
251 3 6 530 6 3 0.42857142857142855
252 4 3 530 3 0 0.0
252 3 6 530 6 3 0.42857142857142855
253 4 3 530 3 0 0.0
253 3 6 530 6 3 0.42857142857142855
254 4 3 530 3 0 0.0
254 3 6 531 6 3 0.42857142857142855
255 4 3 531 3 0 0.0
255 3 6 531 6 3 0.42857142857142855
256 4 3 532 3 0 0.0
257 4 3 532 3 0 0.0
257 3 6 534 6 3 0.42857142857142855
258 4 3 534 3 0 0.0
258 3 6 534 6 3 0.42857142857142855
259 4 3 535 3 0 0.0
259 3 6 536 6 3 0.42857142857142855
260 4 3 536 3 0 0.0
261 4 3 537 3 0 0.0
262 4 3 537 3 0 0.0
263 4 3 537 3 0 0.0
264 4 3 538 3 0 0.0
265 4 3 538 3 0 0.0
266 4 3 539 3 0 0.0
267 4 3 540 3 0 0.0
267 3 6 541 6 3 0.42857142857142855
268 4 3 541 3 0 0.0
268 3 9 541 9 6 0.8571428571428571
269 4 3 541 3 0 0.0
269 3 6 541 6 3 0.42857142857142855
270 4 3 542 3 0 0.0
270 3 6 542 6 3 0.42857142857142855
271 4 3 542 3 0 0.0
272 4 3 543 3 0 0.0
273 4 3 545 3 0 0.0
274 4 3 546 3 0 0.0
274 3 6 546 6 3 0.42857142857142855
275 4 3 547 3 0 0.0
275 3 6 547 6 3 0.42857142857142855
276 4 3 548 3 0 0.0
276 3 6 549 6 3 0.42857142857142855
277 4 3 549 3 0 0.0
277 3 6 549 6 3 0.42857142857142855
278 3 6 551 6 3 0.42857142857142855
278 4 3 551 3 0 0.0
279 4 3 552 3 0 0.0
279 3 6 552 6 3 0.42857142857142855
280 4 3 552 3 0 0.0
281 4 3 553 3 0 0.0
282 4 3 555 3 0 0.0
283 3 6 555 6 3 0.42857142857142855
283 4 3 555 3 0 0.0
284 4 3 555 3 0 0.0
285 3 6 557 6 3 0.42857142857142855
285 4 3 557 3 0 0.0
286 4 3 559 3 0 0.0
286 3 6 560 6 3 0.42857142857142855
287 4 3 560 3 0 0.0
288 3 6 562 6 3 0.42857142857142855
288 4 3 562 3 0 0.0
288 2 10 562 10 7 1.0
289 4 3 562 3 0 0.0
290 4 3 562 3 0 0.0
291 4 3 562 3 0 0.0
292 4 3 563 3 0 0.0
293 4 3 563 3 0 0.0
294 4 3 565 3 0 0.0
295 4 3 567 3 0 0.0
295 3 6 567 6 3 0.42857142857142855
296 3 6 568 6 3 0.42857142857142855
296 4 3 568 3 0 0.0
297 4 3 569 3 0 0.0
297 3 6 569 6 3 0.42857142857142855
298 4 3 569 3 0 0.0
299 4 3 569 3 0 0.0
299 3 6 569 6 3 0.42857142857142855
300 4 3 569 3 0 0.0
301 3 6 571 6 3 0.42857142857142855
301 4 3 571 3 0 0.0
302 4 3 572 3 0 0.0
302 3 6 572 6 3 0.42857142857142855
303 4 3 573 3 0 0.0
304 4 3 573 3 0 0.0
305 4 3 573 3 0 0.0
306 4 3 573 3 0 0.0
306 3 6 573 6 3 0.42857142857142855
307 4 3 574 3 0 0.0
308 4 3 575 3 0 0.0
309 4 3 576 3 0 0.0
310 4 3 577 3 0 0.0
310 3 6 577 6 3 0.42857142857142855
311 4 3 577 3 0 0.0
312 4 3 578 3 0 0.0
312 3 6 580 6 3 0.42857142857142855
313 4 3 580 3 0 0.0
314 3 6 581 6 3 0.42857142857142855
314 4 3 581 3 0 0.0
315 4 3 585 3 0 0.0
316 4 3 589 3 0 0.0
316 3 6 590 6 3 0.42857142857142855
317 4 3 592 3 0 0.0
317 3 6 592 6 3 0.42857142857142855
318 4 3 593 3 0 0.0
318 3 6 593 6 3 0.42857142857142855
319 4 3 593 3 0 0.0
319 3 6 594 6 3 0.42857142857142855
320 3 6 594 6 3 0.42857142857142855
320 4 3 594 3 0 0.0
321 4 3 594 3 0 0.0
322 4 3 595 3 0 0.0
323 4 3 595 3 0 0.0
324 4 3 595 3 0 0.0
324 3 6 595 6 3 0.42857142857142855
325 4 3 595 3 0 0.0
326 4 3 595 3 0 0.0
327 4 3 598 3 0 0.0
328 4 3 598 3 0 0.0
328 3 6 598 6 3 0.42857142857142855
329 4 3 599 3 0 0.0
330 2 10 599 10 7 1.0
330 4 3 599 3 0 0.0
330 3 6 600 6 3 0.42857142857142855
331 4 3 600 3 0 0.0
331 3 6 600 6 3 0.42857142857142855
332 4 3 600 3 0 0.0
333 4 3 602 3 0 0.0
333 3 6 604 6 3 0.42857142857142855
334 4 3 605 3 0 0.0
334 3 6 605 6 3 0.42857142857142855
335 4 3 606 3 0 0.0
335 2 6 606 6 3 0.42857142857142855
336 4 3 606 3 0 0.0
337 4 3 606 3 0 0.0
338 3 6 607 6 3 0.42857142857142855
338 4 3 607 3 0 0.0
339 4 3 607 3 0 0.0
340 4 3 608 3 0 0.0
341 4 3 610 3 0 0.0
341 3 6 610 6 3 0.42857142857142855
342 4 3 610 3 0 0.0
343 4 3 611 3 0 0.0
344 3 6 612 6 3 0.42857142857142855
344 4 3 612 3 0 0.0
345 4 3 612 3 0 0.0
345 3 6 612 6 3 0.42857142857142855
346 4 3 613 3 0 0.0
347 4 3 615 3 0 0.0
347 3 6 615 6 3 0.42857142857142855
348 4 3 615 3 0 0.0
349 4 3 616 3 0 0.0
350 4 3 616 3 0 0.0
350 3 6 616 6 3 0.42857142857142855
351 4 3 616 3 0 0.0
351 3 6 616 6 3 0.42857142857142855
352 3 6 618 6 3 0.42857142857142855
352 4 3 618 3 0 0.0
353 4 3 620 3 0 0.0
353 3 6 620 6 3 0.42857142857142855
354 4 3 621 3 0 0.0
354 3 6 621 6 3 0.42857142857142855
355 4 3 623 3 0 0.0
355 3 6 623 6 3 0.42857142857142855
356 4 3 624 3 0 0.0
357 4 3 625 3 0 0.0
357 3 6 626 6 3 0.42857142857142855
358 4 3 627 3 0 0.0
358 3 6 628 6 3 0.42857142857142855
359 4 3 628 3 0 0.0
359 3 6 628 6 3 0.42857142857142855
360 4 3 628 3 0 0.0
361 4 3 631 3 0 0.0
361 3 6 632 6 3 0.42857142857142855
362 4 3 632 3 0 0.0
363 4 3 633 3 0 0.0
364 4 3 634 3 0 0.0
365 4 3 635 3 0 0.0
366 4 3 637 3 0 0.0
366 3 6 637 6 3 0.42857142857142855
367 4 3 638 3 0 0.0
367 3 9 640 9 6 0.8571428571428571
368 4 3 640 3 0 0.0
369 4 3 642 3 0 0.0
369 3 6 642 6 3 0.42857142857142855
370 4 3 644 3 0 0.0
370 3 6 645 6 3 0.42857142857142855
371 4 3 646 3 0 0.0
371 3 6 646 6 3 0.42857142857142855
372 4 3 649 3 0 0.0
372 3 6 649 6 3 0.42857142857142855
373 4 3 650 3 0 0.0
374 4 3 651 3 0 0.0
375 4 3 651 3 0 0.0
375 2 10 652 10 7 1.0
376 4 3 652 3 0 0.0
376 3 6 652 6 3 0.42857142857142855
377 4 3 654 3 0 0.0
377 3 6 655 6 3 0.42857142857142855
378 4 3 655 3 0 0.0
378 3 6 655 6 3 0.42857142857142855
379 4 3 655 3 0 0.0
379 3 6 655 6 3 0.42857142857142855
380 4 3 655 3 0 0.0
380 3 6 655 6 3 0.42857142857142855
381 4 3 657 3 0 0.0
381 3 6 657 6 3 0.42857142857142855
382 3 6 657 6 3 0.42857142857142855
382 4 3 657 3 0 0.0
383 4 3 657 3 0 0.0
383 3 10 657 10 7 1.0
384 4 3 657 3 0 0.0
384 3 6 657 6 3 0.42857142857142855
385 4 3 657 3 0 0.0
386 4 3 658 3 0 0.0
386 3 6 659 6 3 0.42857142857142855
387 4 3 660 3 0 0.0
387 3 6 660 6 3 0.42857142857142855
388 4 3 661 3 0 0.0
388 3 6 661 6 3 0.42857142857142855
389 4 3 662 3 0 0.0
389 3 6 663 6 3 0.42857142857142855
390 4 3 663 3 0 0.0
390 3 6 665 6 3 0.42857142857142855
391 4 3 667 3 0 0.0
392 4 3 668 3 0 0.0
392 2 10 669 10 7 1.0
392 3 6 669 6 3 0.42857142857142855
393 4 3 670 3 0 0.0
394 3 6 672 6 3 0.42857142857142855
394 4 3 672 3 0 0.0
395 3 6 673 6 3 0.42857142857142855
395 4 3 674 3 0 0.0
396 4 3 674 3 0 0.0
397 4 3 674 3 0 0.0
397 3 6 674 6 3 0.42857142857142855
398 4 3 675 3 0 0.0
399 4 3 675 3 0 0.0
400 4 3 676 3 0 0.0
400 3 6 676 6 3 0.42857142857142855
401 4 3 676 3 0 0.0
402 4 3 676 3 0 0.0
402 3 6 676 6 3 0.42857142857142855
403 4 3 676 3 0 0.0
403 3 6 676 6 3 0.42857142857142855
404 4 3 677 3 0 0.0
404 3 6 677 6 3 0.42857142857142855
405 4 3 678 3 0 0.0
406 4 3 678 3 0 0.0
406 3 6 678 6 3 0.42857142857142855
407 4 3 678 3 0 0.0
408 4 3 681 3 0 0.0
408 3 6 681 6 3 0.42857142857142855
409 4 3 682 3 0 0.0
410 4 3 682 3 0 0.0
410 3 6 682 6 3 0.42857142857142855
411 4 3 682 3 0 0.0
411 3 6 682 6 3 0.42857142857142855
411 2 10 682 10 7 1.0
412 4 3 682 3 0 0.0
412 3 6 685 6 3 0.42857142857142855
413 4 3 685 3 0 0.0
413 3 6 686 6 3 0.42857142857142855
414 4 3 686 3 0 0.0
414 3 6 688 6 3 0.42857142857142855
415 3 6 689 6 3 0.42857142857142855
415 4 3 689 3 0 0.0
416 3 6 689 6 3 0.42857142857142855
416 4 3 689 3 0 0.0
417 4 3 689 3 0 0.0
417 2 10 689 10 7 1.0
417 3 6 689 6 3 0.42857142857142855
418 4 3 690 3 0 0.0
419 4 3 692 3 0 0.0
420 4 3 693 3 0 0.0
421 4 3 693 3 0 0.0
422 4 3 693 3 0 0.0
422 3 6 693 6 3 0.42857142857142855
423 4 3 693 3 0 0.0
424 4 3 693 3 0 0.0
424 3 6 693 6 3 0.42857142857142855
425 4 3 694 3 0 0.0
425 2 10 694 10 7 1.0
426 3 6 695 6 3 0.42857142857142855
426 4 3 696 3 0 0.0
427 4 3 697 3 0 0.0
427 3 6 697 6 3 0.42857142857142855
428 4 3 697 3 0 0.0
429 4 3 697 3 0 0.0
429 3 6 697 6 3 0.42857142857142855
430 4 3 697 3 0 0.0
431 2 10 697 10 7 1.0
431 4 3 698 3 0 0.0
432 4 3 698 3 0 0.0
432 3 6 699 6 3 0.42857142857142855
433 4 3 699 3 0 0.0
434 4 3 701 3 0 0.0
434 3 6 701 6 3 0.42857142857142855
435 4 3 701 3 0 0.0
436 4 3 702 3 0 0.0
437 4 3 702 3 0 0.0
437 3 6 702 6 3 0.42857142857142855
438 4 3 703 3 0 0.0
439 3 10 704 10 7 1.0
439 4 3 704 3 0 0.0
440 4 3 704 3 0 0.0
441 4 3 704 3 0 0.0
441 3 6 704 6 3 0.42857142857142855
442 4 3 704 3 0 0.0
443 4 3 707 3 0 0.0
444 4 3 708 3 0 0.0
444 3 6 708 6 3 0.42857142857142855
445 4 3 709 3 0 0.0
446 4 3 710 3 0 0.0
447 4 3 711 3 0 0.0
448 4 3 711 3 0 0.0
448 3 6 711 6 3 0.42857142857142855
449 4 3 711 3 0 0.0
449 3 10 711 10 7 1.0
450 4 3 711 3 0 0.0
451 4 3 711 3 0 0.0
452 4 3 711 3 0 0.0
452 3 6 711 6 3 0.42857142857142855
453 4 3 711 3 0 0.0
453 3 6 713 6 3 0.42857142857142855
454 4 3 714 3 0 0.0
455 4 3 714 3 0 0.0
456 4 3 714 3 0 0.0
457 4 3 715 3 0 0.0
457 3 6 715 6 3 0.42857142857142855
458 4 3 715 3 0 0.0
458 3 6 717 6 3 0.42857142857142855
459 4 3 717 3 0 0.0
460 4 3 717 3 0 0.0
461 4 3 718 3 0 0.0
461 3 6 718 6 3 0.42857142857142855
462 3 6 718 6 3 0.42857142857142855
462 4 3 718 3 0 0.0
463 3 6 718 6 3 0.42857142857142855
463 4 3 718 3 0 0.0
464 4 3 720 3 0 0.0
464 3 6 721 6 3 0.42857142857142855
465 3 6 721 6 3 0.42857142857142855
465 4 3 721 3 0 0.0
466 4 3 721 3 0 0.0
467 4 3 721 3 0 0.0
468 4 3 722 3 0 0.0
468 3 6 722 6 3 0.42857142857142855
469 4 3 722 3 0 0.0
470 4 3 722 3 0 0.0
470 3 6 722 6 3 0.42857142857142855
471 4 3 723 3 0 0.0
471 3 6 723 6 3 0.42857142857142855
472 4 3 723 3 0 0.0
472 3 6 723 6 3 0.42857142857142855
473 4 3 723 3 0 0.0
474 4 3 723 3 0 0.0
475 4 3 723 3 0 0.0
476 4 3 724 3 0 0.0
477 4 3 724 3 0 0.0
477 3 6 725 6 3 0.42857142857142855
478 3 6 726 6 3 0.42857142857142855
478 4 3 726 3 0 0.0
479 4 3 726 3 0 0.0
479 3 6 726 6 3 0.42857142857142855
480 4 3 728 3 0 0.0
480 3 6 728 6 3 0.42857142857142855
481 4 3 728 3 0 0.0
482 4 3 729 3 0 0.0
483 4 3 730 3 0 0.0
483 3 6 730 6 3 0.42857142857142855
484 4 3 730 3 0 0.0
484 3 6 731 6 3 0.42857142857142855
485 4 3 731 3 0 0.0
486 4 3 731 3 0 0.0
486 3 6 732 6 3 0.42857142857142855
487 4 3 732 3 0 0.0
487 3 6 732 6 3 0.42857142857142855
488 4 3 732 3 0 0.0
489 4 3 734 3 0 0.0
490 4 3 734 3 0 0.0
490 3 6 734 6 3 0.42857142857142855
491 4 3 734 3 0 0.0
491 3 6 734 6 3 0.42857142857142855
492 3 5 734 5 2 0.2857142857142857
492 4 3 734 3 0 0.0
493 4 3 734 3 0 0.0
494 3 6 736 6 3 0.42857142857142855
494 4 3 736 3 0 0.0
495 4 3 738 3 0 0.0
495 3 6 738 6 3 0.42857142857142855
496 4 3 740 3 0 0.0
496 3 6 740 6 3 0.42857142857142855
497 4 3 741 3 0 0.0
498 4 3 742 3 0 0.0
498 3 6 742 6 3 0.42857142857142855
499 4 3 743 3 0 0.0
500 4 3 745 3 0 0.0
501 3 6 746 6 3 0.42857142857142855
501 4 3 746 3 0 0.0
502 4 3 746 3 0 0.0
502 3 6 746 6 3 0.42857142857142855
503 4 3 747 3 0 0.0
504 4 3 748 3 0 0.0
504 3 6 749 6 3 0.42857142857142855
505 4 3 749 3 0 0.0
505 3 6 749 6 3 0.42857142857142855
506 4 3 749 3 0 0.0
506 3 6 749 6 3 0.42857142857142855
507 4 3 749 3 0 0.0
507 3 6 749 6 3 0.42857142857142855
508 4 3 749 3 0 0.0
509 4 3 749 3 0 0.0
510 4 3 749 3 0 0.0
510 3 6 749 6 3 0.42857142857142855
511 4 3 749 3 0 0.0
511 3 6 749 6 3 0.42857142857142855
512 4 3 749 3 0 0.0
512 3 6 749 6 3 0.42857142857142855
513 4 3 749 3 0 0.0
514 4 3 749 3 0 0.0
514 3 6 752 6 3 0.42857142857142855
515 4 3 753 3 0 0.0
515 3 6 753 6 3 0.42857142857142855
516 2 10 754 10 7 1.0
516 4 3 755 3 0 0.0
517 4 3 755 3 0 0.0
518 4 3 755 3 0 0.0
519 4 3 757 3 0 0.0
520 4 3 757 3 0 0.0
520 3 6 757 6 3 0.42857142857142855
521 4 3 757 3 0 0.0
522 4 3 759 3 0 0.0
523 4 3 761 3 0 0.0
524 4 3 761 3 0 0.0
525 4 3 762 3 0 0.0
525 3 6 762 6 3 0.42857142857142855
526 4 3 762 3 0 0.0
527 4 3 762 3 0 0.0
528 4 3 762 3 0 0.0
529 4 3 762 3 0 0.0
529 2 10 762 10 7 1.0
530 4 3 762 3 0 0.0
530 3 6 762 6 3 0.42857142857142855
531 4 3 762 3 0 0.0
531 3 6 762 6 3 0.42857142857142855
532 4 3 762 3 0 0.0
532 3 6 762 6 3 0.42857142857142855
533 4 3 762 3 0 0.0
533 3 6 762 6 3 0.42857142857142855
534 4 3 762 3 0 0.0
535 4 3 762 3 0 0.0
535 3 6 762 6 3 0.42857142857142855
536 4 3 762 3 0 0.0
536 3 6 762 6 3 0.42857142857142855
537 4 3 762 3 0 0.0
538 4 3 762 3 0 0.0
538 3 6 762 6 3 0.42857142857142855
539 4 3 762 3 0 0.0
540 4 3 763 3 0 0.0
540 3 6 763 6 3 0.42857142857142855
541 4 3 763 3 0 0.0
541 3 6 763 6 3 0.42857142857142855
542 4 3 763 3 0 0.0
542 3 6 763 6 3 0.42857142857142855
543 4 3 763 3 0 0.0
543 3 6 763 6 3 0.42857142857142855
544 4 3 763 3 0 0.0
545 4 3 763 3 0 0.0
545 3 6 763 6 3 0.42857142857142855
546 4 3 763 3 0 0.0
546 3 6 763 6 3 0.42857142857142855
547 4 3 763 3 0 0.0
547 3 6 763 6 3 0.42857142857142855
548 4 3 763 3 0 0.0
548 3 6 763 6 3 0.42857142857142855
549 4 3 764 3 0 0.0
549 3 6 764 6 3 0.42857142857142855
550 4 3 764 3 0 0.0
550 3 6 764 6 3 0.42857142857142855
551 4 3 765 3 0 0.0
551 3 6 766 6 3 0.42857142857142855
552 4 3 766 3 0 0.0
553 4 3 766 3 0 0.0
554 4 3 766 3 0 0.0
554 3 6 766 6 3 0.42857142857142855
554 2 10 766 10 7 1.0
555 3 6 766 6 3 0.42857142857142855
555 4 3 766 3 0 0.0
556 4 3 766 3 0 0.0
556 3 6 766 6 3 0.42857142857142855
557 4 3 766 3 0 0.0
557 3 6 766 6 3 0.42857142857142855
558 4 3 767 3 0 0.0
559 4 3 767 3 0 0.0
559 3 6 768 6 3 0.42857142857142855
560 4 3 768 3 0 0.0
561 4 3 768 3 0 0.0
562 4 3 769 3 0 0.0
562 2 10 770 10 7 1.0
563 4 3 770 3 0 0.0
564 4 3 771 3 0 0.0
565 4 3 771 3 0 0.0
565 3 6 771 6 3 0.42857142857142855
566 4 3 771 3 0 0.0
567 4 3 771 3 0 0.0
567 3 6 771 6 3 0.42857142857142855
568 3 6 771 6 3 0.42857142857142855
568 4 3 771 3 0 0.0
569 4 3 772 3 0 0.0
570 4 3 773 3 0 0.0
571 4 3 773 3 0 0.0
572 4 3 773 3 0 0.0
573 3 6 774 6 3 0.42857142857142855
573 4 3 774 3 0 0.0
574 4 3 774 3 0 0.0
574 3 6 774 6 3 0.42857142857142855
575 4 3 774 3 0 0.0
576 4 3 774 3 0 0.0
576 3 6 774 6 3 0.42857142857142855
577 4 3 774 3 0 0.0
577 3 6 774 6 3 0.42857142857142855
578 4 3 774 3 0 0.0
579 4 3 774 3 0 0.0
580 4 3 776 3 0 0.0
581 4 3 777 3 0 0.0
581 3 6 778 6 3 0.42857142857142855
582 4 3 779 3 0 0.0
583 4 3 779 3 0 0.0
583 3 6 779 6 3 0.42857142857142855
584 4 3 780 3 0 0.0
585 4 3 782 3 0 0.0
586 4 3 783 3 0 0.0
587 4 3 785 3 0 0.0
588 4 3 787 3 0 0.0
588 3 6 787 6 3 0.42857142857142855
589 4 3 787 3 0 0.0
590 4 3 787 3 0 0.0
590 3 6 788 6 3 0.42857142857142855
591 4 3 788 3 0 0.0
591 3 6 788 6 3 0.42857142857142855
592 4 3 788 3 0 0.0
593 4 3 788 3 0 0.0
594 4 3 788 3 0 0.0
594 3 6 788 6 3 0.42857142857142855
595 4 3 788 3 0 0.0
596 3 6 789 6 3 0.42857142857142855
596 4 3 790 3 0 0.0
597 4 3 790 3 0 0.0
597 3 6 790 6 3 0.42857142857142855
598 4 3 790 3 0 0.0
598 3 6 790 6 3 0.42857142857142855
599 4 3 790 3 0 0.0
599 3 6 790 6 3 0.42857142857142855
600 4 3 790 3 0 0.0
600 3 6 791 6 3 0.42857142857142855
601 4 3 791 3 0 0.0
601 3 6 791 6 3 0.42857142857142855
602 4 3 791 3 0 0.0
603 4 3 791 3 0 0.0
603 3 6 791 6 3 0.42857142857142855
604 4 3 792 3 0 0.0
604 3 6 792 6 3 0.42857142857142855
605 4 3 792 3 0 0.0
605 3 6 792 6 3 0.42857142857142855
606 4 3 792 3 0 0.0
606 3 6 792 6 3 0.42857142857142855
607 4 3 792 3 0 0.0
608 4 3 793 3 0 0.0
608 3 6 793 6 3 0.42857142857142855
609 4 3 794 3 0 0.0
609 3 6 794 6 3 0.42857142857142855
610 4 3 794 3 0 0.0
610 3 6 795 6 3 0.42857142857142855
611 4 3 795 3 0 0.0
612 4 3 795 3 0 0.0
612 3 6 795 6 3 0.42857142857142855
613 4 3 795 3 0 0.0
613 3 6 795 6 3 0.42857142857142855
614 3 6 796 6 3 0.42857142857142855
614 4 3 796 3 0 0.0
615 4 3 796 3 0 0.0
615 3 6 796 6 3 0.42857142857142855
616 4 3 796 3 0 0.0
617 4 3 796 3 0 0.0
617 3 6 796 6 3 0.42857142857142855
618 4 3 797 3 0 0.0
618 3 6 797 6 3 0.42857142857142855
619 4 3 797 3 0 0.0
620 4 3 797 3 0 0.0
621 4 3 798 3 0 0.0
621 3 6 798 6 3 0.42857142857142855
622 4 3 799 3 0 0.0
623 4 3 800 3 0 0.0
623 3 6 800 6 3 0.42857142857142855
624 4 3 800 3 0 0.0
624 3 6 800 6 3 0.42857142857142855
625 4 3 801 3 0 0.0
625 3 6 801 6 3 0.42857142857142855
626 4 3 801 3 0 0.0
627 3 3 803 3 0 0.0
628 1 9 803 9 6 0.8571428571428571
629 1 9 804 9 6 0.8571428571428571
630 1 9 804 9 6 0.8571428571428571
630 2 6 804 6 3 0.42857142857142855
631 1 9 804 9 6 0.8571428571428571
632 1 9 804 9 6 0.8571428571428571
633 1 9 806 9 6 0.8571428571428571
634 1 9 806 9 6 0.8571428571428571
635 1 9 806 9 6 0.8571428571428571
636 1 9 806 9 6 0.8571428571428571
637 1 9 806 9 6 0.8571428571428571
638 1 9 806 9 6 0.8571428571428571
639 1 9 807 9 6 0.8571428571428571
640 3 6 807 6 3 0.42857142857142855
640 1 9 807 9 6 0.8571428571428571
641 1 9 807 9 6 0.8571428571428571
641 2 5 807 5 2 0.2857142857142857
642 2 8 808 8 5 0.7142857142857143
642 1 9 808 9 6 0.8571428571428571
643 2 8 808 8 5 0.7142857142857143
643 1 9 808 9 6 0.8571428571428571
644 1 9 808 9 6 0.8571428571428571
645 1 9 808 9 6 0.8571428571428571
646 2 6 808 6 3 0.42857142857142855
646 1 9 808 9 6 0.8571428571428571
647 1 9 808 9 6 0.8571428571428571
648 1 9 808 9 6 0.8571428571428571
649 1 9 808 9 6 0.8571428571428571
650 1 9 808 9 6 0.8571428571428571
651 1 9 809 9 6 0.8571428571428571
652 1 9 809 9 6 0.8571428571428571
653 1 9 810 9 6 0.8571428571428571
654 1 9 810 9 6 0.8571428571428571
655 1 9 810 9 6 0.8571428571428571
655 2 8 811 8 5 0.7142857142857143
656 1 9 811 9 6 0.8571428571428571
657 1 9 812 9 6 0.8571428571428571
657 2 8 812 8 5 0.7142857142857143
658 1 9 812 9 6 0.8571428571428571
659 3 8 812 8 5 0.7142857142857143
659 1 9 812 9 6 0.8571428571428571
660 1 9 812 9 6 0.8571428571428571
661 1 9 812 9 6 0.8571428571428571
662 1 9 812 9 6 0.8571428571428571
663 1 9 812 9 6 0.8571428571428571
663 2 8 812 8 5 0.7142857142857143
664 1 9 812 9 6 0.8571428571428571
665 1 9 812 9 6 0.8571428571428571
666 1 9 812 9 6 0.8571428571428571
667 1 9 812 9 6 0.8571428571428571
668 1 9 812 9 6 0.8571428571428571
669 1 9 814 9 6 0.8571428571428571
670 1 9 814 9 6 0.8571428571428571
671 1 9 814 9 6 0.8571428571428571
672 1 9 814 9 6 0.8571428571428571
673 1 9 814 9 6 0.8571428571428571
674 1 9 815 9 6 0.8571428571428571
675 1 9 815 9 6 0.8571428571428571
676 1 9 815 9 6 0.8571428571428571
677 1 9 815 9 6 0.8571428571428571
678 1 9 815 9 6 0.8571428571428571
679 1 9 815 9 6 0.8571428571428571
680 1 9 816 9 6 0.8571428571428571
681 1 9 816 9 6 0.8571428571428571
682 1 9 816 9 6 0.8571428571428571
683 1 9 816 9 6 0.8571428571428571
684 1 9 818 9 6 0.8571428571428571
685 1 9 818 9 6 0.8571428571428571
686 1 9 818 9 6 0.8571428571428571
687 1 9 818 9 6 0.8571428571428571
688 1 9 818 9 6 0.8571428571428571
689 1 9 819 9 6 0.8571428571428571
690 1 9 819 9 6 0.8571428571428571
691 1 9 819 9 6 0.8571428571428571
692 1 9 819 9 6 0.8571428571428571
693 1 9 819 9 6 0.8571428571428571
694 1 9 819 9 6 0.8571428571428571
695 1 9 820 9 6 0.8571428571428571
696 1 9 820 9 6 0.8571428571428571
697 1 9 820 9 6 0.8571428571428571
698 1 9 820 9 6 0.8571428571428571
699 1 9 820 9 6 0.8571428571428571
700 1 9 820 9 6 0.8571428571428571
701 1 9 820 9 6 0.8571428571428571
702 1 9 820 9 6 0.8571428571428571
703 1 9 821 9 6 0.8571428571428571
704 1 9 821 9 6 0.8571428571428571
705 1 9 821 9 6 0.8571428571428571
705 2 6 821 6 3 0.42857142857142855
706 1 9 821 9 6 0.8571428571428571
707 1 9 821 9 6 0.8571428571428571
707 2 5 821 5 2 0.2857142857142857
708 1 9 821 9 6 0.8571428571428571
709 1 9 821 9 6 0.8571428571428571
710 1 9 821 9 6 0.8571428571428571
711 1 9 821 9 6 0.8571428571428571
712 1 9 821 9 6 0.8571428571428571
713 1 9 821 9 6 0.8571428571428571
714 1 9 821 9 6 0.8571428571428571
715 1 9 821 9 6 0.8571428571428571
716 1 9 821 9 6 0.8571428571428571
716 2 7 821 7 4 0.5714285714285714
717 1 9 821 9 6 0.8571428571428571
718 1 9 822 9 6 0.8571428571428571
719 1 9 822 9 6 0.8571428571428571
720 1 9 822 9 6 0.8571428571428571
721 1 9 822 9 6 0.8571428571428571
722 1 9 823 9 6 0.8571428571428571
723 1 9 823 9 6 0.8571428571428571
724 1 9 823 9 6 0.8571428571428571
725 1 9 824 9 6 0.8571428571428571
725 2 8 824 8 5 0.7142857142857143
726 1 9 824 9 6 0.8571428571428571
727 1 9 824 9 6 0.8571428571428571
727 2 8 824 8 5 0.7142857142857143
728 1 9 824 9 6 0.8571428571428571
729 1 9 824 9 6 0.8571428571428571
730 1 9 824 9 6 0.8571428571428571
731 1 9 826 9 6 0.8571428571428571
732 1 9 826 9 6 0.8571428571428571
733 1 9 826 9 6 0.8571428571428571
734 1 9 826 9 6 0.8571428571428571
734 2 8 826 8 5 0.7142857142857143
735 1 9 826 9 6 0.8571428571428571
736 1 9 826 9 6 0.8571428571428571
737 1 9 826 9 6 0.8571428571428571
738 1 9 826 9 6 0.8571428571428571
739 3 6 827 6 3 0.42857142857142855
739 1 9 827 9 6 0.8571428571428571
740 1 9 829 9 6 0.8571428571428571
741 1 9 829 9 6 0.8571428571428571
742 1 9 830 9 6 0.8571428571428571
743 1 9 831 9 6 0.8571428571428571
744 1 9 831 9 6 0.8571428571428571
745 1 9 831 9 6 0.8571428571428571
746 1 9 831 9 6 0.8571428571428571
747 1 9 831 9 6 0.8571428571428571
748 1 9 831 9 6 0.8571428571428571
749 1 9 831 9 6 0.8571428571428571
749 2 8 831 8 5 0.7142857142857143
750 1 9 831 9 6 0.8571428571428571
751 1 9 831 9 6 0.8571428571428571
752 1 9 831 9 6 0.8571428571428571
753 1 9 831 9 6 0.8571428571428571
754 1 9 831 9 6 0.8571428571428571
755 1 9 831 9 6 0.8571428571428571
755 2 7 831 7 4 0.5714285714285714
756 1 9 831 9 6 0.8571428571428571
757 1 9 831 9 6 0.8571428571428571
758 1 9 831 9 6 0.8571428571428571
759 1 9 831 9 6 0.8571428571428571
760 1 9 831 9 6 0.8571428571428571
761 1 9 831 9 6 0.8571428571428571
762 1 9 831 9 6 0.8571428571428571
763 1 9 831 9 6 0.8571428571428571
764 1 9 831 9 6 0.8571428571428571
765 1 9 831 9 6 0.8571428571428571
766 1 9 831 9 6 0.8571428571428571
767 1 9 831 9 6 0.8571428571428571
768 1 9 832 9 6 0.8571428571428571
769 1 9 832 9 6 0.8571428571428571
770 1 9 832 9 6 0.8571428571428571
771 1 9 832 9 6 0.8571428571428571
772 1 9 832 9 6 0.8571428571428571
773 1 9 832 9 6 0.8571428571428571
774 1 9 833 9 6 0.8571428571428571
774 2 8 833 8 5 0.7142857142857143
775 2 8 833 8 5 0.7142857142857143
775 1 9 833 9 6 0.8571428571428571
776 1 9 833 9 6 0.8571428571428571
777 1 9 833 9 6 0.8571428571428571
777 2 8 833 8 5 0.7142857142857143
778 1 9 834 9 6 0.8571428571428571
779 1 9 834 9 6 0.8571428571428571
780 1 9 834 9 6 0.8571428571428571
781 1 9 834 9 6 0.8571428571428571
782 1 9 835 9 6 0.8571428571428571
782 2 7 836 7 4 0.5714285714285714
783 1 9 836 9 6 0.8571428571428571
784 1 9 836 9 6 0.8571428571428571
785 1 9 836 9 6 0.8571428571428571
786 1 9 836 9 6 0.8571428571428571
787 1 9 836 9 6 0.8571428571428571
788 1 9 837 9 6 0.8571428571428571
789 1 9 838 9 6 0.8571428571428571
790 1 9 838 9 6 0.8571428571428571
790 2 6 838 6 3 0.42857142857142855
791 1 9 838 9 6 0.8571428571428571
792 1 9 839 9 6 0.8571428571428571
793 1 9 840 9 6 0.8571428571428571
794 1 9 840 9 6 0.8571428571428571
795 1 9 840 9 6 0.8571428571428571
796 1 9 840 9 6 0.8571428571428571
797 1 9 840 9 6 0.8571428571428571
798 1 9 840 9 6 0.8571428571428571
799 1 9 840 9 6 0.8571428571428571
800 1 9 840 9 6 0.8571428571428571
800 2 6 840 6 3 0.42857142857142855
801 1 9 840 9 6 0.8571428571428571
802 1 9 840 9 6 0.8571428571428571
803 1 9 840 9 6 0.8571428571428571
804 1 9 840 9 6 0.8571428571428571
805 1 9 840 9 6 0.8571428571428571
806 1 9 840 9 6 0.8571428571428571
807 1 9 840 9 6 0.8571428571428571
808 1 9 840 9 6 0.8571428571428571
808 2 8 840 8 5 0.7142857142857143
809 1 9 840 9 6 0.8571428571428571
809 2 8 840 8 5 0.7142857142857143
810 1 9 840 9 6 0.8571428571428571
811 2 5 841 5 2 0.2857142857142857
811 1 9 841 9 6 0.8571428571428571
812 1 9 841 9 6 0.8571428571428571
813 1 9 841 9 6 0.8571428571428571
814 2 7 842 7 4 0.5714285714285714
814 1 9 842 9 6 0.8571428571428571
815 1 9 842 9 6 0.8571428571428571
816 1 9 843 9 6 0.8571428571428571
817 1 9 843 9 6 0.8571428571428571
818 1 9 843 9 6 0.8571428571428571
819 1 9 843 9 6 0.8571428571428571
820 1 9 843 9 6 0.8571428571428571
821 1 9 843 9 6 0.8571428571428571
822 1 9 843 9 6 0.8571428571428571
822 2 6 843 6 3 0.42857142857142855
823 1 9 843 9 6 0.8571428571428571
824 1 9 843 9 6 0.8571428571428571
825 1 9 843 9 6 0.8571428571428571
826 1 9 843 9 6 0.8571428571428571
827 1 9 843 9 6 0.8571428571428571
827 2 6 843 6 3 0.42857142857142855
828 1 9 843 9 6 0.8571428571428571
829 1 9 843 9 6 0.8571428571428571
830 1 9 843 9 6 0.8571428571428571
831 1 9 843 9 6 0.8571428571428571
831 2 6 843 6 3 0.42857142857142855
832 1 9 843 9 6 0.8571428571428571
833 2 7 844 7 4 0.5714285714285714
833 1 9 844 9 6 0.8571428571428571
834 1 9 844 9 6 0.8571428571428571
835 1 9 844 9 6 0.8571428571428571
836 1 9 844 9 6 0.8571428571428571
837 1 9 844 9 6 0.8571428571428571
838 1 9 845 9 6 0.8571428571428571
838 2 5 846 5 2 0.2857142857142857
839 1 9 846 9 6 0.8571428571428571
840 1 9 846 9 6 0.8571428571428571
841 1 9 847 9 6 0.8571428571428571
842 1 9 847 9 6 0.8571428571428571
843 1 9 847 9 6 0.8571428571428571
844 1 9 848 9 6 0.8571428571428571
845 1 9 848 9 6 0.8571428571428571
846 1 9 848 9 6 0.8571428571428571
847 1 9 849 9 6 0.8571428571428571
848 1 9 850 9 6 0.8571428571428571
849 1 9 850 9 6 0.8571428571428571
850 1 9 851 9 6 0.8571428571428571
851 1 9 851 9 6 0.8571428571428571
852 1 9 851 9 6 0.8571428571428571
853 1 9 851 9 6 0.8571428571428571
853 2 8 851 8 5 0.7142857142857143
854 1 9 851 9 6 0.8571428571428571
855 1 9 852 9 6 0.8571428571428571
855 2 5 852 5 2 0.2857142857142857
856 1 9 852 9 6 0.8571428571428571
857 1 9 852 9 6 0.8571428571428571
858 2 6 852 6 3 0.42857142857142855
858 1 9 852 9 6 0.8571428571428571
859 1 9 852 9 6 0.8571428571428571
860 1 9 852 9 6 0.8571428571428571
861 1 9 852 9 6 0.8571428571428571
862 1 9 852 9 6 0.8571428571428571
863 1 9 853 9 6 0.8571428571428571
864 1 9 853 9 6 0.8571428571428571
865 1 9 853 9 6 0.8571428571428571
866 1 9 854 9 6 0.8571428571428571
867 1 9 854 9 6 0.8571428571428571
868 1 9 854 9 6 0.8571428571428571
869 1 9 854 9 6 0.8571428571428571
870 1 9 854 9 6 0.8571428571428571
870 2 8 854 8 5 0.7142857142857143
871 1 9 855 9 6 0.8571428571428571
871 2 8 855 8 5 0.7142857142857143
872 1 9 855 9 6 0.8571428571428571
873 1 9 855 9 6 0.8571428571428571
874 1 9 855 9 6 0.8571428571428571
874 2 7 855 7 4 0.5714285714285714
875 1 9 855 9 6 0.8571428571428571
876 1 9 855 9 6 0.8571428571428571
877 1 9 855 9 6 0.8571428571428571
878 1 9 855 9 6 0.8571428571428571
879 1 9 855 9 6 0.8571428571428571
880 1 9 855 9 6 0.8571428571428571
881 1 9 855 9 6 0.8571428571428571
882 1 9 855 9 6 0.8571428571428571
882 2 7 855 7 4 0.5714285714285714
883 1 9 855 9 6 0.8571428571428571
884 1 9 855 9 6 0.8571428571428571
885 1 9 855 9 6 0.8571428571428571
886 1 9 855 9 6 0.8571428571428571
887 1 9 855 9 6 0.8571428571428571
888 1 9 855 9 6 0.8571428571428571
889 1 9 856 9 6 0.8571428571428571
890 1 9 857 9 6 0.8571428571428571
890 2 8 857 8 5 0.7142857142857143
891 1 9 858 9 6 0.8571428571428571
892 1 9 858 9 6 0.8571428571428571
892 2 7 858 7 4 0.5714285714285714
893 1 9 858 9 6 0.8571428571428571
894 1 9 858 9 6 0.8571428571428571
895 1 9 858 9 6 0.8571428571428571
896 1 9 858 9 6 0.8571428571428571
897 1 9 858 9 6 0.8571428571428571
898 1 9 859 9 6 0.8571428571428571
899 1 9 859 9 6 0.8571428571428571
900 1 9 859 9 6 0.8571428571428571
901 1 9 859 9 6 0.8571428571428571
901 2 7 859 7 4 0.5714285714285714
902 1 9 859 9 6 0.8571428571428571
902 2 6 859 6 3 0.42857142857142855
903 1 9 859 9 6 0.8571428571428571
904 1 9 859 9 6 0.8571428571428571
905 1 9 859 9 6 0.8571428571428571
906 1 9 859 9 6 0.8571428571428571
906 2 7 859 7 4 0.5714285714285714
907 2 8 859 8 5 0.7142857142857143
907 1 9 859 9 6 0.8571428571428571
908 1 9 859 9 6 0.8571428571428571
909 1 9 859 9 6 0.8571428571428571
910 1 9 859 9 6 0.8571428571428571
910 2 8 859 8 5 0.7142857142857143
911 1 9 859 9 6 0.8571428571428571
912 1 9 860 9 6 0.8571428571428571
912 2 5 860 5 2 0.2857142857142857
913 1 9 860 9 6 0.8571428571428571
913 3 6 861 6 3 0.42857142857142855
914 1 9 861 9 6 0.8571428571428571
915 1 9 861 9 6 0.8571428571428571
915 2 7 862 7 4 0.5714285714285714
916 1 9 862 9 6 0.8571428571428571
917 1 9 862 9 6 0.8571428571428571
917 2 8 862 8 5 0.7142857142857143
918 1 9 863 9 6 0.8571428571428571
919 1 9 863 9 6 0.8571428571428571
920 1 9 864 9 6 0.8571428571428571
921 1 9 864 9 6 0.8571428571428571
922 1 9 864 9 6 0.8571428571428571
923 1 9 866 9 6 0.8571428571428571
924 1 9 868 9 6 0.8571428571428571
925 1 9 868 9 6 0.8571428571428571
925 2 6 868 6 3 0.42857142857142855
926 1 9 869 9 6 0.8571428571428571
927 1 9 869 9 6 0.8571428571428571
928 1 9 869 9 6 0.8571428571428571
928 2 8 869 8 5 0.7142857142857143
929 1 9 869 9 6 0.8571428571428571
929 2 6 869 6 3 0.42857142857142855
930 1 9 869 9 6 0.8571428571428571
931 1 9 869 9 6 0.8571428571428571
932 1 9 869 9 6 0.8571428571428571
933 1 9 869 9 6 0.8571428571428571
934 1 9 869 9 6 0.8571428571428571
935 1 9 869 9 6 0.8571428571428571
936 1 9 870 9 6 0.8571428571428571
937 1 9 870 9 6 0.8571428571428571
938 1 9 870 9 6 0.8571428571428571
939 1 9 870 9 6 0.8571428571428571
940 1 9 870 9 6 0.8571428571428571
941 1 9 870 9 6 0.8571428571428571
942 1 9 870 9 6 0.8571428571428571
943 1 9 870 9 6 0.8571428571428571
944 1 9 870 9 6 0.8571428571428571
945 1 9 870 9 6 0.8571428571428571
946 1 9 870 9 6 0.8571428571428571
947 1 9 870 9 6 0.8571428571428571
948 1 9 870 9 6 0.8571428571428571
949 1 9 871 9 6 0.8571428571428571
950 1 9 871 9 6 0.8571428571428571
951 2 5 871 5 2 0.2857142857142857
951 1 9 871 9 6 0.8571428571428571
952 1 9 871 9 6 0.8571428571428571
953 1 9 871 9 6 0.8571428571428571
954 1 9 871 9 6 0.8571428571428571
955 1 9 872 9 6 0.8571428571428571
956 1 9 873 9 6 0.8571428571428571
957 1 9 873 9 6 0.8571428571428571
958 1 9 873 9 6 0.8571428571428571
959 1 9 873 9 6 0.8571428571428571
960 1 9 873 9 6 0.8571428571428571
961 1 9 874 9 6 0.8571428571428571
962 1 9 874 9 6 0.8571428571428571
963 1 9 874 9 6 0.8571428571428571
964 1 9 874 9 6 0.8571428571428571
964 3 6 874 6 3 0.42857142857142855
965 1 9 874 9 6 0.8571428571428571
966 1 9 874 9 6 0.8571428571428571
967 1 9 874 9 6 0.8571428571428571
968 1 9 874 9 6 0.8571428571428571
969 1 9 874 9 6 0.8571428571428571
970 1 9 874 9 6 0.8571428571428571
970 2 8 874 8 5 0.7142857142857143
971 1 9 874 9 6 0.8571428571428571
972 1 9 874 9 6 0.8571428571428571
973 1 9 874 9 6 0.8571428571428571
974 1 9 874 9 6 0.8571428571428571
975 1 9 875 9 6 0.8571428571428571
976 1 9 875 9 6 0.8571428571428571
977 1 9 876 9 6 0.8571428571428571
978 1 9 876 9 6 0.8571428571428571
978 2 8 876 8 5 0.7142857142857143
979 1 9 876 9 6 0.8571428571428571
980 1 9 876 9 6 0.8571428571428571
981 1 9 876 9 6 0.8571428571428571
981 2 8 876 8 5 0.7142857142857143
982 1 9 876 9 6 0.8571428571428571
983 1 9 876 9 6 0.8571428571428571
984 1 9 876 9 6 0.8571428571428571
985 1 9 877 9 6 0.8571428571428571
986 1 9 877 9 6 0.8571428571428571
987 1 9 877 9 6 0.8571428571428571
988 1 9 877 9 6 0.8571428571428571
989 1 9 877 9 6 0.8571428571428571
990 1 9 877 9 6 0.8571428571428571
991 1 9 877 9 6 0.8571428571428571
992 1 9 877 9 6 0.8571428571428571
993 1 9 878 9 6 0.8571428571428571
993 2 6 878 6 3 0.42857142857142855
994 1 9 878 9 6 0.8571428571428571
995 1 9 878 9 6 0.8571428571428571
996 1 9 878 9 6 0.8571428571428571
997 1 9 878 9 6 0.8571428571428571
998 1 9 878 9 6 0.8571428571428571
999 1 9 878 9 6 0.8571428571428571
1000 1 9 878 9 6 0.8571428571428571
