gen testSuiteSize notKilledMutants number_of_tests no_discount_objective no_equiv_mut_not_killed no_equiv_mut_not_killed_perc
1 6 9 28 9 8 0.8888888888888888
1 3 10 31 10 9 1.0
2 3 10 50 10 9 1.0
3 5 9 55 9 8 0.8888888888888888
4 3 10 59 10 9 1.0
5 3 10 64 10 9 1.0
6 3 10 68 10 9 1.0
7 3 10 71 10 9 1.0
8 3 10 75 10 9 1.0
9 3 10 78 10 9 1.0
10 3 9 83 9 8 0.8888888888888888
11 3 9 84 9 8 0.8888888888888888
12 3 9 88 9 8 0.8888888888888888
13 3 9 90 9 8 0.8888888888888888
14 3 9 90 9 8 0.8888888888888888
15 3 9 92 9 8 0.8888888888888888
16 3 9 95 9 8 0.8888888888888888
17 3 9 97 9 8 0.8888888888888888
18 3 9 98 9 8 0.8888888888888888
19 3 9 100 9 8 0.8888888888888888
20 3 9 103 9 8 0.8888888888888888
21 3 8 106 8 7 0.7777777777777778
22 3 8 110 8 7 0.7777777777777778
23 3 8 112 8 7 0.7777777777777778
24 3 8 114 8 7 0.7777777777777778
25 3 8 118 8 7 0.7777777777777778
26 3 8 126 8 7 0.7777777777777778
27 3 8 128 8 7 0.7777777777777778
28 3 8 132 8 7 0.7777777777777778
29 3 8 134 8 7 0.7777777777777778
30 3 8 141 8 7 0.7777777777777778
31 3 8 143 8 7 0.7777777777777778
32 3 8 146 8 7 0.7777777777777778
33 3 8 148 8 7 0.7777777777777778
34 3 8 151 8 7 0.7777777777777778
35 3 8 154 8 7 0.7777777777777778
36 3 8 155 8 7 0.7777777777777778
37 3 8 159 8 7 0.7777777777777778
38 3 8 162 8 7 0.7777777777777778
39 3 8 166 8 7 0.7777777777777778
40 3 8 168 8 7 0.7777777777777778
40 4 5 169 5 4 0.4444444444444444
41 3 8 172 8 7 0.7777777777777778
42 3 8 174 8 7 0.7777777777777778
43 3 8 176 8 7 0.7777777777777778
44 3 8 177 8 7 0.7777777777777778
45 3 8 177 8 7 0.7777777777777778
46 3 8 177 8 7 0.7777777777777778
47 3 8 179 8 7 0.7777777777777778
48 3 8 181 8 7 0.7777777777777778
49 3 8 181 8 7 0.7777777777777778
50 3 8 183 8 7 0.7777777777777778
51 3 8 185 8 7 0.7777777777777778
52 3 8 188 8 7 0.7777777777777778
53 3 8 191 8 7 0.7777777777777778
54 3 8 191 8 7 0.7777777777777778
55 3 8 193 8 7 0.7777777777777778
55 4 7 195 7 6 0.6666666666666666
56 3 8 197 8 7 0.7777777777777778
57 3 8 200 8 7 0.7777777777777778
58 3 8 200 8 7 0.7777777777777778
59 3 8 202 8 7 0.7777777777777778
60 3 8 204 8 7 0.7777777777777778
61 3 8 206 8 7 0.7777777777777778
62 3 8 208 8 7 0.7777777777777778
63 3 8 209 8 7 0.7777777777777778
64 3 8 212 8 7 0.7777777777777778
65 3 8 212 8 7 0.7777777777777778
66 3 8 216 8 7 0.7777777777777778
67 3 8 217 8 7 0.7777777777777778
68 3 8 219 8 7 0.7777777777777778
69 3 8 221 8 7 0.7777777777777778
70 3 8 223 8 7 0.7777777777777778
71 3 8 225 8 7 0.7777777777777778
72 3 8 228 8 7 0.7777777777777778
73 3 8 229 8 7 0.7777777777777778
74 3 8 230 8 7 0.7777777777777778
75 3 8 236 8 7 0.7777777777777778
76 3 8 238 8 7 0.7777777777777778
77 3 8 242 8 7 0.7777777777777778
78 3 8 244 8 7 0.7777777777777778
79 3 8 246 8 7 0.7777777777777778
80 3 8 247 8 7 0.7777777777777778
81 3 8 248 8 7 0.7777777777777778
82 3 8 252 8 7 0.7777777777777778
83 3 8 255 8 7 0.7777777777777778
84 3 8 257 8 7 0.7777777777777778
85 3 8 259 8 7 0.7777777777777778
86 3 8 259 8 7 0.7777777777777778
87 3 8 261 8 7 0.7777777777777778
88 3 8 263 8 7 0.7777777777777778
89 3 8 264 8 7 0.7777777777777778
90 3 8 266 8 7 0.7777777777777778
91 3 8 268 8 7 0.7777777777777778
92 3 8 271 8 7 0.7777777777777778
93 3 8 274 8 7 0.7777777777777778
94 3 8 278 8 7 0.7777777777777778
95 3 8 278 8 7 0.7777777777777778
96 3 7 282 7 6 0.6666666666666666
97 4 5 283 5 4 0.4444444444444444
98 4 5 286 5 4 0.4444444444444444
99 4 4 291 4 3 0.3333333333333333
100 3 7 291 7 6 0.6666666666666666
101 3 7 293 7 6 0.6666666666666666
102 3 7 296 7 6 0.6666666666666666
103 3 7 297 7 6 0.6666666666666666
104 3 7 300 7 6 0.6666666666666666
105 3 7 302 7 6 0.6666666666666666
106 3 7 304 7 6 0.6666666666666666
107 3 7 305 7 6 0.6666666666666666
107 4 6 306 6 5 0.5555555555555556
108 3 7 307 7 6 0.6666666666666666
109 3 7 308 7 6 0.6666666666666666
110 3 7 311 7 6 0.6666666666666666
111 3 7 316 7 6 0.6666666666666666
112 3 7 317 7 6 0.6666666666666666
113 3 7 317 7 6 0.6666666666666666
114 3 7 319 7 6 0.6666666666666666
115 3 7 322 7 6 0.6666666666666666
116 3 7 324 7 6 0.6666666666666666
117 3 7 327 7 6 0.6666666666666666
118 3 7 330 7 6 0.6666666666666666
119 3 7 331 7 6 0.6666666666666666
119 2 9 333 9 8 0.8888888888888888
120 4 4 334 4 3 0.3333333333333333
121 4 4 336 4 3 0.3333333333333333
122 4 4 337 4 3 0.3333333333333333
123 4 4 340 4 3 0.3333333333333333
124 4 4 342 4 3 0.3333333333333333
125 4 4 346 4 3 0.3333333333333333
126 4 4 349 4 3 0.3333333333333333
127 4 4 350 4 3 0.3333333333333333
128 4 4 351 4 3 0.3333333333333333
128 3 8 356 8 7 0.7777777777777778
129 4 4 359 4 3 0.3333333333333333
130 4 4 359 4 3 0.3333333333333333
131 3 8 360 8 7 0.7777777777777778
131 4 4 361 4 3 0.3333333333333333
132 4 4 362 4 3 0.3333333333333333
133 4 4 365 4 3 0.3333333333333333
134 4 4 366 4 3 0.3333333333333333
135 4 4 368 4 3 0.3333333333333333
135 3 8 370 8 7 0.7777777777777778
136 3 8 370 8 7 0.7777777777777778
136 4 4 370 4 3 0.3333333333333333
137 4 4 372 4 3 0.3333333333333333
138 4 4 374 4 3 0.3333333333333333
139 4 4 380 4 3 0.3333333333333333
139 3 8 381 8 7 0.7777777777777778
140 4 4 383 4 3 0.3333333333333333
141 4 4 384 4 3 0.3333333333333333
142 4 4 387 4 3 0.3333333333333333
143 4 4 389 4 3 0.3333333333333333
144 4 4 390 4 3 0.3333333333333333
144 3 8 390 8 7 0.7777777777777778
145 4 4 394 4 3 0.3333333333333333
145 3 8 394 8 7 0.7777777777777778
146 4 4 396 4 3 0.3333333333333333
147 4 4 398 4 3 0.3333333333333333
147 3 8 399 8 7 0.7777777777777778
148 4 4 399 4 3 0.3333333333333333
149 4 4 403 4 3 0.3333333333333333
150 4 4 405 4 3 0.3333333333333333
150 3 8 406 8 7 0.7777777777777778
151 3 8 406 8 7 0.7777777777777778
151 4 4 406 4 3 0.3333333333333333
152 4 4 409 4 3 0.3333333333333333
153 4 4 410 4 3 0.3333333333333333
154 4 4 412 4 3 0.3333333333333333
154 3 8 415 8 7 0.7777777777777778
155 4 4 416 4 3 0.3333333333333333
156 4 4 418 4 3 0.3333333333333333
157 3 8 419 8 7 0.7777777777777778
157 4 4 419 4 3 0.3333333333333333
158 4 4 420 4 3 0.3333333333333333
158 3 8 420 8 7 0.7777777777777778
159 4 4 422 4 3 0.3333333333333333
159 3 8 422 8 7 0.7777777777777778
160 4 4 422 4 3 0.3333333333333333
161 4 4 425 4 3 0.3333333333333333
162 4 4 425 4 3 0.3333333333333333
162 3 8 425 8 7 0.7777777777777778
163 4 4 426 4 3 0.3333333333333333
164 4 4 428 4 3 0.3333333333333333
165 4 4 429 4 3 0.3333333333333333
165 3 8 429 8 7 0.7777777777777778
166 4 4 429 4 3 0.3333333333333333
167 4 4 432 4 3 0.3333333333333333
168 4 4 435 4 3 0.3333333333333333
169 4 4 438 4 3 0.3333333333333333
169 3 8 439 8 7 0.7777777777777778
170 4 4 441 4 3 0.3333333333333333
170 3 8 442 8 7 0.7777777777777778
171 3 8 442 8 7 0.7777777777777778
171 4 4 442 4 3 0.3333333333333333
172 4 4 444 4 3 0.3333333333333333
173 4 4 446 4 3 0.3333333333333333
173 3 8 447 8 7 0.7777777777777778
174 4 4 449 4 3 0.3333333333333333
174 3 6 449 6 5 0.5555555555555556
175 4 4 451 4 3 0.3333333333333333
176 4 4 451 4 3 0.3333333333333333
176 3 8 451 8 7 0.7777777777777778
177 4 4 451 4 3 0.3333333333333333
177 3 8 451 8 7 0.7777777777777778
178 4 4 452 4 3 0.3333333333333333
179 4 4 454 4 3 0.3333333333333333
180 4 4 455 4 3 0.3333333333333333
180 3 8 456 8 7 0.7777777777777778
181 4 4 457 4 3 0.3333333333333333
182 4 4 458 4 3 0.3333333333333333
182 3 8 458 8 7 0.7777777777777778
183 4 4 458 4 3 0.3333333333333333
183 3 8 458 8 7 0.7777777777777778
184 4 4 458 4 3 0.3333333333333333
184 3 8 459 8 7 0.7777777777777778
185 4 4 459 4 3 0.3333333333333333
186 4 4 460 4 3 0.3333333333333333
187 4 4 461 4 3 0.3333333333333333
188 4 4 464 4 3 0.3333333333333333
188 3 8 464 8 7 0.7777777777777778
189 3 8 465 8 7 0.7777777777777778
189 4 4 465 4 3 0.3333333333333333
190 4 4 466 4 3 0.3333333333333333
191 4 4 467 4 3 0.3333333333333333
192 3 10 472 10 9 1.0
192 4 4 472 4 3 0.3333333333333333
193 4 4 472 4 3 0.3333333333333333
194 4 4 477 4 3 0.3333333333333333
195 4 4 480 4 3 0.3333333333333333
195 3 8 481 8 7 0.7777777777777778
196 4 4 482 4 3 0.3333333333333333
196 3 8 482 8 7 0.7777777777777778
197 3 10 482 10 9 1.0
197 4 4 482 4 3 0.3333333333333333
198 4 4 483 4 3 0.3333333333333333
198 3 8 485 8 7 0.7777777777777778
199 3 8 486 8 7 0.7777777777777778
199 4 4 486 4 3 0.3333333333333333
200 3 8 488 8 7 0.7777777777777778
200 4 4 489 4 3 0.3333333333333333
201 4 4 490 4 3 0.3333333333333333
201 3 8 491 8 7 0.7777777777777778
202 4 4 493 4 3 0.3333333333333333
202 3 8 493 8 7 0.7777777777777778
203 4 4 495 4 3 0.3333333333333333
204 4 4 496 4 3 0.3333333333333333
205 4 4 497 4 3 0.3333333333333333
206 4 4 500 4 3 0.3333333333333333
206 3 6 502 6 5 0.5555555555555556
207 4 4 502 4 3 0.3333333333333333
207 3 10 503 10 9 1.0
208 4 4 503 4 3 0.3333333333333333
209 4 4 506 4 3 0.3333333333333333
209 3 8 507 8 7 0.7777777777777778
210 4 4 508 4 3 0.3333333333333333
211 4 4 512 4 3 0.3333333333333333
212 3 8 513 8 7 0.7777777777777778
212 4 4 513 4 3 0.3333333333333333
213 4 4 516 4 3 0.3333333333333333
214 4 4 518 4 3 0.3333333333333333
214 3 8 518 8 7 0.7777777777777778
215 4 4 520 4 3 0.3333333333333333
216 4 4 521 4 3 0.3333333333333333
217 4 4 525 4 3 0.3333333333333333
218 4 4 526 4 3 0.3333333333333333
218 3 8 526 8 7 0.7777777777777778
219 4 4 527 4 3 0.3333333333333333
219 3 8 528 8 7 0.7777777777777778
220 4 4 528 4 3 0.3333333333333333
220 3 8 529 8 7 0.7777777777777778
221 4 4 529 4 3 0.3333333333333333
222 4 4 529 4 3 0.3333333333333333
222 3 8 531 8 7 0.7777777777777778
223 3 8 532 8 7 0.7777777777777778
223 4 4 532 4 3 0.3333333333333333
224 4 4 532 4 3 0.3333333333333333
224 3 8 532 8 7 0.7777777777777778
225 3 8 532 8 7 0.7777777777777778
225 4 4 532 4 3 0.3333333333333333
226 4 4 534 4 3 0.3333333333333333
226 3 8 534 8 7 0.7777777777777778
227 4 4 534 4 3 0.3333333333333333
227 3 8 535 8 7 0.7777777777777778
228 4 4 536 4 3 0.3333333333333333
229 4 4 538 4 3 0.3333333333333333
230 4 4 539 4 3 0.3333333333333333
230 3 8 539 8 7 0.7777777777777778
231 4 4 539 4 3 0.3333333333333333
232 4 4 541 4 3 0.3333333333333333
233 4 4 541 4 3 0.3333333333333333
233 3 8 543 8 7 0.7777777777777778
234 4 4 543 4 3 0.3333333333333333
234 3 8 545 8 7 0.7777777777777778
235 4 4 545 4 3 0.3333333333333333
235 3 10 548 10 9 1.0
236 4 4 548 4 3 0.3333333333333333
236 3 8 550 8 7 0.7777777777777778
237 4 4 550 4 3 0.3333333333333333
238 4 4 551 4 3 0.3333333333333333
239 4 4 554 4 3 0.3333333333333333
240 4 4 555 4 3 0.3333333333333333
241 4 4 555 4 3 0.3333333333333333
242 4 4 556 4 3 0.3333333333333333
242 3 8 556 8 7 0.7777777777777778
243 4 4 556 4 3 0.3333333333333333
243 3 8 557 8 7 0.7777777777777778
244 4 4 557 4 3 0.3333333333333333
244 3 8 557 8 7 0.7777777777777778
245 4 4 559 4 3 0.3333333333333333
246 4 4 562 4 3 0.3333333333333333
246 3 8 564 8 7 0.7777777777777778
247 4 4 564 4 3 0.3333333333333333
248 4 4 565 4 3 0.3333333333333333
249 4 4 567 4 3 0.3333333333333333
250 4 4 568 4 3 0.3333333333333333
250 3 8 568 8 7 0.7777777777777778
251 4 4 569 4 3 0.3333333333333333
251 3 10 571 10 9 1.0
252 3 8 571 8 7 0.7777777777777778
252 4 4 571 4 3 0.3333333333333333
253 4 4 573 4 3 0.3333333333333333
254 4 4 575 4 3 0.3333333333333333
255 4 4 575 4 3 0.3333333333333333
255 3 8 575 8 7 0.7777777777777778
256 4 4 576 4 3 0.3333333333333333
256 3 8 576 8 7 0.7777777777777778
257 4 4 576 4 3 0.3333333333333333
258 4 4 576 4 3 0.3333333333333333
258 3 8 577 8 7 0.7777777777777778
259 4 4 577 4 3 0.3333333333333333
259 3 8 578 8 7 0.7777777777777778
260 4 4 578 4 3 0.3333333333333333
261 4 4 580 4 3 0.3333333333333333
261 3 8 580 8 7 0.7777777777777778
262 4 4 583 4 3 0.3333333333333333
263 4 4 586 4 3 0.3333333333333333
264 4 4 588 4 3 0.3333333333333333
265 4 4 589 4 3 0.3333333333333333
265 3 8 590 8 7 0.7777777777777778
266 4 4 591 4 3 0.3333333333333333
267 4 4 593 4 3 0.3333333333333333
268 4 4 593 4 3 0.3333333333333333
269 4 4 594 4 3 0.3333333333333333
269 3 8 594 8 7 0.7777777777777778
270 4 4 594 4 3 0.3333333333333333
271 4 4 596 4 3 0.3333333333333333
272 4 4 599 4 3 0.3333333333333333
273 4 3 601 3 2 0.2222222222222222
273 3 8 601 8 7 0.7777777777777778
274 2 9 602 9 8 0.8888888888888888
275 2 9 602 9 8 0.8888888888888888
276 2 9 603 9 8 0.8888888888888888
276 3 8 603 8 7 0.7777777777777778
277 2 9 604 9 8 0.8888888888888888
278 2 9 604 9 8 0.8888888888888888
279 2 9 605 9 8 0.8888888888888888
280 2 9 605 9 8 0.8888888888888888
281 2 9 606 9 8 0.8888888888888888
282 2 9 607 9 8 0.8888888888888888
283 2 9 607 9 8 0.8888888888888888
284 2 9 610 9 8 0.8888888888888888
285 2 9 610 9 8 0.8888888888888888
286 2 9 611 9 8 0.8888888888888888
287 2 9 613 9 8 0.8888888888888888
288 2 9 613 9 8 0.8888888888888888
289 2 9 613 9 8 0.8888888888888888
290 2 9 613 9 8 0.8888888888888888
291 2 9 614 9 8 0.8888888888888888
292 2 9 615 9 8 0.8888888888888888
293 2 9 615 9 8 0.8888888888888888
294 2 9 615 9 8 0.8888888888888888
295 2 9 616 9 8 0.8888888888888888
296 2 9 616 9 8 0.8888888888888888
297 2 9 616 9 8 0.8888888888888888
298 2 9 616 9 8 0.8888888888888888
299 2 9 618 9 8 0.8888888888888888
300 2 9 618 9 8 0.8888888888888888
301 2 9 618 9 8 0.8888888888888888
301 3 8 619 8 7 0.7777777777777778
302 2 9 619 9 8 0.8888888888888888
303 2 9 619 9 8 0.8888888888888888
304 2 9 621 9 8 0.8888888888888888
305 2 9 621 9 8 0.8888888888888888
306 2 9 622 9 8 0.8888888888888888
307 2 9 624 9 8 0.8888888888888888
308 2 9 624 9 8 0.8888888888888888
309 2 9 624 9 8 0.8888888888888888
310 2 9 625 9 8 0.8888888888888888
311 2 9 625 9 8 0.8888888888888888
312 2 9 625 9 8 0.8888888888888888
312 3 6 625 6 5 0.5555555555555556
313 2 9 625 9 8 0.8888888888888888
314 2 9 625 9 8 0.8888888888888888
314 3 8 625 8 7 0.7777777777777778
315 2 9 626 9 8 0.8888888888888888
316 2 9 626 9 8 0.8888888888888888
317 2 9 626 9 8 0.8888888888888888
318 2 9 627 9 8 0.8888888888888888
319 2 9 628 9 8 0.8888888888888888
320 2 9 629 9 8 0.8888888888888888
321 2 9 629 9 8 0.8888888888888888
322 2 9 629 9 8 0.8888888888888888
323 2 9 632 9 8 0.8888888888888888
324 2 9 634 9 8 0.8888888888888888
325 2 9 635 9 8 0.8888888888888888
326 2 9 635 9 8 0.8888888888888888
327 2 9 637 9 8 0.8888888888888888
328 2 9 637 9 8 0.8888888888888888
329 2 9 637 9 8 0.8888888888888888
330 2 9 637 9 8 0.8888888888888888
331 2 9 638 9 8 0.8888888888888888
332 2 9 640 9 8 0.8888888888888888
333 2 9 640 9 8 0.8888888888888888
334 2 9 641 9 8 0.8888888888888888
335 2 9 643 9 8 0.8888888888888888
336 2 9 643 9 8 0.8888888888888888
337 2 9 644 9 8 0.8888888888888888
338 2 9 644 9 8 0.8888888888888888
339 2 9 644 9 8 0.8888888888888888
340 2 9 646 9 8 0.8888888888888888
341 2 9 647 9 8 0.8888888888888888
342 2 9 648 9 8 0.8888888888888888
343 2 9 648 9 8 0.8888888888888888
344 2 9 649 9 8 0.8888888888888888
345 2 9 651 9 8 0.8888888888888888
346 2 9 653 9 8 0.8888888888888888
347 2 9 654 9 8 0.8888888888888888
348 2 9 656 9 8 0.8888888888888888
349 2 9 656 9 8 0.8888888888888888
350 2 9 656 9 8 0.8888888888888888
351 2 9 656 9 8 0.8888888888888888
352 2 9 659 9 8 0.8888888888888888
353 2 9 659 9 8 0.8888888888888888
354 2 9 662 9 8 0.8888888888888888
355 2 9 662 9 8 0.8888888888888888
356 2 9 664 9 8 0.8888888888888888
357 2 9 665 9 8 0.8888888888888888
358 2 9 666 9 8 0.8888888888888888
359 2 9 667 9 8 0.8888888888888888
360 2 9 669 9 8 0.8888888888888888
361 2 9 669 9 8 0.8888888888888888
362 2 9 669 9 8 0.8888888888888888
362 3 7 669 7 6 0.6666666666666666
363 2 9 670 9 8 0.8888888888888888
364 2 9 671 9 8 0.8888888888888888
365 2 9 673 9 8 0.8888888888888888
366 2 9 673 9 8 0.8888888888888888
367 2 9 674 9 8 0.8888888888888888
368 2 9 676 9 8 0.8888888888888888
369 2 9 676 9 8 0.8888888888888888
370 2 9 676 9 8 0.8888888888888888
371 2 9 676 9 8 0.8888888888888888
372 2 9 676 9 8 0.8888888888888888
373 2 9 676 9 8 0.8888888888888888
374 2 9 677 9 8 0.8888888888888888
375 2 9 679 9 8 0.8888888888888888
376 2 9 680 9 8 0.8888888888888888
377 2 9 681 9 8 0.8888888888888888
378 2 9 681 9 8 0.8888888888888888
379 2 9 682 9 8 0.8888888888888888
380 2 9 683 9 8 0.8888888888888888
381 2 9 684 9 8 0.8888888888888888
382 2 9 686 9 8 0.8888888888888888
382 3 6 687 6 5 0.5555555555555556
383 2 9 687 9 8 0.8888888888888888
384 2 9 687 9 8 0.8888888888888888
385 2 9 687 9 8 0.8888888888888888
386 2 9 687 9 8 0.8888888888888888
387 2 9 688 9 8 0.8888888888888888
388 2 9 688 9 8 0.8888888888888888
389 2 9 688 9 8 0.8888888888888888
390 2 9 689 9 8 0.8888888888888888
391 2 9 691 9 8 0.8888888888888888
391 3 8 691 8 7 0.7777777777777778
392 2 9 691 9 8 0.8888888888888888
393 2 9 692 9 8 0.8888888888888888
394 2 9 694 9 8 0.8888888888888888
395 2 9 695 9 8 0.8888888888888888
396 2 9 697 9 8 0.8888888888888888
397 2 9 697 9 8 0.8888888888888888
398 2 9 697 9 8 0.8888888888888888
399 2 9 699 9 8 0.8888888888888888
400 2 9 699 9 8 0.8888888888888888
401 2 9 699 9 8 0.8888888888888888
401 3 8 699 8 7 0.7777777777777778
402 2 9 699 9 8 0.8888888888888888
403 2 9 699 9 8 0.8888888888888888
404 2 9 699 9 8 0.8888888888888888
405 2 9 699 9 8 0.8888888888888888
406 2 9 699 9 8 0.8888888888888888
406 3 4 699 4 3 0.3333333333333333
407 2 9 699 9 8 0.8888888888888888
407 3 5 700 5 4 0.4444444444444444
408 2 9 701 9 8 0.8888888888888888
409 2 9 702 9 8 0.8888888888888888
410 2 9 703 9 8 0.8888888888888888
411 2 9 703 9 8 0.8888888888888888
412 2 9 703 9 8 0.8888888888888888
413 2 9 703 9 8 0.8888888888888888
414 2 9 703 9 8 0.8888888888888888
414 3 8 703 8 7 0.7777777777777778
415 2 9 703 9 8 0.8888888888888888
416 2 9 704 9 8 0.8888888888888888
417 2 9 704 9 8 0.8888888888888888
418 2 9 704 9 8 0.8888888888888888
419 2 9 704 9 8 0.8888888888888888
420 2 9 707 9 8 0.8888888888888888
421 2 9 707 9 8 0.8888888888888888
422 2 9 707 9 8 0.8888888888888888
423 2 9 709 9 8 0.8888888888888888
424 2 9 709 9 8 0.8888888888888888
425 2 9 710 9 8 0.8888888888888888
426 3 7 712 7 6 0.6666666666666666
426 2 9 712 9 8 0.8888888888888888
427 2 9 713 9 8 0.8888888888888888
428 2 9 714 9 8 0.8888888888888888
429 2 9 714 9 8 0.8888888888888888
430 2 9 715 9 8 0.8888888888888888
431 2 9 715 9 8 0.8888888888888888
432 2 9 716 9 8 0.8888888888888888
433 2 9 716 9 8 0.8888888888888888
434 2 9 717 9 8 0.8888888888888888
435 2 9 717 9 8 0.8888888888888888
436 2 9 717 9 8 0.8888888888888888
437 2 9 717 9 8 0.8888888888888888
438 2 9 718 9 8 0.8888888888888888
439 2 9 719 9 8 0.8888888888888888
440 2 9 720 9 8 0.8888888888888888
441 2 9 721 9 8 0.8888888888888888
442 2 9 721 9 8 0.8888888888888888
443 2 9 721 9 8 0.8888888888888888
444 2 9 721 9 8 0.8888888888888888
445 2 9 721 9 8 0.8888888888888888
446 2 9 721 9 8 0.8888888888888888
447 2 9 721 9 8 0.8888888888888888
448 2 9 721 9 8 0.8888888888888888
449 2 9 721 9 8 0.8888888888888888
450 2 9 723 9 8 0.8888888888888888
451 2 9 723 9 8 0.8888888888888888
452 2 9 725 9 8 0.8888888888888888
453 2 9 725 9 8 0.8888888888888888
453 3 6 725 6 5 0.5555555555555556
454 2 9 726 9 8 0.8888888888888888
455 2 9 727 9 8 0.8888888888888888
456 2 9 729 9 8 0.8888888888888888
457 2 9 731 9 8 0.8888888888888888
458 2 9 732 9 8 0.8888888888888888
459 2 9 732 9 8 0.8888888888888888
460 2 9 733 9 8 0.8888888888888888
461 2 9 733 9 8 0.8888888888888888
462 2 9 733 9 8 0.8888888888888888
463 2 9 733 9 8 0.8888888888888888
464 2 9 733 9 8 0.8888888888888888
465 2 9 733 9 8 0.8888888888888888
466 2 9 733 9 8 0.8888888888888888
467 2 9 734 9 8 0.8888888888888888
468 2 9 734 9 8 0.8888888888888888
469 2 9 734 9 8 0.8888888888888888
470 2 9 734 9 8 0.8888888888888888
471 2 9 734 9 8 0.8888888888888888
472 2 9 734 9 8 0.8888888888888888
472 3 8 734 8 7 0.7777777777777778
473 2 9 735 9 8 0.8888888888888888
474 2 9 735 9 8 0.8888888888888888
474 4 7 736 7 6 0.6666666666666666
475 2 9 737 9 8 0.8888888888888888
475 3 8 737 8 7 0.7777777777777778
476 2 9 737 9 8 0.8888888888888888
477 2 9 738 9 8 0.8888888888888888
478 2 9 738 9 8 0.8888888888888888
479 2 9 738 9 8 0.8888888888888888
480 2 9 741 9 8 0.8888888888888888
481 2 9 741 9 8 0.8888888888888888
482 2 9 741 9 8 0.8888888888888888
483 2 9 741 9 8 0.8888888888888888
484 2 9 741 9 8 0.8888888888888888
485 2 9 741 9 8 0.8888888888888888
485 3 8 743 8 7 0.7777777777777778
486 2 9 744 9 8 0.8888888888888888
487 2 9 744 9 8 0.8888888888888888
488 3 8 745 8 7 0.7777777777777778
488 2 9 745 9 8 0.8888888888888888
489 2 9 747 9 8 0.8888888888888888
490 2 9 749 9 8 0.8888888888888888
491 2 9 749 9 8 0.8888888888888888
492 2 9 749 9 8 0.8888888888888888
493 2 9 750 9 8 0.8888888888888888
494 2 9 750 9 8 0.8888888888888888
495 2 9 750 9 8 0.8888888888888888
496 2 9 751 9 8 0.8888888888888888
497 2 9 751 9 8 0.8888888888888888
498 2 9 751 9 8 0.8888888888888888
499 2 9 751 9 8 0.8888888888888888
499 3 8 751 8 7 0.7777777777777778
500 2 9 752 9 8 0.8888888888888888
501 2 9 753 9 8 0.8888888888888888
502 2 9 753 9 8 0.8888888888888888
503 2 9 753 9 8 0.8888888888888888
504 2 9 754 9 8 0.8888888888888888
505 2 9 754 9 8 0.8888888888888888
506 2 9 754 9 8 0.8888888888888888
507 2 9 754 9 8 0.8888888888888888
508 2 9 755 9 8 0.8888888888888888
508 3 6 756 6 5 0.5555555555555556
509 2 9 757 9 8 0.8888888888888888
510 2 9 758 9 8 0.8888888888888888
511 2 9 758 9 8 0.8888888888888888
512 2 9 758 9 8 0.8888888888888888
513 2 9 758 9 8 0.8888888888888888
514 2 9 758 9 8 0.8888888888888888
515 2 9 760 9 8 0.8888888888888888
516 2 9 761 9 8 0.8888888888888888
517 2 9 761 9 8 0.8888888888888888
518 2 9 761 9 8 0.8888888888888888
519 2 9 761 9 8 0.8888888888888888
520 2 9 763 9 8 0.8888888888888888
521 2 9 763 9 8 0.8888888888888888
522 2 9 763 9 8 0.8888888888888888
523 2 9 764 9 8 0.8888888888888888
524 2 9 764 9 8 0.8888888888888888
524 3 6 764 6 5 0.5555555555555556
525 2 9 764 9 8 0.8888888888888888
526 2 9 764 9 8 0.8888888888888888
527 2 9 764 9 8 0.8888888888888888
528 2 9 764 9 8 0.8888888888888888
529 2 9 764 9 8 0.8888888888888888
530 2 9 764 9 8 0.8888888888888888
531 2 9 765 9 8 0.8888888888888888
532 2 9 766 9 8 0.8888888888888888
533 2 9 767 9 8 0.8888888888888888
534 2 9 767 9 8 0.8888888888888888
535 2 9 767 9 8 0.8888888888888888
536 2 9 768 9 8 0.8888888888888888
537 2 9 768 9 8 0.8888888888888888
538 2 9 768 9 8 0.8888888888888888
539 2 9 768 9 8 0.8888888888888888
540 2 9 770 9 8 0.8888888888888888
541 2 9 770 9 8 0.8888888888888888
542 2 9 770 9 8 0.8888888888888888
543 2 9 770 9 8 0.8888888888888888
544 2 9 770 9 8 0.8888888888888888
545 2 9 771 9 8 0.8888888888888888
546 2 9 771 9 8 0.8888888888888888
546 3 8 771 8 7 0.7777777777777778
547 2 9 771 9 8 0.8888888888888888
547 3 6 771 6 5 0.5555555555555556
548 2 9 771 9 8 0.8888888888888888
549 2 9 771 9 8 0.8888888888888888
550 2 9 771 9 8 0.8888888888888888
550 3 8 771 8 7 0.7777777777777778
551 2 9 771 9 8 0.8888888888888888
552 2 9 772 9 8 0.8888888888888888
553 2 9 773 9 8 0.8888888888888888
554 2 9 774 9 8 0.8888888888888888
555 2 9 774 9 8 0.8888888888888888
556 2 9 775 9 8 0.8888888888888888
557 2 9 775 9 8 0.8888888888888888
558 2 9 776 9 8 0.8888888888888888
559 2 9 777 9 8 0.8888888888888888
560 2 9 777 9 8 0.8888888888888888
561 2 9 777 9 8 0.8888888888888888
562 2 9 777 9 8 0.8888888888888888
563 2 9 777 9 8 0.8888888888888888
564 2 9 778 9 8 0.8888888888888888
565 2 9 778 9 8 0.8888888888888888
566 2 9 778 9 8 0.8888888888888888
567 2 9 778 9 8 0.8888888888888888
568 2 9 778 9 8 0.8888888888888888
569 2 9 779 9 8 0.8888888888888888
570 2 9 780 9 8 0.8888888888888888
571 2 9 781 9 8 0.8888888888888888
572 2 9 781 9 8 0.8888888888888888
573 2 9 781 9 8 0.8888888888888888
574 2 9 781 9 8 0.8888888888888888
575 2 9 781 9 8 0.8888888888888888
576 2 9 781 9 8 0.8888888888888888
577 2 9 781 9 8 0.8888888888888888
578 2 9 781 9 8 0.8888888888888888
578 3 8 782 8 7 0.7777777777777778
579 2 9 782 9 8 0.8888888888888888
580 2 9 782 9 8 0.8888888888888888
581 2 9 783 9 8 0.8888888888888888
582 2 9 783 9 8 0.8888888888888888
583 2 9 783 9 8 0.8888888888888888
584 2 9 784 9 8 0.8888888888888888
585 2 9 785 9 8 0.8888888888888888
585 3 8 785 8 7 0.7777777777777778
586 2 9 785 9 8 0.8888888888888888
587 2 9 785 9 8 0.8888888888888888
588 2 9 785 9 8 0.8888888888888888
589 2 9 785 9 8 0.8888888888888888
590 2 9 785 9 8 0.8888888888888888
591 2 9 786 9 8 0.8888888888888888
592 2 9 786 9 8 0.8888888888888888
593 2 9 786 9 8 0.8888888888888888
594 2 9 786 9 8 0.8888888888888888
595 2 9 786 9 8 0.8888888888888888
596 2 9 787 9 8 0.8888888888888888
597 2 9 787 9 8 0.8888888888888888
598 2 9 787 9 8 0.8888888888888888
599 2 9 787 9 8 0.8888888888888888
600 2 9 787 9 8 0.8888888888888888
601 2 9 789 9 8 0.8888888888888888
602 2 9 790 9 8 0.8888888888888888
603 2 9 790 9 8 0.8888888888888888
604 2 9 790 9 8 0.8888888888888888
605 2 9 790 9 8 0.8888888888888888
606 2 9 791 9 8 0.8888888888888888
607 2 9 791 9 8 0.8888888888888888
608 2 9 791 9 8 0.8888888888888888
609 3 8 791 8 7 0.7777777777777778
609 2 9 791 9 8 0.8888888888888888
610 2 9 791 9 8 0.8888888888888888
611 2 9 792 9 8 0.8888888888888888
612 2 9 792 9 8 0.8888888888888888
613 2 9 792 9 8 0.8888888888888888
614 2 9 792 9 8 0.8888888888888888
615 2 9 792 9 8 0.8888888888888888
616 2 9 793 9 8 0.8888888888888888
617 2 9 793 9 8 0.8888888888888888
618 2 9 793 9 8 0.8888888888888888
619 2 9 794 9 8 0.8888888888888888
620 2 9 794 9 8 0.8888888888888888
621 2 9 794 9 8 0.8888888888888888
621 3 8 794 8 7 0.7777777777777778
622 3 7 794 7 6 0.6666666666666666
622 2 9 794 9 8 0.8888888888888888
623 2 9 794 9 8 0.8888888888888888
624 2 9 794 9 8 0.8888888888888888
625 2 9 795 9 8 0.8888888888888888
626 2 9 795 9 8 0.8888888888888888
627 2 9 795 9 8 0.8888888888888888
628 2 9 795 9 8 0.8888888888888888
629 2 9 797 9 8 0.8888888888888888
630 2 9 797 9 8 0.8888888888888888
631 2 9 798 9 8 0.8888888888888888
632 2 9 800 9 8 0.8888888888888888
633 2 9 801 9 8 0.8888888888888888
634 2 9 801 9 8 0.8888888888888888
635 2 9 801 9 8 0.8888888888888888
636 2 9 801 9 8 0.8888888888888888
637 2 9 801 9 8 0.8888888888888888
638 2 9 803 9 8 0.8888888888888888
639 2 9 803 9 8 0.8888888888888888
640 2 9 803 9 8 0.8888888888888888
641 2 9 803 9 8 0.8888888888888888
642 2 9 804 9 8 0.8888888888888888
643 2 9 804 9 8 0.8888888888888888
644 2 9 805 9 8 0.8888888888888888
645 2 9 805 9 8 0.8888888888888888
646 2 9 805 9 8 0.8888888888888888
647 2 9 805 9 8 0.8888888888888888
648 2 9 806 9 8 0.8888888888888888
649 2 9 807 9 8 0.8888888888888888
650 2 9 807 9 8 0.8888888888888888
650 3 6 807 6 5 0.5555555555555556
651 2 9 807 9 8 0.8888888888888888
652 2 9 808 9 8 0.8888888888888888
653 2 9 808 9 8 0.8888888888888888
654 2 9 808 9 8 0.8888888888888888
655 2 9 808 9 8 0.8888888888888888
656 2 9 809 9 8 0.8888888888888888
657 2 9 809 9 8 0.8888888888888888
658 2 9 809 9 8 0.8888888888888888
659 2 9 809 9 8 0.8888888888888888
660 2 9 809 9 8 0.8888888888888888
660 3 5 809 5 4 0.4444444444444444
661 2 9 809 9 8 0.8888888888888888
662 2 9 809 9 8 0.8888888888888888
663 2 9 809 9 8 0.8888888888888888
664 2 9 809 9 8 0.8888888888888888
665 2 9 809 9 8 0.8888888888888888
666 2 9 809 9 8 0.8888888888888888
667 2 9 810 9 8 0.8888888888888888
668 2 9 812 9 8 0.8888888888888888
669 2 9 813 9 8 0.8888888888888888
670 2 9 813 9 8 0.8888888888888888
671 2 9 814 9 8 0.8888888888888888
672 2 9 815 9 8 0.8888888888888888
673 2 9 815 9 8 0.8888888888888888
673 3 8 815 8 7 0.7777777777777778
674 2 9 815 9 8 0.8888888888888888
675 2 9 816 9 8 0.8888888888888888
676 2 9 816 9 8 0.8888888888888888
677 2 9 816 9 8 0.8888888888888888
678 2 9 816 9 8 0.8888888888888888
679 2 9 817 9 8 0.8888888888888888
680 3 8 818 8 7 0.7777777777777778
680 2 9 818 9 8 0.8888888888888888
681 2 9 818 9 8 0.8888888888888888
681 3 7 818 7 6 0.6666666666666666
682 2 9 818 9 8 0.8888888888888888
683 2 9 818 9 8 0.8888888888888888
684 2 9 818 9 8 0.8888888888888888
685 2 9 820 9 8 0.8888888888888888
686 2 9 821 9 8 0.8888888888888888
687 2 9 821 9 8 0.8888888888888888
687 3 5 821 5 4 0.4444444444444444
688 2 9 821 9 8 0.8888888888888888
689 2 9 822 9 8 0.8888888888888888
690 2 9 822 9 8 0.8888888888888888
691 2 9 822 9 8 0.8888888888888888
692 2 9 822 9 8 0.8888888888888888
693 2 9 822 9 8 0.8888888888888888
694 2 9 822 9 8 0.8888888888888888
695 2 9 824 9 8 0.8888888888888888
696 2 9 825 9 8 0.8888888888888888
696 3 7 825 7 6 0.6666666666666666
697 2 9 825 9 8 0.8888888888888888
698 2 9 825 9 8 0.8888888888888888
699 2 9 825 9 8 0.8888888888888888
700 2 9 825 9 8 0.8888888888888888
701 2 9 826 9 8 0.8888888888888888
701 3 8 827 8 7 0.7777777777777778
702 2 9 827 9 8 0.8888888888888888
703 2 9 827 9 8 0.8888888888888888
704 2 9 827 9 8 0.8888888888888888
705 2 9 828 9 8 0.8888888888888888
706 2 9 828 9 8 0.8888888888888888
707 2 9 828 9 8 0.8888888888888888
708 3 8 828 8 7 0.7777777777777778
708 2 9 828 9 8 0.8888888888888888
709 2 9 828 9 8 0.8888888888888888
710 2 9 828 9 8 0.8888888888888888
711 2 9 828 9 8 0.8888888888888888
712 2 9 828 9 8 0.8888888888888888
713 2 9 828 9 8 0.8888888888888888
714 2 9 828 9 8 0.8888888888888888
715 2 9 829 9 8 0.8888888888888888
716 2 9 829 9 8 0.8888888888888888
717 2 9 829 9 8 0.8888888888888888
717 3 8 829 8 7 0.7777777777777778
718 2 9 830 9 8 0.8888888888888888
719 2 9 830 9 8 0.8888888888888888
720 2 9 830 9 8 0.8888888888888888
721 2 9 830 9 8 0.8888888888888888
722 2 9 831 9 8 0.8888888888888888
723 2 9 832 9 8 0.8888888888888888
724 2 9 832 9 8 0.8888888888888888
725 2 9 832 9 8 0.8888888888888888
726 2 9 832 9 8 0.8888888888888888
727 2 9 833 9 8 0.8888888888888888
727 3 8 833 8 7 0.7777777777777778
728 2 9 833 9 8 0.8888888888888888
729 2 9 833 9 8 0.8888888888888888
730 2 9 833 9 8 0.8888888888888888
731 2 9 833 9 8 0.8888888888888888
732 2 9 835 9 8 0.8888888888888888
733 2 9 835 9 8 0.8888888888888888
734 3 7 835 7 6 0.6666666666666666
734 2 9 835 9 8 0.8888888888888888
735 2 9 836 9 8 0.8888888888888888
736 2 9 836 9 8 0.8888888888888888
737 2 9 836 9 8 0.8888888888888888
738 2 9 836 9 8 0.8888888888888888
739 2 9 836 9 8 0.8888888888888888
740 2 9 836 9 8 0.8888888888888888
741 2 9 836 9 8 0.8888888888888888
742 2 9 836 9 8 0.8888888888888888
743 2 9 837 9 8 0.8888888888888888
744 2 9 838 9 8 0.8888888888888888
745 2 9 838 9 8 0.8888888888888888
746 2 9 838 9 8 0.8888888888888888
747 2 9 838 9 8 0.8888888888888888
747 3 8 839 8 7 0.7777777777777778
748 2 9 839 9 8 0.8888888888888888
749 2 9 839 9 8 0.8888888888888888
749 3 8 839 8 7 0.7777777777777778
750 2 9 839 9 8 0.8888888888888888
751 2 9 840 9 8 0.8888888888888888
752 2 9 841 9 8 0.8888888888888888
753 2 9 841 9 8 0.8888888888888888
754 2 9 841 9 8 0.8888888888888888
755 2 9 841 9 8 0.8888888888888888
756 2 9 841 9 8 0.8888888888888888
757 2 9 842 9 8 0.8888888888888888
758 2 9 842 9 8 0.8888888888888888
759 2 9 843 9 8 0.8888888888888888
760 2 9 843 9 8 0.8888888888888888
760 3 6 843 6 5 0.5555555555555556
761 2 9 843 9 8 0.8888888888888888
762 2 9 843 9 8 0.8888888888888888
763 2 9 843 9 8 0.8888888888888888
764 2 9 843 9 8 0.8888888888888888
764 3 6 843 6 5 0.5555555555555556
765 2 9 843 9 8 0.8888888888888888
766 2 9 844 9 8 0.8888888888888888
767 2 9 844 9 8 0.8888888888888888
768 2 9 845 9 8 0.8888888888888888
769 2 9 845 9 8 0.8888888888888888
770 2 9 846 9 8 0.8888888888888888
771 2 9 848 9 8 0.8888888888888888
772 2 9 848 9 8 0.8888888888888888
773 2 9 848 9 8 0.8888888888888888
774 2 9 849 9 8 0.8888888888888888
775 2 9 849 9 8 0.8888888888888888
776 2 9 849 9 8 0.8888888888888888
777 2 9 849 9 8 0.8888888888888888
778 2 9 849 9 8 0.8888888888888888
779 2 9 849 9 8 0.8888888888888888
780 2 9 850 9 8 0.8888888888888888
781 2 9 851 9 8 0.8888888888888888
782 2 9 851 9 8 0.8888888888888888
783 2 9 851 9 8 0.8888888888888888
784 2 9 851 9 8 0.8888888888888888
785 2 9 851 9 8 0.8888888888888888
786 2 9 851 9 8 0.8888888888888888
787 2 9 851 9 8 0.8888888888888888
788 2 9 851 9 8 0.8888888888888888
789 2 9 852 9 8 0.8888888888888888
790 2 9 852 9 8 0.8888888888888888
791 2 9 852 9 8 0.8888888888888888
792 2 9 853 9 8 0.8888888888888888
793 2 9 853 9 8 0.8888888888888888
794 2 9 853 9 8 0.8888888888888888
795 2 9 854 9 8 0.8888888888888888
796 2 9 855 9 8 0.8888888888888888
797 2 9 855 9 8 0.8888888888888888
798 2 9 855 9 8 0.8888888888888888
799 2 9 856 9 8 0.8888888888888888
800 2 9 856 9 8 0.8888888888888888
801 2 9 856 9 8 0.8888888888888888
801 3 8 856 8 7 0.7777777777777778
802 2 9 856 9 8 0.8888888888888888
803 2 9 856 9 8 0.8888888888888888
804 2 9 857 9 8 0.8888888888888888
805 2 9 857 9 8 0.8888888888888888
806 2 9 857 9 8 0.8888888888888888
807 2 9 858 9 8 0.8888888888888888
808 2 9 858 9 8 0.8888888888888888
809 2 9 858 9 8 0.8888888888888888
810 2 9 858 9 8 0.8888888888888888
811 2 9 858 9 8 0.8888888888888888
812 2 9 858 9 8 0.8888888888888888
813 2 9 859 9 8 0.8888888888888888
814 2 9 859 9 8 0.8888888888888888
815 2 9 859 9 8 0.8888888888888888
816 2 9 859 9 8 0.8888888888888888
817 2 9 859 9 8 0.8888888888888888
818 2 9 860 9 8 0.8888888888888888
819 2 9 860 9 8 0.8888888888888888
820 2 9 860 9 8 0.8888888888888888
821 2 9 860 9 8 0.8888888888888888
822 2 9 861 9 8 0.8888888888888888
822 3 8 861 8 7 0.7777777777777778
823 2 9 861 9 8 0.8888888888888888
824 2 9 861 9 8 0.8888888888888888
825 2 9 861 9 8 0.8888888888888888
825 3 7 861 7 6 0.6666666666666666
826 2 9 861 9 8 0.8888888888888888
827 2 9 861 9 8 0.8888888888888888
828 2 9 861 9 8 0.8888888888888888
829 3 8 861 8 7 0.7777777777777778
829 2 9 861 9 8 0.8888888888888888
830 2 9 862 9 8 0.8888888888888888
831 2 9 862 9 8 0.8888888888888888
832 2 9 862 9 8 0.8888888888888888
833 2 9 862 9 8 0.8888888888888888
834 2 9 862 9 8 0.8888888888888888
835 2 9 862 9 8 0.8888888888888888
836 2 9 862 9 8 0.8888888888888888
837 2 9 862 9 8 0.8888888888888888
838 2 9 862 9 8 0.8888888888888888
839 2 9 862 9 8 0.8888888888888888
839 3 7 862 7 6 0.6666666666666666
840 2 9 863 9 8 0.8888888888888888
841 2 9 864 9 8 0.8888888888888888
842 2 9 864 9 8 0.8888888888888888
843 2 9 864 9 8 0.8888888888888888
844 2 9 865 9 8 0.8888888888888888
845 2 9 865 9 8 0.8888888888888888
846 2 9 865 9 8 0.8888888888888888
847 2 9 865 9 8 0.8888888888888888
848 2 9 867 9 8 0.8888888888888888
848 3 8 867 8 7 0.7777777777777778
849 2 9 867 9 8 0.8888888888888888
850 2 9 867 9 8 0.8888888888888888
851 2 9 867 9 8 0.8888888888888888
852 2 9 867 9 8 0.8888888888888888
853 2 9 867 9 8 0.8888888888888888
854 2 9 867 9 8 0.8888888888888888
855 2 9 868 9 8 0.8888888888888888
856 2 9 868 9 8 0.8888888888888888
857 2 9 869 9 8 0.8888888888888888
858 2 9 869 9 8 0.8888888888888888
859 2 9 869 9 8 0.8888888888888888
860 2 9 869 9 8 0.8888888888888888
861 2 9 870 9 8 0.8888888888888888
862 2 9 870 9 8 0.8888888888888888
862 3 7 870 7 6 0.6666666666666666
863 2 9 870 9 8 0.8888888888888888
864 2 9 870 9 8 0.8888888888888888
865 2 9 870 9 8 0.8888888888888888
866 2 9 870 9 8 0.8888888888888888
867 2 9 871 9 8 0.8888888888888888
868 2 9 871 9 8 0.8888888888888888
869 2 9 871 9 8 0.8888888888888888
870 2 9 871 9 8 0.8888888888888888
871 2 9 871 9 8 0.8888888888888888
872 2 9 871 9 8 0.8888888888888888
873 2 9 871 9 8 0.8888888888888888
874 2 9 872 9 8 0.8888888888888888
875 2 9 872 9 8 0.8888888888888888
876 2 9 872 9 8 0.8888888888888888
877 2 9 872 9 8 0.8888888888888888
878 2 9 872 9 8 0.8888888888888888
879 2 9 872 9 8 0.8888888888888888
880 2 9 872 9 8 0.8888888888888888
881 2 9 872 9 8 0.8888888888888888
882 2 9 872 9 8 0.8888888888888888
883 2 9 872 9 8 0.8888888888888888
884 2 9 872 9 8 0.8888888888888888
885 2 9 872 9 8 0.8888888888888888
886 2 9 873 9 8 0.8888888888888888
887 2 9 873 9 8 0.8888888888888888
888 2 9 873 9 8 0.8888888888888888
889 2 9 873 9 8 0.8888888888888888
890 2 9 873 9 8 0.8888888888888888
891 2 9 873 9 8 0.8888888888888888
892 2 9 873 9 8 0.8888888888888888
893 2 9 873 9 8 0.8888888888888888
894 2 9 874 9 8 0.8888888888888888
895 2 9 875 9 8 0.8888888888888888
896 2 9 875 9 8 0.8888888888888888
897 2 9 875 9 8 0.8888888888888888
898 2 9 875 9 8 0.8888888888888888
899 2 9 875 9 8 0.8888888888888888
900 2 9 875 9 8 0.8888888888888888
901 2 9 875 9 8 0.8888888888888888
902 2 9 875 9 8 0.8888888888888888
903 2 9 876 9 8 0.8888888888888888
904 2 9 876 9 8 0.8888888888888888
905 2 9 876 9 8 0.8888888888888888
906 2 9 877 9 8 0.8888888888888888
907 2 9 877 9 8 0.8888888888888888
908 2 9 877 9 8 0.8888888888888888
908 3 8 877 8 7 0.7777777777777778
909 2 9 877 9 8 0.8888888888888888
910 2 9 878 9 8 0.8888888888888888
911 2 9 878 9 8 0.8888888888888888
912 2 9 879 9 8 0.8888888888888888
913 2 9 879 9 8 0.8888888888888888
914 2 9 879 9 8 0.8888888888888888
915 2 9 879 9 8 0.8888888888888888
916 2 9 879 9 8 0.8888888888888888
917 2 9 879 9 8 0.8888888888888888
918 2 9 879 9 8 0.8888888888888888
919 2 9 879 9 8 0.8888888888888888
920 2 9 879 9 8 0.8888888888888888
921 2 9 879 9 8 0.8888888888888888
922 2 9 880 9 8 0.8888888888888888
923 2 9 880 9 8 0.8888888888888888
924 2 9 880 9 8 0.8888888888888888
925 2 9 881 9 8 0.8888888888888888
926 2 9 882 9 8 0.8888888888888888
927 2 9 882 9 8 0.8888888888888888
928 2 9 884 9 8 0.8888888888888888
929 2 9 884 9 8 0.8888888888888888
930 2 9 885 9 8 0.8888888888888888
931 2 9 886 9 8 0.8888888888888888
932 2 9 886 9 8 0.8888888888888888
933 2 9 886 9 8 0.8888888888888888
934 2 9 886 9 8 0.8888888888888888
935 2 9 886 9 8 0.8888888888888888
936 2 9 886 9 8 0.8888888888888888
937 2 9 888 9 8 0.8888888888888888
938 2 9 888 9 8 0.8888888888888888
939 2 9 888 9 8 0.8888888888888888
940 2 9 888 9 8 0.8888888888888888
941 2 9 889 9 8 0.8888888888888888
942 2 9 889 9 8 0.8888888888888888
943 2 9 889 9 8 0.8888888888888888
944 2 9 890 9 8 0.8888888888888888
945 2 9 890 9 8 0.8888888888888888
946 2 9 890 9 8 0.8888888888888888
947 2 9 891 9 8 0.8888888888888888
948 2 9 891 9 8 0.8888888888888888
949 2 9 891 9 8 0.8888888888888888
950 2 9 891 9 8 0.8888888888888888
951 2 9 891 9 8 0.8888888888888888
952 2 9 891 9 8 0.8888888888888888
953 2 9 891 9 8 0.8888888888888888
954 2 9 892 9 8 0.8888888888888888
955 2 9 892 9 8 0.8888888888888888
956 2 9 892 9 8 0.8888888888888888
956 3 8 892 8 7 0.7777777777777778
957 2 9 892 9 8 0.8888888888888888
958 2 9 892 9 8 0.8888888888888888
959 2 9 892 9 8 0.8888888888888888
960 2 9 892 9 8 0.8888888888888888
960 3 8 892 8 7 0.7777777777777778
961 2 9 892 9 8 0.8888888888888888
962 2 9 892 9 8 0.8888888888888888
963 2 9 892 9 8 0.8888888888888888
964 2 9 892 9 8 0.8888888888888888
965 2 9 892 9 8 0.8888888888888888
965 3 7 892 7 6 0.6666666666666666
966 2 9 892 9 8 0.8888888888888888
967 2 9 892 9 8 0.8888888888888888
968 2 9 893 9 8 0.8888888888888888
969 2 9 893 9 8 0.8888888888888888
970 2 9 893 9 8 0.8888888888888888
971 2 9 893 9 8 0.8888888888888888
971 3 8 893 8 7 0.7777777777777778
972 2 9 893 9 8 0.8888888888888888
973 2 9 893 9 8 0.8888888888888888
974 2 9 893 9 8 0.8888888888888888
975 2 9 893 9 8 0.8888888888888888
976 2 9 893 9 8 0.8888888888888888
977 2 9 893 9 8 0.8888888888888888
978 2 9 893 9 8 0.8888888888888888
979 2 9 893 9 8 0.8888888888888888
980 2 9 893 9 8 0.8888888888888888
981 2 9 893 9 8 0.8888888888888888
982 2 9 893 9 8 0.8888888888888888
983 2 9 893 9 8 0.8888888888888888
984 2 9 894 9 8 0.8888888888888888
985 2 9 894 9 8 0.8888888888888888
986 2 9 894 9 8 0.8888888888888888
987 2 9 894 9 8 0.8888888888888888
988 2 9 894 9 8 0.8888888888888888
989 2 9 894 9 8 0.8888888888888888
990 2 9 894 9 8 0.8888888888888888
991 2 9 894 9 8 0.8888888888888888
992 2 9 895 9 8 0.8888888888888888
993 2 9 895 9 8 0.8888888888888888
994 2 9 895 9 8 0.8888888888888888
995 2 9 895 9 8 0.8888888888888888
996 2 9 896 9 8 0.8888888888888888
997 2 9 896 9 8 0.8888888888888888
998 2 9 896 9 8 0.8888888888888888
999 2 9 896 9 8 0.8888888888888888
1000 2 9 896 9 8 0.8888888888888888
