gen testSuiteSize notKilledMutants number_of_tests no_discount_objective no_equiv_mut_not_killed no_equiv_mut_not_killed_perc
1 5 8 15 8 5 0.7142857142857143
1 3 10 34 10 7 1.0
2 5 8 53 8 5 0.7142857142857143
3 5 8 58 8 5 0.7142857142857143
4 5 8 67 8 5 0.7142857142857143
5 5 8 72 8 5 0.7142857142857143
5 6 7 75 7 4 0.5714285714285714
6 3 9 76 9 6 0.8571428571428571
7 6 7 82 7 4 0.5714285714285714
8 6 7 88 7 4 0.5714285714285714
9 6 7 97 7 4 0.5714285714285714
10 6 7 105 7 4 0.5714285714285714
11 6 7 114 7 4 0.5714285714285714
12 6 7 119 7 4 0.5714285714285714
13 6 7 125 7 4 0.5714285714285714
14 6 7 128 7 4 0.5714285714285714
15 6 7 134 7 4 0.5714285714285714
16 6 7 142 7 4 0.5714285714285714
16 5 8 143 8 5 0.7142857142857143
17 6 7 147 7 4 0.5714285714285714
17 5 8 150 8 5 0.7142857142857143
18 6 7 151 7 4 0.5714285714285714
19 6 7 158 7 4 0.5714285714285714
20 6 6 161 6 3 0.42857142857142855
21 3 9 165 9 6 0.8571428571428571
21 2 10 166 10 7 1.0
22 6 6 167 6 3 0.42857142857142855
22 5 7 172 7 4 0.5714285714285714
23 6 6 172 6 3 0.42857142857142855
24 6 6 177 6 3 0.42857142857142855
25 6 6 183 6 3 0.42857142857142855
25 5 7 189 7 4 0.5714285714285714
26 5 7 191 7 4 0.5714285714285714
26 6 6 191 6 3 0.42857142857142855
27 6 6 195 6 3 0.42857142857142855
28 6 6 199 6 3 0.42857142857142855
29 6 6 202 6 3 0.42857142857142855
29 5 7 202 7 4 0.5714285714285714
30 6 6 208 6 3 0.42857142857142855
31 6 6 215 6 3 0.42857142857142855
32 6 6 223 6 3 0.42857142857142855
33 6 6 225 6 3 0.42857142857142855
34 6 6 231 6 3 0.42857142857142855
34 5 7 231 7 4 0.5714285714285714
35 6 6 231 6 3 0.42857142857142855
36 6 6 233 6 3 0.42857142857142855
37 6 6 235 6 3 0.42857142857142855
38 6 6 240 6 3 0.42857142857142855
39 6 6 246 6 3 0.42857142857142855
40 6 6 248 6 3 0.42857142857142855
41 6 6 254 6 3 0.42857142857142855
42 6 6 257 6 3 0.42857142857142855
43 6 6 262 6 3 0.42857142857142855
44 6 6 264 6 3 0.42857142857142855
45 6 6 266 6 3 0.42857142857142855
46 6 6 268 6 3 0.42857142857142855
46 5 7 270 7 4 0.5714285714285714
47 6 6 270 6 3 0.42857142857142855
47 5 7 272 7 4 0.5714285714285714
48 6 6 274 6 3 0.42857142857142855
48 5 7 275 7 4 0.5714285714285714
49 6 6 279 6 3 0.42857142857142855
50 6 6 284 6 3 0.42857142857142855
50 5 7 285 7 4 0.5714285714285714
51 6 6 287 6 3 0.42857142857142855
52 6 6 289 6 3 0.42857142857142855
53 6 6 298 6 3 0.42857142857142855
54 6 6 301 6 3 0.42857142857142855
54 5 8 303 8 5 0.7142857142857143
55 6 6 306 6 3 0.42857142857142855
56 6 6 309 6 3 0.42857142857142855
56 5 7 309 7 4 0.5714285714285714
57 6 6 310 6 3 0.42857142857142855
58 6 6 314 6 3 0.42857142857142855
59 6 6 317 6 3 0.42857142857142855
60 6 6 321 6 3 0.42857142857142855
61 6 6 323 6 3 0.42857142857142855
62 6 6 329 6 3 0.42857142857142855
63 6 6 330 6 3 0.42857142857142855
63 5 8 332 8 5 0.7142857142857143
64 6 6 334 6 3 0.42857142857142855
65 6 6 337 6 3 0.42857142857142855
66 6 6 341 6 3 0.42857142857142855
67 6 6 344 6 3 0.42857142857142855
67 5 7 346 7 4 0.5714285714285714
68 6 6 346 6 3 0.42857142857142855
69 6 6 348 6 3 0.42857142857142855
70 6 6 350 6 3 0.42857142857142855
70 5 8 352 8 5 0.7142857142857143
71 6 6 352 6 3 0.42857142857142855
71 5 7 352 7 4 0.5714285714285714
72 6 6 354 6 3 0.42857142857142855
72 5 7 354 7 4 0.5714285714285714
73 5 7 358 7 4 0.5714285714285714
73 6 6 358 6 3 0.42857142857142855
74 6 6 360 6 3 0.42857142857142855
75 6 6 361 6 3 0.42857142857142855
76 6 6 362 6 3 0.42857142857142855
77 6 6 364 6 3 0.42857142857142855
77 5 7 364 7 4 0.5714285714285714
78 6 6 366 6 3 0.42857142857142855
79 6 6 368 6 3 0.42857142857142855
80 6 6 373 6 3 0.42857142857142855
81 6 6 376 6 3 0.42857142857142855
82 6 6 381 6 3 0.42857142857142855
83 6 6 384 6 3 0.42857142857142855
84 6 6 388 6 3 0.42857142857142855
85 6 6 390 6 3 0.42857142857142855
86 6 6 394 6 3 0.42857142857142855
87 6 6 397 6 3 0.42857142857142855
88 6 6 399 6 3 0.42857142857142855
88 5 7 400 7 4 0.5714285714285714
89 6 6 402 6 3 0.42857142857142855
90 6 6 404 6 3 0.42857142857142855
90 5 7 407 7 4 0.5714285714285714
91 6 6 407 6 3 0.42857142857142855
91 5 7 407 7 4 0.5714285714285714
92 6 6 408 6 3 0.42857142857142855
93 6 6 408 6 3 0.42857142857142855
94 6 6 410 6 3 0.42857142857142855
94 7 4 412 4 1 0.14285714285714285
95 2 10 414 10 7 1.0
96 2 10 414 10 7 1.0
97 2 10 414 10 7 1.0
98 2 10 415 10 7 1.0
99 2 10 415 10 7 1.0
100 2 10 415 10 7 1.0
100 3 7 416 7 4 0.5714285714285714
101 2 10 417 10 7 1.0
102 2 10 417 10 7 1.0
103 2 10 417 10 7 1.0
104 2 10 418 10 7 1.0
105 2 10 419 10 7 1.0
105 3 6 420 6 3 0.42857142857142855
106 2 10 421 10 7 1.0
107 2 10 423 10 7 1.0
107 3 9 426 9 6 0.8571428571428571
108 3 9 428 9 6 0.8571428571428571
108 2 10 428 10 7 1.0
109 2 10 428 10 7 1.0
110 2 10 428 10 7 1.0
111 2 10 428 10 7 1.0
112 2 10 432 10 7 1.0
113 2 10 433 10 7 1.0
114 2 10 435 10 7 1.0
115 2 10 436 10 7 1.0
116 2 10 436 10 7 1.0
117 2 10 437 10 7 1.0
117 4 9 440 9 6 0.8571428571428571
118 2 10 440 10 7 1.0
119 2 10 443 10 7 1.0
120 2 10 445 10 7 1.0
120 3 9 446 9 6 0.8571428571428571
121 2 10 446 10 7 1.0
122 2 10 446 10 7 1.0
123 2 10 448 10 7 1.0
124 2 10 450 10 7 1.0
125 2 10 451 10 7 1.0
126 2 10 452 10 7 1.0
126 3 7 453 7 4 0.5714285714285714
127 2 10 453 10 7 1.0
128 2 10 454 10 7 1.0
129 2 10 454 10 7 1.0
130 2 10 459 10 7 1.0
131 2 10 460 10 7 1.0
132 2 10 461 10 7 1.0
133 2 10 467 10 7 1.0
134 3 6 470 6 3 0.42857142857142855
134 2 10 470 10 7 1.0
135 2 10 473 10 7 1.0
136 2 10 473 10 7 1.0
137 2 10 475 10 7 1.0
138 2 10 476 10 7 1.0
139 2 10 477 10 7 1.0
140 2 10 477 10 7 1.0
141 2 10 480 10 7 1.0
142 2 10 480 10 7 1.0
143 2 10 480 10 7 1.0
144 2 10 481 10 7 1.0
145 2 10 481 10 7 1.0
146 2 10 482 10 7 1.0
147 2 10 482 10 7 1.0
148 2 10 482 10 7 1.0
149 2 10 482 10 7 1.0
150 2 10 484 10 7 1.0
151 2 10 486 10 7 1.0
151 3 9 486 9 6 0.8571428571428571
152 2 10 487 10 7 1.0
152 3 6 488 6 3 0.42857142857142855
153 2 10 488 10 7 1.0
154 2 10 488 10 7 1.0
155 2 10 488 10 7 1.0
156 2 10 488 10 7 1.0
157 2 10 492 10 7 1.0
158 2 10 493 10 7 1.0
158 3 7 494 7 4 0.5714285714285714
159 2 10 495 10 7 1.0
160 2 10 498 10 7 1.0
161 3 9 499 9 6 0.8571428571428571
161 2 10 499 10 7 1.0
162 2 10 501 10 7 1.0
163 2 10 504 10 7 1.0
164 2 10 507 10 7 1.0
165 2 10 508 10 7 1.0
166 2 10 510 10 7 1.0
167 2 9 511 9 6 0.8571428571428571
168 7 4 511 4 1 0.14285714285714285
169 6 4 511 4 1 0.14285714285714285
170 2 9 515 9 6 0.8571428571428571
171 2 9 515 9 6 0.8571428571428571
172 2 9 516 9 6 0.8571428571428571
173 2 9 517 9 6 0.8571428571428571
174 2 9 520 9 6 0.8571428571428571
175 2 9 523 9 6 0.8571428571428571
176 2 9 524 9 6 0.8571428571428571
177 2 9 524 9 6 0.8571428571428571
178 2 9 525 9 6 0.8571428571428571
179 2 9 528 9 6 0.8571428571428571
179 3 6 529 6 3 0.42857142857142855
180 2 9 529 9 6 0.8571428571428571
181 2 9 531 9 6 0.8571428571428571
182 2 9 534 9 6 0.8571428571428571
183 2 9 535 9 6 0.8571428571428571
184 2 9 537 9 6 0.8571428571428571
184 3 8 538 8 5 0.7142857142857143
185 2 9 538 9 6 0.8571428571428571
186 2 9 538 9 6 0.8571428571428571
187 2 9 539 9 6 0.8571428571428571
187 3 8 539 8 5 0.7142857142857143
188 2 9 541 9 6 0.8571428571428571
189 2 9 541 9 6 0.8571428571428571
190 2 9 541 9 6 0.8571428571428571
191 2 9 541 9 6 0.8571428571428571
191 3 7 542 7 4 0.5714285714285714
192 2 9 542 9 6 0.8571428571428571
193 2 9 542 9 6 0.8571428571428571
194 2 9 543 9 6 0.8571428571428571
195 2 9 544 9 6 0.8571428571428571
196 2 9 545 9 6 0.8571428571428571
197 2 9 546 9 6 0.8571428571428571
198 2 9 547 9 6 0.8571428571428571
199 2 9 548 9 6 0.8571428571428571
200 2 9 552 9 6 0.8571428571428571
201 2 9 553 9 6 0.8571428571428571
202 2 9 553 9 6 0.8571428571428571
202 3 8 553 8 5 0.7142857142857143
203 2 9 553 9 6 0.8571428571428571
204 2 9 555 9 6 0.8571428571428571
205 2 9 555 9 6 0.8571428571428571
206 2 9 555 9 6 0.8571428571428571
206 3 8 555 8 5 0.7142857142857143
207 2 9 556 9 6 0.8571428571428571
208 2 9 558 9 6 0.8571428571428571
209 2 9 559 9 6 0.8571428571428571
210 2 9 561 9 6 0.8571428571428571
211 2 8 562 8 5 0.7142857142857143
212 6 4 562 4 1 0.14285714285714285
213 6 4 568 4 1 0.14285714285714285
213 5 8 570 8 5 0.7142857142857143
214 6 4 572 4 1 0.14285714285714285
215 6 4 574 4 1 0.14285714285714285
216 6 4 579 4 1 0.14285714285714285
216 5 7 579 7 4 0.5714285714285714
217 6 4 582 4 1 0.14285714285714285
218 6 4 582 4 1 0.14285714285714285
219 6 4 582 4 1 0.14285714285714285
220 5 7 587 7 4 0.5714285714285714
220 6 4 587 4 1 0.14285714285714285
221 6 4 588 4 1 0.14285714285714285
222 6 4 592 4 1 0.14285714285714285
223 6 4 595 4 1 0.14285714285714285
223 5 7 595 7 4 0.5714285714285714
224 6 4 595 4 1 0.14285714285714285
224 5 7 595 7 4 0.5714285714285714
225 6 4 597 4 1 0.14285714285714285
226 6 4 599 4 1 0.14285714285714285
227 6 4 601 4 1 0.14285714285714285
228 6 4 604 4 1 0.14285714285714285
229 6 4 605 4 1 0.14285714285714285
229 5 7 606 7 4 0.5714285714285714
230 6 4 606 4 1 0.14285714285714285
231 6 4 607 4 1 0.14285714285714285
232 6 4 607 4 1 0.14285714285714285
233 6 4 611 4 1 0.14285714285714285
234 6 4 614 4 1 0.14285714285714285
235 6 4 616 4 1 0.14285714285714285
236 6 4 619 4 1 0.14285714285714285
237 6 4 623 4 1 0.14285714285714285
238 6 4 624 4 1 0.14285714285714285
238 5 7 625 7 4 0.5714285714285714
239 6 4 627 4 1 0.14285714285714285
239 5 7 627 7 4 0.5714285714285714
240 6 4 628 4 1 0.14285714285714285
241 6 4 630 4 1 0.14285714285714285
242 6 4 630 4 1 0.14285714285714285
243 6 4 632 4 1 0.14285714285714285
243 5 7 633 7 4 0.5714285714285714
244 6 4 633 4 1 0.14285714285714285
245 6 4 634 4 1 0.14285714285714285
246 6 4 635 4 1 0.14285714285714285
247 6 4 635 4 1 0.14285714285714285
248 6 4 635 4 1 0.14285714285714285
249 6 4 635 4 1 0.14285714285714285
249 5 7 637 7 4 0.5714285714285714
250 6 4 638 4 1 0.14285714285714285
251 6 4 640 4 1 0.14285714285714285
252 6 4 641 4 1 0.14285714285714285
252 4 8 642 8 5 0.7142857142857143
253 6 4 643 4 1 0.14285714285714285
254 6 4 644 4 1 0.14285714285714285
255 6 4 644 4 1 0.14285714285714285
256 6 4 647 4 1 0.14285714285714285
256 5 7 647 7 4 0.5714285714285714
257 6 4 649 4 1 0.14285714285714285
258 6 4 650 4 1 0.14285714285714285
259 6 4 652 4 1 0.14285714285714285
260 6 4 654 4 1 0.14285714285714285
260 5 7 654 7 4 0.5714285714285714
261 6 4 654 4 1 0.14285714285714285
262 6 4 654 4 1 0.14285714285714285
263 6 4 658 4 1 0.14285714285714285
264 6 4 660 4 1 0.14285714285714285
265 6 4 662 4 1 0.14285714285714285
266 6 4 663 4 1 0.14285714285714285
266 5 7 663 7 4 0.5714285714285714
267 6 4 663 4 1 0.14285714285714285
268 6 4 669 4 1 0.14285714285714285
269 5 7 669 7 4 0.5714285714285714
269 6 4 669 4 1 0.14285714285714285
270 6 4 670 4 1 0.14285714285714285
271 6 4 671 4 1 0.14285714285714285
271 5 7 672 7 4 0.5714285714285714
272 6 4 673 4 1 0.14285714285714285
272 5 7 674 7 4 0.5714285714285714
273 6 4 674 4 1 0.14285714285714285
274 6 4 678 4 1 0.14285714285714285
275 6 4 678 4 1 0.14285714285714285
276 6 4 680 4 1 0.14285714285714285
277 6 4 682 4 1 0.14285714285714285
278 6 4 683 4 1 0.14285714285714285
279 6 4 683 4 1 0.14285714285714285
280 6 4 684 4 1 0.14285714285714285
281 6 4 686 4 1 0.14285714285714285
281 5 8 687 8 5 0.7142857142857143
282 6 4 689 4 1 0.14285714285714285
283 6 4 689 4 1 0.14285714285714285
284 6 4 691 4 1 0.14285714285714285
285 6 4 692 4 1 0.14285714285714285
286 6 4 694 4 1 0.14285714285714285
287 6 4 697 4 1 0.14285714285714285
288 6 4 698 4 1 0.14285714285714285
289 6 4 700 4 1 0.14285714285714285
289 5 7 700 7 4 0.5714285714285714
290 6 4 700 4 1 0.14285714285714285
291 6 3 703 3 0 0.0
292 2 8 703 8 5 0.7142857142857143
293 2 8 703 8 5 0.7142857142857143
293 3 7 703 7 4 0.5714285714285714
294 2 8 704 8 5 0.7142857142857143
295 2 8 705 8 5 0.7142857142857143
296 2 8 707 8 5 0.7142857142857143
297 2 8 708 8 5 0.7142857142857143
298 2 8 708 8 5 0.7142857142857143
298 3 7 709 7 4 0.5714285714285714
299 2 8 709 8 5 0.7142857142857143
300 2 8 710 8 5 0.7142857142857143
301 2 8 710 8 5 0.7142857142857143
302 2 8 710 8 5 0.7142857142857143
303 2 8 712 8 5 0.7142857142857143
304 2 8 713 8 5 0.7142857142857143
305 2 8 714 8 5 0.7142857142857143
306 2 8 716 8 5 0.7142857142857143
307 2 8 716 8 5 0.7142857142857143
308 2 8 716 8 5 0.7142857142857143
309 2 8 718 8 5 0.7142857142857143
310 2 8 719 8 5 0.7142857142857143
311 2 8 721 8 5 0.7142857142857143
312 2 8 721 8 5 0.7142857142857143
313 2 8 722 8 5 0.7142857142857143
314 2 8 724 8 5 0.7142857142857143
315 2 8 724 8 5 0.7142857142857143
315 3 7 724 7 4 0.5714285714285714
316 2 8 724 8 5 0.7142857142857143
317 2 8 724 8 5 0.7142857142857143
318 2 8 724 8 5 0.7142857142857143
319 2 8 724 8 5 0.7142857142857143
320 2 8 724 8 5 0.7142857142857143
321 2 8 726 8 5 0.7142857142857143
322 2 8 726 8 5 0.7142857142857143
323 2 8 727 8 5 0.7142857142857143
324 2 8 727 8 5 0.7142857142857143
325 2 8 728 8 5 0.7142857142857143
326 2 8 728 8 5 0.7142857142857143
327 2 8 728 8 5 0.7142857142857143
328 2 8 730 8 5 0.7142857142857143
328 3 5 730 5 2 0.2857142857142857
329 2 8 730 8 5 0.7142857142857143
330 2 8 731 8 5 0.7142857142857143
331 2 8 732 8 5 0.7142857142857143
331 1 10 732 10 7 1.0
332 6 3 732 3 0 0.0
332 5 5 733 5 2 0.2857142857142857
333 5 5 734 5 2 0.2857142857142857
333 6 3 734 3 0 0.0
334 6 3 736 3 0 0.0
334 5 6 736 6 3 0.42857142857142855
335 6 3 738 3 0 0.0
336 6 3 739 3 0 0.0
337 6 3 741 3 0 0.0
338 6 3 744 3 0 0.0
338 5 6 744 6 3 0.42857142857142855
339 6 3 744 3 0 0.0
340 6 3 747 3 0 0.0
341 5 6 748 6 3 0.42857142857142855
341 6 3 748 3 0 0.0
342 6 3 751 3 0 0.0
342 5 5 751 5 2 0.2857142857142857
343 5 5 753 5 2 0.2857142857142857
343 6 3 753 3 0 0.0
343 4 9 754 9 6 0.8571428571428571
344 6 3 754 3 0 0.0
344 5 6 756 6 3 0.42857142857142855
345 6 3 756 3 0 0.0
345 5 5 757 5 2 0.2857142857142857
346 6 3 757 3 0 0.0
347 6 3 758 3 0 0.0
347 5 5 758 5 2 0.2857142857142857
348 6 3 759 3 0 0.0
348 5 6 759 6 3 0.42857142857142855
349 6 3 759 3 0 0.0
350 6 3 760 3 0 0.0
351 6 3 760 3 0 0.0
352 6 3 760 3 0 0.0
353 6 3 760 3 0 0.0
354 6 3 762 3 0 0.0
354 5 6 762 6 3 0.42857142857142855
354 4 9 763 9 6 0.8571428571428571
355 6 3 763 3 0 0.0
355 5 6 763 6 3 0.42857142857142855
356 6 3 764 3 0 0.0
357 6 3 765 3 0 0.0
357 5 6 768 6 3 0.42857142857142855
358 5 6 769 6 3 0.42857142857142855
358 6 3 769 3 0 0.0
359 6 3 769 3 0 0.0
359 5 5 769 5 2 0.2857142857142857
360 6 3 770 3 0 0.0
361 6 3 770 3 0 0.0
361 5 6 771 6 3 0.42857142857142855
362 6 3 773 3 0 0.0
363 6 3 773 3 0 0.0
364 6 3 773 3 0 0.0
364 5 5 774 5 2 0.2857142857142857
365 6 3 774 3 0 0.0
365 5 5 774 5 2 0.2857142857142857
366 6 3 774 3 0 0.0
366 5 6 774 6 3 0.42857142857142855
367 6 3 775 3 0 0.0
368 5 5 775 5 2 0.2857142857142857
368 6 3 775 3 0 0.0
369 6 3 775 3 0 0.0
370 6 3 777 3 0 0.0
370 5 6 777 6 3 0.42857142857142855
371 5 5 779 5 2 0.2857142857142857
371 6 3 779 3 0 0.0
372 6 3 779 3 0 0.0
372 5 5 779 5 2 0.2857142857142857
373 6 3 780 3 0 0.0
373 5 6 780 6 3 0.42857142857142855
374 5 6 780 6 3 0.42857142857142855
374 6 3 780 3 0 0.0
375 6 3 780 3 0 0.0
375 5 6 781 6 3 0.42857142857142855
376 6 3 782 3 0 0.0
377 6 3 783 3 0 0.0
378 6 3 784 3 0 0.0
379 6 3 784 3 0 0.0
379 5 5 784 5 2 0.2857142857142857
380 6 3 784 3 0 0.0
380 5 5 784 5 2 0.2857142857142857
381 6 3 784 3 0 0.0
381 5 5 784 5 2 0.2857142857142857
382 6 3 784 3 0 0.0
382 5 5 784 5 2 0.2857142857142857
383 6 3 784 3 0 0.0
383 5 5 784 5 2 0.2857142857142857
384 5 6 784 6 3 0.42857142857142855
384 6 3 785 3 0 0.0
385 6 3 786 3 0 0.0
385 5 5 787 5 2 0.2857142857142857
386 6 3 788 3 0 0.0
387 6 3 790 3 0 0.0
388 6 3 791 3 0 0.0
389 6 3 794 3 0 0.0
389 5 5 794 5 2 0.2857142857142857
390 5 5 794 5 2 0.2857142857142857
390 6 3 794 3 0 0.0
391 6 3 797 3 0 0.0
391 5 6 798 6 3 0.42857142857142855
392 6 3 798 3 0 0.0
393 6 3 798 3 0 0.0
394 6 3 798 3 0 0.0
395 6 3 798 3 0 0.0
396 6 3 798 3 0 0.0
397 6 3 799 3 0 0.0
398 5 5 800 5 2 0.2857142857142857
398 6 3 800 3 0 0.0
399 6 3 800 3 0 0.0
400 6 3 801 3 0 0.0
400 5 5 801 5 2 0.2857142857142857
401 6 3 801 3 0 0.0
402 6 3 801 3 0 0.0
402 5 5 801 5 2 0.2857142857142857
403 6 3 801 3 0 0.0
403 5 6 801 6 3 0.42857142857142855
404 6 3 801 3 0 0.0
404 5 5 801 5 2 0.2857142857142857
405 6 3 801 3 0 0.0
405 5 5 801 5 2 0.2857142857142857
406 5 5 801 5 2 0.2857142857142857
406 6 3 801 3 0 0.0
407 4 9 802 9 6 0.8571428571428571
407 6 3 802 3 0 0.0
407 5 6 802 6 3 0.42857142857142855
408 6 3 802 3 0 0.0
408 5 5 802 5 2 0.2857142857142857
409 6 3 803 3 0 0.0
410 6 3 803 3 0 0.0
411 6 3 804 3 0 0.0
411 5 5 804 5 2 0.2857142857142857
412 5 6 804 6 3 0.42857142857142855
412 6 3 804 3 0 0.0
413 6 3 804 3 0 0.0
413 5 6 804 6 3 0.42857142857142855
414 6 3 804 3 0 0.0
415 6 3 804 3 0 0.0
416 6 3 806 3 0 0.0
416 5 6 806 6 3 0.42857142857142855
417 6 3 806 3 0 0.0
417 5 6 807 6 3 0.42857142857142855
418 6 3 808 3 0 0.0
418 5 5 808 5 2 0.2857142857142857
419 6 3 809 3 0 0.0
419 5 5 809 5 2 0.2857142857142857
420 6 3 810 3 0 0.0
420 5 6 810 6 3 0.42857142857142855
421 6 3 810 3 0 0.0
421 5 5 810 5 2 0.2857142857142857
422 5 5 810 5 2 0.2857142857142857
422 6 3 810 3 0 0.0
423 6 3 810 3 0 0.0
424 6 3 811 3 0 0.0
424 5 5 812 5 2 0.2857142857142857
425 6 3 812 3 0 0.0
425 5 6 812 6 3 0.42857142857142855
426 6 3 812 3 0 0.0
427 6 3 812 3 0 0.0
427 5 5 813 5 2 0.2857142857142857
428 6 3 813 3 0 0.0
429 5 5 813 5 2 0.2857142857142857
429 6 3 813 3 0 0.0
430 6 3 815 3 0 0.0
430 5 9 816 9 6 0.8571428571428571
431 6 3 816 3 0 0.0
432 6 3 817 3 0 0.0
432 5 6 818 6 3 0.42857142857142855
433 5 3 818 3 0 0.0
434 1 10 819 10 7 1.0
435 1 10 819 10 7 1.0
436 1 10 819 10 7 1.0
437 1 10 819 10 7 1.0
438 1 10 819 10 7 1.0
439 1 10 819 10 7 1.0
440 1 10 819 10 7 1.0
441 1 10 819 10 7 1.0
442 1 10 819 10 7 1.0
443 1 10 819 10 7 1.0
444 1 10 821 10 7 1.0
445 1 10 821 10 7 1.0
445 2 7 821 7 4 0.5714285714285714
446 1 10 821 10 7 1.0
447 1 10 822 10 7 1.0
448 1 10 823 10 7 1.0
449 1 10 823 10 7 1.0
450 1 10 823 10 7 1.0
451 1 10 823 10 7 1.0
452 1 10 825 10 7 1.0
453 1 10 825 10 7 1.0
454 1 10 825 10 7 1.0
455 1 10 825 10 7 1.0
455 2 9 825 9 6 0.8571428571428571
456 1 10 825 10 7 1.0
457 1 10 825 10 7 1.0
457 2 9 827 9 6 0.8571428571428571
458 1 10 827 10 7 1.0
459 1 10 827 10 7 1.0
459 2 9 828 9 6 0.8571428571428571
460 1 10 828 10 7 1.0
461 1 10 828 10 7 1.0
462 1 10 828 10 7 1.0
462 2 6 828 6 3 0.42857142857142855
463 1 10 828 10 7 1.0
464 1 10 828 10 7 1.0
465 1 10 828 10 7 1.0
466 1 10 828 10 7 1.0
467 1 10 828 10 7 1.0
468 1 10 829 10 7 1.0
469 1 10 830 10 7 1.0
469 2 9 830 9 6 0.8571428571428571
470 1 10 830 10 7 1.0
471 1 10 830 10 7 1.0
472 1 10 830 10 7 1.0
473 1 10 831 10 7 1.0
474 1 10 831 10 7 1.0
475 1 10 831 10 7 1.0
475 2 9 832 9 6 0.8571428571428571
476 1 10 832 10 7 1.0
477 1 10 832 10 7 1.0
478 1 10 832 10 7 1.0
479 1 10 833 10 7 1.0
480 1 10 833 10 7 1.0
481 1 10 833 10 7 1.0
482 1 10 833 10 7 1.0
483 1 10 834 10 7 1.0
484 1 10 834 10 7 1.0
485 1 10 834 10 7 1.0
485 2 9 834 9 6 0.8571428571428571
486 1 10 834 10 7 1.0
486 2 7 834 7 4 0.5714285714285714
487 1 10 834 10 7 1.0
488 1 10 834 10 7 1.0
489 1 10 834 10 7 1.0
490 1 10 834 10 7 1.0
490 2 9 834 9 6 0.8571428571428571
491 1 10 835 10 7 1.0
492 1 10 836 10 7 1.0
493 1 10 837 10 7 1.0
494 1 10 837 10 7 1.0
495 1 10 837 10 7 1.0
496 1 10 837 10 7 1.0
497 1 10 837 10 7 1.0
498 1 10 837 10 7 1.0
499 2 7 837 7 4 0.5714285714285714
499 1 10 837 10 7 1.0
500 1 10 837 10 7 1.0
501 1 10 837 10 7 1.0
502 1 10 838 10 7 1.0
503 1 10 838 10 7 1.0
504 1 10 838 10 7 1.0
505 1 10 838 10 7 1.0
505 2 7 838 7 4 0.5714285714285714
506 1 10 838 10 7 1.0
507 1 10 838 10 7 1.0
508 1 10 838 10 7 1.0
509 1 10 838 10 7 1.0
509 3 6 838 6 3 0.42857142857142855
510 1 10 838 10 7 1.0
510 2 9 838 9 6 0.8571428571428571
511 1 10 838 10 7 1.0
512 1 10 838 10 7 1.0
513 1 10 838 10 7 1.0
514 1 10 838 10 7 1.0
515 1 10 839 10 7 1.0
516 1 10 840 10 7 1.0
517 1 10 840 10 7 1.0
518 1 10 840 10 7 1.0
519 1 10 840 10 7 1.0
520 1 10 841 10 7 1.0
521 1 10 841 10 7 1.0
522 1 10 842 10 7 1.0
523 1 10 842 10 7 1.0
524 1 10 842 10 7 1.0
525 1 10 842 10 7 1.0
526 1 10 842 10 7 1.0
526 2 9 842 9 6 0.8571428571428571
527 1 10 842 10 7 1.0
528 1 10 843 10 7 1.0
529 1 10 844 10 7 1.0
530 1 10 844 10 7 1.0
530 2 9 844 9 6 0.8571428571428571
531 1 10 844 10 7 1.0
532 1 10 844 10 7 1.0
533 1 10 845 10 7 1.0
534 1 10 845 10 7 1.0
535 1 10 845 10 7 1.0
536 1 10 845 10 7 1.0
536 2 7 845 7 4 0.5714285714285714
537 1 10 845 10 7 1.0
538 1 10 845 10 7 1.0
539 1 10 845 10 7 1.0
540 1 10 845 10 7 1.0
541 1 10 845 10 7 1.0
542 1 10 845 10 7 1.0
543 1 10 845 10 7 1.0
544 1 10 845 10 7 1.0
545 1 10 845 10 7 1.0
546 1 10 845 10 7 1.0
547 1 10 845 10 7 1.0
548 1 10 846 10 7 1.0
548 2 7 846 7 4 0.5714285714285714
549 1 10 846 10 7 1.0
550 1 10 847 10 7 1.0
551 2 9 847 9 6 0.8571428571428571
551 1 10 848 10 7 1.0
552 1 10 848 10 7 1.0
553 1 10 848 10 7 1.0
554 1 10 848 10 7 1.0
555 1 10 848 10 7 1.0
556 1 10 850 10 7 1.0
557 1 10 850 10 7 1.0
558 1 10 850 10 7 1.0
559 1 10 850 10 7 1.0
560 1 10 850 10 7 1.0
561 1 10 850 10 7 1.0
562 1 10 851 10 7 1.0
563 1 10 851 10 7 1.0
564 1 10 851 10 7 1.0
565 1 10 851 10 7 1.0
566 1 10 851 10 7 1.0
566 2 9 851 9 6 0.8571428571428571
567 1 10 851 10 7 1.0
567 2 9 851 9 6 0.8571428571428571
568 1 10 851 10 7 1.0
569 1 10 851 10 7 1.0
570 1 10 852 10 7 1.0
571 1 10 852 10 7 1.0
572 1 10 852 10 7 1.0
573 1 10 852 10 7 1.0
574 1 10 852 10 7 1.0
575 1 10 852 10 7 1.0
576 1 10 852 10 7 1.0
577 1 10 852 10 7 1.0
578 1 10 853 10 7 1.0
579 1 10 853 10 7 1.0
580 1 10 853 10 7 1.0
581 1 10 853 10 7 1.0
582 1 10 853 10 7 1.0
583 1 10 853 10 7 1.0
584 1 10 853 10 7 1.0
585 1 10 853 10 7 1.0
586 1 10 853 10 7 1.0
586 2 9 855 9 6 0.8571428571428571
587 1 10 855 10 7 1.0
588 1 10 856 10 7 1.0
589 1 10 856 10 7 1.0
590 1 10 857 10 7 1.0
591 1 10 857 10 7 1.0
592 1 10 857 10 7 1.0
593 1 10 857 10 7 1.0
594 1 10 857 10 7 1.0
595 1 10 858 10 7 1.0
596 1 10 858 10 7 1.0
597 1 10 858 10 7 1.0
598 1 10 858 10 7 1.0
599 1 10 858 10 7 1.0
600 1 10 858 10 7 1.0
601 1 10 858 10 7 1.0
602 1 10 858 10 7 1.0
603 1 10 858 10 7 1.0
603 2 7 858 7 4 0.5714285714285714
604 1 10 858 10 7 1.0
604 2 9 858 9 6 0.8571428571428571
605 1 10 858 10 7 1.0
606 1 10 858 10 7 1.0
607 1 10 858 10 7 1.0
608 1 10 858 10 7 1.0
609 1 10 858 10 7 1.0
610 2 9 858 9 6 0.8571428571428571
610 1 10 858 10 7 1.0
611 1 10 858 10 7 1.0
612 1 10 858 10 7 1.0
613 1 10 858 10 7 1.0
614 1 10 858 10 7 1.0
615 1 10 858 10 7 1.0
616 1 10 858 10 7 1.0
617 1 10 858 10 7 1.0
618 1 10 858 10 7 1.0
619 1 10 858 10 7 1.0
620 1 10 858 10 7 1.0
621 1 10 858 10 7 1.0
622 1 10 858 10 7 1.0
623 1 10 858 10 7 1.0
624 1 10 859 10 7 1.0
625 1 10 859 10 7 1.0
626 1 10 859 10 7 1.0
627 1 10 859 10 7 1.0
628 1 10 859 10 7 1.0
629 1 10 859 10 7 1.0
629 4 9 859 9 6 0.8571428571428571
630 1 10 859 10 7 1.0
630 2 9 859 9 6 0.8571428571428571
631 1 10 859 10 7 1.0
632 1 10 859 10 7 1.0
633 1 10 859 10 7 1.0
633 2 7 860 7 4 0.5714285714285714
634 1 10 860 10 7 1.0
635 1 10 860 10 7 1.0
636 1 10 860 10 7 1.0
637 1 10 860 10 7 1.0
637 2 7 860 7 4 0.5714285714285714
638 1 10 860 10 7 1.0
639 1 10 860 10 7 1.0
639 2 9 860 9 6 0.8571428571428571
640 1 10 860 10 7 1.0
641 1 10 860 10 7 1.0
642 1 10 860 10 7 1.0
642 2 9 861 9 6 0.8571428571428571
643 1 10 861 10 7 1.0
644 1 10 861 10 7 1.0
645 1 10 861 10 7 1.0
646 1 10 861 10 7 1.0
647 1 10 861 10 7 1.0
648 1 10 862 10 7 1.0
649 1 10 862 10 7 1.0
650 1 10 863 10 7 1.0
651 1 10 863 10 7 1.0
651 2 9 863 9 6 0.8571428571428571
652 1 10 863 10 7 1.0
652 2 9 863 9 6 0.8571428571428571
653 1 10 863 10 7 1.0
654 1 10 863 10 7 1.0
654 2 6 863 6 3 0.42857142857142855
655 1 10 863 10 7 1.0
656 1 10 863 10 7 1.0
657 1 10 863 10 7 1.0
658 1 10 863 10 7 1.0
659 1 10 863 10 7 1.0
660 1 10 863 10 7 1.0
661 1 10 863 10 7 1.0
662 1 10 863 10 7 1.0
663 1 10 863 10 7 1.0
664 1 10 863 10 7 1.0
665 1 10 864 10 7 1.0
666 1 10 864 10 7 1.0
667 1 10 864 10 7 1.0
668 1 10 864 10 7 1.0
669 1 10 864 10 7 1.0
670 1 10 864 10 7 1.0
671 1 10 864 10 7 1.0
672 1 10 865 10 7 1.0
672 2 9 865 9 6 0.8571428571428571
673 1 10 865 10 7 1.0
674 1 10 865 10 7 1.0
675 1 10 865 10 7 1.0
676 1 10 865 10 7 1.0
676 3 9 866 9 6 0.8571428571428571
677 1 10 866 10 7 1.0
678 1 10 866 10 7 1.0
679 1 10 866 10 7 1.0
680 1 10 866 10 7 1.0
681 1 10 866 10 7 1.0
682 1 10 866 10 7 1.0
683 1 10 866 10 7 1.0
684 1 10 866 10 7 1.0
684 2 9 867 9 6 0.8571428571428571
685 1 10 867 10 7 1.0
685 2 9 867 9 6 0.8571428571428571
686 1 10 867 10 7 1.0
687 1 10 867 10 7 1.0
687 2 7 867 7 4 0.5714285714285714
688 1 10 867 10 7 1.0
689 1 10 867 10 7 1.0
690 1 10 867 10 7 1.0
691 1 10 867 10 7 1.0
692 1 10 868 10 7 1.0
693 1 10 868 10 7 1.0
694 1 10 869 10 7 1.0
695 1 10 870 10 7 1.0
696 1 10 870 10 7 1.0
697 1 10 870 10 7 1.0
698 1 10 870 10 7 1.0
699 1 10 870 10 7 1.0
700 1 10 870 10 7 1.0
701 1 10 870 10 7 1.0
702 1 10 870 10 7 1.0
703 1 10 870 10 7 1.0
704 1 10 870 10 7 1.0
704 2 9 870 9 6 0.8571428571428571
705 1 10 870 10 7 1.0
706 1 10 870 10 7 1.0
707 1 10 870 10 7 1.0
708 1 10 870 10 7 1.0
709 1 10 871 10 7 1.0
710 1 10 871 10 7 1.0
711 1 10 871 10 7 1.0
712 1 10 871 10 7 1.0
712 2 7 871 7 4 0.5714285714285714
713 1 10 871 10 7 1.0
714 1 10 871 10 7 1.0
715 1 10 871 10 7 1.0
716 1 10 871 10 7 1.0
717 1 10 872 10 7 1.0
718 2 7 873 7 4 0.5714285714285714
718 1 10 873 10 7 1.0
719 1 10 873 10 7 1.0
719 2 7 873 7 4 0.5714285714285714
720 1 10 873 10 7 1.0
721 1 10 873 10 7 1.0
722 1 10 873 10 7 1.0
723 1 10 873 10 7 1.0
724 1 10 873 10 7 1.0
725 1 10 873 10 7 1.0
726 1 10 873 10 7 1.0
726 2 9 873 9 6 0.8571428571428571
727 1 10 873 10 7 1.0
728 1 10 873 10 7 1.0
729 1 10 873 10 7 1.0
729 2 9 873 9 6 0.8571428571428571
730 1 10 873 10 7 1.0
730 2 6 873 6 3 0.42857142857142855
731 1 10 873 10 7 1.0
732 1 10 873 10 7 1.0
733 1 10 873 10 7 1.0
734 1 10 873 10 7 1.0
735 1 10 873 10 7 1.0
735 2 9 873 9 6 0.8571428571428571
736 1 10 873 10 7 1.0
737 1 10 873 10 7 1.0
738 1 10 873 10 7 1.0
739 1 10 873 10 7 1.0
740 1 10 873 10 7 1.0
741 1 10 873 10 7 1.0
742 1 10 873 10 7 1.0
743 1 10 873 10 7 1.0
744 1 10 873 10 7 1.0
745 1 10 873 10 7 1.0
746 1 10 873 10 7 1.0
747 1 10 873 10 7 1.0
748 1 10 873 10 7 1.0
749 1 10 874 10 7 1.0
750 1 10 874 10 7 1.0
751 1 10 874 10 7 1.0
751 2 9 874 9 6 0.8571428571428571
752 1 10 874 10 7 1.0
753 1 10 874 10 7 1.0
754 1 10 874 10 7 1.0
754 2 9 874 9 6 0.8571428571428571
755 1 10 874 10 7 1.0
756 1 10 874 10 7 1.0
757 1 10 874 10 7 1.0
758 1 10 874 10 7 1.0
759 1 10 874 10 7 1.0
760 1 10 874 10 7 1.0
761 1 10 874 10 7 1.0
762 1 10 874 10 7 1.0
763 1 10 874 10 7 1.0
764 1 10 874 10 7 1.0
765 1 10 874 10 7 1.0
766 1 10 874 10 7 1.0
767 1 10 874 10 7 1.0
768 1 10 874 10 7 1.0
769 1 10 874 10 7 1.0
770 1 10 874 10 7 1.0
771 1 10 875 10 7 1.0
772 1 10 875 10 7 1.0
773 1 10 875 10 7 1.0
773 2 7 875 7 4 0.5714285714285714
774 1 10 875 10 7 1.0
775 1 10 875 10 7 1.0
776 1 10 875 10 7 1.0
776 2 9 875 9 6 0.8571428571428571
777 1 10 876 10 7 1.0
778 1 10 876 10 7 1.0
779 1 10 876 10 7 1.0
779 2 7 876 7 4 0.5714285714285714
780 1 10 876 10 7 1.0
781 1 10 876 10 7 1.0
782 1 10 876 10 7 1.0
783 1 10 876 10 7 1.0
784 1 10 876 10 7 1.0
785 1 10 876 10 7 1.0
786 1 10 876 10 7 1.0
786 2 8 876 8 5 0.7142857142857143
787 1 10 876 10 7 1.0
788 1 10 876 10 7 1.0
789 1 10 876 10 7 1.0
790 1 10 876 10 7 1.0
790 2 9 876 9 6 0.8571428571428571
791 1 10 876 10 7 1.0
792 1 10 876 10 7 1.0
793 1 10 876 10 7 1.0
793 2 9 876 9 6 0.8571428571428571
794 1 10 876 10 7 1.0
795 1 10 876 10 7 1.0
795 2 9 876 9 6 0.8571428571428571
796 1 10 876 10 7 1.0
797 1 10 876 10 7 1.0
798 1 10 876 10 7 1.0
799 1 10 876 10 7 1.0
800 1 10 876 10 7 1.0
801 1 10 876 10 7 1.0
802 1 10 876 10 7 1.0
803 1 10 876 10 7 1.0
803 2 6 876 6 3 0.42857142857142855
804 1 10 876 10 7 1.0
805 1 10 876 10 7 1.0
806 1 10 876 10 7 1.0
807 1 10 876 10 7 1.0
808 1 10 876 10 7 1.0
809 1 10 877 10 7 1.0
810 1 10 877 10 7 1.0
811 1 10 878 10 7 1.0
812 1 10 878 10 7 1.0
813 1 10 878 10 7 1.0
814 2 9 878 9 6 0.8571428571428571
814 1 10 878 10 7 1.0
815 1 10 878 10 7 1.0
816 1 10 878 10 7 1.0
817 1 10 878 10 7 1.0
817 2 9 878 9 6 0.8571428571428571
818 1 10 878 10 7 1.0
819 1 10 878 10 7 1.0
820 1 10 879 10 7 1.0
821 1 10 880 10 7 1.0
822 1 10 880 10 7 1.0
823 1 10 880 10 7 1.0
823 2 7 880 7 4 0.5714285714285714
824 1 10 880 10 7 1.0
825 1 10 880 10 7 1.0
826 1 10 880 10 7 1.0
827 1 10 880 10 7 1.0
828 1 10 881 10 7 1.0
829 1 10 881 10 7 1.0
830 1 10 881 10 7 1.0
831 1 10 881 10 7 1.0
832 1 10 881 10 7 1.0
833 1 10 881 10 7 1.0
834 1 10 883 10 7 1.0
835 1 10 883 10 7 1.0
836 1 10 883 10 7 1.0
837 1 10 883 10 7 1.0
838 1 10 883 10 7 1.0
839 1 10 883 10 7 1.0
840 1 10 883 10 7 1.0
841 1 10 883 10 7 1.0
842 1 10 884 10 7 1.0
843 1 10 884 10 7 1.0
844 1 10 884 10 7 1.0
844 2 6 884 6 3 0.42857142857142855
845 1 10 884 10 7 1.0
846 1 10 884 10 7 1.0
847 1 10 884 10 7 1.0
848 1 10 884 10 7 1.0
849 1 10 884 10 7 1.0
850 1 10 884 10 7 1.0
851 1 10 884 10 7 1.0
852 1 10 884 10 7 1.0
853 1 10 884 10 7 1.0
853 2 7 884 7 4 0.5714285714285714
854 1 10 884 10 7 1.0
855 1 10 884 10 7 1.0
856 1 10 884 10 7 1.0
857 1 10 884 10 7 1.0
858 1 10 884 10 7 1.0
859 1 10 884 10 7 1.0
860 1 10 884 10 7 1.0
861 1 10 885 10 7 1.0
862 1 10 885 10 7 1.0
863 1 10 885 10 7 1.0
864 1 10 885 10 7 1.0
865 1 10 885 10 7 1.0
866 1 10 886 10 7 1.0
867 1 10 887 10 7 1.0
868 1 10 887 10 7 1.0
869 1 10 887 10 7 1.0
870 1 10 887 10 7 1.0
870 2 9 887 9 6 0.8571428571428571
871 1 10 887 10 7 1.0
872 1 10 888 10 7 1.0
873 1 10 888 10 7 1.0
874 1 10 888 10 7 1.0
875 1 10 888 10 7 1.0
876 1 10 888 10 7 1.0
877 1 10 888 10 7 1.0
878 1 10 888 10 7 1.0
879 1 10 888 10 7 1.0
880 1 10 888 10 7 1.0
880 2 6 888 6 3 0.42857142857142855
881 1 10 889 10 7 1.0
882 1 10 889 10 7 1.0
883 1 10 889 10 7 1.0
884 1 10 889 10 7 1.0
885 1 10 889 10 7 1.0
886 1 10 889 10 7 1.0
887 1 10 889 10 7 1.0
888 1 10 889 10 7 1.0
889 1 10 889 10 7 1.0
890 1 10 889 10 7 1.0
891 1 10 889 10 7 1.0
891 2 8 889 8 5 0.7142857142857143
892 1 10 889 10 7 1.0
893 1 10 889 10 7 1.0
893 2 6 889 6 3 0.42857142857142855
894 1 10 889 10 7 1.0
895 1 10 889 10 7 1.0
896 1 10 889 10 7 1.0
897 1 10 889 10 7 1.0
897 2 9 889 9 6 0.8571428571428571
898 1 10 889 10 7 1.0
899 1 10 889 10 7 1.0
900 1 10 889 10 7 1.0
901 1 10 889 10 7 1.0
902 1 10 889 10 7 1.0
903 1 10 889 10 7 1.0
903 2 9 889 9 6 0.8571428571428571
904 1 10 889 10 7 1.0
905 1 10 889 10 7 1.0
906 1 10 889 10 7 1.0
907 1 10 889 10 7 1.0
908 1 10 889 10 7 1.0
909 1 10 889 10 7 1.0
909 2 9 889 9 6 0.8571428571428571
910 1 10 889 10 7 1.0
911 1 10 889 10 7 1.0
912 1 10 889 10 7 1.0
912 2 9 889 9 6 0.8571428571428571
913 1 10 889 10 7 1.0
914 1 10 889 10 7 1.0
915 1 10 889 10 7 1.0
916 1 10 889 10 7 1.0
917 1 10 889 10 7 1.0
917 2 9 889 9 6 0.8571428571428571
918 1 10 889 10 7 1.0
919 1 10 889 10 7 1.0
920 1 10 889 10 7 1.0
921 1 10 889 10 7 1.0
922 1 10 889 10 7 1.0
923 1 10 889 10 7 1.0
924 1 10 890 10 7 1.0
925 1 10 890 10 7 1.0
926 1 10 890 10 7 1.0
927 1 10 890 10 7 1.0
927 2 9 890 9 6 0.8571428571428571
928 1 10 890 10 7 1.0
929 2 9 890 9 6 0.8571428571428571
929 1 10 890 10 7 1.0
930 1 10 890 10 7 1.0
931 1 10 890 10 7 1.0
932 1 10 890 10 7 1.0
933 1 10 890 10 7 1.0
934 1 10 892 10 7 1.0
935 1 10 892 10 7 1.0
936 1 10 892 10 7 1.0
937 1 10 893 10 7 1.0
938 1 10 893 10 7 1.0
939 1 10 893 10 7 1.0
940 1 10 893 10 7 1.0
941 1 10 893 10 7 1.0
941 2 7 893 7 4 0.5714285714285714
942 2 9 893 9 6 0.8571428571428571
942 1 10 893 10 7 1.0
943 1 10 894 10 7 1.0
944 1 10 894 10 7 1.0
945 1 10 894 10 7 1.0
945 2 6 894 6 3 0.42857142857142855
946 1 10 894 10 7 1.0
947 1 10 894 10 7 1.0
948 1 10 894 10 7 1.0
949 1 10 895 10 7 1.0
950 1 10 895 10 7 1.0
951 1 10 895 10 7 1.0
952 1 10 895 10 7 1.0
953 1 10 895 10 7 1.0
954 1 10 895 10 7 1.0
955 1 10 895 10 7 1.0
956 1 10 895 10 7 1.0
957 1 10 895 10 7 1.0
958 1 10 895 10 7 1.0
959 1 10 895 10 7 1.0
960 1 10 895 10 7 1.0
961 1 10 895 10 7 1.0
962 1 10 895 10 7 1.0
963 1 10 895 10 7 1.0
964 1 10 895 10 7 1.0
965 1 10 895 10 7 1.0
966 1 10 895 10 7 1.0
967 1 10 895 10 7 1.0
968 1 10 895 10 7 1.0
969 1 10 895 10 7 1.0
970 1 10 895 10 7 1.0
971 1 10 896 10 7 1.0
972 1 10 896 10 7 1.0
973 1 10 896 10 7 1.0
974 1 10 896 10 7 1.0
975 1 10 896 10 7 1.0
976 1 10 896 10 7 1.0
977 1 10 896 10 7 1.0
978 1 10 896 10 7 1.0
979 1 10 896 10 7 1.0
979 2 9 896 9 6 0.8571428571428571
980 1 10 897 10 7 1.0
981 1 10 897 10 7 1.0
982 1 10 897 10 7 1.0
982 2 6 897 6 3 0.42857142857142855
983 1 10 897 10 7 1.0
984 1 10 897 10 7 1.0
985 1 10 897 10 7 1.0
986 1 10 897 10 7 1.0
987 1 10 897 10 7 1.0
987 2 8 897 8 5 0.7142857142857143
988 1 10 897 10 7 1.0
989 1 10 897 10 7 1.0
990 1 10 897 10 7 1.0
990 2 9 897 9 6 0.8571428571428571
991 1 10 897 10 7 1.0
992 1 10 897 10 7 1.0
993 1 10 897 10 7 1.0
994 1 10 897 10 7 1.0
995 1 10 897 10 7 1.0
996 1 10 897 10 7 1.0
997 1 10 897 10 7 1.0
998 1 10 897 10 7 1.0
999 1 10 897 10 7 1.0
1000 1 10 897 10 7 1.0
