gen testSuiteSize notKilledMutants number_of_tests no_discount_objective no_equiv_mut_not_killed no_equiv_mut_not_killed_perc
1 6 3 13 3 3 0.3
1 5 5 26 5 5 0.5
1 2 6 36 6 6 0.6
2 6 1 48 1 1 0.1
3 5 5 52 5 5 0.5
3 4 6 54 6 6 0.6
4 2 6 57 6 6 0.6
5 2 6 62 6 6 0.6
5 3 5 65 5 5 0.5
6 2 6 65 6 6 0.6
7 2 6 65 6 6 0.6
8 2 6 66 6 6 0.6
9 2 5 71 5 5 0.5
10 6 1 71 1 1 0.1
11 6 1 74 1 1 0.1
12 6 1 81 1 1 0.1
13 6 1 86 1 1 0.1
14 6 1 90 1 1 0.1
15 6 1 93 1 1 0.1
16 6 1 97 1 1 0.1
17 6 1 101 1 1 0.1
18 6 1 109 1 1 0.1
19 6 1 112 1 1 0.1
20 6 1 116 1 1 0.1
21 6 1 124 1 1 0.1
22 6 0 131 0 0 0.0
23 2 5 133 5 5 0.5
24 2 5 136 5 5 0.5
25 2 5 141 5 5 0.5
26 2 4 143 4 4 0.4
27 6 0 145 0 0 0.0
28 6 0 154 0 0 0.0
29 6 0 163 0 0 0.0
30 6 0 168 0 0 0.0
31 6 0 174 0 0 0.0
32 6 0 179 0 0 0.0
33 6 0 182 0 0 0.0
34 6 0 187 0 0 0.0
35 6 0 194 0 0 0.0
36 6 0 198 0 0 0.0
37 6 0 206 0 0 0.0
38 6 0 210 0 0 0.0
38 5 2 211 2 2 0.2
39 6 0 211 0 0 0.0
40 6 0 216 0 0 0.0
41 6 0 226 0 0 0.0
42 6 0 233 0 0 0.0
43 6 0 237 0 0 0.0
44 6 0 239 0 0 0.0
45 6 0 243 0 0 0.0
46 6 0 245 0 0 0.0
47 6 0 250 0 0 0.0
48 6 0 254 0 0 0.0
49 6 0 261 0 0 0.0
50 6 0 262 0 0 0.0
51 6 0 269 0 0 0.0
51 5 2 269 2 2 0.2
52 6 0 271 0 0 0.0
53 6 0 276 0 0 0.0
54 6 0 279 0 0 0.0
55 6 0 280 0 0 0.0
56 6 0 283 0 0 0.0
57 6 0 291 0 0 0.0
58 6 0 293 0 0 0.0
59 6 0 297 0 0 0.0
59 5 2 302 2 2 0.2
60 6 0 303 0 0 0.0
61 6 0 310 0 0 0.0
62 6 0 311 0 0 0.0
63 6 0 316 0 0 0.0
64 6 0 326 0 0 0.0
65 6 0 330 0 0 0.0
66 6 0 334 0 0 0.0
67 6 0 337 0 0 0.0
68 6 0 344 0 0 0.0
69 6 0 348 0 0 0.0
70 6 0 353 0 0 0.0
71 5 2 356 2 2 0.2
71 6 0 356 0 0 0.0
72 6 0 358 0 0 0.0
73 6 0 361 0 0 0.0
74 6 0 361 0 0 0.0
75 6 0 365 0 0 0.0
76 6 0 367 0 0 0.0
77 6 0 368 0 0 0.0
78 6 0 369 0 0 0.0
79 6 0 371 0 0 0.0
80 6 0 378 0 0 0.0
81 6 0 381 0 0 0.0
82 6 0 389 0 0 0.0
83 6 0 391 0 0 0.0
84 6 0 395 0 0 0.0
85 6 0 400 0 0 0.0
86 6 0 402 0 0 0.0
87 6 0 406 0 0 0.0
88 6 0 409 0 0 0.0
89 6 0 411 0 0 0.0
90 6 0 417 0 0 0.0
91 6 0 419 0 0 0.0
92 6 0 422 0 0 0.0
93 6 0 428 0 0 0.0
94 6 0 430 0 0 0.0
95 6 0 434 0 0 0.0
96 6 0 436 0 0 0.0
97 6 0 438 0 0 0.0
98 6 0 441 0 0 0.0
99 6 0 446 0 0 0.0
100 6 0 446 0 0 0.0
101 6 0 449 0 0 0.0
102 6 0 455 0 0 0.0
103 6 0 455 0 0 0.0
104 6 0 457 0 0 0.0
105 6 0 457 0 0 0.0
106 6 0 461 0 0 0.0
107 6 0 467 0 0 0.0
108 6 0 471 0 0 0.0
109 6 0 474 0 0 0.0
110 6 0 476 0 0 0.0
111 5 1 481 1 1 0.1
111 6 0 481 0 0 0.0
112 6 0 481 0 0 0.0
113 6 0 486 0 0 0.0
114 6 0 487 0 0 0.0
114 5 1 491 1 1 0.1
115 6 0 491 0 0 0.0
116 6 0 496 0 0 0.0
117 6 0 498 0 0 0.0
118 6 0 500 0 0 0.0
118 5 1 500 1 1 0.1
119 6 0 500 0 0 0.0
119 5 4 500 4 4 0.4
120 6 0 503 0 0 0.0
121 6 0 505 0 0 0.0
122 6 0 506 0 0 0.0
123 6 0 509 0 0 0.0
124 6 0 510 0 0 0.0
125 6 0 515 0 0 0.0
126 6 0 520 0 0 0.0
127 6 0 522 0 0 0.0
128 6 0 525 0 0 0.0
129 6 0 528 0 0 0.0
130 6 0 529 0 0 0.0
131 6 0 530 0 0 0.0
132 6 0 536 0 0 0.0
133 6 0 537 0 0 0.0
134 6 0 541 0 0 0.0
135 6 0 544 0 0 0.0
136 6 0 545 0 0 0.0
137 6 0 545 0 0 0.0
138 6 0 549 0 0 0.0
139 6 0 551 0 0 0.0
140 6 0 554 0 0 0.0
141 6 0 556 0 0 0.0
142 6 0 558 0 0 0.0
143 6 0 559 0 0 0.0
144 6 0 564 0 0 0.0
145 6 0 566 0 0 0.0
146 6 0 569 0 0 0.0
147 6 0 571 0 0 0.0
148 6 0 572 0 0 0.0
149 6 0 574 0 0 0.0
150 6 0 580 0 0 0.0
151 6 0 583 0 0 0.0
152 6 0 584 0 0 0.0
153 6 0 587 0 0 0.0
154 6 0 589 0 0 0.0
155 6 0 590 0 0 0.0
156 6 0 594 0 0 0.0
157 6 0 597 0 0 0.0
158 6 0 600 0 0 0.0
159 6 0 603 0 0 0.0
160 6 0 606 0 0 0.0
161 6 0 610 0 0 0.0
161 5 3 611 3 3 0.3
162 6 0 615 0 0 0.0
163 6 0 616 0 0 0.0
164 6 0 618 0 0 0.0
165 6 0 619 0 0 0.0
166 6 0 619 0 0 0.0
167 6 0 619 0 0 0.0
168 6 0 624 0 0 0.0
169 6 0 624 0 0 0.0
170 6 0 626 0 0 0.0
171 6 0 629 0 0 0.0
171 5 1 629 1 1 0.1
172 6 0 631 0 0 0.0
173 6 0 634 0 0 0.0
174 6 0 638 0 0 0.0
175 6 0 639 0 0 0.0
176 6 0 640 0 0 0.0
177 6 0 641 0 0 0.0
178 6 0 642 0 0 0.0
179 6 0 642 0 0 0.0
180 6 0 645 0 0 0.0
181 6 0 646 0 0 0.0
182 6 0 648 0 0 0.0
183 5 1 649 1 1 0.1
183 6 0 650 0 0 0.0
184 6 0 650 0 0 0.0
185 6 0 650 0 0 0.0
186 6 0 652 0 0 0.0
187 6 0 653 0 0 0.0
188 6 0 656 0 0 0.0
189 6 0 656 0 0 0.0
190 6 0 656 0 0 0.0
191 6 0 657 0 0 0.0
192 6 0 659 0 0 0.0
193 6 0 660 0 0 0.0
194 6 0 660 0 0 0.0
195 6 0 664 0 0 0.0
196 6 0 666 0 0 0.0
197 6 0 666 0 0 0.0
198 6 0 670 0 0 0.0
199 6 0 671 0 0 0.0
200 6 0 674 0 0 0.0
201 6 0 676 0 0 0.0
202 6 0 679 0 0 0.0
203 6 0 680 0 0 0.0
204 6 0 682 0 0 0.0
204 5 1 683 1 1 0.1
205 6 0 683 0 0 0.0
206 6 0 683 0 0 0.0
207 6 0 686 0 0 0.0
207 5 1 687 1 1 0.1
208 6 0 688 0 0 0.0
209 6 0 690 0 0 0.0
210 6 0 690 0 0 0.0
211 6 0 692 0 0 0.0
211 5 1 692 1 1 0.1
212 6 0 693 0 0 0.0
213 6 0 693 0 0 0.0
214 6 0 696 0 0 0.0
215 6 0 697 0 0 0.0
216 6 0 698 0 0 0.0
217 6 0 700 0 0 0.0
217 5 2 702 2 2 0.2
218 6 0 704 0 0 0.0
219 6 0 706 0 0 0.0
219 5 4 712 4 4 0.4
220 6 0 712 0 0 0.0
221 6 0 712 0 0 0.0
222 6 0 714 0 0 0.0
223 6 0 714 0 0 0.0
224 6 0 716 0 0 0.0
225 6 0 716 0 0 0.0
226 6 0 717 0 0 0.0
227 6 0 717 0 0 0.0
228 6 0 718 0 0 0.0
229 6 0 719 0 0 0.0
230 6 0 720 0 0 0.0
231 6 0 721 0 0 0.0
232 6 0 721 0 0 0.0
233 6 0 726 0 0 0.0
234 6 0 726 0 0 0.0
235 6 0 728 0 0 0.0
236 6 0 729 0 0 0.0
237 6 0 730 0 0 0.0
238 6 0 733 0 0 0.0
239 6 0 733 0 0 0.0
240 6 0 736 0 0 0.0
241 6 0 739 0 0 0.0
241 5 2 739 2 2 0.2
242 6 0 739 0 0 0.0
243 6 0 740 0 0 0.0
244 6 0 741 0 0 0.0
245 5 1 744 1 1 0.1
245 6 0 746 0 0 0.0
246 6 0 747 0 0 0.0
247 6 0 750 0 0 0.0
248 6 0 750 0 0 0.0
249 6 0 753 0 0 0.0
250 6 0 753 0 0 0.0
251 6 0 755 0 0 0.0
252 6 0 756 0 0 0.0
253 6 0 757 0 0 0.0
254 6 0 757 0 0 0.0
255 6 0 758 0 0 0.0
256 6 0 759 0 0 0.0
257 6 0 760 0 0 0.0
258 6 0 761 0 0 0.0
259 6 0 763 0 0 0.0
260 6 0 764 0 0 0.0
261 6 0 764 0 0 0.0
262 6 0 767 0 0 0.0
263 6 0 768 0 0 0.0
264 6 0 771 0 0 0.0
265 6 0 772 0 0 0.0
266 6 0 773 0 0 0.0
267 6 0 776 0 0 0.0
268 6 0 777 0 0 0.0
269 6 0 779 0 0 0.0
270 6 0 780 0 0 0.0
271 6 0 781 0 0 0.0
272 6 0 784 0 0 0.0
273 6 0 788 0 0 0.0
274 6 0 791 0 0 0.0
275 6 0 792 0 0 0.0
276 6 0 792 0 0 0.0
277 6 0 792 0 0 0.0
278 6 0 793 0 0 0.0
279 6 0 795 0 0 0.0
280 6 0 797 0 0 0.0
281 6 0 797 0 0 0.0
282 6 0 798 0 0 0.0
283 6 0 798 0 0 0.0
284 6 0 798 0 0 0.0
285 6 0 800 0 0 0.0
286 6 0 800 0 0 0.0
287 6 0 800 0 0 0.0
288 6 0 801 0 0 0.0
289 6 0 802 0 0 0.0
290 6 0 803 0 0 0.0
291 6 0 803 0 0 0.0
292 6 0 807 0 0 0.0
293 6 0 807 0 0 0.0
294 6 0 809 0 0 0.0
295 6 0 811 0 0 0.0
296 6 0 814 0 0 0.0
297 6 0 815 0 0 0.0
298 6 0 815 0 0 0.0
299 6 0 815 0 0 0.0
300 6 0 816 0 0 0.0
301 6 0 817 0 0 0.0
302 6 0 818 0 0 0.0
303 6 0 821 0 0 0.0
304 6 0 824 0 0 0.0
305 6 0 824 0 0 0.0
306 6 0 825 0 0 0.0
307 6 0 827 0 0 0.0
308 6 0 829 0 0 0.0
309 6 0 829 0 0 0.0
310 6 0 831 0 0 0.0
311 6 0 831 0 0 0.0
312 6 0 831 0 0 0.0
313 6 0 832 0 0 0.0
314 6 0 832 0 0 0.0
314 5 2 832 2 2 0.2
315 6 0 833 0 0 0.0
316 6 0 833 0 0 0.0
317 6 0 834 0 0 0.0
318 6 0 837 0 0 0.0
319 6 0 838 0 0 0.0
320 6 0 838 0 0 0.0
321 6 0 840 0 0 0.0
322 6 0 841 0 0 0.0
323 6 0 841 0 0 0.0
324 6 0 841 0 0 0.0
325 6 0 842 0 0 0.0
326 6 0 844 0 0 0.0
327 6 0 845 0 0 0.0
328 6 0 845 0 0 0.0
329 5 2 846 2 2 0.2
329 6 0 846 0 0 0.0
330 6 0 846 0 0 0.0
331 6 0 847 0 0 0.0
332 6 0 849 0 0 0.0
333 6 0 850 0 0 0.0
334 6 0 851 0 0 0.0
335 6 0 851 0 0 0.0
336 6 0 851 0 0 0.0
337 6 0 851 0 0 0.0
338 6 0 852 0 0 0.0
339 6 0 852 0 0 0.0
340 6 0 852 0 0 0.0
341 6 0 854 0 0 0.0
342 6 0 856 0 0 0.0
343 6 0 856 0 0 0.0
344 6 0 857 0 0 0.0
345 6 0 859 0 0 0.0
346 6 0 860 0 0 0.0
347 6 0 860 0 0 0.0
348 6 0 860 0 0 0.0
348 5 8 860 8 8 0.8
349 6 0 861 0 0 0.0
350 6 0 863 0 0 0.0
351 6 0 863 0 0 0.0
351 5 1 863 1 1 0.1
352 6 0 863 0 0 0.0
353 6 0 863 0 0 0.0
354 6 0 863 0 0 0.0
355 6 0 865 0 0 0.0
356 6 0 866 0 0 0.0
357 6 0 869 0 0 0.0
358 6 0 869 0 0 0.0
359 6 0 869 0 0 0.0
360 6 0 871 0 0 0.0
361 6 0 872 0 0 0.0
362 6 0 872 0 0 0.0
363 6 0 872 0 0 0.0
364 6 0 872 0 0 0.0
364 5 4 872 4 4 0.4
365 6 0 872 0 0 0.0
366 6 0 872 0 0 0.0
367 6 0 872 0 0 0.0
368 6 0 872 0 0 0.0
369 6 0 872 0 0 0.0
370 6 0 872 0 0 0.0
371 6 0 873 0 0 0.0
372 6 0 875 0 0 0.0
373 6 0 878 0 0 0.0
374 6 0 878 0 0 0.0
374 5 1 878 1 1 0.1
375 6 0 878 0 0 0.0
376 6 0 878 0 0 0.0
377 6 0 878 0 0 0.0
377 5 2 878 2 2 0.2
378 6 0 879 0 0 0.0
379 6 0 880 0 0 0.0
380 6 0 881 0 0 0.0
381 6 0 881 0 0 0.0
381 5 4 884 4 4 0.4
382 6 0 884 0 0 0.0
383 6 0 886 0 0 0.0
384 6 0 887 0 0 0.0
385 6 0 887 0 0 0.0
386 6 0 888 0 0 0.0
387 6 0 890 0 0 0.0
388 6 0 890 0 0 0.0
389 6 0 890 0 0 0.0
390 6 0 890 0 0 0.0
391 6 0 891 0 0 0.0
392 6 0 893 0 0 0.0
393 6 0 894 0 0 0.0
394 6 0 895 0 0 0.0
395 6 0 895 0 0 0.0
396 6 0 896 0 0 0.0
397 6 0 898 0 0 0.0
398 6 0 900 0 0 0.0
398 5 2 900 2 2 0.2
399 6 0 900 0 0 0.0
399 5 3 901 3 3 0.3
400 6 0 901 0 0 0.0
400 5 4 902 4 4 0.4
401 6 0 902 0 0 0.0
402 6 0 902 0 0 0.0
403 6 0 902 0 0 0.0
404 6 0 903 0 0 0.0
405 6 0 903 0 0 0.0
406 6 0 904 0 0 0.0
407 6 0 905 0 0 0.0
408 6 0 905 0 0 0.0
409 6 0 905 0 0 0.0
410 6 0 905 0 0 0.0
411 6 0 906 0 0 0.0
412 6 0 906 0 0 0.0
413 6 0 906 0 0 0.0
414 6 0 906 0 0 0.0
415 6 0 907 0 0 0.0
416 6 0 908 0 0 0.0
417 6 0 909 0 0 0.0
418 6 0 910 0 0 0.0
419 6 0 910 0 0 0.0
420 6 0 911 0 0 0.0
421 6 0 912 0 0 0.0
422 6 0 912 0 0 0.0
423 6 0 913 0 0 0.0
424 6 0 914 0 0 0.0
425 6 0 915 0 0 0.0
426 6 0 915 0 0 0.0
427 6 0 918 0 0 0.0
428 6 0 918 0 0 0.0
429 6 0 919 0 0 0.0
430 6 0 919 0 0 0.0
431 6 0 920 0 0 0.0
432 6 0 920 0 0 0.0
433 6 0 920 0 0 0.0
434 6 0 921 0 0 0.0
435 6 0 921 0 0 0.0
436 6 0 921 0 0 0.0
437 6 0 922 0 0 0.0
438 6 0 922 0 0 0.0
439 6 0 922 0 0 0.0
440 6 0 922 0 0 0.0
441 6 0 922 0 0 0.0
442 6 0 923 0 0 0.0
442 5 1 924 1 1 0.1
443 6 0 924 0 0 0.0
444 6 0 925 0 0 0.0
445 6 0 925 0 0 0.0
446 6 0 925 0 0 0.0
447 6 0 925 0 0 0.0
448 6 0 927 0 0 0.0
449 6 0 927 0 0 0.0
450 6 0 927 0 0 0.0
451 6 0 927 0 0 0.0
452 6 0 928 0 0 0.0
453 6 0 929 0 0 0.0
454 6 0 929 0 0 0.0
455 6 0 929 0 0 0.0
455 5 4 929 4 4 0.4
456 6 0 929 0 0 0.0
457 6 0 929 0 0 0.0
458 6 0 929 0 0 0.0
459 6 0 929 0 0 0.0
460 6 0 929 0 0 0.0
461 6 0 929 0 0 0.0
462 6 0 929 0 0 0.0
463 6 0 930 0 0 0.0
464 6 0 930 0 0 0.0
465 6 0 930 0 0 0.0
466 6 0 931 0 0 0.0
467 6 0 931 0 0 0.0
468 6 0 931 0 0 0.0
469 6 0 931 0 0 0.0
470 6 0 931 0 0 0.0
471 6 0 931 0 0 0.0
472 6 0 931 0 0 0.0
473 6 0 931 0 0 0.0
474 6 0 932 0 0 0.0
475 6 0 932 0 0 0.0
476 6 0 932 0 0 0.0
477 6 0 932 0 0 0.0
478 6 0 933 0 0 0.0
479 6 0 935 0 0 0.0
480 6 0 935 0 0 0.0
481 6 0 935 0 0 0.0
482 6 0 936 0 0 0.0
483 6 0 937 0 0 0.0
484 6 0 937 0 0 0.0
485 6 0 938 0 0 0.0
486 6 0 939 0 0 0.0
487 6 0 940 0 0 0.0
488 6 0 940 0 0 0.0
489 6 0 940 0 0 0.0
490 6 0 940 0 0 0.0
491 6 0 940 0 0 0.0
491 5 4 940 4 4 0.4
492 6 0 940 0 0 0.0
493 6 0 940 0 0 0.0
494 6 0 940 0 0 0.0
495 6 0 940 0 0 0.0
496 6 0 940 0 0 0.0
497 6 0 940 0 0 0.0
498 6 0 941 0 0 0.0
499 6 0 941 0 0 0.0
500 6 0 941 0 0 0.0
501 6 0 942 0 0 0.0
502 6 0 943 0 0 0.0
503 6 0 943 0 0 0.0
504 6 0 943 0 0 0.0
505 6 0 943 0 0 0.0
506 6 0 944 0 0 0.0
507 6 0 944 0 0 0.0
508 6 0 944 0 0 0.0
509 6 0 944 0 0 0.0
510 6 0 944 0 0 0.0
511 6 0 944 0 0 0.0
512 6 0 944 0 0 0.0
513 6 0 944 0 0 0.0
514 6 0 946 0 0 0.0
515 6 0 946 0 0 0.0
516 6 0 947 0 0 0.0
517 6 0 947 0 0 0.0
518 6 0 947 0 0 0.0
519 6 0 948 0 0 0.0
520 6 0 948 0 0 0.0
521 6 0 949 0 0 0.0
522 6 0 950 0 0 0.0
523 6 0 950 0 0 0.0
524 6 0 950 0 0 0.0
525 6 0 950 0 0 0.0
526 6 0 950 0 0 0.0
527 6 0 950 0 0 0.0
528 6 0 950 0 0 0.0
529 6 0 950 0 0 0.0
530 6 0 950 0 0 0.0
531 6 0 950 0 0 0.0
531 5 1 950 1 1 0.1
532 6 0 950 0 0 0.0
533 6 0 950 0 0 0.0
534 6 0 950 0 0 0.0
535 6 0 952 0 0 0.0
536 6 0 952 0 0 0.0
537 6 0 952 0 0 0.0
538 6 0 952 0 0 0.0
539 6 0 952 0 0 0.0
540 6 0 952 0 0 0.0
541 6 0 953 0 0 0.0
542 6 0 953 0 0 0.0
543 6 0 953 0 0 0.0
544 6 0 953 0 0 0.0
545 6 0 954 0 0 0.0
546 6 0 954 0 0 0.0
547 6 0 954 0 0 0.0
548 6 0 955 0 0 0.0
548 5 1 956 1 1 0.1
549 6 0 956 0 0 0.0
549 5 1 956 1 1 0.1
550 6 0 956 0 0 0.0
551 6 0 956 0 0 0.0
552 6 0 957 0 0 0.0
553 6 0 957 0 0 0.0
554 6 0 957 0 0 0.0
555 6 0 957 0 0 0.0
556 6 0 957 0 0 0.0
557 6 0 957 0 0 0.0
558 6 0 958 0 0 0.0
559 6 0 958 0 0 0.0
560 6 0 958 0 0 0.0
561 6 0 958 0 0 0.0
562 6 0 958 0 0 0.0
563 6 0 958 0 0 0.0
564 6 0 958 0 0 0.0
565 6 0 958 0 0 0.0
566 6 0 959 0 0 0.0
567 6 0 959 0 0 0.0
568 6 0 959 0 0 0.0
569 6 0 959 0 0 0.0
570 6 0 959 0 0 0.0
571 6 0 959 0 0 0.0
572 6 0 960 0 0 0.0
572 5 1 960 1 1 0.1
573 6 0 960 0 0 0.0
573 5 4 960 4 4 0.4
574 6 0 960 0 0 0.0
575 6 0 960 0 0 0.0
576 6 0 960 0 0 0.0
576 5 1 961 1 1 0.1
577 6 0 963 0 0 0.0
578 6 0 964 0 0 0.0
579 6 0 965 0 0 0.0
580 6 0 966 0 0 0.0
581 6 0 966 0 0 0.0
582 6 0 967 0 0 0.0
583 6 0 968 0 0 0.0
584 6 0 968 0 0 0.0
585 6 0 968 0 0 0.0
586 6 0 968 0 0 0.0
587 6 0 968 0 0 0.0
588 6 0 969 0 0 0.0
589 6 0 969 0 0 0.0
590 6 0 970 0 0 0.0
591 6 0 970 0 0 0.0
592 6 0 970 0 0 0.0
593 6 0 970 0 0 0.0
594 6 0 970 0 0 0.0
595 6 0 970 0 0 0.0
596 6 0 971 0 0 0.0
597 6 0 971 0 0 0.0
598 6 0 971 0 0 0.0
599 6 0 971 0 0 0.0
600 6 0 972 0 0 0.0
601 6 0 972 0 0 0.0
602 6 0 972 0 0 0.0
603 6 0 972 0 0 0.0
604 6 0 972 0 0 0.0
605 6 0 972 0 0 0.0
606 6 0 972 0 0 0.0
607 6 0 972 0 0 0.0
608 6 0 973 0 0 0.0
609 6 0 974 0 0 0.0
610 6 0 974 0 0 0.0
611 6 0 974 0 0 0.0
612 6 0 974 0 0 0.0
613 6 0 974 0 0 0.0
614 6 0 975 0 0 0.0
615 6 0 975 0 0 0.0
616 6 0 975 0 0 0.0
617 6 0 975 0 0 0.0
618 6 0 975 0 0 0.0
619 6 0 975 0 0 0.0
620 6 0 975 0 0 0.0
621 6 0 976 0 0 0.0
622 6 0 976 0 0 0.0
623 6 0 976 0 0 0.0
624 6 0 976 0 0 0.0
625 6 0 976 0 0 0.0
626 6 0 979 0 0 0.0
627 6 0 979 0 0 0.0
628 6 0 979 0 0 0.0
629 6 0 980 0 0 0.0
630 6 0 980 0 0 0.0
631 6 0 980 0 0 0.0
632 5 2 980 2 2 0.2
632 6 0 980 0 0 0.0
633 6 0 980 0 0 0.0
634 6 0 980 0 0 0.0
635 6 0 981 0 0 0.0
636 6 0 981 0 0 0.0
637 6 0 982 0 0 0.0
638 6 0 982 0 0 0.0
639 6 0 982 0 0 0.0
639 5 2 982 2 2 0.2
640 6 0 982 0 0 0.0
641 6 0 982 0 0 0.0
642 6 0 982 0 0 0.0
643 6 0 982 0 0 0.0
644 6 0 982 0 0 0.0
645 6 0 982 0 0 0.0
646 6 0 982 0 0 0.0
647 6 0 982 0 0 0.0
648 6 0 982 0 0 0.0
649 6 0 982 0 0 0.0
650 6 0 982 0 0 0.0
651 6 0 982 0 0 0.0
652 6 0 982 0 0 0.0
653 6 0 982 0 0 0.0
654 6 0 983 0 0 0.0
654 5 3 983 3 3 0.3
655 6 0 983 0 0 0.0
656 6 0 983 0 0 0.0
657 6 0 983 0 0 0.0
657 5 1 983 1 1 0.1
658 6 0 983 0 0 0.0
659 6 0 983 0 0 0.0
660 6 0 983 0 0 0.0
661 6 0 983 0 0 0.0
662 6 0 983 0 0 0.0
663 6 0 984 0 0 0.0
664 6 0 984 0 0 0.0
665 6 0 984 0 0 0.0
666 6 0 984 0 0 0.0
667 6 0 984 0 0 0.0
668 6 0 984 0 0 0.0
669 6 0 984 0 0 0.0
670 6 0 984 0 0 0.0
671 6 0 984 0 0 0.0
672 6 0 984 0 0 0.0
673 6 0 984 0 0 0.0
674 6 0 985 0 0 0.0
675 6 0 985 0 0 0.0
676 6 0 985 0 0 0.0
677 6 0 986 0 0 0.0
678 6 0 986 0 0 0.0
679 6 0 986 0 0 0.0
680 6 0 986 0 0 0.0
681 6 0 986 0 0 0.0
682 6 0 986 0 0 0.0
683 6 0 986 0 0 0.0
684 6 0 987 0 0 0.0
685 6 0 987 0 0 0.0
686 6 0 987 0 0 0.0
687 6 0 987 0 0 0.0
688 6 0 987 0 0 0.0
689 6 0 987 0 0 0.0
690 5 1 987 1 1 0.1
690 6 0 987 0 0 0.0
691 6 0 987 0 0 0.0
692 6 0 987 0 0 0.0
693 6 0 987 0 0 0.0
694 6 0 987 0 0 0.0
695 6 0 987 0 0 0.0
696 6 0 987 0 0 0.0
697 6 0 987 0 0 0.0
698 6 0 987 0 0 0.0
699 6 0 987 0 0 0.0
700 6 0 987 0 0 0.0
701 6 0 988 0 0 0.0
702 6 0 988 0 0 0.0
703 6 0 988 0 0 0.0
704 6 0 988 0 0 0.0
705 6 0 989 0 0 0.0
706 6 0 991 0 0 0.0
707 6 0 992 0 0 0.0
708 6 0 992 0 0 0.0
709 6 0 992 0 0 0.0
710 6 0 992 0 0 0.0
711 6 0 992 0 0 0.0
712 6 0 992 0 0 0.0
713 6 0 992 0 0 0.0
714 6 0 992 0 0 0.0
715 6 0 992 0 0 0.0
716 6 0 992 0 0 0.0
717 6 0 992 0 0 0.0
718 6 0 992 0 0 0.0
719 6 0 993 0 0 0.0
720 6 0 994 0 0 0.0
721 6 0 994 0 0 0.0
722 6 0 994 0 0 0.0
723 6 0 994 0 0 0.0
724 6 0 995 0 0 0.0
725 6 0 995 0 0 0.0
726 6 0 995 0 0 0.0
727 6 0 995 0 0 0.0
728 6 0 995 0 0 0.0
728 5 1 995 1 1 0.1
729 6 0 995 0 0 0.0
730 6 0 995 0 0 0.0
731 6 0 995 0 0 0.0
732 6 0 995 0 0 0.0
733 6 0 995 0 0 0.0
734 6 0 996 0 0 0.0
735 6 0 996 0 0 0.0
736 6 0 996 0 0 0.0
737 6 0 996 0 0 0.0
738 6 0 996 0 0 0.0
739 6 0 996 0 0 0.0
740 6 0 996 0 0 0.0
741 6 0 996 0 0 0.0
742 6 0 997 0 0 0.0
742 5 6 997 6 6 0.6
743 6 0 997 0 0 0.0
744 6 0 997 0 0 0.0
745 6 0 997 0 0 0.0
745 5 2 997 2 2 0.2
746 6 0 997 0 0 0.0
747 6 0 997 0 0 0.0
747 5 2 997 2 2 0.2
748 6 0 997 0 0 0.0
749 6 0 997 0 0 0.0
750 5 6 997 6 6 0.6
750 6 0 997 0 0 0.0
751 6 0 997 0 0 0.0
752 6 0 997 0 0 0.0
753 6 0 997 0 0 0.0
754 6 0 997 0 0 0.0
755 6 0 997 0 0 0.0
756 6 0 997 0 0 0.0
757 6 0 997 0 0 0.0
758 6 0 997 0 0 0.0
759 6 0 997 0 0 0.0
760 6 0 997 0 0 0.0
761 6 0 997 0 0 0.0
762 6 0 997 0 0 0.0
762 5 1 997 1 1 0.1
763 6 0 997 0 0 0.0
764 6 0 997 0 0 0.0
765 6 0 997 0 0 0.0
766 6 0 997 0 0 0.0
767 6 0 998 0 0 0.0
768 6 0 998 0 0 0.0
768 5 1 998 1 1 0.1
769 6 0 998 0 0 0.0
770 6 0 998 0 0 0.0
771 6 0 999 0 0 0.0
772 6 0 1000 0 0 0.0
773 6 0 1000 0 0 0.0
774 6 0 1000 0 0 0.0
775 6 0 1000 0 0 0.0
776 6 0 1000 0 0 0.0
776 5 1 1000 1 1 0.1
777 6 0 1000 0 0 0.0
778 6 0 1000 0 0 0.0
779 6 0 1000 0 0 0.0
780 6 0 1000 0 0 0.0
781 6 0 1000 0 0 0.0
782 6 0 1000 0 0 0.0
783 6 0 1000 0 0 0.0
783 5 1 1000 1 1 0.1
784 6 0 1000 0 0 0.0
785 6 0 1000 0 0 0.0
786 6 0 1000 0 0 0.0
787 6 0 1000 0 0 0.0
788 6 0 1000 0 0 0.0
789 6 0 1001 0 0 0.0
790 6 0 1003 0 0 0.0
791 6 0 1003 0 0 0.0
792 6 0 1003 0 0 0.0
793 6 0 1003 0 0 0.0
794 6 0 1003 0 0 0.0
795 6 0 1003 0 0 0.0
796 6 0 1003 0 0 0.0
796 5 2 1004 2 2 0.2
797 6 0 1004 0 0 0.0
798 6 0 1004 0 0 0.0
799 6 0 1004 0 0 0.0
800 6 0 1004 0 0 0.0
801 6 0 1004 0 0 0.0
801 5 1 1004 1 1 0.1
802 6 0 1004 0 0 0.0
803 6 0 1004 0 0 0.0
804 6 0 1004 0 0 0.0
805 6 0 1004 0 0 0.0
806 6 0 1004 0 0 0.0
807 6 0 1004 0 0 0.0
808 6 0 1004 0 0 0.0
809 6 0 1004 0 0 0.0
810 6 0 1004 0 0 0.0
811 6 0 1004 0 0 0.0
812 6 0 1005 0 0 0.0
813 6 0 1005 0 0 0.0
814 6 0 1005 0 0 0.0
814 5 1 1005 1 1 0.1
815 6 0 1005 0 0 0.0
816 6 0 1005 0 0 0.0
817 6 0 1005 0 0 0.0
818 6 0 1005 0 0 0.0
819 6 0 1005 0 0 0.0
820 6 0 1005 0 0 0.0
821 6 0 1005 0 0 0.0
822 6 0 1005 0 0 0.0
823 6 0 1005 0 0 0.0
824 6 0 1005 0 0 0.0
825 6 0 1005 0 0 0.0
826 6 0 1005 0 0 0.0
827 6 0 1005 0 0 0.0
827 5 1 1005 1 1 0.1
828 6 0 1005 0 0 0.0
829 6 0 1005 0 0 0.0
830 6 0 1005 0 0 0.0
831 6 0 1005 0 0 0.0
832 6 0 1005 0 0 0.0
833 6 0 1005 0 0 0.0
834 6 0 1005 0 0 0.0
835 6 0 1005 0 0 0.0
836 6 0 1005 0 0 0.0
837 6 0 1006 0 0 0.0
838 6 0 1006 0 0 0.0
839 6 0 1006 0 0 0.0
840 6 0 1006 0 0 0.0
841 6 0 1006 0 0 0.0
842 6 0 1007 0 0 0.0
843 6 0 1007 0 0 0.0
844 6 0 1007 0 0 0.0
845 6 0 1007 0 0 0.0
846 6 0 1007 0 0 0.0
847 6 0 1007 0 0 0.0
848 6 0 1007 0 0 0.0
849 6 0 1007 0 0 0.0
850 6 0 1008 0 0 0.0
851 6 0 1008 0 0 0.0
852 6 0 1009 0 0 0.0
853 6 0 1009 0 0 0.0
854 6 0 1010 0 0 0.0
855 6 0 1010 0 0 0.0
855 5 1 1010 1 1 0.1
856 6 0 1010 0 0 0.0
857 6 0 1010 0 0 0.0
858 6 0 1010 0 0 0.0
859 6 0 1010 0 0 0.0
860 6 0 1010 0 0 0.0
861 6 0 1010 0 0 0.0
862 6 0 1010 0 0 0.0
863 6 0 1011 0 0 0.0
864 6 0 1011 0 0 0.0
864 5 1 1011 1 1 0.1
865 6 0 1011 0 0 0.0
866 6 0 1011 0 0 0.0
866 5 2 1011 2 2 0.2
867 6 0 1011 0 0 0.0
868 6 0 1011 0 0 0.0
869 6 0 1011 0 0 0.0
870 6 0 1011 0 0 0.0
871 6 0 1011 0 0 0.0
872 6 0 1011 0 0 0.0
873 6 0 1011 0 0 0.0
874 6 0 1011 0 0 0.0
875 6 0 1011 0 0 0.0
876 6 0 1011 0 0 0.0
877 6 0 1011 0 0 0.0
878 6 0 1011 0 0 0.0
879 6 0 1011 0 0 0.0
880 6 0 1011 0 0 0.0
881 6 0 1012 0 0 0.0
881 5 1 1012 1 1 0.1
882 6 0 1012 0 0 0.0
883 6 0 1012 0 0 0.0
884 6 0 1012 0 0 0.0
885 6 0 1013 0 0 0.0
886 6 0 1014 0 0 0.0
887 6 0 1014 0 0 0.0
888 6 0 1014 0 0 0.0
889 6 0 1014 0 0 0.0
890 6 0 1014 0 0 0.0
891 6 0 1014 0 0 0.0
892 6 0 1014 0 0 0.0
893 6 0 1014 0 0 0.0
894 6 0 1014 0 0 0.0
895 6 0 1014 0 0 0.0
896 6 0 1014 0 0 0.0
897 6 0 1014 0 0 0.0
898 6 0 1014 0 0 0.0
899 6 0 1014 0 0 0.0
900 6 0 1014 0 0 0.0
901 6 0 1014 0 0 0.0
902 6 0 1014 0 0 0.0
903 6 0 1014 0 0 0.0
904 6 0 1014 0 0 0.0
905 6 0 1014 0 0 0.0
906 6 0 1014 0 0 0.0
907 6 0 1014 0 0 0.0
908 6 0 1014 0 0 0.0
909 6 0 1014 0 0 0.0
910 6 0 1014 0 0 0.0
911 6 0 1014 0 0 0.0
911 5 1 1014 1 1 0.1
912 6 0 1014 0 0 0.0
913 6 0 1014 0 0 0.0
914 6 0 1014 0 0 0.0
915 6 0 1014 0 0 0.0
916 6 0 1014 0 0 0.0
916 5 1 1014 1 1 0.1
917 6 0 1014 0 0 0.0
918 6 0 1014 0 0 0.0
919 6 0 1014 0 0 0.0
920 6 0 1014 0 0 0.0
921 6 0 1014 0 0 0.0
922 6 0 1014 0 0 0.0
923 6 0 1014 0 0 0.0
924 6 0 1014 0 0 0.0
925 6 0 1014 0 0 0.0
926 6 0 1015 0 0 0.0
927 6 0 1015 0 0 0.0
928 6 0 1015 0 0 0.0
929 6 0 1015 0 0 0.0
930 6 0 1015 0 0 0.0
931 6 0 1015 0 0 0.0
932 6 0 1015 0 0 0.0
933 6 0 1015 0 0 0.0
934 6 0 1015 0 0 0.0
935 6 0 1015 0 0 0.0
935 5 2 1015 2 2 0.2
936 6 0 1015 0 0 0.0
937 6 0 1015 0 0 0.0
938 6 0 1015 0 0 0.0
939 6 0 1015 0 0 0.0
940 6 0 1015 0 0 0.0
941 6 0 1015 0 0 0.0
942 6 0 1015 0 0 0.0
943 6 0 1015 0 0 0.0
944 6 0 1015 0 0 0.0
945 6 0 1015 0 0 0.0
946 6 0 1015 0 0 0.0
947 6 0 1015 0 0 0.0
948 6 0 1015 0 0 0.0
949 6 0 1015 0 0 0.0
950 6 0 1015 0 0 0.0
951 6 0 1015 0 0 0.0
952 6 0 1015 0 0 0.0
953 6 0 1015 0 0 0.0
954 6 0 1015 0 0 0.0
955 6 0 1015 0 0 0.0
956 6 0 1015 0 0 0.0
957 6 0 1016 0 0 0.0
958 6 0 1016 0 0 0.0
959 6 0 1016 0 0 0.0
960 6 0 1016 0 0 0.0
961 6 0 1016 0 0 0.0
962 6 0 1016 0 0 0.0
963 6 0 1016 0 0 0.0
964 6 0 1016 0 0 0.0
965 6 0 1016 0 0 0.0
966 6 0 1016 0 0 0.0
967 6 0 1016 0 0 0.0
968 6 0 1016 0 0 0.0
969 6 0 1016 0 0 0.0
970 6 0 1016 0 0 0.0
971 6 0 1016 0 0 0.0
971 5 2 1016 2 2 0.2
972 6 0 1016 0 0 0.0
973 6 0 1016 0 0 0.0
973 5 1 1016 1 1 0.1
974 6 0 1016 0 0 0.0
975 6 0 1016 0 0 0.0
976 6 0 1016 0 0 0.0
977 6 0 1016 0 0 0.0
978 6 0 1017 0 0 0.0
979 6 0 1017 0 0 0.0
980 6 0 1017 0 0 0.0
981 6 0 1017 0 0 0.0
982 6 0 1017 0 0 0.0
983 6 0 1017 0 0 0.0
984 6 0 1017 0 0 0.0
985 6 0 1017 0 0 0.0
986 6 0 1017 0 0 0.0
987 6 0 1017 0 0 0.0
988 6 0 1017 0 0 0.0
989 6 0 1017 0 0 0.0
990 6 0 1017 0 0 0.0
991 6 0 1017 0 0 0.0
991 5 6 1017 6 6 0.6
992 6 0 1017 0 0 0.0
993 6 0 1017 0 0 0.0
994 6 0 1017 0 0 0.0
995 6 0 1017 0 0 0.0
996 6 0 1017 0 0 0.0
997 6 0 1017 0 0 0.0
998 6 0 1017 0 0 0.0
999 6 0 1017 0 0 0.0
1000 6 0 1018 0 0 0.0
