gen testSuiteSize notKilledMutants number_of_tests no_discount_objective no_equiv_mut_not_killed no_equiv_mut_not_killed_perc
1 4 8 7 8 8 0.8
1 5 5 12 5 5 0.5
1 1 9 33 9 9 0.9
2 1 9 42 9 9 0.9
2 2 7 43 7 7 0.7
3 5 5 44 5 5 0.5
3 6 2 45 2 2 0.2
4 1 9 49 9 9 0.9
5 1 9 51 9 9 0.9
6 1 9 53 9 9 0.9
7 1 9 55 9 9 0.9
7 3 7 58 7 7 0.7
7 2 8 60 8 8 0.8
8 1 9 60 9 9 0.9
9 1 9 60 9 9 0.9
10 1 7 63 7 7 0.7
11 6 2 64 2 2 0.2
11 5 3 68 3 3 0.3
12 6 2 71 2 2 0.2
12 5 9 72 9 9 0.9
13 6 2 75 2 2 0.2
14 5 2 80 2 2 0.2
15 1 7 80 7 7 0.7
16 1 7 80 7 7 0.7
17 1 7 84 7 7 0.7
17 2 6 86 6 6 0.6
18 1 7 86 7 7 0.7
19 1 7 89 7 7 0.7
19 2 6 92 6 6 0.6
20 1 7 93 7 7 0.7
20 2 3 94 3 3 0.3
21 1 7 94 7 7 0.7
22 1 7 94 7 7 0.7
22 2 3 96 3 3 0.3
23 2 6 97 6 6 0.6
23 1 7 98 7 7 0.7
24 1 7 98 7 7 0.7
25 1 7 98 7 7 0.7
25 2 5 100 5 5 0.5
26 1 7 100 7 7 0.7
26 2 4 101 4 4 0.4
27 1 7 102 7 7 0.7
28 1 7 103 7 7 0.7
29 1 7 104 7 7 0.7
29 2 6 107 6 6 0.6
30 2 6 108 6 6 0.6
30 1 7 108 7 7 0.7
31 1 7 110 7 7 0.7
32 1 7 110 7 7 0.7
33 1 7 112 7 7 0.7
33 2 4 114 4 4 0.4
34 1 7 114 7 7 0.7
35 1 7 114 7 7 0.7
35 2 6 114 6 6 0.6
36 1 7 117 7 7 0.7
37 1 7 118 7 7 0.7
38 1 7 119 7 7 0.7
38 2 6 120 6 6 0.6
39 1 7 121 7 7 0.7
40 1 7 122 7 7 0.7
41 1 7 122 7 7 0.7
42 1 7 123 7 7 0.7
42 2 6 123 6 6 0.6
43 1 7 124 7 7 0.7
44 1 7 125 7 7 0.7
45 2 4 127 4 4 0.4
45 1 7 127 7 7 0.7
46 1 7 129 7 7 0.7
47 1 7 130 7 7 0.7
48 1 7 130 7 7 0.7
48 2 4 133 4 4 0.4
49 1 7 134 7 7 0.7
50 1 7 134 7 7 0.7
50 2 6 135 6 6 0.6
51 1 7 135 7 7 0.7
52 1 7 138 7 7 0.7
53 1 7 138 7 7 0.7
53 2 3 141 3 3 0.3
54 1 7 141 7 7 0.7
55 1 7 142 7 7 0.7
56 1 7 144 7 7 0.7
57 1 7 144 7 7 0.7
58 1 7 145 7 7 0.7
58 2 4 145 4 4 0.4
59 1 7 145 7 7 0.7
60 1 7 146 7 7 0.7
61 1 7 146 7 7 0.7
61 2 5 147 5 5 0.5
62 1 7 147 7 7 0.7
63 1 7 150 7 7 0.7
64 1 7 152 7 7 0.7
65 1 7 152 7 7 0.7
65 2 6 153 6 6 0.6
66 1 7 153 7 7 0.7
66 2 5 153 5 5 0.5
67 1 7 155 7 7 0.7
68 1 7 155 7 7 0.7
69 1 7 155 7 7 0.7
70 1 7 156 7 7 0.7
71 1 7 158 7 7 0.7
72 1 7 158 7 7 0.7
73 1 7 158 7 7 0.7
74 1 7 158 7 7 0.7
75 1 7 158 7 7 0.7
75 2 3 161 3 3 0.3
76 1 7 161 7 7 0.7
77 1 7 161 7 7 0.7
78 1 7 163 7 7 0.7
79 1 7 163 7 7 0.7
80 2 3 166 3 3 0.3
80 1 7 166 7 7 0.7
81 1 7 167 7 7 0.7
82 1 7 169 7 7 0.7
82 2 5 170 5 5 0.5
83 1 7 171 7 7 0.7
83 2 6 172 6 6 0.6
84 1 7 172 7 7 0.7
84 3 4 174 4 4 0.4
85 1 7 174 7 7 0.7
85 2 5 175 5 5 0.5
86 1 7 175 7 7 0.7
87 2 6 178 6 6 0.6
87 1 7 178 7 7 0.7
88 1 7 180 7 7 0.7
89 1 7 182 7 7 0.7
90 1 7 183 7 7 0.7
91 1 7 185 7 7 0.7
92 1 7 185 7 7 0.7
93 1 7 185 7 7 0.7
94 1 7 187 7 7 0.7
95 1 7 187 7 7 0.7
95 2 5 188 5 5 0.5
96 1 7 188 7 7 0.7
96 2 6 188 6 6 0.6
97 1 7 188 7 7 0.7
97 2 6 189 6 6 0.6
98 2 4 190 4 4 0.4
98 1 7 190 7 7 0.7
99 1 7 191 7 7 0.7
100 1 6 192 6 6 0.6
101 4 5 192 5 5 0.5
101 5 2 192 2 2 0.2
102 4 2 197 2 2 0.2
103 1 6 197 6 6 0.6
104 1 6 197 6 6 0.6
104 2 5 198 5 5 0.5
105 1 6 200 6 6 0.6
106 1 6 201 6 6 0.6
107 1 6 202 6 6 0.6
108 1 6 204 6 6 0.6
108 0 10 205 10 10 1.0
109 4 0 206 0 0 0.0
109 3 5 208 5 5 0.5
110 0 10 208 10 10 1.0
110 1 9 209 9 9 0.9
111 0 10 209 10 10 1.0
111 1 9 209 9 9 0.9
112 0 10 209 10 10 1.0
113 0 10 209 10 10 1.0
113 1 9 210 9 9 0.9
114 0 10 210 10 10 1.0
114 1 8 210 8 8 0.8
115 0 10 210 10 10 1.0
115 1 8 210 8 8 0.8
116 1 8 210 8 8 0.8
116 0 10 210 10 10 1.0
117 0 10 210 10 10 1.0
117 1 6 211 6 6 0.6
118 0 10 211 10 10 1.0
118 2 9 212 9 9 0.9
119 0 10 212 10 10 1.0
119 1 7 213 7 7 0.7
120 1 9 214 9 9 0.9
120 0 10 214 10 10 1.0
121 0 10 214 10 10 1.0
121 1 8 215 8 8 0.8
122 0 10 216 10 10 1.0
122 1 8 217 8 8 0.8
123 0 10 217 10 10 1.0
124 1 4 218 4 4 0.4
124 0 10 218 10 10 1.0
125 0 10 218 10 10 1.0
125 1 9 219 9 9 0.9
126 0 10 219 10 10 1.0
126 1 9 220 9 9 0.9
127 0 10 221 10 10 1.0
128 1 9 222 9 9 0.9
128 0 10 222 10 10 1.0
129 0 10 224 10 10 1.0
129 1 8 224 8 8 0.8
130 0 10 225 10 10 1.0
131 0 10 225 10 10 1.0
132 0 10 225 10 10 1.0
133 0 10 225 10 10 1.0
134 0 10 226 10 10 1.0
134 1 8 227 8 8 0.8
135 0 10 227 10 10 1.0
136 0 10 227 10 10 1.0
136 1 8 227 8 8 0.8
137 0 10 227 10 10 1.0
138 0 10 227 10 10 1.0
138 1 8 227 8 8 0.8
139 0 10 229 10 10 1.0
139 1 6 230 6 6 0.6
140 0 10 230 10 10 1.0
140 1 8 231 8 8 0.8
141 1 9 232 9 9 0.9
141 0 10 232 10 10 1.0
142 0 10 232 10 10 1.0
142 1 9 233 9 9 0.9
143 0 10 233 10 10 1.0
144 1 6 233 6 6 0.6
144 0 10 233 10 10 1.0
145 0 10 233 10 10 1.0
145 1 9 233 9 9 0.9
146 0 10 233 10 10 1.0
146 1 8 233 8 8 0.8
147 0 10 233 10 10 1.0
147 1 7 233 7 7 0.7
148 0 10 234 10 10 1.0
148 1 6 235 6 6 0.6
149 0 10 236 10 10 1.0
149 1 6 236 6 6 0.6
150 0 10 236 10 10 1.0
150 1 9 236 9 9 0.9
151 0 10 236 10 10 1.0
151 1 8 236 8 8 0.8
152 0 10 237 10 10 1.0
152 1 6 237 6 6 0.6
153 0 10 237 10 10 1.0
153 1 6 237 6 6 0.6
154 0 10 237 10 10 1.0
154 1 4 237 4 4 0.4
155 0 10 237 10 10 1.0
155 1 8 238 8 8 0.8
156 1 6 239 6 6 0.6
156 0 10 239 10 10 1.0
157 0 10 239 10 10 1.0
158 0 10 239 10 10 1.0
159 0 10 239 10 10 1.0
160 0 10 239 10 10 1.0
160 1 9 239 9 9 0.9
161 0 10 239 10 10 1.0
162 0 10 240 10 10 1.0
162 1 8 242 8 8 0.8
163 0 10 242 10 10 1.0
163 1 8 242 8 8 0.8
164 0 10 242 10 10 1.0
165 0 10 242 10 10 1.0
165 1 9 242 9 9 0.9
166 0 10 243 10 10 1.0
166 1 9 243 9 9 0.9
167 0 10 243 10 10 1.0
168 0 10 243 10 10 1.0
168 1 9 243 9 9 0.9
169 0 10 243 10 10 1.0
170 0 10 243 10 10 1.0
170 1 4 244 4 4 0.4
171 1 7 244 7 7 0.7
171 0 10 244 10 10 1.0
172 0 10 244 10 10 1.0
173 0 10 244 10 10 1.0
173 1 4 244 4 4 0.4
174 0 10 244 10 10 1.0
174 1 6 244 6 6 0.6
175 0 10 244 10 10 1.0
175 1 9 245 9 9 0.9
176 0 10 245 10 10 1.0
177 0 10 245 10 10 1.0
177 1 6 245 6 6 0.6
178 0 10 245 10 10 1.0
179 0 10 246 10 10 1.0
179 1 4 246 4 4 0.4
180 0 10 246 10 10 1.0
180 1 9 246 9 9 0.9
181 1 8 246 8 8 0.8
181 0 10 246 10 10 1.0
182 0 10 247 10 10 1.0
182 1 7 248 7 7 0.7
183 1 9 249 9 9 0.9
183 0 10 249 10 10 1.0
184 0 10 250 10 10 1.0
185 0 10 250 10 10 1.0
186 0 10 250 10 10 1.0
187 1 9 252 9 9 0.9
187 0 10 252 10 10 1.0
188 0 10 252 10 10 1.0
188 1 6 252 6 6 0.6
189 0 10 252 10 10 1.0
190 0 10 252 10 10 1.0
190 1 8 252 8 8 0.8
191 0 10 252 10 10 1.0
192 0 10 252 10 10 1.0
192 1 6 252 6 6 0.6
193 0 10 252 10 10 1.0
194 1 9 252 9 9 0.9
194 0 10 252 10 10 1.0
195 0 10 253 10 10 1.0
196 0 10 253 10 10 1.0
196 1 9 254 9 9 0.9
197 0 10 255 10 10 1.0
197 1 8 255 8 8 0.8
198 0 10 256 10 10 1.0
198 1 8 256 8 8 0.8
199 0 10 256 10 10 1.0
200 0 10 256 10 10 1.0
200 1 9 256 9 9 0.9
201 0 10 256 10 10 1.0
202 0 10 256 10 10 1.0
202 1 7 257 7 7 0.7
203 0 10 257 10 10 1.0
204 0 10 257 10 10 1.0
204 1 8 257 8 8 0.8
205 0 10 259 10 10 1.0
205 1 4 259 4 4 0.4
206 0 10 260 10 10 1.0
206 1 6 260 6 6 0.6
207 0 10 260 10 10 1.0
207 1 9 261 9 9 0.9
208 0 10 262 10 10 1.0
208 1 9 262 9 9 0.9
209 1 4 262 4 4 0.4
209 0 10 262 10 10 1.0
210 0 10 262 10 10 1.0
211 0 10 262 10 10 1.0
211 1 8 263 8 8 0.8
212 0 10 263 10 10 1.0
212 1 9 263 9 9 0.9
213 0 10 263 10 10 1.0
213 1 9 264 9 9 0.9
214 0 10 264 10 10 1.0
214 1 6 265 6 6 0.6
215 0 10 265 10 10 1.0
215 1 8 266 8 8 0.8
216 0 10 267 10 10 1.0
217 0 10 268 10 10 1.0
218 0 10 268 10 10 1.0
218 1 9 268 9 9 0.9
219 0 10 268 10 10 1.0
219 1 7 268 7 7 0.7
220 0 10 268 10 10 1.0
220 1 4 268 4 4 0.4
221 0 10 268 10 10 1.0
221 2 8 268 8 8 0.8
222 0 10 268 10 10 1.0
223 0 10 268 10 10 1.0
224 0 10 268 10 10 1.0
225 0 10 268 10 10 1.0
225 1 9 268 9 9 0.9
226 0 10 268 10 10 1.0
226 1 9 268 9 9 0.9
227 0 10 268 10 10 1.0
227 1 8 269 8 8 0.8
228 0 10 269 10 10 1.0
228 1 8 269 8 8 0.8
229 0 10 269 10 10 1.0
230 0 10 269 10 10 1.0
231 0 10 269 10 10 1.0
232 0 10 270 10 10 1.0
232 1 9 271 9 9 0.9
233 0 10 271 10 10 1.0
234 0 10 271 10 10 1.0
234 1 9 272 9 9 0.9
235 0 10 272 10 10 1.0
236 1 8 273 8 8 0.8
236 0 10 273 10 10 1.0
237 0 10 273 10 10 1.0
237 1 6 273 6 6 0.6
238 0 10 273 10 10 1.0
239 0 10 273 10 10 1.0
240 0 10 273 10 10 1.0
240 1 8 273 8 8 0.8
241 0 10 273 10 10 1.0
241 1 4 273 4 4 0.4
242 0 10 273 10 10 1.0
242 1 9 273 9 9 0.9
243 0 10 273 10 10 1.0
243 1 6 273 6 6 0.6
244 1 9 273 9 9 0.9
244 0 10 273 10 10 1.0
245 0 10 273 10 10 1.0
246 0 10 273 10 10 1.0
246 1 9 274 9 9 0.9
247 0 10 274 10 10 1.0
247 1 6 275 6 6 0.6
248 0 10 275 10 10 1.0
248 1 9 276 9 9 0.9
248 2 8 276 8 8 0.8
249 0 10 276 10 10 1.0
250 0 10 278 10 10 1.0
250 1 8 279 8 8 0.8
251 0 10 279 10 10 1.0
251 1 9 279 9 9 0.9
252 0 10 279 10 10 1.0
252 1 6 279 6 6 0.6
253 0 10 279 10 10 1.0
253 1 8 280 8 8 0.8
254 0 10 280 10 10 1.0
255 0 10 280 10 10 1.0
255 1 9 281 9 9 0.9
256 0 10 281 10 10 1.0
256 1 9 281 9 9 0.9
257 0 10 281 10 10 1.0
257 2 7 281 7 7 0.7
258 0 10 281 10 10 1.0
259 0 10 281 10 10 1.0
259 1 8 281 8 8 0.8
260 0 10 281 10 10 1.0
260 1 9 281 9 9 0.9
261 0 10 282 10 10 1.0
261 2 6 283 6 6 0.6
262 0 10 283 10 10 1.0
263 0 10 283 10 10 1.0
264 0 10 283 10 10 1.0
264 1 9 283 9 9 0.9
265 0 10 283 10 10 1.0
265 1 9 283 9 9 0.9
266 0 10 283 10 10 1.0
267 0 10 284 10 10 1.0
267 1 6 284 6 6 0.6
268 0 10 284 10 10 1.0
269 0 10 285 10 10 1.0
269 1 4 285 4 4 0.4
270 0 10 285 10 10 1.0
270 1 6 285 6 6 0.6
271 0 10 285 10 10 1.0
271 1 8 285 8 8 0.8
272 0 10 285 10 10 1.0
273 0 10 285 10 10 1.0
273 1 9 285 9 9 0.9
274 0 10 285 10 10 1.0
274 1 9 285 9 9 0.9
275 0 10 285 10 10 1.0
275 1 9 286 9 9 0.9
276 0 10 286 10 10 1.0
276 1 6 286 6 6 0.6
277 0 10 286 10 10 1.0
278 0 10 286 10 10 1.0
279 0 10 286 10 10 1.0
279 1 9 286 9 9 0.9
280 0 10 286 10 10 1.0
280 2 9 287 9 9 0.9
281 0 10 287 10 10 1.0
281 1 4 288 4 4 0.4
282 0 10 288 10 10 1.0
283 1 9 288 9 9 0.9
283 0 10 288 10 10 1.0
284 0 10 288 10 10 1.0
284 1 9 288 9 9 0.9
285 0 10 288 10 10 1.0
285 1 9 289 9 9 0.9
286 1 7 289 7 7 0.7
286 0 10 289 10 10 1.0
287 1 7 290 7 7 0.7
287 0 10 290 10 10 1.0
288 1 4 290 4 4 0.4
288 0 10 290 10 10 1.0
289 0 10 290 10 10 1.0
289 1 6 290 6 6 0.6
290 0 10 290 10 10 1.0
290 1 9 290 9 9 0.9
291 0 10 290 10 10 1.0
291 1 4 290 4 4 0.4
292 0 10 290 10 10 1.0
293 0 10 290 10 10 1.0
293 1 6 290 6 6 0.6
294 0 10 290 10 10 1.0
294 1 8 290 8 8 0.8
295 0 10 290 10 10 1.0
295 1 9 291 9 9 0.9
296 0 10 291 10 10 1.0
296 1 5 292 5 5 0.5
297 1 6 292 6 6 0.6
297 0 10 292 10 10 1.0
298 0 10 292 10 10 1.0
299 0 10 292 10 10 1.0
299 1 9 292 9 9 0.9
300 0 10 292 10 10 1.0
301 0 10 292 10 10 1.0
301 1 9 292 9 9 0.9
302 0 10 292 10 10 1.0
303 0 10 292 10 10 1.0
303 1 9 294 9 9 0.9
304 0 10 294 10 10 1.0
304 1 9 295 9 9 0.9
305 0 10 295 10 10 1.0
305 1 4 295 4 4 0.4
306 0 10 295 10 10 1.0
306 1 9 295 9 9 0.9
307 0 10 295 10 10 1.0
308 0 10 295 10 10 1.0
308 1 8 295 8 8 0.8
309 0 10 295 10 10 1.0
309 1 8 295 8 8 0.8
310 0 10 295 10 10 1.0
310 1 9 295 9 9 0.9
311 0 10 296 10 10 1.0
312 0 10 296 10 10 1.0
312 1 9 296 9 9 0.9
313 0 10 297 10 10 1.0
314 0 10 297 10 10 1.0
314 1 9 297 9 9 0.9
315 1 6 297 6 6 0.6
315 0 10 297 10 10 1.0
316 1 9 297 9 9 0.9
316 0 10 297 10 10 1.0
317 0 10 297 10 10 1.0
317 1 8 297 8 8 0.8
318 1 9 297 9 9 0.9
318 0 10 297 10 10 1.0
319 0 10 297 10 10 1.0
319 1 9 297 9 9 0.9
320 0 10 297 10 10 1.0
320 1 7 297 7 7 0.7
321 0 10 297 10 10 1.0
321 1 9 298 9 9 0.9
322 0 10 298 10 10 1.0
322 1 6 298 6 6 0.6
323 0 10 298 10 10 1.0
324 1 8 298 8 8 0.8
324 0 10 298 10 10 1.0
325 0 10 299 10 10 1.0
326 0 10 299 10 10 1.0
326 1 9 299 9 9 0.9
327 0 10 300 10 10 1.0
327 1 4 300 4 4 0.4
328 0 10 300 10 10 1.0
329 0 10 301 10 10 1.0
329 1 9 301 9 9 0.9
330 0 10 301 10 10 1.0
331 0 10 301 10 10 1.0
332 0 10 301 10 10 1.0
332 1 4 302 4 4 0.4
333 0 10 302 10 10 1.0
334 1 9 302 9 9 0.9
334 0 10 302 10 10 1.0
335 0 10 303 10 10 1.0
335 1 6 303 6 6 0.6
336 0 10 303 10 10 1.0
337 0 10 303 10 10 1.0
337 1 8 304 8 8 0.8
338 0 10 304 10 10 1.0
338 1 9 304 9 9 0.9
339 0 10 306 10 10 1.0
340 0 10 307 10 10 1.0
340 1 4 307 4 4 0.4
341 0 10 307 10 10 1.0
341 1 8 307 8 8 0.8
342 0 10 307 10 10 1.0
342 1 8 307 8 8 0.8
343 0 10 308 10 10 1.0
343 1 8 308 8 8 0.8
344 0 10 308 10 10 1.0
344 1 8 308 8 8 0.8
345 0 10 308 10 10 1.0
345 1 8 309 8 8 0.8
346 0 10 309 10 10 1.0
346 1 9 310 9 9 0.9
347 0 10 310 10 10 1.0
347 1 8 310 8 8 0.8
348 0 10 310 10 10 1.0
349 0 10 311 10 10 1.0
350 0 10 311 10 10 1.0
350 1 8 311 8 8 0.8
351 0 10 311 10 10 1.0
352 0 10 311 10 10 1.0
353 0 10 311 10 10 1.0
353 1 9 311 9 9 0.9
354 1 9 311 9 9 0.9
354 0 10 311 10 10 1.0
355 0 10 311 10 10 1.0
356 0 10 311 10 10 1.0
356 1 6 311 6 6 0.6
357 1 6 311 6 6 0.6
357 0 10 311 10 10 1.0
358 0 10 311 10 10 1.0
359 0 10 311 10 10 1.0
360 0 10 311 10 10 1.0
360 1 7 311 7 7 0.7
361 0 10 311 10 10 1.0
362 0 10 311 10 10 1.0
362 1 8 312 8 8 0.8
363 0 10 312 10 10 1.0
364 0 10 313 10 10 1.0
364 1 6 313 6 6 0.6
365 0 10 313 10 10 1.0
365 2 9 313 9 9 0.9
366 0 10 313 10 10 1.0
367 0 10 313 10 10 1.0
367 1 9 313 9 9 0.9
368 0 10 313 10 10 1.0
369 0 10 313 10 10 1.0
370 0 10 313 10 10 1.0
370 1 4 313 4 4 0.4
371 0 10 313 10 10 1.0
371 1 9 314 9 9 0.9
372 0 10 314 10 10 1.0
372 1 8 314 8 8 0.8
373 0 10 314 10 10 1.0
374 0 10 315 10 10 1.0
374 1 8 316 8 8 0.8
375 0 10 316 10 10 1.0
375 1 9 317 9 9 0.9
376 0 10 317 10 10 1.0
376 1 9 317 9 9 0.9
377 1 8 317 8 8 0.8
377 0 10 317 10 10 1.0
378 0 10 317 10 10 1.0
378 1 4 317 4 4 0.4
379 0 10 317 10 10 1.0
380 0 10 317 10 10 1.0
380 2 5 319 5 5 0.5
381 0 10 319 10 10 1.0
381 1 9 319 9 9 0.9
382 0 10 319 10 10 1.0
382 1 9 319 9 9 0.9
383 0 10 319 10 10 1.0
384 0 10 319 10 10 1.0
384 1 6 320 6 6 0.6
385 0 10 320 10 10 1.0
386 1 9 320 9 9 0.9
386 0 10 320 10 10 1.0
387 0 10 320 10 10 1.0
387 1 4 320 4 4 0.4
388 0 10 320 10 10 1.0
388 1 8 320 8 8 0.8
389 0 10 320 10 10 1.0
389 1 6 320 6 6 0.6
390 0 10 320 10 10 1.0
390 1 9 320 9 9 0.9
391 0 10 320 10 10 1.0
392 0 10 320 10 10 1.0
392 1 8 320 8 8 0.8
393 0 10 320 10 10 1.0
393 1 6 320 6 6 0.6
394 1 8 320 8 8 0.8
394 0 10 320 10 10 1.0
395 0 10 320 10 10 1.0
395 1 8 320 8 8 0.8
396 0 10 320 10 10 1.0
396 1 9 320 9 9 0.9
397 0 10 320 10 10 1.0
397 1 9 320 9 9 0.9
398 0 10 320 10 10 1.0
398 1 6 320 6 6 0.6
399 0 10 320 10 10 1.0
400 0 10 321 10 10 1.0
400 1 8 322 8 8 0.8
401 0 10 322 10 10 1.0
402 0 10 323 10 10 1.0
402 1 7 323 7 7 0.7
403 0 10 323 10 10 1.0
403 2 4 323 4 4 0.4
404 0 10 323 10 10 1.0
404 1 8 323 8 8 0.8
405 0 10 323 10 10 1.0
406 0 10 323 10 10 1.0
407 0 10 323 10 10 1.0
407 1 9 323 9 9 0.9
408 0 10 323 10 10 1.0
408 1 9 323 9 9 0.9
409 0 10 323 10 10 1.0
410 0 10 323 10 10 1.0
411 1 9 324 9 9 0.9
411 0 10 324 10 10 1.0
412 0 10 324 10 10 1.0
412 1 6 324 6 6 0.6
413 0 10 324 10 10 1.0
413 1 9 324 9 9 0.9
414 0 10 325 10 10 1.0
415 0 10 326 10 10 1.0
415 1 8 326 8 8 0.8
416 0 10 326 10 10 1.0
416 1 6 326 6 6 0.6
417 0 10 327 10 10 1.0
417 1 9 328 9 9 0.9
418 0 10 328 10 10 1.0
418 1 9 328 9 9 0.9
419 0 10 328 10 10 1.0
419 1 9 328 9 9 0.9
420 0 10 328 10 10 1.0
420 1 8 328 8 8 0.8
421 0 10 328 10 10 1.0
422 0 10 328 10 10 1.0
423 0 10 328 10 10 1.0
423 1 9 328 9 9 0.9
424 0 10 328 10 10 1.0
425 0 10 328 10 10 1.0
426 0 10 328 10 10 1.0
426 1 9 328 9 9 0.9
427 0 10 328 10 10 1.0
427 1 8 328 8 8 0.8
428 0 10 328 10 10 1.0
428 1 9 328 9 9 0.9
429 0 10 328 10 10 1.0
429 1 8 328 8 8 0.8
430 0 10 329 10 10 1.0
431 0 10 329 10 10 1.0
431 1 9 329 9 9 0.9
432 0 10 329 10 10 1.0
432 1 9 330 9 9 0.9
433 0 10 330 10 10 1.0
433 1 9 330 9 9 0.9
434 1 9 330 9 9 0.9
434 0 10 330 10 10 1.0
435 0 10 330 10 10 1.0
435 1 8 330 8 8 0.8
436 0 10 330 10 10 1.0
436 3 7 332 7 7 0.7
437 0 10 332 10 10 1.0
437 1 9 332 9 9 0.9
438 0 10 333 10 10 1.0
439 0 10 333 10 10 1.0
439 1 7 333 7 7 0.7
440 0 10 333 10 10 1.0
440 1 6 333 6 6 0.6
441 1 6 333 6 6 0.6
441 0 10 333 10 10 1.0
442 0 10 333 10 10 1.0
443 0 10 333 10 10 1.0
444 0 10 333 10 10 1.0
445 0 10 333 10 10 1.0
445 1 6 333 6 6 0.6
445 3 5 334 5 5 0.5
446 1 9 334 9 9 0.9
446 0 10 334 10 10 1.0
447 1 8 334 8 8 0.8
447 0 10 334 10 10 1.0
448 0 10 334 10 10 1.0
449 0 10 334 10 10 1.0
450 0 10 334 10 10 1.0
450 1 8 334 8 8 0.8
451 0 10 335 10 10 1.0
451 1 7 335 7 7 0.7
452 0 10 335 10 10 1.0
453 1 8 335 8 8 0.8
453 0 10 335 10 10 1.0
454 0 10 335 10 10 1.0
454 1 9 335 9 9 0.9
455 0 10 335 10 10 1.0
455 1 9 335 9 9 0.9
456 0 10 335 10 10 1.0
457 0 10 335 10 10 1.0
457 1 9 335 9 9 0.9
458 0 10 336 10 10 1.0
458 1 9 336 9 9 0.9
459 0 10 336 10 10 1.0
460 0 10 336 10 10 1.0
461 1 9 337 9 9 0.9
461 0 10 337 10 10 1.0
462 0 10 337 10 10 1.0
463 0 10 337 10 10 1.0
464 0 10 338 10 10 1.0
465 2 4 338 4 4 0.4
465 0 10 338 10 10 1.0
466 0 10 338 10 10 1.0
466 1 9 338 9 9 0.9
467 0 10 338 10 10 1.0
468 0 10 338 10 10 1.0
468 2 6 338 6 6 0.6
469 0 10 338 10 10 1.0
469 1 9 338 9 9 0.9
470 0 10 338 10 10 1.0
470 1 9 338 9 9 0.9
471 0 10 338 10 10 1.0
471 1 9 338 9 9 0.9
472 0 10 338 10 10 1.0
472 1 8 338 8 8 0.8
473 0 10 339 10 10 1.0
474 0 10 339 10 10 1.0
475 0 10 339 10 10 1.0
476 0 10 339 10 10 1.0
476 1 9 339 9 9 0.9
477 0 10 339 10 10 1.0
477 1 9 339 9 9 0.9
478 0 10 339 10 10 1.0
479 1 6 339 6 6 0.6
479 0 10 339 10 10 1.0
480 0 10 339 10 10 1.0
480 1 9 339 9 9 0.9
481 1 8 339 8 8 0.8
481 0 10 339 10 10 1.0
482 0 10 339 10 10 1.0
482 1 6 339 6 6 0.6
483 0 10 339 10 10 1.0
483 1 6 339 6 6 0.6
484 0 10 339 10 10 1.0
484 1 8 340 8 8 0.8
485 0 10 340 10 10 1.0
485 1 4 340 4 4 0.4
486 0 10 340 10 10 1.0
486 2 6 340 6 6 0.6
486 1 7 340 7 7 0.7
487 0 10 340 10 10 1.0
487 1 4 340 4 4 0.4
488 0 10 340 10 10 1.0
489 0 10 340 10 10 1.0
489 1 4 340 4 4 0.4
490 0 10 340 10 10 1.0
491 0 10 340 10 10 1.0
492 0 10 340 10 10 1.0
493 0 10 340 10 10 1.0
493 1 8 340 8 8 0.8
494 0 10 340 10 10 1.0
494 1 8 340 8 8 0.8
495 0 10 340 10 10 1.0
496 0 10 340 10 10 1.0
497 0 10 340 10 10 1.0
497 1 6 340 6 6 0.6
498 0 10 340 10 10 1.0
498 1 9 341 9 9 0.9
499 0 10 341 10 10 1.0
499 1 9 341 9 9 0.9
500 0 10 341 10 10 1.0
500 1 8 341 8 8 0.8
501 0 10 341 10 10 1.0
501 1 9 341 9 9 0.9
502 0 10 341 10 10 1.0
502 1 4 341 4 4 0.4
503 1 4 341 4 4 0.4
503 0 10 341 10 10 1.0
504 0 10 342 10 10 1.0
505 0 10 342 10 10 1.0
505 1 8 342 8 8 0.8
506 0 10 342 10 10 1.0
506 1 4 342 4 4 0.4
507 0 10 342 10 10 1.0
508 0 10 343 10 10 1.0
509 0 10 343 10 10 1.0
509 1 9 343 9 9 0.9
510 1 8 343 8 8 0.8
510 0 10 343 10 10 1.0
511 0 10 343 10 10 1.0
511 1 6 343 6 6 0.6
512 0 10 343 10 10 1.0
513 0 10 343 10 10 1.0
514 0 10 343 10 10 1.0
515 0 10 343 10 10 1.0
515 2 4 343 4 4 0.4
516 0 10 343 10 10 1.0
516 1 9 343 9 9 0.9
517 0 10 343 10 10 1.0
517 1 9 343 9 9 0.9
518 0 10 343 10 10 1.0
518 1 8 343 8 8 0.8
519 0 10 343 10 10 1.0
519 2 8 343 8 8 0.8
520 1 9 343 9 9 0.9
520 0 10 343 10 10 1.0
521 0 10 343 10 10 1.0
521 1 6 343 6 6 0.6
522 0 10 344 10 10 1.0
522 1 8 345 8 8 0.8
523 2 6 345 6 6 0.6
523 0 10 345 10 10 1.0
523 1 8 345 8 8 0.8
524 0 10 345 10 10 1.0
524 1 9 345 9 9 0.9
525 0 10 346 10 10 1.0
525 1 4 346 4 4 0.4
526 0 10 346 10 10 1.0
527 0 10 346 10 10 1.0
528 0 10 346 10 10 1.0
528 1 4 346 4 4 0.4
529 0 10 346 10 10 1.0
530 0 10 346 10 10 1.0
531 0 10 346 10 10 1.0
531 1 9 346 9 9 0.9
532 0 10 346 10 10 1.0
533 0 10 346 10 10 1.0
533 1 9 346 9 9 0.9
534 0 10 346 10 10 1.0
534 1 9 346 9 9 0.9
535 0 10 346 10 10 1.0
536 0 10 346 10 10 1.0
537 0 10 346 10 10 1.0
538 0 10 347 10 10 1.0
538 1 9 347 9 9 0.9
539 1 8 347 8 8 0.8
539 0 10 347 10 10 1.0
540 0 10 347 10 10 1.0
540 1 8 347 8 8 0.8
541 0 10 347 10 10 1.0
541 1 8 347 8 8 0.8
542 0 10 347 10 10 1.0
542 1 6 347 6 6 0.6
543 0 10 347 10 10 1.0
543 1 9 347 9 9 0.9
544 0 10 347 10 10 1.0
544 1 9 347 9 9 0.9
545 0 10 347 10 10 1.0
545 1 9 347 9 9 0.9
546 0 10 347 10 10 1.0
546 1 6 347 6 6 0.6
547 0 10 347 10 10 1.0
548 0 10 347 10 10 1.0
548 1 6 347 6 6 0.6
549 0 10 347 10 10 1.0
549 1 8 347 8 8 0.8
550 0 10 348 10 10 1.0
551 0 10 348 10 10 1.0
551 1 7 348 7 7 0.7
552 0 10 348 10 10 1.0
553 1 4 349 4 4 0.4
553 0 10 349 10 10 1.0
554 0 10 349 10 10 1.0
554 1 9 349 9 9 0.9
555 0 10 349 10 10 1.0
555 1 4 349 4 4 0.4
556 0 10 349 10 10 1.0
556 1 9 349 9 9 0.9
557 0 10 349 10 10 1.0
557 1 4 350 4 4 0.4
558 0 10 350 10 10 1.0
558 1 9 350 9 9 0.9
559 0 10 350 10 10 1.0
559 1 9 350 9 9 0.9
560 0 10 351 10 10 1.0
560 1 9 351 9 9 0.9
561 0 10 351 10 10 1.0
561 1 9 351 9 9 0.9
562 0 10 351 10 10 1.0
562 1 9 351 9 9 0.9
563 0 10 351 10 10 1.0
564 0 10 351 10 10 1.0
564 1 6 351 6 6 0.6
565 0 10 351 10 10 1.0
565 1 9 351 9 9 0.9
566 1 6 351 6 6 0.6
566 0 10 351 10 10 1.0
567 0 10 351 10 10 1.0
567 1 9 351 9 9 0.9
568 0 10 351 10 10 1.0
568 1 7 351 7 7 0.7
569 0 10 351 10 10 1.0
569 1 8 351 8 8 0.8
570 0 10 351 10 10 1.0
570 1 8 351 8 8 0.8
571 0 10 351 10 10 1.0
571 1 9 351 9 9 0.9
572 0 10 351 10 10 1.0
573 0 10 351 10 10 1.0
573 1 9 351 9 9 0.9
574 0 10 351 10 10 1.0
575 0 10 351 10 10 1.0
575 1 8 351 8 8 0.8
576 0 10 351 10 10 1.0
576 1 8 351 8 8 0.8
577 0 10 351 10 10 1.0
577 1 9 351 9 9 0.9
578 0 10 351 10 10 1.0
578 2 8 351 8 8 0.8
579 0 10 351 10 10 1.0
580 0 10 351 10 10 1.0
580 1 8 351 8 8 0.8
581 0 10 352 10 10 1.0
581 1 9 352 9 9 0.9
582 0 10 352 10 10 1.0
583 1 4 352 4 4 0.4
583 0 10 352 10 10 1.0
584 0 10 352 10 10 1.0
584 1 4 352 4 4 0.4
585 0 10 352 10 10 1.0
585 1 6 352 6 6 0.6
586 0 10 352 10 10 1.0
587 0 10 352 10 10 1.0
588 1 9 352 9 9 0.9
588 0 10 352 10 10 1.0
589 0 10 352 10 10 1.0
590 0 10 352 10 10 1.0
590 1 9 352 9 9 0.9
591 0 10 352 10 10 1.0
591 1 8 352 8 8 0.8
592 0 10 352 10 10 1.0
593 0 10 352 10 10 1.0
593 1 9 352 9 9 0.9
594 0 10 352 10 10 1.0
594 1 9 352 9 9 0.9
595 0 10 352 10 10 1.0
595 1 8 352 8 8 0.8
596 0 10 352 10 10 1.0
596 1 6 352 6 6 0.6
597 1 6 352 6 6 0.6
597 0 10 352 10 10 1.0
598 0 10 352 10 10 1.0
599 0 10 352 10 10 1.0
600 0 10 352 10 10 1.0
601 0 10 352 10 10 1.0
601 1 6 352 6 6 0.6
602 0 10 352 10 10 1.0
602 1 9 352 9 9 0.9
603 0 10 352 10 10 1.0
603 1 7 352 7 7 0.7
604 0 10 352 10 10 1.0
605 0 10 352 10 10 1.0
605 1 6 352 6 6 0.6
606 0 10 353 10 10 1.0
607 0 10 353 10 10 1.0
607 1 4 353 4 4 0.4
608 0 10 353 10 10 1.0
608 1 7 353 7 7 0.7
609 0 10 353 10 10 1.0
609 1 6 353 6 6 0.6
610 0 10 354 10 10 1.0
611 1 9 354 9 9 0.9
611 0 10 354 10 10 1.0
612 0 10 355 10 10 1.0
613 0 10 356 10 10 1.0
614 0 10 356 10 10 1.0
614 1 7 356 7 7 0.7
615 0 10 356 10 10 1.0
616 0 10 356 10 10 1.0
616 2 8 356 8 8 0.8
617 0 10 356 10 10 1.0
617 1 6 356 6 6 0.6
618 0 10 356 10 10 1.0
619 0 10 356 10 10 1.0
619 1 4 356 4 4 0.4
620 0 10 357 10 10 1.0
620 1 8 357 8 8 0.8
621 0 10 357 10 10 1.0
622 1 8 357 8 8 0.8
622 0 10 357 10 10 1.0
623 0 10 357 10 10 1.0
623 1 9 357 9 9 0.9
624 0 10 357 10 10 1.0
625 0 10 357 10 10 1.0
625 1 4 357 4 4 0.4
626 0 10 357 10 10 1.0
626 1 6 357 6 6 0.6
627 0 10 357 10 10 1.0
627 1 5 357 5 5 0.5
628 0 10 357 10 10 1.0
628 1 6 357 6 6 0.6
629 0 10 357 10 10 1.0
630 0 10 357 10 10 1.0
630 1 4 357 4 4 0.4
631 0 10 357 10 10 1.0
631 1 8 357 8 8 0.8
632 0 10 357 10 10 1.0
632 1 8 357 8 8 0.8
633 0 10 357 10 10 1.0
634 0 10 357 10 10 1.0
635 0 10 357 10 10 1.0
635 1 4 357 4 4 0.4
636 0 10 357 10 10 1.0
637 0 10 357 10 10 1.0
638 0 10 357 10 10 1.0
638 1 9 357 9 9 0.9
639 0 10 357 10 10 1.0
640 0 10 357 10 10 1.0
641 0 10 357 10 10 1.0
642 0 10 357 10 10 1.0
643 0 10 357 10 10 1.0
644 1 8 357 8 8 0.8
644 0 10 357 10 10 1.0
645 0 10 357 10 10 1.0
646 0 10 357 10 10 1.0
647 0 10 357 10 10 1.0
647 1 9 357 9 9 0.9
648 0 10 357 10 10 1.0
648 1 9 357 9 9 0.9
649 0 10 357 10 10 1.0
650 0 10 357 10 10 1.0
650 1 4 357 4 4 0.4
651 0 10 357 10 10 1.0
652 0 10 357 10 10 1.0
652 1 9 357 9 9 0.9
653 0 10 357 10 10 1.0
653 1 8 357 8 8 0.8
654 0 10 357 10 10 1.0
654 1 9 357 9 9 0.9
655 0 10 357 10 10 1.0
656 0 10 357 10 10 1.0
657 0 10 357 10 10 1.0
657 1 8 357 8 8 0.8
658 0 10 357 10 10 1.0
658 1 9 357 9 9 0.9
659 0 10 357 10 10 1.0
660 0 10 357 10 10 1.0
660 1 9 357 9 9 0.9
661 0 10 357 10 10 1.0
661 1 7 357 7 7 0.7
662 0 10 357 10 10 1.0
662 1 9 357 9 9 0.9
663 0 10 357 10 10 1.0
663 1 8 357 8 8 0.8
664 0 10 357 10 10 1.0
664 1 7 357 7 7 0.7
665 0 10 357 10 10 1.0
666 0 10 357 10 10 1.0
666 1 9 357 9 9 0.9
667 0 10 357 10 10 1.0
667 1 6 358 6 6 0.6
668 0 10 358 10 10 1.0
668 1 8 359 8 8 0.8
669 0 10 359 10 10 1.0
669 1 4 359 4 4 0.4
670 0 10 359 10 10 1.0
670 1 9 359 9 9 0.9
671 1 9 359 9 9 0.9
671 0 10 359 10 10 1.0
671 2 8 359 8 8 0.8
672 1 9 359 9 9 0.9
672 0 10 359 10 10 1.0
673 0 10 359 10 10 1.0
673 1 9 359 9 9 0.9
674 0 10 359 10 10 1.0
674 1 7 359 7 7 0.7
675 0 10 359 10 10 1.0
676 0 10 359 10 10 1.0
676 1 7 359 7 7 0.7
677 0 10 359 10 10 1.0
678 0 10 359 10 10 1.0
678 1 9 359 9 9 0.9
679 1 9 359 9 9 0.9
679 0 10 359 10 10 1.0
680 0 10 359 10 10 1.0
680 1 6 359 6 6 0.6
680 3 4 359 4 4 0.4
681 0 10 359 10 10 1.0
682 0 10 359 10 10 1.0
683 0 10 359 10 10 1.0
684 0 10 359 10 10 1.0
684 1 9 359 9 9 0.9
685 0 10 359 10 10 1.0
685 1 9 359 9 9 0.9
686 0 10 359 10 10 1.0
686 1 8 359 8 8 0.8
687 0 10 360 10 10 1.0
688 0 10 360 10 10 1.0
688 1 6 360 6 6 0.6
689 0 10 360 10 10 1.0
690 0 10 360 10 10 1.0
690 1 8 360 8 8 0.8
691 0 10 360 10 10 1.0
691 1 9 360 9 9 0.9
692 1 9 360 9 9 0.9
692 0 10 360 10 10 1.0
693 0 10 360 10 10 1.0
694 0 10 360 10 10 1.0
694 1 6 361 6 6 0.6
695 1 8 361 8 8 0.8
695 0 10 361 10 10 1.0
696 1 9 361 9 9 0.9
696 0 10 361 10 10 1.0
697 0 10 361 10 10 1.0
697 1 5 361 5 5 0.5
697 2 3 361 3 3 0.3
698 0 10 361 10 10 1.0
699 0 10 361 10 10 1.0
699 1 9 362 9 9 0.9
700 0 10 362 10 10 1.0
700 1 4 362 4 4 0.4
701 0 10 362 10 10 1.0
702 0 10 362 10 10 1.0
702 1 9 362 9 9 0.9
703 0 10 362 10 10 1.0
704 0 10 362 10 10 1.0
704 1 8 362 8 8 0.8
705 0 10 362 10 10 1.0
705 1 8 362 8 8 0.8
706 0 10 362 10 10 1.0
707 0 10 362 10 10 1.0
707 1 9 362 9 9 0.9
708 0 10 362 10 10 1.0
708 1 7 362 7 7 0.7
709 0 10 362 10 10 1.0
710 0 10 362 10 10 1.0
711 0 10 362 10 10 1.0
711 1 8 362 8 8 0.8
712 0 10 362 10 10 1.0
713 0 10 362 10 10 1.0
713 1 9 362 9 9 0.9
714 0 10 362 10 10 1.0
714 1 7 362 7 7 0.7
715 0 10 362 10 10 1.0
716 0 10 362 10 10 1.0
717 0 10 363 10 10 1.0
717 1 9 363 9 9 0.9
718 0 10 363 10 10 1.0
718 1 6 363 6 6 0.6
719 0 10 363 10 10 1.0
720 0 10 363 10 10 1.0
721 0 10 363 10 10 1.0
721 1 6 364 6 6 0.6
722 0 10 364 10 10 1.0
722 1 8 364 8 8 0.8
723 0 10 364 10 10 1.0
724 0 10 364 10 10 1.0
725 0 10 364 10 10 1.0
725 1 9 364 9 9 0.9
726 0 10 364 10 10 1.0
726 1 9 364 9 9 0.9
727 0 10 364 10 10 1.0
727 1 8 364 8 8 0.8
728 0 10 364 10 10 1.0
728 1 9 364 9 9 0.9
729 0 10 364 10 10 1.0
729 1 4 364 4 4 0.4
730 1 8 364 8 8 0.8
730 0 10 364 10 10 1.0
731 0 10 364 10 10 1.0
731 2 5 364 5 5 0.5
731 1 8 364 8 8 0.8
732 0 10 364 10 10 1.0
732 1 9 364 9 9 0.9
733 0 10 364 10 10 1.0
733 1 8 364 8 8 0.8
734 0 10 364 10 10 1.0
734 1 6 364 6 6 0.6
735 0 10 364 10 10 1.0
735 1 9 364 9 9 0.9
736 0 10 364 10 10 1.0
736 1 8 364 8 8 0.8
737 0 10 364 10 10 1.0
738 0 10 364 10 10 1.0
738 1 9 364 9 9 0.9
739 0 10 364 10 10 1.0
740 1 8 365 8 8 0.8
740 0 10 365 10 10 1.0
741 0 10 365 10 10 1.0
742 0 10 365 10 10 1.0
743 0 10 365 10 10 1.0
744 0 10 365 10 10 1.0
744 1 8 365 8 8 0.8
745 0 10 365 10 10 1.0
746 0 10 365 10 10 1.0
747 0 10 365 10 10 1.0
748 0 10 365 10 10 1.0
748 1 4 365 4 4 0.4
749 0 10 365 10 10 1.0
750 0 10 365 10 10 1.0
750 1 8 365 8 8 0.8
751 0 10 365 10 10 1.0
751 1 8 366 8 8 0.8
752 0 10 366 10 10 1.0
752 1 6 366 6 6 0.6
753 0 10 366 10 10 1.0
754 0 10 366 10 10 1.0
754 2 9 367 9 9 0.9
755 0 10 367 10 10 1.0
756 0 10 367 10 10 1.0
756 1 9 367 9 9 0.9
757 0 10 367 10 10 1.0
758 0 10 367 10 10 1.0
758 1 9 367 9 9 0.9
759 0 10 367 10 10 1.0
760 0 10 368 10 10 1.0
760 1 8 368 8 8 0.8
761 0 10 368 10 10 1.0
762 0 10 368 10 10 1.0
762 1 9 368 9 9 0.9
763 0 10 368 10 10 1.0
764 0 10 368 10 10 1.0
764 1 9 368 9 9 0.9
765 0 10 368 10 10 1.0
766 0 10 368 10 10 1.0
767 0 10 368 10 10 1.0
767 1 9 368 9 9 0.9
768 0 10 368 10 10 1.0
768 1 9 368 9 9 0.9
769 0 10 368 10 10 1.0
769 1 7 368 7 7 0.7
770 0 10 368 10 10 1.0
771 0 10 368 10 10 1.0
771 1 7 368 7 7 0.7
772 0 10 368 10 10 1.0
773 0 10 368 10 10 1.0
774 0 10 368 10 10 1.0
775 0 10 368 10 10 1.0
775 1 8 368 8 8 0.8
776 0 10 368 10 10 1.0
777 0 10 368 10 10 1.0
777 2 4 369 4 4 0.4
777 1 9 369 9 9 0.9
778 0 10 369 10 10 1.0
778 1 9 369 9 9 0.9
779 0 10 369 10 10 1.0
779 1 8 369 8 8 0.8
780 0 10 369 10 10 1.0
780 1 8 369 8 8 0.8
781 0 10 369 10 10 1.0
781 1 9 369 9 9 0.9
782 0 10 369 10 10 1.0
783 0 10 369 10 10 1.0
783 2 9 371 9 9 0.9
784 0 10 371 10 10 1.0
784 1 8 371 8 8 0.8
785 0 10 371 10 10 1.0
785 1 9 371 9 9 0.9
786 0 10 371 10 10 1.0
786 1 8 371 8 8 0.8
787 0 10 371 10 10 1.0
788 0 10 371 10 10 1.0
788 1 9 371 9 9 0.9
789 1 9 372 9 9 0.9
789 0 10 372 10 10 1.0
790 0 10 372 10 10 1.0
790 1 6 372 6 6 0.6
791 0 10 372 10 10 1.0
791 1 9 372 9 9 0.9
792 0 10 372 10 10 1.0
793 0 10 372 10 10 1.0
793 1 9 372 9 9 0.9
794 0 10 372 10 10 1.0
794 1 6 372 6 6 0.6
795 0 10 372 10 10 1.0
795 1 8 372 8 8 0.8
796 0 10 373 10 10 1.0
796 1 7 373 7 7 0.7
797 0 10 373 10 10 1.0
797 1 8 373 8 8 0.8
798 0 10 373 10 10 1.0
799 0 10 373 10 10 1.0
799 1 8 373 8 8 0.8
800 0 10 373 10 10 1.0
801 1 9 373 9 9 0.9
801 0 10 373 10 10 1.0
802 0 10 373 10 10 1.0
802 1 9 373 9 9 0.9
803 0 10 373 10 10 1.0
804 0 10 373 10 10 1.0
804 1 6 373 6 6 0.6
805 0 10 373 10 10 1.0
806 0 10 373 10 10 1.0
806 1 6 374 6 6 0.6
807 0 10 375 10 10 1.0
808 0 10 375 10 10 1.0
808 1 8 375 8 8 0.8
809 0 10 375 10 10 1.0
809 1 9 375 9 9 0.9
810 0 10 375 10 10 1.0
810 1 4 375 4 4 0.4
811 0 10 375 10 10 1.0
811 1 9 375 9 9 0.9
812 0 10 375 10 10 1.0
812 1 6 375 6 6 0.6
813 0 10 375 10 10 1.0
813 2 9 375 9 9 0.9
814 0 10 375 10 10 1.0
814 1 4 375 4 4 0.4
815 0 10 375 10 10 1.0
816 0 10 375 10 10 1.0
817 0 10 375 10 10 1.0
818 0 10 375 10 10 1.0
818 1 9 375 9 9 0.9
819 0 10 375 10 10 1.0
819 1 4 375 4 4 0.4
820 0 10 375 10 10 1.0
820 1 8 375 8 8 0.8
821 0 10 375 10 10 1.0
821 1 8 375 8 8 0.8
822 0 10 375 10 10 1.0
822 1 9 375 9 9 0.9
823 0 10 375 10 10 1.0
823 1 6 375 6 6 0.6
824 1 8 375 8 8 0.8
824 0 10 375 10 10 1.0
825 0 10 375 10 10 1.0
825 1 4 375 4 4 0.4
826 0 10 375 10 10 1.0
827 0 10 375 10 10 1.0
827 1 8 375 8 8 0.8
828 0 10 375 10 10 1.0
828 1 8 375 8 8 0.8
829 1 8 376 8 8 0.8
829 0 10 376 10 10 1.0
830 0 10 376 10 10 1.0
830 1 4 376 4 4 0.4
831 0 10 376 10 10 1.0
831 1 9 376 9 9 0.9
832 0 10 376 10 10 1.0
832 1 9 376 9 9 0.9
833 0 10 376 10 10 1.0
833 1 7 376 7 7 0.7
834 0 10 376 10 10 1.0
835 0 10 376 10 10 1.0
835 1 9 376 9 9 0.9
836 0 10 376 10 10 1.0
837 0 10 376 10 10 1.0
838 0 10 376 10 10 1.0
839 0 10 376 10 10 1.0
840 0 10 376 10 10 1.0
841 0 10 376 10 10 1.0
841 1 4 376 4 4 0.4
842 0 10 376 10 10 1.0
843 0 10 376 10 10 1.0
844 0 10 376 10 10 1.0
844 1 8 376 8 8 0.8
845 0 10 376 10 10 1.0
845 1 7 376 7 7 0.7
846 1 8 376 8 8 0.8
846 0 10 376 10 10 1.0
847 0 10 376 10 10 1.0
848 1 6 376 6 6 0.6
848 0 10 376 10 10 1.0
849 0 10 376 10 10 1.0
850 0 10 376 10 10 1.0
851 0 10 376 10 10 1.0
851 1 8 376 8 8 0.8
852 1 9 376 9 9 0.9
852 0 10 376 10 10 1.0
853 0 10 376 10 10 1.0
854 0 10 376 10 10 1.0
854 1 8 376 8 8 0.8
855 0 10 376 10 10 1.0
855 1 9 376 9 9 0.9
856 0 10 376 10 10 1.0
857 0 10 376 10 10 1.0
858 0 10 376 10 10 1.0
859 0 10 377 10 10 1.0
860 0 10 377 10 10 1.0
860 1 9 377 9 9 0.9
861 0 10 377 10 10 1.0
862 0 10 377 10 10 1.0
863 0 10 378 10 10 1.0
863 1 6 378 6 6 0.6
864 0 10 378 10 10 1.0
864 1 9 378 9 9 0.9
865 0 10 378 10 10 1.0
865 1 6 379 6 6 0.6
866 0 10 379 10 10 1.0
867 0 10 379 10 10 1.0
867 1 4 380 4 4 0.4
868 0 10 380 10 10 1.0
868 1 8 380 8 8 0.8
869 0 10 380 10 10 1.0
869 1 7 380 7 7 0.7
870 0 10 380 10 10 1.0
870 1 8 380 8 8 0.8
871 0 10 380 10 10 1.0
871 1 8 380 8 8 0.8
872 0 10 380 10 10 1.0
873 0 10 380 10 10 1.0
874 0 10 380 10 10 1.0
874 1 9 380 9 9 0.9
875 0 10 382 10 10 1.0
875 1 4 382 4 4 0.4
876 0 10 382 10 10 1.0
876 1 8 382 8 8 0.8
877 0 10 383 10 10 1.0
877 1 8 383 8 8 0.8
878 0 10 383 10 10 1.0
878 1 9 383 9 9 0.9
879 1 6 384 6 6 0.6
879 0 10 384 10 10 1.0
880 0 10 384 10 10 1.0
881 0 10 384 10 10 1.0
881 1 8 384 8 8 0.8
882 0 10 384 10 10 1.0
882 1 6 385 6 6 0.6
883 0 10 385 10 10 1.0
883 1 8 385 8 8 0.8
884 0 10 385 10 10 1.0
885 0 10 385 10 10 1.0
885 1 6 385 6 6 0.6
886 0 10 385 10 10 1.0
887 0 10 385 10 10 1.0
888 0 10 385 10 10 1.0
888 1 9 385 9 9 0.9
889 0 10 385 10 10 1.0
889 1 4 385 4 4 0.4
890 0 10 385 10 10 1.0
890 1 8 386 8 8 0.8
891 0 10 386 10 10 1.0
891 1 4 386 4 4 0.4
892 0 10 386 10 10 1.0
893 0 10 386 10 10 1.0
894 0 10 386 10 10 1.0
894 1 8 386 8 8 0.8
895 0 10 386 10 10 1.0
896 0 10 386 10 10 1.0
896 1 6 386 6 6 0.6
897 0 10 386 10 10 1.0
897 1 8 386 8 8 0.8
898 0 10 386 10 10 1.0
899 1 9 386 9 9 0.9
899 0 10 386 10 10 1.0
900 0 10 386 10 10 1.0
901 1 6 386 6 6 0.6
901 0 10 386 10 10 1.0
902 0 10 386 10 10 1.0
902 2 6 386 6 6 0.6
903 0 10 386 10 10 1.0
904 0 10 386 10 10 1.0
904 1 8 386 8 8 0.8
905 0 10 386 10 10 1.0
905 1 6 386 6 6 0.6
906 0 10 386 10 10 1.0
907 0 10 386 10 10 1.0
907 1 9 386 9 9 0.9
908 0 10 386 10 10 1.0
908 1 9 386 9 9 0.9
909 0 10 386 10 10 1.0
910 0 10 386 10 10 1.0
911 0 10 386 10 10 1.0
911 1 8 386 8 8 0.8
912 0 10 386 10 10 1.0
912 1 9 386 9 9 0.9
913 0 10 386 10 10 1.0
913 1 9 386 9 9 0.9
914 1 7 386 7 7 0.7
914 0 10 386 10 10 1.0
915 0 10 386 10 10 1.0
916 0 10 386 10 10 1.0
916 1 9 386 9 9 0.9
917 1 9 386 9 9 0.9
917 0 10 386 10 10 1.0
918 0 10 386 10 10 1.0
918 1 9 386 9 9 0.9
919 0 10 386 10 10 1.0
919 1 8 386 8 8 0.8
920 0 10 386 10 10 1.0
920 1 9 386 9 9 0.9
921 0 10 386 10 10 1.0
921 1 9 386 9 9 0.9
922 0 10 386 10 10 1.0
922 1 7 386 7 7 0.7
923 0 10 386 10 10 1.0
924 0 10 386 10 10 1.0
924 1 6 386 6 6 0.6
925 0 10 387 10 10 1.0
926 0 10 387 10 10 1.0
926 1 9 387 9 9 0.9
927 0 10 387 10 10 1.0
928 0 10 387 10 10 1.0
929 0 10 387 10 10 1.0
930 0 10 387 10 10 1.0
930 1 8 387 8 8 0.8
931 1 8 387 8 8 0.8
931 0 10 387 10 10 1.0
932 0 10 387 10 10 1.0
933 0 10 387 10 10 1.0
933 1 4 387 4 4 0.4
934 0 10 387 10 10 1.0
934 1 9 388 9 9 0.9
935 0 10 388 10 10 1.0
936 1 6 388 6 6 0.6
936 0 10 388 10 10 1.0
937 0 10 388 10 10 1.0
937 2 3 388 3 3 0.3
938 0 10 388 10 10 1.0
938 1 8 388 8 8 0.8
939 0 10 388 10 10 1.0
939 1 9 388 9 9 0.9
940 1 9 388 9 9 0.9
940 0 10 388 10 10 1.0
941 0 10 388 10 10 1.0
941 1 8 388 8 8 0.8
942 0 10 388 10 10 1.0
942 1 9 388 9 9 0.9
943 0 10 388 10 10 1.0
944 0 10 388 10 10 1.0
944 1 9 388 9 9 0.9
945 1 7 388 7 7 0.7
945 0 10 388 10 10 1.0
946 0 10 388 10 10 1.0
946 1 9 388 9 9 0.9
947 0 10 388 10 10 1.0
947 1 8 388 8 8 0.8
948 0 10 388 10 10 1.0
948 1 6 388 6 6 0.6
949 0 10 388 10 10 1.0
950 0 10 389 10 10 1.0
950 1 8 389 8 8 0.8
951 0 10 389 10 10 1.0
952 0 10 389 10 10 1.0
953 0 10 389 10 10 1.0
953 1 4 389 4 4 0.4
954 0 10 389 10 10 1.0
954 1 9 389 9 9 0.9
955 0 10 389 10 10 1.0
956 0 10 389 10 10 1.0
957 0 10 389 10 10 1.0
958 0 10 389 10 10 1.0
959 0 10 389 10 10 1.0
960 0 10 389 10 10 1.0
960 1 9 389 9 9 0.9
961 0 10 389 10 10 1.0
961 1 9 389 9 9 0.9
962 0 10 390 10 10 1.0
962 1 8 390 8 8 0.8
963 0 10 390 10 10 1.0
964 1 6 390 6 6 0.6
964 0 10 390 10 10 1.0
965 0 10 390 10 10 1.0
965 1 9 390 9 9 0.9
965 2 4 390 4 4 0.4
966 0 10 390 10 10 1.0
966 1 4 390 4 4 0.4
967 0 10 390 10 10 1.0
967 1 9 390 9 9 0.9
968 0 10 390 10 10 1.0
969 0 10 390 10 10 1.0
969 1 8 390 8 8 0.8
970 0 10 390 10 10 1.0
971 0 10 390 10 10 1.0
971 1 9 390 9 9 0.9
972 0 10 390 10 10 1.0
972 1 8 390 8 8 0.8
973 0 10 390 10 10 1.0
973 1 9 390 9 9 0.9
974 0 10 390 10 10 1.0
974 1 9 390 9 9 0.9
975 0 10 390 10 10 1.0
975 1 8 390 8 8 0.8
976 0 10 391 10 10 1.0
977 1 8 391 8 8 0.8
977 0 10 391 10 10 1.0
978 0 10 391 10 10 1.0
978 1 9 391 9 9 0.9
979 1 8 391 8 8 0.8
979 2 7 391 7 7 0.7
979 0 10 391 10 10 1.0
980 0 10 391 10 10 1.0
980 1 4 391 4 4 0.4
981 0 10 391 10 10 1.0
982 1 4 391 4 4 0.4
982 0 10 391 10 10 1.0
983 0 10 391 10 10 1.0
983 1 9 391 9 9 0.9
984 0 10 391 10 10 1.0
984 1 8 391 8 8 0.8
985 0 10 391 10 10 1.0
985 1 8 391 8 8 0.8
986 0 10 391 10 10 1.0
986 1 9 391 9 9 0.9
987 0 10 391 10 10 1.0
987 1 8 391 8 8 0.8
988 1 8 391 8 8 0.8
988 0 10 391 10 10 1.0
989 0 10 391 10 10 1.0
989 1 6 391 6 6 0.6
990 0 10 391 10 10 1.0
991 0 10 391 10 10 1.0
991 1 9 391 9 9 0.9
992 0 10 391 10 10 1.0
993 0 10 391 10 10 1.0
993 1 4 391 4 4 0.4
994 0 10 391 10 10 1.0
994 1 9 391 9 9 0.9
995 0 10 391 10 10 1.0
995 1 9 391 9 9 0.9
996 0 10 391 10 10 1.0
996 1 8 391 8 8 0.8
997 0 10 391 10 10 1.0
998 0 10 391 10 10 1.0
998 1 7 391 7 7 0.7
999 0 10 391 10 10 1.0
999 1 9 391 9 9 0.9
1000 0 10 391 10 10 1.0
