gen testSuiteSize notKilledMutants number_of_tests no_discount_objective no_equiv_mut_not_killed no_equiv_mut_not_killed_perc
1 4 3 4 3 3 0.3
1 3 6 28 6 6 0.6
2 4 3 40 3 3 0.3
3 4 3 44 3 3 0.3
4 4 3 47 3 3 0.3
4 3 8 47 8 8 0.8
5 4 2 51 2 2 0.2
6 3 4 53 4 4 0.4
7 4 2 56 2 2 0.2
7 3 7 59 7 7 0.7
8 4 2 60 2 2 0.2
9 4 2 64 2 2 0.2
10 3 3 66 3 3 0.3
10 4 2 66 2 2 0.2
11 4 2 67 2 2 0.2
12 4 2 68 2 2 0.2
13 4 2 71 2 2 0.2
13 3 9 73 9 9 0.9
14 4 2 75 2 2 0.2
14 3 3 75 3 3 0.3
15 4 2 76 2 2 0.2
15 3 3 78 3 3 0.3
16 4 2 79 2 2 0.2
16 3 9 82 9 9 0.9
17 4 2 83 2 2 0.2
17 3 7 85 7 7 0.7
18 3 7 88 7 7 0.7
18 4 2 88 2 2 0.2
19 4 2 90 2 2 0.2
20 4 2 93 2 2 0.2
20 3 3 96 3 3 0.3
21 4 2 96 2 2 0.2
22 4 2 101 2 2 0.2
23 4 2 103 2 2 0.2
23 3 7 103 7 7 0.7
24 4 2 104 2 2 0.2
24 3 7 104 7 7 0.7
25 4 2 105 2 2 0.2
26 4 2 107 2 2 0.2
26 3 3 107 3 3 0.3
27 4 2 108 2 2 0.2
27 3 3 110 3 3 0.3
28 3 3 110 3 3 0.3
28 4 2 111 2 2 0.2
29 4 2 112 2 2 0.2
29 3 6 113 6 6 0.6
30 4 2 117 2 2 0.2
31 4 2 122 2 2 0.2
31 3 7 124 7 7 0.7
32 4 2 124 2 2 0.2
33 4 2 132 2 2 0.2
33 3 7 133 7 7 0.7
34 4 2 135 2 2 0.2
34 3 3 138 3 3 0.3
35 4 2 139 2 2 0.2
35 3 7 139 7 7 0.7
36 4 2 140 2 2 0.2
36 3 3 142 3 3 0.3
37 4 2 143 2 2 0.2
37 3 7 146 7 7 0.7
38 4 2 149 2 2 0.2
39 4 0 153 0 0 0.0
40 2 8 156 8 8 0.8
40 3 3 157 3 3 0.3
41 4 0 158 0 0 0.0
41 3 3 158 3 3 0.3
42 4 0 158 0 0 0.0
42 3 1 162 1 1 0.1
43 4 0 162 0 0 0.0
44 3 1 163 1 1 0.1
44 4 0 163 0 0 0.0
45 4 0 164 0 0 0.0
45 3 3 164 3 3 0.3
46 4 0 169 0 0 0.0
47 4 0 170 0 0 0.0
48 4 0 172 0 0 0.0
48 3 3 173 3 3 0.3
49 4 0 178 0 0 0.0
50 4 0 183 0 0 0.0
50 3 3 183 3 3 0.3
51 4 0 184 0 0 0.0
52 3 3 184 3 3 0.3
52 4 0 184 0 0 0.0
53 4 0 188 0 0 0.0
54 3 3 190 3 3 0.3
54 4 0 190 0 0 0.0
55 4 0 192 0 0 0.0
55 3 3 192 3 3 0.3
56 4 0 195 0 0 0.0
56 3 4 196 4 4 0.4
57 4 0 197 0 0 0.0
58 4 0 200 0 0 0.0
59 4 0 200 0 0 0.0
60 4 0 204 0 0 0.0
61 4 0 206 0 0 0.0
61 3 3 207 3 3 0.3
62 4 0 208 0 0 0.0
62 3 3 209 3 3 0.3
63 4 0 210 0 0 0.0
63 3 3 211 3 3 0.3
64 4 0 211 0 0 0.0
64 3 1 212 1 1 0.1
65 4 0 213 0 0 0.0
65 3 1 213 1 1 0.1
66 4 0 214 0 0 0.0
66 3 1 216 1 1 0.1
67 4 0 217 0 0 0.0
67 3 3 217 3 3 0.3
68 4 0 218 0 0 0.0
68 3 3 219 3 3 0.3
69 4 0 221 0 0 0.0
69 3 3 221 3 3 0.3
70 4 0 223 0 0 0.0
70 3 1 223 1 1 0.1
71 3 3 225 3 3 0.3
71 4 0 225 0 0 0.0
72 4 0 228 0 0 0.0
73 4 0 228 0 0 0.0
73 3 1 229 1 1 0.1
74 4 0 230 0 0 0.0
74 3 9 232 9 9 0.9
75 4 0 232 0 0 0.0
75 3 3 233 3 3 0.3
76 4 0 233 0 0 0.0
77 4 0 233 0 0 0.0
78 4 0 235 0 0 0.0
78 3 3 237 3 3 0.3
79 4 0 237 0 0 0.0
79 3 3 237 3 3 0.3
80 4 0 239 0 0 0.0
81 4 0 243 0 0 0.0
81 3 3 246 3 3 0.3
82 4 0 247 0 0 0.0
83 3 3 250 3 3 0.3
83 4 0 250 0 0 0.0
84 4 0 251 0 0 0.0
84 3 3 255 3 3 0.3
85 4 0 255 0 0 0.0
85 3 1 256 1 1 0.1
86 4 0 258 0 0 0.0
87 4 0 260 0 0 0.0
87 3 1 261 1 1 0.1
88 4 0 262 0 0 0.0
88 3 3 262 3 3 0.3
89 4 0 263 0 0 0.0
90 4 0 265 0 0 0.0
90 3 9 267 9 9 0.9
91 4 0 268 0 0 0.0
92 4 0 268 0 0 0.0
93 4 0 270 0 0 0.0
94 4 0 271 0 0 0.0
95 4 0 274 0 0 0.0
96 4 0 276 0 0 0.0
96 3 3 276 3 3 0.3
97 4 0 284 0 0 0.0
97 3 3 285 3 3 0.3
98 4 0 288 0 0 0.0
99 4 0 288 0 0 0.0
100 4 0 288 0 0 0.0
100 3 3 289 3 3 0.3
101 4 0 292 0 0 0.0
102 4 0 293 0 0 0.0
102 3 3 293 3 3 0.3
103 4 0 293 0 0 0.0
104 4 0 293 0 0 0.0
105 4 0 295 0 0 0.0
106 4 0 297 0 0 0.0
107 4 0 299 0 0 0.0
107 3 3 301 3 3 0.3
108 4 0 302 0 0 0.0
108 3 8 305 8 8 0.8
109 4 0 305 0 0 0.0
109 3 3 305 3 3 0.3
110 4 0 306 0 0 0.0
111 4 0 310 0 0 0.0
112 3 3 311 3 3 0.3
112 4 0 311 0 0 0.0
113 4 0 311 0 0 0.0
113 3 1 312 1 1 0.1
114 4 0 312 0 0 0.0
114 3 4 313 4 4 0.4
115 3 1 313 1 1 0.1
115 4 0 313 0 0 0.0
116 4 0 313 0 0 0.0
116 3 3 313 3 3 0.3
117 4 0 313 0 0 0.0
117 3 3 313 3 3 0.3
118 4 0 313 0 0 0.0
119 4 0 313 0 0 0.0
119 3 3 314 3 3 0.3
120 4 0 315 0 0 0.0
121 4 0 319 0 0 0.0
121 3 3 320 3 3 0.3
122 4 0 320 0 0 0.0
123 4 0 321 0 0 0.0
123 3 3 321 3 3 0.3
124 4 0 321 0 0 0.0
124 3 1 322 1 1 0.1
125 4 0 323 0 0 0.0
126 4 0 326 0 0 0.0
127 4 0 329 0 0 0.0
127 3 3 330 3 3 0.3
128 4 0 330 0 0 0.0
128 3 3 330 3 3 0.3
129 4 0 331 0 0 0.0
130 4 0 332 0 0 0.0
131 4 0 334 0 0 0.0
132 3 3 336 3 3 0.3
132 4 0 336 0 0 0.0
133 4 0 339 0 0 0.0
133 3 4 342 4 4 0.4
134 4 0 342 0 0 0.0
134 3 3 345 3 3 0.3
135 4 0 347 0 0 0.0
135 3 3 347 3 3 0.3
136 4 0 348 0 0 0.0
136 3 1 350 1 1 0.1
137 4 0 351 0 0 0.0
138 4 0 352 0 0 0.0
138 3 4 352 4 4 0.4
139 4 0 352 0 0 0.0
140 4 0 352 0 0 0.0
141 4 0 355 0 0 0.0
142 4 0 355 0 0 0.0
143 4 0 355 0 0 0.0
144 3 3 356 3 3 0.3
144 4 0 356 0 0 0.0
145 4 0 357 0 0 0.0
145 3 3 357 3 3 0.3
146 4 0 360 0 0 0.0
147 4 0 362 0 0 0.0
148 4 0 364 0 0 0.0
148 3 3 367 3 3 0.3
149 3 1 368 1 1 0.1
149 4 0 368 0 0 0.0
150 4 0 372 0 0 0.0
150 3 3 372 3 3 0.3
151 4 0 372 0 0 0.0
151 3 3 372 3 3 0.3
152 4 0 373 0 0 0.0
153 4 0 378 0 0 0.0
154 4 0 378 0 0 0.0
155 4 0 380 0 0 0.0
155 3 1 380 1 1 0.1
156 4 0 382 0 0 0.0
157 4 0 384 0 0 0.0
157 2 4 384 4 4 0.4
158 4 0 386 0 0 0.0
158 3 3 388 3 3 0.3
159 4 0 389 0 0 0.0
160 4 0 391 0 0 0.0
161 4 0 391 0 0 0.0
161 3 3 392 3 3 0.3
162 4 0 394 0 0 0.0
163 4 0 399 0 0 0.0
164 4 0 401 0 0 0.0
164 3 3 401 3 3 0.3
165 4 0 404 0 0 0.0
166 4 0 405 0 0 0.0
167 4 0 405 0 0 0.0
168 4 0 407 0 0 0.0
168 3 1 408 1 1 0.1
169 3 3 408 3 3 0.3
169 4 0 408 0 0 0.0
170 4 0 409 0 0 0.0
170 3 3 409 3 3 0.3
171 4 0 409 0 0 0.0
171 3 3 409 3 3 0.3
172 3 3 409 3 3 0.3
172 4 0 409 0 0 0.0
173 4 0 412 0 0 0.0
174 4 0 413 0 0 0.0
175 4 0 415 0 0 0.0
176 4 0 417 0 0 0.0
176 3 3 417 3 3 0.3
177 4 0 419 0 0 0.0
178 4 0 419 0 0 0.0
179 4 0 420 0 0 0.0
180 4 0 422 0 0 0.0
180 3 1 422 1 1 0.1
181 4 0 423 0 0 0.0
182 4 0 423 0 0 0.0
182 3 8 423 8 8 0.8
183 4 0 423 0 0 0.0
183 3 3 424 3 3 0.3
184 4 0 425 0 0 0.0
184 3 9 430 9 9 0.9
185 4 0 430 0 0 0.0
185 3 3 433 3 3 0.3
186 4 0 433 0 0 0.0
186 3 3 433 3 3 0.3
187 4 0 434 0 0 0.0
188 4 0 434 0 0 0.0
188 3 3 434 3 3 0.3
189 3 3 436 3 3 0.3
189 4 0 436 0 0 0.0
190 4 0 438 0 0 0.0
190 3 3 438 3 3 0.3
191 4 0 439 0 0 0.0
191 3 1 439 1 1 0.1
192 4 0 439 0 0 0.0
192 3 3 440 3 3 0.3
193 3 3 441 3 3 0.3
193 4 0 441 0 0 0.0
194 4 0 443 0 0 0.0
194 3 3 443 3 3 0.3
195 4 0 444 0 0 0.0
195 3 3 444 3 3 0.3
196 4 0 444 0 0 0.0
197 3 3 445 3 3 0.3
197 4 0 447 0 0 0.0
198 4 0 449 0 0 0.0
199 4 0 449 0 0 0.0
200 4 0 450 0 0 0.0
201 4 0 451 0 0 0.0
201 3 3 452 3 3 0.3
202 4 0 455 0 0 0.0
203 4 0 457 0 0 0.0
204 4 0 459 0 0 0.0
204 3 3 459 3 3 0.3
205 4 0 460 0 0 0.0
206 4 0 461 0 0 0.0
206 3 1 463 1 1 0.1
207 4 0 463 0 0 0.0
207 3 3 463 3 3 0.3
208 3 4 463 4 4 0.4
208 4 0 463 0 0 0.0
209 4 0 465 0 0 0.0
210 4 0 465 0 0 0.0
210 3 3 465 3 3 0.3
211 4 0 466 0 0 0.0
212 4 0 468 0 0 0.0
213 4 0 468 0 0 0.0
214 3 3 470 3 3 0.3
214 4 0 470 0 0 0.0
215 4 0 471 0 0 0.0
216 4 0 471 0 0 0.0
217 4 0 474 0 0 0.0
217 3 9 474 9 9 0.9
218 4 0 475 0 0 0.0
218 3 3 475 3 3 0.3
219 4 0 475 0 0 0.0
219 3 3 475 3 3 0.3
220 4 0 475 0 0 0.0
220 3 1 475 1 1 0.1
221 4 0 476 0 0 0.0
221 3 3 476 3 3 0.3
222 4 0 478 0 0 0.0
223 4 0 479 0 0 0.0
224 3 1 482 1 1 0.1
224 4 0 482 0 0 0.0
225 4 0 483 0 0 0.0
225 3 8 483 8 8 0.8
226 4 0 483 0 0 0.0
226 3 1 483 1 1 0.1
227 4 0 483 0 0 0.0
227 3 3 483 3 3 0.3
228 3 1 486 1 1 0.1
228 4 0 486 0 0 0.0
229 4 0 488 0 0 0.0
230 4 0 489 0 0 0.0
231 4 0 489 0 0 0.0
232 4 0 489 0 0 0.0
232 3 3 489 3 3 0.3
233 4 0 489 0 0 0.0
233 3 1 489 1 1 0.1
234 4 0 490 0 0 0.0
234 3 1 490 1 1 0.1
235 4 0 492 0 0 0.0
235 3 3 492 3 3 0.3
236 4 0 492 0 0 0.0
237 4 0 492 0 0 0.0
237 3 1 495 1 1 0.1
238 4 0 495 0 0 0.0
238 3 3 496 3 3 0.3
239 4 0 496 0 0 0.0
240 4 0 497 0 0 0.0
241 3 3 497 3 3 0.3
241 4 0 497 0 0 0.0
242 4 0 497 0 0 0.0
242 3 1 497 1 1 0.1
243 4 0 498 0 0 0.0
243 3 1 498 1 1 0.1
244 4 0 498 0 0 0.0
245 4 0 500 0 0 0.0
246 4 0 502 0 0 0.0
247 4 0 505 0 0 0.0
247 3 1 505 1 1 0.1
248 4 0 506 0 0 0.0
248 3 1 508 1 1 0.1
249 4 0 508 0 0 0.0
250 4 0 509 0 0 0.0
251 3 4 510 4 4 0.4
251 4 0 510 0 0 0.0
252 4 0 511 0 0 0.0
253 4 0 512 0 0 0.0
253 3 3 513 3 3 0.3
254 4 0 513 0 0 0.0
255 4 0 514 0 0 0.0
255 3 1 514 1 1 0.1
256 4 0 515 0 0 0.0
256 3 1 515 1 1 0.1
257 4 0 516 0 0 0.0
258 4 0 516 0 0 0.0
258 3 3 516 3 3 0.3
259 4 0 516 0 0 0.0
260 4 0 518 0 0 0.0
260 3 1 519 1 1 0.1
261 4 0 519 0 0 0.0
261 3 3 519 3 3 0.3
262 4 0 520 0 0 0.0
263 4 0 522 0 0 0.0
263 3 3 522 3 3 0.3
264 4 0 524 0 0 0.0
265 4 0 525 0 0 0.0
265 3 3 525 3 3 0.3
266 4 0 525 0 0 0.0
267 4 0 525 0 0 0.0
268 4 0 529 0 0 0.0
269 4 0 531 0 0 0.0
269 3 3 532 3 3 0.3
270 4 0 533 0 0 0.0
271 4 0 535 0 0 0.0
272 4 0 539 0 0 0.0
272 3 3 539 3 3 0.3
273 3 1 540 1 1 0.1
273 4 0 541 0 0 0.0
274 4 0 542 0 0 0.0
275 4 0 544 0 0 0.0
275 3 3 545 3 3 0.3
276 4 0 545 0 0 0.0
277 4 0 549 0 0 0.0
277 3 3 550 3 3 0.3
278 4 0 550 0 0 0.0
278 3 1 550 1 1 0.1
279 4 0 550 0 0 0.0
279 3 1 550 1 1 0.1
280 4 0 550 0 0 0.0
280 3 3 551 3 3 0.3
281 4 0 552 0 0 0.0
281 3 3 555 3 3 0.3
282 4 0 555 0 0 0.0
282 3 3 555 3 3 0.3
283 4 0 555 0 0 0.0
283 3 9 557 9 9 0.9
283 2 10 557 10 10 1.0
284 4 0 558 0 0 0.0
285 4 0 559 0 0 0.0
285 3 3 561 3 3 0.3
286 4 0 561 0 0 0.0
287 4 0 561 0 0 0.0
288 4 0 562 0 0 0.0
288 3 3 562 3 3 0.3
289 4 0 562 0 0 0.0
289 3 9 563 9 9 0.9
290 4 0 563 0 0 0.0
291 4 0 564 0 0 0.0
292 4 0 565 0 0 0.0
292 2 4 565 4 4 0.4
292 3 1 566 1 1 0.1
293 4 0 566 0 0 0.0
293 3 3 566 3 3 0.3
294 4 0 566 0 0 0.0
294 3 3 568 3 3 0.3
295 4 0 568 0 0 0.0
295 3 3 568 3 3 0.3
296 3 3 568 3 3 0.3
296 4 0 568 0 0 0.0
297 4 0 568 0 0 0.0
298 4 0 570 0 0 0.0
299 4 0 570 0 0 0.0
299 3 3 570 3 3 0.3
300 4 0 570 0 0 0.0
300 3 7 572 7 7 0.7
301 4 0 572 0 0 0.0
302 4 0 572 0 0 0.0
302 3 8 573 8 8 0.8
303 4 0 575 0 0 0.0
303 3 3 575 3 3 0.3
304 4 0 575 0 0 0.0
305 4 0 576 0 0 0.0
306 4 0 576 0 0 0.0
306 3 1 576 1 1 0.1
307 4 0 577 0 0 0.0
308 4 0 577 0 0 0.0
309 4 0 580 0 0 0.0
310 4 0 580 0 0 0.0
310 3 1 581 1 1 0.1
311 4 0 582 0 0 0.0
312 4 0 584 0 0 0.0
312 3 3 584 3 3 0.3
313 4 0 584 0 0 0.0
313 3 1 585 1 1 0.1
314 4 0 585 0 0 0.0
315 4 0 585 0 0 0.0
316 4 0 586 0 0 0.0
316 3 3 586 3 3 0.3
317 4 0 587 0 0 0.0
317 3 1 587 1 1 0.1
318 4 0 587 0 0 0.0
319 4 0 587 0 0 0.0
319 3 3 587 3 3 0.3
320 4 0 591 0 0 0.0
321 4 0 591 0 0 0.0
322 4 0 594 0 0 0.0
322 3 1 594 1 1 0.1
323 4 0 594 0 0 0.0
323 3 3 596 3 3 0.3
324 4 0 596 0 0 0.0
324 3 1 596 1 1 0.1
325 4 0 596 0 0 0.0
326 4 0 597 0 0 0.0
327 4 0 597 0 0 0.0
327 3 3 599 3 3 0.3
328 4 0 599 0 0 0.0
328 3 4 600 4 4 0.4
329 4 0 600 0 0 0.0
330 4 0 600 0 0 0.0
331 4 0 602 0 0 0.0
331 3 1 603 1 1 0.1
332 3 1 604 1 1 0.1
332 4 0 604 0 0 0.0
333 3 1 604 1 1 0.1
333 4 0 604 0 0 0.0
334 4 0 604 0 0 0.0
334 3 1 604 1 1 0.1
335 4 0 604 0 0 0.0
335 3 1 604 1 1 0.1
336 4 0 605 0 0 0.0
336 3 3 605 3 3 0.3
337 3 3 606 3 3 0.3
337 4 0 606 0 0 0.0
338 4 0 608 0 0 0.0
338 3 1 608 1 1 0.1
339 4 0 608 0 0 0.0
339 3 3 608 3 3 0.3
340 4 0 609 0 0 0.0
341 4 0 610 0 0 0.0
341 3 3 610 3 3 0.3
342 4 0 610 0 0 0.0
342 3 1 610 1 1 0.1
343 4 0 610 0 0 0.0
344 4 0 610 0 0 0.0
344 3 3 610 3 3 0.3
345 4 0 613 0 0 0.0
346 4 0 613 0 0 0.0
346 3 1 614 1 1 0.1
347 4 0 614 0 0 0.0
347 3 1 614 1 1 0.1
348 4 0 614 0 0 0.0
349 4 0 614 0 0 0.0
350 3 3 615 3 3 0.3
350 4 0 615 0 0 0.0
351 4 0 616 0 0 0.0
351 3 1 617 1 1 0.1
352 4 0 617 0 0 0.0
352 3 3 617 3 3 0.3
353 4 0 617 0 0 0.0
353 3 3 617 3 3 0.3
354 4 0 619 0 0 0.0
354 3 1 619 1 1 0.1
355 4 0 620 0 0 0.0
356 4 0 620 0 0 0.0
357 4 0 620 0 0 0.0
357 3 3 620 3 3 0.3
358 3 1 620 1 1 0.1
358 4 0 620 0 0 0.0
359 4 0 620 0 0 0.0
359 3 3 622 3 3 0.3
360 4 0 622 0 0 0.0
361 4 0 622 0 0 0.0
362 4 0 622 0 0 0.0
363 4 0 623 0 0 0.0
363 3 1 625 1 1 0.1
364 4 0 625 0 0 0.0
364 3 3 626 3 3 0.3
365 4 0 627 0 0 0.0
366 4 0 627 0 0 0.0
367 4 0 627 0 0 0.0
367 3 3 627 3 3 0.3
368 4 0 628 0 0 0.0
369 4 0 628 0 0 0.0
369 3 1 628 1 1 0.1
370 4 0 628 0 0 0.0
370 3 1 628 1 1 0.1
371 4 0 629 0 0 0.0
372 4 0 630 0 0 0.0
372 3 1 630 1 1 0.1
373 4 0 633 0 0 0.0
374 4 0 633 0 0 0.0
375 4 0 634 0 0 0.0
375 3 4 636 4 4 0.4
376 4 0 636 0 0 0.0
376 3 1 636 1 1 0.1
377 4 0 638 0 0 0.0
378 4 0 640 0 0 0.0
379 4 0 641 0 0 0.0
380 4 0 641 0 0 0.0
381 4 0 641 0 0 0.0
382 4 0 642 0 0 0.0
383 4 0 642 0 0 0.0
383 3 4 642 4 4 0.4
384 4 0 642 0 0 0.0
384 3 7 642 7 7 0.7
385 4 0 643 0 0 0.0
386 4 0 644 0 0 0.0
387 4 0 646 0 0 0.0
388 4 0 646 0 0 0.0
389 4 0 647 0 0 0.0
389 3 9 648 9 9 0.9
390 4 0 648 0 0 0.0
391 4 0 648 0 0 0.0
391 3 1 648 1 1 0.1
392 4 0 649 0 0 0.0
392 3 3 649 3 3 0.3
393 4 0 649 0 0 0.0
394 4 0 650 0 0 0.0
394 3 3 650 3 3 0.3
395 4 0 650 0 0 0.0
395 3 1 650 1 1 0.1
396 4 0 650 0 0 0.0
396 3 1 650 1 1 0.1
397 4 0 650 0 0 0.0
397 3 3 650 3 3 0.3
398 3 3 651 3 3 0.3
398 4 0 651 0 0 0.0
399 4 0 651 0 0 0.0
399 3 3 652 3 3 0.3
400 4 0 652 0 0 0.0
401 4 0 652 0 0 0.0
402 4 0 653 0 0 0.0
403 3 3 653 3 3 0.3
403 4 0 653 0 0 0.0
404 4 0 653 0 0 0.0
404 3 1 653 1 1 0.1
405 4 0 654 0 0 0.0
405 3 3 654 3 3 0.3
406 4 0 654 0 0 0.0
406 3 3 655 3 3 0.3
407 4 0 655 0 0 0.0
408 4 0 656 0 0 0.0
409 3 3 656 3 3 0.3
409 4 0 656 0 0 0.0
410 4 0 657 0 0 0.0
410 3 3 657 3 3 0.3
411 4 0 657 0 0 0.0
411 3 3 657 3 3 0.3
412 4 0 657 0 0 0.0
413 3 3 658 3 3 0.3
413 4 0 658 0 0 0.0
414 4 0 658 0 0 0.0
415 4 0 661 0 0 0.0
415 3 3 661 3 3 0.3
416 4 0 661 0 0 0.0
417 4 0 661 0 0 0.0
417 3 3 661 3 3 0.3
418 4 0 661 0 0 0.0
418 3 3 661 3 3 0.3
419 4 0 662 0 0 0.0
420 4 0 665 0 0 0.0
420 3 3 665 3 3 0.3
421 4 0 665 0 0 0.0
422 4 0 665 0 0 0.0
422 3 1 665 1 1 0.1
423 4 0 666 0 0 0.0
424 3 3 668 3 3 0.3
424 4 0 669 0 0 0.0
425 4 0 669 0 0 0.0
426 4 0 670 0 0 0.0
427 4 0 670 0 0 0.0
428 4 0 670 0 0 0.0
429 4 0 671 0 0 0.0
429 3 4 673 4 4 0.4
430 4 0 673 0 0 0.0
431 4 0 674 0 0 0.0
431 3 3 674 3 3 0.3
432 4 0 674 0 0 0.0
432 3 3 674 3 3 0.3
433 4 0 674 0 0 0.0
434 4 0 674 0 0 0.0
435 4 0 675 0 0 0.0
436 3 1 675 1 1 0.1
436 4 0 675 0 0 0.0
437 4 0 675 0 0 0.0
437 3 3 675 3 3 0.3
438 4 0 676 0 0 0.0
439 3 1 677 1 1 0.1
439 4 0 677 0 0 0.0
440 4 0 678 0 0 0.0
441 4 0 678 0 0 0.0
442 4 0 678 0 0 0.0
443 4 0 678 0 0 0.0
443 3 3 678 3 3 0.3
444 4 0 678 0 0 0.0
444 3 1 680 1 1 0.1
445 3 3 681 3 3 0.3
445 4 0 681 0 0 0.0
446 4 0 681 0 0 0.0
447 4 0 682 0 0 0.0
447 3 1 682 1 1 0.1
448 4 0 682 0 0 0.0
449 4 0 682 0 0 0.0
449 3 4 682 4 4 0.4
450 3 3 682 3 3 0.3
450 4 0 682 0 0 0.0
451 4 0 682 0 0 0.0
451 3 1 682 1 1 0.1
452 4 0 682 0 0 0.0
452 3 3 682 3 3 0.3
453 4 0 684 0 0 0.0
453 3 3 684 3 3 0.3
454 4 0 684 0 0 0.0
454 3 1 684 1 1 0.1
455 4 0 684 0 0 0.0
455 3 3 684 3 3 0.3
456 4 0 684 0 0 0.0
456 3 1 684 1 1 0.1
457 4 0 684 0 0 0.0
457 3 3 684 3 3 0.3
458 4 0 685 0 0 0.0
459 4 0 686 0 0 0.0
459 3 1 686 1 1 0.1
460 4 0 686 0 0 0.0
460 3 1 686 1 1 0.1
461 4 0 686 0 0 0.0
462 4 0 686 0 0 0.0
463 4 0 686 0 0 0.0
463 3 3 686 3 3 0.3
464 4 0 686 0 0 0.0
465 4 0 687 0 0 0.0
465 3 3 687 3 3 0.3
466 4 0 687 0 0 0.0
466 3 3 687 3 3 0.3
467 4 0 687 0 0 0.0
468 4 0 687 0 0 0.0
468 3 7 688 7 7 0.7
469 4 0 688 0 0 0.0
470 4 0 688 0 0 0.0
470 3 3 688 3 3 0.3
471 4 0 688 0 0 0.0
471 3 1 688 1 1 0.1
472 4 0 689 0 0 0.0
473 4 0 689 0 0 0.0
474 4 0 691 0 0 0.0
474 3 3 692 3 3 0.3
475 4 0 692 0 0 0.0
476 4 0 693 0 0 0.0
476 3 9 695 9 9 0.9
477 4 0 696 0 0 0.0
477 3 4 696 4 4 0.4
478 4 0 696 0 0 0.0
478 3 3 696 3 3 0.3
479 4 0 696 0 0 0.0
480 4 0 696 0 0 0.0
481 4 0 696 0 0 0.0
481 3 3 696 3 3 0.3
482 4 0 696 0 0 0.0
483 4 0 696 0 0 0.0
483 3 9 697 9 9 0.9
484 4 0 697 0 0 0.0
485 4 0 697 0 0 0.0
486 4 0 697 0 0 0.0
486 3 3 697 3 3 0.3
487 4 0 698 0 0 0.0
487 3 3 698 3 3 0.3
488 3 3 698 3 3 0.3
488 4 0 698 0 0 0.0
489 4 0 698 0 0 0.0
489 3 3 699 3 3 0.3
490 4 0 699 0 0 0.0
490 3 3 699 3 3 0.3
491 4 0 699 0 0 0.0
492 4 0 700 0 0 0.0
493 4 0 700 0 0 0.0
494 4 0 701 0 0 0.0
495 4 0 701 0 0 0.0
496 4 0 702 0 0 0.0
496 3 3 702 3 3 0.3
497 3 3 702 3 3 0.3
497 4 0 702 0 0 0.0
498 4 0 702 0 0 0.0
499 4 0 703 0 0 0.0
499 3 4 705 4 4 0.4
500 4 0 705 0 0 0.0
501 4 0 705 0 0 0.0
501 3 3 705 3 3 0.3
502 3 3 705 3 3 0.3
502 4 0 705 0 0 0.0
503 4 0 707 0 0 0.0
503 3 3 707 3 3 0.3
504 4 0 707 0 0 0.0
505 3 1 707 1 1 0.1
505 4 0 707 0 0 0.0
506 4 0 707 0 0 0.0
507 4 0 709 0 0 0.0
508 4 0 710 0 0 0.0
509 4 0 710 0 0 0.0
510 4 0 711 0 0 0.0
511 4 0 711 0 0 0.0
511 3 3 711 3 3 0.3
512 4 0 711 0 0 0.0
513 4 0 713 0 0 0.0
513 3 3 713 3 3 0.3
514 4 0 713 0 0 0.0
515 4 0 714 0 0 0.0
516 4 0 715 0 0 0.0
516 3 3 715 3 3 0.3
517 4 0 715 0 0 0.0
518 4 0 716 0 0 0.0
519 4 0 716 0 0 0.0
519 3 3 716 3 3 0.3
520 3 1 716 1 1 0.1
520 4 0 716 0 0 0.0
521 4 0 716 0 0 0.0
521 3 3 716 3 3 0.3
522 4 0 716 0 0 0.0
522 3 3 716 3 3 0.3
523 4 0 716 0 0 0.0
523 2 4 716 4 4 0.4
523 3 1 716 1 1 0.1
524 4 0 716 0 0 0.0
525 4 0 717 0 0 0.0
525 3 1 717 1 1 0.1
526 4 0 717 0 0 0.0
527 4 0 719 0 0 0.0
527 3 3 719 3 3 0.3
528 4 0 719 0 0 0.0
528 3 3 719 3 3 0.3
529 3 3 719 3 3 0.3
529 4 0 719 0 0 0.0
530 4 0 719 0 0 0.0
530 3 3 719 3 3 0.3
531 4 0 719 0 0 0.0
531 3 3 719 3 3 0.3
532 3 3 720 3 3 0.3
532 4 0 720 0 0 0.0
533 4 0 720 0 0 0.0
533 3 1 720 1 1 0.1
534 4 0 720 0 0 0.0
534 3 3 720 3 3 0.3
535 4 0 720 0 0 0.0
536 4 0 720 0 0 0.0
537 4 0 721 0 0 0.0
538 3 3 721 3 3 0.3
538 4 0 721 0 0 0.0
539 4 0 721 0 0 0.0
539 3 3 721 3 3 0.3
540 4 0 721 0 0 0.0
541 4 0 722 0 0 0.0
541 3 9 722 9 9 0.9
542 4 0 722 0 0 0.0
543 4 0 723 0 0 0.0
544 4 0 723 0 0 0.0
545 4 0 724 0 0 0.0
545 3 1 724 1 1 0.1
546 4 0 724 0 0 0.0
546 3 1 724 1 1 0.1
547 4 0 724 0 0 0.0
547 3 1 724 1 1 0.1
548 4 0 724 0 0 0.0
548 3 3 725 3 3 0.3
549 4 0 725 0 0 0.0
550 4 0 726 0 0 0.0
551 4 0 726 0 0 0.0
552 3 1 727 1 1 0.1
552 4 0 727 0 0 0.0
553 4 0 727 0 0 0.0
553 3 3 727 3 3 0.3
554 4 0 727 0 0 0.0
555 4 0 728 0 0 0.0
556 4 0 728 0 0 0.0
557 4 0 728 0 0 0.0
558 4 0 728 0 0 0.0
558 3 3 728 3 3 0.3
559 4 0 728 0 0 0.0
559 3 3 728 3 3 0.3
560 4 0 728 0 0 0.0
561 4 0 729 0 0 0.0
562 4 0 729 0 0 0.0
563 4 0 729 0 0 0.0
563 3 3 729 3 3 0.3
564 4 0 729 0 0 0.0
565 4 0 729 0 0 0.0
566 4 0 729 0 0 0.0
567 4 0 729 0 0 0.0
568 4 0 730 0 0 0.0
568 3 3 730 3 3 0.3
569 4 0 731 0 0 0.0
570 4 0 733 0 0 0.0
570 3 3 733 3 3 0.3
571 4 0 735 0 0 0.0
571 3 3 735 3 3 0.3
572 4 0 735 0 0 0.0
572 3 3 736 3 3 0.3
573 4 0 736 0 0 0.0
574 4 0 736 0 0 0.0
574 3 1 736 1 1 0.1
575 4 0 736 0 0 0.0
575 3 1 736 1 1 0.1
576 4 0 736 0 0 0.0
577 4 0 736 0 0 0.0
577 3 3 737 3 3 0.3
578 3 1 737 1 1 0.1
578 4 0 737 0 0 0.0
579 3 1 737 1 1 0.1
579 4 0 737 0 0 0.0
580 4 0 738 0 0 0.0
581 4 0 738 0 0 0.0
582 4 0 739 0 0 0.0
583 4 0 740 0 0 0.0
584 4 0 740 0 0 0.0
585 4 0 740 0 0 0.0
586 4 0 741 0 0 0.0
587 4 0 741 0 0 0.0
587 3 1 741 1 1 0.1
588 4 0 741 0 0 0.0
588 3 1 742 1 1 0.1
589 4 0 743 0 0 0.0
590 4 0 743 0 0 0.0
591 4 0 743 0 0 0.0
592 3 3 743 3 3 0.3
592 4 0 743 0 0 0.0
593 4 0 743 0 0 0.0
594 4 0 745 0 0 0.0
594 3 4 745 4 4 0.4
595 3 1 746 1 1 0.1
595 4 0 746 0 0 0.0
596 4 0 746 0 0 0.0
597 4 0 747 0 0 0.0
597 3 3 748 3 3 0.3
597 2 4 748 4 4 0.4
598 4 0 748 0 0 0.0
598 3 1 748 1 1 0.1
599 4 0 749 0 0 0.0
599 3 3 749 3 3 0.3
600 4 0 749 0 0 0.0
601 4 0 749 0 0 0.0
602 4 0 749 0 0 0.0
603 4 0 749 0 0 0.0
603 3 3 750 3 3 0.3
604 4 0 750 0 0 0.0
604 3 3 750 3 3 0.3
605 4 0 750 0 0 0.0
606 4 0 750 0 0 0.0
607 4 0 750 0 0 0.0
607 3 1 750 1 1 0.1
608 4 0 751 0 0 0.0
609 4 0 751 0 0 0.0
609 3 3 751 3 3 0.3
610 4 0 751 0 0 0.0
610 3 3 751 3 3 0.3
611 4 0 751 0 0 0.0
611 3 1 751 1 1 0.1
612 4 0 751 0 0 0.0
613 4 0 751 0 0 0.0
614 4 0 751 0 0 0.0
614 3 3 752 3 3 0.3
615 4 0 752 0 0 0.0
615 3 1 752 1 1 0.1
616 3 3 752 3 3 0.3
616 4 0 752 0 0 0.0
617 4 0 752 0 0 0.0
618 4 0 752 0 0 0.0
619 4 0 754 0 0 0.0
619 3 3 754 3 3 0.3
620 4 0 754 0 0 0.0
620 3 3 754 3 3 0.3
621 4 0 754 0 0 0.0
621 3 1 754 1 1 0.1
622 4 0 754 0 0 0.0
622 3 1 754 1 1 0.1
623 4 0 754 0 0 0.0
623 3 1 754 1 1 0.1
624 4 0 754 0 0 0.0
624 3 3 754 3 3 0.3
625 4 0 754 0 0 0.0
625 3 3 754 3 3 0.3
626 4 0 754 0 0 0.0
627 4 0 754 0 0 0.0
627 3 1 754 1 1 0.1
628 4 0 755 0 0 0.0
629 4 0 755 0 0 0.0
630 4 0 755 0 0 0.0
630 3 3 756 3 3 0.3
631 4 0 756 0 0 0.0
632 4 0 756 0 0 0.0
632 3 3 756 3 3 0.3
633 4 0 757 0 0 0.0
633 3 3 757 3 3 0.3
634 4 0 758 0 0 0.0
634 3 9 759 9 9 0.9
635 4 0 759 0 0 0.0
636 4 0 759 0 0 0.0
637 4 0 760 0 0 0.0
637 3 3 760 3 3 0.3
638 4 0 760 0 0 0.0
638 3 1 760 1 1 0.1
639 4 0 761 0 0 0.0
640 4 0 762 0 0 0.0
641 4 0 763 0 0 0.0
642 4 0 763 0 0 0.0
643 4 0 763 0 0 0.0
644 4 0 763 0 0 0.0
644 3 3 763 3 3 0.3
645 4 0 764 0 0 0.0
645 3 3 764 3 3 0.3
646 4 0 764 0 0 0.0
646 3 3 764 3 3 0.3
647 4 0 764 0 0 0.0
647 3 1 764 1 1 0.1
648 4 0 764 0 0 0.0
648 3 3 764 3 3 0.3
649 4 0 764 0 0 0.0
650 4 0 764 0 0 0.0
651 4 0 764 0 0 0.0
652 4 0 764 0 0 0.0
652 3 1 764 1 1 0.1
653 4 0 765 0 0 0.0
654 4 0 765 0 0 0.0
655 4 0 765 0 0 0.0
655 3 1 766 1 1 0.1
656 4 0 766 0 0 0.0
657 4 0 766 0 0 0.0
657 3 3 766 3 3 0.3
658 4 0 766 0 0 0.0
659 3 3 766 3 3 0.3
659 4 0 766 0 0 0.0
660 4 0 767 0 0 0.0
661 4 0 767 0 0 0.0
661 3 1 767 1 1 0.1
662 4 0 767 0 0 0.0
662 3 9 767 9 9 0.9
663 4 0 767 0 0 0.0
664 4 0 767 0 0 0.0
664 3 1 767 1 1 0.1
665 4 0 767 0 0 0.0
665 3 3 768 3 3 0.3
666 4 0 768 0 0 0.0
667 3 3 769 3 3 0.3
667 4 0 769 0 0 0.0
668 4 0 769 0 0 0.0
668 2 4 769 4 4 0.4
669 4 0 769 0 0 0.0
670 4 0 769 0 0 0.0
670 3 3 769 3 3 0.3
671 4 0 769 0 0 0.0
672 4 0 770 0 0 0.0
673 4 0 770 0 0 0.0
674 4 0 770 0 0 0.0
674 3 9 770 9 9 0.9
675 4 0 771 0 0 0.0
675 3 3 771 3 3 0.3
676 4 0 771 0 0 0.0
677 4 0 772 0 0 0.0
677 3 3 772 3 3 0.3
678 4 0 773 0 0 0.0
679 4 0 773 0 0 0.0
679 3 1 773 1 1 0.1
680 4 0 773 0 0 0.0
680 3 1 773 1 1 0.1
681 4 0 773 0 0 0.0
681 3 4 773 4 4 0.4
682 4 0 774 0 0 0.0
682 3 3 774 3 3 0.3
683 4 0 775 0 0 0.0
684 4 0 775 0 0 0.0
685 4 0 775 0 0 0.0
686 4 0 775 0 0 0.0
687 4 0 775 0 0 0.0
688 4 0 776 0 0 0.0
689 4 0 776 0 0 0.0
689 2 9 777 9 9 0.9
690 4 0 777 0 0 0.0
691 3 1 777 1 1 0.1
691 4 0 777 0 0 0.0
692 4 0 778 0 0 0.0
693 4 0 778 0 0 0.0
693 3 3 778 3 3 0.3
694 4 0 778 0 0 0.0
695 4 0 779 0 0 0.0
695 3 3 779 3 3 0.3
696 4 0 780 0 0 0.0
696 3 3 780 3 3 0.3
697 4 0 780 0 0 0.0
698 4 0 781 0 0 0.0
698 3 1 781 1 1 0.1
699 4 0 783 0 0 0.0
700 4 0 785 0 0 0.0
701 4 0 786 0 0 0.0
702 4 0 786 0 0 0.0
703 4 0 788 0 0 0.0
704 4 0 788 0 0 0.0
704 3 3 788 3 3 0.3
705 4 0 788 0 0 0.0
705 3 3 788 3 3 0.3
706 4 0 788 0 0 0.0
706 3 3 788 3 3 0.3
707 4 0 788 0 0 0.0
708 3 1 789 1 1 0.1
708 4 0 789 0 0 0.0
709 4 0 789 0 0 0.0
710 4 0 789 0 0 0.0
711 4 0 789 0 0 0.0
711 3 9 789 9 9 0.9
712 4 0 790 0 0 0.0
712 3 3 790 3 3 0.3
713 4 0 790 0 0 0.0
714 4 0 790 0 0 0.0
715 4 0 790 0 0 0.0
715 3 1 791 1 1 0.1
716 3 1 791 1 1 0.1
716 4 0 791 0 0 0.0
717 4 0 791 0 0 0.0
718 4 0 791 0 0 0.0
718 3 1 791 1 1 0.1
719 4 0 791 0 0 0.0
720 4 0 791 0 0 0.0
721 4 0 791 0 0 0.0
722 4 0 791 0 0 0.0
723 4 0 792 0 0 0.0
723 3 3 793 3 3 0.3
724 4 0 793 0 0 0.0
725 4 0 793 0 0 0.0
726 4 0 794 0 0 0.0
727 4 0 794 0 0 0.0
728 4 0 794 0 0 0.0
729 3 1 794 1 1 0.1
729 4 0 794 0 0 0.0
730 4 0 794 0 0 0.0
731 4 0 795 0 0 0.0
732 4 0 795 0 0 0.0
732 3 4 795 4 4 0.4
733 4 0 795 0 0 0.0
734 4 0 795 0 0 0.0
735 4 0 795 0 0 0.0
736 4 0 796 0 0 0.0
737 4 0 797 0 0 0.0
737 3 1 797 1 1 0.1
738 4 0 797 0 0 0.0
738 3 1 797 1 1 0.1
739 4 0 797 0 0 0.0
739 3 1 797 1 1 0.1
740 4 0 797 0 0 0.0
740 3 2 797 2 2 0.2
741 4 0 797 0 0 0.0
742 4 0 797 0 0 0.0
742 3 8 798 8 8 0.8
743 4 0 799 0 0 0.0
744 3 1 799 1 1 0.1
744 4 0 799 0 0 0.0
745 4 0 799 0 0 0.0
746 4 0 799 0 0 0.0
746 2 4 799 4 4 0.4
747 4 0 799 0 0 0.0
747 3 1 799 1 1 0.1
748 4 0 799 0 0 0.0
748 3 3 799 3 3 0.3
749 4 0 799 0 0 0.0
749 3 1 799 1 1 0.1
750 4 0 799 0 0 0.0
751 4 0 799 0 0 0.0
752 4 0 799 0 0 0.0
753 4 0 799 0 0 0.0
753 3 1 799 1 1 0.1
754 4 0 799 0 0 0.0
755 4 0 799 0 0 0.0
756 4 0 799 0 0 0.0
756 3 3 799 3 3 0.3
757 4 0 799 0 0 0.0
757 3 1 799 1 1 0.1
758 4 0 799 0 0 0.0
759 4 0 799 0 0 0.0
760 4 0 799 0 0 0.0
761 4 0 799 0 0 0.0
762 4 0 799 0 0 0.0
763 4 0 799 0 0 0.0
764 4 0 799 0 0 0.0
765 3 3 801 3 3 0.3
765 4 0 801 0 0 0.0
766 4 0 801 0 0 0.0
766 3 3 801 3 3 0.3
767 3 3 801 3 3 0.3
767 4 0 801 0 0 0.0
767 2 4 801 4 4 0.4
768 3 3 801 3 3 0.3
768 4 0 801 0 0 0.0
769 4 0 801 0 0 0.0
769 3 3 801 3 3 0.3
770 4 0 803 0 0 0.0
771 4 0 804 0 0 0.0
771 3 1 804 1 1 0.1
772 4 0 804 0 0 0.0
773 4 0 804 0 0 0.0
774 4 0 805 0 0 0.0
775 4 0 805 0 0 0.0
775 3 1 805 1 1 0.1
776 4 0 805 0 0 0.0
777 4 0 805 0 0 0.0
778 4 0 806 0 0 0.0
779 4 0 806 0 0 0.0
779 3 1 806 1 1 0.1
780 4 0 806 0 0 0.0
781 3 3 807 3 3 0.3
781 4 0 807 0 0 0.0
782 4 0 807 0 0 0.0
783 4 0 807 0 0 0.0
784 4 0 807 0 0 0.0
785 4 0 807 0 0 0.0
786 4 0 807 0 0 0.0
787 4 0 807 0 0 0.0
787 3 3 807 3 3 0.3
788 4 0 807 0 0 0.0
788 3 3 807 3 3 0.3
789 4 0 807 0 0 0.0
790 4 0 807 0 0 0.0
791 4 0 808 0 0 0.0
792 4 0 808 0 0 0.0
792 3 1 808 1 1 0.1
793 4 0 808 0 0 0.0
794 4 0 808 0 0 0.0
794 3 3 809 3 3 0.3
795 4 0 809 0 0 0.0
796 4 0 809 0 0 0.0
796 3 4 810 4 4 0.4
797 4 0 810 0 0 0.0
797 3 3 810 3 3 0.3
798 4 0 810 0 0 0.0
798 3 3 810 3 3 0.3
799 4 0 810 0 0 0.0
799 3 3 810 3 3 0.3
800 4 0 810 0 0 0.0
800 3 3 810 3 3 0.3
801 4 0 810 0 0 0.0
802 4 0 811 0 0 0.0
802 3 1 811 1 1 0.1
803 3 3 811 3 3 0.3
803 4 0 811 0 0 0.0
804 4 0 811 0 0 0.0
805 4 0 812 0 0 0.0
805 3 3 812 3 3 0.3
806 4 0 812 0 0 0.0
807 4 0 812 0 0 0.0
808 4 0 812 0 0 0.0
808 3 1 812 1 1 0.1
809 4 0 812 0 0 0.0
809 3 3 812 3 3 0.3
810 4 0 812 0 0 0.0
811 4 0 812 0 0 0.0
812 4 0 812 0 0 0.0
813 4 0 812 0 0 0.0
814 4 0 813 0 0 0.0
814 3 1 813 1 1 0.1
815 4 0 813 0 0 0.0
816 4 0 814 0 0 0.0
816 3 1 814 1 1 0.1
817 4 0 814 0 0 0.0
818 3 3 814 3 3 0.3
818 4 0 814 0 0 0.0
819 4 0 814 0 0 0.0
819 3 1 815 1 1 0.1
820 4 0 815 0 0 0.0
821 4 0 815 0 0 0.0
821 3 3 815 3 3 0.3
822 4 0 815 0 0 0.0
823 4 0 815 0 0 0.0
823 3 3 815 3 3 0.3
824 4 0 815 0 0 0.0
825 4 0 815 0 0 0.0
826 4 0 815 0 0 0.0
826 3 3 815 3 3 0.3
827 4 0 815 0 0 0.0
828 4 0 816 0 0 0.0
828 3 1 817 1 1 0.1
829 4 0 817 0 0 0.0
830 4 0 817 0 0 0.0
830 3 1 818 1 1 0.1
831 4 0 818 0 0 0.0
831 3 3 818 3 3 0.3
832 4 0 818 0 0 0.0
833 4 0 818 0 0 0.0
834 4 0 818 0 0 0.0
835 4 0 818 0 0 0.0
836 4 0 818 0 0 0.0
836 3 3 818 3 3 0.3
837 4 0 818 0 0 0.0
838 4 0 819 0 0 0.0
839 3 1 819 1 1 0.1
839 4 0 819 0 0 0.0
840 4 0 819 0 0 0.0
841 4 0 819 0 0 0.0
841 3 3 819 3 3 0.3
842 4 0 820 0 0 0.0
843 4 0 820 0 0 0.0
843 3 3 820 3 3 0.3
844 4 0 820 0 0 0.0
844 3 1 820 1 1 0.1
845 4 0 820 0 0 0.0
846 4 0 820 0 0 0.0
846 3 3 821 3 3 0.3
847 4 0 821 0 0 0.0
848 3 3 821 3 3 0.3
848 4 0 821 0 0 0.0
849 4 0 822 0 0 0.0
849 3 9 822 9 9 0.9
850 4 0 822 0 0 0.0
850 3 3 823 3 3 0.3
851 4 0 823 0 0 0.0
851 3 1 823 1 1 0.1
852 4 0 823 0 0 0.0
853 4 0 823 0 0 0.0
854 4 0 824 0 0 0.0
854 3 9 825 9 9 0.9
855 4 0 826 0 0 0.0
856 4 0 827 0 0 0.0
856 3 3 827 3 3 0.3
857 4 0 827 0 0 0.0
857 3 1 828 1 1 0.1
858 4 0 828 0 0 0.0
858 3 9 828 9 9 0.9
859 4 0 828 0 0 0.0
860 4 0 828 0 0 0.0
860 3 3 829 3 3 0.3
861 4 0 829 0 0 0.0
861 3 3 829 3 3 0.3
862 4 0 829 0 0 0.0
863 4 0 829 0 0 0.0
864 4 0 829 0 0 0.0
864 3 3 829 3 3 0.3
865 4 0 829 0 0 0.0
866 4 0 829 0 0 0.0
866 3 3 829 3 3 0.3
867 4 0 829 0 0 0.0
868 4 0 830 0 0 0.0
868 3 1 830 1 1 0.1
869 4 0 830 0 0 0.0
870 4 0 830 0 0 0.0
871 4 0 830 0 0 0.0
872 4 0 830 0 0 0.0
873 4 0 830 0 0 0.0
873 3 3 830 3 3 0.3
874 4 0 830 0 0 0.0
875 4 0 831 0 0 0.0
876 4 0 831 0 0 0.0
876 3 1 833 1 1 0.1
877 3 1 833 1 1 0.1
877 4 0 833 0 0 0.0
878 4 0 833 0 0 0.0
879 4 0 833 0 0 0.0
879 3 3 833 3 3 0.3
880 4 0 833 0 0 0.0
880 3 1 833 1 1 0.1
881 4 0 833 0 0 0.0
882 4 0 833 0 0 0.0
883 4 0 833 0 0 0.0
884 4 0 833 0 0 0.0
885 4 0 835 0 0 0.0
885 3 3 835 3 3 0.3
886 4 0 835 0 0 0.0
887 4 0 835 0 0 0.0
888 4 0 835 0 0 0.0
888 3 1 835 1 1 0.1
889 4 0 835 0 0 0.0
889 3 1 835 1 1 0.1
890 4 0 835 0 0 0.0
890 3 1 835 1 1 0.1
891 4 0 835 0 0 0.0
891 3 1 835 1 1 0.1
892 3 3 836 3 3 0.3
892 4 0 836 0 0 0.0
893 4 0 836 0 0 0.0
894 4 0 836 0 0 0.0
894 3 3 836 3 3 0.3
895 4 0 837 0 0 0.0
896 4 0 837 0 0 0.0
896 3 3 838 3 3 0.3
897 4 0 838 0 0 0.0
898 4 0 838 0 0 0.0
899 4 0 838 0 0 0.0
899 3 3 838 3 3 0.3
900 4 0 838 0 0 0.0
901 4 0 838 0 0 0.0
902 4 0 839 0 0 0.0
903 4 0 839 0 0 0.0
903 3 1 840 1 1 0.1
904 4 0 840 0 0 0.0
905 4 0 840 0 0 0.0
905 3 9 841 9 9 0.9
906 4 0 841 0 0 0.0
907 4 0 842 0 0 0.0
907 3 1 842 1 1 0.1
908 4 0 842 0 0 0.0
909 4 0 842 0 0 0.0
909 3 1 843 1 1 0.1
910 4 0 843 0 0 0.0
911 4 0 843 0 0 0.0
911 3 1 843 1 1 0.1
912 4 0 843 0 0 0.0
913 4 0 844 0 0 0.0
914 4 0 844 0 0 0.0
915 4 0 844 0 0 0.0
915 3 3 844 3 3 0.3
916 4 0 844 0 0 0.0
916 3 1 844 1 1 0.1
917 4 0 844 0 0 0.0
918 4 0 844 0 0 0.0
918 3 1 844 1 1 0.1
919 4 0 844 0 0 0.0
920 4 0 844 0 0 0.0
920 3 1 844 1 1 0.1
921 3 1 844 1 1 0.1
921 4 0 845 0 0 0.0
922 4 0 845 0 0 0.0
923 4 0 845 0 0 0.0
923 3 3 845 3 3 0.3
924 4 0 845 0 0 0.0
924 3 3 845 3 3 0.3
924 2 4 845 4 4 0.4
925 4 0 845 0 0 0.0
925 3 1 846 1 1 0.1
926 4 0 846 0 0 0.0
926 3 3 846 3 3 0.3
927 4 0 846 0 0 0.0
927 3 1 846 1 1 0.1
928 4 0 846 0 0 0.0
929 4 0 846 0 0 0.0
929 3 3 846 3 3 0.3
930 4 0 846 0 0 0.0
930 3 1 846 1 1 0.1
931 4 0 846 0 0 0.0
931 3 3 846 3 3 0.3
932 4 0 846 0 0 0.0
933 4 0 846 0 0 0.0
934 4 0 846 0 0 0.0
934 3 3 846 3 3 0.3
935 4 0 846 0 0 0.0
936 4 0 846 0 0 0.0
936 3 3 846 3 3 0.3
937 4 0 846 0 0 0.0
937 3 1 846 1 1 0.1
938 4 0 846 0 0 0.0
939 4 0 846 0 0 0.0
939 3 9 846 9 9 0.9
940 4 0 846 0 0 0.0
941 4 0 846 0 0 0.0
941 3 9 846 9 9 0.9
942 4 0 846 0 0 0.0
942 3 3 846 3 3 0.3
943 4 0 847 0 0 0.0
943 3 3 847 3 3 0.3
944 4 0 847 0 0 0.0
945 3 1 847 1 1 0.1
945 4 0 847 0 0 0.0
946 4 0 849 0 0 0.0
947 4 0 850 0 0 0.0
947 3 3 850 3 3 0.3
948 4 0 850 0 0 0.0
949 4 0 850 0 0 0.0
950 4 0 850 0 0 0.0
950 3 3 850 3 3 0.3
951 3 1 850 1 1 0.1
951 4 0 850 0 0 0.0
952 4 0 850 0 0 0.0
953 3 1 850 1 1 0.1
953 4 0 850 0 0 0.0
954 4 0 850 0 0 0.0
954 3 9 850 9 9 0.9
955 4 0 850 0 0 0.0
955 3 1 850 1 1 0.1
956 4 0 850 0 0 0.0
956 3 3 850 3 3 0.3
957 3 3 850 3 3 0.3
957 4 0 850 0 0 0.0
958 4 0 850 0 0 0.0
958 3 3 850 3 3 0.3
959 3 3 850 3 3 0.3
959 4 0 850 0 0 0.0
960 4 0 850 0 0 0.0
960 3 3 850 3 3 0.3
961 4 0 850 0 0 0.0
962 4 0 850 0 0 0.0
963 4 0 850 0 0 0.0
963 3 3 850 3 3 0.3
964 3 9 850 9 9 0.9
964 4 0 850 0 0 0.0
965 3 3 850 3 3 0.3
965 4 0 850 0 0 0.0
966 4 0 850 0 0 0.0
967 4 0 850 0 0 0.0
968 4 0 851 0 0 0.0
969 4 0 851 0 0 0.0
970 4 0 851 0 0 0.0
970 3 1 851 1 1 0.1
971 4 0 851 0 0 0.0
972 3 1 851 1 1 0.1
972 4 0 851 0 0 0.0
973 4 0 851 0 0 0.0
974 4 0 851 0 0 0.0
975 4 0 851 0 0 0.0
975 3 9 851 9 9 0.9
976 4 0 851 0 0 0.0
977 4 0 852 0 0 0.0
978 4 0 852 0 0 0.0
978 3 3 852 3 3 0.3
979 4 0 852 0 0 0.0
979 3 9 853 9 9 0.9
980 4 0 853 0 0 0.0
981 4 0 853 0 0 0.0
981 3 1 853 1 1 0.1
982 4 0 853 0 0 0.0
982 3 1 853 1 1 0.1
983 4 0 853 0 0 0.0
984 3 1 853 1 1 0.1
984 4 0 853 0 0 0.0
984 2 10 853 10 10 1.0
985 3 9 853 9 9 0.9
985 4 0 853 0 0 0.0
986 4 0 853 0 0 0.0
986 3 3 853 3 3 0.3
987 4 0 853 0 0 0.0
987 3 1 853 1 1 0.1
988 4 0 853 0 0 0.0
989 4 0 853 0 0 0.0
989 3 1 853 1 1 0.1
990 4 0 853 0 0 0.0
991 4 0 853 0 0 0.0
992 4 0 853 0 0 0.0
993 4 0 853 0 0 0.0
993 3 1 853 1 1 0.1
994 4 0 853 0 0 0.0
995 4 0 853 0 0 0.0
995 3 1 853 1 1 0.1
996 4 0 853 0 0 0.0
997 4 0 854 0 0 0.0
997 3 3 854 3 3 0.3
998 3 3 854 3 3 0.3
998 4 0 854 0 0 0.0
999 3 1 854 1 1 0.1
999 4 0 854 0 0 0.0
1000 4 0 854 0 0 0.0
