gen HV HVnoDiscount fitness_notKilledMutants notKilledNonEqMutants fitness_testSuiteSize
1 17.55859375 15.0 6.64453125 4.0 5.0
2 17.55859375 15.0 6.64453125 4.0 5.0
3 17.55859375 15.0 6.64453125 4.0 5.0
4 17.55859375 15.0 6.64453125 4.0 5.0
5 17.55859375 15.0 6.5966796875 4.0 5.0
6 17.55859375 15.0 6.5966796875 4.0 5.0
7 17.55859375 15.0 6.5966796875 4.0 5.0
8 17.55859375 15.0 6.5966796875 4.0 5.0
9 17.55859375 15.0 6.5966796875 4.0 5.0
10 17.55859375 15.0 6.5966796875 4.0 5.0
11 17.55859375 15.0 6.5966796875 4.0 5.0
12 17.55859375 15.0 6.5966796875 4.0 5.0
13 17.55859375 15.0 6.541015625 4.0 5.0
14 17.55859375 15.0 6.541015625 4.0 5.0
15 17.55859375 15.0 6.5263671875 4.0 5.0
16 17.55859375 15.0 6.5263671875 4.0 5.0
17 17.587890625 15.0 6.482421875 4.0 5.0
18 17.587890625 15.0 6.482421875 4.0 5.0
19 17.783203125 15.0 6.443359375 4.0 5.0
20 17.783203125 15.0 6.443359375 4.0 5.0
21 17.9296875 15.0 6.4140625 4.0 5.0
22 17.9296875 15.0 6.4140625 4.0 5.0
23 17.9541015625 15.0 6.4091796875 4.0 5.0
24 17.9541015625 15.0 6.4091796875 4.0 5.0
25 18.076171875 15.0 6.384765625 4.0 5.0
26 18.076171875 15.0 6.384765625 4.0 5.0
27 18.8037109375 15.0 6.365234375 4.0 5.0
28 18.8037109375 15.0 6.365234375 4.0 5.0
29 18.8037109375 15.0 6.3359375 4.0 5.0
30 18.8037109375 15.0 6.3359375 4.0 5.0
31 18.8037109375 15.0 6.2919921875 4.0 5.0
32 18.8037109375 15.0 6.2919921875 4.0 5.0
33 18.8037109375 15.0 6.2919921875 4.0 5.0
34 18.8037109375 15.0 6.2919921875 4.0 5.0
35 18.8037109375 15.0 6.2919921875 4.0 5.0
36 20.90625 16.0 6.2919921875 4.0 5.0
37 20.90625 16.0 6.2919921875 4.0 5.0
38 20.90625 16.0 6.2919921875 4.0 5.0
39 20.90625 16.0 6.2919921875 4.0 5.0
40 20.90625 16.0 6.2919921875 4.0 5.0
41 22.0078125 18.0 6.2919921875 4.0 5.0
42 22.0078125 18.0 6.2919921875 4.0 5.0
43 22.0078125 18.0 6.2919921875 4.0 5.0
44 22.0078125 18.0 6.27734375 4.0 5.0
45 22.0078125 18.0 6.27734375 4.0 5.0
46 22.0078125 18.0 6.265625 4.0 5.0
47 22.0078125 18.0 6.265625 4.0 5.0
48 22.546875 18.0 6.2421875 4.0 4.0
49 22.546875 18.0 6.2421875 4.0 4.0
50 22.734375 18.0 6.2109375 4.0 4.0
51 22.734375 18.0 6.2109375 4.0 4.0
52 23.6015625 18.0 6.19921875 4.0 4.0
53 25.2734375 18.0 6.19921875 4.0 4.0
54 25.2734375 18.0 6.1796875 4.0 4.0
55 25.484375 18.0 6.1796875 4.0 4.0
56 25.484375 18.0 6.15234375 4.0 4.0
57 25.69921875 18.0 6.15234375 4.0 4.0
58 25.69921875 18.0 6.14453125 4.0 4.0
59 25.69921875 18.0 6.14453125 4.0 4.0
60 25.69921875 18.0 6.14453125 4.0 4.0
61 25.734375 18.0 6.14453125 4.0 4.0
62 25.734375 18.0 6.12890625 4.0 4.0
63 25.91015625 18.0 6.12890625 4.0 4.0
64 27.2578125 21.0 6.10546875 4.0 4.0
65 27.2578125 21.0 6.10546875 4.0 4.0
66 27.2578125 21.0 6.09765625 4.0 5.0
67 27.2578125 21.0 6.09765625 4.0 5.0
68 27.2578125 21.0 6.08984375 4.0 5.0
69 27.2578125 21.0 6.08984375 4.0 5.0
70 27.2578125 21.0 6.0703125 4.0 5.0
71 28.5 21.0 6.0625 4.0 3.0
72 28.5 21.0 6.0625 4.0 3.0
73 28.6171875 21.0 6.046875 4.0 3.0
74 28.6171875 21.0 6.046875 4.0 3.0
75 28.73828125 21.0 6.03125 4.0 3.0
76 28.73828125 21.0 6.03125 4.0 3.0
77 28.73828125 21.0 6.0234375 4.0 3.0
78 28.73828125 21.0 6.0234375 4.0 3.0
79 28.9296875 21.0 6.0078125 4.0 3.0
80 28.9296875 21.0 6.0078125 4.0 3.0
81 38.5390625 33.0 4.244140625 2.0 4.0
82 38.5390625 33.0 4.244140625 2.0 4.0
83 40.802734375 34.0 4.244140625 2.0 4.0
84 40.802734375 34.0 4.244140625 2.0 4.0
85 40.802734375 34.0 4.244140625 2.0 4.0
86 40.802734375 34.0 4.244140625 2.0 4.0
87 40.802734375 34.0 4.244140625 2.0 4.0
88 40.802734375 34.0 4.244140625 2.0 4.0
89 40.802734375 34.0 4.244140625 2.0 4.0
90 40.802734375 34.0 4.244140625 2.0 4.0
91 40.802734375 34.0 4.244140625 2.0 4.0
92 40.802734375 34.0 4.244140625 2.0 4.0
93 40.802734375 34.0 4.244140625 2.0 4.0
94 40.802734375 34.0 4.244140625 2.0 4.0
95 41.1162109375 34.0 4.244140625 2.0 4.0
96 41.1162109375 34.0 4.244140625 2.0 4.0
97 41.1162109375 34.0 4.244140625 2.0 4.0
98 41.224609375 34.0 4.244140625 2.0 4.0
99 41.224609375 34.0 4.244140625 2.0 4.0
100 41.224609375 34.0 4.244140625 2.0 4.0
101 41.224609375 34.0 4.244140625 2.0 4.0
102 41.224609375 34.0 4.244140625 2.0 4.0
103 41.224609375 34.0 4.244140625 2.0 4.0
104 41.224609375 34.0 4.244140625 2.0 4.0
105 41.224609375 34.0 4.244140625 2.0 4.0
106 41.224609375 34.0 4.244140625 2.0 4.0
107 41.224609375 34.0 4.244140625 2.0 4.0
108 41.224609375 34.0 4.244140625 2.0 4.0
109 41.224609375 34.0 4.244140625 2.0 4.0
110 41.224609375 34.0 4.244140625 2.0 4.0
111 41.224609375 34.0 4.244140625 2.0 4.0
112 41.224609375 34.0 4.244140625 2.0 4.0
113 41.224609375 34.0 4.244140625 2.0 4.0
114 41.224609375 34.0 4.244140625 2.0 4.0
115 41.224609375 34.0 4.244140625 2.0 4.0
116 41.224609375 34.0 4.244140625 2.0 4.0
117 41.224609375 34.0 4.244140625 2.0 4.0
118 41.6728515625 34.0 4.244140625 2.0 4.0
119 41.6728515625 34.0 4.244140625 2.0 4.0
120 41.6728515625 34.0 4.244140625 2.0 4.0
121 41.6728515625 34.0 4.244140625 2.0 4.0
122 41.6728515625 34.0 4.244140625 2.0 4.0
123 41.6728515625 34.0 4.244140625 2.0 4.0
124 41.6728515625 34.0 4.244140625 2.0 4.0
125 41.6728515625 34.0 4.244140625 2.0 4.0
126 41.6728515625 34.0 4.244140625 2.0 4.0
127 41.6728515625 34.0 4.244140625 2.0 4.0
128 41.6728515625 34.0 4.244140625 2.0 4.0
129 41.6728515625 34.0 4.244140625 2.0 4.0
130 41.6728515625 34.0 4.244140625 2.0 4.0
131 41.6728515625 34.0 4.244140625 2.0 4.0
132 41.6728515625 34.0 4.244140625 2.0 4.0
133 41.6728515625 34.0 4.244140625 2.0 4.0
134 41.6728515625 34.0 4.244140625 2.0 4.0
135 41.6728515625 34.0 4.244140625 2.0 4.0
136 41.6728515625 34.0 4.244140625 2.0 4.0
137 41.6728515625 34.0 4.244140625 2.0 4.0
138 41.6728515625 34.0 4.244140625 2.0 4.0
139 41.6728515625 34.0 4.244140625 2.0 4.0
140 41.6728515625 34.0 4.244140625 2.0 4.0
141 41.6728515625 34.0 4.244140625 2.0 4.0
142 41.6728515625 34.0 4.244140625 2.0 4.0
143 41.6728515625 34.0 4.244140625 2.0 4.0
144 41.6728515625 34.0 4.244140625 2.0 4.0
145 41.6728515625 34.0 4.244140625 2.0 4.0
146 41.6728515625 34.0 4.244140625 2.0 4.0
147 41.6728515625 34.0 4.244140625 2.0 4.0
148 41.6728515625 34.0 4.244140625 2.0 4.0
149 41.6728515625 34.0 4.244140625 2.0 4.0
150 41.6728515625 34.0 4.244140625 2.0 4.0
151 41.6728515625 34.0 4.244140625 2.0 4.0
152 41.6728515625 34.0 4.244140625 2.0 4.0
153 41.6728515625 34.0 4.244140625 2.0 4.0
154 41.6728515625 34.0 4.244140625 2.0 4.0
155 41.6728515625 34.0 4.244140625 2.0 4.0
156 41.6728515625 34.0 4.244140625 2.0 4.0
157 41.6728515625 34.0 4.244140625 2.0 4.0
158 41.6728515625 34.0 4.244140625 2.0 4.0
159 41.6728515625 34.0 4.244140625 2.0 4.0
160 41.6728515625 34.0 4.244140625 2.0 4.0
161 41.6728515625 34.0 4.244140625 2.0 4.0
162 41.6728515625 34.0 4.244140625 2.0 4.0
163 41.6728515625 34.0 4.244140625 2.0 4.0
164 41.6728515625 34.0 4.244140625 2.0 4.0
165 41.6728515625 34.0 4.244140625 2.0 4.0
166 41.6728515625 34.0 4.244140625 2.0 4.0
167 41.6728515625 34.0 4.244140625 2.0 4.0
168 41.6728515625 34.0 4.244140625 2.0 4.0
169 41.6728515625 34.0 4.244140625 2.0 4.0
170 41.6728515625 34.0 4.244140625 2.0 4.0
171 41.6728515625 34.0 4.244140625 2.0 4.0
172 41.6728515625 34.0 4.244140625 2.0 4.0
173 41.6728515625 34.0 4.244140625 2.0 4.0
174 41.6728515625 34.0 4.244140625 2.0 4.0
175 41.6728515625 34.0 4.244140625 2.0 4.0
176 42.912109375 34.0 4.244140625 2.0 4.0
177 42.912109375 34.0 4.244140625 2.0 4.0
178 42.912109375 34.0 4.244140625 2.0 4.0
179 42.912109375 34.0 4.244140625 2.0 4.0
180 42.912109375 34.0 3.9951171875 2.0 4.0
181 42.912109375 34.0 3.9951171875 2.0 4.0
182 42.912109375 34.0 3.9951171875 2.0 4.0
183 42.912109375 35.0 3.98046875 2.0 4.0
184 43.17578125 35.0 3.98046875 2.0 4.0
185 43.17578125 35.0 3.96875 2.0 4.0
186 43.17578125 35.0 3.96875 2.0 4.0
187 43.17578125 35.0 3.96875 2.0 4.0
188 43.17578125 35.0 3.9658203125 2.0 3.0
189 43.17578125 35.0 3.9658203125 2.0 3.0
190 43.3203125 35.0 3.9599609375 2.0 3.0
191 43.3203125 35.0 3.9599609375 2.0 3.0
192 43.3203125 35.0 3.951171875 2.0 3.0
193 43.3203125 35.0 3.951171875 2.0 3.0
194 43.3203125 35.0 3.951171875 2.0 3.0
195 43.3203125 35.0 3.9482421875 2.0 3.0
196 43.3203125 35.0 3.9482421875 2.0 3.0
197 43.3203125 35.0 3.939453125 2.0 3.0
198 43.3203125 35.0 3.939453125 2.0 3.0
199 43.544921875 35.0 3.939453125 2.0 3.0
200 43.544921875 35.0 3.939453125 2.0 3.0
201 43.544921875 35.0 3.9248046875 2.0 3.0
202 43.544921875 35.0 3.9248046875 2.0 3.0
203 43.7265625 35.0 3.9248046875 2.0 3.0
204 43.7333984375 35.0 3.9072265625 2.0 3.0
205 67.861328125 58.0 1.904296875 0.0 2.0
206 67.861328125 58.0 1.904296875 0.0 2.0
207 67.861328125 58.0 1.904296875 0.0 2.0
208 67.861328125 58.0 1.8984375 0.0 2.0
209 67.861328125 58.0 1.8984375 0.0 2.0
210 67.861328125 58.0 1.8837890625 0.0 2.0
211 67.861328125 58.0 1.8837890625 0.0 2.0
212 67.861328125 58.0 1.875 0.0 2.0
213 67.861328125 58.0 1.875 0.0 2.0
214 67.861328125 58.0 1.875 0.0 2.0
215 67.861328125 58.0 1.8720703125 0.0 2.0
216 67.861328125 58.0 1.8720703125 0.0 2.0
217 67.861328125 58.0 1.869140625 0.0 2.0
218 67.861328125 58.0 1.869140625 0.0 2.0
219 67.861328125 58.0 1.857421875 0.0 2.0
220 67.861328125 58.0 1.857421875 0.0 2.0
221 67.861328125 58.0 1.8515625 0.0 2.0
222 67.861328125 58.0 1.8515625 0.0 2.0
223 67.861328125 58.0 1.8486328125 0.0 2.0
224 67.861328125 58.0 1.8486328125 0.0 2.0
225 67.861328125 58.0 1.8486328125 0.0 2.0
226 67.861328125 58.0 1.845703125 0.0 2.0
227 67.861328125 58.0 1.845703125 0.0 2.0
228 67.861328125 58.0 1.845703125 0.0 2.0
229 67.861328125 58.0 1.845703125 0.0 2.0
230 67.861328125 58.0 1.845703125 0.0 2.0
231 67.861328125 58.0 1.845703125 0.0 2.0
232 67.861328125 58.0 1.845703125 0.0 2.0
233 67.861328125 58.0 1.845703125 0.0 2.0
234 67.861328125 58.0 1.845703125 0.0 2.0
235 67.861328125 58.0 1.8427734375 0.0 2.0
236 67.861328125 58.0 1.8427734375 0.0 2.0
237 67.861328125 58.0 1.8369140625 0.0 2.0
238 67.861328125 58.0 1.8369140625 0.0 2.0
239 67.861328125 58.0 1.833984375 0.0 2.0
240 67.861328125 58.0 1.833984375 0.0 2.0
241 67.861328125 58.0 1.8310546875 0.0 2.0
242 67.861328125 58.0 1.8310546875 0.0 2.0
243 67.861328125 58.0 1.8251953125 0.0 2.0
244 67.861328125 58.0 1.8251953125 0.0 2.0
245 67.861328125 58.0 1.8251953125 0.0 2.0
246 67.861328125 58.0 1.8193359375 0.0 2.0
247 67.861328125 58.0 1.8193359375 0.0 2.0
248 67.861328125 58.0 1.8193359375 0.0 2.0
249 67.861328125 58.0 1.8193359375 0.0 2.0
250 67.861328125 58.0 1.8193359375 0.0 2.0
251 67.861328125 58.0 1.8193359375 0.0 2.0
252 73.6259765625 63.0 1.8193359375 0.0 1.0
253 73.6259765625 63.0 1.8193359375 0.0 1.0
254 74.806640625 63.0 1.8193359375 0.0 1.0
255 74.806640625 63.0 1.8193359375 0.0 1.0
256 74.806640625 63.0 1.81640625 0.0 1.0
257 74.806640625 63.0 1.81640625 0.0 1.0
258 74.89453125 63.0 1.810546875 0.0 1.0
259 74.89453125 63.0 1.810546875 0.0 1.0
260 74.89453125 63.0 1.8046875 0.0 1.0
261 74.89453125 63.0 1.8046875 0.0 1.0
262 74.89453125 63.0 1.8017578125 0.0 1.0
263 74.89453125 63.0 1.8017578125 0.0 1.0
264 74.89453125 63.0 1.8017578125 0.0 1.0
265 74.89453125 63.0 1.798828125 0.0 1.0
266 74.89453125 63.0 1.798828125 0.0 1.0
267 74.89453125 63.0 1.798828125 0.0 1.0
268 74.89453125 63.0 1.798828125 0.0 1.0
269 74.89453125 63.0 1.798828125 0.0 1.0
270 74.89453125 63.0 1.798828125 0.0 1.0
271 74.89453125 63.0 1.79296875 0.0 1.0
272 74.89453125 63.0 1.79296875 0.0 1.0
273 74.89453125 63.0 1.79296875 0.0 1.0
274 74.89453125 63.0 1.79296875 0.0 1.0
275 74.89453125 63.0 1.79296875 0.0 1.0
276 74.89453125 63.0 1.79296875 0.0 1.0
277 74.89453125 63.0 1.79296875 0.0 1.0
278 74.89453125 63.0 1.79296875 0.0 1.0
279 74.89453125 63.0 1.79296875 0.0 1.0
280 74.89453125 63.0 1.79296875 0.0 1.0
281 74.89453125 63.0 1.79296875 0.0 1.0
282 75.12890625 63.0 1.787109375 0.0 1.0
283 75.12890625 63.0 1.787109375 0.0 1.0
284 75.158203125 63.0 1.7841796875 0.0 1.0
285 75.158203125 63.0 1.7841796875 0.0 1.0
286 75.158203125 63.0 1.78125 0.0 1.0
287 75.158203125 63.0 1.78125 0.0 1.0
288 75.158203125 63.0 1.78125 0.0 1.0
289 75.158203125 63.0 1.78125 0.0 1.0
290 75.158203125 63.0 1.78125 0.0 1.0
291 75.158203125 63.0 1.78125 0.0 1.0
292 75.158203125 63.0 1.78125 0.0 1.0
293 75.158203125 63.0 1.78125 0.0 1.0
294 75.158203125 63.0 1.78125 0.0 1.0
295 75.158203125 63.0 1.78125 0.0 1.0
296 75.158203125 63.0 1.775390625 0.0 1.0
297 75.158203125 63.0 1.775390625 0.0 1.0
298 75.158203125 63.0 1.775390625 0.0 1.0
299 75.24609375 63.0 1.775390625 0.0 1.0
300 75.24609375 63.0 1.775390625 0.0 1.0
301 75.24609375 63.0 1.775390625 0.0 1.0
302 75.3017578125 63.0 1.76953125 0.0 1.0
303 75.3017578125 63.0 1.76953125 0.0 1.0
304 75.3017578125 63.0 1.76953125 0.0 1.0
305 75.333984375 63.0 1.7666015625 0.0 1.0
306 75.333984375 63.0 1.7666015625 0.0 1.0
307 75.333984375 63.0 1.7666015625 0.0 1.0
308 75.333984375 63.0 1.7666015625 0.0 1.0
309 75.333984375 63.0 1.7607421875 0.0 1.0
310 75.333984375 63.0 1.7607421875 0.0 1.0
311 75.392578125 63.0 1.7607421875 0.0 1.0
312 75.421875 63.0 1.7578125 0.0 1.0
313 75.421875 63.0 1.7578125 0.0 1.0
314 75.421875 63.0 1.7578125 0.0 1.0
315 75.421875 63.0 1.7578125 0.0 1.0
316 75.421875 63.0 1.7578125 0.0 1.0
317 75.421875 63.0 1.751953125 0.0 1.0
318 75.421875 63.0 1.751953125 0.0 1.0
319 75.421875 63.0 1.751953125 0.0 1.0
320 75.48046875 63.0 1.751953125 0.0 1.0
321 75.48046875 63.0 1.751953125 0.0 1.0
322 75.48046875 63.0 1.7490234375 0.0 1.0
323 75.48046875 63.0 1.7490234375 0.0 1.0
324 75.509765625 63.0 1.7490234375 0.0 1.0
325 75.509765625 63.0 1.7490234375 0.0 1.0
326 75.509765625 63.0 1.74609375 0.0 1.0
327 75.509765625 63.0 1.74609375 0.0 1.0
328 75.5390625 63.0 1.74609375 0.0 1.0
329 75.5390625 63.0 1.74609375 0.0 1.0
330 75.591796875 63.0 1.740234375 0.0 1.0
331 75.591796875 63.0 1.740234375 0.0 1.0
332 75.59765625 63.0 1.740234375 0.0 1.0
333 75.59765625 63.0 1.740234375 0.0 1.0
334 75.59765625 63.0 1.740234375 0.0 1.0
335 75.59765625 63.0 1.740234375 0.0 1.0
336 75.59765625 63.0 1.740234375 0.0 1.0
337 75.626953125 63.0 1.7373046875 0.0 1.0
338 75.626953125 63.0 1.7373046875 0.0 1.0
339 75.65625 63.0 1.734375 0.0 1.0
340 75.65625 63.0 1.734375 0.0 1.0
341 75.65625 63.0 1.734375 0.0 1.0
342 75.65625 63.0 1.7314453125 0.0 1.0
343 75.65625 63.0 1.7314453125 0.0 1.0
344 75.685546875 63.0 1.7314453125 0.0 1.0
345 75.685546875 63.0 1.7314453125 0.0 1.0
346 75.685546875 63.0 1.7314453125 0.0 1.0
347 75.685546875 63.0 1.7314453125 0.0 1.0
348 75.685546875 63.0 1.7314453125 0.0 1.0
349 75.71484375 63.0 1.728515625 0.0 1.0
350 75.71484375 63.0 1.728515625 0.0 1.0
351 75.71484375 63.0 1.728515625 0.0 1.0
352 75.71484375 63.0 1.728515625 0.0 1.0
353 75.71484375 63.0 1.7255859375 0.0 1.0
354 75.71484375 63.0 1.7255859375 0.0 1.0
355 75.744140625 63.0 1.7255859375 0.0 1.0
356 75.744140625 63.0 1.7255859375 0.0 1.0
357 75.796875 63.0 1.7197265625 0.0 1.0
358 75.796875 63.0 1.7197265625 0.0 1.0
359 75.796875 63.0 1.7197265625 0.0 1.0
360 75.802734375 63.0 1.7197265625 0.0 1.0
361 75.802734375 63.0 1.716796875 0.0 2.0
362 75.802734375 63.0 1.716796875 0.0 2.0
363 75.802734375 63.0 1.716796875 0.0 2.0
364 75.802734375 63.0 1.716796875 0.0 2.0
365 75.802734375 63.0 1.716796875 0.0 1.0
366 75.802734375 63.0 1.716796875 0.0 1.0
367 75.802734375 63.0 1.716796875 0.0 1.0
368 75.802734375 63.0 1.716796875 0.0 1.0
369 75.861328125 63.0 1.7138671875 0.0 1.0
370 75.861328125 63.0 1.7138671875 0.0 1.0
371 75.919921875 63.0 1.7080078125 0.0 1.0
372 75.919921875 63.0 1.705078125 0.0 1.0
373 75.919921875 63.0 1.705078125 0.0 1.0
374 75.919921875 63.0 1.705078125 0.0 1.0
375 75.94921875 63.0 1.705078125 0.0 1.0
376 75.94921875 63.0 1.705078125 0.0 1.0
377 75.94921875 63.0 1.705078125 0.0 1.0
378 75.94921875 63.0 1.705078125 0.0 1.0
379 75.9755859375 63.0 1.7021484375 0.0 1.0
380 75.9755859375 63.0 1.7021484375 0.0 1.0
381 75.9755859375 63.0 1.7021484375 0.0 1.0
382 75.978515625 63.0 1.7021484375 0.0 1.0
383 75.978515625 63.0 1.7021484375 0.0 1.0
384 75.978515625 63.0 1.7021484375 0.0 1.0
385 75.978515625 63.0 1.7021484375 0.0 1.0
386 75.978515625 63.0 1.7021484375 0.0 1.0
387 75.978515625 63.0 1.7021484375 0.0 1.0
388 75.978515625 63.0 1.7021484375 0.0 1.0
389 75.978515625 63.0 1.7021484375 0.0 1.0
390 75.978515625 63.0 1.7021484375 0.0 1.0
391 75.978515625 63.0 1.7021484375 0.0 1.0
392 75.978515625 63.0 1.7021484375 0.0 1.0
393 75.978515625 63.0 1.7021484375 0.0 1.0
394 75.978515625 63.0 1.7021484375 0.0 1.0
395 75.978515625 63.0 1.7021484375 0.0 1.0
396 75.978515625 63.0 1.7021484375 0.0 1.0
397 75.978515625 63.0 1.7021484375 0.0 1.0
398 75.978515625 63.0 1.7021484375 0.0 1.0
399 76.0048828125 63.0 1.69921875 0.0 1.0
400 76.0048828125 63.0 1.69921875 0.0 1.0
401 76.0078125 63.0 1.69921875 0.0 1.0
402 76.0078125 63.0 1.69921875 0.0 1.0
403 76.0078125 63.0 1.69921875 0.0 1.0
404 76.0078125 63.0 1.69921875 0.0 1.0
405 76.0078125 63.0 1.69921875 0.0 1.0
406 76.0078125 63.0 1.69921875 0.0 1.0
407 76.0078125 63.0 1.69921875 0.0 1.0
408 76.0078125 63.0 1.69921875 0.0 1.0
409 76.0078125 63.0 1.69921875 0.0 1.0
410 76.0078125 63.0 1.69921875 0.0 1.0
411 76.0078125 63.0 1.69921875 0.0 1.0
412 76.0078125 63.0 1.69921875 0.0 1.0
413 76.0078125 63.0 1.69921875 0.0 1.0
414 76.0078125 63.0 1.69921875 0.0 1.0
415 76.0078125 63.0 1.6962890625 0.0 1.0
416 76.0078125 63.0 1.6962890625 0.0 1.0
417 76.0078125 63.0 1.6962890625 0.0 1.0
418 76.0078125 63.0 1.6962890625 0.0 1.0
419 76.037109375 63.0 1.6962890625 0.0 1.0
420 76.037109375 63.0 1.6962890625 0.0 1.0
421 76.037109375 63.0 1.6962890625 0.0 1.0
422 76.037109375 63.0 1.6962890625 0.0 1.0
423 76.037109375 63.0 1.6962890625 0.0 1.0
424 76.037109375 63.0 1.6962890625 0.0 1.0
425 76.037109375 63.0 1.6962890625 0.0 1.0
426 76.08984375 63.0 1.6904296875 0.0 1.0
427 76.08984375 63.0 1.6904296875 0.0 1.0
428 76.08984375 63.0 1.6875 0.0 1.0
429 76.08984375 63.0 1.6875 0.0 1.0
430 76.125 63.0 1.6875 0.0 1.0
431 76.125 63.0 1.6875 0.0 1.0
432 76.125 63.0 1.6875 0.0 1.0
433 76.125 63.0 1.6845703125 0.0 1.0
434 76.125 63.0 1.6845703125 0.0 1.0
435 76.154296875 63.0 1.6845703125 0.0 1.0
436 76.154296875 63.0 1.6845703125 0.0 1.0
437 76.154296875 63.0 1.6845703125 0.0 1.0
438 76.154296875 63.0 1.6845703125 0.0 1.0
439 76.154296875 63.0 1.6845703125 0.0 1.0
440 76.154296875 63.0 1.681640625 0.0 1.0
441 76.154296875 63.0 1.681640625 0.0 1.0
442 76.154296875 63.0 1.6787109375 0.0 1.0
443 76.154296875 63.0 1.6787109375 0.0 1.0
444 76.2421875 63.0 1.67578125 0.0 1.0
445 76.2421875 63.0 1.67578125 0.0 1.0
446 76.2421875 63.0 1.67578125 0.0 1.0
447 76.2421875 63.0 1.67578125 0.0 1.0
448 76.2421875 63.0 1.67578125 0.0 1.0
449 76.2421875 63.0 1.67578125 0.0 1.0
450 76.2421875 63.0 1.67578125 0.0 1.0
451 76.2421875 63.0 1.67578125 0.0 1.0
452 76.2421875 63.0 1.67578125 0.0 1.0
453 76.2421875 63.0 1.669921875 0.0 1.0
454 76.2421875 63.0 1.669921875 0.0 1.0
455 76.2421875 63.0 1.669921875 0.0 1.0
456 76.2421875 63.0 1.669921875 0.0 1.0
457 76.2421875 63.0 1.669921875 0.0 1.0
458 76.2421875 63.0 1.669921875 0.0 1.0
459 76.2421875 63.0 1.669921875 0.0 1.0
460 76.2421875 63.0 1.669921875 0.0 1.0
461 76.2421875 63.0 1.669921875 0.0 1.0
462 76.2421875 63.0 1.669921875 0.0 1.0
463 76.2421875 63.0 1.669921875 0.0 1.0
464 76.2421875 63.0 1.669921875 0.0 1.0
465 76.2421875 63.0 1.669921875 0.0 1.0
466 76.2421875 63.0 1.669921875 0.0 1.0
467 76.2421875 63.0 1.6669921875 0.0 1.0
468 76.2421875 63.0 1.6669921875 0.0 1.0
469 76.2421875 63.0 1.6669921875 0.0 1.0
470 76.2421875 63.0 1.6669921875 0.0 1.0
471 76.2421875 63.0 1.6669921875 0.0 1.0
472 76.2421875 63.0 1.6669921875 0.0 1.0
473 76.2421875 63.0 1.6611328125 0.0 1.0
474 76.2421875 63.0 1.6611328125 0.0 1.0
475 76.2421875 63.0 1.6611328125 0.0 1.0
476 76.2421875 63.0 1.6611328125 0.0 1.0
477 76.2421875 63.0 1.6611328125 0.0 1.0
478 76.2421875 63.0 1.6611328125 0.0 1.0
479 76.2421875 63.0 1.6611328125 0.0 1.0
480 76.2421875 63.0 1.6611328125 0.0 1.0
481 76.2421875 63.0 1.6611328125 0.0 1.0
482 76.2421875 63.0 1.6611328125 0.0 1.0
483 76.2421875 63.0 1.6611328125 0.0 1.0
484 76.2421875 63.0 1.6611328125 0.0 1.0
485 76.2421875 63.0 1.6611328125 0.0 1.0
486 76.2421875 63.0 1.658203125 0.0 1.0
487 76.2421875 63.0 1.658203125 0.0 1.0
488 76.2421875 63.0 1.658203125 0.0 1.0
489 76.2421875 63.0 1.658203125 0.0 1.0
490 76.2421875 63.0 1.658203125 0.0 1.0
491 76.2421875 63.0 1.6552734375 0.0 1.0
492 76.2421875 63.0 1.6552734375 0.0 1.0
493 76.2421875 63.0 1.6552734375 0.0 1.0
494 76.2421875 63.0 1.6552734375 0.0 1.0
495 76.2421875 63.0 1.65234375 0.0 1.0
496 76.2421875 63.0 1.65234375 0.0 1.0
497 76.2421875 63.0 1.65234375 0.0 1.0
498 76.2421875 63.0 1.65234375 0.0 1.0
499 76.2421875 63.0 1.65234375 0.0 1.0
500 76.2421875 63.0 1.65234375 0.0 1.0
501 76.2421875 63.0 1.65234375 0.0 1.0
502 76.2421875 63.0 1.65234375 0.0 1.0
503 76.2421875 63.0 1.646484375 0.0 1.0
504 76.2421875 63.0 1.646484375 0.0 1.0
505 76.2421875 63.0 1.646484375 0.0 1.0
506 76.53515625 63.0 1.646484375 0.0 1.0
507 76.53515625 63.0 1.646484375 0.0 1.0
508 76.53515625 63.0 1.646484375 0.0 1.0
509 76.53515625 63.0 1.646484375 0.0 1.0
510 76.53515625 63.0 1.646484375 0.0 1.0
511 76.53515625 63.0 1.646484375 0.0 1.0
512 76.53515625 63.0 1.646484375 0.0 1.0
513 76.53515625 63.0 1.646484375 0.0 1.0
514 76.53515625 63.0 1.646484375 0.0 1.0
515 76.53515625 63.0 1.646484375 0.0 1.0
516 76.5380859375 63.0 1.646484375 0.0 1.0
517 76.5380859375 63.0 1.6435546875 0.0 1.0
518 76.5380859375 63.0 1.6435546875 0.0 1.0
519 76.5380859375 63.0 1.6435546875 0.0 1.0
520 76.5380859375 63.0 1.640625 0.0 1.0
521 76.5380859375 63.0 1.640625 0.0 1.0
522 76.5380859375 63.0 1.640625 0.0 1.0
523 76.623046875 63.0 1.6376953125 0.0 1.0
524 76.623046875 63.0 1.6376953125 0.0 1.0
525 76.623046875 63.0 1.6376953125 0.0 1.0
526 76.623046875 63.0 1.6376953125 0.0 1.0
527 76.623046875 63.0 1.6376953125 0.0 1.0
528 76.623046875 63.0 1.6376953125 0.0 1.0
529 76.623046875 63.0 1.6376953125 0.0 1.0
530 76.623046875 63.0 1.6376953125 0.0 1.0
531 76.623046875 63.0 1.6376953125 0.0 1.0
532 76.623046875 63.0 1.6376953125 0.0 1.0
533 76.623046875 63.0 1.6376953125 0.0 1.0
534 76.623046875 63.0 1.6376953125 0.0 1.0
535 76.623046875 63.0 1.634765625 0.0 1.0
536 76.623046875 63.0 1.634765625 0.0 1.0
537 76.623046875 63.0 1.634765625 0.0 1.0
538 76.623046875 63.0 1.634765625 0.0 1.0
539 76.623046875 63.0 1.634765625 0.0 1.0
540 76.623046875 63.0 1.634765625 0.0 1.0
541 76.623046875 63.0 1.634765625 0.0 1.0
542 76.623046875 63.0 1.634765625 0.0 1.0
543 76.623046875 63.0 1.634765625 0.0 1.0
544 76.623046875 63.0 1.634765625 0.0 1.0
545 76.623046875 63.0 1.6318359375 0.0 1.0
546 76.623046875 63.0 1.6318359375 0.0 1.0
547 76.623046875 63.0 1.6318359375 0.0 1.0
548 76.623046875 63.0 1.6318359375 0.0 1.0
549 76.623046875 63.0 1.6318359375 0.0 1.0
550 76.623046875 63.0 1.6318359375 0.0 1.0
551 76.623046875 63.0 1.6318359375 0.0 1.0
552 76.623046875 63.0 1.6318359375 0.0 1.0
553 76.623046875 63.0 1.6318359375 0.0 1.0
554 76.623046875 63.0 1.6318359375 0.0 1.0
555 76.623046875 63.0 1.6318359375 0.0 1.0
556 76.623046875 63.0 1.6318359375 0.0 1.0
557 76.623046875 63.0 1.6318359375 0.0 1.0
558 76.623046875 63.0 1.6318359375 0.0 1.0
559 76.623046875 63.0 1.6318359375 0.0 1.0
560 76.623046875 63.0 1.6318359375 0.0 1.0
561 76.623046875 63.0 1.6318359375 0.0 1.0
562 76.623046875 63.0 1.6318359375 0.0 1.0
563 76.623046875 63.0 1.6318359375 0.0 1.0
564 76.623046875 63.0 1.6318359375 0.0 1.0
565 76.623046875 63.0 1.6318359375 0.0 1.0
566 76.623046875 63.0 1.6318359375 0.0 1.0
567 76.623046875 63.0 1.6318359375 0.0 1.0
568 76.623046875 63.0 1.6318359375 0.0 1.0
569 76.623046875 63.0 1.6318359375 0.0 1.0
570 76.623046875 63.0 1.6318359375 0.0 1.0
571 76.623046875 63.0 1.6318359375 0.0 1.0
572 76.623046875 63.0 1.6318359375 0.0 1.0
573 76.623046875 63.0 1.6318359375 0.0 1.0
574 76.623046875 63.0 1.6318359375 0.0 1.0
575 76.623046875 63.0 1.6318359375 0.0 1.0
576 76.623046875 63.0 1.6318359375 0.0 1.0
577 76.623046875 63.0 1.6318359375 0.0 1.0
578 76.623046875 63.0 1.6318359375 0.0 1.0
579 76.623046875 63.0 1.6318359375 0.0 1.0
580 76.623046875 63.0 1.6318359375 0.0 1.0
581 76.623046875 63.0 1.6318359375 0.0 1.0
582 76.623046875 63.0 1.6318359375 0.0 1.0
583 76.623046875 63.0 1.6318359375 0.0 1.0
584 76.623046875 63.0 1.6318359375 0.0 1.0
585 76.623046875 63.0 1.6318359375 0.0 1.0
586 76.623046875 63.0 1.6318359375 0.0 1.0
587 76.623046875 63.0 1.6318359375 0.0 1.0
588 76.623046875 63.0 1.6318359375 0.0 1.0
589 76.623046875 63.0 1.62890625 0.0 1.0
590 76.623046875 63.0 1.62890625 0.0 1.0
591 76.623046875 63.0 1.62890625 0.0 1.0
592 76.623046875 63.0 1.62890625 0.0 1.0
593 76.623046875 63.0 1.62890625 0.0 1.0
594 76.623046875 63.0 1.6259765625 0.0 1.0
595 76.623046875 63.0 1.6259765625 0.0 1.0
596 76.623046875 63.0 1.6259765625 0.0 1.0
597 76.623046875 63.0 1.6259765625 0.0 1.0
598 76.623046875 63.0 1.6259765625 0.0 1.0
599 76.623046875 63.0 1.6259765625 0.0 1.0
600 76.623046875 63.0 1.6259765625 0.0 1.0
601 76.623046875 63.0 1.6259765625 0.0 1.0
602 76.623046875 63.0 1.6259765625 0.0 1.0
603 76.623046875 63.0 1.6259765625 0.0 1.0
604 76.623046875 63.0 1.6259765625 0.0 1.0
605 76.623046875 63.0 1.6259765625 0.0 1.0
606 76.623046875 63.0 1.6259765625 0.0 1.0
607 76.623046875 63.0 1.6259765625 0.0 1.0
608 76.623046875 63.0 1.6259765625 0.0 1.0
609 76.623046875 63.0 1.6259765625 0.0 1.0
610 76.623046875 63.0 1.6259765625 0.0 1.0
611 76.623046875 63.0 1.6259765625 0.0 1.0
612 76.740234375 63.0 1.6259765625 0.0 1.0
613 76.740234375 63.0 1.6259765625 0.0 1.0
614 76.76953125 63.0 1.623046875 0.0 1.0
615 76.76953125 63.0 1.623046875 0.0 1.0
616 76.76953125 63.0 1.623046875 0.0 1.0
617 76.76953125 63.0 1.6171875 0.0 1.0
618 76.76953125 63.0 1.6171875 0.0 1.0
619 76.76953125 63.0 1.6171875 0.0 1.0
620 76.76953125 63.0 1.6171875 0.0 1.0
621 76.8515625 63.0 1.6142578125 0.0 2.0
622 76.8515625 63.0 1.6142578125 0.0 2.0
623 76.8515625 63.0 1.6142578125 0.0 2.0
624 76.8515625 63.0 1.6142578125 0.0 2.0
625 76.8515625 63.0 1.6142578125 0.0 2.0
626 76.8515625 63.0 1.6142578125 0.0 1.0
627 76.8515625 63.0 1.6142578125 0.0 1.0
628 76.8515625 63.0 1.6142578125 0.0 1.0
629 76.8515625 63.0 1.6142578125 0.0 1.0
630 76.8515625 63.0 1.6142578125 0.0 1.0
631 76.8515625 63.0 1.6142578125 0.0 1.0
632 76.8515625 63.0 1.6142578125 0.0 1.0
633 76.8515625 63.0 1.6142578125 0.0 1.0
634 76.8515625 63.0 1.6142578125 0.0 1.0
635 76.8515625 63.0 1.6142578125 0.0 1.0
636 76.8515625 63.0 1.6142578125 0.0 1.0
637 76.8515625 63.0 1.6142578125 0.0 1.0
638 76.8515625 63.0 1.611328125 0.0 1.0
639 76.8515625 63.0 1.611328125 0.0 1.0
640 76.8515625 63.0 1.611328125 0.0 1.0
641 76.8515625 63.0 1.611328125 0.0 1.0
642 76.8515625 63.0 1.611328125 0.0 1.0
643 76.8515625 63.0 1.611328125 0.0 1.0
644 76.8515625 63.0 1.611328125 0.0 1.0
645 76.8515625 63.0 1.611328125 0.0 1.0
646 76.8515625 63.0 1.611328125 0.0 1.0
647 76.916015625 63.0 1.6083984375 0.0 1.0
648 76.916015625 63.0 1.6083984375 0.0 1.0
649 76.916015625 63.0 1.6083984375 0.0 1.0
650 76.916015625 63.0 1.6083984375 0.0 1.0
651 76.916015625 63.0 1.60546875 0.0 1.0
652 76.916015625 63.0 1.60546875 0.0 1.0
653 76.916015625 63.0 1.60546875 0.0 1.0
654 76.916015625 63.0 1.60546875 0.0 1.0
655 76.916015625 63.0 1.60546875 0.0 1.0
656 76.916015625 63.0 1.60546875 0.0 1.0
657 76.916015625 63.0 1.60546875 0.0 1.0
658 76.916015625 63.0 1.60546875 0.0 1.0
659 76.916015625 63.0 1.60546875 0.0 1.0
660 76.916015625 63.0 1.60546875 0.0 1.0
661 76.916015625 63.0 1.60546875 0.0 1.0
662 76.916015625 63.0 1.60546875 0.0 1.0
663 76.916015625 63.0 1.60546875 0.0 1.0
664 76.916015625 63.0 1.60546875 0.0 1.0
665 76.916015625 63.0 1.60546875 0.0 1.0
666 76.916015625 63.0 1.60546875 0.0 1.0
667 76.916015625 63.0 1.60546875 0.0 1.0
668 76.916015625 63.0 1.60546875 0.0 1.0
669 76.916015625 63.0 1.60546875 0.0 1.0
670 76.916015625 63.0 1.60546875 0.0 1.0
671 76.916015625 63.0 1.60546875 0.0 1.0
672 76.916015625 63.0 1.60546875 0.0 1.0
673 76.916015625 63.0 1.60546875 0.0 1.0
674 76.916015625 63.0 1.6025390625 0.0 1.0
675 76.916015625 63.0 1.6025390625 0.0 1.0
676 76.916015625 63.0 1.6025390625 0.0 1.0
677 76.916015625 63.0 1.6025390625 0.0 1.0
678 76.916015625 63.0 1.6025390625 0.0 1.0
679 77.00390625 63.0 1.599609375 0.0 1.0
680 77.00390625 63.0 1.599609375 0.0 1.0
681 77.00390625 63.0 1.599609375 0.0 1.0
682 77.00390625 63.0 1.5966796875 0.0 1.0
683 77.00390625 63.0 1.5966796875 0.0 1.0
684 77.00390625 63.0 1.5966796875 0.0 1.0
685 77.00390625 63.0 1.5966796875 0.0 1.0
686 77.00390625 63.0 1.5966796875 0.0 1.0
687 77.00390625 63.0 1.5966796875 0.0 1.0
688 77.00390625 63.0 1.5966796875 0.0 1.0
689 77.00390625 63.0 1.5966796875 0.0 1.0
690 77.00390625 63.0 1.5966796875 0.0 1.0
691 77.00390625 63.0 1.5966796875 0.0 1.0
692 77.00390625 63.0 1.59375 0.0 1.0
693 77.00390625 63.0 1.59375 0.0 1.0
694 77.00390625 63.0 1.59375 0.0 1.0
695 77.00390625 63.0 1.59375 0.0 1.0
696 77.00390625 63.0 1.59375 0.0 1.0
697 77.00390625 63.0 1.5908203125 0.0 1.0
698 77.00390625 63.0 1.5908203125 0.0 1.0
699 77.00390625 63.0 1.5908203125 0.0 1.0
700 77.00390625 63.0 1.5908203125 0.0 1.0
701 77.00390625 63.0 1.5908203125 0.0 1.0
702 77.00390625 63.0 1.5908203125 0.0 1.0
703 77.00390625 63.0 1.5908203125 0.0 1.0
704 77.00390625 63.0 1.5908203125 0.0 1.0
705 77.00390625 63.0 1.5908203125 0.0 1.0
706 77.00390625 63.0 1.5908203125 0.0 1.0
707 77.00390625 63.0 1.5908203125 0.0 1.0
708 77.00390625 63.0 1.5908203125 0.0 1.0
709 77.00390625 63.0 1.5908203125 0.0 1.0
710 77.00390625 63.0 1.5908203125 0.0 1.0
711 77.00390625 63.0 1.58203125 0.0 1.0
712 77.00390625 63.0 1.58203125 0.0 1.0
713 77.00390625 63.0 1.58203125 0.0 1.0
714 77.00390625 63.0 1.58203125 0.0 1.0
715 77.00390625 63.0 1.58203125 0.0 1.0
716 77.00390625 63.0 1.58203125 0.0 1.0
717 77.00390625 63.0 1.58203125 0.0 1.0
718 77.00390625 63.0 1.58203125 0.0 1.0
719 77.00390625 63.0 1.58203125 0.0 1.0
720 77.00390625 63.0 1.58203125 0.0 1.0
721 77.00390625 63.0 1.58203125 0.0 1.0
722 77.00390625 63.0 1.58203125 0.0 1.0
723 77.00390625 63.0 1.58203125 0.0 1.0
724 77.00390625 63.0 1.58203125 0.0 1.0
725 77.00390625 63.0 1.58203125 0.0 1.0
726 77.00390625 63.0 1.58203125 0.0 1.0
727 77.00390625 63.0 1.58203125 0.0 1.0
728 77.1796875 63.0 1.58203125 0.0 1.0
729 77.1796875 63.0 1.58203125 0.0 1.0
730 77.1796875 63.0 1.576171875 0.0 1.0
731 77.1796875 63.0 1.576171875 0.0 1.0
732 77.23828125 63.0 1.576171875 0.0 1.0
733 77.23828125 63.0 1.576171875 0.0 1.0
734 77.23828125 63.0 1.576171875 0.0 1.0
735 77.23828125 63.0 1.576171875 0.0 1.0
736 77.23828125 63.0 1.576171875 0.0 1.0
737 77.23828125 63.0 1.576171875 0.0 1.0
738 77.23828125 63.0 1.576171875 0.0 1.0
739 77.23828125 63.0 1.576171875 0.0 1.0
740 77.23828125 63.0 1.576171875 0.0 1.0
741 77.23828125 63.0 1.576171875 0.0 1.0
742 77.23828125 63.0 1.576171875 0.0 1.0
743 77.23828125 63.0 1.5732421875 0.0 2.0
744 77.23828125 63.0 1.5732421875 0.0 2.0
745 77.23828125 63.0 1.5703125 0.0 2.0
746 77.23828125 63.0 1.5703125 0.0 2.0
747 77.23828125 63.0 1.5703125 0.0 2.0
748 77.23828125 63.0 1.5673828125 0.0 2.0
749 77.23828125 63.0 1.5673828125 0.0 2.0
750 77.23828125 63.0 1.5673828125 0.0 2.0
751 77.23828125 63.0 1.5673828125 0.0 2.0
752 77.23828125 63.0 1.5673828125 0.0 2.0
753 77.23828125 63.0 1.5673828125 0.0 2.0
754 77.23828125 63.0 1.5673828125 0.0 2.0
755 77.23828125 63.0 1.5673828125 0.0 2.0
756 77.23828125 63.0 1.5673828125 0.0 2.0
757 77.23828125 63.0 1.5673828125 0.0 2.0
758 77.23828125 63.0 1.5673828125 0.0 2.0
759 77.23828125 63.0 1.564453125 0.0 2.0
760 77.23828125 63.0 1.564453125 0.0 2.0
761 77.23828125 63.0 1.564453125 0.0 2.0
762 77.23828125 63.0 1.564453125 0.0 2.0
763 77.23828125 63.0 1.5615234375 0.0 2.0
764 77.23828125 63.0 1.5615234375 0.0 2.0
765 77.23828125 63.0 1.5615234375 0.0 2.0
766 77.23828125 63.0 1.55859375 0.0 2.0
767 77.23828125 63.0 1.55859375 0.0 2.0
768 77.23828125 63.0 1.55859375 0.0 2.0
769 77.23828125 63.0 1.5556640625 0.0 2.0
770 77.23828125 63.0 1.5556640625 0.0 2.0
771 77.23828125 63.0 1.5556640625 0.0 2.0
772 77.23828125 63.0 1.5556640625 0.0 2.0
773 77.23828125 63.0 1.5556640625 0.0 2.0
774 77.23828125 63.0 1.5556640625 0.0 2.0
775 77.23828125 63.0 1.5556640625 0.0 2.0
776 77.23828125 63.0 1.5556640625 0.0 2.0
777 77.23828125 63.0 1.5556640625 0.0 2.0
778 77.23828125 63.0 1.5556640625 0.0 2.0
779 77.23828125 63.0 1.5556640625 0.0 2.0
780 77.23828125 63.0 1.5556640625 0.0 2.0
781 77.23828125 63.0 1.5556640625 0.0 2.0
782 77.23828125 63.0 1.5556640625 0.0 2.0
783 77.23828125 63.0 1.5556640625 0.0 2.0
784 77.23828125 63.0 1.5556640625 0.0 2.0
785 77.23828125 63.0 1.5556640625 0.0 2.0
786 77.23828125 63.0 1.5556640625 0.0 2.0
787 77.23828125 63.0 1.5556640625 0.0 2.0
788 77.23828125 63.0 1.5556640625 0.0 2.0
789 77.23828125 63.0 1.5556640625 0.0 2.0
790 77.23828125 63.0 1.5556640625 0.0 2.0
791 77.23828125 63.0 1.5556640625 0.0 2.0
792 77.23828125 63.0 1.5556640625 0.0 2.0
793 77.23828125 63.0 1.5556640625 0.0 2.0
794 77.23828125 63.0 1.5556640625 0.0 2.0
795 77.23828125 63.0 1.552734375 0.0 2.0
796 77.23828125 63.0 1.552734375 0.0 2.0
797 77.23828125 63.0 1.552734375 0.0 2.0
798 77.23828125 63.0 1.552734375 0.0 2.0
799 77.23828125 63.0 1.552734375 0.0 2.0
800 77.23828125 63.0 1.552734375 0.0 2.0
801 77.23828125 63.0 1.552734375 0.0 2.0
802 77.23828125 63.0 1.552734375 0.0 2.0
803 77.23828125 63.0 1.552734375 0.0 2.0
804 77.23828125 63.0 1.552734375 0.0 2.0
805 77.23828125 63.0 1.552734375 0.0 2.0
806 77.23828125 63.0 1.552734375 0.0 2.0
807 77.23828125 63.0 1.552734375 0.0 2.0
808 77.23828125 63.0 1.552734375 0.0 2.0
809 77.23828125 63.0 1.552734375 0.0 2.0
810 77.23828125 63.0 1.552734375 0.0 2.0
811 77.23828125 63.0 1.552734375 0.0 2.0
812 77.23828125 63.0 1.552734375 0.0 2.0
813 77.23828125 63.0 1.552734375 0.0 2.0
814 77.23828125 63.0 1.552734375 0.0 2.0
815 77.23828125 63.0 1.552734375 0.0 2.0
816 77.23828125 63.0 1.552734375 0.0 2.0
817 77.23828125 63.0 1.552734375 0.0 2.0
818 77.23828125 63.0 1.552734375 0.0 2.0
819 77.23828125 63.0 1.552734375 0.0 2.0
820 77.23828125 63.0 1.552734375 0.0 2.0
821 77.23828125 63.0 1.552734375 0.0 2.0
822 77.23828125 63.0 1.552734375 0.0 2.0
823 77.23828125 63.0 1.552734375 0.0 2.0
824 77.23828125 63.0 1.552734375 0.0 2.0
825 77.23828125 63.0 1.552734375 0.0 2.0
826 77.23828125 63.0 1.552734375 0.0 2.0
827 77.23828125 63.0 1.552734375 0.0 2.0
828 77.23828125 63.0 1.552734375 0.0 2.0
829 77.23828125 63.0 1.552734375 0.0 2.0
830 77.23828125 63.0 1.552734375 0.0 2.0
831 77.23828125 63.0 1.552734375 0.0 2.0
832 77.23828125 63.0 1.552734375 0.0 2.0
833 77.23828125 63.0 1.552734375 0.0 2.0
834 77.23828125 63.0 1.552734375 0.0 2.0
835 77.23828125 63.0 1.552734375 0.0 2.0
836 77.23828125 63.0 1.552734375 0.0 2.0
837 77.23828125 63.0 1.552734375 0.0 2.0
838 77.23828125 63.0 1.552734375 0.0 2.0
839 77.23828125 63.0 1.552734375 0.0 2.0
840 77.23828125 63.0 1.552734375 0.0 2.0
841 77.23828125 63.0 1.552734375 0.0 2.0
842 77.23828125 63.0 1.552734375 0.0 2.0
843 77.23828125 63.0 1.552734375 0.0 2.0
844 77.23828125 63.0 1.5498046875 0.0 2.0
845 77.23828125 63.0 1.5498046875 0.0 2.0
846 77.23828125 63.0 1.5498046875 0.0 2.0
847 77.23828125 63.0 1.5498046875 0.0 2.0
848 77.23828125 63.0 1.5439453125 0.0 2.0
849 77.23828125 63.0 1.5439453125 0.0 2.0
850 77.23828125 63.0 1.541015625 0.0 2.0
851 77.23828125 63.0 1.541015625 0.0 2.0
852 77.23828125 63.0 1.541015625 0.0 2.0
853 77.23828125 63.0 1.541015625 0.0 2.0
854 77.23828125 63.0 1.5380859375 0.0 2.0
855 77.23828125 63.0 1.5380859375 0.0 2.0
856 77.23828125 63.0 1.5380859375 0.0 2.0
857 77.23828125 63.0 1.5380859375 0.0 2.0
858 77.23828125 63.0 1.53515625 0.0 2.0
859 77.23828125 63.0 1.53515625 0.0 2.0
860 77.23828125 63.0 1.529296875 0.0 2.0
861 77.23828125 63.0 1.529296875 0.0 2.0
862 77.23828125 63.0 1.5263671875 0.0 2.0
863 77.23828125 63.0 1.5263671875 0.0 2.0
864 77.23828125 63.0 1.5205078125 0.0 2.0
865 77.23828125 63.0 1.5205078125 0.0 2.0
866 77.23828125 63.0 1.5205078125 0.0 2.0
867 77.23828125 63.0 1.51171875 0.0 2.0
868 77.23828125 63.0 1.51171875 0.0 2.0
869 77.23828125 63.0 1.51171875 0.0 2.0
870 77.23828125 63.0 1.5029296875 0.0 2.0
871 77.23828125 63.0 1.5029296875 0.0 2.0
872 77.23828125 63.0 1.4970703125 0.0 2.0
873 77.23828125 63.0 1.4970703125 0.0 2.0
874 77.23828125 63.0 1.4912109375 0.0 2.0
875 77.23828125 63.0 1.4912109375 0.0 2.0
876 77.23828125 63.0 1.4912109375 0.0 2.0
877 77.23828125 63.0 1.48828125 0.0 2.0
878 77.23828125 63.0 1.48828125 0.0 2.0
879 77.23828125 63.0 1.4853515625 0.0 2.0
880 77.23828125 63.0 1.4853515625 0.0 2.0
881 77.23828125 63.0 1.482421875 0.0 2.0
882 77.23828125 63.0 1.482421875 0.0 2.0
883 77.23828125 63.0 1.4794921875 0.0 2.0
884 77.23828125 63.0 1.4794921875 0.0 2.0
885 77.23828125 63.0 1.4765625 0.0 2.0
886 77.23828125 63.0 1.4765625 0.0 2.0
887 77.23828125 63.0 1.4736328125 0.0 2.0
888 77.23828125 63.0 1.4736328125 0.0 2.0
889 77.23828125 63.0 1.4736328125 0.0 2.0
890 77.23828125 63.0 1.4736328125 0.0 2.0
891 77.23828125 63.0 1.4736328125 0.0 2.0
892 77.23828125 63.0 1.4736328125 0.0 2.0
893 77.23828125 63.0 1.4736328125 0.0 2.0
894 77.23828125 63.0 1.4736328125 0.0 2.0
895 77.23828125 63.0 1.4677734375 0.0 2.0
896 77.23828125 63.0 1.4677734375 0.0 2.0
897 77.23828125 63.0 1.46484375 0.0 2.0
898 77.23828125 63.0 1.46484375 0.0 2.0
899 77.23828125 63.0 1.46484375 0.0 2.0
900 77.23828125 63.0 1.46484375 0.0 2.0
901 77.23828125 63.0 1.458984375 0.0 2.0
902 77.23828125 63.0 1.458984375 0.0 2.0
903 77.23828125 63.0 1.4560546875 0.0 2.0
904 77.23828125 63.0 1.4560546875 0.0 2.0
905 77.23828125 63.0 1.4560546875 0.0 2.0
906 77.23828125 63.0 1.453125 0.0 2.0
907 77.23828125 63.0 1.453125 0.0 2.0
908 77.23828125 63.0 1.4501953125 0.0 2.0
909 77.23828125 63.0 1.4501953125 0.0 2.0
910 77.23828125 63.0 1.4443359375 0.0 2.0
911 77.23828125 63.0 1.4443359375 0.0 2.0
912 77.23828125 63.0 1.44140625 0.0 2.0
913 77.23828125 63.0 1.44140625 0.0 2.0
914 77.23828125 63.0 1.4384765625 0.0 2.0
915 77.23828125 63.0 1.4384765625 0.0 2.0
916 77.23828125 63.0 1.4384765625 0.0 2.0
917 77.23828125 63.0 1.435546875 0.0 2.0
918 77.23828125 63.0 1.435546875 0.0 2.0
919 77.23828125 63.0 1.435546875 0.0 2.0
920 77.23828125 63.0 1.4326171875 0.0 2.0
921 77.23828125 63.0 1.4326171875 0.0 2.0
922 77.23828125 63.0 1.4267578125 0.0 2.0
923 77.23828125 63.0 1.4267578125 0.0 2.0
924 77.23828125 63.0 1.4267578125 0.0 2.0
925 77.23828125 63.0 1.423828125 0.0 2.0
926 77.23828125 63.0 1.423828125 0.0 2.0
927 77.23828125 63.0 1.41796875 0.0 2.0
928 77.23828125 63.0 1.41796875 0.0 2.0
929 77.23828125 63.0 1.41796875 0.0 2.0
930 77.23828125 63.0 1.41796875 0.0 2.0
931 77.23828125 63.0 1.4150390625 0.0 2.0
932 77.23828125 63.0 1.4150390625 0.0 2.0
933 77.23828125 63.0 1.412109375 0.0 2.0
934 77.23828125 63.0 1.412109375 0.0 2.0
935 77.23828125 63.0 1.412109375 0.0 2.0
936 77.23828125 63.0 1.412109375 0.0 2.0
937 77.23828125 63.0 1.412109375 0.0 2.0
938 77.23828125 63.0 1.4091796875 0.0 2.0
939 77.23828125 63.0 1.4091796875 0.0 2.0
940 77.23828125 63.0 1.4091796875 0.0 2.0
941 77.23828125 63.0 1.40625 0.0 2.0
942 77.23828125 63.0 1.40625 0.0 2.0
943 77.23828125 63.0 1.40625 0.0 2.0
944 77.23828125 63.0 1.4033203125 0.0 2.0
945 77.23828125 63.0 1.4033203125 0.0 2.0
946 77.23828125 63.0 1.400390625 0.0 2.0
947 77.23828125 63.0 1.400390625 0.0 2.0
948 77.23828125 63.0 1.400390625 0.0 2.0
949 77.23828125 63.0 1.400390625 0.0 2.0
950 77.23828125 63.0 1.400390625 0.0 2.0
951 77.23828125 63.0 1.400390625 0.0 2.0
952 77.23828125 63.0 1.3974609375 0.0 2.0
953 77.23828125 63.0 1.3974609375 0.0 2.0
954 77.23828125 63.0 1.3974609375 0.0 2.0
955 77.23828125 63.0 1.3974609375 0.0 2.0
956 77.23828125 63.0 1.3974609375 0.0 2.0
957 77.23828125 63.0 1.3974609375 0.0 2.0
958 77.23828125 63.0 1.3974609375 0.0 2.0
959 77.23828125 63.0 1.388671875 0.0 2.0
960 77.23828125 63.0 1.388671875 0.0 2.0
961 77.23828125 63.0 1.388671875 0.0 2.0
962 77.23828125 63.0 1.3857421875 0.0 2.0
963 77.23828125 63.0 1.3857421875 0.0 2.0
964 77.23828125 63.0 1.3828125 0.0 2.0
965 77.23828125 63.0 1.3828125 0.0 2.0
966 77.23828125 63.0 1.376953125 0.0 2.0
967 77.23828125 63.0 1.376953125 0.0 2.0
968 77.23828125 63.0 1.3740234375 0.0 2.0
969 77.23828125 63.0 1.3740234375 0.0 2.0
970 77.23828125 63.0 1.3740234375 0.0 2.0
971 77.23828125 63.0 1.3740234375 0.0 2.0
972 77.23828125 63.0 1.3740234375 0.0 2.0
973 77.23828125 63.0 1.3740234375 0.0 2.0
974 77.23828125 63.0 1.3740234375 0.0 2.0
975 77.23828125 63.0 1.3740234375 0.0 2.0
976 77.23828125 63.0 1.3740234375 0.0 2.0
977 77.23828125 63.0 1.3740234375 0.0 2.0
978 77.23828125 63.0 1.3740234375 0.0 2.0
979 77.23828125 63.0 1.3740234375 0.0 2.0
980 77.23828125 63.0 1.3740234375 0.0 2.0
981 77.23828125 63.0 1.3740234375 0.0 2.0
982 77.23828125 63.0 1.3740234375 0.0 2.0
983 77.23828125 63.0 1.3740234375 0.0 2.0
984 77.23828125 63.0 1.3740234375 0.0 2.0
985 77.23828125 63.0 1.37109375 0.0 2.0
986 77.23828125 63.0 1.37109375 0.0 2.0
987 77.23828125 63.0 1.365234375 0.0 2.0
988 77.23828125 63.0 1.365234375 0.0 2.0
989 77.23828125 63.0 1.3564453125 0.0 2.0
990 77.23828125 63.0 1.3564453125 0.0 2.0
991 77.23828125 63.0 1.353515625 0.0 2.0
992 77.23828125 63.0 1.353515625 0.0 2.0
993 77.23828125 63.0 1.353515625 0.0 2.0
994 77.23828125 63.0 1.353515625 0.0 2.0
995 77.23828125 63.0 1.353515625 0.0 2.0
996 77.23828125 63.0 1.353515625 0.0 2.0
997 77.23828125 63.0 1.353515625 0.0 2.0
998 77.23828125 63.0 1.3447265625 0.0 2.0
999 77.23828125 63.0 1.3447265625 0.0 2.0
1000 77.23828125 63.0 1.341796875 0.0 2.0
