gen HV HVnoDiscount fitness_notKilledMutants notKilledNonEqMutants fitness_testSuiteSize
1 10.546875 10.0 7.9140625 7.0 5.0
2 11.9482421875 10.0 7.6103515625 7.0 5.0
3 11.9482421875 10.0 7.6103515625 7.0 5.0
4 12.1875 10.0 7.5625 7.0 5.0
5 12.1875 10.0 7.5625 7.0 5.0
6 12.4951171875 10.0 7.5009765625 7.0 5.0
7 12.4951171875 10.0 7.5009765625 7.0 5.0
8 12.59765625 10.0 7.48046875 7.0 5.0
9 12.59765625 10.0 7.48046875 7.0 5.0
10 12.9052734375 10.0 7.4189453125 7.0 5.0
11 12.9052734375 10.0 7.4189453125 7.0 5.0
12 13.14453125 10.0 7.37109375 7.0 5.0
13 13.14453125 10.0 7.37109375 7.0 5.0
14 13.3837890625 10.0 7.3232421875 7.0 5.0
15 13.3837890625 10.0 7.3232421875 7.0 5.0
16 13.486328125 10.0 7.302734375 7.0 5.0
17 13.486328125 10.0 7.302734375 7.0 5.0
18 13.623046875 10.0 7.275390625 7.0 5.0
19 13.623046875 10.0 7.275390625 7.0 5.0
20 13.9306640625 10.0 7.2138671875 7.0 5.0
21 13.9306640625 10.0 7.2138671875 7.0 5.0
22 14.1357421875 10.0 7.1728515625 7.0 5.0
23 14.1357421875 10.0 7.1728515625 7.0 5.0
24 14.4091796875 10.0 7.1181640625 7.0 5.0
25 14.4091796875 10.0 7.1181640625 7.0 5.0
26 14.51171875 10.0 7.09765625 7.0 5.0
27 14.51171875 10.0 7.09765625 7.0 5.0
28 28.2001953125 24.0 4.43359375 4.0 6.0
29 28.2001953125 24.0 4.43359375 4.0 6.0
30 28.2001953125 24.0 4.43359375 4.0 6.0
31 28.2001953125 24.0 4.43359375 4.0 6.0
32 28.2001953125 24.0 4.43359375 4.0 6.0
33 28.2001953125 24.0 4.43359375 4.0 6.0
34 28.2001953125 24.0 4.43359375 4.0 6.0
35 28.2001953125 24.0 4.43359375 4.0 6.0
36 28.2001953125 24.0 4.43359375 4.0 6.0
37 28.2001953125 24.0 4.43359375 4.0 6.0
38 28.2001953125 24.0 4.43359375 4.0 6.0
39 28.2001953125 24.0 4.43359375 4.0 6.0
40 28.2001953125 24.0 4.43359375 4.0 6.0
41 28.2001953125 24.0 4.43359375 4.0 6.0
42 28.2001953125 24.0 4.43359375 4.0 6.0
43 28.2001953125 24.0 4.43359375 4.0 6.0
44 28.2001953125 24.0 4.43359375 4.0 6.0
45 28.2001953125 24.0 4.43359375 4.0 6.0
46 28.2001953125 24.0 4.43359375 4.0 6.0
47 28.2001953125 24.0 4.43359375 4.0 6.0
48 28.2001953125 24.0 4.43359375 4.0 6.0
49 28.2001953125 24.0 4.43359375 4.0 6.0
50 28.2001953125 24.0 4.43359375 4.0 6.0
51 28.2001953125 24.0 4.43359375 4.0 6.0
52 28.2001953125 24.0 4.43359375 4.0 6.0
53 28.2001953125 24.0 4.43359375 4.0 6.0
54 28.2001953125 24.0 4.43359375 4.0 6.0
55 28.2001953125 24.0 4.3818359375 4.0 6.0
56 28.2001953125 24.0 4.3818359375 4.0 6.0
57 28.2001953125 24.0 4.3818359375 4.0 6.0
58 28.2001953125 24.0 4.3818359375 4.0 6.0
59 28.2001953125 24.0 4.3818359375 4.0 6.0
60 28.2001953125 24.0 4.3818359375 4.0 6.0
61 28.2001953125 24.0 4.3818359375 4.0 6.0
62 28.2001953125 24.0 4.3818359375 4.0 6.0
63 28.2001953125 24.0 4.3818359375 4.0 6.0
64 35.13671875 32.0 4.3818359375 4.0 6.0
65 35.13671875 32.0 4.3818359375 4.0 6.0
66 35.13671875 32.0 4.3818359375 4.0 6.0
67 35.13671875 32.0 4.3818359375 4.0 6.0
68 35.13671875 32.0 4.3818359375 4.0 6.0
69 35.13671875 32.0 4.3818359375 4.0 6.0
70 35.13671875 32.0 4.3818359375 4.0 6.0
71 35.13671875 32.0 4.3818359375 4.0 6.0
72 35.13671875 32.0 4.3818359375 4.0 6.0
73 35.13671875 32.0 4.3818359375 4.0 6.0
74 35.13671875 32.0 4.3818359375 4.0 6.0
75 35.13671875 32.0 4.3818359375 4.0 6.0
76 35.13671875 32.0 4.3818359375 4.0 6.0
77 35.13671875 32.0 4.3818359375 4.0 6.0
78 35.13671875 32.0 4.3818359375 4.0 6.0
79 35.13671875 32.0 4.3818359375 4.0 6.0
80 35.13671875 32.0 4.3818359375 4.0 6.0
81 35.13671875 32.0 4.3818359375 4.0 6.0
82 35.13671875 32.0 4.3818359375 4.0 6.0
83 35.13671875 32.0 4.3818359375 4.0 6.0
84 35.13671875 32.0 4.3818359375 4.0 6.0
85 35.13671875 32.0 4.3818359375 4.0 6.0
86 35.13671875 32.0 4.3818359375 4.0 6.0
87 35.13671875 32.0 4.3818359375 4.0 6.0
88 35.13671875 32.0 4.3818359375 4.0 6.0
89 35.13671875 32.0 4.3818359375 4.0 6.0
90 35.13671875 32.0 4.3818359375 4.0 6.0
91 35.13671875 32.0 4.3818359375 4.0 6.0
92 35.13671875 32.0 4.3818359375 4.0 6.0
93 35.13671875 32.0 4.3818359375 4.0 6.0
94 35.13671875 32.0 4.3818359375 4.0 6.0
95 58.419921875 56.0 0.697265625 0.0 4.0
96 58.419921875 56.0 0.697265625 0.0 4.0
97 58.419921875 56.0 0.697265625 0.0 4.0
98 58.419921875 56.0 0.697265625 0.0 4.0
99 58.419921875 56.0 0.697265625 0.0 4.0
100 58.419921875 56.0 0.697265625 0.0 4.0
101 58.419921875 56.0 0.697265625 0.0 4.0
102 58.419921875 56.0 0.697265625 0.0 4.0
103 58.419921875 56.0 0.697265625 0.0 4.0
104 58.419921875 56.0 0.697265625 0.0 4.0
105 58.419921875 56.0 0.697265625 0.0 4.0
106 58.419921875 56.0 0.697265625 0.0 4.0
107 58.419921875 56.0 0.697265625 0.0 4.0
108 58.419921875 56.0 0.697265625 0.0 4.0
109 58.419921875 56.0 0.697265625 0.0 4.0
110 58.419921875 56.0 0.697265625 0.0 4.0
111 58.419921875 56.0 0.697265625 0.0 4.0
112 58.419921875 56.0 0.697265625 0.0 4.0
113 58.419921875 56.0 0.697265625 0.0 4.0
114 58.419921875 56.0 0.697265625 0.0 4.0
115 58.419921875 56.0 0.697265625 0.0 4.0
116 58.419921875 56.0 0.697265625 0.0 4.0
117 58.419921875 56.0 0.697265625 0.0 4.0
118 58.419921875 56.0 0.697265625 0.0 4.0
119 58.419921875 56.0 0.697265625 0.0 4.0
120 58.419921875 56.0 0.697265625 0.0 4.0
121 58.419921875 56.0 0.697265625 0.0 4.0
122 58.419921875 56.0 0.697265625 0.0 4.0
123 58.419921875 56.0 0.697265625 0.0 4.0
124 58.419921875 56.0 0.697265625 0.0 4.0
125 58.419921875 56.0 0.697265625 0.0 4.0
126 58.419921875 56.0 0.697265625 0.0 4.0
127 58.419921875 56.0 0.697265625 0.0 4.0
128 58.419921875 56.0 0.697265625 0.0 4.0
129 58.419921875 56.0 0.697265625 0.0 4.0
130 58.419921875 56.0 0.697265625 0.0 4.0
131 58.419921875 56.0 0.697265625 0.0 4.0
132 58.419921875 56.0 0.697265625 0.0 4.0
133 58.419921875 56.0 0.697265625 0.0 4.0
134 58.419921875 56.0 0.697265625 0.0 4.0
135 58.419921875 56.0 0.697265625 0.0 4.0
136 58.419921875 56.0 0.697265625 0.0 4.0
137 58.419921875 56.0 0.697265625 0.0 4.0
138 58.419921875 56.0 0.697265625 0.0 4.0
139 58.419921875 56.0 0.697265625 0.0 4.0
140 58.419921875 56.0 0.697265625 0.0 4.0
141 58.419921875 56.0 0.697265625 0.0 4.0
142 58.419921875 56.0 0.697265625 0.0 4.0
143 58.419921875 56.0 0.697265625 0.0 4.0
144 58.419921875 56.0 0.697265625 0.0 4.0
145 58.419921875 56.0 0.697265625 0.0 4.0
146 58.419921875 56.0 0.697265625 0.0 4.0
147 58.419921875 56.0 0.697265625 0.0 4.0
148 58.419921875 56.0 0.697265625 0.0 4.0
149 58.419921875 56.0 0.697265625 0.0 4.0
150 58.419921875 56.0 0.697265625 0.0 4.0
151 58.419921875 56.0 0.697265625 0.0 4.0
152 58.419921875 56.0 0.697265625 0.0 4.0
153 58.419921875 56.0 0.697265625 0.0 4.0
154 58.419921875 56.0 0.697265625 0.0 4.0
155 58.419921875 56.0 0.697265625 0.0 4.0
156 58.419921875 56.0 0.697265625 0.0 4.0
157 58.419921875 56.0 0.697265625 0.0 4.0
158 58.419921875 56.0 0.697265625 0.0 4.0
159 58.419921875 56.0 0.697265625 0.0 4.0
160 58.419921875 56.0 0.697265625 0.0 4.0
161 58.419921875 56.0 0.697265625 0.0 4.0
162 58.419921875 56.0 0.697265625 0.0 4.0
163 58.419921875 56.0 0.697265625 0.0 4.0
164 58.419921875 56.0 0.697265625 0.0 4.0
165 58.419921875 56.0 0.697265625 0.0 4.0
166 58.419921875 56.0 0.697265625 0.0 4.0
167 58.419921875 56.0 0.697265625 0.0 4.0
168 58.419921875 56.0 0.697265625 0.0 4.0
169 58.419921875 56.0 0.697265625 0.0 4.0
170 58.419921875 56.0 0.697265625 0.0 4.0
171 58.419921875 56.0 0.697265625 0.0 4.0
172 58.419921875 56.0 0.697265625 0.0 4.0
173 58.419921875 56.0 0.697265625 0.0 4.0
174 58.419921875 56.0 0.697265625 0.0 4.0
175 58.419921875 56.0 0.697265625 0.0 4.0
176 58.419921875 56.0 0.697265625 0.0 4.0
177 58.419921875 56.0 0.697265625 0.0 4.0
178 58.419921875 56.0 0.697265625 0.0 4.0
179 58.419921875 56.0 0.697265625 0.0 4.0
180 58.419921875 56.0 0.697265625 0.0 4.0
181 58.419921875 56.0 0.697265625 0.0 4.0
182 58.419921875 56.0 0.697265625 0.0 4.0
183 58.419921875 56.0 0.697265625 0.0 4.0
184 58.419921875 56.0 0.697265625 0.0 4.0
185 58.419921875 56.0 0.697265625 0.0 4.0
186 58.419921875 56.0 0.697265625 0.0 4.0
187 58.419921875 56.0 0.697265625 0.0 4.0
188 58.419921875 56.0 0.697265625 0.0 4.0
189 58.419921875 56.0 0.697265625 0.0 4.0
190 58.419921875 56.0 0.697265625 0.0 4.0
191 58.419921875 56.0 0.697265625 0.0 4.0
192 58.419921875 56.0 0.697265625 0.0 4.0
193 58.419921875 56.0 0.697265625 0.0 4.0
194 58.419921875 56.0 0.697265625 0.0 4.0
195 58.419921875 56.0 0.697265625 0.0 4.0
196 58.419921875 56.0 0.697265625 0.0 4.0
197 58.419921875 56.0 0.697265625 0.0 4.0
198 58.419921875 56.0 0.697265625 0.0 4.0
199 58.419921875 56.0 0.697265625 0.0 4.0
200 59.5361328125 56.0 0.4951171875 0.0 4.0
201 59.5361328125 56.0 0.4951171875 0.0 4.0
202 59.5361328125 56.0 0.4951171875 0.0 4.0
203 59.5361328125 56.0 0.4951171875 0.0 4.0
204 59.5361328125 56.0 0.4951171875 0.0 4.0
205 59.5361328125 56.0 0.4951171875 0.0 4.0
206 59.5361328125 56.0 0.4951171875 0.0 4.0
207 59.5361328125 56.0 0.4951171875 0.0 4.0
208 59.603515625 56.0 0.4853515625 0.0 4.0
209 59.603515625 56.0 0.4853515625 0.0 4.0
210 59.603515625 56.0 0.4853515625 0.0 4.0
211 59.603515625 56.0 0.4853515625 0.0 4.0
212 59.603515625 56.0 0.4853515625 0.0 4.0
213 59.603515625 56.0 0.4853515625 0.0 4.0
214 59.603515625 56.0 0.4853515625 0.0 4.0
215 59.603515625 56.0 0.4853515625 0.0 4.0
216 59.603515625 56.0 0.4853515625 0.0 4.0
217 59.603515625 56.0 0.4853515625 0.0 4.0
218 59.603515625 56.0 0.4853515625 0.0 4.0
219 59.603515625 56.0 0.4853515625 0.0 4.0
220 59.603515625 56.0 0.4853515625 0.0 4.0
221 59.603515625 56.0 0.4853515625 0.0 4.0
222 59.603515625 56.0 0.4853515625 0.0 4.0
223 59.603515625 56.0 0.4853515625 0.0 4.0
224 59.603515625 56.0 0.4853515625 0.0 4.0
225 59.603515625 56.0 0.4853515625 0.0 4.0
226 59.603515625 56.0 0.4853515625 0.0 4.0
227 59.603515625 56.0 0.4853515625 0.0 4.0
228 59.603515625 56.0 0.4853515625 0.0 4.0
229 59.603515625 56.0 0.4853515625 0.0 4.0
230 59.603515625 56.0 0.4853515625 0.0 4.0
231 59.603515625 56.0 0.4853515625 0.0 4.0
232 59.603515625 56.0 0.4853515625 0.0 4.0
233 59.603515625 56.0 0.4853515625 0.0 4.0
234 59.603515625 56.0 0.4853515625 0.0 4.0
235 59.603515625 56.0 0.4853515625 0.0 4.0
236 59.603515625 56.0 0.4853515625 0.0 4.0
237 59.603515625 56.0 0.4853515625 0.0 4.0
238 59.603515625 56.0 0.4853515625 0.0 4.0
239 59.603515625 56.0 0.4853515625 0.0 4.0
240 59.603515625 56.0 0.4853515625 0.0 4.0
241 59.603515625 56.0 0.4853515625 0.0 4.0
242 59.603515625 56.0 0.4853515625 0.0 4.0
243 59.603515625 56.0 0.4853515625 0.0 4.0
244 59.603515625 56.0 0.4853515625 0.0 4.0
245 59.603515625 56.0 0.4853515625 0.0 4.0
246 59.603515625 56.0 0.4853515625 0.0 4.0
247 59.603515625 56.0 0.4853515625 0.0 4.0
248 59.603515625 56.0 0.4853515625 0.0 4.0
249 59.603515625 56.0 0.4853515625 0.0 4.0
250 59.603515625 56.0 0.4853515625 0.0 4.0
251 59.97265625 56.0 0.4326171875 0.0 4.0
252 59.97265625 56.0 0.4326171875 0.0 4.0
253 59.97265625 56.0 0.4326171875 0.0 4.0
254 59.97265625 56.0 0.4326171875 0.0 4.0
255 59.97265625 56.0 0.4326171875 0.0 4.0
256 59.97265625 56.0 0.4326171875 0.0 4.0
257 59.97265625 56.0 0.4326171875 0.0 4.0
258 59.97265625 56.0 0.4326171875 0.0 4.0
259 59.97265625 56.0 0.4326171875 0.0 4.0
260 59.97265625 56.0 0.4326171875 0.0 4.0
261 59.97265625 56.0 0.4326171875 0.0 4.0
262 59.97265625 56.0 0.4326171875 0.0 4.0
263 59.97265625 56.0 0.4326171875 0.0 4.0
264 59.97265625 56.0 0.4326171875 0.0 4.0
265 59.97265625 56.0 0.4326171875 0.0 4.0
266 59.97265625 56.0 0.4326171875 0.0 4.0
267 59.97265625 56.0 0.4326171875 0.0 4.0
268 59.97265625 56.0 0.4326171875 0.0 4.0
269 59.97265625 56.0 0.4326171875 0.0 4.0
270 59.97265625 56.0 0.4326171875 0.0 4.0
271 59.97265625 56.0 0.4326171875 0.0 4.0
272 59.97265625 56.0 0.4326171875 0.0 4.0
273 59.97265625 56.0 0.4326171875 0.0 4.0
274 59.97265625 56.0 0.4326171875 0.0 4.0
275 59.97265625 56.0 0.4326171875 0.0 4.0
276 59.97265625 56.0 0.4326171875 0.0 4.0
277 59.97265625 56.0 0.4326171875 0.0 4.0
278 59.97265625 56.0 0.4326171875 0.0 4.0
279 59.97265625 56.0 0.4326171875 0.0 4.0
280 59.97265625 56.0 0.4326171875 0.0 4.0
281 59.97265625 56.0 0.4326171875 0.0 4.0
282 59.97265625 56.0 0.4326171875 0.0 4.0
283 59.97265625 56.0 0.4326171875 0.0 4.0
284 59.97265625 56.0 0.4326171875 0.0 4.0
285 59.97265625 56.0 0.4326171875 0.0 4.0
286 59.97265625 56.0 0.4326171875 0.0 4.0
287 59.97265625 56.0 0.4326171875 0.0 4.0
288 59.97265625 56.0 0.4326171875 0.0 4.0
289 59.97265625 56.0 0.4326171875 0.0 4.0
290 59.97265625 56.0 0.4326171875 0.0 4.0
291 59.97265625 56.0 0.4326171875 0.0 4.0
292 59.97265625 56.0 0.4326171875 0.0 4.0
293 59.97265625 56.0 0.4326171875 0.0 4.0
294 60.40234375 56.0 0.37109375 0.0 4.0
295 60.40234375 56.0 0.37109375 0.0 4.0
296 60.40234375 56.0 0.37109375 0.0 4.0
297 60.40234375 56.0 0.37109375 0.0 4.0
298 60.40234375 56.0 0.37109375 0.0 4.0
299 60.40234375 56.0 0.37109375 0.0 4.0
300 60.40234375 56.0 0.37109375 0.0 4.0
301 60.40234375 56.0 0.37109375 0.0 4.0
302 60.40234375 56.0 0.37109375 0.0 4.0
303 60.40234375 56.0 0.37109375 0.0 4.0
304 60.40234375 56.0 0.37109375 0.0 4.0
305 60.40234375 56.0 0.37109375 0.0 4.0
306 60.40234375 56.0 0.37109375 0.0 4.0
307 60.40234375 56.0 0.37109375 0.0 4.0
308 60.40234375 56.0 0.37109375 0.0 4.0
309 60.40234375 56.0 0.37109375 0.0 4.0
310 60.40234375 56.0 0.37109375 0.0 4.0
311 60.40234375 56.0 0.37109375 0.0 4.0
312 60.40234375 56.0 0.37109375 0.0 4.0
313 60.40234375 56.0 0.37109375 0.0 4.0
314 60.40234375 56.0 0.37109375 0.0 4.0
315 60.40234375 56.0 0.37109375 0.0 4.0
316 60.40234375 56.0 0.37109375 0.0 4.0
317 60.40234375 56.0 0.37109375 0.0 4.0
318 60.40234375 56.0 0.37109375 0.0 4.0
319 60.40234375 56.0 0.37109375 0.0 4.0
320 60.40234375 56.0 0.37109375 0.0 4.0
321 60.40234375 56.0 0.37109375 0.0 4.0
322 60.40234375 56.0 0.37109375 0.0 4.0
323 60.40234375 56.0 0.37109375 0.0 4.0
324 60.552734375 56.0 0.349609375 0.0 4.0
325 60.552734375 56.0 0.349609375 0.0 4.0
326 60.552734375 56.0 0.349609375 0.0 4.0
327 60.552734375 56.0 0.349609375 0.0 4.0
328 60.552734375 56.0 0.349609375 0.0 4.0
329 60.552734375 56.0 0.349609375 0.0 4.0
330 60.552734375 56.0 0.349609375 0.0 4.0
331 60.552734375 56.0 0.349609375 0.0 4.0
332 60.552734375 56.0 0.349609375 0.0 4.0
333 60.552734375 56.0 0.349609375 0.0 4.0
334 60.552734375 56.0 0.349609375 0.0 4.0
335 60.552734375 56.0 0.349609375 0.0 4.0
336 60.552734375 56.0 0.349609375 0.0 4.0
337 60.552734375 56.0 0.349609375 0.0 4.0
338 60.552734375 56.0 0.349609375 0.0 4.0
339 60.552734375 56.0 0.349609375 0.0 4.0
340 60.552734375 56.0 0.349609375 0.0 4.0
341 60.552734375 56.0 0.349609375 0.0 4.0
342 60.552734375 56.0 0.349609375 0.0 4.0
343 60.552734375 56.0 0.349609375 0.0 4.0
344 60.552734375 56.0 0.349609375 0.0 4.0
345 60.552734375 56.0 0.349609375 0.0 4.0
346 60.552734375 56.0 0.349609375 0.0 4.0
347 60.552734375 56.0 0.349609375 0.0 4.0
348 60.552734375 56.0 0.349609375 0.0 4.0
349 60.552734375 56.0 0.349609375 0.0 4.0
350 60.552734375 56.0 0.349609375 0.0 4.0
351 60.552734375 56.0 0.349609375 0.0 4.0
352 60.552734375 56.0 0.349609375 0.0 4.0
353 60.552734375 56.0 0.349609375 0.0 4.0
354 60.552734375 56.0 0.349609375 0.0 4.0
355 60.552734375 56.0 0.349609375 0.0 4.0
356 60.552734375 56.0 0.349609375 0.0 4.0
357 60.552734375 56.0 0.349609375 0.0 4.0
358 60.552734375 56.0 0.349609375 0.0 4.0
359 60.552734375 56.0 0.349609375 0.0 4.0
360 60.552734375 56.0 0.349609375 0.0 4.0
361 60.552734375 56.0 0.349609375 0.0 4.0
362 60.552734375 56.0 0.349609375 0.0 4.0
363 60.552734375 56.0 0.349609375 0.0 4.0
364 60.552734375 56.0 0.349609375 0.0 4.0
365 60.552734375 56.0 0.349609375 0.0 4.0
366 60.552734375 56.0 0.349609375 0.0 4.0
367 60.552734375 56.0 0.349609375 0.0 4.0
368 60.552734375 56.0 0.349609375 0.0 4.0
369 60.552734375 56.0 0.349609375 0.0 4.0
370 60.552734375 56.0 0.349609375 0.0 4.0
371 60.552734375 56.0 0.349609375 0.0 4.0
372 60.552734375 56.0 0.349609375 0.0 4.0
373 60.552734375 56.0 0.349609375 0.0 4.0
374 60.552734375 56.0 0.349609375 0.0 4.0
375 60.552734375 56.0 0.349609375 0.0 4.0
376 60.552734375 56.0 0.349609375 0.0 4.0
377 60.552734375 56.0 0.349609375 0.0 4.0
378 60.552734375 56.0 0.349609375 0.0 4.0
379 60.552734375 56.0 0.349609375 0.0 4.0
380 60.552734375 56.0 0.349609375 0.0 4.0
381 60.552734375 56.0 0.349609375 0.0 4.0
382 60.552734375 56.0 0.349609375 0.0 4.0
383 60.552734375 56.0 0.349609375 0.0 4.0
384 60.552734375 56.0 0.349609375 0.0 4.0
385 60.552734375 56.0 0.349609375 0.0 4.0
386 60.552734375 56.0 0.349609375 0.0 4.0
387 60.552734375 56.0 0.349609375 0.0 4.0
388 60.552734375 56.0 0.349609375 0.0 4.0
389 60.552734375 56.0 0.349609375 0.0 4.0
390 60.552734375 56.0 0.349609375 0.0 4.0
391 60.552734375 56.0 0.349609375 0.0 4.0
392 60.552734375 56.0 0.349609375 0.0 4.0
393 60.552734375 56.0 0.349609375 0.0 4.0
394 60.552734375 56.0 0.349609375 0.0 4.0
395 60.552734375 56.0 0.349609375 0.0 4.0
396 60.552734375 56.0 0.349609375 0.0 4.0
397 60.552734375 56.0 0.349609375 0.0 4.0
398 60.552734375 56.0 0.349609375 0.0 4.0
399 60.552734375 56.0 0.349609375 0.0 4.0
400 60.552734375 56.0 0.349609375 0.0 4.0
401 60.552734375 56.0 0.349609375 0.0 4.0
402 60.552734375 56.0 0.349609375 0.0 4.0
403 60.552734375 56.0 0.349609375 0.0 4.0
404 60.552734375 56.0 0.349609375 0.0 4.0
405 60.552734375 56.0 0.349609375 0.0 4.0
406 60.552734375 56.0 0.349609375 0.0 4.0
407 60.552734375 56.0 0.349609375 0.0 4.0
408 60.552734375 56.0 0.349609375 0.0 4.0
409 60.552734375 56.0 0.349609375 0.0 4.0
410 60.552734375 56.0 0.349609375 0.0 4.0
411 60.552734375 56.0 0.349609375 0.0 4.0
412 60.552734375 56.0 0.349609375 0.0 4.0
413 60.552734375 56.0 0.349609375 0.0 4.0
414 60.552734375 56.0 0.349609375 0.0 4.0
415 60.552734375 56.0 0.349609375 0.0 4.0
416 60.552734375 56.0 0.349609375 0.0 4.0
417 60.552734375 56.0 0.349609375 0.0 4.0
418 60.552734375 56.0 0.349609375 0.0 4.0
419 60.552734375 56.0 0.349609375 0.0 4.0
420 60.552734375 56.0 0.349609375 0.0 4.0
421 60.552734375 56.0 0.349609375 0.0 4.0
422 60.552734375 56.0 0.349609375 0.0 4.0
423 60.552734375 56.0 0.349609375 0.0 4.0
424 60.552734375 56.0 0.349609375 0.0 4.0
425 60.552734375 56.0 0.349609375 0.0 4.0
426 60.552734375 56.0 0.349609375 0.0 4.0
427 60.552734375 56.0 0.349609375 0.0 4.0
428 60.552734375 56.0 0.349609375 0.0 4.0
429 60.552734375 56.0 0.349609375 0.0 4.0
430 60.552734375 56.0 0.349609375 0.0 4.0
431 60.552734375 56.0 0.349609375 0.0 4.0
432 60.552734375 56.0 0.349609375 0.0 4.0
433 60.552734375 56.0 0.349609375 0.0 4.0
434 60.552734375 56.0 0.349609375 0.0 4.0
435 60.552734375 56.0 0.349609375 0.0 4.0
436 60.552734375 56.0 0.349609375 0.0 4.0
437 60.552734375 56.0 0.349609375 0.0 4.0
438 60.552734375 56.0 0.349609375 0.0 4.0
439 60.552734375 56.0 0.349609375 0.0 4.0
440 60.552734375 56.0 0.349609375 0.0 4.0
441 60.552734375 56.0 0.349609375 0.0 4.0
442 60.552734375 56.0 0.349609375 0.0 4.0
443 60.552734375 56.0 0.349609375 0.0 4.0
444 60.552734375 56.0 0.349609375 0.0 4.0
445 60.552734375 56.0 0.349609375 0.0 4.0
446 60.552734375 56.0 0.349609375 0.0 4.0
447 60.552734375 56.0 0.349609375 0.0 4.0
448 60.552734375 56.0 0.349609375 0.0 4.0
449 60.552734375 56.0 0.349609375 0.0 4.0
450 60.552734375 56.0 0.349609375 0.0 4.0
451 60.552734375 56.0 0.349609375 0.0 4.0
452 60.552734375 56.0 0.349609375 0.0 4.0
453 60.552734375 56.0 0.349609375 0.0 4.0
454 60.552734375 56.0 0.349609375 0.0 4.0
455 60.552734375 56.0 0.349609375 0.0 4.0
456 60.552734375 56.0 0.349609375 0.0 4.0
457 60.552734375 56.0 0.349609375 0.0 4.0
458 60.552734375 56.0 0.349609375 0.0 4.0
459 60.552734375 56.0 0.349609375 0.0 4.0
460 60.552734375 56.0 0.349609375 0.0 4.0
461 60.552734375 56.0 0.349609375 0.0 4.0
462 60.552734375 56.0 0.349609375 0.0 4.0
463 60.552734375 56.0 0.349609375 0.0 4.0
464 60.552734375 56.0 0.349609375 0.0 4.0
465 60.552734375 56.0 0.349609375 0.0 4.0
466 60.552734375 56.0 0.349609375 0.0 4.0
467 60.552734375 56.0 0.349609375 0.0 4.0
468 60.552734375 56.0 0.349609375 0.0 4.0
469 60.552734375 56.0 0.349609375 0.0 4.0
470 60.552734375 56.0 0.349609375 0.0 4.0
471 60.552734375 56.0 0.349609375 0.0 4.0
472 60.552734375 56.0 0.349609375 0.0 4.0
473 60.552734375 56.0 0.349609375 0.0 4.0
474 60.552734375 56.0 0.349609375 0.0 4.0
475 60.552734375 56.0 0.349609375 0.0 4.0
476 60.552734375 56.0 0.349609375 0.0 4.0
477 60.552734375 56.0 0.349609375 0.0 4.0
478 60.552734375 56.0 0.349609375 0.0 4.0
479 60.552734375 56.0 0.349609375 0.0 4.0
480 60.552734375 56.0 0.349609375 0.0 4.0
481 60.552734375 56.0 0.349609375 0.0 4.0
482 60.552734375 56.0 0.349609375 0.0 4.0
483 60.552734375 56.0 0.349609375 0.0 4.0
484 60.552734375 56.0 0.349609375 0.0 4.0
485 60.552734375 56.0 0.349609375 0.0 4.0
486 60.552734375 56.0 0.349609375 0.0 4.0
487 60.552734375 56.0 0.349609375 0.0 4.0
488 60.552734375 56.0 0.349609375 0.0 4.0
489 60.552734375 56.0 0.349609375 0.0 4.0
490 60.552734375 56.0 0.349609375 0.0 4.0
491 60.552734375 56.0 0.349609375 0.0 4.0
492 60.552734375 56.0 0.349609375 0.0 4.0
493 60.552734375 56.0 0.349609375 0.0 4.0
494 60.552734375 56.0 0.349609375 0.0 4.0
495 60.552734375 56.0 0.349609375 0.0 4.0
496 60.552734375 56.0 0.349609375 0.0 4.0
497 60.552734375 56.0 0.349609375 0.0 4.0
498 60.552734375 56.0 0.349609375 0.0 4.0
499 60.552734375 56.0 0.349609375 0.0 4.0
500 60.552734375 56.0 0.349609375 0.0 4.0
501 60.552734375 56.0 0.349609375 0.0 4.0
502 60.552734375 56.0 0.349609375 0.0 4.0
503 60.552734375 56.0 0.349609375 0.0 4.0
504 60.552734375 56.0 0.349609375 0.0 4.0
505 60.552734375 56.0 0.349609375 0.0 4.0
506 60.552734375 56.0 0.349609375 0.0 4.0
507 60.552734375 56.0 0.349609375 0.0 4.0
508 60.552734375 56.0 0.349609375 0.0 4.0
509 60.552734375 56.0 0.349609375 0.0 4.0
510 60.552734375 56.0 0.349609375 0.0 4.0
511 60.552734375 56.0 0.349609375 0.0 4.0
512 60.552734375 56.0 0.349609375 0.0 4.0
513 60.552734375 56.0 0.349609375 0.0 4.0
514 60.552734375 56.0 0.349609375 0.0 4.0
515 60.552734375 56.0 0.349609375 0.0 4.0
516 60.552734375 56.0 0.349609375 0.0 4.0
517 60.552734375 56.0 0.349609375 0.0 4.0
518 60.552734375 56.0 0.349609375 0.0 4.0
519 60.552734375 56.0 0.349609375 0.0 4.0
520 60.552734375 56.0 0.349609375 0.0 4.0
521 60.552734375 56.0 0.349609375 0.0 4.0
522 60.552734375 56.0 0.349609375 0.0 4.0
523 60.552734375 56.0 0.349609375 0.0 4.0
524 60.552734375 56.0 0.349609375 0.0 4.0
525 60.552734375 56.0 0.349609375 0.0 4.0
526 60.552734375 56.0 0.349609375 0.0 4.0
527 60.552734375 56.0 0.349609375 0.0 4.0
528 60.552734375 56.0 0.349609375 0.0 4.0
529 60.552734375 56.0 0.349609375 0.0 4.0
530 60.552734375 56.0 0.349609375 0.0 4.0
531 60.552734375 56.0 0.349609375 0.0 4.0
532 60.552734375 56.0 0.349609375 0.0 4.0
533 60.552734375 56.0 0.349609375 0.0 4.0
534 60.552734375 56.0 0.349609375 0.0 4.0
535 60.552734375 56.0 0.349609375 0.0 4.0
536 60.552734375 56.0 0.349609375 0.0 4.0
537 60.552734375 56.0 0.349609375 0.0 4.0
538 60.552734375 56.0 0.349609375 0.0 4.0
539 60.552734375 56.0 0.349609375 0.0 4.0
540 60.552734375 56.0 0.349609375 0.0 4.0
541 60.552734375 56.0 0.349609375 0.0 4.0
542 60.552734375 56.0 0.349609375 0.0 4.0
543 60.552734375 56.0 0.349609375 0.0 4.0
544 60.552734375 56.0 0.349609375 0.0 4.0
545 60.552734375 56.0 0.349609375 0.0 4.0
546 60.552734375 56.0 0.349609375 0.0 4.0
547 60.552734375 56.0 0.349609375 0.0 4.0
548 60.552734375 56.0 0.349609375 0.0 4.0
549 60.552734375 56.0 0.349609375 0.0 4.0
550 60.552734375 56.0 0.349609375 0.0 4.0
551 60.552734375 56.0 0.349609375 0.0 4.0
552 60.552734375 56.0 0.349609375 0.0 4.0
553 60.552734375 56.0 0.349609375 0.0 4.0
554 60.552734375 56.0 0.349609375 0.0 4.0
555 60.552734375 56.0 0.349609375 0.0 4.0
556 60.552734375 56.0 0.349609375 0.0 4.0
557 60.552734375 56.0 0.349609375 0.0 4.0
558 60.552734375 56.0 0.349609375 0.0 4.0
559 60.552734375 56.0 0.349609375 0.0 4.0
560 60.552734375 56.0 0.349609375 0.0 4.0
561 60.552734375 56.0 0.349609375 0.0 4.0
562 60.552734375 56.0 0.349609375 0.0 4.0
563 60.552734375 56.0 0.349609375 0.0 4.0
564 60.552734375 56.0 0.349609375 0.0 4.0
565 60.552734375 56.0 0.349609375 0.0 4.0
566 60.552734375 56.0 0.349609375 0.0 4.0
567 60.552734375 56.0 0.349609375 0.0 4.0
568 60.552734375 56.0 0.349609375 0.0 4.0
569 60.552734375 56.0 0.349609375 0.0 4.0
570 60.552734375 56.0 0.349609375 0.0 4.0
571 60.552734375 56.0 0.349609375 0.0 4.0
572 60.552734375 56.0 0.349609375 0.0 4.0
573 60.552734375 56.0 0.349609375 0.0 4.0
574 60.552734375 56.0 0.349609375 0.0 4.0
575 60.552734375 56.0 0.349609375 0.0 4.0
576 60.552734375 56.0 0.349609375 0.0 4.0
577 60.552734375 56.0 0.349609375 0.0 4.0
578 60.552734375 56.0 0.349609375 0.0 4.0
579 60.552734375 56.0 0.349609375 0.0 4.0
580 60.552734375 56.0 0.349609375 0.0 4.0
581 60.552734375 56.0 0.349609375 0.0 4.0
582 61.482421875 56.0 0.216796875 0.0 4.0
583 61.482421875 56.0 0.216796875 0.0 4.0
584 61.482421875 56.0 0.216796875 0.0 4.0
585 61.482421875 56.0 0.216796875 0.0 4.0
586 61.482421875 56.0 0.216796875 0.0 4.0
587 61.482421875 56.0 0.216796875 0.0 4.0
588 61.482421875 56.0 0.216796875 0.0 4.0
589 61.482421875 56.0 0.216796875 0.0 4.0
590 61.482421875 56.0 0.216796875 0.0 4.0
591 61.482421875 56.0 0.216796875 0.0 4.0
592 61.482421875 56.0 0.216796875 0.0 4.0
593 61.482421875 56.0 0.216796875 0.0 4.0
594 61.482421875 56.0 0.216796875 0.0 4.0
595 61.482421875 56.0 0.216796875 0.0 4.0
596 61.482421875 56.0 0.216796875 0.0 4.0
597 61.482421875 56.0 0.216796875 0.0 4.0
598 61.482421875 56.0 0.216796875 0.0 4.0
599 61.482421875 56.0 0.216796875 0.0 4.0
600 61.482421875 56.0 0.216796875 0.0 4.0
601 61.482421875 56.0 0.216796875 0.0 4.0
602 61.482421875 56.0 0.216796875 0.0 4.0
603 61.482421875 56.0 0.216796875 0.0 4.0
604 61.482421875 56.0 0.216796875 0.0 4.0
605 61.482421875 56.0 0.216796875 0.0 4.0
606 61.482421875 56.0 0.216796875 0.0 4.0
607 61.482421875 56.0 0.216796875 0.0 4.0
608 61.482421875 56.0 0.216796875 0.0 4.0
609 61.482421875 56.0 0.216796875 0.0 4.0
610 61.482421875 56.0 0.216796875 0.0 4.0
611 61.482421875 56.0 0.216796875 0.0 4.0
612 61.482421875 56.0 0.216796875 0.0 4.0
613 61.482421875 56.0 0.216796875 0.0 4.0
614 61.482421875 56.0 0.216796875 0.0 4.0
615 61.482421875 56.0 0.2060546875 0.0 4.0
616 61.482421875 56.0 0.2060546875 0.0 4.0
617 61.482421875 56.0 0.2060546875 0.0 4.0
618 61.482421875 56.0 0.2060546875 0.0 4.0
619 61.482421875 56.0 0.203125 0.0 4.0
620 61.482421875 56.0 0.203125 0.0 4.0
621 61.5849609375 56.0 0.2021484375 0.0 4.0
622 61.5849609375 56.0 0.2021484375 0.0 4.0
623 61.5849609375 56.0 0.2021484375 0.0 4.0
624 61.5849609375 56.0 0.2021484375 0.0 4.0
625 61.5849609375 56.0 0.2021484375 0.0 4.0
626 61.5849609375 56.0 0.2021484375 0.0 4.0
627 61.5849609375 56.0 0.201171875 0.0 4.0
628 61.5849609375 56.0 0.201171875 0.0 4.0
629 61.5849609375 56.0 0.201171875 0.0 4.0
630 61.5849609375 56.0 0.2001953125 0.0 4.0
631 61.5849609375 56.0 0.2001953125 0.0 4.0
632 61.5849609375 56.0 0.2001953125 0.0 4.0
633 61.5849609375 56.0 0.197265625 0.0 4.0
634 61.5849609375 56.0 0.197265625 0.0 4.0
635 61.5849609375 56.0 0.1962890625 0.0 4.0
636 61.5849609375 56.0 0.1962890625 0.0 4.0
637 61.5849609375 56.0 0.1953125 0.0 4.0
638 61.5849609375 56.0 0.1953125 0.0 4.0
639 61.5849609375 56.0 0.1953125 0.0 4.0
640 61.5849609375 56.0 0.193359375 0.0 4.0
641 61.5849609375 56.0 0.193359375 0.0 4.0
642 61.5849609375 56.0 0.1923828125 0.0 4.0
643 61.5849609375 56.0 0.1923828125 0.0 4.0
644 61.5849609375 56.0 0.1904296875 0.0 4.0
645 61.5849609375 56.0 0.1904296875 0.0 4.0
646 61.5849609375 56.0 0.1904296875 0.0 4.0
647 61.5849609375 56.0 0.1904296875 0.0 4.0
648 61.5849609375 56.0 0.189453125 0.0 4.0
649 61.5849609375 56.0 0.189453125 0.0 4.0
650 61.5849609375 56.0 0.1884765625 0.0 4.0
651 61.5849609375 56.0 0.1884765625 0.0 4.0
652 61.5849609375 56.0 0.1865234375 0.0 4.0
653 61.5849609375 56.0 0.1865234375 0.0 4.0
654 61.5849609375 56.0 0.18359375 0.0 5.0
655 61.5849609375 56.0 0.18359375 0.0 5.0
656 61.5849609375 56.0 0.1826171875 0.0 5.0
657 61.5849609375 56.0 0.1826171875 0.0 5.0
658 61.5849609375 56.0 0.1796875 0.0 5.0
659 61.5849609375 56.0 0.1796875 0.0 5.0
660 61.5849609375 56.0 0.177734375 0.0 5.0
661 61.5849609375 56.0 0.177734375 0.0 5.0
662 61.5849609375 56.0 0.17578125 0.0 5.0
663 61.5849609375 56.0 0.17578125 0.0 5.0
664 61.5849609375 56.0 0.1748046875 0.0 5.0
665 61.5849609375 56.0 0.1748046875 0.0 5.0
666 61.5849609375 56.0 0.1748046875 0.0 5.0
667 61.5849609375 56.0 0.173828125 0.0 5.0
668 61.5849609375 56.0 0.173828125 0.0 5.0
669 61.5849609375 56.0 0.171875 0.0 5.0
670 61.5849609375 56.0 0.171875 0.0 5.0
671 61.5849609375 56.0 0.1689453125 0.0 5.0
672 61.5849609375 56.0 0.1689453125 0.0 5.0
673 61.5849609375 56.0 0.1689453125 0.0 5.0
674 61.5849609375 56.0 0.1689453125 0.0 5.0
675 61.5849609375 56.0 0.1689453125 0.0 5.0
676 61.5849609375 56.0 0.1689453125 0.0 5.0
677 61.5849609375 56.0 0.1689453125 0.0 5.0
678 61.5849609375 56.0 0.16796875 0.0 5.0
679 61.5849609375 56.0 0.16796875 0.0 5.0
680 61.5849609375 56.0 0.16796875 0.0 5.0
681 61.5849609375 56.0 0.166015625 0.0 5.0
682 61.5849609375 56.0 0.166015625 0.0 5.0
683 61.5849609375 56.0 0.1650390625 0.0 4.0
684 61.5849609375 56.0 0.1650390625 0.0 4.0
685 61.5849609375 56.0 0.1640625 0.0 4.0
686 61.5849609375 56.0 0.1640625 0.0 4.0
687 61.5849609375 56.0 0.1640625 0.0 4.0
688 61.5849609375 56.0 0.1640625 0.0 4.0
689 61.5849609375 56.0 0.1630859375 0.0 4.0
690 61.5849609375 56.0 0.1630859375 0.0 4.0
691 61.5849609375 56.0 0.1630859375 0.0 4.0
692 61.5849609375 56.0 0.1630859375 0.0 4.0
693 61.5849609375 56.0 0.162109375 0.0 4.0
694 61.5849609375 56.0 0.162109375 0.0 4.0
695 61.5849609375 56.0 0.162109375 0.0 4.0
696 61.5849609375 56.0 0.1611328125 0.0 4.0
697 61.5849609375 56.0 0.1611328125 0.0 4.0
698 61.5849609375 56.0 0.1611328125 0.0 4.0
699 61.5849609375 56.0 0.1611328125 0.0 4.0
700 61.5849609375 56.0 0.1611328125 0.0 4.0
701 61.5849609375 56.0 0.1572265625 0.0 4.0
702 61.5849609375 56.0 0.1572265625 0.0 4.0
703 61.5849609375 56.0 0.1572265625 0.0 4.0
704 61.5849609375 56.0 0.15625 0.0 4.0
705 61.5849609375 56.0 0.15625 0.0 4.0
706 61.5849609375 56.0 0.1552734375 0.0 4.0
707 61.5849609375 56.0 0.1552734375 0.0 4.0
708 61.5849609375 56.0 0.1552734375 0.0 4.0
709 61.5849609375 56.0 0.1552734375 0.0 4.0
710 61.5849609375 56.0 0.1533203125 0.0 4.0
711 61.5849609375 56.0 0.1533203125 0.0 4.0
712 61.5849609375 56.0 0.1494140625 0.0 4.0
713 61.5849609375 56.0 0.1494140625 0.0 4.0
714 61.5849609375 56.0 0.1484375 0.0 4.0
715 61.5849609375 56.0 0.1484375 0.0 4.0
716 68.9609375 63.0 0.1484375 0.0 3.0
717 69.8193359375 63.0 0.1474609375 0.0 3.0
718 69.8193359375 63.0 0.1474609375 0.0 3.0
719 69.8193359375 63.0 0.146484375 0.0 3.0
720 69.8193359375 63.0 0.146484375 0.0 3.0
721 69.84375 63.0 0.14453125 0.0 3.0
722 69.84375 63.0 0.14453125 0.0 3.0
723 69.84375 63.0 0.14453125 0.0 3.0
724 69.865234375 63.0 0.1416015625 0.0 3.0
725 69.865234375 63.0 0.1416015625 0.0 3.0
726 69.865234375 63.0 0.138671875 0.0 3.0
727 69.865234375 63.0 0.138671875 0.0 3.0
728 69.865234375 63.0 0.138671875 0.0 3.0
729 69.8984375 63.0 0.1376953125 0.0 3.0
730 69.8984375 63.0 0.1376953125 0.0 3.0
731 78.90625 72.0 0.13671875 0.0 2.0
732 79.76953125 72.0 0.13671875 0.0 2.0
733 79.7783203125 72.0 0.1357421875 0.0 2.0
734 79.79296875 72.0 0.1337890625 0.0 3.0
735 79.79296875 72.0 0.1337890625 0.0 3.0
736 79.79296875 72.0 0.1337890625 0.0 3.0
737 79.79296875 72.0 0.1328125 0.0 3.0
738 79.79296875 72.0 0.1328125 0.0 3.0
739 79.79296875 72.0 0.1328125 0.0 3.0
740 79.79296875 72.0 0.1328125 0.0 3.0
741 79.79296875 72.0 0.1328125 0.0 3.0
742 79.79296875 72.0 0.1328125 0.0 3.0
743 79.79296875 72.0 0.1328125 0.0 3.0
744 79.79296875 72.0 0.1328125 0.0 3.0
745 79.79296875 72.0 0.1328125 0.0 3.0
746 79.79296875 72.0 0.1328125 0.0 3.0
747 79.79296875 72.0 0.1328125 0.0 3.0
748 79.79296875 72.0 0.1328125 0.0 3.0
749 79.79296875 72.0 0.1328125 0.0 3.0
750 79.79296875 72.0 0.1328125 0.0 3.0
751 79.79296875 72.0 0.1328125 0.0 3.0
752 79.79296875 72.0 0.1328125 0.0 3.0
753 79.79296875 72.0 0.1328125 0.0 3.0
754 79.79296875 72.0 0.1328125 0.0 3.0
755 79.79296875 72.0 0.1318359375 0.0 2.0
756 79.79296875 72.0 0.1318359375 0.0 2.0
757 79.79296875 72.0 0.1318359375 0.0 2.0
758 79.8134765625 72.0 0.1318359375 0.0 2.0
759 79.8134765625 72.0 0.1318359375 0.0 2.0
760 79.8134765625 72.0 0.130859375 0.0 2.0
761 79.8134765625 72.0 0.130859375 0.0 2.0
762 79.8134765625 72.0 0.130859375 0.0 2.0
763 79.822265625 72.0 0.130859375 0.0 2.0
764 79.822265625 72.0 0.130859375 0.0 2.0
765 79.822265625 72.0 0.130859375 0.0 2.0
766 79.822265625 72.0 0.130859375 0.0 2.0
767 79.822265625 72.0 0.130859375 0.0 2.0
768 79.822265625 72.0 0.130859375 0.0 2.0
769 79.822265625 72.0 0.130859375 0.0 2.0
770 79.822265625 72.0 0.130859375 0.0 2.0
771 79.822265625 72.0 0.130859375 0.0 2.0
772 79.822265625 72.0 0.130859375 0.0 2.0
773 79.822265625 72.0 0.130859375 0.0 2.0
774 79.822265625 72.0 0.130859375 0.0 2.0
775 79.822265625 72.0 0.130859375 0.0 2.0
776 79.822265625 72.0 0.130859375 0.0 2.0
777 79.822265625 72.0 0.130859375 0.0 2.0
778 79.822265625 72.0 0.1298828125 0.0 2.0
779 79.822265625 72.0 0.1298828125 0.0 2.0
780 79.822265625 72.0 0.1298828125 0.0 2.0
781 79.822265625 72.0 0.1298828125 0.0 2.0
782 79.8486328125 72.0 0.1279296875 0.0 2.0
783 79.8486328125 72.0 0.1279296875 0.0 2.0
784 79.8486328125 72.0 0.1279296875 0.0 2.0
785 79.8486328125 72.0 0.1279296875 0.0 2.0
786 79.8486328125 72.0 0.1279296875 0.0 2.0
787 79.857421875 72.0 0.126953125 0.0 2.0
788 79.857421875 72.0 0.126953125 0.0 2.0
789 79.857421875 72.0 0.126953125 0.0 2.0
790 79.857421875 72.0 0.1259765625 0.0 2.0
791 79.857421875 72.0 0.1259765625 0.0 2.0
792 79.857421875 72.0 0.1259765625 0.0 2.0
793 79.857421875 72.0 0.1259765625 0.0 2.0
794 79.857421875 72.0 0.1259765625 0.0 2.0
795 79.857421875 72.0 0.1259765625 0.0 2.0
796 79.857421875 72.0 0.1259765625 0.0 2.0
797 79.857421875 72.0 0.1259765625 0.0 2.0
798 79.857421875 72.0 0.125 0.0 2.0
799 79.857421875 72.0 0.125 0.0 2.0
800 79.8837890625 72.0 0.1240234375 0.0 2.0
801 79.8837890625 72.0 0.1240234375 0.0 2.0
802 79.8837890625 72.0 0.123046875 0.0 2.0
803 79.8837890625 72.0 0.123046875 0.0 2.0
804 79.8837890625 72.0 0.123046875 0.0 2.0
805 79.8837890625 72.0 0.123046875 0.0 2.0
806 79.8837890625 72.0 0.123046875 0.0 2.0
807 79.8837890625 72.0 0.123046875 0.0 2.0
808 79.9013671875 72.0 0.1220703125 0.0 2.0
809 79.9013671875 72.0 0.1220703125 0.0 2.0
810 79.9013671875 72.0 0.1220703125 0.0 2.0
811 79.9013671875 72.0 0.1220703125 0.0 2.0
812 79.9013671875 72.0 0.1220703125 0.0 2.0
813 79.9013671875 72.0 0.1220703125 0.0 2.0
814 79.9013671875 72.0 0.1220703125 0.0 2.0
815 79.9013671875 72.0 0.1220703125 0.0 2.0
816 79.9013671875 72.0 0.1220703125 0.0 2.0
817 79.9013671875 72.0 0.1220703125 0.0 2.0
818 79.91015625 72.0 0.12109375 0.0 2.0
819 79.91015625 72.0 0.12109375 0.0 2.0
820 79.91796875 72.0 0.1201171875 0.0 2.0
821 79.91796875 72.0 0.1201171875 0.0 2.0
822 79.9189453125 72.0 0.1201171875 0.0 2.0
823 79.9189453125 72.0 0.1201171875 0.0 2.0
824 79.9189453125 72.0 0.1201171875 0.0 2.0
825 79.9189453125 72.0 0.1201171875 0.0 2.0
826 79.9189453125 72.0 0.1201171875 0.0 2.0
827 79.9189453125 72.0 0.1201171875 0.0 2.0
828 79.9189453125 72.0 0.1201171875 0.0 2.0
829 79.9189453125 72.0 0.1201171875 0.0 2.0
830 79.9189453125 72.0 0.1201171875 0.0 2.0
831 79.9189453125 72.0 0.1201171875 0.0 2.0
832 79.9189453125 72.0 0.1201171875 0.0 2.0
833 79.9189453125 72.0 0.119140625 0.0 2.0
834 79.9189453125 72.0 0.119140625 0.0 2.0
835 79.9365234375 72.0 0.1181640625 0.0 2.0
836 79.9365234375 72.0 0.1181640625 0.0 2.0
837 79.9365234375 72.0 0.1181640625 0.0 2.0
838 79.9365234375 72.0 0.1181640625 0.0 2.0
839 79.9453125 72.0 0.1171875 0.0 2.0
840 79.9453125 72.0 0.1171875 0.0 2.0
841 79.9453125 72.0 0.1171875 0.0 2.0
842 79.9453125 72.0 0.1171875 0.0 2.0
843 79.9453125 72.0 0.1171875 0.0 2.0
844 79.9453125 72.0 0.1171875 0.0 2.0
845 79.9453125 72.0 0.1171875 0.0 2.0
846 79.9453125 72.0 0.1162109375 0.0 2.0
847 79.9453125 72.0 0.1162109375 0.0 2.0
848 79.9453125 72.0 0.115234375 0.0 2.0
849 79.9453125 72.0 0.115234375 0.0 2.0
850 79.9453125 72.0 0.11328125 0.0 2.0
851 79.9453125 72.0 0.11328125 0.0 2.0
852 79.9892578125 72.0 0.1123046875 0.0 2.0
853 79.9892578125 72.0 0.1123046875 0.0 2.0
854 79.9892578125 72.0 0.1123046875 0.0 2.0
855 79.9892578125 72.0 0.1123046875 0.0 2.0
856 79.9892578125 72.0 0.1123046875 0.0 2.0
857 79.9892578125 72.0 0.1123046875 0.0 2.0
858 79.9892578125 72.0 0.1123046875 0.0 2.0
859 79.9892578125 72.0 0.1123046875 0.0 2.0
860 79.9892578125 72.0 0.1123046875 0.0 2.0
861 79.9892578125 72.0 0.1123046875 0.0 2.0
862 79.9892578125 72.0 0.1123046875 0.0 2.0
863 79.9892578125 72.0 0.1123046875 0.0 2.0
864 79.9892578125 72.0 0.1123046875 0.0 2.0
865 79.9892578125 72.0 0.1123046875 0.0 2.0
866 79.9892578125 72.0 0.1123046875 0.0 2.0
867 79.9892578125 72.0 0.1123046875 0.0 2.0
868 79.9892578125 72.0 0.1123046875 0.0 2.0
869 79.9892578125 72.0 0.1123046875 0.0 2.0
870 79.9892578125 72.0 0.1123046875 0.0 2.0
871 79.9892578125 72.0 0.1123046875 0.0 2.0
872 79.9892578125 72.0 0.1123046875 0.0 2.0
873 79.9892578125 72.0 0.1123046875 0.0 2.0
874 79.9892578125 72.0 0.1123046875 0.0 2.0
875 79.9892578125 72.0 0.1123046875 0.0 2.0
876 79.998046875 72.0 0.111328125 0.0 2.0
877 79.998046875 72.0 0.111328125 0.0 2.0
878 79.998046875 72.0 0.111328125 0.0 2.0
879 79.998046875 72.0 0.111328125 0.0 2.0
880 79.998046875 72.0 0.111328125 0.0 2.0
881 79.998046875 72.0 0.111328125 0.0 2.0
882 79.998046875 72.0 0.111328125 0.0 2.0
883 79.998046875 72.0 0.111328125 0.0 2.0
884 79.998046875 72.0 0.111328125 0.0 2.0
885 79.998046875 72.0 0.111328125 0.0 2.0
886 79.998046875 72.0 0.111328125 0.0 2.0
887 79.998046875 72.0 0.111328125 0.0 2.0
888 79.998046875 72.0 0.111328125 0.0 2.0
889 79.998046875 72.0 0.111328125 0.0 2.0
890 79.998046875 72.0 0.111328125 0.0 2.0
891 79.998046875 72.0 0.111328125 0.0 2.0
892 79.998046875 72.0 0.111328125 0.0 2.0
893 79.998046875 72.0 0.111328125 0.0 2.0
894 79.998046875 72.0 0.111328125 0.0 2.0
895 79.998046875 72.0 0.111328125 0.0 2.0
896 79.998046875 72.0 0.111328125 0.0 2.0
897 79.998046875 72.0 0.111328125 0.0 2.0
898 79.998046875 72.0 0.111328125 0.0 2.0
899 80.0224609375 72.0 0.1083984375 0.0 2.0
900 80.0224609375 72.0 0.1083984375 0.0 2.0
901 80.0224609375 72.0 0.1083984375 0.0 2.0
902 80.033203125 72.0 0.107421875 0.0 2.0
903 80.033203125 72.0 0.107421875 0.0 2.0
904 80.033203125 72.0 0.107421875 0.0 2.0
905 80.033203125 72.0 0.107421875 0.0 2.0
906 80.033203125 72.0 0.1064453125 0.0 2.0
907 80.033203125 72.0 0.1064453125 0.0 2.0
908 80.033203125 72.0 0.1064453125 0.0 2.0
909 80.033203125 72.0 0.1064453125 0.0 2.0
910 80.0419921875 72.0 0.1064453125 0.0 2.0
911 80.0419921875 72.0 0.1064453125 0.0 2.0
912 80.0419921875 72.0 0.1064453125 0.0 2.0
913 80.0419921875 72.0 0.1064453125 0.0 2.0
914 80.0419921875 72.0 0.1064453125 0.0 2.0
915 80.0576171875 72.0 0.1044921875 0.0 2.0
916 80.0576171875 72.0 0.1044921875 0.0 2.0
917 80.0595703125 72.0 0.1044921875 0.0 2.0
918 80.0595703125 72.0 0.1044921875 0.0 2.0
919 80.0595703125 72.0 0.1044921875 0.0 2.0
920 80.0595703125 72.0 0.1044921875 0.0 2.0
921 89.0595703125 81.0 0.1044921875 0.0 1.0
922 89.0595703125 81.0 0.1044921875 0.0 1.0
923 89.0595703125 81.0 0.1044921875 0.0 1.0
924 89.0595703125 81.0 0.1044921875 0.0 1.0
925 89.0595703125 81.0 0.1044921875 0.0 1.0
926 89.0595703125 81.0 0.1044921875 0.0 1.0
927 89.0595703125 81.0 0.1044921875 0.0 1.0
928 89.0595703125 81.0 0.1044921875 0.0 1.0
929 89.0595703125 81.0 0.1044921875 0.0 1.0
930 89.0595703125 81.0 0.1044921875 0.0 1.0
931 89.0595703125 81.0 0.1044921875 0.0 1.0
932 89.0595703125 81.0 0.1044921875 0.0 1.0
933 89.0595703125 81.0 0.1044921875 0.0 1.0
934 89.0595703125 81.0 0.1044921875 0.0 1.0
935 89.0595703125 81.0 0.1044921875 0.0 1.0
936 89.0595703125 81.0 0.1044921875 0.0 1.0
937 89.0595703125 81.0 0.1044921875 0.0 1.0
938 89.0595703125 81.0 0.1044921875 0.0 1.0
939 89.0595703125 81.0 0.1044921875 0.0 1.0
940 89.0595703125 81.0 0.1044921875 0.0 1.0
941 89.0595703125 81.0 0.1044921875 0.0 1.0
942 89.0595703125 81.0 0.1044921875 0.0 1.0
943 89.0595703125 81.0 0.1044921875 0.0 1.0
944 89.0595703125 81.0 0.1044921875 0.0 1.0
945 89.0595703125 81.0 0.1044921875 0.0 1.0
946 89.0595703125 81.0 0.1044921875 0.0 1.0
947 89.0595703125 81.0 0.1044921875 0.0 1.0
948 89.0595703125 81.0 0.1044921875 0.0 1.0
949 89.0595703125 81.0 0.1044921875 0.0 1.0
950 89.0595703125 81.0 0.1044921875 0.0 1.0
951 89.0595703125 81.0 0.1044921875 0.0 1.0
952 89.0595703125 81.0 0.1044921875 0.0 1.0
953 89.0595703125 81.0 0.1044921875 0.0 1.0
954 89.0595703125 81.0 0.1044921875 0.0 1.0
955 89.0595703125 81.0 0.1044921875 0.0 1.0
956 89.0595703125 81.0 0.1044921875 0.0 1.0
957 89.0595703125 81.0 0.1044921875 0.0 1.0
958 89.0595703125 81.0 0.1044921875 0.0 1.0
959 89.0595703125 81.0 0.1044921875 0.0 1.0
960 89.0595703125 81.0 0.1044921875 0.0 1.0
961 89.0595703125 81.0 0.1044921875 0.0 1.0
962 89.0595703125 81.0 0.1044921875 0.0 1.0
963 89.0595703125 81.0 0.1044921875 0.0 1.0
964 89.0595703125 81.0 0.1044921875 0.0 1.0
965 89.0595703125 81.0 0.1044921875 0.0 1.0
966 89.0595703125 81.0 0.1044921875 0.0 1.0
967 89.96484375 81.0 0.103515625 0.0 1.0
968 89.96484375 81.0 0.103515625 0.0 1.0
969 89.96484375 81.0 0.103515625 0.0 1.0
970 89.96484375 81.0 0.103515625 0.0 1.0
971 89.96484375 81.0 0.103515625 0.0 1.0
972 89.96484375 81.0 0.103515625 0.0 1.0
973 89.96484375 81.0 0.103515625 0.0 1.0
974 89.96484375 81.0 0.103515625 0.0 1.0
975 89.96484375 81.0 0.103515625 0.0 1.0
976 89.96484375 81.0 0.103515625 0.0 1.0
977 89.96484375 81.0 0.103515625 0.0 1.0
978 89.96484375 81.0 0.103515625 0.0 1.0
979 89.96484375 81.0 0.103515625 0.0 1.0
980 89.96484375 81.0 0.103515625 0.0 1.0
981 89.96484375 81.0 0.103515625 0.0 1.0
982 89.96484375 81.0 0.103515625 0.0 1.0
983 89.96484375 81.0 0.103515625 0.0 1.0
984 89.96484375 81.0 0.103515625 0.0 1.0
985 89.96484375 81.0 0.103515625 0.0 1.0
986 89.96484375 81.0 0.103515625 0.0 1.0
987 89.96484375 81.0 0.103515625 0.0 1.0
988 89.96484375 81.0 0.103515625 0.0 1.0
989 89.96484375 81.0 0.103515625 0.0 1.0
990 89.96484375 81.0 0.103515625 0.0 1.0
991 89.96484375 81.0 0.103515625 0.0 1.0
992 89.96484375 81.0 0.103515625 0.0 1.0
993 89.96484375 81.0 0.103515625 0.0 1.0
994 89.96484375 81.0 0.103515625 0.0 1.0
995 89.96484375 81.0 0.103515625 0.0 1.0
996 89.96484375 81.0 0.103515625 0.0 1.0
997 89.96484375 81.0 0.103515625 0.0 1.0
998 89.96484375 81.0 0.103515625 0.0 1.0
999 89.96484375 81.0 0.103515625 0.0 1.0
1000 89.96484375 81.0 0.103515625 0.0 1.0
