gen HV HVnoDiscount fitness_notKilledMutants notKilledNonEqMutants fitness_testSuiteSize
1 54.0 54.0 1.0 0.0 4.0
2 54.0 54.0 1.0 0.0 4.0
3 54.0 54.0 1.0 0.0 4.0
4 54.0 54.0 1.0 0.0 4.0
5 54.0 54.0 1.0 0.0 4.0
6 54.0 54.0 1.0 0.0 4.0
7 54.0 54.0 1.0 0.0 4.0
8 54.0 54.0 1.0 0.0 4.0
9 54.0 54.0 1.0 0.0 4.0
10 54.0 54.0 1.0 0.0 4.0
11 54.0 54.0 1.0 0.0 4.0
12 54.0 54.0 1.0 0.0 4.0
13 54.0 54.0 1.0 0.0 4.0
14 54.0 54.0 1.0 0.0 4.0
15 54.0 54.0 1.0 0.0 4.0
16 54.0 54.0 1.0 0.0 4.0
17 54.0 54.0 1.0 0.0 4.0
18 54.0 54.0 1.0 0.0 4.0
19 54.0 54.0 1.0 0.0 4.0
20 54.0 54.0 1.0 0.0 4.0
21 54.0 54.0 1.0 0.0 4.0
22 54.0 54.0 1.0 0.0 4.0
23 54.0 54.0 1.0 0.0 4.0
24 54.0 54.0 1.0 0.0 4.0
25 54.0 54.0 1.0 0.0 4.0
26 54.0 54.0 1.0 0.0 4.0
27 54.0 54.0 1.0 0.0 4.0
28 54.0 54.0 1.0 0.0 4.0
29 54.0 54.0 1.0 0.0 4.0
30 54.0 54.0 1.0 0.0 4.0
31 54.0 54.0 1.0 0.0 4.0
32 54.0 54.0 1.0 0.0 4.0
33 54.0 54.0 1.0 0.0 4.0
34 54.0 54.0 1.0 0.0 4.0
35 54.0 54.0 1.0 0.0 4.0
36 54.0 54.0 1.0 0.0 4.0
37 54.0 54.0 1.0 0.0 4.0
38 54.0 54.0 1.0 0.0 4.0
39 54.0 54.0 1.0 0.0 4.0
40 54.0 54.0 1.0 0.0 4.0
41 54.0 54.0 1.0 0.0 4.0
42 54.0 54.0 1.0 0.0 4.0
43 54.0 54.0 1.0 0.0 4.0
44 54.0 54.0 1.0 0.0 4.0
45 54.0 54.0 1.0 0.0 4.0
46 54.0 54.0 1.0 0.0 4.0
47 54.0 54.0 1.0 0.0 4.0
48 54.0 54.0 1.0 0.0 4.0
49 54.0 54.0 1.0 0.0 4.0
50 54.0 54.0 1.0 0.0 4.0
51 54.0 54.0 1.0 0.0 4.0
52 54.0 54.0 1.0 0.0 4.0
53 54.0 54.0 1.0 0.0 4.0
54 54.0 54.0 1.0 0.0 4.0
55 54.0 54.0 1.0 0.0 4.0
56 54.0 54.0 1.0 0.0 4.0
57 54.0 54.0 1.0 0.0 4.0
58 54.0 54.0 1.0 0.0 4.0
59 54.0 54.0 1.0 0.0 4.0
60 54.0 54.0 1.0 0.0 4.0
61 54.0 54.0 1.0 0.0 4.0
62 54.0 54.0 1.0 0.0 4.0
63 54.0 54.0 1.0 0.0 4.0
64 63.0 63.0 1.0 0.0 3.0
65 63.0 63.0 1.0 0.0 3.0
66 63.0 63.0 1.0 0.0 3.0
67 63.0 63.0 1.0 0.0 3.0
68 63.0 63.0 1.0 0.0 3.0
69 63.0 63.0 1.0 0.0 3.0
70 63.0 63.0 1.0 0.0 3.0
71 63.0 63.0 1.0 0.0 3.0
72 63.0 63.0 1.0 0.0 3.0
73 63.0 63.0 1.0 0.0 3.0
74 63.0 63.0 1.0 0.0 3.0
75 63.0 63.0 1.0 0.0 3.0
76 63.0 63.0 1.0 0.0 3.0
77 63.0 63.0 1.0 0.0 3.0
78 63.0 63.0 1.0 0.0 3.0
79 63.0 63.0 1.0 0.0 3.0
80 63.0 63.0 1.0 0.0 3.0
81 63.0 63.0 1.0 0.0 3.0
82 63.0 63.0 1.0 0.0 3.0
83 63.0 63.0 1.0 0.0 3.0
84 63.0 63.0 1.0 0.0 3.0
85 63.0 63.0 1.0 0.0 3.0
86 63.0 63.0 1.0 0.0 3.0
87 63.0 63.0 1.0 0.0 3.0
88 63.0 63.0 1.0 0.0 3.0
89 63.0 63.0 1.0 0.0 3.0
90 63.0 63.0 1.0 0.0 3.0
91 63.0 63.0 1.0 0.0 3.0
92 63.0 63.0 1.0 0.0 3.0
93 63.0 63.0 1.0 0.0 3.0
94 63.0 63.0 1.0 0.0 3.0
95 63.0 63.0 1.0 0.0 3.0
96 63.0 63.0 1.0 0.0 3.0
97 63.0 63.0 1.0 0.0 3.0
98 63.0 63.0 1.0 0.0 3.0
99 63.0 63.0 1.0 0.0 3.0
100 63.0 63.0 1.0 0.0 3.0
101 63.0 63.0 1.0 0.0 3.0
102 63.0 63.0 1.0 0.0 3.0
103 63.0 63.0 1.0 0.0 3.0
104 63.0 63.0 1.0 0.0 3.0
105 63.0 63.0 1.0 0.0 3.0
106 63.0 63.0 1.0 0.0 3.0
107 63.0 63.0 1.0 0.0 3.0
108 63.0 63.0 1.0 0.0 3.0
109 63.0 63.0 1.0 0.0 3.0
110 63.0 63.0 1.0 0.0 3.0
111 63.0 63.0 1.0 0.0 3.0
112 63.0 63.0 1.0 0.0 3.0
113 63.0 63.0 1.0 0.0 3.0
114 63.0 63.0 1.0 0.0 3.0
115 63.0 63.0 1.0 0.0 3.0
116 63.0 63.0 1.0 0.0 3.0
117 63.0 63.0 1.0 0.0 3.0
118 63.0 63.0 1.0 0.0 3.0
119 63.0 63.0 1.0 0.0 3.0
120 63.0 63.0 1.0 0.0 3.0
121 63.0 63.0 1.0 0.0 3.0
122 63.0 63.0 1.0 0.0 3.0
123 63.0 63.0 1.0 0.0 3.0
124 63.0 63.0 1.0 0.0 3.0
125 63.0 63.0 1.0 0.0 3.0
126 63.0 63.0 1.0 0.0 3.0
127 63.0 63.0 1.0 0.0 3.0
128 63.0 63.0 1.0 0.0 3.0
129 63.0 63.0 1.0 0.0 3.0
130 63.0 63.0 1.0 0.0 3.0
131 63.0 63.0 1.0 0.0 3.0
132 63.0 63.0 1.0 0.0 3.0
133 63.0 63.0 1.0 0.0 3.0
134 63.0 63.0 1.0 0.0 3.0
135 63.0 63.0 1.0 0.0 3.0
136 63.0 63.0 1.0 0.0 3.0
137 63.0 63.0 1.0 0.0 3.0
138 63.0 63.0 1.0 0.0 3.0
139 63.0 63.0 1.0 0.0 3.0
140 63.0 63.0 1.0 0.0 3.0
141 63.0 63.0 1.0 0.0 3.0
142 63.0 63.0 1.0 0.0 3.0
143 63.0 63.0 1.0 0.0 3.0
144 63.0 63.0 1.0 0.0 3.0
145 63.0 63.0 1.0 0.0 3.0
146 63.0 63.0 1.0 0.0 3.0
147 63.0 63.0 1.0 0.0 3.0
148 63.0 63.0 1.0 0.0 3.0
149 63.0 63.0 1.0 0.0 3.0
150 63.0 63.0 1.0 0.0 3.0
151 63.0 63.0 1.0 0.0 3.0
152 63.0 63.0 1.0 0.0 3.0
153 63.0 63.0 1.0 0.0 3.0
154 63.0 63.0 1.0 0.0 3.0
155 63.0 63.0 1.0 0.0 3.0
156 63.0 63.0 1.0 0.0 3.0
157 63.0 63.0 1.0 0.0 3.0
158 63.0 63.0 1.0 0.0 3.0
159 63.0 63.0 1.0 0.0 3.0
160 63.0 63.0 1.0 0.0 3.0
161 63.0 63.0 1.0 0.0 3.0
162 63.0 63.0 1.0 0.0 3.0
163 63.0 63.0 1.0 0.0 3.0
164 63.0 63.0 1.0 0.0 3.0
165 63.0 63.0 1.0 0.0 3.0
166 63.0 63.0 1.0 0.0 3.0
167 63.0 63.0 1.0 0.0 3.0
168 63.0 63.0 1.0 0.0 3.0
169 63.0 63.0 1.0 0.0 3.0
170 63.0 63.0 1.0 0.0 3.0
171 63.0 63.0 1.0 0.0 3.0
172 63.0 63.0 1.0 0.0 3.0
173 63.0 63.0 1.0 0.0 3.0
174 63.0 63.0 1.0 0.0 3.0
175 63.0 63.0 1.0 0.0 3.0
176 63.0 63.0 1.0 0.0 3.0
177 63.0 63.0 1.0 0.0 3.0
178 63.0 63.0 1.0 0.0 3.0
179 63.0 63.0 1.0 0.0 3.0
180 63.0 63.0 1.0 0.0 3.0
181 63.0 63.0 1.0 0.0 3.0
182 63.0 63.0 1.0 0.0 3.0
183 63.0 63.0 1.0 0.0 3.0
184 63.0 63.0 1.0 0.0 3.0
185 63.0 63.0 1.0 0.0 3.0
186 63.0 63.0 1.0 0.0 3.0
187 63.0 63.0 1.0 0.0 3.0
188 63.0 63.0 1.0 0.0 3.0
189 63.0 63.0 1.0 0.0 3.0
190 63.0 63.0 1.0 0.0 3.0
191 63.0 63.0 1.0 0.0 3.0
192 63.0 63.0 1.0 0.0 3.0
193 63.0 63.0 1.0 0.0 3.0
194 63.0 63.0 1.0 0.0 3.0
195 63.0 63.0 1.0 0.0 3.0
196 63.0 63.0 1.0 0.0 3.0
197 63.0 63.0 1.0 0.0 3.0
198 63.0 63.0 1.0 0.0 3.0
199 63.0 63.0 1.0 0.0 3.0
200 63.0 63.0 1.0 0.0 3.0
201 63.0 63.0 1.0 0.0 3.0
202 63.0 63.0 1.0 0.0 3.0
203 63.0 63.0 1.0 0.0 3.0
204 63.0 63.0 1.0 0.0 3.0
205 63.0 63.0 1.0 0.0 3.0
206 63.0 63.0 1.0 0.0 3.0
207 63.0 63.0 1.0 0.0 3.0
208 63.0 63.0 1.0 0.0 3.0
209 63.0 63.0 1.0 0.0 3.0
210 63.0 63.0 1.0 0.0 3.0
211 63.0 63.0 1.0 0.0 3.0
212 63.0 63.0 1.0 0.0 3.0
213 63.0 63.0 1.0 0.0 3.0
214 63.0 63.0 1.0 0.0 3.0
215 63.0 63.0 1.0 0.0 3.0
216 63.0 63.0 1.0 0.0 3.0
217 63.0 63.0 1.0 0.0 3.0
218 63.0 63.0 1.0 0.0 3.0
219 63.0 63.0 1.0 0.0 3.0
220 63.0 63.0 1.0 0.0 3.0
221 63.0 63.0 1.0 0.0 3.0
222 63.0 63.0 1.0 0.0 3.0
223 63.0 63.0 1.0 0.0 3.0
224 63.0 63.0 1.0 0.0 3.0
225 63.0 63.0 1.0 0.0 3.0
226 63.0 63.0 1.0 0.0 3.0
227 63.0 63.0 1.0 0.0 3.0
228 63.0 63.0 1.0 0.0 3.0
229 63.0 63.0 1.0 0.0 3.0
230 63.0 63.0 1.0 0.0 3.0
231 63.0 63.0 1.0 0.0 3.0
232 63.0 63.0 1.0 0.0 3.0
233 63.0 63.0 1.0 0.0 3.0
234 63.0 63.0 1.0 0.0 3.0
235 63.0 63.0 1.0 0.0 3.0
236 63.0 63.0 1.0 0.0 3.0
237 63.0 63.0 1.0 0.0 3.0
238 63.0 63.0 1.0 0.0 3.0
239 63.0 63.0 1.0 0.0 3.0
240 63.0 63.0 1.0 0.0 3.0
241 63.0 63.0 1.0 0.0 3.0
242 63.0 63.0 1.0 0.0 3.0
243 63.0 63.0 1.0 0.0 3.0
244 63.0 63.0 1.0 0.0 3.0
245 63.0 63.0 1.0 0.0 3.0
246 63.0 63.0 1.0 0.0 3.0
247 63.0 63.0 1.0 0.0 3.0
248 63.0 63.0 1.0 0.0 3.0
249 63.0 63.0 1.0 0.0 3.0
250 63.0 63.0 1.0 0.0 3.0
251 63.0 63.0 1.0 0.0 3.0
252 63.0 63.0 1.0 0.0 3.0
253 63.0 63.0 1.0 0.0 3.0
254 63.0 63.0 1.0 0.0 3.0
255 63.0 63.0 1.0 0.0 3.0
256 63.0 63.0 1.0 0.0 3.0
257 63.0 63.0 1.0 0.0 3.0
258 63.0 63.0 1.0 0.0 3.0
259 63.0 63.0 1.0 0.0 3.0
260 63.0 63.0 1.0 0.0 3.0
261 63.0 63.0 1.0 0.0 3.0
262 63.0 63.0 1.0 0.0 3.0
263 63.0 63.0 1.0 0.0 3.0
264 63.0 63.0 1.0 0.0 3.0
265 63.0 63.0 1.0 0.0 3.0
266 63.0 63.0 1.0 0.0 3.0
267 63.0 63.0 1.0 0.0 3.0
268 63.0 63.0 1.0 0.0 3.0
269 63.0 63.0 1.0 0.0 3.0
270 63.0 63.0 1.0 0.0 3.0
271 63.0 63.0 1.0 0.0 3.0
272 63.0 63.0 1.0 0.0 3.0
273 63.0 63.0 1.0 0.0 3.0
274 63.0 63.0 1.0 0.0 3.0
275 63.0 63.0 1.0 0.0 3.0
276 63.0 63.0 1.0 0.0 3.0
277 63.0 63.0 1.0 0.0 3.0
278 63.0 63.0 1.0 0.0 3.0
279 63.0 63.0 1.0 0.0 3.0
280 63.0 63.0 1.0 0.0 3.0
281 63.0 63.0 1.0 0.0 3.0
282 63.0 63.0 1.0 0.0 3.0
283 63.0 63.0 1.0 0.0 3.0
284 63.0 63.0 1.0 0.0 3.0
285 63.0 63.0 1.0 0.0 3.0
286 63.0 63.0 1.0 0.0 3.0
287 63.0 63.0 1.0 0.0 3.0
288 63.0 63.0 1.0 0.0 3.0
289 63.0 63.0 1.0 0.0 3.0
290 63.0 63.0 1.0 0.0 3.0
291 63.0 63.0 1.0 0.0 3.0
292 63.0 63.0 1.0 0.0 3.0
293 63.0 63.0 1.0 0.0 3.0
294 63.0 63.0 1.0 0.0 3.0
295 63.0 63.0 1.0 0.0 3.0
296 63.0 63.0 1.0 0.0 3.0
297 63.0 63.0 1.0 0.0 3.0
298 63.0 63.0 1.0 0.0 3.0
299 63.0 63.0 1.0 0.0 3.0
300 63.0 63.0 1.0 0.0 3.0
301 63.0 63.0 1.0 0.0 3.0
302 63.0 63.0 1.0 0.0 3.0
303 63.0 63.0 1.0 0.0 3.0
304 63.0 63.0 1.0 0.0 3.0
305 63.0 63.0 1.0 0.0 3.0
306 63.0 63.0 1.0 0.0 3.0
307 63.0 63.0 1.0 0.0 3.0
308 63.0 63.0 1.0 0.0 3.0
309 63.0 63.0 1.0 0.0 3.0
310 63.0 63.0 1.0 0.0 3.0
311 63.0 63.0 1.0 0.0 3.0
312 63.0 63.0 1.0 0.0 3.0
313 63.0 63.0 1.0 0.0 3.0
314 63.0 63.0 1.0 0.0 3.0
315 63.0 63.0 1.0 0.0 3.0
316 63.0 63.0 1.0 0.0 3.0
317 63.0 63.0 1.0 0.0 3.0
318 63.0 63.0 1.0 0.0 3.0
319 63.0 63.0 1.0 0.0 3.0
320 63.0 63.0 1.0 0.0 3.0
321 63.0 63.0 1.0 0.0 3.0
322 63.0 63.0 1.0 0.0 3.0
323 63.0 63.0 1.0 0.0 3.0
324 63.0 63.0 1.0 0.0 3.0
325 63.0 63.0 1.0 0.0 3.0
326 63.0 63.0 1.0 0.0 3.0
327 63.0 63.0 1.0 0.0 3.0
328 63.0 63.0 1.0 0.0 3.0
329 63.0 63.0 1.0 0.0 3.0
330 63.0 63.0 1.0 0.0 3.0
331 63.0 63.0 1.0 0.0 3.0
332 63.0 63.0 1.0 0.0 3.0
333 63.0 63.0 1.0 0.0 3.0
334 63.0 63.0 1.0 0.0 3.0
335 63.0 63.0 1.0 0.0 3.0
336 63.0 63.0 1.0 0.0 3.0
337 63.0 63.0 1.0 0.0 3.0
338 63.0 63.0 1.0 0.0 3.0
339 63.0 63.0 1.0 0.0 3.0
340 63.0 63.0 1.0 0.0 3.0
341 63.0 63.0 1.0 0.0 3.0
342 63.0 63.0 1.0 0.0 3.0
343 63.0 63.0 1.0 0.0 3.0
344 63.0 63.0 1.0 0.0 3.0
345 63.0 63.0 1.0 0.0 3.0
346 63.0 63.0 1.0 0.0 3.0
347 63.0 63.0 1.0 0.0 3.0
348 63.0 63.0 1.0 0.0 3.0
349 63.0 63.0 1.0 0.0 3.0
350 63.0 63.0 1.0 0.0 3.0
351 63.0 63.0 1.0 0.0 3.0
352 63.0 63.0 1.0 0.0 3.0
353 63.0 63.0 1.0 0.0 3.0
354 63.0 63.0 1.0 0.0 3.0
355 63.0 63.0 1.0 0.0 3.0
356 63.0 63.0 1.0 0.0 3.0
357 63.0 63.0 1.0 0.0 3.0
358 63.0 63.0 1.0 0.0 3.0
359 63.0 63.0 1.0 0.0 3.0
360 63.0 63.0 1.0 0.0 3.0
361 63.0 63.0 1.0 0.0 3.0
362 63.0 63.0 1.0 0.0 3.0
363 63.0 63.0 1.0 0.0 3.0
364 63.0 63.0 1.0 0.0 3.0
365 63.0 63.0 1.0 0.0 3.0
366 63.0 63.0 1.0 0.0 3.0
367 63.0 63.0 1.0 0.0 3.0
368 63.0 63.0 1.0 0.0 3.0
369 63.0 63.0 1.0 0.0 3.0
370 63.0 63.0 1.0 0.0 3.0
371 63.0 63.0 1.0 0.0 3.0
372 63.0 63.0 1.0 0.0 3.0
373 63.0 63.0 1.0 0.0 3.0
374 63.0 63.0 1.0 0.0 3.0
375 63.0 63.0 1.0 0.0 3.0
376 63.0 63.0 1.0 0.0 3.0
377 63.0 63.0 1.0 0.0 3.0
378 63.0 63.0 1.0 0.0 3.0
379 63.0 63.0 1.0 0.0 3.0
380 63.0 63.0 1.0 0.0 3.0
381 63.0 63.0 1.0 0.0 3.0
382 63.0 63.0 1.0 0.0 3.0
383 63.0 63.0 1.0 0.0 3.0
384 63.0 63.0 1.0 0.0 3.0
385 63.0 63.0 1.0 0.0 3.0
386 63.0 63.0 1.0 0.0 3.0
387 63.0 63.0 1.0 0.0 3.0
388 63.0 63.0 1.0 0.0 3.0
389 63.0 63.0 1.0 0.0 3.0
390 63.0 63.0 1.0 0.0 3.0
391 63.0 63.0 1.0 0.0 3.0
392 63.0 63.0 1.0 0.0 3.0
393 63.0 63.0 1.0 0.0 3.0
394 63.0 63.0 1.0 0.0 3.0
395 63.0 63.0 1.0 0.0 3.0
396 63.0 63.0 1.0 0.0 3.0
397 63.0 63.0 1.0 0.0 3.0
398 63.0 63.0 1.0 0.0 3.0
399 63.0 63.0 1.0 0.0 3.0
400 63.0 63.0 1.0 0.0 3.0
401 63.0 63.0 1.0 0.0 3.0
402 63.0 63.0 1.0 0.0 3.0
403 63.0 63.0 1.0 0.0 3.0
404 63.0 63.0 1.0 0.0 3.0
405 63.0 63.0 1.0 0.0 3.0
406 63.0 63.0 1.0 0.0 3.0
407 63.0 63.0 1.0 0.0 3.0
408 63.0 63.0 1.0 0.0 3.0
409 63.0 63.0 1.0 0.0 3.0
410 63.0 63.0 1.0 0.0 3.0
411 63.0 63.0 1.0 0.0 3.0
412 63.0 63.0 1.0 0.0 3.0
413 63.0 63.0 1.0 0.0 3.0
414 63.0 63.0 1.0 0.0 3.0
415 63.0 63.0 1.0 0.0 3.0
416 63.0 63.0 1.0 0.0 3.0
417 63.0 63.0 1.0 0.0 3.0
418 63.0 63.0 1.0 0.0 3.0
419 63.0 63.0 1.0 0.0 3.0
420 63.0 63.0 1.0 0.0 3.0
421 63.0 63.0 1.0 0.0 3.0
422 63.0 63.0 1.0 0.0 3.0
423 63.0 63.0 1.0 0.0 3.0
424 63.0 63.0 1.0 0.0 3.0
425 63.0 63.0 1.0 0.0 3.0
426 63.0 63.0 1.0 0.0 3.0
427 63.0 63.0 1.0 0.0 3.0
428 63.0 63.0 1.0 0.0 3.0
429 63.0 63.0 1.0 0.0 3.0
430 63.0 63.0 1.0 0.0 3.0
431 63.0 63.0 1.0 0.0 3.0
432 63.0 63.0 1.0 0.0 3.0
433 63.0 63.0 1.0 0.0 3.0
434 63.0 63.0 1.0 0.0 3.0
435 63.0 63.0 1.0 0.0 3.0
436 63.0 63.0 1.0 0.0 3.0
437 63.0 63.0 1.0 0.0 3.0
438 63.0 63.0 1.0 0.0 3.0
439 63.0 63.0 1.0 0.0 3.0
440 63.0 63.0 1.0 0.0 3.0
441 63.0 63.0 1.0 0.0 3.0
442 63.0 63.0 1.0 0.0 3.0
443 63.0 63.0 1.0 0.0 3.0
444 63.0 63.0 1.0 0.0 3.0
445 63.0 63.0 1.0 0.0 3.0
446 63.0 63.0 1.0 0.0 3.0
447 63.0 63.0 1.0 0.0 3.0
448 63.0 63.0 1.0 0.0 3.0
449 63.0 63.0 1.0 0.0 3.0
450 63.0 63.0 1.0 0.0 3.0
451 63.0 63.0 1.0 0.0 3.0
452 63.0 63.0 1.0 0.0 3.0
453 63.0 63.0 1.0 0.0 3.0
454 63.0 63.0 1.0 0.0 3.0
455 63.0 63.0 1.0 0.0 3.0
456 63.0 63.0 1.0 0.0 3.0
457 63.0 63.0 1.0 0.0 3.0
458 63.0 63.0 1.0 0.0 3.0
459 63.0 63.0 1.0 0.0 3.0
460 63.0 63.0 1.0 0.0 3.0
461 63.0 63.0 1.0 0.0 3.0
462 63.0 63.0 1.0 0.0 3.0
463 63.0 63.0 1.0 0.0 3.0
464 63.0 63.0 1.0 0.0 3.0
465 63.0 63.0 1.0 0.0 3.0
466 63.0 63.0 1.0 0.0 3.0
467 63.0 63.0 1.0 0.0 3.0
468 63.0 63.0 1.0 0.0 3.0
469 63.0 63.0 1.0 0.0 3.0
470 63.0 63.0 1.0 0.0 3.0
471 63.0 63.0 1.0 0.0 3.0
472 63.0 63.0 1.0 0.0 3.0
473 63.0 63.0 1.0 0.0 3.0
474 63.0 63.0 1.0 0.0 3.0
475 63.0 63.0 1.0 0.0 3.0
476 63.0 63.0 1.0 0.0 3.0
477 63.0 63.0 1.0 0.0 3.0
478 63.0 63.0 1.0 0.0 3.0
479 63.0 63.0 1.0 0.0 3.0
480 63.0 63.0 1.0 0.0 3.0
481 63.0 63.0 1.0 0.0 3.0
482 63.0 63.0 1.0 0.0 3.0
483 63.0 63.0 1.0 0.0 3.0
484 63.0 63.0 1.0 0.0 3.0
485 63.0 63.0 1.0 0.0 3.0
486 63.0 63.0 1.0 0.0 3.0
487 63.0 63.0 1.0 0.0 3.0
488 63.0 63.0 1.0 0.0 3.0
489 63.0 63.0 1.0 0.0 3.0
490 63.0 63.0 1.0 0.0 3.0
491 63.0 63.0 1.0 0.0 3.0
492 63.0 63.0 1.0 0.0 3.0
493 63.0 63.0 1.0 0.0 3.0
494 63.0 63.0 1.0 0.0 3.0
495 63.0 63.0 1.0 0.0 3.0
496 63.0 63.0 1.0 0.0 3.0
497 63.0 63.0 1.0 0.0 3.0
498 63.0 63.0 1.0 0.0 3.0
499 63.0 63.0 1.0 0.0 3.0
500 63.0 63.0 1.0 0.0 3.0
501 63.0 63.0 1.0 0.0 3.0
502 63.0 63.0 1.0 0.0 3.0
503 63.0 63.0 1.0 0.0 3.0
504 63.0 63.0 1.0 0.0 3.0
505 63.0 63.0 1.0 0.0 3.0
506 63.0 63.0 1.0 0.0 3.0
507 63.0 63.0 1.0 0.0 3.0
508 63.0 63.0 1.0 0.0 3.0
509 63.0 63.0 1.0 0.0 3.0
510 63.0 63.0 1.0 0.0 3.0
511 63.0 63.0 1.0 0.0 3.0
512 63.0 63.0 1.0 0.0 3.0
513 63.0 63.0 1.0 0.0 3.0
514 63.0 63.0 1.0 0.0 3.0
515 63.0 63.0 1.0 0.0 3.0
516 63.0 63.0 1.0 0.0 3.0
517 63.0 63.0 1.0 0.0 3.0
518 63.0 63.0 1.0 0.0 3.0
519 63.0 63.0 1.0 0.0 3.0
520 63.0 63.0 1.0 0.0 3.0
521 63.0 63.0 1.0 0.0 3.0
522 63.0 63.0 1.0 0.0 3.0
523 63.0 63.0 1.0 0.0 3.0
524 63.0 63.0 1.0 0.0 3.0
525 63.0 63.0 1.0 0.0 3.0
526 63.0 63.0 1.0 0.0 3.0
527 63.0 63.0 1.0 0.0 3.0
528 63.0 63.0 1.0 0.0 3.0
529 63.0 63.0 1.0 0.0 3.0
530 63.0 63.0 1.0 0.0 3.0
531 63.0 63.0 1.0 0.0 3.0
532 63.0 63.0 1.0 0.0 3.0
533 63.0 63.0 1.0 0.0 3.0
534 63.0 63.0 1.0 0.0 3.0
535 63.0 63.0 1.0 0.0 3.0
536 63.0 63.0 1.0 0.0 3.0
537 63.0 63.0 1.0 0.0 3.0
538 63.0 63.0 1.0 0.0 3.0
539 63.0 63.0 1.0 0.0 3.0
540 63.0 63.0 1.0 0.0 3.0
541 63.0 63.0 1.0 0.0 3.0
542 63.0 63.0 1.0 0.0 3.0
543 63.0 63.0 1.0 0.0 3.0
544 63.0 63.0 1.0 0.0 3.0
545 63.0 63.0 1.0 0.0 3.0
546 63.0 63.0 1.0 0.0 3.0
547 63.0 63.0 1.0 0.0 3.0
548 63.0 63.0 1.0 0.0 3.0
549 63.0 63.0 1.0 0.0 3.0
550 63.0 63.0 1.0 0.0 3.0
551 63.0 63.0 1.0 0.0 3.0
552 63.0 63.0 1.0 0.0 3.0
553 63.0 63.0 1.0 0.0 3.0
554 63.0 63.0 1.0 0.0 3.0
555 63.0 63.0 1.0 0.0 3.0
556 63.0 63.0 1.0 0.0 3.0
557 63.0 63.0 1.0 0.0 3.0
558 63.0 63.0 1.0 0.0 3.0
559 63.0 63.0 1.0 0.0 3.0
560 63.0 63.0 1.0 0.0 3.0
561 63.0 63.0 1.0 0.0 3.0
562 63.0 63.0 1.0 0.0 3.0
563 63.0 63.0 1.0 0.0 3.0
564 63.0 63.0 1.0 0.0 3.0
565 63.0 63.0 1.0 0.0 3.0
566 63.0 63.0 1.0 0.0 3.0
567 63.0 63.0 1.0 0.0 3.0
568 63.0 63.0 1.0 0.0 3.0
569 63.0 63.0 1.0 0.0 3.0
570 63.0 63.0 1.0 0.0 3.0
571 63.0 63.0 1.0 0.0 3.0
572 63.0 63.0 1.0 0.0 3.0
573 63.0 63.0 1.0 0.0 3.0
574 63.0 63.0 1.0 0.0 3.0
575 63.0 63.0 1.0 0.0 3.0
576 63.0 63.0 1.0 0.0 3.0
577 63.0 63.0 1.0 0.0 3.0
578 63.0 63.0 1.0 0.0 3.0
579 63.0 63.0 1.0 0.0 3.0
580 63.0 63.0 1.0 0.0 3.0
581 63.0 63.0 1.0 0.0 3.0
582 63.0 63.0 1.0 0.0 3.0
583 63.0 63.0 1.0 0.0 3.0
584 63.0 63.0 1.0 0.0 3.0
585 63.0 63.0 1.0 0.0 3.0
586 63.0 63.0 1.0 0.0 3.0
587 63.0 63.0 1.0 0.0 3.0
588 63.0 63.0 1.0 0.0 3.0
589 63.0 63.0 1.0 0.0 3.0
590 63.0 63.0 1.0 0.0 3.0
591 63.0 63.0 1.0 0.0 3.0
592 63.0 63.0 1.0 0.0 3.0
593 63.0 63.0 1.0 0.0 3.0
594 63.0 63.0 1.0 0.0 3.0
595 63.0 63.0 1.0 0.0 3.0
596 63.0 63.0 1.0 0.0 3.0
597 63.0 63.0 1.0 0.0 3.0
598 63.0 63.0 1.0 0.0 3.0
599 63.0 63.0 1.0 0.0 3.0
600 63.0 63.0 1.0 0.0 3.0
601 63.0 63.0 1.0 0.0 3.0
602 63.0 63.0 1.0 0.0 3.0
603 63.0 63.0 1.0 0.0 3.0
604 63.0 63.0 1.0 0.0 3.0
605 63.0 63.0 1.0 0.0 3.0
606 63.0 63.0 1.0 0.0 3.0
607 63.0 63.0 1.0 0.0 3.0
608 63.0 63.0 1.0 0.0 3.0
609 63.0 63.0 1.0 0.0 3.0
610 63.0 63.0 1.0 0.0 3.0
611 63.0 63.0 1.0 0.0 3.0
612 63.0 63.0 1.0 0.0 3.0
613 63.0 63.0 1.0 0.0 3.0
614 63.0 63.0 1.0 0.0 3.0
615 63.0 63.0 1.0 0.0 3.0
616 63.0 63.0 1.0 0.0 3.0
617 63.0 63.0 1.0 0.0 3.0
618 63.0 63.0 1.0 0.0 3.0
619 63.0 63.0 1.0 0.0 3.0
620 63.0 63.0 1.0 0.0 3.0
621 63.0 63.0 1.0 0.0 3.0
622 63.0 63.0 1.0 0.0 3.0
623 63.0 63.0 1.0 0.0 3.0
624 63.0 63.0 1.0 0.0 3.0
625 63.0 63.0 1.0 0.0 3.0
626 63.0 63.0 1.0 0.0 3.0
627 63.0 63.0 1.0 0.0 3.0
628 63.0 63.0 1.0 0.0 3.0
629 63.0 63.0 1.0 0.0 3.0
630 63.0 63.0 1.0 0.0 3.0
631 63.0 63.0 1.0 0.0 3.0
632 63.0 63.0 1.0 0.0 3.0
633 63.0 63.0 1.0 0.0 3.0
634 63.0 63.0 1.0 0.0 3.0
635 63.0 63.0 1.0 0.0 3.0
636 63.0 63.0 1.0 0.0 3.0
637 63.0 63.0 1.0 0.0 3.0
638 63.0 63.0 1.0 0.0 3.0
639 63.0 63.0 1.0 0.0 3.0
640 63.0 63.0 1.0 0.0 3.0
641 63.0 63.0 1.0 0.0 3.0
642 63.0 63.0 1.0 0.0 3.0
643 63.0 63.0 1.0 0.0 3.0
644 63.0 63.0 1.0 0.0 3.0
645 63.0 63.0 1.0 0.0 3.0
646 63.0 63.0 1.0 0.0 3.0
647 63.0 63.0 1.0 0.0 3.0
648 63.0 63.0 1.0 0.0 3.0
649 63.0 63.0 1.0 0.0 3.0
650 63.0 63.0 1.0 0.0 3.0
651 63.0 63.0 1.0 0.0 3.0
652 63.0 63.0 1.0 0.0 3.0
653 63.0 63.0 1.0 0.0 3.0
654 63.0 63.0 1.0 0.0 3.0
655 63.0 63.0 1.0 0.0 3.0
656 63.0 63.0 1.0 0.0 3.0
657 63.0 63.0 1.0 0.0 3.0
658 63.0 63.0 1.0 0.0 3.0
659 63.0 63.0 1.0 0.0 3.0
660 63.0 63.0 1.0 0.0 3.0
661 63.0 63.0 1.0 0.0 3.0
662 63.0 63.0 1.0 0.0 3.0
663 63.0 63.0 1.0 0.0 3.0
664 63.0 63.0 1.0 0.0 3.0
665 63.0 63.0 1.0 0.0 3.0
666 63.0 63.0 1.0 0.0 3.0
667 63.0 63.0 1.0 0.0 3.0
668 63.0 63.0 1.0 0.0 3.0
669 63.0 63.0 1.0 0.0 3.0
670 63.0 63.0 1.0 0.0 3.0
671 63.0 63.0 1.0 0.0 3.0
672 63.0 63.0 1.0 0.0 3.0
673 63.0 63.0 1.0 0.0 3.0
674 63.0 63.0 1.0 0.0 3.0
675 63.0 63.0 1.0 0.0 3.0
676 63.0 63.0 1.0 0.0 3.0
677 63.0 63.0 1.0 0.0 3.0
678 63.0 63.0 1.0 0.0 3.0
679 63.0 63.0 1.0 0.0 3.0
680 63.0 63.0 1.0 0.0 3.0
681 63.0 63.0 1.0 0.0 3.0
682 63.0 63.0 1.0 0.0 3.0
683 63.0 63.0 1.0 0.0 3.0
684 63.0 63.0 1.0 0.0 3.0
685 63.0 63.0 1.0 0.0 3.0
686 63.0 63.0 1.0 0.0 3.0
687 63.0 63.0 1.0 0.0 3.0
688 63.0 63.0 1.0 0.0 3.0
689 63.0 63.0 1.0 0.0 3.0
690 63.0 63.0 1.0 0.0 3.0
691 63.0 63.0 1.0 0.0 3.0
692 63.0 63.0 1.0 0.0 3.0
693 63.0 63.0 1.0 0.0 3.0
694 63.0 63.0 1.0 0.0 3.0
695 63.0 63.0 1.0 0.0 3.0
696 63.0 63.0 1.0 0.0 3.0
697 63.0 63.0 1.0 0.0 3.0
698 63.0 63.0 1.0 0.0 3.0
699 63.0 63.0 1.0 0.0 3.0
700 63.0 63.0 1.0 0.0 3.0
701 63.0 63.0 1.0 0.0 3.0
702 63.0 63.0 1.0 0.0 3.0
703 63.0 63.0 1.0 0.0 3.0
704 63.0 63.0 1.0 0.0 3.0
705 63.0 63.0 1.0 0.0 3.0
706 63.0 63.0 1.0 0.0 3.0
707 63.0 63.0 1.0 0.0 3.0
708 63.0 63.0 1.0 0.0 3.0
709 63.0 63.0 1.0 0.0 3.0
710 63.0 63.0 1.0 0.0 3.0
711 63.0 63.0 1.0 0.0 3.0
712 63.0 63.0 1.0 0.0 3.0
713 63.0 63.0 1.0 0.0 3.0
714 63.0 63.0 1.0 0.0 3.0
715 63.0 63.0 1.0 0.0 3.0
716 63.0 63.0 1.0 0.0 3.0
717 63.0 63.0 1.0 0.0 3.0
718 63.0 63.0 1.0 0.0 3.0
719 63.0 63.0 1.0 0.0 3.0
720 63.0 63.0 1.0 0.0 3.0
721 63.0 63.0 1.0 0.0 3.0
722 63.0 63.0 1.0 0.0 3.0
723 63.0 63.0 1.0 0.0 3.0
724 63.0 63.0 1.0 0.0 3.0
725 63.0 63.0 1.0 0.0 3.0
726 63.0 63.0 1.0 0.0 3.0
727 63.0 63.0 1.0 0.0 3.0
728 63.0 63.0 1.0 0.0 3.0
729 63.0 63.0 1.0 0.0 3.0
730 63.0 63.0 1.0 0.0 3.0
731 63.0 63.0 1.0 0.0 3.0
732 63.0 63.0 1.0 0.0 3.0
733 63.0 63.0 1.0 0.0 3.0
734 63.0 63.0 1.0 0.0 3.0
735 63.0 63.0 1.0 0.0 3.0
736 63.0 63.0 1.0 0.0 3.0
737 63.0 63.0 1.0 0.0 3.0
738 63.0 63.0 1.0 0.0 3.0
739 63.0 63.0 1.0 0.0 3.0
740 63.0 63.0 1.0 0.0 3.0
741 63.0 63.0 1.0 0.0 3.0
742 63.0 63.0 1.0 0.0 3.0
743 63.0 63.0 1.0 0.0 3.0
744 63.0 63.0 1.0 0.0 3.0
745 63.0 63.0 1.0 0.0 3.0
746 63.0 63.0 1.0 0.0 3.0
747 63.0 63.0 1.0 0.0 3.0
748 63.0 63.0 1.0 0.0 3.0
749 63.0 63.0 1.0 0.0 3.0
750 63.0 63.0 1.0 0.0 3.0
751 63.0 63.0 1.0 0.0 3.0
752 63.0 63.0 1.0 0.0 3.0
753 63.0 63.0 1.0 0.0 3.0
754 63.0 63.0 1.0 0.0 3.0
755 63.0 63.0 1.0 0.0 3.0
756 63.0 63.0 1.0 0.0 3.0
757 63.0 63.0 1.0 0.0 3.0
758 63.0 63.0 1.0 0.0 3.0
759 63.0 63.0 1.0 0.0 3.0
760 63.0 63.0 1.0 0.0 3.0
761 63.0 63.0 1.0 0.0 3.0
762 63.0 63.0 1.0 0.0 3.0
763 63.0 63.0 1.0 0.0 3.0
764 63.0 63.0 1.0 0.0 3.0
765 63.0 63.0 1.0 0.0 3.0
766 63.0 63.0 1.0 0.0 3.0
767 63.0 63.0 1.0 0.0 3.0
768 63.0 63.0 1.0 0.0 3.0
769 63.0 63.0 1.0 0.0 3.0
770 63.0 63.0 1.0 0.0 3.0
771 63.0 63.0 1.0 0.0 3.0
772 63.0 63.0 1.0 0.0 3.0
773 63.0 63.0 1.0 0.0 3.0
774 63.0 63.0 1.0 0.0 3.0
775 63.0 63.0 1.0 0.0 3.0
776 63.0 63.0 1.0 0.0 3.0
777 63.0 63.0 1.0 0.0 3.0
778 63.0 63.0 1.0 0.0 3.0
779 63.0 63.0 1.0 0.0 3.0
780 63.0 63.0 1.0 0.0 3.0
781 63.0 63.0 1.0 0.0 3.0
782 63.0 63.0 1.0 0.0 3.0
783 63.0 63.0 1.0 0.0 3.0
784 63.0 63.0 1.0 0.0 3.0
785 63.0 63.0 1.0 0.0 3.0
786 63.0 63.0 1.0 0.0 3.0
787 63.0 63.0 1.0 0.0 3.0
788 63.0 63.0 1.0 0.0 3.0
789 63.0 63.0 1.0 0.0 3.0
790 63.0 63.0 1.0 0.0 3.0
791 63.0 63.0 1.0 0.0 3.0
792 63.0 63.0 1.0 0.0 3.0
793 63.0 63.0 1.0 0.0 3.0
794 63.0 63.0 1.0 0.0 3.0
795 63.0 63.0 1.0 0.0 3.0
796 63.0 63.0 1.0 0.0 3.0
797 63.0 63.0 1.0 0.0 3.0
798 63.0 63.0 1.0 0.0 3.0
799 63.0 63.0 1.0 0.0 3.0
800 63.0 63.0 1.0 0.0 3.0
801 63.0 63.0 1.0 0.0 3.0
802 63.0 63.0 1.0 0.0 3.0
803 63.0 63.0 1.0 0.0 3.0
804 63.0 63.0 1.0 0.0 3.0
805 63.0 63.0 1.0 0.0 3.0
806 63.0 63.0 1.0 0.0 3.0
807 63.0 63.0 1.0 0.0 3.0
808 63.0 63.0 1.0 0.0 3.0
809 63.0 63.0 1.0 0.0 3.0
810 63.0 63.0 1.0 0.0 3.0
811 63.0 63.0 1.0 0.0 3.0
812 63.0 63.0 1.0 0.0 3.0
813 63.0 63.0 1.0 0.0 3.0
814 63.0 63.0 1.0 0.0 3.0
815 63.0 63.0 1.0 0.0 3.0
816 63.0 63.0 1.0 0.0 3.0
817 63.0 63.0 1.0 0.0 3.0
818 63.0 63.0 1.0 0.0 3.0
819 63.0 63.0 1.0 0.0 3.0
820 63.0 63.0 1.0 0.0 3.0
821 63.0 63.0 1.0 0.0 3.0
822 63.0 63.0 1.0 0.0 3.0
823 63.0 63.0 1.0 0.0 3.0
824 63.0 63.0 1.0 0.0 3.0
825 63.0 63.0 1.0 0.0 3.0
826 63.0 63.0 1.0 0.0 3.0
827 63.0 63.0 1.0 0.0 3.0
828 63.0 63.0 1.0 0.0 3.0
829 63.0 63.0 1.0 0.0 3.0
830 63.0 63.0 1.0 0.0 3.0
831 63.0 63.0 1.0 0.0 3.0
832 63.0 63.0 1.0 0.0 3.0
833 63.0 63.0 1.0 0.0 3.0
834 63.0 63.0 1.0 0.0 3.0
835 63.0 63.0 1.0 0.0 3.0
836 63.0 63.0 1.0 0.0 3.0
837 63.0 63.0 1.0 0.0 3.0
838 63.0 63.0 1.0 0.0 3.0
839 63.0 63.0 1.0 0.0 3.0
840 63.0 63.0 1.0 0.0 3.0
841 63.0 63.0 1.0 0.0 3.0
842 63.0 63.0 1.0 0.0 3.0
843 63.0 63.0 1.0 0.0 3.0
844 63.0 63.0 1.0 0.0 3.0
845 63.0 63.0 1.0 0.0 3.0
846 63.0 63.0 1.0 0.0 3.0
847 63.0 63.0 1.0 0.0 3.0
848 63.0 63.0 1.0 0.0 3.0
849 63.0 63.0 1.0 0.0 3.0
850 63.0 63.0 1.0 0.0 3.0
851 63.0 63.0 1.0 0.0 3.0
852 63.0 63.0 1.0 0.0 3.0
853 63.0 63.0 1.0 0.0 3.0
854 63.0 63.0 1.0 0.0 3.0
855 63.0 63.0 1.0 0.0 3.0
856 63.0 63.0 1.0 0.0 3.0
857 63.0 63.0 1.0 0.0 3.0
858 63.0 63.0 1.0 0.0 3.0
859 63.0 63.0 1.0 0.0 3.0
860 63.0 63.0 1.0 0.0 3.0
861 63.0 63.0 1.0 0.0 3.0
862 63.0 63.0 1.0 0.0 3.0
863 63.0 63.0 1.0 0.0 3.0
864 63.0 63.0 1.0 0.0 3.0
865 63.0 63.0 1.0 0.0 3.0
866 63.0 63.0 1.0 0.0 3.0
867 63.0 63.0 1.0 0.0 3.0
868 63.0 63.0 1.0 0.0 3.0
869 63.0 63.0 1.0 0.0 3.0
870 63.0 63.0 1.0 0.0 3.0
871 63.0 63.0 1.0 0.0 3.0
872 63.0 63.0 1.0 0.0 3.0
873 63.0 63.0 1.0 0.0 3.0
874 63.0 63.0 1.0 0.0 3.0
875 63.0 63.0 1.0 0.0 3.0
876 63.0 63.0 1.0 0.0 3.0
877 63.0 63.0 1.0 0.0 3.0
878 63.0 63.0 1.0 0.0 3.0
879 63.0 63.0 1.0 0.0 3.0
880 63.0 63.0 1.0 0.0 3.0
881 63.0 63.0 1.0 0.0 3.0
882 63.0 63.0 1.0 0.0 3.0
883 63.0 63.0 1.0 0.0 3.0
884 63.0 63.0 1.0 0.0 3.0
885 63.0 63.0 1.0 0.0 3.0
886 63.0 63.0 1.0 0.0 3.0
887 63.0 63.0 1.0 0.0 3.0
888 63.0 63.0 1.0 0.0 3.0
889 63.0 63.0 1.0 0.0 3.0
890 63.0 63.0 1.0 0.0 3.0
891 63.0 63.0 1.0 0.0 3.0
892 63.0 63.0 1.0 0.0 3.0
893 63.0 63.0 1.0 0.0 3.0
894 63.0 63.0 1.0 0.0 3.0
895 63.0 63.0 1.0 0.0 3.0
896 63.0 63.0 1.0 0.0 3.0
897 63.0 63.0 1.0 0.0 3.0
898 63.0 63.0 1.0 0.0 3.0
899 63.0 63.0 1.0 0.0 3.0
900 63.0 63.0 1.0 0.0 3.0
901 63.0 63.0 1.0 0.0 3.0
902 63.0 63.0 1.0 0.0 3.0
903 63.0 63.0 1.0 0.0 3.0
904 63.0 63.0 1.0 0.0 3.0
905 63.0 63.0 1.0 0.0 3.0
906 63.0 63.0 1.0 0.0 3.0
907 63.0 63.0 1.0 0.0 3.0
908 63.0 63.0 1.0 0.0 3.0
909 63.0 63.0 1.0 0.0 3.0
910 63.0 63.0 1.0 0.0 3.0
911 63.0 63.0 1.0 0.0 3.0
912 63.0 63.0 1.0 0.0 3.0
913 63.0 63.0 1.0 0.0 3.0
914 63.0 63.0 1.0 0.0 3.0
915 63.0 63.0 1.0 0.0 3.0
916 63.0 63.0 1.0 0.0 3.0
917 63.0 63.0 1.0 0.0 3.0
918 63.0 63.0 1.0 0.0 3.0
919 63.0 63.0 1.0 0.0 3.0
920 63.0 63.0 1.0 0.0 3.0
921 63.0 63.0 1.0 0.0 3.0
922 63.0 63.0 1.0 0.0 3.0
923 63.0 63.0 1.0 0.0 3.0
924 63.0 63.0 1.0 0.0 3.0
925 63.0 63.0 1.0 0.0 3.0
926 63.0 63.0 1.0 0.0 3.0
927 63.0 63.0 1.0 0.0 3.0
928 63.0 63.0 1.0 0.0 3.0
929 63.0 63.0 1.0 0.0 3.0
930 63.0 63.0 1.0 0.0 3.0
931 63.0 63.0 1.0 0.0 3.0
932 63.0 63.0 1.0 0.0 3.0
933 63.0 63.0 1.0 0.0 3.0
934 63.0 63.0 1.0 0.0 3.0
935 63.0 63.0 1.0 0.0 3.0
936 63.0 63.0 1.0 0.0 3.0
937 63.0 63.0 1.0 0.0 3.0
938 63.0 63.0 1.0 0.0 3.0
939 63.0 63.0 1.0 0.0 3.0
940 63.0 63.0 1.0 0.0 3.0
941 63.0 63.0 1.0 0.0 3.0
942 63.0 63.0 1.0 0.0 3.0
943 63.0 63.0 1.0 0.0 3.0
944 63.0 63.0 1.0 0.0 3.0
945 63.0 63.0 1.0 0.0 3.0
946 63.0 63.0 1.0 0.0 3.0
947 63.0 63.0 1.0 0.0 3.0
948 63.0 63.0 1.0 0.0 3.0
949 63.0 63.0 1.0 0.0 3.0
950 63.0 63.0 1.0 0.0 3.0
951 63.0 63.0 1.0 0.0 3.0
952 63.0 63.0 1.0 0.0 3.0
953 63.0 63.0 1.0 0.0 3.0
954 63.0 63.0 1.0 0.0 3.0
955 63.0 63.0 1.0 0.0 3.0
956 63.0 63.0 1.0 0.0 3.0
957 63.0 63.0 1.0 0.0 3.0
958 63.0 63.0 1.0 0.0 3.0
959 63.0 63.0 1.0 0.0 3.0
960 63.0 63.0 1.0 0.0 3.0
961 63.0 63.0 1.0 0.0 3.0
962 63.0 63.0 1.0 0.0 3.0
963 63.0 63.0 1.0 0.0 3.0
964 63.0 63.0 1.0 0.0 3.0
965 63.0 63.0 1.0 0.0 3.0
966 63.0 63.0 1.0 0.0 3.0
967 63.0 63.0 1.0 0.0 3.0
968 63.0 63.0 1.0 0.0 3.0
969 63.0 63.0 1.0 0.0 3.0
970 63.0 63.0 1.0 0.0 3.0
971 63.0 63.0 1.0 0.0 3.0
972 63.0 63.0 1.0 0.0 3.0
973 63.0 63.0 1.0 0.0 3.0
974 63.0 63.0 1.0 0.0 3.0
975 63.0 63.0 1.0 0.0 3.0
976 63.0 63.0 1.0 0.0 3.0
977 63.0 63.0 1.0 0.0 3.0
978 63.0 63.0 1.0 0.0 3.0
979 63.0 63.0 1.0 0.0 3.0
980 63.0 63.0 1.0 0.0 3.0
981 63.0 63.0 1.0 0.0 3.0
982 63.0 63.0 1.0 0.0 3.0
983 63.0 63.0 1.0 0.0 3.0
984 63.0 63.0 1.0 0.0 3.0
985 63.0 63.0 1.0 0.0 3.0
986 63.0 63.0 1.0 0.0 3.0
987 63.0 63.0 1.0 0.0 3.0
988 63.0 63.0 1.0 0.0 3.0
989 63.0 63.0 1.0 0.0 3.0
990 63.0 63.0 1.0 0.0 3.0
991 63.0 63.0 1.0 0.0 3.0
992 63.0 63.0 1.0 0.0 3.0
993 63.0 63.0 1.0 0.0 3.0
994 63.0 63.0 1.0 0.0 3.0
995 63.0 63.0 1.0 0.0 3.0
996 63.0 63.0 1.0 0.0 3.0
997 63.0 63.0 1.0 0.0 3.0
998 63.0 63.0 1.0 0.0 3.0
999 63.0 63.0 1.0 0.0 3.0
1000 63.0 63.0 1.0 0.0 3.0
