gen HV HVnoDiscount fitness_notKilledMutants notKilledNonEqMutants fitness_testSuiteSize
1 17.806640625 16.0 5.7900390625 5.0 6.0
2 17.806640625 16.0 5.7900390625 5.0 6.0
3 17.806640625 16.0 5.7900390625 5.0 6.0
4 17.806640625 16.0 5.7900390625 5.0 6.0
5 17.806640625 16.0 5.7900390625 5.0 6.0
6 17.806640625 16.0 5.7900390625 5.0 6.0
7 17.806640625 16.0 5.7900390625 5.0 6.0
8 17.806640625 16.0 5.7900390625 5.0 6.0
9 18.802734375 17.0 5.63671875 5.0 6.0
10 18.802734375 17.0 5.63671875 5.0 6.0
11 18.802734375 17.0 5.63671875 5.0 6.0
12 23.1103515625 20.0 5.5576171875 5.0 5.0
13 23.1103515625 20.0 5.5576171875 5.0 5.0
14 23.1103515625 20.0 5.5576171875 5.0 5.0
15 23.1103515625 20.0 5.5576171875 5.0 5.0
16 23.1103515625 20.0 5.5576171875 5.0 5.0
17 23.1103515625 20.0 5.5576171875 5.0 5.0
18 23.1103515625 20.0 5.5576171875 5.0 5.0
19 23.1103515625 20.0 5.5576171875 5.0 5.0
20 23.1103515625 20.0 5.5576171875 5.0 5.0
21 42.533203125 38.0 0.3544921875 0.0 6.0
22 42.533203125 38.0 0.3544921875 0.0 6.0
23 42.533203125 38.0 0.3544921875 0.0 6.0
24 43.2197265625 38.0 0.310546875 0.0 6.0
25 43.2197265625 38.0 0.310546875 0.0 6.0
26 43.2197265625 38.0 0.310546875 0.0 6.0
27 43.2197265625 38.0 0.310546875 0.0 6.0
28 43.2197265625 38.0 0.310546875 0.0 6.0
29 43.2197265625 38.0 0.310546875 0.0 6.0
30 43.2197265625 38.0 0.310546875 0.0 6.0
31 43.2197265625 38.0 0.310546875 0.0 6.0
32 43.2197265625 38.0 0.310546875 0.0 6.0
33 59.6533203125 54.0 0.193359375 0.0 4.0
34 59.6533203125 54.0 0.193359375 0.0 4.0
35 59.6533203125 54.0 0.193359375 0.0 4.0
36 59.6533203125 54.0 0.193359375 0.0 4.0
37 59.6533203125 54.0 0.193359375 0.0 4.0
38 59.6533203125 54.0 0.193359375 0.0 4.0
39 59.6533203125 54.0 0.193359375 0.0 4.0
40 59.6533203125 54.0 0.193359375 0.0 4.0
41 59.6533203125 54.0 0.193359375 0.0 4.0
42 59.6533203125 54.0 0.193359375 0.0 4.0
43 59.6533203125 54.0 0.193359375 0.0 4.0
44 59.6533203125 54.0 0.109375 0.0 7.0
45 59.6533203125 54.0 0.109375 0.0 7.0
46 59.6533203125 54.0 0.109375 0.0 7.0
47 59.6533203125 54.0 0.109375 0.0 7.0
48 59.6533203125 54.0 0.109375 0.0 7.0
49 59.6533203125 54.0 0.109375 0.0 7.0
50 59.6533203125 54.0 0.109375 0.0 7.0
51 59.6533203125 54.0 0.109375 0.0 7.0
52 59.6533203125 54.0 0.109375 0.0 7.0
53 59.6533203125 54.0 0.109375 0.0 7.0
54 59.6533203125 54.0 0.109375 0.0 7.0
55 59.6533203125 54.0 0.109375 0.0 7.0
56 59.6533203125 54.0 0.109375 0.0 7.0
57 59.6533203125 54.0 0.109375 0.0 7.0
58 59.6533203125 54.0 0.109375 0.0 7.0
59 59.6533203125 54.0 0.109375 0.0 7.0
60 59.6533203125 54.0 0.109375 0.0 7.0
61 59.6533203125 54.0 0.109375 0.0 7.0
62 69.6923828125 63.0 0.0439453125 0.0 3.0
63 69.6923828125 63.0 0.0439453125 0.0 3.0
64 69.6923828125 63.0 0.0439453125 0.0 3.0
65 69.6923828125 63.0 0.0439453125 0.0 3.0
66 69.6923828125 63.0 0.0439453125 0.0 3.0
67 69.6923828125 63.0 0.0439453125 0.0 3.0
68 69.6923828125 63.0 0.0439453125 0.0 3.0
69 69.6923828125 63.0 0.0439453125 0.0 3.0
70 69.6923828125 63.0 0.0439453125 0.0 3.0
71 69.6923828125 63.0 0.0439453125 0.0 3.0
72 69.6923828125 63.0 0.0439453125 0.0 3.0
73 69.6923828125 63.0 0.02734375 0.0 6.0
74 69.6923828125 63.0 0.02734375 0.0 6.0
75 69.6923828125 63.0 0.02734375 0.0 6.0
76 69.6923828125 63.0 0.02734375 0.0 6.0
77 69.6923828125 63.0 0.021484375 0.0 6.0
78 69.6923828125 63.0 0.021484375 0.0 6.0
79 69.6923828125 63.0 0.021484375 0.0 6.0
80 69.6923828125 63.0 0.021484375 0.0 6.0
81 69.6923828125 63.0 0.021484375 0.0 6.0
82 69.6923828125 63.0 0.021484375 0.0 6.0
83 69.6923828125 63.0 0.021484375 0.0 6.0
84 69.6923828125 63.0 0.021484375 0.0 6.0
85 69.6923828125 63.0 0.021484375 0.0 6.0
86 69.6923828125 63.0 0.021484375 0.0 6.0
87 69.6923828125 63.0 0.021484375 0.0 6.0
88 69.6923828125 63.0 0.021484375 0.0 6.0
89 69.6923828125 63.0 0.021484375 0.0 6.0
90 69.6923828125 63.0 0.021484375 0.0 6.0
91 69.6923828125 63.0 0.021484375 0.0 6.0
92 69.6923828125 63.0 0.021484375 0.0 6.0
93 69.6923828125 63.0 0.021484375 0.0 6.0
94 69.6923828125 63.0 0.021484375 0.0 6.0
95 69.6923828125 63.0 0.021484375 0.0 6.0
96 69.6923828125 63.0 0.021484375 0.0 6.0
97 69.6923828125 63.0 0.021484375 0.0 6.0
98 69.6923828125 63.0 0.021484375 0.0 6.0
99 69.6923828125 63.0 0.021484375 0.0 6.0
100 69.6923828125 63.0 0.0107421875 0.0 6.0
101 69.6923828125 63.0 0.0107421875 0.0 6.0
102 69.6923828125 63.0 0.0107421875 0.0 6.0
103 69.6923828125 63.0 0.0107421875 0.0 6.0
104 69.6923828125 63.0 0.0107421875 0.0 6.0
105 69.6923828125 63.0 0.0107421875 0.0 6.0
106 69.6923828125 63.0 0.0087890625 0.0 4.0
107 69.6923828125 63.0 0.0087890625 0.0 4.0
108 69.6923828125 63.0 0.0087890625 0.0 4.0
109 69.6923828125 63.0 0.0087890625 0.0 4.0
110 69.6923828125 63.0 0.0087890625 0.0 4.0
111 69.6923828125 63.0 0.0087890625 0.0 4.0
112 69.6923828125 63.0 0.0087890625 0.0 4.0
113 69.6923828125 63.0 0.0087890625 0.0 4.0
114 69.6923828125 63.0 0.0087890625 0.0 4.0
115 69.6923828125 63.0 0.0087890625 0.0 4.0
116 69.6923828125 63.0 0.0087890625 0.0 4.0
117 69.6923828125 63.0 0.0087890625 0.0 4.0
118 69.6923828125 63.0 0.0087890625 0.0 4.0
119 69.6923828125 63.0 0.0087890625 0.0 4.0
120 69.6923828125 63.0 0.0087890625 0.0 4.0
121 69.6923828125 63.0 0.0087890625 0.0 4.0
122 69.6923828125 63.0 0.0087890625 0.0 4.0
123 69.6923828125 63.0 0.0048828125 0.0 6.0
124 69.6923828125 63.0 0.0048828125 0.0 6.0
125 69.6923828125 63.0 0.0048828125 0.0 6.0
126 69.6923828125 63.0 0.0048828125 0.0 6.0
127 69.6923828125 63.0 0.0048828125 0.0 6.0
128 69.6923828125 63.0 0.0048828125 0.0 6.0
129 69.6923828125 63.0 0.0048828125 0.0 4.0
130 69.6923828125 63.0 0.0048828125 0.0 4.0
131 69.6923828125 63.0 0.0048828125 0.0 4.0
132 69.6923828125 63.0 0.0048828125 0.0 4.0
133 69.6923828125 63.0 0.0048828125 0.0 4.0
134 69.6923828125 63.0 0.0048828125 0.0 4.0
135 69.6923828125 63.0 0.0048828125 0.0 4.0
136 69.6923828125 63.0 0.0048828125 0.0 4.0
137 69.6923828125 63.0 0.0048828125 0.0 4.0
138 69.6923828125 63.0 0.0048828125 0.0 4.0
139 69.6923828125 63.0 0.0048828125 0.0 4.0
140 69.6923828125 63.0 0.0048828125 0.0 4.0
141 69.6923828125 63.0 0.0048828125 0.0 4.0
142 69.6923828125 63.0 0.0048828125 0.0 4.0
143 69.6923828125 63.0 0.0048828125 0.0 4.0
144 69.6923828125 63.0 0.0048828125 0.0 4.0
145 69.6923828125 63.0 0.0048828125 0.0 4.0
146 69.6923828125 63.0 0.0048828125 0.0 4.0
147 69.6923828125 63.0 0.0048828125 0.0 4.0
148 69.6923828125 63.0 0.0048828125 0.0 4.0
149 69.6923828125 63.0 0.0048828125 0.0 4.0
150 69.6923828125 63.0 0.0048828125 0.0 4.0
151 69.6923828125 63.0 0.0048828125 0.0 4.0
152 69.6923828125 63.0 0.0048828125 0.0 4.0
153 69.6923828125 63.0 0.0048828125 0.0 4.0
154 69.6923828125 63.0 0.0048828125 0.0 4.0
155 69.6923828125 63.0 0.0048828125 0.0 4.0
156 69.6923828125 63.0 0.0048828125 0.0 4.0
157 69.6923828125 63.0 0.0048828125 0.0 4.0
158 69.6923828125 63.0 0.0048828125 0.0 4.0
159 69.6923828125 63.0 0.0048828125 0.0 4.0
160 69.6923828125 63.0 0.0048828125 0.0 4.0
161 69.6923828125 63.0 0.0048828125 0.0 4.0
162 69.6923828125 63.0 0.0048828125 0.0 4.0
163 69.6923828125 63.0 0.0048828125 0.0 4.0
164 69.6923828125 63.0 0.0048828125 0.0 4.0
165 69.6923828125 63.0 0.0048828125 0.0 4.0
166 69.6923828125 63.0 0.0048828125 0.0 4.0
167 69.6923828125 63.0 0.0048828125 0.0 4.0
168 69.6923828125 63.0 0.0048828125 0.0 4.0
169 69.6923828125 63.0 0.0048828125 0.0 4.0
170 69.6923828125 63.0 0.0048828125 0.0 4.0
171 69.6923828125 63.0 0.0048828125 0.0 4.0
172 69.6923828125 63.0 0.0048828125 0.0 4.0
173 69.6923828125 63.0 0.0048828125 0.0 4.0
174 69.6923828125 63.0 0.0048828125 0.0 4.0
175 69.6923828125 63.0 0.0048828125 0.0 4.0
176 69.6923828125 63.0 0.0048828125 0.0 4.0
177 69.6923828125 63.0 0.0048828125 0.0 4.0
178 69.6923828125 63.0 0.0048828125 0.0 4.0
179 69.6923828125 63.0 0.0048828125 0.0 4.0
180 69.6923828125 63.0 0.0048828125 0.0 4.0
181 69.6923828125 63.0 0.0048828125 0.0 4.0
182 69.6923828125 63.0 0.0048828125 0.0 4.0
183 69.6923828125 63.0 0.0048828125 0.0 4.0
184 69.6923828125 63.0 0.0048828125 0.0 4.0
185 69.6923828125 63.0 0.0048828125 0.0 4.0
186 69.6923828125 63.0 0.0048828125 0.0 4.0
187 69.6923828125 63.0 0.0048828125 0.0 4.0
188 69.6923828125 63.0 0.0048828125 0.0 4.0
189 69.6923828125 63.0 0.0048828125 0.0 4.0
190 69.6923828125 63.0 0.0048828125 0.0 4.0
191 69.6923828125 63.0 0.0048828125 0.0 4.0
192 69.6923828125 63.0 0.0048828125 0.0 4.0
193 69.6923828125 63.0 0.0048828125 0.0 4.0
194 69.6923828125 63.0 0.0048828125 0.0 4.0
195 69.6923828125 63.0 0.0048828125 0.0 4.0
196 69.6923828125 63.0 0.0048828125 0.0 4.0
197 69.6923828125 63.0 0.0048828125 0.0 4.0
198 69.6923828125 63.0 0.0048828125 0.0 4.0
199 69.6923828125 63.0 0.0048828125 0.0 4.0
200 69.6923828125 63.0 0.0 0.0 6.0
201 69.6923828125 63.0 0.0 0.0 6.0
202 69.6923828125 63.0 0.0 0.0 6.0
203 69.6923828125 63.0 0.0 0.0 6.0
204 69.6923828125 63.0 0.0 0.0 6.0
205 69.6923828125 63.0 0.0 0.0 6.0
206 69.6923828125 63.0 0.0 0.0 6.0
207 69.6923828125 63.0 0.0 0.0 6.0
208 69.6923828125 63.0 0.0 0.0 6.0
209 69.6923828125 63.0 0.0 0.0 6.0
210 69.6923828125 63.0 0.0 0.0 6.0
211 69.6923828125 63.0 0.0 0.0 6.0
212 69.6923828125 63.0 0.0 0.0 6.0
213 69.6923828125 63.0 0.0 0.0 6.0
214 69.6923828125 63.0 0.0 0.0 6.0
215 69.6923828125 63.0 0.0 0.0 6.0
216 69.6923828125 63.0 0.0 0.0 6.0
217 69.6923828125 63.0 0.0 0.0 6.0
218 69.6923828125 63.0 0.0 0.0 6.0
219 69.6923828125 63.0 0.0 0.0 6.0
220 69.6923828125 63.0 0.0 0.0 6.0
221 69.6923828125 63.0 0.0 0.0 6.0
222 69.6923828125 63.0 0.0 0.0 6.0
223 69.6923828125 63.0 0.0 0.0 6.0
224 69.6923828125 63.0 0.0 0.0 6.0
225 69.6923828125 63.0 0.0 0.0 6.0
226 69.6923828125 63.0 0.0 0.0 6.0
227 69.6923828125 63.0 0.0 0.0 6.0
228 69.6923828125 63.0 0.0 0.0 6.0
229 69.6923828125 63.0 0.0 0.0 6.0
230 69.6923828125 63.0 0.0 0.0 6.0
231 69.6923828125 63.0 0.0 0.0 6.0
232 69.6923828125 63.0 0.0 0.0 6.0
233 69.6923828125 63.0 0.0 0.0 6.0
234 69.6923828125 63.0 0.0 0.0 6.0
235 69.6923828125 63.0 0.0 0.0 6.0
236 69.6923828125 63.0 0.0 0.0 6.0
237 69.6923828125 63.0 0.0 0.0 6.0
238 69.6923828125 63.0 0.0 0.0 6.0
239 69.6923828125 63.0 0.0 0.0 6.0
240 69.6923828125 63.0 0.0 0.0 6.0
241 69.6923828125 63.0 0.0 0.0 6.0
242 69.6923828125 63.0 0.0 0.0 6.0
243 69.6923828125 63.0 0.0 0.0 6.0
244 69.6923828125 63.0 0.0 0.0 6.0
245 69.6923828125 63.0 0.0 0.0 6.0
246 69.6923828125 63.0 0.0 0.0 6.0
247 69.6923828125 63.0 0.0 0.0 6.0
248 69.6923828125 63.0 0.0 0.0 6.0
249 69.6923828125 63.0 0.0 0.0 6.0
250 69.6923828125 63.0 0.0 0.0 6.0
251 69.6923828125 63.0 0.0 0.0 6.0
252 69.6923828125 63.0 0.0 0.0 6.0
253 69.6923828125 63.0 0.0 0.0 6.0
254 69.6923828125 63.0 0.0 0.0 6.0
255 69.6923828125 63.0 0.0 0.0 6.0
256 69.6923828125 63.0 0.0 0.0 6.0
257 69.6923828125 63.0 0.0 0.0 6.0
258 69.6923828125 63.0 0.0 0.0 6.0
259 69.6923828125 63.0 0.0 0.0 6.0
260 69.6923828125 63.0 0.0 0.0 6.0
261 69.6923828125 63.0 0.0 0.0 6.0
262 69.6923828125 63.0 0.0 0.0 6.0
263 69.6923828125 63.0 0.0 0.0 6.0
264 69.6923828125 63.0 0.0 0.0 6.0
265 69.6923828125 63.0 0.0 0.0 6.0
266 69.6923828125 63.0 0.0 0.0 6.0
267 69.6923828125 63.0 0.0 0.0 6.0
268 69.6923828125 63.0 0.0 0.0 6.0
269 69.6923828125 63.0 0.0 0.0 6.0
270 69.6923828125 63.0 0.0 0.0 6.0
271 69.6923828125 63.0 0.0 0.0 6.0
272 69.6923828125 63.0 0.0 0.0 6.0
273 69.6923828125 63.0 0.0 0.0 6.0
274 69.6923828125 63.0 0.0 0.0 6.0
275 69.6923828125 63.0 0.0 0.0 6.0
276 69.6923828125 63.0 0.0 0.0 6.0
277 69.6923828125 63.0 0.0 0.0 6.0
278 69.6923828125 63.0 0.0 0.0 6.0
279 69.6923828125 63.0 0.0 0.0 6.0
280 69.6923828125 63.0 0.0 0.0 6.0
281 69.6923828125 63.0 0.0 0.0 6.0
282 69.6923828125 63.0 0.0 0.0 6.0
283 69.6923828125 63.0 0.0 0.0 6.0
284 69.6923828125 63.0 0.0 0.0 6.0
285 69.6923828125 63.0 0.0 0.0 6.0
286 69.6923828125 63.0 0.0 0.0 6.0
287 69.6923828125 63.0 0.0 0.0 6.0
288 69.6923828125 63.0 0.0 0.0 6.0
289 69.6923828125 63.0 0.0 0.0 6.0
290 69.6923828125 63.0 0.0 0.0 6.0
291 69.6923828125 63.0 0.0 0.0 6.0
292 69.6923828125 63.0 0.0 0.0 6.0
293 69.6923828125 63.0 0.0 0.0 6.0
294 69.6923828125 63.0 0.0 0.0 6.0
295 69.6923828125 63.0 0.0 0.0 6.0
296 69.6923828125 63.0 0.0 0.0 6.0
297 69.6923828125 63.0 0.0 0.0 6.0
298 69.6923828125 63.0 0.0 0.0 6.0
299 69.6923828125 63.0 0.0 0.0 6.0
300 69.6923828125 63.0 0.0 0.0 6.0
301 69.6923828125 63.0 0.0 0.0 6.0
302 69.6923828125 63.0 0.0 0.0 6.0
303 69.6923828125 63.0 0.0 0.0 6.0
304 69.6923828125 63.0 0.0 0.0 6.0
305 69.6923828125 63.0 0.0 0.0 6.0
306 69.6923828125 63.0 0.0 0.0 6.0
307 69.6923828125 63.0 0.0 0.0 6.0
308 69.6923828125 63.0 0.0 0.0 6.0
309 69.6923828125 63.0 0.0 0.0 6.0
310 69.6923828125 63.0 0.0 0.0 6.0
311 69.6923828125 63.0 0.0 0.0 6.0
312 69.6923828125 63.0 0.0 0.0 6.0
313 69.6923828125 63.0 0.0 0.0 6.0
314 69.6923828125 63.0 0.0 0.0 6.0
315 69.6923828125 63.0 0.0 0.0 6.0
316 69.6923828125 63.0 0.0 0.0 6.0
317 69.6923828125 63.0 0.0 0.0 6.0
318 69.6923828125 63.0 0.0 0.0 6.0
319 69.6923828125 63.0 0.0 0.0 6.0
320 69.6923828125 63.0 0.0 0.0 6.0
321 69.6923828125 63.0 0.0 0.0 6.0
322 69.6923828125 63.0 0.0 0.0 6.0
323 69.6923828125 63.0 0.0 0.0 6.0
324 69.6923828125 63.0 0.0 0.0 6.0
325 69.6923828125 63.0 0.0 0.0 6.0
326 69.6923828125 63.0 0.0 0.0 6.0
327 69.6923828125 63.0 0.0 0.0 6.0
328 69.6923828125 63.0 0.0 0.0 6.0
329 69.6923828125 63.0 0.0 0.0 6.0
330 69.6923828125 63.0 0.0 0.0 6.0
331 69.6923828125 63.0 0.0 0.0 6.0
332 69.6923828125 63.0 0.0 0.0 6.0
333 69.6923828125 63.0 0.0 0.0 6.0
334 69.6923828125 63.0 0.0 0.0 6.0
335 69.6923828125 63.0 0.0 0.0 6.0
336 69.6923828125 63.0 0.0 0.0 6.0
337 69.6923828125 63.0 0.0 0.0 6.0
338 69.6923828125 63.0 0.0 0.0 6.0
339 69.6923828125 63.0 0.0 0.0 6.0
340 69.6923828125 63.0 0.0 0.0 6.0
341 69.6923828125 63.0 0.0 0.0 6.0
342 69.6923828125 63.0 0.0 0.0 6.0
343 69.6923828125 63.0 0.0 0.0 6.0
344 69.6923828125 63.0 0.0 0.0 6.0
345 69.6923828125 63.0 0.0 0.0 6.0
346 69.6923828125 63.0 0.0 0.0 6.0
347 69.6923828125 63.0 0.0 0.0 6.0
348 69.6923828125 63.0 0.0 0.0 6.0
349 69.6923828125 63.0 0.0 0.0 6.0
350 69.6923828125 63.0 0.0 0.0 6.0
351 69.6923828125 63.0 0.0 0.0 6.0
352 69.6923828125 63.0 0.0 0.0 6.0
353 69.6923828125 63.0 0.0 0.0 6.0
354 69.6923828125 63.0 0.0 0.0 6.0
355 69.6923828125 63.0 0.0 0.0 6.0
356 69.6923828125 63.0 0.0 0.0 6.0
357 69.6923828125 63.0 0.0 0.0 6.0
358 69.6923828125 63.0 0.0 0.0 6.0
359 69.6923828125 63.0 0.0 0.0 6.0
360 69.6923828125 63.0 0.0 0.0 6.0
361 69.6923828125 63.0 0.0 0.0 6.0
362 69.6923828125 63.0 0.0 0.0 6.0
363 69.6923828125 63.0 0.0 0.0 6.0
364 69.6923828125 63.0 0.0 0.0 6.0
365 69.6923828125 63.0 0.0 0.0 6.0
366 69.6923828125 63.0 0.0 0.0 6.0
367 69.6923828125 63.0 0.0 0.0 6.0
368 69.6923828125 63.0 0.0 0.0 6.0
369 69.6923828125 63.0 0.0 0.0 6.0
370 69.6923828125 63.0 0.0 0.0 6.0
371 69.6923828125 63.0 0.0 0.0 6.0
372 69.6923828125 63.0 0.0 0.0 6.0
373 69.6923828125 63.0 0.0 0.0 6.0
374 69.6923828125 63.0 0.0 0.0 6.0
375 69.6923828125 63.0 0.0 0.0 6.0
376 69.6923828125 63.0 0.0 0.0 6.0
377 69.6923828125 63.0 0.0 0.0 6.0
378 69.6923828125 63.0 0.0 0.0 6.0
379 69.6923828125 63.0 0.0 0.0 6.0
380 69.6923828125 63.0 0.0 0.0 6.0
381 69.6923828125 63.0 0.0 0.0 6.0
382 69.6923828125 63.0 0.0 0.0 6.0
383 69.6923828125 63.0 0.0 0.0 6.0
384 69.6923828125 63.0 0.0 0.0 6.0
385 69.6923828125 63.0 0.0 0.0 6.0
386 69.6923828125 63.0 0.0 0.0 6.0
387 69.6923828125 63.0 0.0 0.0 6.0
388 69.6923828125 63.0 0.0 0.0 6.0
389 69.6923828125 63.0 0.0 0.0 6.0
390 69.6923828125 63.0 0.0 0.0 6.0
391 69.6923828125 63.0 0.0 0.0 6.0
392 69.6923828125 63.0 0.0 0.0 6.0
393 69.6923828125 63.0 0.0 0.0 6.0
394 69.6923828125 63.0 0.0 0.0 6.0
395 69.6923828125 63.0 0.0 0.0 6.0
396 69.6923828125 63.0 0.0 0.0 6.0
397 69.6923828125 63.0 0.0 0.0 6.0
398 69.6923828125 63.0 0.0 0.0 6.0
399 69.6923828125 63.0 0.0 0.0 6.0
400 69.6923828125 63.0 0.0 0.0 6.0
401 69.6923828125 63.0 0.0 0.0 6.0
402 69.6923828125 63.0 0.0 0.0 6.0
403 69.6923828125 63.0 0.0 0.0 6.0
404 69.6923828125 63.0 0.0 0.0 6.0
405 69.6923828125 63.0 0.0 0.0 6.0
406 69.6923828125 63.0 0.0 0.0 6.0
407 69.6923828125 63.0 0.0 0.0 6.0
408 69.6923828125 63.0 0.0 0.0 6.0
409 69.6923828125 63.0 0.0 0.0 6.0
410 69.6923828125 63.0 0.0 0.0 6.0
411 69.6923828125 63.0 0.0 0.0 6.0
412 69.6923828125 63.0 0.0 0.0 6.0
413 69.6923828125 63.0 0.0 0.0 6.0
414 69.6923828125 63.0 0.0 0.0 6.0
415 69.6923828125 63.0 0.0 0.0 4.0
416 69.6923828125 63.0 0.0 0.0 4.0
417 69.6923828125 63.0 0.0 0.0 4.0
418 69.6923828125 63.0 0.0 0.0 4.0
419 69.6923828125 63.0 0.0 0.0 4.0
420 69.6923828125 63.0 0.0 0.0 4.0
421 69.6923828125 63.0 0.0 0.0 4.0
422 69.6923828125 63.0 0.0 0.0 4.0
423 69.6923828125 63.0 0.0 0.0 4.0
424 69.6923828125 63.0 0.0 0.0 4.0
425 69.6923828125 63.0 0.0 0.0 4.0
426 69.6923828125 63.0 0.0 0.0 4.0
427 69.6923828125 63.0 0.0 0.0 4.0
428 69.6923828125 63.0 0.0 0.0 4.0
429 69.6923828125 63.0 0.0 0.0 4.0
430 69.6923828125 63.0 0.0 0.0 4.0
431 69.6923828125 63.0 0.0 0.0 4.0
432 69.6923828125 63.0 0.0 0.0 4.0
433 69.6923828125 63.0 0.0 0.0 4.0
434 69.6923828125 63.0 0.0 0.0 4.0
435 69.6923828125 63.0 0.0 0.0 4.0
436 69.6923828125 63.0 0.0 0.0 4.0
437 69.6923828125 63.0 0.0 0.0 4.0
438 69.6923828125 63.0 0.0 0.0 4.0
439 69.6923828125 63.0 0.0 0.0 4.0
440 69.6923828125 63.0 0.0 0.0 4.0
441 69.6923828125 63.0 0.0 0.0 4.0
442 69.6923828125 63.0 0.0 0.0 4.0
443 69.6923828125 63.0 0.0 0.0 4.0
444 69.6923828125 63.0 0.0 0.0 4.0
445 69.6923828125 63.0 0.0 0.0 4.0
446 69.6923828125 63.0 0.0 0.0 4.0
447 69.6923828125 63.0 0.0 0.0 4.0
448 69.6923828125 63.0 0.0 0.0 4.0
449 69.6923828125 63.0 0.0 0.0 4.0
450 69.6923828125 63.0 0.0 0.0 4.0
451 69.6923828125 63.0 0.0 0.0 4.0
452 69.6923828125 63.0 0.0 0.0 4.0
453 69.6923828125 63.0 0.0 0.0 4.0
454 69.6923828125 63.0 0.0 0.0 4.0
455 69.6923828125 63.0 0.0 0.0 4.0
456 69.6923828125 63.0 0.0 0.0 4.0
457 69.6923828125 63.0 0.0 0.0 4.0
458 69.6923828125 63.0 0.0 0.0 4.0
459 69.6923828125 63.0 0.0 0.0 4.0
460 69.6923828125 63.0 0.0 0.0 4.0
461 69.6923828125 63.0 0.0 0.0 4.0
462 69.6923828125 63.0 0.0 0.0 4.0
463 69.6923828125 63.0 0.0 0.0 4.0
464 69.6923828125 63.0 0.0 0.0 4.0
465 69.6923828125 63.0 0.0 0.0 4.0
466 69.6923828125 63.0 0.0 0.0 4.0
467 69.6923828125 63.0 0.0 0.0 4.0
468 69.6923828125 63.0 0.0 0.0 4.0
469 69.6923828125 63.0 0.0 0.0 4.0
470 69.6923828125 63.0 0.0 0.0 4.0
471 69.6923828125 63.0 0.0 0.0 4.0
472 69.6923828125 63.0 0.0 0.0 4.0
473 69.6923828125 63.0 0.0 0.0 4.0
474 69.6923828125 63.0 0.0 0.0 4.0
475 69.6923828125 63.0 0.0 0.0 4.0
476 69.6923828125 63.0 0.0 0.0 4.0
477 69.6923828125 63.0 0.0 0.0 4.0
478 69.6923828125 63.0 0.0 0.0 4.0
479 69.6923828125 63.0 0.0 0.0 4.0
480 69.6923828125 63.0 0.0 0.0 4.0
481 69.6923828125 63.0 0.0 0.0 4.0
482 69.6923828125 63.0 0.0 0.0 4.0
483 69.6923828125 63.0 0.0 0.0 4.0
484 69.6923828125 63.0 0.0 0.0 4.0
485 69.6923828125 63.0 0.0 0.0 4.0
486 69.6923828125 63.0 0.0 0.0 4.0
487 69.6923828125 63.0 0.0 0.0 4.0
488 69.6923828125 63.0 0.0 0.0 4.0
489 69.6923828125 63.0 0.0 0.0 4.0
490 69.6923828125 63.0 0.0 0.0 4.0
491 69.6923828125 63.0 0.0 0.0 4.0
492 69.6923828125 63.0 0.0 0.0 4.0
493 69.6923828125 63.0 0.0 0.0 4.0
494 69.6923828125 63.0 0.0 0.0 4.0
495 69.6923828125 63.0 0.0 0.0 4.0
496 69.6923828125 63.0 0.0 0.0 4.0
497 69.6923828125 63.0 0.0 0.0 4.0
498 69.6923828125 63.0 0.0 0.0 4.0
499 69.6923828125 63.0 0.0 0.0 4.0
500 69.6923828125 63.0 0.0 0.0 4.0
501 69.6923828125 63.0 0.0 0.0 4.0
502 69.6923828125 63.0 0.0 0.0 4.0
503 69.6923828125 63.0 0.0 0.0 4.0
504 69.6923828125 63.0 0.0 0.0 4.0
505 69.6923828125 63.0 0.0 0.0 4.0
506 69.6923828125 63.0 0.0 0.0 4.0
507 69.6923828125 63.0 0.0 0.0 4.0
508 69.6923828125 63.0 0.0 0.0 4.0
509 69.6923828125 63.0 0.0 0.0 4.0
510 69.6923828125 63.0 0.0 0.0 4.0
511 69.6923828125 63.0 0.0 0.0 4.0
512 69.6923828125 63.0 0.0 0.0 4.0
513 69.6923828125 63.0 0.0 0.0 4.0
514 69.6923828125 63.0 0.0 0.0 4.0
515 69.6923828125 63.0 0.0 0.0 4.0
516 69.6923828125 63.0 0.0 0.0 4.0
517 69.6923828125 63.0 0.0 0.0 4.0
518 69.6923828125 63.0 0.0 0.0 4.0
519 69.6923828125 63.0 0.0 0.0 4.0
520 69.6923828125 63.0 0.0 0.0 4.0
521 69.6923828125 63.0 0.0 0.0 4.0
522 69.6923828125 63.0 0.0 0.0 4.0
523 69.6923828125 63.0 0.0 0.0 4.0
524 69.6923828125 63.0 0.0 0.0 4.0
525 69.6923828125 63.0 0.0 0.0 4.0
526 69.6923828125 63.0 0.0 0.0 4.0
527 69.6923828125 63.0 0.0 0.0 4.0
528 69.6923828125 63.0 0.0 0.0 4.0
529 69.6923828125 63.0 0.0 0.0 4.0
530 69.6923828125 63.0 0.0 0.0 4.0
531 69.6923828125 63.0 0.0 0.0 4.0
532 69.6923828125 63.0 0.0 0.0 4.0
533 69.6923828125 63.0 0.0 0.0 4.0
534 69.6923828125 63.0 0.0 0.0 4.0
535 69.6923828125 63.0 0.0 0.0 4.0
536 69.6923828125 63.0 0.0 0.0 4.0
537 69.6923828125 63.0 0.0 0.0 4.0
538 69.6923828125 63.0 0.0 0.0 4.0
539 69.6923828125 63.0 0.0 0.0 4.0
540 69.6923828125 63.0 0.0 0.0 4.0
541 69.6923828125 63.0 0.0 0.0 4.0
542 69.6923828125 63.0 0.0 0.0 4.0
543 69.6923828125 63.0 0.0 0.0 4.0
544 69.6923828125 63.0 0.0 0.0 4.0
545 69.6923828125 63.0 0.0 0.0 4.0
546 69.6923828125 63.0 0.0 0.0 4.0
547 69.6923828125 63.0 0.0 0.0 4.0
548 69.6923828125 63.0 0.0 0.0 4.0
549 69.6923828125 63.0 0.0 0.0 4.0
550 69.6923828125 63.0 0.0 0.0 4.0
551 69.6923828125 63.0 0.0 0.0 4.0
552 69.6923828125 63.0 0.0 0.0 4.0
553 69.6923828125 63.0 0.0 0.0 4.0
554 69.6923828125 63.0 0.0 0.0 4.0
555 71.0 63.0 0.0 0.0 3.0
556 71.0 63.0 0.0 0.0 3.0
557 71.0 63.0 0.0 0.0 3.0
558 71.0 63.0 0.0 0.0 3.0
559 71.0 63.0 0.0 0.0 3.0
560 71.0 63.0 0.0 0.0 3.0
561 71.0 63.0 0.0 0.0 3.0
562 71.0 63.0 0.0 0.0 3.0
563 71.0 63.0 0.0 0.0 3.0
564 71.0 63.0 0.0 0.0 3.0
565 71.0 63.0 0.0 0.0 3.0
566 71.0 63.0 0.0 0.0 3.0
567 71.0 63.0 0.0 0.0 3.0
568 71.0 63.0 0.0 0.0 3.0
569 71.0 63.0 0.0 0.0 3.0
570 71.0 63.0 0.0 0.0 3.0
571 71.0 63.0 0.0 0.0 3.0
572 71.0 63.0 0.0 0.0 3.0
573 71.0 63.0 0.0 0.0 3.0
574 71.0 63.0 0.0 0.0 3.0
575 71.0 63.0 0.0 0.0 3.0
576 71.0 63.0 0.0 0.0 3.0
577 71.0 63.0 0.0 0.0 3.0
578 71.0 63.0 0.0 0.0 3.0
579 71.0 63.0 0.0 0.0 3.0
580 71.0 63.0 0.0 0.0 3.0
581 71.0 63.0 0.0 0.0 3.0
582 71.0 63.0 0.0 0.0 3.0
583 71.0 63.0 0.0 0.0 3.0
584 71.0 63.0 0.0 0.0 3.0
585 71.0 63.0 0.0 0.0 3.0
586 71.0 63.0 0.0 0.0 3.0
587 71.0 63.0 0.0 0.0 3.0
588 71.0 63.0 0.0 0.0 3.0
589 71.0 63.0 0.0 0.0 3.0
590 71.0 63.0 0.0 0.0 3.0
591 71.0 63.0 0.0 0.0 3.0
592 71.0 63.0 0.0 0.0 3.0
593 71.0 63.0 0.0 0.0 3.0
594 71.0 63.0 0.0 0.0 3.0
595 71.0 63.0 0.0 0.0 3.0
596 71.0 63.0 0.0 0.0 3.0
597 71.0 63.0 0.0 0.0 3.0
598 71.0 63.0 0.0 0.0 3.0
599 71.0 63.0 0.0 0.0 3.0
600 71.0 63.0 0.0 0.0 3.0
601 71.0 63.0 0.0 0.0 3.0
602 71.0 63.0 0.0 0.0 3.0
603 71.0 63.0 0.0 0.0 3.0
604 71.0 63.0 0.0 0.0 3.0
605 71.0 63.0 0.0 0.0 3.0
606 71.0 63.0 0.0 0.0 3.0
607 71.0 63.0 0.0 0.0 3.0
608 71.0 63.0 0.0 0.0 3.0
609 71.0 63.0 0.0 0.0 3.0
610 71.0 63.0 0.0 0.0 3.0
611 71.0 63.0 0.0 0.0 3.0
612 71.0 63.0 0.0 0.0 3.0
613 71.0 63.0 0.0 0.0 3.0
614 71.0 63.0 0.0 0.0 3.0
615 71.0 63.0 0.0 0.0 3.0
616 71.0 63.0 0.0 0.0 3.0
617 71.0 63.0 0.0 0.0 3.0
618 71.0 63.0 0.0 0.0 3.0
619 71.0 63.0 0.0 0.0 3.0
620 71.0 63.0 0.0 0.0 3.0
621 71.0 63.0 0.0 0.0 3.0
622 71.0 63.0 0.0 0.0 3.0
623 71.0 63.0 0.0 0.0 3.0
624 71.0 63.0 0.0 0.0 3.0
625 71.0 63.0 0.0 0.0 3.0
626 71.0 63.0 0.0 0.0 3.0
627 71.0 63.0 0.0 0.0 3.0
628 71.0 63.0 0.0 0.0 3.0
629 71.0 63.0 0.0 0.0 3.0
630 71.0 63.0 0.0 0.0 3.0
631 71.0 63.0 0.0 0.0 3.0
632 71.0 63.0 0.0 0.0 3.0
633 71.0 63.0 0.0 0.0 3.0
634 71.0 63.0 0.0 0.0 3.0
635 71.0 63.0 0.0 0.0 3.0
636 71.0 63.0 0.0 0.0 3.0
637 71.0 63.0 0.0 0.0 3.0
638 71.0 63.0 0.0 0.0 3.0
639 71.0 63.0 0.0 0.0 3.0
640 71.0 63.0 0.0 0.0 3.0
641 71.0 63.0 0.0 0.0 3.0
642 71.0 63.0 0.0 0.0 3.0
643 71.0 63.0 0.0 0.0 3.0
644 71.0 63.0 0.0 0.0 3.0
645 71.0 63.0 0.0 0.0 3.0
646 71.0 63.0 0.0 0.0 3.0
647 71.0 63.0 0.0 0.0 3.0
648 71.0 63.0 0.0 0.0 3.0
649 71.0 63.0 0.0 0.0 3.0
650 71.0 63.0 0.0 0.0 3.0
651 71.0 63.0 0.0 0.0 3.0
652 71.0 63.0 0.0 0.0 3.0
653 71.0 63.0 0.0 0.0 3.0
654 71.0 63.0 0.0 0.0 3.0
655 71.0 63.0 0.0 0.0 3.0
656 71.0 63.0 0.0 0.0 3.0
657 71.0 63.0 0.0 0.0 3.0
658 71.0 63.0 0.0 0.0 3.0
659 71.0 63.0 0.0 0.0 3.0
660 71.0 63.0 0.0 0.0 3.0
661 71.0 63.0 0.0 0.0 3.0
662 71.0 63.0 0.0 0.0 3.0
663 71.0 63.0 0.0 0.0 3.0
664 71.0 63.0 0.0 0.0 3.0
665 71.0 63.0 0.0 0.0 3.0
666 71.0 63.0 0.0 0.0 3.0
667 71.0 63.0 0.0 0.0 3.0
668 71.0 63.0 0.0 0.0 3.0
669 71.0 63.0 0.0 0.0 3.0
670 71.0 63.0 0.0 0.0 3.0
671 71.0 63.0 0.0 0.0 3.0
672 71.0 63.0 0.0 0.0 3.0
673 71.0 63.0 0.0 0.0 3.0
674 71.0 63.0 0.0 0.0 3.0
675 71.0 63.0 0.0 0.0 3.0
676 71.0 63.0 0.0 0.0 3.0
677 71.0 63.0 0.0 0.0 3.0
678 71.0 63.0 0.0 0.0 3.0
679 71.0 63.0 0.0 0.0 3.0
680 71.0 63.0 0.0 0.0 3.0
681 71.0 63.0 0.0 0.0 3.0
682 71.0 63.0 0.0 0.0 3.0
683 71.0 63.0 0.0 0.0 3.0
684 71.0 63.0 0.0 0.0 3.0
685 71.0 63.0 0.0 0.0 3.0
686 71.0 63.0 0.0 0.0 3.0
687 71.0 63.0 0.0 0.0 3.0
688 71.0 63.0 0.0 0.0 3.0
689 71.0 63.0 0.0 0.0 3.0
690 71.0 63.0 0.0 0.0 3.0
691 71.0 63.0 0.0 0.0 3.0
692 71.0 63.0 0.0 0.0 3.0
693 71.0 63.0 0.0 0.0 3.0
694 71.0 63.0 0.0 0.0 3.0
695 71.0 63.0 0.0 0.0 3.0
696 71.0 63.0 0.0 0.0 3.0
697 71.0 63.0 0.0 0.0 3.0
698 71.0 63.0 0.0 0.0 3.0
699 71.0 63.0 0.0 0.0 3.0
700 71.0 63.0 0.0 0.0 3.0
701 71.0 63.0 0.0 0.0 3.0
702 71.0 63.0 0.0 0.0 3.0
703 71.0 63.0 0.0 0.0 3.0
704 71.0 63.0 0.0 0.0 3.0
705 71.0 63.0 0.0 0.0 3.0
706 71.0 63.0 0.0 0.0 3.0
707 71.0 63.0 0.0 0.0 3.0
708 71.0 63.0 0.0 0.0 3.0
709 71.0 63.0 0.0 0.0 3.0
710 71.0 63.0 0.0 0.0 3.0
711 71.0 63.0 0.0 0.0 3.0
712 71.0 63.0 0.0 0.0 3.0
713 71.0 63.0 0.0 0.0 3.0
714 71.0 63.0 0.0 0.0 3.0
715 71.0 63.0 0.0 0.0 3.0
716 71.0 63.0 0.0 0.0 3.0
717 71.0 63.0 0.0 0.0 3.0
718 71.0 63.0 0.0 0.0 3.0
719 71.0 63.0 0.0 0.0 3.0
720 71.0 63.0 0.0 0.0 3.0
721 71.0 63.0 0.0 0.0 3.0
722 71.0 63.0 0.0 0.0 3.0
723 71.0 63.0 0.0 0.0 3.0
724 71.0 63.0 0.0 0.0 3.0
725 71.0 63.0 0.0 0.0 3.0
726 71.0 63.0 0.0 0.0 3.0
727 71.0 63.0 0.0 0.0 3.0
728 71.0 63.0 0.0 0.0 3.0
729 71.0 63.0 0.0 0.0 3.0
730 71.0 63.0 0.0 0.0 3.0
731 71.0 63.0 0.0 0.0 3.0
732 71.0 63.0 0.0 0.0 3.0
733 71.0 63.0 0.0 0.0 3.0
734 71.0 63.0 0.0 0.0 3.0
735 71.0 63.0 0.0 0.0 3.0
736 71.0 63.0 0.0 0.0 3.0
737 71.0 63.0 0.0 0.0 3.0
738 71.0 63.0 0.0 0.0 3.0
739 71.0 63.0 0.0 0.0 3.0
740 71.0 63.0 0.0 0.0 3.0
741 71.0 63.0 0.0 0.0 3.0
742 71.0 63.0 0.0 0.0 3.0
743 71.0 63.0 0.0 0.0 3.0
744 71.0 63.0 0.0 0.0 3.0
745 71.0 63.0 0.0 0.0 3.0
746 71.0 63.0 0.0 0.0 3.0
747 71.0 63.0 0.0 0.0 3.0
748 71.0 63.0 0.0 0.0 3.0
749 71.0 63.0 0.0 0.0 3.0
750 71.0 63.0 0.0 0.0 3.0
751 71.0 63.0 0.0 0.0 3.0
752 71.0 63.0 0.0 0.0 3.0
753 71.0 63.0 0.0 0.0 3.0
754 71.0 63.0 0.0 0.0 3.0
755 71.0 63.0 0.0 0.0 3.0
756 71.0 63.0 0.0 0.0 3.0
757 71.0 63.0 0.0 0.0 3.0
758 71.0 63.0 0.0 0.0 3.0
759 71.0 63.0 0.0 0.0 3.0
760 71.0 63.0 0.0 0.0 3.0
761 71.0 63.0 0.0 0.0 3.0
762 71.0 63.0 0.0 0.0 3.0
763 71.0 63.0 0.0 0.0 3.0
764 71.0 63.0 0.0 0.0 3.0
765 71.0 63.0 0.0 0.0 3.0
766 71.0 63.0 0.0 0.0 3.0
767 71.0 63.0 0.0 0.0 3.0
768 71.0 63.0 0.0 0.0 3.0
769 71.0 63.0 0.0 0.0 3.0
770 71.0 63.0 0.0 0.0 3.0
771 71.0 63.0 0.0 0.0 3.0
772 71.0 63.0 0.0 0.0 3.0
773 71.0 63.0 0.0 0.0 3.0
774 71.0 63.0 0.0 0.0 3.0
775 71.0 63.0 0.0 0.0 3.0
776 71.0 63.0 0.0 0.0 3.0
777 90.0 81.0 0.0 0.0 1.0
778 90.0 81.0 0.0 0.0 1.0
779 90.0 81.0 0.0 0.0 1.0
780 90.0 81.0 0.0 0.0 1.0
781 90.0 81.0 0.0 0.0 1.0
782 90.0 81.0 0.0 0.0 1.0
783 90.0 81.0 0.0 0.0 1.0
784 90.0 81.0 0.0 0.0 1.0
785 90.0 81.0 0.0 0.0 1.0
786 90.0 81.0 0.0 0.0 1.0
787 90.0 81.0 0.0 0.0 1.0
788 90.0 81.0 0.0 0.0 1.0
789 90.0 81.0 0.0 0.0 1.0
790 90.0 81.0 0.0 0.0 1.0
791 90.0 81.0 0.0 0.0 1.0
792 90.0 81.0 0.0 0.0 1.0
793 90.0 81.0 0.0 0.0 1.0
794 90.0 81.0 0.0 0.0 1.0
795 90.0 81.0 0.0 0.0 1.0
796 90.0 81.0 0.0 0.0 1.0
797 90.0 81.0 0.0 0.0 1.0
798 90.0 81.0 0.0 0.0 1.0
799 90.0 81.0 0.0 0.0 1.0
800 90.0 81.0 0.0 0.0 1.0
801 90.0 81.0 0.0 0.0 1.0
802 90.0 81.0 0.0 0.0 1.0
803 90.0 81.0 0.0 0.0 1.0
804 90.0 81.0 0.0 0.0 1.0
805 90.0 81.0 0.0 0.0 1.0
806 90.0 81.0 0.0 0.0 1.0
807 90.0 81.0 0.0 0.0 1.0
808 90.0 81.0 0.0 0.0 1.0
809 90.0 81.0 0.0 0.0 1.0
810 90.0 81.0 0.0 0.0 1.0
811 90.0 81.0 0.0 0.0 1.0
812 90.0 81.0 0.0 0.0 1.0
813 90.0 81.0 0.0 0.0 1.0
814 90.0 81.0 0.0 0.0 1.0
815 90.0 81.0 0.0 0.0 1.0
816 90.0 81.0 0.0 0.0 1.0
817 90.0 81.0 0.0 0.0 1.0
818 90.0 81.0 0.0 0.0 1.0
819 90.0 81.0 0.0 0.0 1.0
820 90.0 81.0 0.0 0.0 1.0
821 90.0 81.0 0.0 0.0 1.0
822 90.0 81.0 0.0 0.0 1.0
823 90.0 81.0 0.0 0.0 1.0
824 90.0 81.0 0.0 0.0 1.0
825 90.0 81.0 0.0 0.0 1.0
826 90.0 81.0 0.0 0.0 1.0
827 90.0 81.0 0.0 0.0 1.0
828 90.0 81.0 0.0 0.0 1.0
829 90.0 81.0 0.0 0.0 1.0
830 90.0 81.0 0.0 0.0 1.0
831 90.0 81.0 0.0 0.0 1.0
832 90.0 81.0 0.0 0.0 1.0
833 90.0 81.0 0.0 0.0 1.0
834 90.0 81.0 0.0 0.0 1.0
835 90.0 81.0 0.0 0.0 1.0
836 90.0 81.0 0.0 0.0 1.0
837 90.0 81.0 0.0 0.0 1.0
838 90.0 81.0 0.0 0.0 1.0
839 90.0 81.0 0.0 0.0 1.0
840 90.0 81.0 0.0 0.0 1.0
841 90.0 81.0 0.0 0.0 1.0
842 90.0 81.0 0.0 0.0 1.0
843 90.0 81.0 0.0 0.0 1.0
844 90.0 81.0 0.0 0.0 1.0
845 90.0 81.0 0.0 0.0 1.0
846 90.0 81.0 0.0 0.0 1.0
847 90.0 81.0 0.0 0.0 1.0
848 90.0 81.0 0.0 0.0 1.0
849 90.0 81.0 0.0 0.0 1.0
850 90.0 81.0 0.0 0.0 1.0
851 90.0 81.0 0.0 0.0 1.0
852 90.0 81.0 0.0 0.0 1.0
853 90.0 81.0 0.0 0.0 1.0
854 90.0 81.0 0.0 0.0 1.0
855 90.0 81.0 0.0 0.0 1.0
856 90.0 81.0 0.0 0.0 1.0
857 90.0 81.0 0.0 0.0 1.0
858 90.0 81.0 0.0 0.0 1.0
859 90.0 81.0 0.0 0.0 1.0
860 90.0 81.0 0.0 0.0 1.0
861 90.0 81.0 0.0 0.0 1.0
862 90.0 81.0 0.0 0.0 1.0
863 90.0 81.0 0.0 0.0 1.0
864 90.0 81.0 0.0 0.0 1.0
865 90.0 81.0 0.0 0.0 1.0
866 90.0 81.0 0.0 0.0 1.0
867 90.0 81.0 0.0 0.0 1.0
868 90.0 81.0 0.0 0.0 1.0
869 90.0 81.0 0.0 0.0 1.0
870 90.0 81.0 0.0 0.0 1.0
871 90.0 81.0 0.0 0.0 1.0
872 90.0 81.0 0.0 0.0 1.0
873 90.0 81.0 0.0 0.0 1.0
874 90.0 81.0 0.0 0.0 1.0
875 90.0 81.0 0.0 0.0 1.0
876 90.0 81.0 0.0 0.0 1.0
877 90.0 81.0 0.0 0.0 1.0
878 90.0 81.0 0.0 0.0 1.0
879 90.0 81.0 0.0 0.0 1.0
880 90.0 81.0 0.0 0.0 1.0
881 90.0 81.0 0.0 0.0 1.0
882 90.0 81.0 0.0 0.0 1.0
883 90.0 81.0 0.0 0.0 1.0
884 90.0 81.0 0.0 0.0 1.0
885 90.0 81.0 0.0 0.0 1.0
886 90.0 81.0 0.0 0.0 1.0
887 90.0 81.0 0.0 0.0 1.0
888 90.0 81.0 0.0 0.0 1.0
889 90.0 81.0 0.0 0.0 1.0
890 90.0 81.0 0.0 0.0 1.0
891 90.0 81.0 0.0 0.0 1.0
892 90.0 81.0 0.0 0.0 1.0
893 90.0 81.0 0.0 0.0 1.0
894 90.0 81.0 0.0 0.0 1.0
895 90.0 81.0 0.0 0.0 1.0
896 90.0 81.0 0.0 0.0 1.0
897 90.0 81.0 0.0 0.0 1.0
898 90.0 81.0 0.0 0.0 1.0
899 90.0 81.0 0.0 0.0 1.0
900 90.0 81.0 0.0 0.0 1.0
901 90.0 81.0 0.0 0.0 1.0
902 90.0 81.0 0.0 0.0 1.0
903 90.0 81.0 0.0 0.0 1.0
904 90.0 81.0 0.0 0.0 1.0
905 90.0 81.0 0.0 0.0 1.0
906 90.0 81.0 0.0 0.0 1.0
907 90.0 81.0 0.0 0.0 1.0
908 90.0 81.0 0.0 0.0 1.0
909 90.0 81.0 0.0 0.0 1.0
910 90.0 81.0 0.0 0.0 1.0
911 90.0 81.0 0.0 0.0 1.0
912 90.0 81.0 0.0 0.0 1.0
913 90.0 81.0 0.0 0.0 1.0
914 90.0 81.0 0.0 0.0 1.0
915 90.0 81.0 0.0 0.0 1.0
916 90.0 81.0 0.0 0.0 1.0
917 90.0 81.0 0.0 0.0 1.0
918 90.0 81.0 0.0 0.0 1.0
919 90.0 81.0 0.0 0.0 1.0
920 90.0 81.0 0.0 0.0 1.0
921 90.0 81.0 0.0 0.0 1.0
922 90.0 81.0 0.0 0.0 1.0
923 90.0 81.0 0.0 0.0 1.0
924 90.0 81.0 0.0 0.0 1.0
925 90.0 81.0 0.0 0.0 1.0
926 90.0 81.0 0.0 0.0 1.0
927 90.0 81.0 0.0 0.0 1.0
928 90.0 81.0 0.0 0.0 1.0
929 90.0 81.0 0.0 0.0 1.0
930 90.0 81.0 0.0 0.0 1.0
931 90.0 81.0 0.0 0.0 1.0
932 90.0 81.0 0.0 0.0 1.0
933 90.0 81.0 0.0 0.0 1.0
934 90.0 81.0 0.0 0.0 1.0
935 90.0 81.0 0.0 0.0 1.0
936 90.0 81.0 0.0 0.0 1.0
937 90.0 81.0 0.0 0.0 1.0
938 90.0 81.0 0.0 0.0 1.0
939 90.0 81.0 0.0 0.0 1.0
940 90.0 81.0 0.0 0.0 1.0
941 90.0 81.0 0.0 0.0 1.0
942 90.0 81.0 0.0 0.0 1.0
943 90.0 81.0 0.0 0.0 1.0
944 90.0 81.0 0.0 0.0 1.0
945 90.0 81.0 0.0 0.0 1.0
946 90.0 81.0 0.0 0.0 1.0
947 90.0 81.0 0.0 0.0 1.0
948 90.0 81.0 0.0 0.0 1.0
949 90.0 81.0 0.0 0.0 1.0
950 90.0 81.0 0.0 0.0 1.0
951 90.0 81.0 0.0 0.0 1.0
952 90.0 81.0 0.0 0.0 1.0
953 90.0 81.0 0.0 0.0 1.0
954 90.0 81.0 0.0 0.0 1.0
955 90.0 81.0 0.0 0.0 1.0
956 90.0 81.0 0.0 0.0 1.0
957 90.0 81.0 0.0 0.0 1.0
958 90.0 81.0 0.0 0.0 1.0
959 90.0 81.0 0.0 0.0 1.0
960 90.0 81.0 0.0 0.0 1.0
961 90.0 81.0 0.0 0.0 1.0
962 90.0 81.0 0.0 0.0 1.0
963 90.0 81.0 0.0 0.0 1.0
964 90.0 81.0 0.0 0.0 1.0
965 90.0 81.0 0.0 0.0 1.0
966 90.0 81.0 0.0 0.0 1.0
967 90.0 81.0 0.0 0.0 1.0
968 90.0 81.0 0.0 0.0 1.0
969 90.0 81.0 0.0 0.0 1.0
970 90.0 81.0 0.0 0.0 1.0
971 90.0 81.0 0.0 0.0 1.0
972 90.0 81.0 0.0 0.0 1.0
973 90.0 81.0 0.0 0.0 1.0
974 90.0 81.0 0.0 0.0 1.0
975 90.0 81.0 0.0 0.0 1.0
976 90.0 81.0 0.0 0.0 1.0
977 90.0 81.0 0.0 0.0 1.0
978 90.0 81.0 0.0 0.0 1.0
979 90.0 81.0 0.0 0.0 1.0
980 90.0 81.0 0.0 0.0 1.0
981 90.0 81.0 0.0 0.0 1.0
982 90.0 81.0 0.0 0.0 1.0
983 90.0 81.0 0.0 0.0 1.0
984 90.0 81.0 0.0 0.0 1.0
985 90.0 81.0 0.0 0.0 1.0
986 90.0 81.0 0.0 0.0 1.0
987 90.0 81.0 0.0 0.0 1.0
988 90.0 81.0 0.0 0.0 1.0
989 90.0 81.0 0.0 0.0 1.0
990 90.0 81.0 0.0 0.0 1.0
991 90.0 81.0 0.0 0.0 1.0
992 90.0 81.0 0.0 0.0 1.0
993 90.0 81.0 0.0 0.0 1.0
994 90.0 81.0 0.0 0.0 1.0
995 90.0 81.0 0.0 0.0 1.0
996 90.0 81.0 0.0 0.0 1.0
997 90.0 81.0 0.0 0.0 1.0
998 90.0 81.0 0.0 0.0 1.0
999 90.0 81.0 0.0 0.0 1.0
1000 90.0 81.0 0.0 0.0 1.0
