gen HV HVnoDiscount fitness_notKilledMutants notKilledNonEqMutants fitness_testSuiteSize
1 78.0 78.0 0.0 0.0 3.0
2 78.0 78.0 0.0 0.0 3.0
3 78.0 78.0 0.0 0.0 3.0
4 78.0 78.0 0.0 0.0 3.0
5 78.0 78.0 0.0 0.0 3.0
6 78.0 78.0 0.0 0.0 3.0
7 78.0 78.0 0.0 0.0 3.0
8 78.0 78.0 0.0 0.0 3.0
9 79.0 79.0 0.0 0.0 3.0
10 79.0 79.0 0.0 0.0 3.0
11 79.0 79.0 0.0 0.0 3.0
12 79.0 79.0 0.0 0.0 3.0
13 79.0 79.0 0.0 0.0 3.0
14 79.0 79.0 0.0 0.0 3.0
15 79.0 79.0 0.0 0.0 3.0
16 79.0 79.0 0.0 0.0 3.0
17 79.0 79.0 0.0 0.0 3.0
18 79.0 79.0 0.0 0.0 3.0
19 79.0 79.0 0.0 0.0 3.0
20 79.0 79.0 0.0 0.0 3.0
21 79.0 79.0 0.0 0.0 3.0
22 79.0 79.0 0.0 0.0 3.0
23 79.0 79.0 0.0 0.0 3.0
24 79.0 79.0 0.0 0.0 3.0
25 80.0 80.0 0.0 0.0 2.0
26 80.0 80.0 0.0 0.0 2.0
27 80.0 80.0 0.0 0.0 2.0
28 80.0 80.0 0.0 0.0 2.0
29 80.0 80.0 0.0 0.0 2.0
30 80.0 80.0 0.0 0.0 2.0
31 80.0 80.0 0.0 0.0 2.0
32 80.0 80.0 0.0 0.0 2.0
33 80.0 80.0 0.0 0.0 2.0
34 80.0 80.0 0.0 0.0 2.0
35 80.0 80.0 0.0 0.0 2.0
36 80.0 80.0 0.0 0.0 2.0
37 80.0 80.0 0.0 0.0 2.0
38 80.0 80.0 0.0 0.0 2.0
39 80.0 80.0 0.0 0.0 2.0
40 80.0 80.0 0.0 0.0 2.0
41 80.0 80.0 0.0 0.0 2.0
42 80.0 80.0 0.0 0.0 2.0
43 80.0 80.0 0.0 0.0 2.0
44 80.0 80.0 0.0 0.0 2.0
45 80.0 80.0 0.0 0.0 2.0
46 80.0 80.0 0.0 0.0 2.0
47 80.0 80.0 0.0 0.0 2.0
48 80.0 80.0 0.0 0.0 2.0
49 80.0 80.0 0.0 0.0 2.0
50 80.0 80.0 0.0 0.0 2.0
51 80.0 80.0 0.0 0.0 2.0
52 80.0 80.0 0.0 0.0 2.0
53 80.0 80.0 0.0 0.0 2.0
54 80.0 80.0 0.0 0.0 2.0
55 80.0 80.0 0.0 0.0 2.0
56 80.0 80.0 0.0 0.0 2.0
57 80.0 80.0 0.0 0.0 2.0
58 80.0 80.0 0.0 0.0 2.0
59 80.0 80.0 0.0 0.0 2.0
60 80.0 80.0 0.0 0.0 2.0
61 80.0 80.0 0.0 0.0 2.0
62 80.0 80.0 0.0 0.0 2.0
63 80.0 80.0 0.0 0.0 2.0
64 80.0 80.0 0.0 0.0 2.0
65 80.0 80.0 0.0 0.0 2.0
66 80.0 80.0 0.0 0.0 2.0
67 80.0 80.0 0.0 0.0 2.0
68 80.0 80.0 0.0 0.0 2.0
69 80.0 80.0 0.0 0.0 2.0
70 80.0 80.0 0.0 0.0 2.0
71 80.0 80.0 0.0 0.0 2.0
72 80.0 80.0 0.0 0.0 2.0
73 80.0 80.0 0.0 0.0 2.0
74 80.0 80.0 0.0 0.0 2.0
75 80.0 80.0 0.0 0.0 2.0
76 80.0 80.0 0.0 0.0 2.0
77 80.0 80.0 0.0 0.0 2.0
78 80.0 80.0 0.0 0.0 2.0
79 80.0 80.0 0.0 0.0 2.0
80 80.0 80.0 0.0 0.0 2.0
81 80.0 80.0 0.0 0.0 2.0
82 80.0 80.0 0.0 0.0 2.0
83 80.0 80.0 0.0 0.0 2.0
84 80.0 80.0 0.0 0.0 2.0
85 80.0 80.0 0.0 0.0 2.0
86 80.0 80.0 0.0 0.0 2.0
87 80.0 80.0 0.0 0.0 2.0
88 80.0 80.0 0.0 0.0 2.0
89 80.0 80.0 0.0 0.0 2.0
90 80.0 80.0 0.0 0.0 2.0
91 80.0 80.0 0.0 0.0 2.0
92 80.0 80.0 0.0 0.0 2.0
93 80.0 80.0 0.0 0.0 2.0
94 80.0 80.0 0.0 0.0 2.0
95 80.0 80.0 0.0 0.0 2.0
96 80.0 80.0 0.0 0.0 2.0
97 80.0 80.0 0.0 0.0 2.0
98 80.0 80.0 0.0 0.0 2.0
99 80.0 80.0 0.0 0.0 2.0
100 80.0 80.0 0.0 0.0 2.0
101 80.0 80.0 0.0 0.0 2.0
102 80.0 80.0 0.0 0.0 2.0
103 80.0 80.0 0.0 0.0 2.0
104 80.0 80.0 0.0 0.0 2.0
105 80.0 80.0 0.0 0.0 2.0
106 80.0 80.0 0.0 0.0 2.0
107 80.0 80.0 0.0 0.0 2.0
108 80.0 80.0 0.0 0.0 2.0
109 80.0 80.0 0.0 0.0 2.0
110 80.0 80.0 0.0 0.0 2.0
111 80.0 80.0 0.0 0.0 2.0
112 80.0 80.0 0.0 0.0 2.0
113 80.0 80.0 0.0 0.0 2.0
114 80.0 80.0 0.0 0.0 2.0
115 80.0 80.0 0.0 0.0 2.0
116 80.0 80.0 0.0 0.0 2.0
117 80.0 80.0 0.0 0.0 2.0
118 80.0 80.0 0.0 0.0 2.0
119 80.0 80.0 0.0 0.0 2.0
120 80.0 80.0 0.0 0.0 2.0
121 80.0 80.0 0.0 0.0 2.0
122 80.0 80.0 0.0 0.0 2.0
123 80.0 80.0 0.0 0.0 2.0
124 80.0 80.0 0.0 0.0 2.0
125 80.0 80.0 0.0 0.0 2.0
126 80.0 80.0 0.0 0.0 2.0
127 80.0 80.0 0.0 0.0 2.0
128 80.0 80.0 0.0 0.0 2.0
129 80.0 80.0 0.0 0.0 2.0
130 80.0 80.0 0.0 0.0 2.0
131 80.0 80.0 0.0 0.0 2.0
132 80.0 80.0 0.0 0.0 2.0
133 80.0 80.0 0.0 0.0 2.0
134 80.0 80.0 0.0 0.0 2.0
135 80.0 80.0 0.0 0.0 2.0
136 80.0 80.0 0.0 0.0 2.0
137 80.0 80.0 0.0 0.0 2.0
138 80.0 80.0 0.0 0.0 2.0
139 80.0 80.0 0.0 0.0 2.0
140 80.0 80.0 0.0 0.0 2.0
141 80.0 80.0 0.0 0.0 2.0
142 80.0 80.0 0.0 0.0 2.0
143 80.0 80.0 0.0 0.0 2.0
144 80.0 80.0 0.0 0.0 2.0
145 80.0 80.0 0.0 0.0 2.0
146 80.0 80.0 0.0 0.0 2.0
147 80.0 80.0 0.0 0.0 2.0
148 80.0 80.0 0.0 0.0 2.0
149 80.0 80.0 0.0 0.0 2.0
150 80.0 80.0 0.0 0.0 2.0
151 80.0 80.0 0.0 0.0 2.0
152 80.0 80.0 0.0 0.0 2.0
153 80.0 80.0 0.0 0.0 2.0
154 80.0 80.0 0.0 0.0 2.0
155 80.0 80.0 0.0 0.0 2.0
156 80.0 80.0 0.0 0.0 2.0
157 80.0 80.0 0.0 0.0 2.0
158 80.0 80.0 0.0 0.0 2.0
159 80.0 80.0 0.0 0.0 2.0
160 80.0 80.0 0.0 0.0 2.0
161 80.0 80.0 0.0 0.0 2.0
162 80.0 80.0 0.0 0.0 2.0
163 80.0 80.0 0.0 0.0 2.0
164 80.0 80.0 0.0 0.0 2.0
165 85.0 85.0 0.0 0.0 2.0
166 85.0 85.0 0.0 0.0 2.0
167 85.0 85.0 0.0 0.0 2.0
168 85.0 85.0 0.0 0.0 2.0
169 85.0 85.0 0.0 0.0 2.0
170 85.0 85.0 0.0 0.0 2.0
171 85.0 85.0 0.0 0.0 2.0
172 85.0 85.0 0.0 0.0 2.0
173 85.0 85.0 0.0 0.0 2.0
174 85.0 85.0 0.0 0.0 2.0
175 85.0 85.0 0.0 0.0 2.0
176 85.0 85.0 0.0 0.0 2.0
177 85.0 85.0 0.0 0.0 2.0
178 85.0 85.0 0.0 0.0 2.0
179 85.0 85.0 0.0 0.0 2.0
180 85.0 85.0 0.0 0.0 2.0
181 85.0 85.0 0.0 0.0 2.0
182 85.0 85.0 0.0 0.0 2.0
183 85.0 85.0 0.0 0.0 2.0
184 85.0 85.0 0.0 0.0 2.0
185 85.0 85.0 0.0 0.0 2.0
186 85.0 85.0 0.0 0.0 2.0
187 85.0 85.0 0.0 0.0 2.0
188 85.0 85.0 0.0 0.0 2.0
189 85.0 85.0 0.0 0.0 2.0
190 85.0 85.0 0.0 0.0 2.0
191 85.0 85.0 0.0 0.0 2.0
192 85.0 85.0 0.0 0.0 2.0
193 85.0 85.0 0.0 0.0 2.0
194 85.0 85.0 0.0 0.0 2.0
195 85.0 85.0 0.0 0.0 2.0
196 85.0 85.0 0.0 0.0 2.0
197 85.0 85.0 0.0 0.0 2.0
198 85.0 85.0 0.0 0.0 2.0
199 85.0 85.0 0.0 0.0 2.0
200 85.0 85.0 0.0 0.0 2.0
201 85.0 85.0 0.0 0.0 2.0
202 85.0 85.0 0.0 0.0 2.0
203 85.0 85.0 0.0 0.0 2.0
204 85.0 85.0 0.0 0.0 2.0
205 85.0 85.0 0.0 0.0 2.0
206 85.0 85.0 0.0 0.0 2.0
207 85.0 85.0 0.0 0.0 2.0
208 85.0 85.0 0.0 0.0 2.0
209 85.0 85.0 0.0 0.0 2.0
210 85.0 85.0 0.0 0.0 2.0
211 85.0 85.0 0.0 0.0 2.0
212 85.0 85.0 0.0 0.0 2.0
213 85.0 85.0 0.0 0.0 2.0
214 85.0 85.0 0.0 0.0 2.0
215 85.0 85.0 0.0 0.0 2.0
216 85.0 85.0 0.0 0.0 2.0
217 85.0 85.0 0.0 0.0 2.0
218 85.0 85.0 0.0 0.0 2.0
219 85.0 85.0 0.0 0.0 2.0
220 85.0 85.0 0.0 0.0 2.0
221 85.0 85.0 0.0 0.0 2.0
222 85.0 85.0 0.0 0.0 2.0
223 85.0 85.0 0.0 0.0 2.0
224 85.0 85.0 0.0 0.0 2.0
225 85.0 85.0 0.0 0.0 2.0
226 85.0 85.0 0.0 0.0 2.0
227 85.0 85.0 0.0 0.0 2.0
228 85.0 85.0 0.0 0.0 2.0
229 85.0 85.0 0.0 0.0 2.0
230 85.0 85.0 0.0 0.0 2.0
231 85.0 85.0 0.0 0.0 2.0
232 85.0 85.0 0.0 0.0 2.0
233 85.0 85.0 0.0 0.0 2.0
234 85.0 85.0 0.0 0.0 2.0
235 85.0 85.0 0.0 0.0 2.0
236 85.0 85.0 0.0 0.0 2.0
237 85.0 85.0 0.0 0.0 2.0
238 85.0 85.0 0.0 0.0 2.0
239 85.0 85.0 0.0 0.0 2.0
240 85.0 85.0 0.0 0.0 2.0
241 85.0 85.0 0.0 0.0 2.0
242 85.0 85.0 0.0 0.0 2.0
243 85.0 85.0 0.0 0.0 2.0
244 85.0 85.0 0.0 0.0 2.0
245 85.0 85.0 0.0 0.0 2.0
246 85.0 85.0 0.0 0.0 2.0
247 85.0 85.0 0.0 0.0 2.0
248 85.0 85.0 0.0 0.0 2.0
249 85.0 85.0 0.0 0.0 2.0
250 85.0 85.0 0.0 0.0 2.0
251 85.0 85.0 0.0 0.0 2.0
252 85.0 85.0 0.0 0.0 2.0
253 85.0 85.0 0.0 0.0 2.0
254 85.0 85.0 0.0 0.0 2.0
255 85.0 85.0 0.0 0.0 2.0
256 85.0 85.0 0.0 0.0 2.0
257 85.0 85.0 0.0 0.0 2.0
258 85.0 85.0 0.0 0.0 2.0
259 85.0 85.0 0.0 0.0 2.0
260 85.0 85.0 0.0 0.0 2.0
261 85.0 85.0 0.0 0.0 2.0
262 85.0 85.0 0.0 0.0 2.0
263 85.0 85.0 0.0 0.0 2.0
264 85.0 85.0 0.0 0.0 2.0
265 85.0 85.0 0.0 0.0 2.0
266 85.0 85.0 0.0 0.0 2.0
267 85.0 85.0 0.0 0.0 2.0
268 85.0 85.0 0.0 0.0 2.0
269 85.0 85.0 0.0 0.0 2.0
270 85.0 85.0 0.0 0.0 2.0
271 85.0 85.0 0.0 0.0 2.0
272 85.0 85.0 0.0 0.0 2.0
273 85.0 85.0 0.0 0.0 2.0
274 85.0 85.0 0.0 0.0 2.0
275 85.0 85.0 0.0 0.0 2.0
276 85.0 85.0 0.0 0.0 2.0
277 85.0 85.0 0.0 0.0 2.0
278 85.0 85.0 0.0 0.0 2.0
279 85.0 85.0 0.0 0.0 2.0
280 85.0 85.0 0.0 0.0 2.0
281 85.0 85.0 0.0 0.0 2.0
282 85.0 85.0 0.0 0.0 2.0
283 85.0 85.0 0.0 0.0 2.0
284 85.0 85.0 0.0 0.0 2.0
285 85.0 85.0 0.0 0.0 2.0
286 85.0 85.0 0.0 0.0 2.0
287 85.0 85.0 0.0 0.0 2.0
288 85.0 85.0 0.0 0.0 2.0
289 85.0 85.0 0.0 0.0 2.0
290 85.0 85.0 0.0 0.0 2.0
291 85.0 85.0 0.0 0.0 2.0
292 85.0 85.0 0.0 0.0 2.0
293 85.0 85.0 0.0 0.0 2.0
294 85.0 85.0 0.0 0.0 2.0
295 85.0 85.0 0.0 0.0 2.0
296 85.0 85.0 0.0 0.0 2.0
297 85.0 85.0 0.0 0.0 2.0
298 85.0 85.0 0.0 0.0 2.0
299 85.0 85.0 0.0 0.0 2.0
300 85.0 85.0 0.0 0.0 2.0
301 85.0 85.0 0.0 0.0 2.0
302 85.0 85.0 0.0 0.0 2.0
303 85.0 85.0 0.0 0.0 2.0
304 85.0 85.0 0.0 0.0 2.0
305 85.0 85.0 0.0 0.0 2.0
306 85.0 85.0 0.0 0.0 2.0
307 85.0 85.0 0.0 0.0 2.0
308 85.0 85.0 0.0 0.0 2.0
309 85.0 85.0 0.0 0.0 2.0
310 85.0 85.0 0.0 0.0 2.0
311 85.0 85.0 0.0 0.0 2.0
312 85.0 85.0 0.0 0.0 2.0
313 85.0 85.0 0.0 0.0 2.0
314 85.0 85.0 0.0 0.0 2.0
315 85.0 85.0 0.0 0.0 2.0
316 85.0 85.0 0.0 0.0 2.0
317 85.0 85.0 0.0 0.0 2.0
318 85.0 85.0 0.0 0.0 2.0
319 85.0 85.0 0.0 0.0 2.0
320 85.0 85.0 0.0 0.0 2.0
321 85.0 85.0 0.0 0.0 2.0
322 85.0 85.0 0.0 0.0 2.0
323 85.0 85.0 0.0 0.0 2.0
324 85.0 85.0 0.0 0.0 2.0
325 85.0 85.0 0.0 0.0 2.0
326 85.0 85.0 0.0 0.0 2.0
327 85.0 85.0 0.0 0.0 2.0
328 85.0 85.0 0.0 0.0 2.0
329 85.0 85.0 0.0 0.0 2.0
330 85.0 85.0 0.0 0.0 2.0
331 85.0 85.0 0.0 0.0 2.0
332 85.0 85.0 0.0 0.0 2.0
333 85.0 85.0 0.0 0.0 2.0
334 85.0 85.0 0.0 0.0 2.0
335 85.0 85.0 0.0 0.0 2.0
336 85.0 85.0 0.0 0.0 2.0
337 85.0 85.0 0.0 0.0 2.0
338 85.0 85.0 0.0 0.0 2.0
339 85.0 85.0 0.0 0.0 2.0
340 85.0 85.0 0.0 0.0 2.0
341 85.0 85.0 0.0 0.0 2.0
342 85.0 85.0 0.0 0.0 2.0
343 85.0 85.0 0.0 0.0 2.0
344 85.0 85.0 0.0 0.0 2.0
345 85.0 85.0 0.0 0.0 2.0
346 85.0 85.0 0.0 0.0 2.0
347 85.0 85.0 0.0 0.0 2.0
348 85.0 85.0 0.0 0.0 2.0
349 85.0 85.0 0.0 0.0 2.0
350 85.0 85.0 0.0 0.0 2.0
351 85.0 85.0 0.0 0.0 2.0
352 85.0 85.0 0.0 0.0 2.0
353 85.0 85.0 0.0 0.0 2.0
354 85.0 85.0 0.0 0.0 2.0
355 85.0 85.0 0.0 0.0 2.0
356 85.0 85.0 0.0 0.0 2.0
357 85.0 85.0 0.0 0.0 2.0
358 85.0 85.0 0.0 0.0 2.0
359 85.0 85.0 0.0 0.0 2.0
360 85.0 85.0 0.0 0.0 2.0
361 85.0 85.0 0.0 0.0 2.0
362 85.0 85.0 0.0 0.0 2.0
363 85.0 85.0 0.0 0.0 2.0
364 85.0 85.0 0.0 0.0 2.0
365 85.0 85.0 0.0 0.0 2.0
366 85.0 85.0 0.0 0.0 2.0
367 85.0 85.0 0.0 0.0 2.0
368 85.0 85.0 0.0 0.0 2.0
369 86.0 86.0 0.0 0.0 2.0
370 86.0 86.0 0.0 0.0 2.0
371 86.0 86.0 0.0 0.0 2.0
372 86.0 86.0 0.0 0.0 2.0
373 86.0 86.0 0.0 0.0 2.0
374 86.0 86.0 0.0 0.0 2.0
375 86.0 86.0 0.0 0.0 2.0
376 86.0 86.0 0.0 0.0 2.0
377 86.0 86.0 0.0 0.0 2.0
378 86.0 86.0 0.0 0.0 2.0
379 86.0 86.0 0.0 0.0 2.0
380 86.0 86.0 0.0 0.0 2.0
381 86.0 86.0 0.0 0.0 2.0
382 86.0 86.0 0.0 0.0 2.0
383 86.0 86.0 0.0 0.0 2.0
384 86.0 86.0 0.0 0.0 2.0
385 86.0 86.0 0.0 0.0 2.0
386 86.0 86.0 0.0 0.0 2.0
387 86.0 86.0 0.0 0.0 2.0
388 86.0 86.0 0.0 0.0 2.0
389 86.0 86.0 0.0 0.0 2.0
390 86.0 86.0 0.0 0.0 2.0
391 86.0 86.0 0.0 0.0 2.0
392 86.0 86.0 0.0 0.0 2.0
393 86.0 86.0 0.0 0.0 2.0
394 86.0 86.0 0.0 0.0 2.0
395 86.0 86.0 0.0 0.0 2.0
396 86.0 86.0 0.0 0.0 2.0
397 86.0 86.0 0.0 0.0 2.0
398 86.0 86.0 0.0 0.0 2.0
399 86.0 86.0 0.0 0.0 2.0
400 86.0 86.0 0.0 0.0 2.0
401 86.0 86.0 0.0 0.0 2.0
402 86.0 86.0 0.0 0.0 2.0
403 86.0 86.0 0.0 0.0 2.0
404 86.0 86.0 0.0 0.0 2.0
405 86.0 86.0 0.0 0.0 2.0
406 86.0 86.0 0.0 0.0 2.0
407 86.0 86.0 0.0 0.0 2.0
408 86.0 86.0 0.0 0.0 2.0
409 86.0 86.0 0.0 0.0 2.0
410 86.0 86.0 0.0 0.0 2.0
411 86.0 86.0 0.0 0.0 2.0
412 86.0 86.0 0.0 0.0 2.0
413 86.0 86.0 0.0 0.0 2.0
414 86.0 86.0 0.0 0.0 2.0
415 86.0 86.0 0.0 0.0 2.0
416 86.0 86.0 0.0 0.0 2.0
417 86.0 86.0 0.0 0.0 2.0
418 86.0 86.0 0.0 0.0 2.0
419 86.0 86.0 0.0 0.0 2.0
420 86.0 86.0 0.0 0.0 2.0
421 86.0 86.0 0.0 0.0 2.0
422 86.0 86.0 0.0 0.0 2.0
423 86.0 86.0 0.0 0.0 2.0
424 86.0 86.0 0.0 0.0 2.0
425 86.0 86.0 0.0 0.0 2.0
426 86.0 86.0 0.0 0.0 2.0
427 86.0 86.0 0.0 0.0 2.0
428 86.0 86.0 0.0 0.0 2.0
429 86.0 86.0 0.0 0.0 2.0
430 86.0 86.0 0.0 0.0 2.0
431 86.0 86.0 0.0 0.0 2.0
432 86.0 86.0 0.0 0.0 2.0
433 86.0 86.0 0.0 0.0 2.0
434 86.0 86.0 0.0 0.0 2.0
435 86.0 86.0 0.0 0.0 2.0
436 86.0 86.0 0.0 0.0 2.0
437 86.0 86.0 0.0 0.0 2.0
438 86.0 86.0 0.0 0.0 2.0
439 86.0 86.0 0.0 0.0 2.0
440 86.0 86.0 0.0 0.0 2.0
441 86.0 86.0 0.0 0.0 2.0
442 86.0 86.0 0.0 0.0 2.0
443 86.0 86.0 0.0 0.0 2.0
444 86.0 86.0 0.0 0.0 2.0
445 86.0 86.0 0.0 0.0 2.0
446 86.0 86.0 0.0 0.0 2.0
447 86.0 86.0 0.0 0.0 2.0
448 86.0 86.0 0.0 0.0 2.0
449 86.0 86.0 0.0 0.0 2.0
450 86.0 86.0 0.0 0.0 2.0
451 86.0 86.0 0.0 0.0 2.0
452 86.0 86.0 0.0 0.0 2.0
453 86.0 86.0 0.0 0.0 2.0
454 86.0 86.0 0.0 0.0 2.0
455 86.0 86.0 0.0 0.0 2.0
456 86.0 86.0 0.0 0.0 2.0
457 86.0 86.0 0.0 0.0 2.0
458 86.0 86.0 0.0 0.0 2.0
459 86.0 86.0 0.0 0.0 2.0
460 86.0 86.0 0.0 0.0 2.0
461 86.0 86.0 0.0 0.0 2.0
462 86.0 86.0 0.0 0.0 2.0
463 86.0 86.0 0.0 0.0 2.0
464 86.0 86.0 0.0 0.0 2.0
465 86.0 86.0 0.0 0.0 2.0
466 86.0 86.0 0.0 0.0 2.0
467 86.0 86.0 0.0 0.0 2.0
468 86.0 86.0 0.0 0.0 2.0
469 86.0 86.0 0.0 0.0 2.0
470 86.0 86.0 0.0 0.0 2.0
471 86.0 86.0 0.0 0.0 2.0
472 86.0 86.0 0.0 0.0 2.0
473 86.0 86.0 0.0 0.0 2.0
474 86.0 86.0 0.0 0.0 2.0
475 86.0 86.0 0.0 0.0 2.0
476 86.0 86.0 0.0 0.0 2.0
477 86.0 86.0 0.0 0.0 2.0
478 86.0 86.0 0.0 0.0 2.0
479 86.0 86.0 0.0 0.0 2.0
480 86.0 86.0 0.0 0.0 2.0
481 86.0 86.0 0.0 0.0 2.0
482 86.0 86.0 0.0 0.0 2.0
483 86.0 86.0 0.0 0.0 2.0
484 86.0 86.0 0.0 0.0 2.0
485 86.0 86.0 0.0 0.0 2.0
486 86.0 86.0 0.0 0.0 2.0
487 86.0 86.0 0.0 0.0 2.0
488 86.0 86.0 0.0 0.0 2.0
489 86.0 86.0 0.0 0.0 2.0
490 86.0 86.0 0.0 0.0 2.0
491 86.0 86.0 0.0 0.0 2.0
492 86.0 86.0 0.0 0.0 2.0
493 86.0 86.0 0.0 0.0 2.0
494 86.0 86.0 0.0 0.0 2.0
495 86.0 86.0 0.0 0.0 2.0
496 86.0 86.0 0.0 0.0 2.0
497 86.0 86.0 0.0 0.0 2.0
498 86.0 86.0 0.0 0.0 2.0
499 86.0 86.0 0.0 0.0 2.0
500 86.0 86.0 0.0 0.0 2.0
501 86.0 86.0 0.0 0.0 2.0
502 86.0 86.0 0.0 0.0 2.0
503 86.0 86.0 0.0 0.0 2.0
504 86.0 86.0 0.0 0.0 2.0
505 86.0 86.0 0.0 0.0 2.0
506 86.0 86.0 0.0 0.0 2.0
507 86.0 86.0 0.0 0.0 2.0
508 86.0 86.0 0.0 0.0 2.0
509 86.0 86.0 0.0 0.0 2.0
510 86.0 86.0 0.0 0.0 2.0
511 86.0 86.0 0.0 0.0 2.0
512 86.0 86.0 0.0 0.0 2.0
513 86.0 86.0 0.0 0.0 2.0
514 86.0 86.0 0.0 0.0 2.0
515 86.0 86.0 0.0 0.0 2.0
516 86.0 86.0 0.0 0.0 2.0
517 86.0 86.0 0.0 0.0 2.0
518 86.0 86.0 0.0 0.0 2.0
519 86.0 86.0 0.0 0.0 2.0
520 86.0 86.0 0.0 0.0 2.0
521 86.0 86.0 0.0 0.0 2.0
522 86.0 86.0 0.0 0.0 2.0
523 86.0 86.0 0.0 0.0 2.0
524 86.0 86.0 0.0 0.0 2.0
525 87.0 87.0 0.0 0.0 2.0
526 87.0 87.0 0.0 0.0 2.0
527 87.0 87.0 0.0 0.0 2.0
528 87.0 87.0 0.0 0.0 2.0
529 87.0 87.0 0.0 0.0 2.0
530 87.0 87.0 0.0 0.0 2.0
531 87.0 87.0 0.0 0.0 2.0
532 87.0 87.0 0.0 0.0 2.0
533 87.0 87.0 0.0 0.0 2.0
534 87.0 87.0 0.0 0.0 2.0
535 87.0 87.0 0.0 0.0 2.0
536 87.0 87.0 0.0 0.0 2.0
537 87.0 87.0 0.0 0.0 2.0
538 87.0 87.0 0.0 0.0 2.0
539 87.0 87.0 0.0 0.0 2.0
540 87.0 87.0 0.0 0.0 2.0
541 87.0 87.0 0.0 0.0 2.0
542 87.0 87.0 0.0 0.0 2.0
543 87.0 87.0 0.0 0.0 2.0
544 87.0 87.0 0.0 0.0 2.0
545 87.0 87.0 0.0 0.0 2.0
546 87.0 87.0 0.0 0.0 2.0
547 87.0 87.0 0.0 0.0 2.0
548 87.0 87.0 0.0 0.0 2.0
549 87.0 87.0 0.0 0.0 2.0
550 87.0 87.0 0.0 0.0 2.0
551 87.0 87.0 0.0 0.0 2.0
552 87.0 87.0 0.0 0.0 2.0
553 87.0 87.0 0.0 0.0 2.0
554 87.0 87.0 0.0 0.0 2.0
555 87.0 87.0 0.0 0.0 2.0
556 87.0 87.0 0.0 0.0 2.0
557 87.0 87.0 0.0 0.0 2.0
558 87.0 87.0 0.0 0.0 2.0
559 87.0 87.0 0.0 0.0 2.0
560 87.0 87.0 0.0 0.0 2.0
561 87.0 87.0 0.0 0.0 2.0
562 87.0 87.0 0.0 0.0 2.0
563 87.0 87.0 0.0 0.0 2.0
564 87.0 87.0 0.0 0.0 2.0
565 87.0 87.0 0.0 0.0 2.0
566 87.0 87.0 0.0 0.0 2.0
567 87.0 87.0 0.0 0.0 2.0
568 87.0 87.0 0.0 0.0 2.0
569 87.0 87.0 0.0 0.0 2.0
570 87.0 87.0 0.0 0.0 2.0
571 87.0 87.0 0.0 0.0 2.0
572 87.0 87.0 0.0 0.0 2.0
573 87.0 87.0 0.0 0.0 2.0
574 87.0 87.0 0.0 0.0 2.0
575 87.0 87.0 0.0 0.0 2.0
576 87.0 87.0 0.0 0.0 2.0
577 87.0 87.0 0.0 0.0 2.0
578 87.0 87.0 0.0 0.0 2.0
579 87.0 87.0 0.0 0.0 2.0
580 87.0 87.0 0.0 0.0 2.0
581 87.0 87.0 0.0 0.0 2.0
582 87.0 87.0 0.0 0.0 2.0
583 87.0 87.0 0.0 0.0 2.0
584 87.0 87.0 0.0 0.0 2.0
585 87.0 87.0 0.0 0.0 2.0
586 87.0 87.0 0.0 0.0 2.0
587 87.0 87.0 0.0 0.0 2.0
588 87.0 87.0 0.0 0.0 2.0
589 87.0 87.0 0.0 0.0 2.0
590 87.0 87.0 0.0 0.0 2.0
591 87.0 87.0 0.0 0.0 2.0
592 87.0 87.0 0.0 0.0 2.0
593 87.0 87.0 0.0 0.0 2.0
594 87.0 87.0 0.0 0.0 2.0
595 87.0 87.0 0.0 0.0 2.0
596 87.0 87.0 0.0 0.0 2.0
597 87.0 87.0 0.0 0.0 2.0
598 87.0 87.0 0.0 0.0 2.0
599 87.0 87.0 0.0 0.0 2.0
600 87.0 87.0 0.0 0.0 2.0
601 87.0 87.0 0.0 0.0 2.0
602 87.0 87.0 0.0 0.0 2.0
603 87.0 87.0 0.0 0.0 2.0
604 87.0 87.0 0.0 0.0 2.0
605 87.0 87.0 0.0 0.0 2.0
606 87.0 87.0 0.0 0.0 2.0
607 87.0 87.0 0.0 0.0 2.0
608 87.0 87.0 0.0 0.0 2.0
609 87.0 87.0 0.0 0.0 2.0
610 87.0 87.0 0.0 0.0 2.0
611 87.0 87.0 0.0 0.0 2.0
612 87.0 87.0 0.0 0.0 2.0
613 87.0 87.0 0.0 0.0 2.0
614 87.0 87.0 0.0 0.0 2.0
615 87.0 87.0 0.0 0.0 2.0
616 87.0 87.0 0.0 0.0 2.0
617 87.0 87.0 0.0 0.0 2.0
618 87.0 87.0 0.0 0.0 2.0
619 87.0 87.0 0.0 0.0 2.0
620 87.0 87.0 0.0 0.0 2.0
621 87.0 87.0 0.0 0.0 2.0
622 87.0 87.0 0.0 0.0 2.0
623 87.0 87.0 0.0 0.0 2.0
624 87.0 87.0 0.0 0.0 2.0
625 87.0 87.0 0.0 0.0 2.0
626 87.0 87.0 0.0 0.0 2.0
627 87.0 87.0 0.0 0.0 2.0
628 87.0 87.0 0.0 0.0 2.0
629 87.0 87.0 0.0 0.0 2.0
630 87.0 87.0 0.0 0.0 2.0
631 87.0 87.0 0.0 0.0 2.0
632 87.0 87.0 0.0 0.0 2.0
633 87.0 87.0 0.0 0.0 2.0
634 87.0 87.0 0.0 0.0 2.0
635 87.0 87.0 0.0 0.0 2.0
636 87.0 87.0 0.0 0.0 2.0
637 87.0 87.0 0.0 0.0 2.0
638 87.0 87.0 0.0 0.0 2.0
639 87.0 87.0 0.0 0.0 2.0
640 87.0 87.0 0.0 0.0 2.0
641 87.0 87.0 0.0 0.0 2.0
642 87.0 87.0 0.0 0.0 2.0
643 87.0 87.0 0.0 0.0 2.0
644 87.0 87.0 0.0 0.0 2.0
645 87.0 87.0 0.0 0.0 2.0
646 87.0 87.0 0.0 0.0 2.0
647 87.0 87.0 0.0 0.0 2.0
648 87.0 87.0 0.0 0.0 2.0
649 87.0 87.0 0.0 0.0 2.0
650 87.0 87.0 0.0 0.0 2.0
651 87.0 87.0 0.0 0.0 2.0
652 87.0 87.0 0.0 0.0 2.0
653 87.0 87.0 0.0 0.0 2.0
654 87.0 87.0 0.0 0.0 2.0
655 87.0 87.0 0.0 0.0 2.0
656 87.0 87.0 0.0 0.0 2.0
657 87.0 87.0 0.0 0.0 2.0
658 87.0 87.0 0.0 0.0 2.0
659 87.0 87.0 0.0 0.0 2.0
660 87.0 87.0 0.0 0.0 2.0
661 87.0 87.0 0.0 0.0 2.0
662 87.0 87.0 0.0 0.0 2.0
663 87.0 87.0 0.0 0.0 2.0
664 87.0 87.0 0.0 0.0 2.0
665 87.0 87.0 0.0 0.0 2.0
666 87.0 87.0 0.0 0.0 2.0
667 87.0 87.0 0.0 0.0 2.0
668 87.0 87.0 0.0 0.0 2.0
669 87.0 87.0 0.0 0.0 2.0
670 87.0 87.0 0.0 0.0 2.0
671 87.0 87.0 0.0 0.0 2.0
672 87.0 87.0 0.0 0.0 2.0
673 87.0 87.0 0.0 0.0 2.0
674 87.0 87.0 0.0 0.0 2.0
675 87.0 87.0 0.0 0.0 2.0
676 87.0 87.0 0.0 0.0 2.0
677 87.0 87.0 0.0 0.0 2.0
678 87.0 87.0 0.0 0.0 2.0
679 87.0 87.0 0.0 0.0 2.0
680 87.0 87.0 0.0 0.0 2.0
681 87.0 87.0 0.0 0.0 2.0
682 87.0 87.0 0.0 0.0 2.0
683 87.0 87.0 0.0 0.0 2.0
684 87.0 87.0 0.0 0.0 2.0
685 87.0 87.0 0.0 0.0 2.0
686 87.0 87.0 0.0 0.0 2.0
687 87.0 87.0 0.0 0.0 2.0
688 87.0 87.0 0.0 0.0 2.0
689 87.0 87.0 0.0 0.0 2.0
690 87.0 87.0 0.0 0.0 2.0
691 87.0 87.0 0.0 0.0 2.0
692 87.0 87.0 0.0 0.0 2.0
693 87.0 87.0 0.0 0.0 2.0
694 87.0 87.0 0.0 0.0 2.0
695 87.0 87.0 0.0 0.0 2.0
696 87.0 87.0 0.0 0.0 2.0
697 87.0 87.0 0.0 0.0 2.0
698 87.0 87.0 0.0 0.0 2.0
699 87.0 87.0 0.0 0.0 2.0
700 87.0 87.0 0.0 0.0 2.0
701 87.0 87.0 0.0 0.0 2.0
702 87.0 87.0 0.0 0.0 2.0
703 87.0 87.0 0.0 0.0 2.0
704 87.0 87.0 0.0 0.0 2.0
705 87.0 87.0 0.0 0.0 2.0
706 87.0 87.0 0.0 0.0 2.0
707 87.0 87.0 0.0 0.0 2.0
708 87.0 87.0 0.0 0.0 2.0
709 87.0 87.0 0.0 0.0 2.0
710 87.0 87.0 0.0 0.0 2.0
711 87.0 87.0 0.0 0.0 2.0
712 87.0 87.0 0.0 0.0 2.0
713 87.0 87.0 0.0 0.0 2.0
714 87.0 87.0 0.0 0.0 2.0
715 87.0 87.0 0.0 0.0 2.0
716 87.0 87.0 0.0 0.0 2.0
717 87.0 87.0 0.0 0.0 2.0
718 87.0 87.0 0.0 0.0 2.0
719 87.0 87.0 0.0 0.0 2.0
720 87.0 87.0 0.0 0.0 2.0
721 87.0 87.0 0.0 0.0 2.0
722 87.0 87.0 0.0 0.0 2.0
723 87.0 87.0 0.0 0.0 2.0
724 87.0 87.0 0.0 0.0 2.0
725 87.0 87.0 0.0 0.0 2.0
726 87.0 87.0 0.0 0.0 2.0
727 87.0 87.0 0.0 0.0 2.0
728 87.0 87.0 0.0 0.0 2.0
729 87.0 87.0 0.0 0.0 2.0
730 87.0 87.0 0.0 0.0 2.0
731 87.0 87.0 0.0 0.0 2.0
732 87.0 87.0 0.0 0.0 2.0
733 87.0 87.0 0.0 0.0 2.0
734 87.0 87.0 0.0 0.0 2.0
735 87.0 87.0 0.0 0.0 2.0
736 87.0 87.0 0.0 0.0 2.0
737 87.0 87.0 0.0 0.0 2.0
738 87.0 87.0 0.0 0.0 2.0
739 87.0 87.0 0.0 0.0 2.0
740 87.0 87.0 0.0 0.0 2.0
741 87.0 87.0 0.0 0.0 2.0
742 87.0 87.0 0.0 0.0 2.0
743 87.0 87.0 0.0 0.0 2.0
744 87.0 87.0 0.0 0.0 2.0
745 87.0 87.0 0.0 0.0 2.0
746 87.0 87.0 0.0 0.0 2.0
747 87.0 87.0 0.0 0.0 2.0
748 87.0 87.0 0.0 0.0 2.0
749 87.0 87.0 0.0 0.0 2.0
750 87.0 87.0 0.0 0.0 2.0
751 87.0 87.0 0.0 0.0 2.0
752 87.0 87.0 0.0 0.0 2.0
753 87.0 87.0 0.0 0.0 2.0
754 87.0 87.0 0.0 0.0 2.0
755 87.0 87.0 0.0 0.0 2.0
756 87.0 87.0 0.0 0.0 2.0
757 87.0 87.0 0.0 0.0 2.0
758 87.0 87.0 0.0 0.0 2.0
759 87.0 87.0 0.0 0.0 2.0
760 87.0 87.0 0.0 0.0 2.0
761 87.0 87.0 0.0 0.0 2.0
762 87.0 87.0 0.0 0.0 2.0
763 87.0 87.0 0.0 0.0 2.0
764 87.0 87.0 0.0 0.0 2.0
765 87.0 87.0 0.0 0.0 2.0
766 87.0 87.0 0.0 0.0 2.0
767 87.0 87.0 0.0 0.0 2.0
768 87.0 87.0 0.0 0.0 2.0
769 87.0 87.0 0.0 0.0 2.0
770 87.0 87.0 0.0 0.0 2.0
771 87.0 87.0 0.0 0.0 2.0
772 87.0 87.0 0.0 0.0 2.0
773 87.0 87.0 0.0 0.0 2.0
774 87.0 87.0 0.0 0.0 2.0
775 87.0 87.0 0.0 0.0 2.0
776 87.0 87.0 0.0 0.0 2.0
777 87.0 87.0 0.0 0.0 2.0
778 87.0 87.0 0.0 0.0 2.0
779 87.0 87.0 0.0 0.0 2.0
780 87.0 87.0 0.0 0.0 2.0
781 87.0 87.0 0.0 0.0 2.0
782 87.0 87.0 0.0 0.0 2.0
783 87.0 87.0 0.0 0.0 2.0
784 87.0 87.0 0.0 0.0 2.0
785 87.0 87.0 0.0 0.0 2.0
786 87.0 87.0 0.0 0.0 2.0
787 87.0 87.0 0.0 0.0 2.0
788 87.0 87.0 0.0 0.0 2.0
789 87.0 87.0 0.0 0.0 2.0
790 87.0 87.0 0.0 0.0 2.0
791 87.0 87.0 0.0 0.0 2.0
792 87.0 87.0 0.0 0.0 2.0
793 87.0 87.0 0.0 0.0 2.0
794 87.0 87.0 0.0 0.0 2.0
795 87.0 87.0 0.0 0.0 2.0
796 87.0 87.0 0.0 0.0 2.0
797 87.0 87.0 0.0 0.0 2.0
798 87.0 87.0 0.0 0.0 2.0
799 87.0 87.0 0.0 0.0 2.0
800 87.0 87.0 0.0 0.0 2.0
801 87.0 87.0 0.0 0.0 2.0
802 87.0 87.0 0.0 0.0 2.0
803 87.0 87.0 0.0 0.0 2.0
804 87.0 87.0 0.0 0.0 2.0
805 87.0 87.0 0.0 0.0 2.0
806 87.0 87.0 0.0 0.0 2.0
807 87.0 87.0 0.0 0.0 2.0
808 87.0 87.0 0.0 0.0 2.0
809 87.0 87.0 0.0 0.0 2.0
810 87.0 87.0 0.0 0.0 2.0
811 87.0 87.0 0.0 0.0 2.0
812 87.0 87.0 0.0 0.0 2.0
813 87.0 87.0 0.0 0.0 2.0
814 87.0 87.0 0.0 0.0 2.0
815 87.0 87.0 0.0 0.0 2.0
816 87.0 87.0 0.0 0.0 2.0
817 87.0 87.0 0.0 0.0 2.0
818 87.0 87.0 0.0 0.0 2.0
819 87.0 87.0 0.0 0.0 2.0
820 87.0 87.0 0.0 0.0 2.0
821 87.0 87.0 0.0 0.0 2.0
822 87.0 87.0 0.0 0.0 2.0
823 87.0 87.0 0.0 0.0 2.0
824 87.0 87.0 0.0 0.0 2.0
825 87.0 87.0 0.0 0.0 2.0
826 87.0 87.0 0.0 0.0 2.0
827 87.0 87.0 0.0 0.0 2.0
828 87.0 87.0 0.0 0.0 2.0
829 87.0 87.0 0.0 0.0 2.0
830 87.0 87.0 0.0 0.0 2.0
831 87.0 87.0 0.0 0.0 2.0
832 87.0 87.0 0.0 0.0 2.0
833 87.0 87.0 0.0 0.0 2.0
834 87.0 87.0 0.0 0.0 2.0
835 87.0 87.0 0.0 0.0 2.0
836 87.0 87.0 0.0 0.0 2.0
837 87.0 87.0 0.0 0.0 2.0
838 87.0 87.0 0.0 0.0 2.0
839 87.0 87.0 0.0 0.0 2.0
840 87.0 87.0 0.0 0.0 2.0
841 87.0 87.0 0.0 0.0 2.0
842 87.0 87.0 0.0 0.0 2.0
843 87.0 87.0 0.0 0.0 2.0
844 87.0 87.0 0.0 0.0 2.0
845 87.0 87.0 0.0 0.0 2.0
846 87.0 87.0 0.0 0.0 2.0
847 87.0 87.0 0.0 0.0 2.0
848 87.0 87.0 0.0 0.0 2.0
849 87.0 87.0 0.0 0.0 2.0
850 87.0 87.0 0.0 0.0 2.0
851 87.0 87.0 0.0 0.0 2.0
852 87.0 87.0 0.0 0.0 2.0
853 87.0 87.0 0.0 0.0 2.0
854 87.0 87.0 0.0 0.0 2.0
855 87.0 87.0 0.0 0.0 2.0
856 87.0 87.0 0.0 0.0 2.0
857 87.0 87.0 0.0 0.0 2.0
858 87.0 87.0 0.0 0.0 2.0
859 87.0 87.0 0.0 0.0 2.0
860 87.0 87.0 0.0 0.0 2.0
861 87.0 87.0 0.0 0.0 2.0
862 87.0 87.0 0.0 0.0 2.0
863 87.0 87.0 0.0 0.0 2.0
864 87.0 87.0 0.0 0.0 2.0
865 87.0 87.0 0.0 0.0 2.0
866 87.0 87.0 0.0 0.0 2.0
867 87.0 87.0 0.0 0.0 2.0
868 87.0 87.0 0.0 0.0 2.0
869 87.0 87.0 0.0 0.0 2.0
870 87.0 87.0 0.0 0.0 2.0
871 87.0 87.0 0.0 0.0 2.0
872 87.0 87.0 0.0 0.0 2.0
873 87.0 87.0 0.0 0.0 2.0
874 87.0 87.0 0.0 0.0 2.0
875 87.0 87.0 0.0 0.0 2.0
876 87.0 87.0 0.0 0.0 2.0
877 87.0 87.0 0.0 0.0 2.0
878 87.0 87.0 0.0 0.0 2.0
879 87.0 87.0 0.0 0.0 2.0
880 87.0 87.0 0.0 0.0 2.0
881 87.0 87.0 0.0 0.0 2.0
882 87.0 87.0 0.0 0.0 2.0
883 87.0 87.0 0.0 0.0 2.0
884 87.0 87.0 0.0 0.0 2.0
885 87.0 87.0 0.0 0.0 2.0
886 87.0 87.0 0.0 0.0 2.0
887 87.0 87.0 0.0 0.0 2.0
888 87.0 87.0 0.0 0.0 2.0
889 87.0 87.0 0.0 0.0 2.0
890 87.0 87.0 0.0 0.0 2.0
891 87.0 87.0 0.0 0.0 2.0
892 87.0 87.0 0.0 0.0 2.0
893 87.0 87.0 0.0 0.0 2.0
894 87.0 87.0 0.0 0.0 2.0
895 87.0 87.0 0.0 0.0 2.0
896 87.0 87.0 0.0 0.0 2.0
897 87.0 87.0 0.0 0.0 2.0
898 87.0 87.0 0.0 0.0 2.0
899 87.0 87.0 0.0 0.0 2.0
900 87.0 87.0 0.0 0.0 2.0
901 87.0 87.0 0.0 0.0 2.0
902 87.0 87.0 0.0 0.0 2.0
903 87.0 87.0 0.0 0.0 2.0
904 87.0 87.0 0.0 0.0 2.0
905 87.0 87.0 0.0 0.0 2.0
906 87.0 87.0 0.0 0.0 2.0
907 87.0 87.0 0.0 0.0 2.0
908 87.0 87.0 0.0 0.0 2.0
909 87.0 87.0 0.0 0.0 2.0
910 87.0 87.0 0.0 0.0 2.0
911 87.0 87.0 0.0 0.0 2.0
912 87.0 87.0 0.0 0.0 2.0
913 87.0 87.0 0.0 0.0 2.0
914 87.0 87.0 0.0 0.0 2.0
915 87.0 87.0 0.0 0.0 2.0
916 87.0 87.0 0.0 0.0 2.0
917 87.0 87.0 0.0 0.0 2.0
918 87.0 87.0 0.0 0.0 2.0
919 87.0 87.0 0.0 0.0 2.0
920 87.0 87.0 0.0 0.0 2.0
921 87.0 87.0 0.0 0.0 2.0
922 87.0 87.0 0.0 0.0 2.0
923 87.0 87.0 0.0 0.0 2.0
924 87.0 87.0 0.0 0.0 2.0
925 87.0 87.0 0.0 0.0 2.0
926 87.0 87.0 0.0 0.0 2.0
927 87.0 87.0 0.0 0.0 2.0
928 87.0 87.0 0.0 0.0 2.0
929 87.0 87.0 0.0 0.0 2.0
930 87.0 87.0 0.0 0.0 2.0
931 87.0 87.0 0.0 0.0 2.0
932 87.0 87.0 0.0 0.0 2.0
933 87.0 87.0 0.0 0.0 2.0
934 87.0 87.0 0.0 0.0 2.0
935 87.0 87.0 0.0 0.0 2.0
936 87.0 87.0 0.0 0.0 2.0
937 87.0 87.0 0.0 0.0 2.0
938 87.0 87.0 0.0 0.0 2.0
939 87.0 87.0 0.0 0.0 2.0
940 87.0 87.0 0.0 0.0 2.0
941 87.0 87.0 0.0 0.0 2.0
942 87.0 87.0 0.0 0.0 2.0
943 87.0 87.0 0.0 0.0 2.0
944 87.0 87.0 0.0 0.0 2.0
945 87.0 87.0 0.0 0.0 2.0
946 87.0 87.0 0.0 0.0 2.0
947 87.0 87.0 0.0 0.0 2.0
948 87.0 87.0 0.0 0.0 2.0
949 87.0 87.0 0.0 0.0 2.0
950 87.0 87.0 0.0 0.0 2.0
951 87.0 87.0 0.0 0.0 2.0
952 87.0 87.0 0.0 0.0 2.0
953 87.0 87.0 0.0 0.0 2.0
954 87.0 87.0 0.0 0.0 2.0
955 87.0 87.0 0.0 0.0 2.0
956 87.0 87.0 0.0 0.0 2.0
957 87.0 87.0 0.0 0.0 2.0
958 87.0 87.0 0.0 0.0 2.0
959 87.0 87.0 0.0 0.0 2.0
960 87.0 87.0 0.0 0.0 2.0
961 87.0 87.0 0.0 0.0 2.0
962 87.0 87.0 0.0 0.0 2.0
963 87.0 87.0 0.0 0.0 2.0
964 87.0 87.0 0.0 0.0 2.0
965 87.0 87.0 0.0 0.0 2.0
966 87.0 87.0 0.0 0.0 2.0
967 87.0 87.0 0.0 0.0 2.0
968 87.0 87.0 0.0 0.0 2.0
969 87.0 87.0 0.0 0.0 2.0
970 87.0 87.0 0.0 0.0 2.0
971 87.0 87.0 0.0 0.0 2.0
972 87.0 87.0 0.0 0.0 2.0
973 87.0 87.0 0.0 0.0 2.0
974 87.0 87.0 0.0 0.0 2.0
975 87.0 87.0 0.0 0.0 2.0
976 87.0 87.0 0.0 0.0 2.0
977 87.0 87.0 0.0 0.0 2.0
978 87.0 87.0 0.0 0.0 2.0
979 87.0 87.0 0.0 0.0 2.0
980 87.0 87.0 0.0 0.0 2.0
981 87.0 87.0 0.0 0.0 2.0
982 87.0 87.0 0.0 0.0 2.0
983 87.0 87.0 0.0 0.0 2.0
984 87.0 87.0 0.0 0.0 2.0
985 87.0 87.0 0.0 0.0 2.0
986 87.0 87.0 0.0 0.0 2.0
987 87.0 87.0 0.0 0.0 2.0
988 87.0 87.0 0.0 0.0 2.0
989 87.0 87.0 0.0 0.0 2.0
990 87.0 87.0 0.0 0.0 2.0
991 87.0 87.0 0.0 0.0 2.0
992 87.0 87.0 0.0 0.0 2.0
993 87.0 87.0 0.0 0.0 2.0
994 87.0 87.0 0.0 0.0 2.0
995 87.0 87.0 0.0 0.0 2.0
996 87.0 87.0 0.0 0.0 2.0
997 87.0 87.0 0.0 0.0 2.0
998 87.0 87.0 0.0 0.0 2.0
999 87.0 87.0 0.0 0.0 2.0
1000 87.0 87.0 0.0 0.0 2.0
