gen HV HVnoDiscount fitness_notKilledMutants notKilledNonEqMutants fitness_testSuiteSize
1 66.0 66.0 0.0 0.0 6.0
2 66.0 66.0 0.0 0.0 6.0
3 66.0 66.0 0.0 0.0 6.0
4 66.0 66.0 0.0 0.0 6.0
5 66.0 66.0 0.0 0.0 6.0
6 66.0 66.0 0.0 0.0 6.0
7 66.0 66.0 0.0 0.0 6.0
8 66.0 66.0 0.0 0.0 6.0
9 66.0 66.0 0.0 0.0 6.0
10 66.0 66.0 0.0 0.0 6.0
11 66.0 66.0 0.0 0.0 6.0
12 66.0 66.0 0.0 0.0 6.0
13 66.0 66.0 0.0 0.0 6.0
14 66.0 66.0 0.0 0.0 6.0
15 66.0 66.0 0.0 0.0 6.0
16 66.0 66.0 0.0 0.0 6.0
17 66.0 66.0 0.0 0.0 6.0
18 66.0 66.0 0.0 0.0 6.0
19 66.0 66.0 0.0 0.0 6.0
20 66.0 66.0 0.0 0.0 6.0
21 66.0 66.0 0.0 0.0 6.0
22 66.0 66.0 0.0 0.0 6.0
23 66.0 66.0 0.0 0.0 6.0
24 66.0 66.0 0.0 0.0 6.0
25 66.0 66.0 0.0 0.0 6.0
26 66.0 66.0 0.0 0.0 6.0
27 66.0 66.0 0.0 0.0 6.0
28 66.0 66.0 0.0 0.0 6.0
29 66.0 66.0 0.0 0.0 6.0
30 66.0 66.0 0.0 0.0 6.0
31 66.0 66.0 0.0 0.0 6.0
32 66.0 66.0 0.0 0.0 6.0
33 66.0 66.0 0.0 0.0 6.0
34 66.0 66.0 0.0 0.0 6.0
35 66.0 66.0 0.0 0.0 6.0
36 66.0 66.0 0.0 0.0 6.0
37 66.0 66.0 0.0 0.0 6.0
38 66.0 66.0 0.0 0.0 6.0
39 66.0 66.0 0.0 0.0 6.0
40 66.0 66.0 0.0 0.0 6.0
41 66.0 66.0 0.0 0.0 6.0
42 66.0 66.0 0.0 0.0 6.0
43 66.0 66.0 0.0 0.0 6.0
44 66.0 66.0 0.0 0.0 6.0
45 66.0 66.0 0.0 0.0 6.0
46 66.0 66.0 0.0 0.0 6.0
47 66.0 66.0 0.0 0.0 6.0
48 66.0 66.0 0.0 0.0 6.0
49 66.0 66.0 0.0 0.0 6.0
50 66.0 66.0 0.0 0.0 6.0
51 66.0 66.0 0.0 0.0 6.0
52 66.0 66.0 0.0 0.0 6.0
53 66.0 66.0 0.0 0.0 6.0
54 66.0 66.0 0.0 0.0 6.0
55 66.0 66.0 0.0 0.0 6.0
56 66.0 66.0 0.0 0.0 6.0
57 66.0 66.0 0.0 0.0 6.0
58 66.0 66.0 0.0 0.0 6.0
59 66.0 66.0 0.0 0.0 6.0
60 66.0 66.0 0.0 0.0 6.0
61 66.0 66.0 0.0 0.0 6.0
62 66.0 66.0 0.0 0.0 6.0
63 66.0 66.0 0.0 0.0 6.0
64 66.0 66.0 0.0 0.0 6.0
65 66.0 66.0 0.0 0.0 6.0
66 66.0 66.0 0.0 0.0 6.0
67 66.0 66.0 0.0 0.0 6.0
68 66.0 66.0 0.0 0.0 6.0
69 66.0 66.0 0.0 0.0 6.0
70 66.0 66.0 0.0 0.0 6.0
71 66.0 66.0 0.0 0.0 6.0
72 66.0 66.0 0.0 0.0 6.0
73 66.0 66.0 0.0 0.0 6.0
74 66.0 66.0 0.0 0.0 6.0
75 66.0 66.0 0.0 0.0 6.0
76 66.0 66.0 0.0 0.0 6.0
77 66.0 66.0 0.0 0.0 6.0
78 66.0 66.0 0.0 0.0 6.0
79 66.0 66.0 0.0 0.0 6.0
80 66.0 66.0 0.0 0.0 6.0
81 66.0 66.0 0.0 0.0 6.0
82 66.0 66.0 0.0 0.0 6.0
83 66.0 66.0 0.0 0.0 6.0
84 66.0 66.0 0.0 0.0 6.0
85 66.0 66.0 0.0 0.0 6.0
86 66.0 66.0 0.0 0.0 6.0
87 66.0 66.0 0.0 0.0 6.0
88 66.0 66.0 0.0 0.0 6.0
89 66.0 66.0 0.0 0.0 6.0
90 66.0 66.0 0.0 0.0 6.0
91 66.0 66.0 0.0 0.0 6.0
92 66.0 66.0 0.0 0.0 6.0
93 66.0 66.0 0.0 0.0 6.0
94 66.0 66.0 0.0 0.0 6.0
95 66.0 66.0 0.0 0.0 6.0
96 66.0 66.0 0.0 0.0 6.0
97 66.0 66.0 0.0 0.0 6.0
98 66.0 66.0 0.0 0.0 6.0
99 66.0 66.0 0.0 0.0 6.0
100 66.0 66.0 0.0 0.0 6.0
101 66.0 66.0 0.0 0.0 6.0
102 66.0 66.0 0.0 0.0 6.0
103 66.0 66.0 0.0 0.0 6.0
104 66.0 66.0 0.0 0.0 6.0
105 66.0 66.0 0.0 0.0 6.0
106 66.0 66.0 0.0 0.0 6.0
107 66.0 66.0 0.0 0.0 6.0
108 66.0 66.0 0.0 0.0 6.0
109 66.0 66.0 0.0 0.0 6.0
110 66.0 66.0 0.0 0.0 6.0
111 66.0 66.0 0.0 0.0 6.0
112 66.0 66.0 0.0 0.0 6.0
113 66.0 66.0 0.0 0.0 6.0
114 66.0 66.0 0.0 0.0 6.0
115 66.0 66.0 0.0 0.0 6.0
116 66.0 66.0 0.0 0.0 6.0
117 66.0 66.0 0.0 0.0 6.0
118 66.0 66.0 0.0 0.0 6.0
119 66.0 66.0 0.0 0.0 6.0
120 66.0 66.0 0.0 0.0 6.0
121 66.0 66.0 0.0 0.0 6.0
122 66.0 66.0 0.0 0.0 6.0
123 66.0 66.0 0.0 0.0 6.0
124 66.0 66.0 0.0 0.0 6.0
125 66.0 66.0 0.0 0.0 6.0
126 66.0 66.0 0.0 0.0 6.0
127 66.0 66.0 0.0 0.0 6.0
128 66.0 66.0 0.0 0.0 6.0
129 66.0 66.0 0.0 0.0 6.0
130 66.0 66.0 0.0 0.0 6.0
131 66.0 66.0 0.0 0.0 6.0
132 66.0 66.0 0.0 0.0 6.0
133 66.0 66.0 0.0 0.0 6.0
134 66.0 66.0 0.0 0.0 6.0
135 66.0 66.0 0.0 0.0 6.0
136 66.0 66.0 0.0 0.0 6.0
137 66.0 66.0 0.0 0.0 6.0
138 66.0 66.0 0.0 0.0 6.0
139 66.0 66.0 0.0 0.0 6.0
140 66.0 66.0 0.0 0.0 6.0
141 66.0 66.0 0.0 0.0 6.0
142 66.0 66.0 0.0 0.0 6.0
143 66.0 66.0 0.0 0.0 6.0
144 66.0 66.0 0.0 0.0 6.0
145 66.0 66.0 0.0 0.0 6.0
146 66.0 66.0 0.0 0.0 6.0
147 66.0 66.0 0.0 0.0 6.0
148 66.0 66.0 0.0 0.0 6.0
149 66.0 66.0 0.0 0.0 6.0
150 66.0 66.0 0.0 0.0 6.0
151 66.0 66.0 0.0 0.0 6.0
152 66.0 66.0 0.0 0.0 6.0
153 66.0 66.0 0.0 0.0 6.0
154 66.0 66.0 0.0 0.0 6.0
155 66.0 66.0 0.0 0.0 6.0
156 66.0 66.0 0.0 0.0 6.0
157 66.0 66.0 0.0 0.0 6.0
158 66.0 66.0 0.0 0.0 6.0
159 66.0 66.0 0.0 0.0 6.0
160 66.0 66.0 0.0 0.0 6.0
161 66.0 66.0 0.0 0.0 6.0
162 66.0 66.0 0.0 0.0 6.0
163 66.0 66.0 0.0 0.0 6.0
164 66.0 66.0 0.0 0.0 6.0
165 66.0 66.0 0.0 0.0 6.0
166 66.0 66.0 0.0 0.0 6.0
167 66.0 66.0 0.0 0.0 6.0
168 66.0 66.0 0.0 0.0 6.0
169 66.0 66.0 0.0 0.0 6.0
170 66.0 66.0 0.0 0.0 6.0
171 66.0 66.0 0.0 0.0 6.0
172 66.0 66.0 0.0 0.0 6.0
173 66.0 66.0 0.0 0.0 6.0
174 66.0 66.0 0.0 0.0 6.0
175 66.0 66.0 0.0 0.0 6.0
176 66.0 66.0 0.0 0.0 6.0
177 66.0 66.0 0.0 0.0 6.0
178 66.0 66.0 0.0 0.0 6.0
179 66.0 66.0 0.0 0.0 6.0
180 66.0 66.0 0.0 0.0 6.0
181 66.0 66.0 0.0 0.0 6.0
182 66.0 66.0 0.0 0.0 6.0
183 66.0 66.0 0.0 0.0 6.0
184 66.0 66.0 0.0 0.0 6.0
185 66.0 66.0 0.0 0.0 6.0
186 66.0 66.0 0.0 0.0 6.0
187 66.0 66.0 0.0 0.0 6.0
188 66.0 66.0 0.0 0.0 6.0
189 66.0 66.0 0.0 0.0 6.0
190 66.0 66.0 0.0 0.0 6.0
191 66.0 66.0 0.0 0.0 6.0
192 66.0 66.0 0.0 0.0 6.0
193 66.0 66.0 0.0 0.0 6.0
194 66.0 66.0 0.0 0.0 6.0
195 66.0 66.0 0.0 0.0 6.0
196 66.0 66.0 0.0 0.0 6.0
197 66.0 66.0 0.0 0.0 6.0
198 66.0 66.0 0.0 0.0 6.0
199 66.0 66.0 0.0 0.0 6.0
200 66.0 66.0 0.0 0.0 6.0
201 66.0 66.0 0.0 0.0 6.0
202 66.0 66.0 0.0 0.0 6.0
203 66.0 66.0 0.0 0.0 6.0
204 66.0 66.0 0.0 0.0 6.0
205 66.0 66.0 0.0 0.0 6.0
206 66.0 66.0 0.0 0.0 6.0
207 66.0 66.0 0.0 0.0 6.0
208 66.0 66.0 0.0 0.0 6.0
209 66.0 66.0 0.0 0.0 5.0
210 66.0 66.0 0.0 0.0 5.0
211 66.0 66.0 0.0 0.0 5.0
212 70.0 70.0 0.0 0.0 3.0
213 70.0 70.0 0.0 0.0 3.0
214 70.0 70.0 0.0 0.0 3.0
215 70.0 70.0 0.0 0.0 3.0
216 70.0 70.0 0.0 0.0 3.0
217 70.0 70.0 0.0 0.0 3.0
218 70.0 70.0 0.0 0.0 3.0
219 70.0 70.0 0.0 0.0 3.0
220 70.0 70.0 0.0 0.0 3.0
221 70.0 70.0 0.0 0.0 3.0
222 70.0 70.0 0.0 0.0 3.0
223 70.0 70.0 0.0 0.0 3.0
224 70.0 70.0 0.0 0.0 3.0
225 70.0 70.0 0.0 0.0 3.0
226 70.0 70.0 0.0 0.0 3.0
227 70.0 70.0 0.0 0.0 3.0
228 70.0 70.0 0.0 0.0 3.0
229 70.0 70.0 0.0 0.0 3.0
230 70.0 70.0 0.0 0.0 3.0
231 70.0 70.0 0.0 0.0 3.0
232 70.0 70.0 0.0 0.0 3.0
233 70.0 70.0 0.0 0.0 3.0
234 70.0 70.0 0.0 0.0 3.0
235 70.0 70.0 0.0 0.0 3.0
236 70.0 70.0 0.0 0.0 3.0
237 70.0 70.0 0.0 0.0 3.0
238 70.0 70.0 0.0 0.0 3.0
239 70.0 70.0 0.0 0.0 3.0
240 70.0 70.0 0.0 0.0 3.0
241 70.0 70.0 0.0 0.0 3.0
242 70.0 70.0 0.0 0.0 3.0
243 70.0 70.0 0.0 0.0 3.0
244 70.0 70.0 0.0 0.0 3.0
245 70.0 70.0 0.0 0.0 3.0
246 70.0 70.0 0.0 0.0 3.0
247 70.0 70.0 0.0 0.0 3.0
248 70.0 70.0 0.0 0.0 3.0
249 70.0 70.0 0.0 0.0 3.0
250 70.0 70.0 0.0 0.0 3.0
251 70.0 70.0 0.0 0.0 3.0
252 70.0 70.0 0.0 0.0 3.0
253 76.0 76.0 0.0 0.0 3.0
254 76.0 76.0 0.0 0.0 3.0
255 76.0 76.0 0.0 0.0 3.0
256 76.0 76.0 0.0 0.0 3.0
257 76.0 76.0 0.0 0.0 3.0
258 76.0 76.0 0.0 0.0 3.0
259 76.0 76.0 0.0 0.0 3.0
260 76.0 76.0 0.0 0.0 3.0
261 76.0 76.0 0.0 0.0 3.0
262 76.0 76.0 0.0 0.0 3.0
263 76.0 76.0 0.0 0.0 3.0
264 76.0 76.0 0.0 0.0 3.0
265 76.0 76.0 0.0 0.0 3.0
266 76.0 76.0 0.0 0.0 3.0
267 76.0 76.0 0.0 0.0 3.0
268 76.0 76.0 0.0 0.0 3.0
269 76.0 76.0 0.0 0.0 3.0
270 76.0 76.0 0.0 0.0 3.0
271 76.0 76.0 0.0 0.0 3.0
272 76.0 76.0 0.0 0.0 3.0
273 76.0 76.0 0.0 0.0 3.0
274 76.0 76.0 0.0 0.0 3.0
275 76.0 76.0 0.0 0.0 3.0
276 76.0 76.0 0.0 0.0 3.0
277 76.0 76.0 0.0 0.0 3.0
278 76.0 76.0 0.0 0.0 3.0
279 76.0 76.0 0.0 0.0 3.0
280 76.0 76.0 0.0 0.0 3.0
281 76.0 76.0 0.0 0.0 3.0
282 76.0 76.0 0.0 0.0 3.0
283 76.0 76.0 0.0 0.0 3.0
284 76.0 76.0 0.0 0.0 3.0
285 76.0 76.0 0.0 0.0 3.0
286 76.0 76.0 0.0 0.0 3.0
287 76.0 76.0 0.0 0.0 3.0
288 76.0 76.0 0.0 0.0 3.0
289 76.0 76.0 0.0 0.0 3.0
290 76.0 76.0 0.0 0.0 3.0
291 76.0 76.0 0.0 0.0 3.0
292 76.0 76.0 0.0 0.0 3.0
293 76.0 76.0 0.0 0.0 3.0
294 76.0 76.0 0.0 0.0 3.0
295 76.0 76.0 0.0 0.0 3.0
296 76.0 76.0 0.0 0.0 3.0
297 76.0 76.0 0.0 0.0 3.0
298 76.0 76.0 0.0 0.0 3.0
299 76.0 76.0 0.0 0.0 3.0
300 76.0 76.0 0.0 0.0 3.0
301 76.0 76.0 0.0 0.0 3.0
302 76.0 76.0 0.0 0.0 3.0
303 76.0 76.0 0.0 0.0 3.0
304 76.0 76.0 0.0 0.0 3.0
305 76.0 76.0 0.0 0.0 3.0
306 76.0 76.0 0.0 0.0 3.0
307 76.0 76.0 0.0 0.0 3.0
308 76.0 76.0 0.0 0.0 3.0
309 76.0 76.0 0.0 0.0 3.0
310 76.0 76.0 0.0 0.0 3.0
311 76.0 76.0 0.0 0.0 3.0
312 76.0 76.0 0.0 0.0 3.0
313 76.0 76.0 0.0 0.0 3.0
314 76.0 76.0 0.0 0.0 3.0
315 76.0 76.0 0.0 0.0 3.0
316 76.0 76.0 0.0 0.0 3.0
317 76.0 76.0 0.0 0.0 3.0
318 76.0 76.0 0.0 0.0 3.0
319 76.0 76.0 0.0 0.0 3.0
320 76.0 76.0 0.0 0.0 3.0
321 76.0 76.0 0.0 0.0 3.0
322 76.0 76.0 0.0 0.0 3.0
323 76.0 76.0 0.0 0.0 3.0
324 76.0 76.0 0.0 0.0 3.0
325 76.0 76.0 0.0 0.0 3.0
326 76.0 76.0 0.0 0.0 3.0
327 76.0 76.0 0.0 0.0 3.0
328 76.0 76.0 0.0 0.0 3.0
329 76.0 76.0 0.0 0.0 3.0
330 76.0 76.0 0.0 0.0 3.0
331 76.0 76.0 0.0 0.0 3.0
332 76.0 76.0 0.0 0.0 3.0
333 76.0 76.0 0.0 0.0 3.0
334 76.0 76.0 0.0 0.0 3.0
335 76.0 76.0 0.0 0.0 3.0
336 76.0 76.0 0.0 0.0 3.0
337 76.0 76.0 0.0 0.0 3.0
338 76.0 76.0 0.0 0.0 3.0
339 76.0 76.0 0.0 0.0 3.0
340 76.0 76.0 0.0 0.0 3.0
341 76.0 76.0 0.0 0.0 3.0
342 76.0 76.0 0.0 0.0 3.0
343 76.0 76.0 0.0 0.0 3.0
344 76.0 76.0 0.0 0.0 3.0
345 76.0 76.0 0.0 0.0 3.0
346 76.0 76.0 0.0 0.0 3.0
347 76.0 76.0 0.0 0.0 3.0
348 76.0 76.0 0.0 0.0 3.0
349 76.0 76.0 0.0 0.0 3.0
350 76.0 76.0 0.0 0.0 3.0
351 76.0 76.0 0.0 0.0 3.0
352 76.0 76.0 0.0 0.0 3.0
353 76.0 76.0 0.0 0.0 3.0
354 76.0 76.0 0.0 0.0 3.0
355 76.0 76.0 0.0 0.0 3.0
356 76.0 76.0 0.0 0.0 3.0
357 76.0 76.0 0.0 0.0 3.0
358 76.0 76.0 0.0 0.0 3.0
359 76.0 76.0 0.0 0.0 3.0
360 76.0 76.0 0.0 0.0 3.0
361 76.0 76.0 0.0 0.0 3.0
362 76.0 76.0 0.0 0.0 3.0
363 76.0 76.0 0.0 0.0 3.0
364 76.0 76.0 0.0 0.0 3.0
365 76.0 76.0 0.0 0.0 3.0
366 76.0 76.0 0.0 0.0 3.0
367 76.0 76.0 0.0 0.0 3.0
368 76.0 76.0 0.0 0.0 3.0
369 76.0 76.0 0.0 0.0 3.0
370 76.0 76.0 0.0 0.0 3.0
371 76.0 76.0 0.0 0.0 3.0
372 76.0 76.0 0.0 0.0 3.0
373 76.0 76.0 0.0 0.0 3.0
374 76.0 76.0 0.0 0.0 3.0
375 76.0 76.0 0.0 0.0 3.0
376 76.0 76.0 0.0 0.0 3.0
377 76.0 76.0 0.0 0.0 3.0
378 76.0 76.0 0.0 0.0 3.0
379 76.0 76.0 0.0 0.0 3.0
380 76.0 76.0 0.0 0.0 3.0
381 76.0 76.0 0.0 0.0 3.0
382 76.0 76.0 0.0 0.0 3.0
383 76.0 76.0 0.0 0.0 3.0
384 76.0 76.0 0.0 0.0 3.0
385 76.0 76.0 0.0 0.0 3.0
386 76.0 76.0 0.0 0.0 3.0
387 76.0 76.0 0.0 0.0 3.0
388 76.0 76.0 0.0 0.0 3.0
389 76.0 76.0 0.0 0.0 3.0
390 76.0 76.0 0.0 0.0 3.0
391 76.0 76.0 0.0 0.0 3.0
392 76.0 76.0 0.0 0.0 3.0
393 76.0 76.0 0.0 0.0 3.0
394 76.0 76.0 0.0 0.0 3.0
395 76.0 76.0 0.0 0.0 3.0
396 76.0 76.0 0.0 0.0 3.0
397 76.0 76.0 0.0 0.0 3.0
398 76.0 76.0 0.0 0.0 3.0
399 76.0 76.0 0.0 0.0 3.0
400 76.0 76.0 0.0 0.0 3.0
401 76.0 76.0 0.0 0.0 3.0
402 76.0 76.0 0.0 0.0 3.0
403 76.0 76.0 0.0 0.0 3.0
404 76.0 76.0 0.0 0.0 3.0
405 76.0 76.0 0.0 0.0 3.0
406 76.0 76.0 0.0 0.0 3.0
407 76.0 76.0 0.0 0.0 3.0
408 76.0 76.0 0.0 0.0 3.0
409 76.0 76.0 0.0 0.0 3.0
410 76.0 76.0 0.0 0.0 3.0
411 76.0 76.0 0.0 0.0 3.0
412 76.0 76.0 0.0 0.0 3.0
413 76.0 76.0 0.0 0.0 3.0
414 76.0 76.0 0.0 0.0 3.0
415 76.0 76.0 0.0 0.0 3.0
416 76.0 76.0 0.0 0.0 3.0
417 76.0 76.0 0.0 0.0 3.0
418 76.0 76.0 0.0 0.0 3.0
419 76.0 76.0 0.0 0.0 3.0
420 76.0 76.0 0.0 0.0 3.0
421 76.0 76.0 0.0 0.0 3.0
422 76.0 76.0 0.0 0.0 3.0
423 76.0 76.0 0.0 0.0 3.0
424 76.0 76.0 0.0 0.0 3.0
425 76.0 76.0 0.0 0.0 3.0
426 76.0 76.0 0.0 0.0 3.0
427 76.0 76.0 0.0 0.0 3.0
428 76.0 76.0 0.0 0.0 3.0
429 76.0 76.0 0.0 0.0 3.0
430 76.0 76.0 0.0 0.0 3.0
431 76.0 76.0 0.0 0.0 3.0
432 76.0 76.0 0.0 0.0 3.0
433 76.0 76.0 0.0 0.0 3.0
434 76.0 76.0 0.0 0.0 3.0
435 76.0 76.0 0.0 0.0 3.0
436 76.0 76.0 0.0 0.0 3.0
437 76.0 76.0 0.0 0.0 3.0
438 76.0 76.0 0.0 0.0 3.0
439 76.0 76.0 0.0 0.0 3.0
440 76.0 76.0 0.0 0.0 3.0
441 76.0 76.0 0.0 0.0 3.0
442 76.0 76.0 0.0 0.0 3.0
443 76.0 76.0 0.0 0.0 3.0
444 76.0 76.0 0.0 0.0 3.0
445 76.0 76.0 0.0 0.0 3.0
446 76.0 76.0 0.0 0.0 3.0
447 76.0 76.0 0.0 0.0 3.0
448 76.0 76.0 0.0 0.0 3.0
449 76.0 76.0 0.0 0.0 3.0
450 76.0 76.0 0.0 0.0 3.0
451 76.0 76.0 0.0 0.0 3.0
452 76.0 76.0 0.0 0.0 3.0
453 76.0 76.0 0.0 0.0 3.0
454 76.0 76.0 0.0 0.0 3.0
455 76.0 76.0 0.0 0.0 3.0
456 76.0 76.0 0.0 0.0 3.0
457 76.0 76.0 0.0 0.0 3.0
458 76.0 76.0 0.0 0.0 3.0
459 76.0 76.0 0.0 0.0 3.0
460 76.0 76.0 0.0 0.0 3.0
461 76.0 76.0 0.0 0.0 3.0
462 76.0 76.0 0.0 0.0 3.0
463 76.0 76.0 0.0 0.0 3.0
464 76.0 76.0 0.0 0.0 3.0
465 76.0 76.0 0.0 0.0 3.0
466 76.0 76.0 0.0 0.0 3.0
467 76.0 76.0 0.0 0.0 3.0
468 76.0 76.0 0.0 0.0 3.0
469 76.0 76.0 0.0 0.0 3.0
470 76.0 76.0 0.0 0.0 3.0
471 76.0 76.0 0.0 0.0 3.0
472 76.0 76.0 0.0 0.0 3.0
473 76.0 76.0 0.0 0.0 3.0
474 76.0 76.0 0.0 0.0 3.0
475 76.0 76.0 0.0 0.0 3.0
476 76.0 76.0 0.0 0.0 3.0
477 76.0 76.0 0.0 0.0 3.0
478 76.0 76.0 0.0 0.0 3.0
479 76.0 76.0 0.0 0.0 3.0
480 76.0 76.0 0.0 0.0 3.0
481 76.0 76.0 0.0 0.0 3.0
482 76.0 76.0 0.0 0.0 3.0
483 76.0 76.0 0.0 0.0 3.0
484 76.0 76.0 0.0 0.0 3.0
485 76.0 76.0 0.0 0.0 3.0
486 76.0 76.0 0.0 0.0 3.0
487 76.0 76.0 0.0 0.0 3.0
488 76.0 76.0 0.0 0.0 3.0
489 76.0 76.0 0.0 0.0 3.0
490 76.0 76.0 0.0 0.0 3.0
491 76.0 76.0 0.0 0.0 3.0
492 76.0 76.0 0.0 0.0 3.0
493 76.0 76.0 0.0 0.0 3.0
494 76.0 76.0 0.0 0.0 3.0
495 76.0 76.0 0.0 0.0 3.0
496 76.0 76.0 0.0 0.0 3.0
497 76.0 76.0 0.0 0.0 3.0
498 76.0 76.0 0.0 0.0 3.0
499 76.0 76.0 0.0 0.0 3.0
500 76.0 76.0 0.0 0.0 3.0
501 76.0 76.0 0.0 0.0 3.0
502 76.0 76.0 0.0 0.0 3.0
503 76.0 76.0 0.0 0.0 3.0
504 76.0 76.0 0.0 0.0 3.0
505 76.0 76.0 0.0 0.0 3.0
506 76.0 76.0 0.0 0.0 3.0
507 76.0 76.0 0.0 0.0 3.0
508 76.0 76.0 0.0 0.0 3.0
509 76.0 76.0 0.0 0.0 3.0
510 76.0 76.0 0.0 0.0 3.0
511 76.0 76.0 0.0 0.0 3.0
512 76.0 76.0 0.0 0.0 3.0
513 76.0 76.0 0.0 0.0 3.0
514 76.0 76.0 0.0 0.0 3.0
515 76.0 76.0 0.0 0.0 3.0
516 76.0 76.0 0.0 0.0 3.0
517 76.0 76.0 0.0 0.0 3.0
518 76.0 76.0 0.0 0.0 3.0
519 76.0 76.0 0.0 0.0 3.0
520 76.0 76.0 0.0 0.0 3.0
521 76.0 76.0 0.0 0.0 3.0
522 76.0 76.0 0.0 0.0 3.0
523 76.0 76.0 0.0 0.0 3.0
524 76.0 76.0 0.0 0.0 3.0
525 76.0 76.0 0.0 0.0 3.0
526 76.0 76.0 0.0 0.0 3.0
527 76.0 76.0 0.0 0.0 3.0
528 76.0 76.0 0.0 0.0 3.0
529 76.0 76.0 0.0 0.0 3.0
530 76.0 76.0 0.0 0.0 3.0
531 76.0 76.0 0.0 0.0 3.0
532 76.0 76.0 0.0 0.0 3.0
533 76.0 76.0 0.0 0.0 3.0
534 76.0 76.0 0.0 0.0 3.0
535 76.0 76.0 0.0 0.0 3.0
536 76.0 76.0 0.0 0.0 3.0
537 76.0 76.0 0.0 0.0 3.0
538 76.0 76.0 0.0 0.0 3.0
539 76.0 76.0 0.0 0.0 3.0
540 76.0 76.0 0.0 0.0 3.0
541 76.0 76.0 0.0 0.0 3.0
542 76.0 76.0 0.0 0.0 3.0
543 76.0 76.0 0.0 0.0 3.0
544 76.0 76.0 0.0 0.0 3.0
545 76.0 76.0 0.0 0.0 3.0
546 76.0 76.0 0.0 0.0 3.0
547 76.0 76.0 0.0 0.0 3.0
548 76.0 76.0 0.0 0.0 3.0
549 76.0 76.0 0.0 0.0 3.0
550 76.0 76.0 0.0 0.0 3.0
551 76.0 76.0 0.0 0.0 3.0
552 76.0 76.0 0.0 0.0 3.0
553 76.0 76.0 0.0 0.0 3.0
554 76.0 76.0 0.0 0.0 3.0
555 76.0 76.0 0.0 0.0 3.0
556 76.0 76.0 0.0 0.0 3.0
557 76.0 76.0 0.0 0.0 3.0
558 76.0 76.0 0.0 0.0 3.0
559 76.0 76.0 0.0 0.0 3.0
560 76.0 76.0 0.0 0.0 3.0
561 76.0 76.0 0.0 0.0 3.0
562 76.0 76.0 0.0 0.0 3.0
563 76.0 76.0 0.0 0.0 3.0
564 76.0 76.0 0.0 0.0 3.0
565 76.0 76.0 0.0 0.0 3.0
566 76.0 76.0 0.0 0.0 3.0
567 76.0 76.0 0.0 0.0 3.0
568 76.0 76.0 0.0 0.0 3.0
569 76.0 76.0 0.0 0.0 3.0
570 76.0 76.0 0.0 0.0 3.0
571 76.0 76.0 0.0 0.0 3.0
572 76.0 76.0 0.0 0.0 3.0
573 76.0 76.0 0.0 0.0 3.0
574 76.0 76.0 0.0 0.0 3.0
575 76.0 76.0 0.0 0.0 3.0
576 76.0 76.0 0.0 0.0 3.0
577 76.0 76.0 0.0 0.0 3.0
578 76.0 76.0 0.0 0.0 3.0
579 76.0 76.0 0.0 0.0 3.0
580 76.0 76.0 0.0 0.0 3.0
581 76.0 76.0 0.0 0.0 3.0
582 76.0 76.0 0.0 0.0 3.0
583 76.0 76.0 0.0 0.0 3.0
584 76.0 76.0 0.0 0.0 3.0
585 76.0 76.0 0.0 0.0 3.0
586 76.0 76.0 0.0 0.0 3.0
587 76.0 76.0 0.0 0.0 3.0
588 76.0 76.0 0.0 0.0 3.0
589 76.0 76.0 0.0 0.0 3.0
590 76.0 76.0 0.0 0.0 3.0
591 76.0 76.0 0.0 0.0 3.0
592 76.0 76.0 0.0 0.0 3.0
593 76.0 76.0 0.0 0.0 3.0
594 76.0 76.0 0.0 0.0 3.0
595 76.0 76.0 0.0 0.0 3.0
596 76.0 76.0 0.0 0.0 3.0
597 76.0 76.0 0.0 0.0 3.0
598 76.0 76.0 0.0 0.0 3.0
599 76.0 76.0 0.0 0.0 3.0
600 76.0 76.0 0.0 0.0 3.0
601 76.0 76.0 0.0 0.0 3.0
602 76.0 76.0 0.0 0.0 3.0
603 76.0 76.0 0.0 0.0 3.0
604 76.0 76.0 0.0 0.0 3.0
605 76.0 76.0 0.0 0.0 3.0
606 76.0 76.0 0.0 0.0 3.0
607 76.0 76.0 0.0 0.0 3.0
608 76.0 76.0 0.0 0.0 3.0
609 76.0 76.0 0.0 0.0 3.0
610 76.0 76.0 0.0 0.0 3.0
611 76.0 76.0 0.0 0.0 3.0
612 76.0 76.0 0.0 0.0 3.0
613 76.0 76.0 0.0 0.0 3.0
614 76.0 76.0 0.0 0.0 3.0
615 76.0 76.0 0.0 0.0 3.0
616 76.0 76.0 0.0 0.0 3.0
617 76.0 76.0 0.0 0.0 3.0
618 76.0 76.0 0.0 0.0 3.0
619 76.0 76.0 0.0 0.0 3.0
620 76.0 76.0 0.0 0.0 3.0
621 76.0 76.0 0.0 0.0 3.0
622 76.0 76.0 0.0 0.0 3.0
623 76.0 76.0 0.0 0.0 3.0
624 76.0 76.0 0.0 0.0 3.0
625 76.0 76.0 0.0 0.0 3.0
626 76.0 76.0 0.0 0.0 3.0
627 76.0 76.0 0.0 0.0 3.0
628 76.0 76.0 0.0 0.0 3.0
629 76.0 76.0 0.0 0.0 3.0
630 76.0 76.0 0.0 0.0 3.0
631 76.0 76.0 0.0 0.0 3.0
632 76.0 76.0 0.0 0.0 3.0
633 76.0 76.0 0.0 0.0 3.0
634 76.0 76.0 0.0 0.0 3.0
635 76.0 76.0 0.0 0.0 3.0
636 76.0 76.0 0.0 0.0 3.0
637 76.0 76.0 0.0 0.0 3.0
638 76.0 76.0 0.0 0.0 3.0
639 76.0 76.0 0.0 0.0 3.0
640 76.0 76.0 0.0 0.0 3.0
641 76.0 76.0 0.0 0.0 3.0
642 76.0 76.0 0.0 0.0 3.0
643 76.0 76.0 0.0 0.0 3.0
644 76.0 76.0 0.0 0.0 3.0
645 76.0 76.0 0.0 0.0 3.0
646 76.0 76.0 0.0 0.0 3.0
647 76.0 76.0 0.0 0.0 3.0
648 76.0 76.0 0.0 0.0 3.0
649 76.0 76.0 0.0 0.0 3.0
650 76.0 76.0 0.0 0.0 3.0
651 76.0 76.0 0.0 0.0 3.0
652 76.0 76.0 0.0 0.0 3.0
653 76.0 76.0 0.0 0.0 3.0
654 76.0 76.0 0.0 0.0 3.0
655 76.0 76.0 0.0 0.0 3.0
656 76.0 76.0 0.0 0.0 3.0
657 76.0 76.0 0.0 0.0 3.0
658 76.0 76.0 0.0 0.0 3.0
659 76.0 76.0 0.0 0.0 3.0
660 76.0 76.0 0.0 0.0 3.0
661 76.0 76.0 0.0 0.0 3.0
662 76.0 76.0 0.0 0.0 3.0
663 76.0 76.0 0.0 0.0 3.0
664 76.0 76.0 0.0 0.0 3.0
665 76.0 76.0 0.0 0.0 3.0
666 76.0 76.0 0.0 0.0 3.0
667 76.0 76.0 0.0 0.0 3.0
668 76.0 76.0 0.0 0.0 3.0
669 76.0 76.0 0.0 0.0 3.0
670 76.0 76.0 0.0 0.0 3.0
671 76.0 76.0 0.0 0.0 3.0
672 76.0 76.0 0.0 0.0 3.0
673 76.0 76.0 0.0 0.0 3.0
674 76.0 76.0 0.0 0.0 3.0
675 76.0 76.0 0.0 0.0 3.0
676 76.0 76.0 0.0 0.0 3.0
677 76.0 76.0 0.0 0.0 3.0
678 76.0 76.0 0.0 0.0 3.0
679 76.0 76.0 0.0 0.0 3.0
680 76.0 76.0 0.0 0.0 3.0
681 76.0 76.0 0.0 0.0 3.0
682 76.0 76.0 0.0 0.0 3.0
683 76.0 76.0 0.0 0.0 3.0
684 76.0 76.0 0.0 0.0 3.0
685 76.0 76.0 0.0 0.0 3.0
686 76.0 76.0 0.0 0.0 3.0
687 76.0 76.0 0.0 0.0 3.0
688 76.0 76.0 0.0 0.0 3.0
689 76.0 76.0 0.0 0.0 3.0
690 76.0 76.0 0.0 0.0 3.0
691 76.0 76.0 0.0 0.0 3.0
692 76.0 76.0 0.0 0.0 3.0
693 76.0 76.0 0.0 0.0 3.0
694 76.0 76.0 0.0 0.0 3.0
695 76.0 76.0 0.0 0.0 3.0
696 76.0 76.0 0.0 0.0 3.0
697 76.0 76.0 0.0 0.0 3.0
698 76.0 76.0 0.0 0.0 3.0
699 76.0 76.0 0.0 0.0 3.0
700 76.0 76.0 0.0 0.0 3.0
701 76.0 76.0 0.0 0.0 3.0
702 76.0 76.0 0.0 0.0 3.0
703 76.0 76.0 0.0 0.0 3.0
704 76.0 76.0 0.0 0.0 3.0
705 76.0 76.0 0.0 0.0 3.0
706 76.0 76.0 0.0 0.0 3.0
707 76.0 76.0 0.0 0.0 3.0
708 76.0 76.0 0.0 0.0 3.0
709 76.0 76.0 0.0 0.0 3.0
710 76.0 76.0 0.0 0.0 3.0
711 76.0 76.0 0.0 0.0 3.0
712 76.0 76.0 0.0 0.0 3.0
713 76.0 76.0 0.0 0.0 3.0
714 76.0 76.0 0.0 0.0 3.0
715 76.0 76.0 0.0 0.0 3.0
716 76.0 76.0 0.0 0.0 3.0
717 76.0 76.0 0.0 0.0 3.0
718 76.0 76.0 0.0 0.0 3.0
719 76.0 76.0 0.0 0.0 3.0
720 76.0 76.0 0.0 0.0 3.0
721 76.0 76.0 0.0 0.0 3.0
722 76.0 76.0 0.0 0.0 3.0
723 76.0 76.0 0.0 0.0 3.0
724 76.0 76.0 0.0 0.0 3.0
725 76.0 76.0 0.0 0.0 3.0
726 76.0 76.0 0.0 0.0 3.0
727 76.0 76.0 0.0 0.0 3.0
728 76.0 76.0 0.0 0.0 3.0
729 76.0 76.0 0.0 0.0 3.0
730 76.0 76.0 0.0 0.0 3.0
731 76.0 76.0 0.0 0.0 3.0
732 76.0 76.0 0.0 0.0 3.0
733 76.0 76.0 0.0 0.0 3.0
734 76.0 76.0 0.0 0.0 3.0
735 76.0 76.0 0.0 0.0 3.0
736 76.0 76.0 0.0 0.0 3.0
737 76.0 76.0 0.0 0.0 3.0
738 76.0 76.0 0.0 0.0 3.0
739 76.0 76.0 0.0 0.0 3.0
740 76.0 76.0 0.0 0.0 3.0
741 76.0 76.0 0.0 0.0 3.0
742 76.0 76.0 0.0 0.0 3.0
743 76.0 76.0 0.0 0.0 3.0
744 76.0 76.0 0.0 0.0 3.0
745 76.0 76.0 0.0 0.0 3.0
746 76.0 76.0 0.0 0.0 3.0
747 76.0 76.0 0.0 0.0 3.0
748 76.0 76.0 0.0 0.0 3.0
749 76.0 76.0 0.0 0.0 3.0
750 76.0 76.0 0.0 0.0 3.0
751 76.0 76.0 0.0 0.0 3.0
752 76.0 76.0 0.0 0.0 3.0
753 76.0 76.0 0.0 0.0 3.0
754 76.0 76.0 0.0 0.0 3.0
755 76.0 76.0 0.0 0.0 3.0
756 76.0 76.0 0.0 0.0 3.0
757 76.0 76.0 0.0 0.0 3.0
758 76.0 76.0 0.0 0.0 3.0
759 76.0 76.0 0.0 0.0 3.0
760 76.0 76.0 0.0 0.0 3.0
761 76.0 76.0 0.0 0.0 3.0
762 76.0 76.0 0.0 0.0 3.0
763 76.0 76.0 0.0 0.0 3.0
764 76.0 76.0 0.0 0.0 3.0
765 76.0 76.0 0.0 0.0 3.0
766 76.0 76.0 0.0 0.0 3.0
767 76.0 76.0 0.0 0.0 3.0
768 76.0 76.0 0.0 0.0 3.0
769 76.0 76.0 0.0 0.0 3.0
770 76.0 76.0 0.0 0.0 3.0
771 76.0 76.0 0.0 0.0 3.0
772 76.0 76.0 0.0 0.0 3.0
773 76.0 76.0 0.0 0.0 3.0
774 76.0 76.0 0.0 0.0 3.0
775 76.0 76.0 0.0 0.0 3.0
776 76.0 76.0 0.0 0.0 3.0
777 76.0 76.0 0.0 0.0 3.0
778 76.0 76.0 0.0 0.0 3.0
779 76.0 76.0 0.0 0.0 3.0
780 76.0 76.0 0.0 0.0 3.0
781 76.0 76.0 0.0 0.0 3.0
782 76.0 76.0 0.0 0.0 3.0
783 76.0 76.0 0.0 0.0 3.0
784 76.0 76.0 0.0 0.0 3.0
785 76.0 76.0 0.0 0.0 3.0
786 76.0 76.0 0.0 0.0 3.0
787 76.0 76.0 0.0 0.0 3.0
788 76.0 76.0 0.0 0.0 3.0
789 76.0 76.0 0.0 0.0 3.0
790 76.0 76.0 0.0 0.0 3.0
791 76.0 76.0 0.0 0.0 3.0
792 76.0 76.0 0.0 0.0 3.0
793 76.0 76.0 0.0 0.0 3.0
794 76.0 76.0 0.0 0.0 3.0
795 76.0 76.0 0.0 0.0 3.0
796 76.0 76.0 0.0 0.0 3.0
797 76.0 76.0 0.0 0.0 3.0
798 76.0 76.0 0.0 0.0 3.0
799 76.0 76.0 0.0 0.0 3.0
800 76.0 76.0 0.0 0.0 3.0
801 76.0 76.0 0.0 0.0 3.0
802 76.0 76.0 0.0 0.0 3.0
803 76.0 76.0 0.0 0.0 3.0
804 76.0 76.0 0.0 0.0 3.0
805 76.0 76.0 0.0 0.0 3.0
806 76.0 76.0 0.0 0.0 3.0
807 76.0 76.0 0.0 0.0 3.0
808 76.0 76.0 0.0 0.0 3.0
809 76.0 76.0 0.0 0.0 3.0
810 76.0 76.0 0.0 0.0 3.0
811 76.0 76.0 0.0 0.0 3.0
812 76.0 76.0 0.0 0.0 3.0
813 76.0 76.0 0.0 0.0 3.0
814 76.0 76.0 0.0 0.0 3.0
815 76.0 76.0 0.0 0.0 3.0
816 76.0 76.0 0.0 0.0 3.0
817 76.0 76.0 0.0 0.0 3.0
818 76.0 76.0 0.0 0.0 3.0
819 76.0 76.0 0.0 0.0 3.0
820 76.0 76.0 0.0 0.0 3.0
821 76.0 76.0 0.0 0.0 3.0
822 76.0 76.0 0.0 0.0 3.0
823 76.0 76.0 0.0 0.0 3.0
824 76.0 76.0 0.0 0.0 3.0
825 76.0 76.0 0.0 0.0 3.0
826 76.0 76.0 0.0 0.0 3.0
827 76.0 76.0 0.0 0.0 3.0
828 76.0 76.0 0.0 0.0 3.0
829 76.0 76.0 0.0 0.0 3.0
830 76.0 76.0 0.0 0.0 3.0
831 76.0 76.0 0.0 0.0 3.0
832 76.0 76.0 0.0 0.0 3.0
833 76.0 76.0 0.0 0.0 3.0
834 76.0 76.0 0.0 0.0 3.0
835 76.0 76.0 0.0 0.0 3.0
836 76.0 76.0 0.0 0.0 3.0
837 76.0 76.0 0.0 0.0 3.0
838 76.0 76.0 0.0 0.0 3.0
839 76.0 76.0 0.0 0.0 3.0
840 76.0 76.0 0.0 0.0 3.0
841 76.0 76.0 0.0 0.0 3.0
842 76.0 76.0 0.0 0.0 3.0
843 76.0 76.0 0.0 0.0 3.0
844 76.0 76.0 0.0 0.0 3.0
845 76.0 76.0 0.0 0.0 3.0
846 76.0 76.0 0.0 0.0 3.0
847 76.0 76.0 0.0 0.0 3.0
848 76.0 76.0 0.0 0.0 3.0
849 76.0 76.0 0.0 0.0 3.0
850 76.0 76.0 0.0 0.0 3.0
851 76.0 76.0 0.0 0.0 3.0
852 76.0 76.0 0.0 0.0 3.0
853 76.0 76.0 0.0 0.0 3.0
854 76.0 76.0 0.0 0.0 3.0
855 76.0 76.0 0.0 0.0 3.0
856 76.0 76.0 0.0 0.0 3.0
857 76.0 76.0 0.0 0.0 3.0
858 76.0 76.0 0.0 0.0 3.0
859 76.0 76.0 0.0 0.0 3.0
860 76.0 76.0 0.0 0.0 3.0
861 76.0 76.0 0.0 0.0 3.0
862 76.0 76.0 0.0 0.0 3.0
863 76.0 76.0 0.0 0.0 3.0
864 76.0 76.0 0.0 0.0 3.0
865 76.0 76.0 0.0 0.0 3.0
866 76.0 76.0 0.0 0.0 3.0
867 76.0 76.0 0.0 0.0 3.0
868 76.0 76.0 0.0 0.0 3.0
869 76.0 76.0 0.0 0.0 3.0
870 76.0 76.0 0.0 0.0 3.0
871 76.0 76.0 0.0 0.0 3.0
872 76.0 76.0 0.0 0.0 3.0
873 76.0 76.0 0.0 0.0 3.0
874 76.0 76.0 0.0 0.0 3.0
875 76.0 76.0 0.0 0.0 3.0
876 76.0 76.0 0.0 0.0 3.0
877 76.0 76.0 0.0 0.0 3.0
878 76.0 76.0 0.0 0.0 3.0
879 76.0 76.0 0.0 0.0 3.0
880 76.0 76.0 0.0 0.0 3.0
881 76.0 76.0 0.0 0.0 3.0
882 76.0 76.0 0.0 0.0 3.0
883 76.0 76.0 0.0 0.0 3.0
884 76.0 76.0 0.0 0.0 3.0
885 76.0 76.0 0.0 0.0 3.0
886 76.0 76.0 0.0 0.0 3.0
887 76.0 76.0 0.0 0.0 3.0
888 76.0 76.0 0.0 0.0 3.0
889 76.0 76.0 0.0 0.0 3.0
890 76.0 76.0 0.0 0.0 3.0
891 76.0 76.0 0.0 0.0 3.0
892 76.0 76.0 0.0 0.0 3.0
893 76.0 76.0 0.0 0.0 3.0
894 76.0 76.0 0.0 0.0 3.0
895 76.0 76.0 0.0 0.0 3.0
896 76.0 76.0 0.0 0.0 3.0
897 76.0 76.0 0.0 0.0 3.0
898 76.0 76.0 0.0 0.0 3.0
899 76.0 76.0 0.0 0.0 3.0
900 76.0 76.0 0.0 0.0 3.0
901 76.0 76.0 0.0 0.0 3.0
902 76.0 76.0 0.0 0.0 3.0
903 76.0 76.0 0.0 0.0 3.0
904 76.0 76.0 0.0 0.0 3.0
905 76.0 76.0 0.0 0.0 3.0
906 76.0 76.0 0.0 0.0 3.0
907 76.0 76.0 0.0 0.0 3.0
908 76.0 76.0 0.0 0.0 3.0
909 76.0 76.0 0.0 0.0 3.0
910 76.0 76.0 0.0 0.0 3.0
911 76.0 76.0 0.0 0.0 3.0
912 76.0 76.0 0.0 0.0 3.0
913 76.0 76.0 0.0 0.0 3.0
914 76.0 76.0 0.0 0.0 3.0
915 76.0 76.0 0.0 0.0 3.0
916 76.0 76.0 0.0 0.0 3.0
917 76.0 76.0 0.0 0.0 3.0
918 76.0 76.0 0.0 0.0 3.0
919 76.0 76.0 0.0 0.0 3.0
920 76.0 76.0 0.0 0.0 3.0
921 76.0 76.0 0.0 0.0 3.0
922 76.0 76.0 0.0 0.0 3.0
923 76.0 76.0 0.0 0.0 3.0
924 76.0 76.0 0.0 0.0 3.0
925 76.0 76.0 0.0 0.0 3.0
926 76.0 76.0 0.0 0.0 3.0
927 76.0 76.0 0.0 0.0 3.0
928 76.0 76.0 0.0 0.0 3.0
929 76.0 76.0 0.0 0.0 3.0
930 76.0 76.0 0.0 0.0 3.0
931 76.0 76.0 0.0 0.0 3.0
932 76.0 76.0 0.0 0.0 3.0
933 76.0 76.0 0.0 0.0 3.0
934 77.0 77.0 0.0 0.0 3.0
935 77.0 77.0 0.0 0.0 3.0
936 77.0 77.0 0.0 0.0 3.0
937 77.0 77.0 0.0 0.0 3.0
938 77.0 77.0 0.0 0.0 3.0
939 77.0 77.0 0.0 0.0 3.0
940 77.0 77.0 0.0 0.0 3.0
941 77.0 77.0 0.0 0.0 3.0
942 77.0 77.0 0.0 0.0 3.0
943 77.0 77.0 0.0 0.0 3.0
944 77.0 77.0 0.0 0.0 3.0
945 77.0 77.0 0.0 0.0 3.0
946 77.0 77.0 0.0 0.0 3.0
947 77.0 77.0 0.0 0.0 3.0
948 77.0 77.0 0.0 0.0 3.0
949 77.0 77.0 0.0 0.0 3.0
950 77.0 77.0 0.0 0.0 3.0
951 77.0 77.0 0.0 0.0 3.0
952 77.0 77.0 0.0 0.0 3.0
953 77.0 77.0 0.0 0.0 3.0
954 77.0 77.0 0.0 0.0 3.0
955 77.0 77.0 0.0 0.0 3.0
956 77.0 77.0 0.0 0.0 3.0
957 77.0 77.0 0.0 0.0 3.0
958 77.0 77.0 0.0 0.0 3.0
959 77.0 77.0 0.0 0.0 3.0
960 77.0 77.0 0.0 0.0 3.0
961 77.0 77.0 0.0 0.0 3.0
962 77.0 77.0 0.0 0.0 3.0
963 77.0 77.0 0.0 0.0 3.0
964 77.0 77.0 0.0 0.0 3.0
965 77.0 77.0 0.0 0.0 3.0
966 77.0 77.0 0.0 0.0 3.0
967 77.0 77.0 0.0 0.0 3.0
968 77.0 77.0 0.0 0.0 3.0
969 77.0 77.0 0.0 0.0 3.0
970 77.0 77.0 0.0 0.0 3.0
971 77.0 77.0 0.0 0.0 3.0
972 77.0 77.0 0.0 0.0 3.0
973 77.0 77.0 0.0 0.0 3.0
974 77.0 77.0 0.0 0.0 3.0
975 77.0 77.0 0.0 0.0 3.0
976 77.0 77.0 0.0 0.0 3.0
977 77.0 77.0 0.0 0.0 3.0
978 77.0 77.0 0.0 0.0 3.0
979 77.0 77.0 0.0 0.0 3.0
980 77.0 77.0 0.0 0.0 3.0
981 77.0 77.0 0.0 0.0 3.0
982 77.0 77.0 0.0 0.0 3.0
983 77.0 77.0 0.0 0.0 3.0
984 77.0 77.0 0.0 0.0 3.0
985 77.0 77.0 0.0 0.0 3.0
986 77.0 77.0 0.0 0.0 3.0
987 77.0 77.0 0.0 0.0 3.0
988 77.0 77.0 0.0 0.0 3.0
989 77.0 77.0 0.0 0.0 3.0
990 77.0 77.0 0.0 0.0 3.0
991 77.0 77.0 0.0 0.0 3.0
992 77.0 77.0 0.0 0.0 3.0
993 77.0 77.0 0.0 0.0 3.0
994 77.0 77.0 0.0 0.0 3.0
995 77.0 77.0 0.0 0.0 3.0
996 77.0 77.0 0.0 0.0 3.0
997 77.0 77.0 0.0 0.0 3.0
998 77.0 77.0 0.0 0.0 3.0
999 77.0 77.0 0.0 0.0 3.0
1000 77.0 77.0 0.0 0.0 3.0
