gen HV HVnoDiscount fitness_notKilledMutants notKilledNonEqMutants fitness_testSuiteSize
1 7.12890625 0.0 9.1015625 9.0 3.0
2 8.61328125 0.0 9.04296875 9.0 1.0
3 8.96484375 0.0 9.00390625 9.0 1.0
4 9.140625 0.0 8.984375 9.0 1.0
5 16.94921875 8.0 8.015625 8.0 2.0
6 16.94921875 8.0 8.015625 8.0 2.0
7 16.94921875 8.0 8.015625 8.0 2.0
8 16.94921875 8.0 8.015625 8.0 2.0
9 16.94921875 8.0 8.015625 8.0 2.0
10 16.94921875 8.0 8.015625 8.0 2.0
11 17.140625 8.0 7.857421875 8.0 2.0
12 17.140625 8.0 7.857421875 8.0 2.0
13 17.703125 8.0 7.787109375 8.0 2.0
14 17.703125 8.0 7.787109375 8.0 2.0
15 19.865234375 8.0 7.681640625 8.0 2.0
16 19.865234375 8.0 7.62890625 8.0 2.0
17 19.865234375 8.0 7.62890625 8.0 2.0
18 21.498046875 9.0 7.611328125 8.0 1.0
19 28.388671875 17.0 6.75 7.0 2.0
20 28.388671875 17.0 6.75 7.0 2.0
21 28.388671875 17.0 6.75 7.0 2.0
22 43.470703125 36.0 5.169921875 5.0 1.0
23 43.470703125 36.0 5.169921875 5.0 1.0
24 43.470703125 36.0 5.169921875 5.0 1.0
25 43.470703125 36.0 5.169921875 5.0 1.0
26 43.470703125 36.0 5.169921875 5.0 1.0
27 43.470703125 36.0 5.169921875 5.0 1.0
28 43.470703125 36.0 5.169921875 5.0 1.0
29 43.470703125 36.0 5.169921875 5.0 1.0
30 43.470703125 36.0 5.169921875 5.0 1.0
31 43.470703125 36.0 5.169921875 5.0 1.0
32 43.470703125 36.0 5.169921875 5.0 1.0
33 43.470703125 36.0 5.169921875 5.0 1.0
34 43.470703125 36.0 5.169921875 5.0 1.0
35 43.470703125 36.0 5.169921875 5.0 1.0
36 43.470703125 36.0 5.169921875 5.0 1.0
37 43.470703125 36.0 5.169921875 5.0 1.0
38 43.470703125 36.0 5.169921875 5.0 1.0
39 43.470703125 36.0 5.169921875 5.0 1.0
40 43.470703125 36.0 5.169921875 5.0 1.0
41 43.470703125 36.0 5.169921875 5.0 1.0
42 43.470703125 36.0 5.169921875 5.0 1.0
43 43.470703125 36.0 5.169921875 5.0 1.0
44 43.470703125 36.0 5.169921875 5.0 1.0
45 43.470703125 36.0 5.169921875 5.0 1.0
46 43.470703125 36.0 5.169921875 5.0 1.0
47 43.470703125 36.0 5.169921875 5.0 1.0
48 43.470703125 36.0 5.169921875 5.0 1.0
49 43.470703125 36.0 5.169921875 5.0 1.0
50 43.470703125 36.0 5.169921875 5.0 1.0
51 43.470703125 36.0 5.169921875 5.0 1.0
52 43.470703125 36.0 5.169921875 5.0 1.0
53 43.470703125 36.0 5.169921875 5.0 1.0
54 43.470703125 36.0 5.169921875 5.0 1.0
55 43.470703125 36.0 5.169921875 5.0 1.0
56 43.470703125 36.0 5.169921875 5.0 1.0
57 43.470703125 36.0 5.169921875 5.0 1.0
58 43.470703125 36.0 5.169921875 5.0 1.0
59 43.470703125 36.0 5.169921875 5.0 1.0
60 43.470703125 36.0 5.169921875 5.0 1.0
61 43.470703125 36.0 5.169921875 5.0 1.0
62 43.470703125 36.0 5.169921875 5.0 1.0
63 43.470703125 36.0 5.169921875 5.0 1.0
64 43.470703125 36.0 5.169921875 5.0 1.0
65 43.470703125 36.0 5.169921875 5.0 1.0
66 43.470703125 36.0 5.169921875 5.0 1.0
67 43.470703125 36.0 5.169921875 5.0 1.0
68 43.470703125 36.0 5.169921875 5.0 1.0
69 43.470703125 36.0 5.169921875 5.0 1.0
70 43.470703125 36.0 5.169921875 5.0 1.0
71 43.470703125 36.0 5.169921875 5.0 1.0
72 43.470703125 36.0 5.169921875 5.0 1.0
73 43.470703125 36.0 5.169921875 5.0 1.0
74 43.470703125 36.0 5.169921875 5.0 1.0
75 43.470703125 36.0 5.169921875 5.0 1.0
76 43.470703125 36.0 5.169921875 5.0 1.0
77 43.470703125 36.0 5.169921875 5.0 1.0
78 43.470703125 36.0 5.169921875 5.0 1.0
79 43.470703125 36.0 5.169921875 5.0 1.0
80 43.470703125 36.0 5.169921875 5.0 1.0
81 43.470703125 36.0 5.169921875 5.0 1.0
82 43.470703125 36.0 5.169921875 5.0 1.0
83 43.470703125 36.0 5.169921875 5.0 1.0
84 43.470703125 36.0 5.169921875 5.0 1.0
85 43.470703125 36.0 5.169921875 5.0 1.0
86 43.470703125 36.0 5.169921875 5.0 1.0
87 43.470703125 36.0 5.169921875 5.0 1.0
88 43.470703125 36.0 5.169921875 5.0 1.0
89 43.470703125 36.0 5.169921875 5.0 1.0
90 43.470703125 36.0 5.169921875 5.0 1.0
91 43.470703125 36.0 5.169921875 5.0 1.0
92 43.470703125 36.0 5.169921875 5.0 1.0
93 43.470703125 36.0 5.169921875 5.0 1.0
94 43.470703125 36.0 5.169921875 5.0 1.0
95 43.470703125 36.0 5.169921875 5.0 1.0
96 43.470703125 36.0 5.169921875 5.0 1.0
97 43.470703125 36.0 5.169921875 5.0 1.0
98 43.470703125 36.0 5.169921875 5.0 1.0
99 43.470703125 36.0 5.169921875 5.0 1.0
100 43.470703125 36.0 5.169921875 5.0 1.0
101 43.470703125 36.0 5.169921875 5.0 1.0
102 43.470703125 36.0 5.169921875 5.0 1.0
103 43.470703125 36.0 5.169921875 5.0 1.0
104 43.470703125 36.0 5.169921875 5.0 1.0
105 43.470703125 36.0 5.169921875 5.0 1.0
106 43.470703125 36.0 5.169921875 5.0 1.0
107 43.470703125 36.0 5.169921875 5.0 1.0
108 43.470703125 36.0 5.169921875 5.0 1.0
109 43.470703125 36.0 5.169921875 5.0 1.0
110 43.470703125 36.0 5.169921875 5.0 1.0
111 43.470703125 36.0 5.169921875 5.0 1.0
112 43.470703125 36.0 5.169921875 5.0 1.0
113 43.470703125 36.0 5.169921875 5.0 1.0
114 43.470703125 36.0 5.169921875 5.0 1.0
115 43.470703125 36.0 5.169921875 5.0 1.0
116 43.470703125 36.0 5.169921875 5.0 1.0
117 43.470703125 36.0 5.169921875 5.0 1.0
118 43.470703125 36.0 5.169921875 5.0 1.0
119 43.470703125 36.0 5.169921875 5.0 1.0
120 43.470703125 36.0 5.169921875 5.0 1.0
121 43.470703125 36.0 5.169921875 5.0 1.0
122 43.470703125 36.0 5.169921875 5.0 1.0
123 43.470703125 36.0 5.169921875 5.0 1.0
124 43.470703125 36.0 5.169921875 5.0 1.0
125 43.470703125 36.0 5.169921875 5.0 1.0
126 43.470703125 36.0 5.169921875 5.0 1.0
127 43.470703125 36.0 5.169921875 5.0 1.0
128 43.470703125 36.0 5.169921875 5.0 1.0
129 43.470703125 36.0 5.169921875 5.0 1.0
130 43.470703125 36.0 5.169921875 5.0 1.0
131 43.470703125 36.0 5.169921875 5.0 1.0
132 43.470703125 36.0 5.169921875 5.0 1.0
133 43.470703125 36.0 5.169921875 5.0 1.0
134 43.470703125 36.0 5.169921875 5.0 1.0
135 43.470703125 36.0 5.169921875 5.0 1.0
136 43.470703125 36.0 5.169921875 5.0 1.0
137 43.470703125 36.0 5.169921875 5.0 1.0
138 43.470703125 36.0 5.169921875 5.0 1.0
139 43.470703125 36.0 5.169921875 5.0 1.0
140 43.470703125 36.0 5.169921875 5.0 1.0
141 43.470703125 36.0 5.169921875 5.0 1.0
142 43.470703125 36.0 5.169921875 5.0 1.0
143 43.470703125 36.0 5.169921875 5.0 1.0
144 43.470703125 36.0 5.169921875 5.0 1.0
145 43.470703125 36.0 5.169921875 5.0 1.0
146 43.470703125 36.0 5.169921875 5.0 1.0
147 43.470703125 36.0 5.169921875 5.0 1.0
148 43.470703125 36.0 5.169921875 5.0 1.0
149 43.470703125 36.0 5.169921875 5.0 1.0
150 43.470703125 36.0 5.169921875 5.0 1.0
151 43.470703125 36.0 5.169921875 5.0 1.0
152 43.470703125 36.0 5.169921875 5.0 1.0
153 43.470703125 36.0 5.169921875 5.0 1.0
154 43.470703125 36.0 5.169921875 5.0 1.0
155 43.470703125 36.0 5.169921875 5.0 1.0
156 43.470703125 36.0 5.169921875 5.0 1.0
157 43.470703125 36.0 5.169921875 5.0 1.0
158 43.5 36.0 5.169921875 5.0 1.0
159 43.5 36.0 5.169921875 5.0 1.0
160 43.5 36.0 5.169921875 5.0 1.0
161 43.5 36.0 5.169921875 5.0 1.0
162 43.5 36.0 5.169921875 5.0 1.0
163 43.5 36.0 5.169921875 5.0 1.0
164 43.5 36.0 5.169921875 5.0 1.0
165 43.5 36.0 5.169921875 5.0 1.0
166 43.5 36.0 5.169921875 5.0 1.0
167 43.5 36.0 5.169921875 5.0 1.0
168 43.5 36.0 5.169921875 5.0 1.0
169 43.5 36.0 5.169921875 5.0 1.0
170 43.5 36.0 5.169921875 5.0 1.0
171 43.5 36.0 5.169921875 5.0 1.0
172 43.5 36.0 5.169921875 5.0 1.0
173 43.5 36.0 5.169921875 5.0 1.0
174 43.5 36.0 5.169921875 5.0 1.0
175 43.5 36.0 5.169921875 5.0 1.0
176 43.96875 36.0 5.169921875 5.0 1.0
177 43.96875 36.0 5.169921875 5.0 1.0
178 43.96875 36.0 5.169921875 5.0 1.0
179 43.96875 36.0 5.169921875 5.0 1.0
180 43.96875 36.0 5.169921875 5.0 1.0
181 43.96875 36.0 5.169921875 5.0 1.0
182 43.96875 36.0 5.169921875 5.0 1.0
183 43.96875 36.0 5.169921875 5.0 1.0
184 43.96875 36.0 5.169921875 5.0 1.0
185 43.96875 36.0 5.169921875 5.0 1.0
186 43.96875 36.0 5.169921875 5.0 1.0
187 43.96875 36.0 5.169921875 5.0 1.0
188 43.96875 36.0 5.169921875 5.0 1.0
189 43.96875 36.0 5.169921875 5.0 1.0
190 43.96875 36.0 5.169921875 5.0 1.0
191 43.96875 36.0 5.169921875 5.0 1.0
192 43.96875 36.0 5.169921875 5.0 1.0
193 43.96875 36.0 5.169921875 5.0 1.0
194 43.96875 36.0 5.169921875 5.0 1.0
195 43.96875 36.0 5.169921875 5.0 1.0
196 43.96875 36.0 5.169921875 5.0 1.0
197 43.96875 36.0 5.169921875 5.0 1.0
198 43.96875 36.0 5.169921875 5.0 1.0
199 43.96875 36.0 5.169921875 5.0 1.0
200 43.96875 36.0 5.169921875 5.0 1.0
201 43.96875 36.0 5.169921875 5.0 1.0
202 43.96875 36.0 5.169921875 5.0 1.0
203 43.96875 36.0 5.169921875 5.0 1.0
204 43.96875 36.0 5.169921875 5.0 1.0
205 43.96875 36.0 5.169921875 5.0 1.0
206 43.96875 36.0 5.169921875 5.0 1.0
207 43.96875 36.0 5.169921875 5.0 1.0
208 43.96875 36.0 5.169921875 5.0 1.0
209 43.96875 36.0 5.169921875 5.0 1.0
210 43.96875 36.0 5.169921875 5.0 1.0
211 44.203125 36.0 5.169921875 5.0 1.0
212 44.203125 36.0 5.169921875 5.0 1.0
213 44.203125 36.0 5.169921875 5.0 1.0
214 44.203125 36.0 5.169921875 5.0 1.0
215 44.203125 36.0 5.169921875 5.0 1.0
216 44.203125 36.0 5.169921875 5.0 1.0
217 44.203125 36.0 5.169921875 5.0 1.0
218 44.203125 36.0 5.169921875 5.0 1.0
219 44.203125 36.0 5.169921875 5.0 1.0
220 44.203125 36.0 5.169921875 5.0 1.0
221 44.203125 36.0 5.169921875 5.0 1.0
222 44.203125 36.0 5.169921875 5.0 1.0
223 44.203125 36.0 5.169921875 5.0 1.0
224 44.203125 36.0 5.169921875 5.0 1.0
225 44.203125 36.0 5.169921875 5.0 1.0
226 44.203125 36.0 5.169921875 5.0 1.0
227 44.203125 36.0 5.169921875 5.0 1.0
228 44.203125 36.0 5.169921875 5.0 1.0
229 44.203125 36.0 5.169921875 5.0 1.0
230 44.203125 36.0 5.169921875 5.0 1.0
231 44.203125 36.0 5.169921875 5.0 1.0
232 44.203125 36.0 5.169921875 5.0 1.0
233 44.203125 36.0 5.169921875 5.0 1.0
234 44.203125 36.0 5.169921875 5.0 1.0
235 44.203125 36.0 5.169921875 5.0 1.0
236 44.203125 36.0 5.169921875 5.0 1.0
237 44.203125 36.0 5.169921875 5.0 1.0
238 44.203125 36.0 5.169921875 5.0 1.0
239 44.203125 36.0 5.169921875 5.0 1.0
240 44.203125 36.0 5.169921875 5.0 1.0
241 44.203125 36.0 5.169921875 5.0 1.0
242 44.203125 36.0 5.169921875 5.0 1.0
243 44.203125 36.0 5.169921875 5.0 1.0
244 44.203125 36.0 5.169921875 5.0 1.0
245 44.203125 36.0 5.169921875 5.0 1.0
246 44.203125 36.0 5.169921875 5.0 1.0
247 44.203125 36.0 5.169921875 5.0 1.0
248 44.203125 36.0 5.169921875 5.0 1.0
249 44.203125 36.0 5.169921875 5.0 1.0
250 44.203125 36.0 5.169921875 5.0 1.0
251 44.203125 36.0 5.169921875 5.0 1.0
252 44.203125 36.0 5.169921875 5.0 1.0
253 44.203125 36.0 5.169921875 5.0 1.0
254 44.203125 36.0 5.169921875 5.0 1.0
255 44.203125 36.0 5.169921875 5.0 1.0
256 44.203125 36.0 5.169921875 5.0 1.0
257 44.203125 36.0 5.169921875 5.0 1.0
258 44.203125 36.0 5.169921875 5.0 1.0
259 44.203125 36.0 5.169921875 5.0 1.0
260 44.203125 36.0 5.169921875 5.0 1.0
261 44.203125 36.0 5.169921875 5.0 1.0
262 44.203125 36.0 5.169921875 5.0 1.0
263 44.203125 36.0 5.169921875 5.0 1.0
264 44.203125 36.0 5.169921875 5.0 1.0
265 44.203125 36.0 5.169921875 5.0 1.0
266 44.203125 36.0 5.169921875 5.0 1.0
267 44.203125 36.0 5.169921875 5.0 1.0
268 44.203125 36.0 5.169921875 5.0 1.0
269 44.203125 36.0 5.169921875 5.0 1.0
270 44.203125 36.0 5.169921875 5.0 1.0
271 44.203125 36.0 5.169921875 5.0 1.0
272 44.203125 36.0 5.169921875 5.0 1.0
273 44.203125 36.0 5.169921875 5.0 1.0
274 44.203125 36.0 5.169921875 5.0 1.0
275 44.203125 36.0 5.169921875 5.0 1.0
276 44.203125 36.0 5.169921875 5.0 1.0
277 44.203125 36.0 5.169921875 5.0 1.0
278 44.203125 36.0 5.169921875 5.0 1.0
279 44.203125 36.0 5.169921875 5.0 1.0
280 44.203125 36.0 5.169921875 5.0 1.0
281 44.203125 36.0 5.169921875 5.0 1.0
282 44.203125 36.0 5.169921875 5.0 1.0
283 44.203125 36.0 5.169921875 5.0 1.0
284 44.203125 36.0 5.169921875 5.0 1.0
285 44.5546875 36.0 5.14453125 5.0 1.0
286 44.5546875 36.0 5.14453125 5.0 1.0
287 44.5546875 36.0 5.14453125 5.0 1.0
288 44.5546875 36.0 5.14453125 5.0 1.0
289 44.5546875 36.0 5.14453125 5.0 1.0
290 44.5546875 36.0 5.14453125 5.0 1.0
291 44.5546875 36.0 5.14453125 5.0 1.0
292 44.5546875 36.0 5.14453125 5.0 1.0
293 44.5546875 36.0 5.14453125 5.0 1.0
294 44.5546875 36.0 5.14453125 5.0 1.0
295 44.5546875 36.0 5.14453125 5.0 1.0
296 44.5546875 36.0 5.14453125 5.0 1.0
297 44.5546875 36.0 5.14453125 5.0 1.0
298 44.5546875 36.0 5.14453125 5.0 1.0
299 44.5546875 36.0 5.14453125 5.0 1.0
300 44.5546875 36.0 5.14453125 5.0 1.0
301 44.5546875 36.0 5.14453125 5.0 1.0
302 44.5546875 36.0 5.14453125 5.0 1.0
303 44.5546875 36.0 5.14453125 5.0 1.0
304 44.5546875 36.0 5.14453125 5.0 1.0
305 44.5546875 36.0 5.14453125 5.0 1.0
306 44.84765625 36.0 5.115234375 5.0 1.0
307 44.84765625 36.0 5.115234375 5.0 1.0
308 44.84765625 36.0 5.115234375 5.0 1.0
309 44.84765625 36.0 5.115234375 5.0 1.0
310 44.84765625 36.0 5.115234375 5.0 1.0
311 44.84765625 36.0 5.115234375 5.0 1.0
312 44.84765625 36.0 5.115234375 5.0 1.0
313 44.84765625 36.0 5.115234375 5.0 1.0
314 44.84765625 36.0 5.115234375 5.0 1.0
315 44.84765625 36.0 5.115234375 5.0 1.0
316 44.84765625 36.0 5.115234375 5.0 1.0
317 44.84765625 36.0 5.115234375 5.0 1.0
318 44.84765625 36.0 5.115234375 5.0 1.0
319 44.84765625 36.0 5.115234375 5.0 1.0
320 44.84765625 36.0 5.115234375 5.0 1.0
321 44.84765625 36.0 5.115234375 5.0 1.0
322 44.84765625 36.0 5.115234375 5.0 1.0
323 44.84765625 36.0 5.115234375 5.0 1.0
324 44.84765625 36.0 5.115234375 5.0 1.0
325 44.84765625 36.0 5.115234375 5.0 1.0
326 44.84765625 36.0 5.115234375 5.0 1.0
327 44.84765625 36.0 5.115234375 5.0 1.0
328 44.84765625 36.0 5.115234375 5.0 1.0
329 44.84765625 36.0 5.115234375 5.0 1.0
330 44.84765625 36.0 5.115234375 5.0 1.0
331 44.84765625 36.0 5.115234375 5.0 1.0
332 44.84765625 36.0 5.115234375 5.0 1.0
333 44.84765625 36.0 5.115234375 5.0 1.0
334 44.84765625 36.0 5.115234375 5.0 1.0
335 44.84765625 36.0 5.115234375 5.0 1.0
336 44.84765625 36.0 5.115234375 5.0 1.0
337 44.84765625 36.0 5.115234375 5.0 1.0
338 44.84765625 36.0 5.115234375 5.0 1.0
339 44.84765625 36.0 5.115234375 5.0 1.0
340 44.84765625 36.0 5.115234375 5.0 1.0
341 44.84765625 36.0 5.115234375 5.0 1.0
342 44.84765625 36.0 5.115234375 5.0 1.0
343 44.84765625 36.0 5.115234375 5.0 1.0
344 44.84765625 36.0 5.115234375 5.0 1.0
345 44.84765625 36.0 5.115234375 5.0 1.0
346 44.84765625 36.0 5.115234375 5.0 1.0
347 44.84765625 36.0 5.115234375 5.0 1.0
348 44.84765625 36.0 5.115234375 5.0 1.0
349 44.84765625 36.0 5.115234375 5.0 1.0
350 44.84765625 36.0 5.115234375 5.0 1.0
351 44.84765625 36.0 5.115234375 5.0 1.0
352 44.84765625 36.0 5.115234375 5.0 1.0
353 44.84765625 36.0 5.115234375 5.0 1.0
354 44.84765625 36.0 5.115234375 5.0 1.0
355 44.84765625 36.0 5.115234375 5.0 1.0
356 44.84765625 36.0 5.115234375 5.0 1.0
357 44.84765625 36.0 5.115234375 5.0 1.0
358 44.84765625 36.0 5.115234375 5.0 1.0
359 44.84765625 36.0 5.115234375 5.0 1.0
360 44.84765625 36.0 5.115234375 5.0 1.0
361 44.84765625 36.0 5.115234375 5.0 1.0
362 44.84765625 36.0 5.115234375 5.0 1.0
363 45.140625 36.0 5.0859375 5.0 1.0
364 45.140625 36.0 5.0859375 5.0 1.0
365 45.140625 36.0 5.0859375 5.0 1.0
366 45.140625 36.0 5.0859375 5.0 1.0
367 45.140625 36.0 5.0859375 5.0 1.0
368 45.140625 36.0 5.0859375 5.0 1.0
369 45.140625 36.0 5.0859375 5.0 1.0
370 45.140625 36.0 5.0859375 5.0 1.0
371 45.140625 36.0 5.0859375 5.0 1.0
372 45.140625 36.0 5.0859375 5.0 1.0
373 45.140625 36.0 5.0859375 5.0 1.0
374 45.140625 36.0 5.0859375 5.0 1.0
375 45.140625 36.0 5.0859375 5.0 1.0
376 45.140625 36.0 5.0859375 5.0 1.0
377 45.140625 36.0 5.0859375 5.0 1.0
378 45.140625 36.0 5.0859375 5.0 1.0
379 45.140625 36.0 5.0859375 5.0 1.0
380 45.140625 36.0 5.0859375 5.0 1.0
381 45.140625 36.0 5.0859375 5.0 1.0
382 45.140625 36.0 5.0859375 5.0 1.0
383 45.140625 36.0 5.0859375 5.0 1.0
384 45.140625 36.0 5.0859375 5.0 1.0
385 45.140625 36.0 5.0859375 5.0 1.0
386 45.140625 36.0 5.0859375 5.0 1.0
387 45.140625 36.0 5.0859375 5.0 1.0
388 45.140625 36.0 5.0859375 5.0 1.0
389 45.140625 36.0 5.0859375 5.0 1.0
390 45.140625 36.0 5.0859375 5.0 1.0
391 45.140625 36.0 5.0859375 5.0 1.0
392 45.140625 36.0 5.0859375 5.0 1.0
393 45.140625 36.0 5.0859375 5.0 1.0
394 45.140625 36.0 5.0859375 5.0 1.0
395 45.140625 36.0 5.0859375 5.0 1.0
396 45.140625 36.0 5.0859375 5.0 1.0
397 45.140625 36.0 5.0859375 5.0 1.0
398 45.140625 36.0 5.0859375 5.0 1.0
399 45.140625 36.0 5.0859375 5.0 1.0
400 45.140625 36.0 5.0859375 5.0 1.0
401 45.140625 36.0 5.0859375 5.0 1.0
402 45.140625 36.0 5.0859375 5.0 1.0
403 45.140625 36.0 5.0859375 5.0 1.0
404 45.140625 36.0 5.0859375 5.0 1.0
405 45.140625 36.0 5.0859375 5.0 1.0
406 45.140625 36.0 5.0859375 5.0 1.0
407 45.140625 36.0 5.0859375 5.0 1.0
408 45.140625 36.0 5.0859375 5.0 1.0
409 45.140625 36.0 5.0859375 5.0 1.0
410 45.140625 36.0 5.0859375 5.0 1.0
411 45.140625 36.0 5.0859375 5.0 1.0
412 45.140625 36.0 5.0859375 5.0 1.0
413 45.140625 36.0 5.0859375 5.0 1.0
414 45.140625 36.0 5.0859375 5.0 1.0
415 45.140625 36.0 5.0859375 5.0 1.0
416 45.140625 36.0 5.0859375 5.0 1.0
417 45.140625 36.0 5.0859375 5.0 1.0
418 45.140625 36.0 5.0859375 5.0 1.0
419 45.140625 36.0 5.0859375 5.0 1.0
420 45.140625 36.0 5.0859375 5.0 1.0
421 45.140625 36.0 5.0859375 5.0 1.0
422 45.140625 36.0 5.0859375 5.0 1.0
423 45.140625 36.0 5.0859375 5.0 1.0
424 45.140625 36.0 5.0859375 5.0 1.0
425 45.140625 36.0 5.0859375 5.0 1.0
426 45.140625 36.0 5.0859375 5.0 1.0
427 45.140625 36.0 5.0859375 5.0 1.0
428 45.140625 36.0 5.0859375 5.0 1.0
429 45.140625 36.0 5.0859375 5.0 1.0
430 45.140625 36.0 5.0859375 5.0 1.0
431 45.19921875 36.0 5.080078125 5.0 1.0
432 45.19921875 36.0 5.080078125 5.0 1.0
433 45.19921875 36.0 5.080078125 5.0 1.0
434 45.19921875 36.0 5.080078125 5.0 1.0
435 45.19921875 36.0 5.080078125 5.0 1.0
436 45.19921875 36.0 5.080078125 5.0 1.0
437 45.19921875 36.0 5.080078125 5.0 1.0
438 45.19921875 36.0 5.080078125 5.0 1.0
439 45.19921875 36.0 5.080078125 5.0 1.0
440 45.19921875 36.0 5.080078125 5.0 1.0
441 45.19921875 36.0 5.080078125 5.0 1.0
442 45.19921875 36.0 5.080078125 5.0 1.0
443 45.19921875 36.0 5.080078125 5.0 1.0
444 45.19921875 36.0 5.080078125 5.0 1.0
445 45.19921875 36.0 5.080078125 5.0 1.0
446 45.19921875 36.0 5.080078125 5.0 1.0
447 45.19921875 36.0 5.080078125 5.0 1.0
448 45.19921875 36.0 5.080078125 5.0 1.0
449 45.31640625 36.0 5.068359375 5.0 1.0
450 45.31640625 36.0 5.068359375 5.0 1.0
451 45.31640625 36.0 5.068359375 5.0 1.0
452 45.31640625 36.0 5.068359375 5.0 1.0
453 45.31640625 36.0 5.068359375 5.0 1.0
454 45.31640625 36.0 5.068359375 5.0 1.0
455 45.31640625 36.0 5.068359375 5.0 1.0
456 45.31640625 36.0 5.068359375 5.0 1.0
457 45.31640625 36.0 5.068359375 5.0 1.0
458 45.31640625 36.0 5.068359375 5.0 1.0
459 45.31640625 36.0 5.068359375 5.0 1.0
460 45.31640625 36.0 5.068359375 5.0 1.0
461 45.31640625 36.0 5.068359375 5.0 1.0
462 45.31640625 36.0 5.068359375 5.0 1.0
463 45.31640625 36.0 5.068359375 5.0 1.0
464 45.31640625 36.0 5.068359375 5.0 1.0
465 45.31640625 36.0 5.068359375 5.0 1.0
466 45.31640625 36.0 5.068359375 5.0 1.0
467 45.31640625 36.0 5.068359375 5.0 1.0
468 45.31640625 36.0 5.068359375 5.0 1.0
469 45.31640625 36.0 5.068359375 5.0 1.0
470 45.31640625 36.0 5.068359375 5.0 1.0
471 45.31640625 36.0 5.068359375 5.0 1.0
472 45.31640625 36.0 5.068359375 5.0 1.0
473 45.31640625 36.0 5.068359375 5.0 1.0
474 45.31640625 36.0 5.068359375 5.0 1.0
475 45.31640625 36.0 5.068359375 5.0 1.0
476 45.31640625 36.0 5.068359375 5.0 1.0
477 45.31640625 36.0 5.068359375 5.0 1.0
478 45.31640625 36.0 5.068359375 5.0 1.0
479 45.31640625 36.0 5.068359375 5.0 1.0
480 45.31640625 36.0 5.068359375 5.0 1.0
481 45.31640625 36.0 5.068359375 5.0 1.0
482 45.31640625 36.0 5.068359375 5.0 1.0
483 45.31640625 36.0 5.068359375 5.0 1.0
484 45.31640625 36.0 5.068359375 5.0 1.0
485 45.31640625 36.0 5.068359375 5.0 1.0
486 45.31640625 36.0 5.068359375 5.0 1.0
487 45.31640625 36.0 5.068359375 5.0 1.0
488 45.31640625 36.0 5.068359375 5.0 1.0
489 45.31640625 36.0 5.068359375 5.0 1.0
490 45.31640625 36.0 5.068359375 5.0 1.0
491 45.31640625 36.0 5.068359375 5.0 1.0
492 45.31640625 36.0 5.068359375 5.0 1.0
493 45.31640625 36.0 5.068359375 5.0 1.0
494 45.31640625 36.0 5.068359375 5.0 1.0
495 45.31640625 36.0 5.068359375 5.0 1.0
496 45.31640625 36.0 5.068359375 5.0 1.0
497 45.43359375 36.0 5.056640625 5.0 1.0
498 45.43359375 36.0 5.056640625 5.0 1.0
499 45.43359375 36.0 5.056640625 5.0 1.0
500 45.43359375 36.0 5.056640625 5.0 1.0
501 45.43359375 36.0 5.056640625 5.0 1.0
502 45.43359375 36.0 5.056640625 5.0 1.0
503 45.43359375 36.0 5.056640625 5.0 1.0
504 45.43359375 36.0 5.056640625 5.0 1.0
505 45.43359375 36.0 5.056640625 5.0 1.0
506 45.43359375 36.0 5.056640625 5.0 1.0
507 45.43359375 36.0 5.056640625 5.0 1.0
508 45.43359375 36.0 5.056640625 5.0 1.0
509 45.43359375 36.0 5.056640625 5.0 1.0
510 45.43359375 36.0 5.056640625 5.0 1.0
511 45.43359375 36.0 5.056640625 5.0 1.0
512 45.43359375 36.0 5.056640625 5.0 1.0
513 45.43359375 36.0 5.056640625 5.0 1.0
514 45.43359375 36.0 5.056640625 5.0 1.0
515 45.43359375 36.0 5.056640625 5.0 1.0
516 45.43359375 36.0 5.056640625 5.0 1.0
517 45.43359375 36.0 5.056640625 5.0 1.0
518 45.43359375 36.0 5.056640625 5.0 1.0
519 45.43359375 36.0 5.056640625 5.0 1.0
520 45.43359375 36.0 5.056640625 5.0 1.0
521 45.43359375 36.0 5.056640625 5.0 1.0
522 45.43359375 36.0 5.056640625 5.0 1.0
523 45.43359375 36.0 5.056640625 5.0 1.0
524 45.609375 36.0 5.0390625 5.0 1.0
525 45.609375 36.0 5.0390625 5.0 1.0
526 45.609375 36.0 5.0390625 5.0 1.0
527 45.609375 36.0 5.0390625 5.0 1.0
528 45.609375 36.0 5.0390625 5.0 1.0
529 45.609375 36.0 5.0390625 5.0 1.0
530 45.609375 36.0 5.0390625 5.0 1.0
531 45.609375 36.0 5.0390625 5.0 1.0
532 45.609375 36.0 5.0390625 5.0 1.0
533 45.609375 36.0 5.0390625 5.0 1.0
534 45.609375 36.0 5.0390625 5.0 1.0
535 45.609375 36.0 5.0390625 5.0 1.0
536 45.609375 36.0 5.0390625 5.0 1.0
537 45.609375 36.0 5.0390625 5.0 1.0
538 45.609375 36.0 5.0390625 5.0 1.0
539 45.609375 36.0 5.0390625 5.0 1.0
540 45.609375 36.0 5.0390625 5.0 1.0
541 45.609375 36.0 5.0390625 5.0 1.0
542 45.609375 36.0 5.0390625 5.0 1.0
543 45.609375 36.0 5.0390625 5.0 1.0
544 45.609375 36.0 5.0390625 5.0 1.0
545 45.609375 36.0 5.0390625 5.0 1.0
546 45.78515625 36.0 5.021484375 5.0 1.0
547 45.78515625 36.0 5.021484375 5.0 1.0
548 45.78515625 36.0 5.021484375 5.0 1.0
549 45.78515625 36.0 5.021484375 5.0 1.0
550 45.78515625 36.0 5.021484375 5.0 1.0
551 45.78515625 36.0 5.021484375 5.0 1.0
552 45.78515625 36.0 5.021484375 5.0 1.0
553 45.78515625 36.0 5.021484375 5.0 1.0
554 45.78515625 36.0 5.021484375 5.0 1.0
555 45.78515625 36.0 5.021484375 5.0 1.0
556 45.78515625 36.0 5.021484375 5.0 1.0
557 45.78515625 36.0 5.021484375 5.0 1.0
558 45.78515625 36.0 5.021484375 5.0 1.0
559 45.78515625 36.0 5.021484375 5.0 1.0
560 45.78515625 36.0 5.021484375 5.0 1.0
561 45.78515625 36.0 5.021484375 5.0 1.0
562 45.78515625 36.0 5.021484375 5.0 1.0
563 45.78515625 36.0 5.021484375 5.0 1.0
564 45.78515625 36.0 5.021484375 5.0 1.0
565 45.78515625 36.0 5.021484375 5.0 1.0
566 45.78515625 36.0 5.021484375 5.0 1.0
567 45.78515625 36.0 5.021484375 5.0 1.0
568 45.78515625 36.0 5.021484375 5.0 1.0
569 45.78515625 36.0 5.021484375 5.0 1.0
570 45.78515625 36.0 5.021484375 5.0 1.0
571 45.78515625 36.0 5.021484375 5.0 1.0
572 45.78515625 36.0 5.021484375 5.0 1.0
573 45.78515625 36.0 5.021484375 5.0 1.0
574 45.78515625 36.0 5.021484375 5.0 1.0
575 45.78515625 36.0 5.021484375 5.0 1.0
576 45.78515625 36.0 5.021484375 5.0 1.0
577 45.84375 36.0 5.015625 5.0 1.0
578 45.84375 36.0 5.015625 5.0 1.0
579 45.84375 36.0 5.015625 5.0 1.0
580 45.84375 36.0 5.015625 5.0 1.0
581 45.84375 36.0 5.015625 5.0 1.0
582 45.90234375 36.0 5.009765625 5.0 1.0
583 45.90234375 36.0 5.009765625 5.0 1.0
584 45.90234375 36.0 5.009765625 5.0 1.0
585 45.90234375 36.0 5.009765625 5.0 1.0
586 45.90234375 36.0 5.009765625 5.0 1.0
587 45.90234375 36.0 5.009765625 5.0 1.0
588 45.90234375 36.0 5.009765625 5.0 1.0
589 45.90234375 36.0 5.009765625 5.0 1.0
590 45.90234375 36.0 5.009765625 5.0 1.0
591 45.90234375 36.0 5.009765625 5.0 1.0
592 45.90234375 36.0 5.009765625 5.0 1.0
593 45.90234375 36.0 5.009765625 5.0 1.0
594 45.9609375 36.0 5.00390625 5.0 1.0
595 45.9609375 36.0 5.00390625 5.0 1.0
596 45.9609375 36.0 5.00390625 5.0 1.0
597 45.9609375 36.0 5.00390625 5.0 1.0
598 45.9609375 36.0 5.00390625 5.0 1.0
599 45.9609375 36.0 5.00390625 5.0 1.0
600 45.9609375 36.0 5.00390625 5.0 1.0
601 45.9609375 36.0 5.00390625 5.0 1.0
602 45.9609375 36.0 5.00390625 5.0 1.0
603 45.9609375 36.0 5.00390625 5.0 1.0
604 45.9609375 36.0 5.00390625 5.0 1.0
605 45.9609375 36.0 5.00390625 5.0 1.0
606 45.9609375 36.0 5.00390625 5.0 1.0
607 45.9609375 36.0 5.00390625 5.0 1.0
608 45.9609375 36.0 5.00390625 5.0 1.0
609 45.9609375 36.0 5.00390625 5.0 1.0
610 45.9609375 36.0 5.00390625 5.0 1.0
611 46.01953125 36.0 4.998046875 5.0 1.0
612 46.01953125 36.0 4.998046875 5.0 1.0
613 46.01953125 36.0 4.998046875 5.0 1.0
614 46.01953125 36.0 4.998046875 5.0 1.0
615 46.01953125 36.0 4.998046875 5.0 1.0
616 46.01953125 36.0 4.998046875 5.0 1.0
617 46.01953125 36.0 4.998046875 5.0 1.0
618 46.01953125 36.0 4.998046875 5.0 1.0
619 46.01953125 36.0 4.998046875 5.0 1.0
620 46.01953125 36.0 4.998046875 5.0 1.0
621 46.01953125 36.0 4.998046875 5.0 1.0
622 46.01953125 36.0 4.998046875 5.0 1.0
623 46.01953125 36.0 4.998046875 5.0 1.0
624 46.01953125 36.0 4.998046875 5.0 1.0
625 46.01953125 36.0 4.998046875 5.0 1.0
626 46.01953125 36.0 4.998046875 5.0 1.0
627 46.01953125 36.0 4.998046875 5.0 1.0
628 46.01953125 36.0 4.998046875 5.0 1.0
629 46.01953125 36.0 4.998046875 5.0 1.0
630 46.01953125 36.0 4.998046875 5.0 1.0
631 46.01953125 36.0 4.998046875 5.0 1.0
632 46.01953125 36.0 4.998046875 5.0 1.0
633 46.01953125 36.0 4.998046875 5.0 1.0
634 46.01953125 36.0 4.998046875 5.0 1.0
635 46.01953125 36.0 4.998046875 5.0 1.0
636 46.01953125 36.0 4.998046875 5.0 1.0
637 46.01953125 36.0 4.998046875 5.0 1.0
638 46.01953125 36.0 4.998046875 5.0 1.0
639 46.01953125 36.0 4.998046875 5.0 1.0
640 46.01953125 36.0 4.998046875 5.0 1.0
641 46.01953125 36.0 4.998046875 5.0 1.0
642 46.01953125 36.0 4.998046875 5.0 1.0
643 46.01953125 36.0 4.998046875 5.0 1.0
644 46.01953125 36.0 4.998046875 5.0 1.0
645 46.01953125 36.0 4.998046875 5.0 1.0
646 46.01953125 36.0 4.998046875 5.0 1.0
647 46.01953125 36.0 4.998046875 5.0 1.0
648 46.01953125 36.0 4.998046875 5.0 1.0
649 46.01953125 36.0 4.998046875 5.0 1.0
650 46.01953125 36.0 4.998046875 5.0 1.0
651 46.01953125 36.0 4.998046875 5.0 1.0
652 46.01953125 36.0 4.998046875 5.0 1.0
653 46.01953125 36.0 4.998046875 5.0 1.0
654 46.01953125 36.0 4.998046875 5.0 1.0
655 46.01953125 36.0 4.998046875 5.0 1.0
656 46.01953125 36.0 4.998046875 5.0 1.0
657 46.01953125 36.0 4.998046875 5.0 1.0
658 46.01953125 36.0 4.998046875 5.0 1.0
659 46.01953125 36.0 4.998046875 5.0 1.0
660 46.078125 36.0 4.9921875 5.0 1.0
661 46.078125 36.0 4.9921875 5.0 1.0
662 46.078125 36.0 4.9921875 5.0 1.0
663 46.078125 36.0 4.9921875 5.0 1.0
664 46.078125 36.0 4.9921875 5.0 1.0
665 46.078125 36.0 4.9921875 5.0 1.0
666 46.078125 36.0 4.9921875 5.0 1.0
667 46.078125 36.0 4.9921875 5.0 1.0
668 46.078125 36.0 4.9921875 5.0 1.0
669 46.1953125 36.0 4.98046875 5.0 1.0
670 46.1953125 36.0 4.98046875 5.0 1.0
671 46.1953125 36.0 4.98046875 5.0 1.0
672 46.1953125 36.0 4.98046875 5.0 1.0
673 46.1953125 36.0 4.98046875 5.0 1.0
674 46.1953125 36.0 4.98046875 5.0 1.0
675 46.1953125 36.0 4.98046875 5.0 1.0
676 46.1953125 36.0 4.98046875 5.0 1.0
677 46.1953125 36.0 4.98046875 5.0 1.0
678 46.1953125 36.0 4.98046875 5.0 1.0
679 46.1953125 36.0 4.98046875 5.0 1.0
680 46.1953125 36.0 4.98046875 5.0 1.0
681 46.1953125 36.0 4.98046875 5.0 1.0
682 46.1953125 36.0 4.98046875 5.0 1.0
683 46.1953125 36.0 4.98046875 5.0 1.0
684 46.1953125 36.0 4.98046875 5.0 1.0
685 46.1953125 36.0 4.98046875 5.0 1.0
686 46.1953125 36.0 4.98046875 5.0 1.0
687 46.1953125 36.0 4.98046875 5.0 1.0
688 46.1953125 36.0 4.98046875 5.0 1.0
689 46.1953125 36.0 4.98046875 5.0 1.0
690 46.1953125 36.0 4.98046875 5.0 1.0
691 46.1953125 36.0 4.98046875 5.0 1.0
692 46.1953125 36.0 4.98046875 5.0 1.0
693 46.1953125 36.0 4.98046875 5.0 1.0
694 46.1953125 36.0 4.98046875 5.0 1.0
695 46.1953125 36.0 4.98046875 5.0 1.0
696 46.1953125 36.0 4.98046875 5.0 1.0
697 46.1953125 36.0 4.98046875 5.0 1.0
698 46.1953125 36.0 4.98046875 5.0 1.0
699 46.1953125 36.0 4.98046875 5.0 1.0
700 46.1953125 36.0 4.98046875 5.0 1.0
701 46.1953125 36.0 4.98046875 5.0 1.0
702 46.1953125 36.0 4.98046875 5.0 1.0
703 46.1953125 36.0 4.98046875 5.0 1.0
704 46.1953125 36.0 4.98046875 5.0 1.0
705 46.1953125 36.0 4.98046875 5.0 1.0
706 46.1953125 36.0 4.98046875 5.0 1.0
707 46.1953125 36.0 4.98046875 5.0 1.0
708 46.1953125 36.0 4.98046875 5.0 1.0
709 46.1953125 36.0 4.98046875 5.0 1.0
710 46.1953125 36.0 4.98046875 5.0 1.0
711 46.1953125 36.0 4.98046875 5.0 1.0
712 46.1953125 36.0 4.98046875 5.0 1.0
713 46.1953125 36.0 4.98046875 5.0 1.0
714 46.1953125 36.0 4.98046875 5.0 1.0
715 46.1953125 36.0 4.98046875 5.0 1.0
716 46.1953125 36.0 4.98046875 5.0 1.0
717 46.1953125 36.0 4.98046875 5.0 1.0
718 46.1953125 36.0 4.98046875 5.0 1.0
719 46.1953125 36.0 4.98046875 5.0 1.0
720 46.1953125 36.0 4.98046875 5.0 1.0
721 46.1953125 36.0 4.98046875 5.0 1.0
722 46.3125 36.0 4.96875 5.0 1.0
723 46.3125 36.0 4.96875 5.0 1.0
724 46.3125 36.0 4.96875 5.0 1.0
725 46.3125 36.0 4.96875 5.0 1.0
726 46.3125 36.0 4.96875 5.0 1.0
727 46.3125 36.0 4.96875 5.0 1.0
728 46.3125 36.0 4.96875 5.0 1.0
729 46.3125 36.0 4.96875 5.0 1.0
730 46.37109375 36.0 4.962890625 5.0 1.0
731 46.37109375 36.0 4.962890625 5.0 1.0
732 46.37109375 36.0 4.962890625 5.0 1.0
733 46.37109375 36.0 4.962890625 5.0 1.0
734 46.37109375 36.0 4.962890625 5.0 1.0
735 46.37109375 36.0 4.962890625 5.0 1.0
736 46.37109375 36.0 4.962890625 5.0 1.0
737 46.37109375 36.0 4.962890625 5.0 1.0
738 46.37109375 36.0 4.962890625 5.0 1.0
739 46.37109375 36.0 4.962890625 5.0 1.0
740 46.37109375 36.0 4.962890625 5.0 1.0
741 46.37109375 36.0 4.962890625 5.0 1.0
742 46.37109375 36.0 4.962890625 5.0 1.0
743 46.37109375 36.0 4.962890625 5.0 1.0
744 46.37109375 36.0 4.962890625 5.0 1.0
745 46.37109375 36.0 4.962890625 5.0 1.0
746 46.37109375 36.0 4.962890625 5.0 1.0
747 46.37109375 36.0 4.962890625 5.0 1.0
748 46.37109375 36.0 4.962890625 5.0 1.0
749 46.37109375 36.0 4.962890625 5.0 1.0
750 46.37109375 36.0 4.962890625 5.0 1.0
751 46.37109375 36.0 4.962890625 5.0 1.0
752 46.37109375 36.0 4.962890625 5.0 1.0
753 46.37109375 36.0 4.962890625 5.0 1.0
754 46.37109375 36.0 4.962890625 5.0 1.0
755 46.37109375 36.0 4.962890625 5.0 1.0
756 46.37109375 36.0 4.962890625 5.0 1.0
757 46.37109375 36.0 4.962890625 5.0 1.0
758 46.37109375 36.0 4.962890625 5.0 1.0
759 46.37109375 36.0 4.962890625 5.0 1.0
760 46.37109375 36.0 4.962890625 5.0 1.0
761 54.4296875 44.0 3.95703125 4.0 2.0
762 54.4296875 44.0 3.95703125 4.0 2.0
763 54.4296875 44.0 3.95703125 4.0 2.0
764 54.4296875 44.0 3.95703125 4.0 2.0
765 54.4296875 44.0 3.95703125 4.0 2.0
766 54.4296875 44.0 3.95703125 4.0 2.0
767 54.4296875 44.0 3.95703125 4.0 2.0
768 54.4296875 44.0 3.95703125 4.0 2.0
769 54.4296875 44.0 3.95703125 4.0 2.0
770 54.4296875 44.0 3.95703125 4.0 2.0
771 54.4296875 44.0 3.95703125 4.0 2.0
772 54.4296875 44.0 3.95703125 4.0 2.0
773 54.4296875 44.0 3.95703125 4.0 2.0
774 54.4296875 44.0 3.95703125 4.0 2.0
775 54.4296875 44.0 3.95703125 4.0 2.0
776 54.4296875 44.0 3.95703125 4.0 2.0
777 54.4296875 44.0 3.95703125 4.0 2.0
778 54.4296875 44.0 3.95703125 4.0 2.0
779 54.4296875 44.0 3.95703125 4.0 2.0
780 54.4296875 44.0 3.95703125 4.0 2.0
781 54.4296875 44.0 3.95703125 4.0 2.0
782 54.4296875 44.0 3.95703125 4.0 2.0
783 54.4296875 44.0 3.95703125 4.0 2.0
784 54.4296875 44.0 3.95703125 4.0 2.0
785 54.4296875 44.0 3.95703125 4.0 2.0
786 54.4296875 44.0 3.95703125 4.0 2.0
787 54.4296875 44.0 3.95703125 4.0 2.0
788 54.4296875 44.0 3.95703125 4.0 2.0
789 54.4296875 44.0 3.95703125 4.0 2.0
790 54.4296875 44.0 3.95703125 4.0 2.0
791 54.4296875 44.0 3.95703125 4.0 2.0
792 54.4296875 44.0 3.95703125 4.0 2.0
793 54.4296875 44.0 3.95703125 4.0 2.0
794 54.4296875 44.0 3.95703125 4.0 2.0
795 54.4296875 44.0 3.95703125 4.0 2.0
796 54.4296875 44.0 3.95703125 4.0 2.0
797 54.4296875 44.0 3.95703125 4.0 2.0
798 54.4296875 44.0 3.95703125 4.0 2.0
799 54.4296875 44.0 3.95703125 4.0 2.0
800 54.4296875 44.0 3.95703125 4.0 2.0
801 54.4296875 44.0 3.95703125 4.0 2.0
802 54.4296875 44.0 3.95703125 4.0 2.0
803 54.4296875 44.0 3.95703125 4.0 2.0
804 54.4296875 44.0 3.95703125 4.0 2.0
805 54.4296875 44.0 3.95703125 4.0 2.0
806 54.4296875 44.0 3.95703125 4.0 2.0
807 54.4296875 44.0 3.95703125 4.0 2.0
808 54.4296875 44.0 3.95703125 4.0 2.0
809 54.4296875 44.0 3.95703125 4.0 2.0
810 54.4296875 44.0 3.95703125 4.0 2.0
811 54.4296875 44.0 3.95703125 4.0 2.0
812 54.4296875 44.0 3.95703125 4.0 2.0
813 54.4296875 44.0 3.95703125 4.0 2.0
814 54.4296875 44.0 3.95703125 4.0 2.0
815 54.4296875 44.0 3.95703125 4.0 2.0
816 54.4296875 44.0 3.95703125 4.0 2.0
817 54.4296875 44.0 3.95703125 4.0 2.0
818 54.4296875 44.0 3.95703125 4.0 2.0
819 54.4296875 44.0 3.95703125 4.0 2.0
820 54.4296875 44.0 3.95703125 4.0 2.0
821 54.4296875 44.0 3.95703125 4.0 2.0
822 54.4296875 44.0 3.95703125 4.0 2.0
823 54.4296875 44.0 3.95703125 4.0 2.0
824 54.4296875 44.0 3.95703125 4.0 2.0
825 54.4296875 44.0 3.95703125 4.0 2.0
826 54.4296875 44.0 3.95703125 4.0 2.0
827 54.4296875 44.0 3.95703125 4.0 2.0
828 54.4296875 44.0 3.95703125 4.0 2.0
829 54.4296875 44.0 3.95703125 4.0 2.0
830 54.4296875 44.0 3.95703125 4.0 2.0
831 54.4296875 44.0 3.95703125 4.0 2.0
832 54.4296875 44.0 3.95703125 4.0 2.0
833 54.4296875 44.0 3.95703125 4.0 2.0
834 54.4296875 44.0 3.95703125 4.0 2.0
835 54.4296875 44.0 3.95703125 4.0 2.0
836 54.4296875 44.0 3.95703125 4.0 2.0
837 54.4296875 44.0 3.95703125 4.0 2.0
838 54.4296875 44.0 3.95703125 4.0 2.0
839 54.4296875 44.0 3.95703125 4.0 2.0
840 54.4296875 44.0 3.95703125 4.0 2.0
841 54.4296875 44.0 3.95703125 4.0 2.0
842 54.4296875 44.0 3.95703125 4.0 2.0
843 54.4296875 44.0 3.95703125 4.0 2.0
844 54.4296875 44.0 3.95703125 4.0 2.0
845 54.4296875 44.0 3.95703125 4.0 2.0
846 54.4296875 44.0 3.95703125 4.0 2.0
847 54.4296875 44.0 3.95703125 4.0 2.0
848 54.4296875 44.0 3.95703125 4.0 2.0
849 54.4296875 44.0 3.95703125 4.0 2.0
850 54.4296875 44.0 3.95703125 4.0 2.0
851 54.4296875 44.0 3.95703125 4.0 2.0
852 54.4296875 44.0 3.95703125 4.0 2.0
853 54.4296875 44.0 3.95703125 4.0 2.0
854 54.4296875 44.0 3.95703125 4.0 2.0
855 54.4296875 44.0 3.95703125 4.0 2.0
856 54.4296875 44.0 3.95703125 4.0 2.0
857 54.4296875 44.0 3.95703125 4.0 2.0
858 54.4296875 44.0 3.95703125 4.0 2.0
859 54.4296875 44.0 3.95703125 4.0 2.0
860 54.4296875 44.0 3.95703125 4.0 2.0
861 54.4296875 44.0 3.95703125 4.0 2.0
862 54.4296875 44.0 3.95703125 4.0 2.0
863 54.4296875 44.0 3.95703125 4.0 2.0
864 54.4296875 44.0 3.95703125 4.0 2.0
865 54.4296875 44.0 3.95703125 4.0 2.0
866 54.4296875 44.0 3.95703125 4.0 2.0
867 54.4296875 44.0 3.95703125 4.0 2.0
868 54.4296875 44.0 3.95703125 4.0 2.0
869 54.4296875 44.0 3.95703125 4.0 2.0
870 54.4296875 44.0 3.95703125 4.0 2.0
871 54.4296875 44.0 3.95703125 4.0 2.0
872 54.4296875 44.0 3.95703125 4.0 2.0
873 54.4296875 44.0 3.95703125 4.0 2.0
874 54.4296875 44.0 3.95703125 4.0 2.0
875 54.4296875 44.0 3.95703125 4.0 2.0
876 54.4296875 44.0 3.95703125 4.0 2.0
877 54.4296875 44.0 3.95703125 4.0 2.0
878 54.4296875 44.0 3.95703125 4.0 2.0
879 54.4296875 44.0 3.95703125 4.0 2.0
880 54.4296875 44.0 3.95703125 4.0 2.0
881 54.4296875 44.0 3.95703125 4.0 2.0
882 54.4296875 44.0 3.95703125 4.0 2.0
883 54.4296875 44.0 3.95703125 4.0 2.0
884 54.4296875 44.0 3.95703125 4.0 2.0
885 54.4296875 44.0 3.95703125 4.0 2.0
886 54.4296875 44.0 3.95703125 4.0 2.0
887 54.4296875 44.0 3.95703125 4.0 2.0
888 54.4296875 44.0 3.95703125 4.0 2.0
889 54.4296875 44.0 3.95703125 4.0 2.0
890 54.4296875 44.0 3.95703125 4.0 2.0
891 54.4296875 44.0 3.95703125 4.0 2.0
892 54.4296875 44.0 3.95703125 4.0 2.0
893 54.4296875 44.0 3.95703125 4.0 2.0
894 54.4296875 44.0 3.95703125 4.0 2.0
895 54.4296875 44.0 3.95703125 4.0 2.0
896 54.4296875 44.0 3.95703125 4.0 2.0
897 54.4296875 44.0 3.95703125 4.0 2.0
898 54.4296875 44.0 3.95703125 4.0 2.0
899 54.4296875 44.0 3.95703125 4.0 2.0
900 54.4296875 44.0 3.95703125 4.0 2.0
901 54.4296875 44.0 3.95703125 4.0 2.0
902 54.4296875 44.0 3.95703125 4.0 2.0
903 54.4296875 44.0 3.95703125 4.0 2.0
904 54.4296875 44.0 3.95703125 4.0 2.0
905 54.4296875 44.0 3.95703125 4.0 2.0
906 54.4296875 44.0 3.95703125 4.0 2.0
907 54.4296875 44.0 3.95703125 4.0 2.0
908 54.4296875 44.0 3.95703125 4.0 2.0
909 54.4296875 44.0 3.95703125 4.0 2.0
910 54.4296875 44.0 3.95703125 4.0 2.0
911 54.4296875 44.0 3.95703125 4.0 2.0
912 54.4296875 44.0 3.95703125 4.0 2.0
913 54.4296875 44.0 3.95703125 4.0 2.0
914 54.4296875 44.0 3.95703125 4.0 2.0
915 54.4296875 44.0 3.95703125 4.0 2.0
916 54.4296875 44.0 3.95703125 4.0 2.0
917 54.4296875 44.0 3.95703125 4.0 2.0
918 54.4296875 44.0 3.95703125 4.0 2.0
919 54.4296875 44.0 3.95703125 4.0 2.0
920 54.4296875 44.0 3.95703125 4.0 2.0
921 54.4296875 44.0 3.95703125 4.0 2.0
922 54.4296875 44.0 3.95703125 4.0 2.0
923 54.4296875 44.0 3.95703125 4.0 2.0
924 54.4296875 44.0 3.95703125 4.0 2.0
925 54.4296875 44.0 3.95703125 4.0 2.0
926 54.4296875 44.0 3.95703125 4.0 2.0
927 54.4296875 44.0 3.95703125 4.0 2.0
928 54.4296875 44.0 3.95703125 4.0 2.0
929 54.4296875 44.0 3.95703125 4.0 2.0
930 54.4296875 44.0 3.95703125 4.0 2.0
931 54.4296875 44.0 3.95703125 4.0 2.0
932 54.4296875 44.0 3.95703125 4.0 2.0
933 54.4296875 44.0 3.95703125 4.0 2.0
934 54.4296875 44.0 3.95703125 4.0 2.0
935 54.4296875 44.0 3.95703125 4.0 2.0
936 54.4296875 44.0 3.95703125 4.0 2.0
937 54.4296875 44.0 3.95703125 4.0 2.0
938 54.4296875 44.0 3.95703125 4.0 2.0
939 54.4296875 44.0 3.95703125 4.0 2.0
940 54.4296875 44.0 3.95703125 4.0 2.0
941 54.4296875 44.0 3.95703125 4.0 2.0
942 54.4296875 44.0 3.95703125 4.0 2.0
943 54.4296875 44.0 3.95703125 4.0 2.0
944 54.4296875 44.0 3.95703125 4.0 2.0
945 54.4296875 44.0 3.95703125 4.0 2.0
946 54.4296875 44.0 3.95703125 4.0 2.0
947 54.4296875 44.0 3.95703125 4.0 2.0
948 54.4296875 44.0 3.95703125 4.0 2.0
949 54.4296875 44.0 3.95703125 4.0 2.0
950 54.4296875 44.0 3.95703125 4.0 2.0
951 54.4296875 44.0 3.95703125 4.0 2.0
952 54.4296875 44.0 3.95703125 4.0 2.0
953 54.4296875 44.0 3.95703125 4.0 2.0
954 54.4296875 44.0 3.95703125 4.0 2.0
955 54.4296875 44.0 3.95703125 4.0 2.0
956 54.4296875 44.0 3.95703125 4.0 2.0
957 54.4296875 44.0 3.95703125 4.0 2.0
958 54.4296875 44.0 3.95703125 4.0 2.0
959 54.4296875 44.0 3.95703125 4.0 2.0
960 54.4296875 44.0 3.95703125 4.0 2.0
961 54.4296875 44.0 3.95703125 4.0 2.0
962 54.4296875 44.0 3.95703125 4.0 2.0
963 54.4296875 44.0 3.95703125 4.0 2.0
964 54.4296875 44.0 3.95703125 4.0 2.0
965 54.4296875 44.0 3.95703125 4.0 2.0
966 54.4296875 44.0 3.95703125 4.0 2.0
967 54.4296875 44.0 3.95703125 4.0 2.0
968 54.4296875 44.0 3.95703125 4.0 2.0
969 54.4296875 44.0 3.95703125 4.0 2.0
970 54.4296875 44.0 3.95703125 4.0 2.0
971 54.4296875 44.0 3.95703125 4.0 2.0
972 54.4296875 44.0 3.95703125 4.0 2.0
973 54.4296875 44.0 3.95703125 4.0 2.0
974 54.4296875 44.0 3.95703125 4.0 2.0
975 54.4296875 44.0 3.95703125 4.0 2.0
976 54.4296875 44.0 3.95703125 4.0 2.0
977 54.4296875 44.0 3.95703125 4.0 2.0
978 54.4296875 44.0 3.95703125 4.0 2.0
979 54.4296875 44.0 3.95703125 4.0 2.0
980 54.4296875 44.0 3.95703125 4.0 2.0
981 54.4296875 44.0 3.95703125 4.0 2.0
982 54.4296875 44.0 3.95703125 4.0 2.0
983 54.4296875 44.0 3.95703125 4.0 2.0
984 54.4296875 44.0 3.95703125 4.0 2.0
985 54.4296875 44.0 3.95703125 4.0 2.0
986 54.4296875 44.0 3.95703125 4.0 2.0
987 54.4296875 44.0 3.95703125 4.0 2.0
988 54.4296875 44.0 3.95703125 4.0 2.0
989 54.4296875 44.0 3.95703125 4.0 2.0
990 54.4296875 44.0 3.95703125 4.0 2.0
991 54.4296875 44.0 3.95703125 4.0 2.0
992 54.4296875 44.0 3.95703125 4.0 2.0
993 54.4296875 44.0 3.95703125 4.0 2.0
994 54.4296875 44.0 3.95703125 4.0 2.0
995 54.4296875 44.0 3.95703125 4.0 2.0
996 54.4296875 44.0 3.95703125 4.0 2.0
997 54.4296875 44.0 3.95703125 4.0 2.0
998 54.4296875 44.0 3.95703125 4.0 2.0
999 54.4296875 44.0 3.95703125 4.0 2.0
1000 54.4296875 44.0 3.95703125 4.0 2.0
