gen HV HVnoDiscount fitness_notKilledMutants notKilledNonEqMutants fitness_testSuiteSize
1 24.0 24.0 6.0 5.0 4.0
2 24.0 24.0 6.0 5.0 4.0
3 24.0 24.0 6.0 5.0 4.0
4 24.0 24.0 6.0 5.0 4.0
5 24.0 24.0 6.0 5.0 4.0
6 24.0 24.0 6.0 5.0 4.0
7 24.0 24.0 6.0 5.0 4.0
8 24.0 24.0 6.0 5.0 4.0
9 24.0 24.0 6.0 5.0 4.0
10 24.0 24.0 6.0 5.0 4.0
11 24.0 24.0 6.0 5.0 4.0
12 24.0 24.0 6.0 5.0 4.0
13 24.0 24.0 6.0 5.0 4.0
14 24.0 24.0 6.0 5.0 4.0
15 28.0 28.0 6.0 5.0 3.0
16 28.0 28.0 6.0 5.0 3.0
17 28.0 28.0 6.0 5.0 3.0
18 28.0 28.0 6.0 5.0 3.0
19 28.0 28.0 6.0 5.0 3.0
20 28.0 28.0 6.0 5.0 3.0
21 28.0 28.0 6.0 5.0 3.0
22 28.0 28.0 6.0 5.0 3.0
23 28.0 28.0 6.0 5.0 3.0
24 28.0 28.0 6.0 5.0 3.0
25 28.0 28.0 6.0 5.0 3.0
26 28.0 28.0 6.0 5.0 3.0
27 28.0 28.0 6.0 5.0 3.0
28 28.0 28.0 6.0 5.0 3.0
29 28.0 28.0 6.0 5.0 3.0
30 28.0 28.0 6.0 5.0 3.0
31 28.0 28.0 6.0 5.0 3.0
32 28.0 28.0 6.0 5.0 3.0
33 28.0 28.0 6.0 5.0 3.0
34 28.0 28.0 6.0 5.0 3.0
35 28.0 28.0 6.0 5.0 3.0
36 28.0 28.0 6.0 5.0 3.0
37 28.0 28.0 6.0 5.0 3.0
38 28.0 28.0 6.0 5.0 3.0
39 28.0 28.0 6.0 5.0 3.0
40 28.0 28.0 6.0 5.0 3.0
41 28.0 28.0 6.0 5.0 3.0
42 28.0 28.0 6.0 5.0 3.0
43 28.0 28.0 6.0 5.0 3.0
44 28.0 28.0 6.0 5.0 3.0
45 28.0 28.0 6.0 5.0 3.0
46 28.0 28.0 6.0 5.0 3.0
47 28.0 28.0 6.0 5.0 3.0
48 28.0 28.0 6.0 5.0 3.0
49 36.0 36.0 5.0 4.0 3.0
50 36.0 36.0 5.0 4.0 3.0
51 36.0 36.0 5.0 4.0 3.0
52 36.0 36.0 5.0 4.0 3.0
53 36.0 36.0 5.0 4.0 3.0
54 36.0 36.0 5.0 4.0 3.0
55 36.0 36.0 5.0 4.0 3.0
56 36.0 36.0 5.0 4.0 3.0
57 36.0 36.0 5.0 4.0 3.0
58 36.0 36.0 5.0 4.0 3.0
59 36.0 36.0 5.0 4.0 3.0
60 36.0 36.0 5.0 4.0 3.0
61 36.0 36.0 5.0 4.0 3.0
62 36.0 36.0 5.0 4.0 3.0
63 36.0 36.0 5.0 4.0 3.0
64 36.0 36.0 5.0 4.0 3.0
65 36.0 36.0 5.0 4.0 3.0
66 36.0 36.0 5.0 4.0 3.0
67 36.0 36.0 5.0 4.0 3.0
68 36.0 36.0 5.0 4.0 3.0
69 36.0 36.0 5.0 4.0 3.0
70 36.0 36.0 5.0 4.0 3.0
71 36.0 36.0 5.0 4.0 3.0
72 36.0 36.0 5.0 4.0 3.0
73 36.0 36.0 5.0 4.0 3.0
74 36.0 36.0 5.0 4.0 3.0
75 36.0 36.0 5.0 4.0 3.0
76 36.0 36.0 5.0 4.0 3.0
77 36.0 36.0 5.0 4.0 3.0
78 36.0 36.0 5.0 4.0 3.0
79 36.0 36.0 5.0 4.0 3.0
80 36.0 36.0 5.0 4.0 3.0
81 36.0 36.0 5.0 4.0 3.0
82 36.0 36.0 5.0 4.0 3.0
83 36.0 36.0 5.0 4.0 3.0
84 36.0 36.0 5.0 4.0 3.0
85 36.0 36.0 5.0 4.0 3.0
86 36.0 36.0 5.0 4.0 3.0
87 36.0 36.0 5.0 4.0 3.0
88 36.0 36.0 5.0 4.0 3.0
89 36.0 36.0 5.0 4.0 3.0
90 36.0 36.0 5.0 4.0 3.0
91 36.0 36.0 5.0 4.0 3.0
92 36.0 36.0 5.0 4.0 3.0
93 36.0 36.0 5.0 4.0 3.0
94 36.0 36.0 5.0 4.0 3.0
95 36.0 36.0 5.0 4.0 3.0
96 36.0 36.0 5.0 4.0 3.0
97 36.0 36.0 5.0 4.0 3.0
98 36.0 36.0 5.0 4.0 3.0
99 36.0 36.0 5.0 4.0 3.0
100 36.0 36.0 5.0 4.0 3.0
101 36.0 36.0 5.0 4.0 3.0
102 36.0 36.0 5.0 4.0 3.0
103 36.0 36.0 5.0 4.0 3.0
104 36.0 36.0 5.0 4.0 3.0
105 36.0 36.0 5.0 4.0 3.0
106 36.0 36.0 5.0 4.0 3.0
107 36.0 36.0 5.0 4.0 3.0
108 36.0 36.0 5.0 4.0 3.0
109 36.0 36.0 5.0 4.0 3.0
110 36.0 36.0 5.0 4.0 3.0
111 36.0 36.0 5.0 4.0 3.0
112 36.0 36.0 5.0 4.0 3.0
113 36.0 36.0 5.0 4.0 3.0
114 36.0 36.0 5.0 4.0 3.0
115 36.0 36.0 5.0 4.0 3.0
116 36.0 36.0 5.0 4.0 3.0
117 36.0 36.0 5.0 4.0 3.0
118 36.0 36.0 5.0 4.0 3.0
119 36.0 36.0 5.0 4.0 3.0
120 36.0 36.0 5.0 4.0 3.0
121 36.0 36.0 5.0 4.0 3.0
122 36.0 36.0 5.0 4.0 3.0
123 36.0 36.0 5.0 4.0 3.0
124 36.0 36.0 5.0 4.0 3.0
125 36.0 36.0 5.0 4.0 3.0
126 36.0 36.0 5.0 4.0 3.0
127 36.0 36.0 5.0 4.0 3.0
128 36.0 36.0 5.0 4.0 3.0
129 43.0 43.0 4.0 3.0 3.0
130 43.0 43.0 4.0 3.0 3.0
131 43.0 43.0 4.0 3.0 3.0
132 45.0 45.0 4.0 3.0 3.0
133 45.0 45.0 4.0 3.0 3.0
134 45.0 45.0 4.0 3.0 3.0
135 45.0 45.0 4.0 3.0 3.0
136 45.0 45.0 4.0 3.0 3.0
137 45.0 45.0 4.0 3.0 3.0
138 45.0 45.0 4.0 3.0 3.0
139 45.0 45.0 4.0 3.0 3.0
140 45.0 45.0 4.0 3.0 3.0
141 45.0 45.0 4.0 3.0 3.0
142 47.0 47.0 4.0 3.0 3.0
143 47.0 47.0 4.0 3.0 3.0
144 47.0 47.0 4.0 3.0 3.0
145 47.0 47.0 4.0 3.0 3.0
146 47.0 47.0 4.0 3.0 3.0
147 47.0 47.0 4.0 3.0 3.0
148 47.0 47.0 4.0 3.0 3.0
149 47.0 47.0 4.0 3.0 3.0
150 47.0 47.0 4.0 3.0 3.0
151 47.0 47.0 4.0 3.0 3.0
152 47.0 47.0 4.0 3.0 3.0
153 47.0 47.0 4.0 3.0 3.0
154 47.0 47.0 4.0 3.0 3.0
155 47.0 47.0 4.0 3.0 3.0
156 47.0 47.0 4.0 3.0 3.0
157 47.0 47.0 4.0 3.0 3.0
158 47.0 47.0 4.0 3.0 3.0
159 47.0 47.0 4.0 3.0 3.0
160 47.0 47.0 4.0 3.0 3.0
161 47.0 47.0 4.0 3.0 3.0
162 47.0 47.0 4.0 3.0 3.0
163 47.0 47.0 4.0 3.0 3.0
164 47.0 47.0 4.0 3.0 3.0
165 47.0 47.0 4.0 3.0 3.0
166 47.0 47.0 4.0 3.0 3.0
167 47.0 47.0 4.0 3.0 3.0
168 47.0 47.0 4.0 3.0 3.0
169 47.0 47.0 4.0 3.0 3.0
170 47.0 47.0 4.0 3.0 3.0
171 47.0 47.0 4.0 3.0 3.0
172 47.0 47.0 4.0 3.0 3.0
173 47.0 47.0 4.0 3.0 3.0
174 47.0 47.0 4.0 3.0 3.0
175 47.0 47.0 4.0 3.0 3.0
176 47.0 47.0 4.0 3.0 3.0
177 47.0 47.0 4.0 3.0 3.0
178 47.0 47.0 4.0 3.0 3.0
179 47.0 47.0 4.0 3.0 3.0
180 47.0 47.0 4.0 3.0 3.0
181 47.0 47.0 4.0 3.0 3.0
182 47.0 47.0 4.0 3.0 3.0
183 47.0 47.0 4.0 3.0 3.0
184 47.0 47.0 4.0 3.0 3.0
185 47.0 47.0 4.0 3.0 3.0
186 47.0 47.0 4.0 3.0 3.0
187 47.0 47.0 4.0 3.0 3.0
188 47.0 47.0 4.0 3.0 3.0
189 47.0 47.0 4.0 3.0 3.0
190 47.0 47.0 4.0 3.0 3.0
191 47.0 47.0 4.0 3.0 3.0
192 47.0 47.0 4.0 3.0 3.0
193 47.0 47.0 4.0 3.0 3.0
194 47.0 47.0 4.0 3.0 3.0
195 47.0 47.0 4.0 3.0 3.0
196 47.0 47.0 4.0 3.0 3.0
197 47.0 47.0 4.0 3.0 3.0
198 47.0 47.0 4.0 3.0 3.0
199 47.0 47.0 4.0 3.0 3.0
200 47.0 47.0 4.0 3.0 3.0
201 48.0 48.0 3.0 2.0 4.0
202 48.0 48.0 3.0 2.0 4.0
203 48.0 48.0 3.0 2.0 4.0
204 48.0 48.0 3.0 2.0 4.0
205 49.0 49.0 3.0 2.0 3.0
206 49.0 49.0 3.0 2.0 3.0
207 49.0 49.0 3.0 2.0 3.0
208 49.0 49.0 3.0 2.0 3.0
209 49.0 49.0 3.0 2.0 3.0
210 49.0 49.0 3.0 2.0 3.0
211 49.0 49.0 3.0 2.0 3.0
212 49.0 49.0 3.0 2.0 3.0
213 49.0 49.0 3.0 2.0 3.0
214 49.0 49.0 3.0 2.0 3.0
215 49.0 49.0 3.0 2.0 3.0
216 49.0 49.0 3.0 2.0 3.0
217 49.0 49.0 3.0 2.0 3.0
218 49.0 49.0 3.0 2.0 3.0
219 49.0 49.0 3.0 2.0 3.0
220 49.0 49.0 3.0 2.0 3.0
221 49.0 49.0 3.0 2.0 3.0
222 49.0 49.0 3.0 2.0 3.0
223 49.0 49.0 3.0 2.0 3.0
224 49.0 49.0 3.0 2.0 3.0
225 49.0 49.0 3.0 2.0 3.0
226 49.0 49.0 3.0 2.0 3.0
227 49.0 49.0 3.0 2.0 3.0
228 49.0 49.0 3.0 2.0 3.0
229 49.0 49.0 3.0 2.0 3.0
230 49.0 49.0 3.0 2.0 3.0
231 49.0 49.0 3.0 2.0 3.0
232 49.0 49.0 3.0 2.0 3.0
233 49.0 49.0 3.0 2.0 3.0
234 49.0 49.0 3.0 2.0 3.0
235 49.0 49.0 3.0 2.0 3.0
236 49.0 49.0 3.0 2.0 3.0
237 49.0 49.0 3.0 2.0 3.0
238 49.0 49.0 3.0 2.0 3.0
239 49.0 49.0 3.0 2.0 3.0
240 49.0 49.0 3.0 2.0 3.0
241 49.0 49.0 3.0 2.0 3.0
242 49.0 49.0 3.0 2.0 3.0
243 49.0 49.0 3.0 2.0 3.0
244 49.0 49.0 3.0 2.0 3.0
245 49.0 49.0 3.0 2.0 3.0
246 49.0 49.0 3.0 2.0 3.0
247 49.0 49.0 3.0 2.0 3.0
248 49.0 49.0 3.0 2.0 3.0
249 49.0 49.0 3.0 2.0 3.0
250 49.0 49.0 3.0 2.0 3.0
251 49.0 49.0 3.0 2.0 3.0
252 49.0 49.0 3.0 2.0 3.0
253 49.0 49.0 3.0 2.0 3.0
254 49.0 49.0 3.0 2.0 3.0
255 49.0 49.0 3.0 2.0 3.0
256 49.0 49.0 3.0 2.0 3.0
257 49.0 49.0 3.0 2.0 3.0
258 49.0 49.0 3.0 2.0 3.0
259 49.0 49.0 3.0 2.0 3.0
260 49.0 49.0 3.0 2.0 3.0
261 49.0 49.0 3.0 2.0 3.0
262 49.0 49.0 3.0 2.0 3.0
263 49.0 49.0 3.0 2.0 3.0
264 49.0 49.0 3.0 2.0 3.0
265 49.0 49.0 3.0 2.0 3.0
266 49.0 49.0 3.0 2.0 3.0
267 49.0 49.0 3.0 2.0 3.0
268 49.0 49.0 3.0 2.0 3.0
269 49.0 49.0 3.0 2.0 3.0
270 49.0 49.0 3.0 2.0 3.0
271 49.0 49.0 3.0 2.0 3.0
272 49.0 49.0 3.0 2.0 3.0
273 49.0 49.0 3.0 2.0 3.0
274 49.0 49.0 3.0 2.0 3.0
275 49.0 49.0 3.0 2.0 3.0
276 49.0 49.0 3.0 2.0 3.0
277 49.0 49.0 3.0 2.0 3.0
278 49.0 49.0 3.0 2.0 3.0
279 49.0 49.0 3.0 2.0 3.0
280 49.0 49.0 3.0 2.0 3.0
281 49.0 49.0 3.0 2.0 3.0
282 49.0 49.0 3.0 2.0 3.0
283 49.0 49.0 3.0 2.0 3.0
284 49.0 49.0 3.0 2.0 3.0
285 49.0 49.0 3.0 2.0 3.0
286 49.0 49.0 3.0 2.0 3.0
287 54.0 54.0 3.0 2.0 3.0
288 54.0 54.0 3.0 2.0 3.0
289 54.0 54.0 3.0 2.0 3.0
290 54.0 54.0 3.0 2.0 3.0
291 54.0 54.0 3.0 2.0 3.0
292 54.0 54.0 3.0 2.0 3.0
293 54.0 54.0 3.0 2.0 3.0
294 54.0 54.0 3.0 2.0 3.0
295 54.0 54.0 3.0 2.0 3.0
296 54.0 54.0 3.0 2.0 3.0
297 54.0 54.0 3.0 2.0 3.0
298 54.0 54.0 3.0 2.0 3.0
299 54.0 54.0 3.0 2.0 3.0
300 54.0 54.0 3.0 2.0 3.0
301 54.0 54.0 3.0 2.0 3.0
302 54.0 54.0 3.0 2.0 3.0
303 54.0 54.0 3.0 2.0 3.0
304 54.0 54.0 3.0 2.0 3.0
305 54.0 54.0 3.0 2.0 3.0
306 54.0 54.0 3.0 2.0 3.0
307 54.0 54.0 3.0 2.0 3.0
308 54.0 54.0 3.0 2.0 3.0
309 54.0 54.0 3.0 2.0 3.0
310 54.0 54.0 3.0 2.0 3.0
311 54.0 54.0 3.0 2.0 3.0
312 54.0 54.0 3.0 2.0 3.0
313 54.0 54.0 3.0 2.0 3.0
314 54.0 54.0 3.0 2.0 3.0
315 54.0 54.0 3.0 2.0 3.0
316 54.0 54.0 3.0 2.0 3.0
317 54.0 54.0 3.0 2.0 3.0
318 54.0 54.0 3.0 2.0 3.0
319 54.0 54.0 3.0 2.0 3.0
320 54.0 54.0 3.0 2.0 3.0
321 54.0 54.0 3.0 2.0 3.0
322 54.0 54.0 3.0 2.0 3.0
323 54.0 54.0 3.0 2.0 3.0
324 54.0 54.0 3.0 2.0 3.0
325 54.0 54.0 3.0 2.0 3.0
326 54.0 54.0 3.0 2.0 3.0
327 54.0 54.0 3.0 2.0 3.0
328 54.0 54.0 3.0 2.0 3.0
329 54.0 54.0 3.0 2.0 3.0
330 54.0 54.0 3.0 2.0 3.0
331 54.0 54.0 3.0 2.0 3.0
332 54.0 54.0 3.0 2.0 3.0
333 54.0 54.0 3.0 2.0 3.0
334 54.0 54.0 3.0 2.0 3.0
335 54.0 54.0 3.0 2.0 3.0
336 54.0 54.0 3.0 2.0 3.0
337 54.0 54.0 3.0 2.0 3.0
338 54.0 54.0 3.0 2.0 3.0
339 54.0 54.0 3.0 2.0 3.0
340 54.0 54.0 3.0 2.0 3.0
341 54.0 54.0 3.0 2.0 3.0
342 54.0 54.0 3.0 2.0 3.0
343 54.0 54.0 3.0 2.0 3.0
344 54.0 54.0 3.0 2.0 3.0
345 54.0 54.0 3.0 2.0 3.0
346 54.0 54.0 3.0 2.0 3.0
347 54.0 54.0 3.0 2.0 3.0
348 54.0 54.0 3.0 2.0 3.0
349 54.0 54.0 3.0 2.0 3.0
350 54.0 54.0 3.0 2.0 3.0
351 54.0 54.0 3.0 2.0 3.0
352 54.0 54.0 3.0 2.0 3.0
353 54.0 54.0 3.0 2.0 3.0
354 54.0 54.0 3.0 2.0 3.0
355 54.0 54.0 3.0 2.0 3.0
356 54.0 54.0 3.0 2.0 3.0
357 54.0 54.0 3.0 2.0 3.0
358 54.0 54.0 3.0 2.0 3.0
359 54.0 54.0 3.0 2.0 3.0
360 55.0 55.0 3.0 2.0 3.0
361 55.0 55.0 3.0 2.0 3.0
362 55.0 55.0 3.0 2.0 3.0
363 55.0 55.0 3.0 2.0 3.0
364 55.0 55.0 3.0 2.0 3.0
365 55.0 55.0 3.0 2.0 3.0
366 55.0 55.0 3.0 2.0 3.0
367 55.0 55.0 3.0 2.0 3.0
368 55.0 55.0 3.0 2.0 3.0
369 55.0 55.0 3.0 2.0 3.0
370 55.0 55.0 3.0 2.0 3.0
371 55.0 55.0 3.0 2.0 3.0
372 55.0 55.0 3.0 2.0 3.0
373 55.0 55.0 3.0 2.0 3.0
374 55.0 55.0 3.0 2.0 3.0
375 55.0 55.0 3.0 2.0 3.0
376 55.0 55.0 3.0 2.0 3.0
377 55.0 55.0 3.0 2.0 3.0
378 55.0 55.0 3.0 2.0 3.0
379 55.0 55.0 3.0 2.0 3.0
380 55.0 55.0 3.0 2.0 3.0
381 55.0 55.0 3.0 2.0 3.0
382 55.0 55.0 3.0 2.0 3.0
383 55.0 55.0 3.0 2.0 3.0
384 55.0 55.0 3.0 2.0 3.0
385 55.0 55.0 3.0 2.0 3.0
386 55.0 55.0 3.0 2.0 3.0
387 55.0 55.0 3.0 2.0 3.0
388 55.0 55.0 3.0 2.0 3.0
389 55.0 55.0 3.0 2.0 3.0
390 55.0 55.0 3.0 2.0 3.0
391 55.0 55.0 3.0 2.0 3.0
392 55.0 55.0 3.0 2.0 3.0
393 60.0 60.0 2.0 1.0 4.0
394 60.0 60.0 2.0 1.0 4.0
395 60.0 60.0 2.0 1.0 4.0
396 60.0 60.0 2.0 1.0 4.0
397 60.0 60.0 2.0 1.0 4.0
398 60.0 60.0 2.0 1.0 4.0
399 60.0 60.0 2.0 1.0 4.0
400 60.0 60.0 2.0 1.0 4.0
401 60.0 60.0 2.0 1.0 4.0
402 60.0 60.0 2.0 1.0 4.0
403 60.0 60.0 2.0 1.0 4.0
404 60.0 60.0 2.0 1.0 4.0
405 60.0 60.0 2.0 1.0 4.0
406 60.0 60.0 2.0 1.0 4.0
407 60.0 60.0 2.0 1.0 4.0
408 60.0 60.0 2.0 1.0 4.0
409 60.0 60.0 2.0 1.0 4.0
410 60.0 60.0 2.0 1.0 4.0
411 60.0 60.0 2.0 1.0 4.0
412 60.0 60.0 2.0 1.0 4.0
413 60.0 60.0 2.0 1.0 4.0
414 60.0 60.0 2.0 1.0 4.0
415 60.0 60.0 2.0 1.0 4.0
416 60.0 60.0 2.0 1.0 4.0
417 60.0 60.0 2.0 1.0 4.0
418 60.0 60.0 2.0 1.0 4.0
419 60.0 60.0 2.0 1.0 4.0
420 60.0 60.0 2.0 1.0 4.0
421 60.0 60.0 2.0 1.0 4.0
422 60.0 60.0 2.0 1.0 4.0
423 60.0 60.0 2.0 1.0 4.0
424 60.0 60.0 2.0 1.0 4.0
425 60.0 60.0 2.0 1.0 4.0
426 60.0 60.0 2.0 1.0 4.0
427 60.0 60.0 2.0 1.0 4.0
428 60.0 60.0 2.0 1.0 4.0
429 60.0 60.0 2.0 1.0 4.0
430 60.0 60.0 2.0 1.0 4.0
431 60.0 60.0 2.0 1.0 4.0
432 60.0 60.0 2.0 1.0 4.0
433 60.0 60.0 2.0 1.0 4.0
434 60.0 60.0 2.0 1.0 4.0
435 60.0 60.0 2.0 1.0 4.0
436 60.0 60.0 2.0 1.0 4.0
437 60.0 60.0 2.0 1.0 4.0
438 60.0 60.0 2.0 1.0 4.0
439 60.0 60.0 2.0 1.0 4.0
440 60.0 60.0 2.0 1.0 4.0
441 60.0 60.0 2.0 1.0 4.0
442 60.0 60.0 2.0 1.0 4.0
443 60.0 60.0 2.0 1.0 4.0
444 60.0 60.0 2.0 1.0 4.0
445 60.0 60.0 2.0 1.0 4.0
446 60.0 60.0 2.0 1.0 4.0
447 60.0 60.0 2.0 1.0 4.0
448 60.0 60.0 2.0 1.0 4.0
449 60.0 60.0 2.0 1.0 4.0
450 60.0 60.0 2.0 1.0 4.0
451 60.0 60.0 2.0 1.0 4.0
452 60.0 60.0 2.0 1.0 4.0
453 60.0 60.0 2.0 1.0 4.0
454 60.0 60.0 2.0 1.0 4.0
455 60.0 60.0 2.0 1.0 4.0
456 60.0 60.0 2.0 1.0 4.0
457 60.0 60.0 2.0 1.0 4.0
458 60.0 60.0 2.0 1.0 4.0
459 60.0 60.0 2.0 1.0 4.0
460 60.0 60.0 2.0 1.0 4.0
461 60.0 60.0 2.0 1.0 4.0
462 60.0 60.0 2.0 1.0 4.0
463 60.0 60.0 2.0 1.0 4.0
464 60.0 60.0 2.0 1.0 4.0
465 60.0 60.0 2.0 1.0 4.0
466 60.0 60.0 2.0 1.0 4.0
467 60.0 60.0 2.0 1.0 4.0
468 60.0 60.0 2.0 1.0 4.0
469 60.0 60.0 2.0 1.0 4.0
470 60.0 60.0 2.0 1.0 4.0
471 60.0 60.0 2.0 1.0 4.0
472 60.0 60.0 2.0 1.0 4.0
473 60.0 60.0 2.0 1.0 4.0
474 60.0 60.0 2.0 1.0 4.0
475 60.0 60.0 2.0 1.0 4.0
476 60.0 60.0 2.0 1.0 4.0
477 60.0 60.0 2.0 1.0 4.0
478 60.0 60.0 2.0 1.0 4.0
479 60.0 60.0 2.0 1.0 4.0
480 60.0 60.0 2.0 1.0 4.0
481 60.0 60.0 2.0 1.0 4.0
482 60.0 60.0 2.0 1.0 4.0
483 60.0 60.0 2.0 1.0 4.0
484 60.0 60.0 2.0 1.0 4.0
485 60.0 60.0 2.0 1.0 4.0
486 60.0 60.0 2.0 1.0 4.0
487 60.0 60.0 2.0 1.0 4.0
488 60.0 60.0 2.0 1.0 4.0
489 60.0 60.0 2.0 1.0 4.0
490 60.0 60.0 2.0 1.0 4.0
491 60.0 60.0 2.0 1.0 4.0
492 60.0 60.0 2.0 1.0 4.0
493 60.0 60.0 2.0 1.0 4.0
494 60.0 60.0 2.0 1.0 4.0
495 60.0 60.0 2.0 1.0 4.0
496 60.0 60.0 2.0 1.0 4.0
497 60.0 60.0 2.0 1.0 4.0
498 60.0 60.0 2.0 1.0 4.0
499 60.0 60.0 2.0 1.0 4.0
500 60.0 60.0 2.0 1.0 4.0
501 60.0 60.0 2.0 1.0 4.0
502 60.0 60.0 2.0 1.0 4.0
503 60.0 60.0 2.0 1.0 4.0
504 60.0 60.0 2.0 1.0 4.0
505 60.0 60.0 2.0 1.0 4.0
506 60.0 60.0 2.0 1.0 4.0
507 60.0 60.0 2.0 1.0 4.0
508 60.0 60.0 2.0 1.0 4.0
509 60.0 60.0 2.0 1.0 4.0
510 60.0 60.0 2.0 1.0 4.0
511 60.0 60.0 2.0 1.0 4.0
512 60.0 60.0 2.0 1.0 4.0
513 60.0 60.0 2.0 1.0 4.0
514 60.0 60.0 2.0 1.0 4.0
515 60.0 60.0 2.0 1.0 4.0
516 60.0 60.0 2.0 1.0 4.0
517 60.0 60.0 2.0 1.0 4.0
518 60.0 60.0 2.0 1.0 4.0
519 60.0 60.0 2.0 1.0 4.0
520 60.0 60.0 2.0 1.0 4.0
521 60.0 60.0 2.0 1.0 4.0
522 60.0 60.0 2.0 1.0 4.0
523 60.0 60.0 2.0 1.0 4.0
524 60.0 60.0 2.0 1.0 4.0
525 60.0 60.0 2.0 1.0 4.0
526 60.0 60.0 2.0 1.0 4.0
527 60.0 60.0 2.0 1.0 4.0
528 60.0 60.0 2.0 1.0 4.0
529 60.0 60.0 2.0 1.0 4.0
530 60.0 60.0 2.0 1.0 4.0
531 60.0 60.0 2.0 1.0 4.0
532 60.0 60.0 2.0 1.0 4.0
533 60.0 60.0 2.0 1.0 4.0
534 60.0 60.0 2.0 1.0 4.0
535 60.0 60.0 2.0 1.0 4.0
536 60.0 60.0 2.0 1.0 4.0
537 60.0 60.0 2.0 1.0 4.0
538 60.0 60.0 2.0 1.0 4.0
539 60.0 60.0 2.0 1.0 4.0
540 60.0 60.0 2.0 1.0 4.0
541 60.0 60.0 2.0 1.0 4.0
542 60.0 60.0 2.0 1.0 4.0
543 60.0 60.0 2.0 1.0 4.0
544 60.0 60.0 2.0 1.0 4.0
545 60.0 60.0 2.0 1.0 4.0
546 60.0 60.0 2.0 1.0 4.0
547 60.0 60.0 2.0 1.0 4.0
548 60.0 60.0 2.0 1.0 4.0
549 60.0 60.0 2.0 1.0 4.0
550 60.0 60.0 2.0 1.0 4.0
551 60.0 60.0 2.0 1.0 4.0
552 60.0 60.0 2.0 1.0 4.0
553 60.0 60.0 2.0 1.0 4.0
554 60.0 60.0 2.0 1.0 4.0
555 60.0 60.0 2.0 1.0 4.0
556 60.0 60.0 2.0 1.0 4.0
557 60.0 60.0 2.0 1.0 4.0
558 60.0 60.0 2.0 1.0 4.0
559 60.0 60.0 2.0 1.0 4.0
560 60.0 60.0 2.0 1.0 4.0
561 60.0 60.0 2.0 1.0 4.0
562 60.0 60.0 2.0 1.0 4.0
563 60.0 60.0 2.0 1.0 4.0
564 60.0 60.0 2.0 1.0 4.0
565 60.0 60.0 2.0 1.0 4.0
566 60.0 60.0 2.0 1.0 4.0
567 60.0 60.0 2.0 1.0 4.0
568 60.0 60.0 2.0 1.0 4.0
569 60.0 60.0 2.0 1.0 4.0
570 60.0 60.0 2.0 1.0 4.0
571 60.0 60.0 2.0 1.0 4.0
572 60.0 60.0 2.0 1.0 4.0
573 60.0 60.0 2.0 1.0 4.0
574 60.0 60.0 2.0 1.0 4.0
575 60.0 60.0 2.0 1.0 4.0
576 60.0 60.0 2.0 1.0 4.0
577 60.0 60.0 2.0 1.0 4.0
578 60.0 60.0 2.0 1.0 4.0
579 60.0 60.0 2.0 1.0 4.0
580 60.0 60.0 2.0 1.0 4.0
581 60.0 60.0 2.0 1.0 4.0
582 60.0 60.0 2.0 1.0 4.0
583 60.0 60.0 2.0 1.0 4.0
584 60.0 60.0 2.0 1.0 4.0
585 60.0 60.0 2.0 1.0 4.0
586 60.0 60.0 2.0 1.0 4.0
587 60.0 60.0 2.0 1.0 4.0
588 60.0 60.0 2.0 1.0 4.0
589 60.0 60.0 2.0 1.0 4.0
590 60.0 60.0 2.0 1.0 4.0
591 60.0 60.0 2.0 1.0 4.0
592 60.0 60.0 2.0 1.0 4.0
593 60.0 60.0 2.0 1.0 4.0
594 60.0 60.0 2.0 1.0 4.0
595 60.0 60.0 2.0 1.0 4.0
596 60.0 60.0 2.0 1.0 4.0
597 60.0 60.0 2.0 1.0 4.0
598 60.0 60.0 2.0 1.0 4.0
599 60.0 60.0 2.0 1.0 4.0
600 60.0 60.0 2.0 1.0 4.0
601 60.0 60.0 2.0 1.0 4.0
602 60.0 60.0 2.0 1.0 4.0
603 60.0 60.0 2.0 1.0 4.0
604 60.0 60.0 2.0 1.0 4.0
605 60.0 60.0 2.0 1.0 4.0
606 60.0 60.0 2.0 1.0 4.0
607 60.0 60.0 2.0 1.0 4.0
608 60.0 60.0 2.0 1.0 4.0
609 60.0 60.0 2.0 1.0 4.0
610 60.0 60.0 2.0 1.0 4.0
611 60.0 60.0 2.0 1.0 4.0
612 60.0 60.0 2.0 1.0 4.0
613 60.0 60.0 2.0 1.0 4.0
614 60.0 60.0 2.0 1.0 4.0
615 60.0 60.0 2.0 1.0 4.0
616 60.0 60.0 2.0 1.0 4.0
617 60.0 60.0 2.0 1.0 4.0
618 60.0 60.0 2.0 1.0 4.0
619 60.0 60.0 2.0 1.0 4.0
620 60.0 60.0 2.0 1.0 4.0
621 60.0 60.0 2.0 1.0 4.0
622 60.0 60.0 2.0 1.0 4.0
623 60.0 60.0 2.0 1.0 4.0
624 60.0 60.0 2.0 1.0 4.0
625 60.0 60.0 2.0 1.0 4.0
626 60.0 60.0 2.0 1.0 4.0
627 60.0 60.0 2.0 1.0 4.0
628 60.0 60.0 2.0 1.0 4.0
629 60.0 60.0 2.0 1.0 4.0
630 60.0 60.0 2.0 1.0 4.0
631 60.0 60.0 2.0 1.0 4.0
632 60.0 60.0 2.0 1.0 4.0
633 60.0 60.0 2.0 1.0 4.0
634 60.0 60.0 2.0 1.0 4.0
635 60.0 60.0 2.0 1.0 4.0
636 60.0 60.0 2.0 1.0 4.0
637 60.0 60.0 2.0 1.0 4.0
638 60.0 60.0 2.0 1.0 4.0
639 60.0 60.0 2.0 1.0 4.0
640 60.0 60.0 2.0 1.0 4.0
641 60.0 60.0 2.0 1.0 4.0
642 60.0 60.0 2.0 1.0 4.0
643 60.0 60.0 2.0 1.0 4.0
644 60.0 60.0 2.0 1.0 4.0
645 60.0 60.0 2.0 1.0 4.0
646 60.0 60.0 2.0 1.0 4.0
647 60.0 60.0 2.0 1.0 4.0
648 60.0 60.0 2.0 1.0 4.0
649 60.0 60.0 2.0 1.0 4.0
650 60.0 60.0 2.0 1.0 4.0
651 60.0 60.0 2.0 1.0 4.0
652 60.0 60.0 2.0 1.0 4.0
653 60.0 60.0 2.0 1.0 4.0
654 60.0 60.0 2.0 1.0 4.0
655 60.0 60.0 2.0 1.0 4.0
656 60.0 60.0 2.0 1.0 4.0
657 60.0 60.0 2.0 1.0 4.0
658 60.0 60.0 2.0 1.0 4.0
659 60.0 60.0 2.0 1.0 4.0
660 60.0 60.0 2.0 1.0 4.0
661 60.0 60.0 2.0 1.0 4.0
662 60.0 60.0 2.0 1.0 4.0
663 60.0 60.0 2.0 1.0 4.0
664 60.0 60.0 2.0 1.0 4.0
665 60.0 60.0 2.0 1.0 4.0
666 60.0 60.0 2.0 1.0 4.0
667 60.0 60.0 2.0 1.0 4.0
668 60.0 60.0 2.0 1.0 4.0
669 60.0 60.0 2.0 1.0 4.0
670 60.0 60.0 2.0 1.0 4.0
671 60.0 60.0 2.0 1.0 4.0
672 60.0 60.0 2.0 1.0 4.0
673 60.0 60.0 2.0 1.0 4.0
674 60.0 60.0 2.0 1.0 4.0
675 60.0 60.0 2.0 1.0 4.0
676 60.0 60.0 2.0 1.0 4.0
677 60.0 60.0 2.0 1.0 4.0
678 60.0 60.0 2.0 1.0 4.0
679 60.0 60.0 2.0 1.0 4.0
680 60.0 60.0 2.0 1.0 4.0
681 60.0 60.0 2.0 1.0 4.0
682 60.0 60.0 2.0 1.0 4.0
683 60.0 60.0 2.0 1.0 4.0
684 60.0 60.0 2.0 1.0 4.0
685 60.0 60.0 2.0 1.0 4.0
686 60.0 60.0 2.0 1.0 4.0
687 60.0 60.0 2.0 1.0 4.0
688 60.0 60.0 2.0 1.0 4.0
689 60.0 60.0 2.0 1.0 4.0
690 60.0 60.0 2.0 1.0 4.0
691 60.0 60.0 2.0 1.0 4.0
692 60.0 60.0 2.0 1.0 4.0
693 60.0 60.0 2.0 1.0 4.0
694 60.0 60.0 2.0 1.0 4.0
695 60.0 60.0 2.0 1.0 4.0
696 60.0 60.0 2.0 1.0 4.0
697 60.0 60.0 2.0 1.0 4.0
698 60.0 60.0 2.0 1.0 4.0
699 60.0 60.0 2.0 1.0 4.0
700 60.0 60.0 2.0 1.0 4.0
701 60.0 60.0 2.0 1.0 4.0
702 60.0 60.0 2.0 1.0 4.0
703 60.0 60.0 2.0 1.0 4.0
704 60.0 60.0 2.0 1.0 4.0
705 60.0 60.0 2.0 1.0 4.0
706 60.0 60.0 2.0 1.0 4.0
707 60.0 60.0 2.0 1.0 4.0
708 60.0 60.0 2.0 1.0 4.0
709 60.0 60.0 2.0 1.0 4.0
710 60.0 60.0 2.0 1.0 4.0
711 60.0 60.0 2.0 1.0 4.0
712 60.0 60.0 2.0 1.0 4.0
713 60.0 60.0 2.0 1.0 4.0
714 60.0 60.0 2.0 1.0 4.0
715 60.0 60.0 2.0 1.0 4.0
716 60.0 60.0 2.0 1.0 4.0
717 60.0 60.0 2.0 1.0 4.0
718 60.0 60.0 2.0 1.0 4.0
719 60.0 60.0 2.0 1.0 4.0
720 60.0 60.0 2.0 1.0 4.0
721 60.0 60.0 2.0 1.0 4.0
722 60.0 60.0 2.0 1.0 4.0
723 60.0 60.0 2.0 1.0 4.0
724 60.0 60.0 2.0 1.0 4.0
725 60.0 60.0 2.0 1.0 4.0
726 60.0 60.0 2.0 1.0 4.0
727 60.0 60.0 2.0 1.0 4.0
728 60.0 60.0 2.0 1.0 4.0
729 60.0 60.0 2.0 1.0 4.0
730 60.0 60.0 2.0 1.0 4.0
731 60.0 60.0 2.0 1.0 4.0
732 60.0 60.0 2.0 1.0 4.0
733 60.0 60.0 2.0 1.0 4.0
734 60.0 60.0 2.0 1.0 4.0
735 60.0 60.0 2.0 1.0 4.0
736 60.0 60.0 2.0 1.0 4.0
737 60.0 60.0 2.0 1.0 4.0
738 60.0 60.0 2.0 1.0 4.0
739 60.0 60.0 2.0 1.0 4.0
740 60.0 60.0 2.0 1.0 4.0
741 60.0 60.0 2.0 1.0 4.0
742 60.0 60.0 2.0 1.0 4.0
743 60.0 60.0 2.0 1.0 4.0
744 60.0 60.0 2.0 1.0 4.0
745 60.0 60.0 2.0 1.0 4.0
746 60.0 60.0 2.0 1.0 4.0
747 60.0 60.0 2.0 1.0 4.0
748 60.0 60.0 2.0 1.0 4.0
749 60.0 60.0 2.0 1.0 4.0
750 60.0 60.0 2.0 1.0 4.0
751 60.0 60.0 2.0 1.0 4.0
752 60.0 60.0 2.0 1.0 4.0
753 60.0 60.0 2.0 1.0 4.0
754 60.0 60.0 2.0 1.0 4.0
755 60.0 60.0 2.0 1.0 4.0
756 60.0 60.0 2.0 1.0 4.0
757 60.0 60.0 2.0 1.0 4.0
758 60.0 60.0 2.0 1.0 4.0
759 60.0 60.0 2.0 1.0 4.0
760 60.0 60.0 2.0 1.0 4.0
761 60.0 60.0 2.0 1.0 4.0
762 60.0 60.0 2.0 1.0 4.0
763 60.0 60.0 2.0 1.0 4.0
764 60.0 60.0 2.0 1.0 4.0
765 60.0 60.0 2.0 1.0 4.0
766 60.0 60.0 2.0 1.0 4.0
767 60.0 60.0 2.0 1.0 4.0
768 60.0 60.0 2.0 1.0 4.0
769 60.0 60.0 2.0 1.0 4.0
770 60.0 60.0 2.0 1.0 4.0
771 60.0 60.0 2.0 1.0 4.0
772 60.0 60.0 2.0 1.0 4.0
773 60.0 60.0 2.0 1.0 4.0
774 60.0 60.0 2.0 1.0 4.0
775 60.0 60.0 2.0 1.0 4.0
776 60.0 60.0 2.0 1.0 4.0
777 60.0 60.0 2.0 1.0 4.0
778 60.0 60.0 2.0 1.0 4.0
779 60.0 60.0 2.0 1.0 4.0
780 60.0 60.0 2.0 1.0 4.0
781 60.0 60.0 2.0 1.0 4.0
782 60.0 60.0 2.0 1.0 4.0
783 60.0 60.0 2.0 1.0 4.0
784 60.0 60.0 2.0 1.0 4.0
785 60.0 60.0 2.0 1.0 4.0
786 60.0 60.0 2.0 1.0 4.0
787 60.0 60.0 2.0 1.0 4.0
788 60.0 60.0 2.0 1.0 4.0
789 60.0 60.0 2.0 1.0 4.0
790 60.0 60.0 2.0 1.0 4.0
791 60.0 60.0 2.0 1.0 4.0
792 60.0 60.0 2.0 1.0 4.0
793 60.0 60.0 2.0 1.0 4.0
794 60.0 60.0 2.0 1.0 4.0
795 60.0 60.0 2.0 1.0 4.0
796 60.0 60.0 2.0 1.0 4.0
797 60.0 60.0 2.0 1.0 4.0
798 60.0 60.0 2.0 1.0 4.0
799 60.0 60.0 2.0 1.0 4.0
800 60.0 60.0 2.0 1.0 4.0
801 60.0 60.0 2.0 1.0 4.0
802 60.0 60.0 2.0 1.0 4.0
803 60.0 60.0 2.0 1.0 4.0
804 60.0 60.0 2.0 1.0 4.0
805 60.0 60.0 2.0 1.0 4.0
806 60.0 60.0 2.0 1.0 4.0
807 60.0 60.0 2.0 1.0 4.0
808 60.0 60.0 2.0 1.0 4.0
809 60.0 60.0 2.0 1.0 4.0
810 60.0 60.0 2.0 1.0 4.0
811 60.0 60.0 2.0 1.0 4.0
812 60.0 60.0 2.0 1.0 4.0
813 60.0 60.0 2.0 1.0 4.0
814 60.0 60.0 2.0 1.0 4.0
815 60.0 60.0 2.0 1.0 4.0
816 60.0 60.0 2.0 1.0 4.0
817 60.0 60.0 2.0 1.0 4.0
818 60.0 60.0 2.0 1.0 4.0
819 60.0 60.0 2.0 1.0 4.0
820 60.0 60.0 2.0 1.0 4.0
821 60.0 60.0 2.0 1.0 4.0
822 60.0 60.0 2.0 1.0 4.0
823 60.0 60.0 2.0 1.0 4.0
824 60.0 60.0 2.0 1.0 4.0
825 60.0 60.0 2.0 1.0 4.0
826 60.0 60.0 2.0 1.0 4.0
827 60.0 60.0 2.0 1.0 4.0
828 60.0 60.0 2.0 1.0 4.0
829 60.0 60.0 2.0 1.0 4.0
830 60.0 60.0 2.0 1.0 4.0
831 60.0 60.0 2.0 1.0 4.0
832 60.0 60.0 2.0 1.0 4.0
833 60.0 60.0 2.0 1.0 4.0
834 60.0 60.0 2.0 1.0 4.0
835 60.0 60.0 2.0 1.0 4.0
836 60.0 60.0 2.0 1.0 4.0
837 60.0 60.0 2.0 1.0 4.0
838 60.0 60.0 2.0 1.0 4.0
839 60.0 60.0 2.0 1.0 4.0
840 60.0 60.0 2.0 1.0 4.0
841 60.0 60.0 2.0 1.0 4.0
842 60.0 60.0 2.0 1.0 4.0
843 60.0 60.0 2.0 1.0 4.0
844 60.0 60.0 2.0 1.0 4.0
845 60.0 60.0 2.0 1.0 4.0
846 60.0 60.0 2.0 1.0 4.0
847 60.0 60.0 2.0 1.0 4.0
848 60.0 60.0 2.0 1.0 4.0
849 60.0 60.0 2.0 1.0 4.0
850 60.0 60.0 2.0 1.0 4.0
851 60.0 60.0 2.0 1.0 4.0
852 60.0 60.0 2.0 1.0 4.0
853 60.0 60.0 2.0 1.0 4.0
854 60.0 60.0 2.0 1.0 4.0
855 60.0 60.0 2.0 1.0 4.0
856 60.0 60.0 2.0 1.0 4.0
857 60.0 60.0 2.0 1.0 4.0
858 60.0 60.0 2.0 1.0 4.0
859 60.0 60.0 2.0 1.0 4.0
860 60.0 60.0 2.0 1.0 4.0
861 60.0 60.0 2.0 1.0 4.0
862 60.0 60.0 2.0 1.0 4.0
863 60.0 60.0 2.0 1.0 4.0
864 60.0 60.0 2.0 1.0 4.0
865 60.0 60.0 2.0 1.0 4.0
866 60.0 60.0 2.0 1.0 4.0
867 60.0 60.0 2.0 1.0 4.0
868 60.0 60.0 2.0 1.0 4.0
869 60.0 60.0 2.0 1.0 4.0
870 60.0 60.0 2.0 1.0 4.0
871 60.0 60.0 2.0 1.0 4.0
872 60.0 60.0 2.0 1.0 4.0
873 60.0 60.0 2.0 1.0 4.0
874 60.0 60.0 2.0 1.0 4.0
875 60.0 60.0 2.0 1.0 4.0
876 60.0 60.0 2.0 1.0 4.0
877 60.0 60.0 2.0 1.0 4.0
878 60.0 60.0 2.0 1.0 4.0
879 60.0 60.0 2.0 1.0 4.0
880 60.0 60.0 2.0 1.0 4.0
881 60.0 60.0 2.0 1.0 4.0
882 60.0 60.0 2.0 1.0 4.0
883 60.0 60.0 2.0 1.0 4.0
884 60.0 60.0 2.0 1.0 4.0
885 60.0 60.0 2.0 1.0 4.0
886 60.0 60.0 2.0 1.0 4.0
887 60.0 60.0 2.0 1.0 4.0
888 60.0 60.0 2.0 1.0 4.0
889 60.0 60.0 2.0 1.0 4.0
890 60.0 60.0 2.0 1.0 4.0
891 60.0 60.0 2.0 1.0 4.0
892 60.0 60.0 2.0 1.0 4.0
893 60.0 60.0 2.0 1.0 4.0
894 60.0 60.0 2.0 1.0 4.0
895 60.0 60.0 2.0 1.0 4.0
896 60.0 60.0 2.0 1.0 4.0
897 60.0 60.0 2.0 1.0 4.0
898 60.0 60.0 2.0 1.0 4.0
899 60.0 60.0 2.0 1.0 4.0
900 60.0 60.0 2.0 1.0 4.0
901 60.0 60.0 2.0 1.0 4.0
902 60.0 60.0 2.0 1.0 4.0
903 60.0 60.0 2.0 1.0 4.0
904 60.0 60.0 2.0 1.0 4.0
905 60.0 60.0 2.0 1.0 4.0
906 60.0 60.0 2.0 1.0 4.0
907 60.0 60.0 2.0 1.0 4.0
908 60.0 60.0 2.0 1.0 4.0
909 60.0 60.0 2.0 1.0 4.0
910 60.0 60.0 2.0 1.0 4.0
911 60.0 60.0 2.0 1.0 4.0
912 60.0 60.0 2.0 1.0 4.0
913 60.0 60.0 2.0 1.0 4.0
914 60.0 60.0 2.0 1.0 4.0
915 60.0 60.0 2.0 1.0 4.0
916 60.0 60.0 2.0 1.0 4.0
917 60.0 60.0 2.0 1.0 4.0
918 60.0 60.0 2.0 1.0 4.0
919 60.0 60.0 2.0 1.0 4.0
920 60.0 60.0 2.0 1.0 4.0
921 60.0 60.0 2.0 1.0 4.0
922 60.0 60.0 2.0 1.0 4.0
923 60.0 60.0 2.0 1.0 4.0
924 60.0 60.0 2.0 1.0 4.0
925 60.0 60.0 2.0 1.0 4.0
926 60.0 60.0 2.0 1.0 4.0
927 60.0 60.0 2.0 1.0 4.0
928 60.0 60.0 2.0 1.0 4.0
929 60.0 60.0 2.0 1.0 4.0
930 60.0 60.0 2.0 1.0 4.0
931 60.0 60.0 2.0 1.0 4.0
932 60.0 60.0 2.0 1.0 4.0
933 60.0 60.0 2.0 1.0 4.0
934 60.0 60.0 2.0 1.0 4.0
935 60.0 60.0 2.0 1.0 4.0
936 60.0 60.0 2.0 1.0 4.0
937 60.0 60.0 2.0 1.0 4.0
938 60.0 60.0 2.0 1.0 4.0
939 60.0 60.0 2.0 1.0 4.0
940 60.0 60.0 2.0 1.0 4.0
941 60.0 60.0 2.0 1.0 4.0
942 60.0 60.0 2.0 1.0 4.0
943 60.0 60.0 2.0 1.0 4.0
944 60.0 60.0 2.0 1.0 4.0
945 60.0 60.0 2.0 1.0 4.0
946 60.0 60.0 2.0 1.0 4.0
947 60.0 60.0 2.0 1.0 4.0
948 60.0 60.0 2.0 1.0 4.0
949 60.0 60.0 2.0 1.0 4.0
950 60.0 60.0 2.0 1.0 4.0
951 60.0 60.0 2.0 1.0 4.0
952 60.0 60.0 2.0 1.0 4.0
953 60.0 60.0 2.0 1.0 4.0
954 60.0 60.0 2.0 1.0 4.0
955 60.0 60.0 2.0 1.0 4.0
956 60.0 60.0 2.0 1.0 4.0
957 60.0 60.0 2.0 1.0 4.0
958 60.0 60.0 2.0 1.0 4.0
959 60.0 60.0 2.0 1.0 4.0
960 60.0 60.0 2.0 1.0 4.0
961 60.0 60.0 2.0 1.0 4.0
962 60.0 60.0 2.0 1.0 4.0
963 60.0 60.0 2.0 1.0 4.0
964 60.0 60.0 2.0 1.0 4.0
965 60.0 60.0 2.0 1.0 4.0
966 60.0 60.0 2.0 1.0 4.0
967 60.0 60.0 2.0 1.0 4.0
968 60.0 60.0 2.0 1.0 4.0
969 60.0 60.0 2.0 1.0 4.0
970 60.0 60.0 2.0 1.0 4.0
971 60.0 60.0 2.0 1.0 4.0
972 60.0 60.0 2.0 1.0 4.0
973 60.0 60.0 2.0 1.0 4.0
974 60.0 60.0 2.0 1.0 4.0
975 60.0 60.0 2.0 1.0 4.0
976 60.0 60.0 2.0 1.0 4.0
977 60.0 60.0 2.0 1.0 4.0
978 60.0 60.0 2.0 1.0 4.0
979 60.0 60.0 2.0 1.0 4.0
980 60.0 60.0 2.0 1.0 4.0
981 60.0 60.0 2.0 1.0 4.0
982 60.0 60.0 2.0 1.0 4.0
983 60.0 60.0 2.0 1.0 4.0
984 60.0 60.0 2.0 1.0 4.0
985 60.0 60.0 2.0 1.0 4.0
986 60.0 60.0 2.0 1.0 4.0
987 60.0 60.0 2.0 1.0 4.0
988 60.0 60.0 2.0 1.0 4.0
989 60.0 60.0 2.0 1.0 4.0
990 60.0 60.0 2.0 1.0 4.0
991 60.0 60.0 2.0 1.0 4.0
992 60.0 60.0 2.0 1.0 4.0
993 60.0 60.0 2.0 1.0 4.0
994 60.0 60.0 2.0 1.0 4.0
995 60.0 60.0 2.0 1.0 4.0
996 60.0 60.0 2.0 1.0 4.0
997 60.0 60.0 2.0 1.0 4.0
998 60.0 60.0 2.0 1.0 4.0
999 60.0 60.0 2.0 1.0 4.0
1000 60.0 60.0 2.0 1.0 4.0
