gen HV HVnoDiscount fitness_notKilledMutants notKilledNonEqMutants fitness_testSuiteSize
1 8.640625 7.0 8.765625 8.0 3.0
2 9.392578125 7.0 8.658203125 8.0 3.0
3 9.5361328125 7.0 8.6376953125 8.0 3.0
4 10.08984375 7.0 8.6103515625 8.0 3.0
5 10.08984375 7.0 8.6103515625 8.0 3.0
6 10.1103515625 7.0 8.5556640625 8.0 3.0
7 10.1103515625 7.0 8.5556640625 8.0 3.0
8 10.349609375 7.0 8.521484375 8.0 3.0
9 10.349609375 7.0 8.521484375 8.0 3.0
10 10.541015625 7.0 8.494140625 8.0 3.0
11 10.541015625 7.0 8.494140625 8.0 3.0
12 10.8759765625 7.0 8.4462890625 8.0 3.0
13 10.9580078125 7.0 8.4462890625 8.0 3.0
14 10.9580078125 7.0 8.4462890625 8.0 3.0
15 10.9580078125 7.0 8.4462890625 8.0 3.0
16 10.9580078125 7.0 8.4462890625 8.0 3.0
17 10.9580078125 7.0 8.4462890625 8.0 3.0
18 11.494140625 7.0 8.4375 8.0 3.0
19 11.494140625 7.0 8.4375 8.0 3.0
20 11.494140625 7.0 8.419921875 8.0 3.0
21 11.494140625 7.0 8.419921875 8.0 3.0
22 11.494140625 7.0 8.40234375 8.0 3.0
23 11.494140625 7.0 8.40234375 8.0 3.0
24 11.494140625 7.0 8.390625 8.0 3.0
25 11.494140625 7.0 8.390625 8.0 3.0
26 12.349609375 7.0 8.33203125 8.0 3.0
27 12.349609375 7.0 8.314453125 8.0 3.0
28 12.349609375 7.0 8.314453125 8.0 3.0
29 12.349609375 7.0 8.30859375 8.0 3.0
30 12.349609375 7.0 8.30859375 8.0 3.0
31 18.23828125 14.0 7.39453125 7.0 3.0
32 18.23828125 14.0 7.39453125 7.0 3.0
33 18.23828125 14.0 7.39453125 7.0 3.0
34 18.4091796875 14.0 7.3701171875 7.0 3.0
35 18.4091796875 14.0 7.3701171875 7.0 3.0
36 18.4775390625 14.0 7.3603515625 7.0 3.0
37 18.4775390625 14.0 7.3603515625 7.0 3.0
38 18.6142578125 14.0 7.3408203125 7.0 3.0
39 18.6142578125 14.0 7.3408203125 7.0 3.0
40 18.7509765625 14.0 7.3212890625 7.0 3.0
41 18.7509765625 14.0 7.3212890625 7.0 3.0
42 18.9560546875 14.0 7.2919921875 7.0 3.0
43 18.9560546875 14.0 7.2919921875 7.0 3.0
44 20.7470703125 15.0 7.2822265625 7.0 3.0
45 20.7470703125 15.0 7.2626953125 7.0 4.0
46 20.7470703125 15.0 7.2626953125 7.0 4.0
47 20.7470703125 15.0 7.2578125 7.0 4.0
48 20.78125 16.0 7.2578125 7.0 4.0
49 20.78125 16.0 7.2578125 7.0 4.0
50 20.78125 16.0 7.2578125 7.0 4.0
51 20.78125 16.0 7.2578125 7.0 4.0
52 20.78125 16.0 7.2578125 7.0 4.0
53 20.78125 16.0 7.2578125 7.0 4.0
54 20.78125 16.0 7.2578125 7.0 4.0
55 20.78125 16.0 7.2578125 7.0 4.0
56 20.78125 16.0 7.2578125 7.0 4.0
57 20.78125 16.0 7.2578125 7.0 4.0
58 20.78125 16.0 7.2578125 7.0 4.0
59 20.78125 16.0 7.2578125 7.0 4.0
60 20.78125 16.0 7.2578125 7.0 4.0
61 20.78125 16.0 7.2578125 7.0 4.0
62 20.78125 16.0 7.2578125 7.0 4.0
63 20.78125 16.0 7.2578125 7.0 4.0
64 20.78125 16.0 7.2578125 7.0 4.0
65 20.78125 16.0 7.2578125 7.0 4.0
66 20.78125 16.0 7.2578125 7.0 4.0
67 20.78125 16.0 7.2578125 7.0 4.0
68 20.78125 16.0 7.2578125 7.0 4.0
69 23.0927734375 19.0 6.4169921875 6.0 4.0
70 23.0927734375 19.0 6.4169921875 6.0 4.0
71 23.0927734375 19.0 6.4169921875 6.0 4.0
72 23.0927734375 19.0 6.4169921875 6.0 4.0
73 23.0927734375 19.0 6.4169921875 6.0 4.0
74 23.0927734375 19.0 6.4169921875 6.0 4.0
75 23.0927734375 19.0 6.4169921875 6.0 4.0
76 23.0927734375 19.0 6.4169921875 6.0 4.0
77 23.0927734375 19.0 6.4169921875 6.0 4.0
78 23.0927734375 19.0 6.4169921875 6.0 4.0
79 23.0927734375 19.0 6.4169921875 6.0 4.0
80 23.0927734375 19.0 6.4169921875 6.0 4.0
81 23.0927734375 19.0 6.4169921875 6.0 4.0
82 23.0927734375 19.0 6.4169921875 6.0 4.0
83 23.0927734375 19.0 6.4169921875 6.0 4.0
84 23.0927734375 19.0 6.4169921875 6.0 4.0
85 23.0927734375 19.0 6.4169921875 6.0 4.0
86 23.0927734375 19.0 6.4169921875 6.0 4.0
87 23.0927734375 19.0 6.4169921875 6.0 4.0
88 23.0927734375 19.0 6.4169921875 6.0 4.0
89 23.0927734375 19.0 6.4169921875 6.0 4.0
90 23.0927734375 19.0 6.4169921875 6.0 4.0
91 23.0927734375 19.0 6.4169921875 6.0 4.0
92 23.0927734375 19.0 6.4169921875 6.0 4.0
93 23.0927734375 19.0 6.4169921875 6.0 4.0
94 23.0927734375 19.0 6.4169921875 6.0 4.0
95 23.0927734375 19.0 6.4169921875 6.0 4.0
96 23.0927734375 19.0 6.4169921875 6.0 4.0
97 23.0927734375 19.0 6.4169921875 6.0 4.0
98 23.0927734375 19.0 6.4169921875 6.0 4.0
99 23.0927734375 19.0 6.4169921875 6.0 4.0
100 23.0927734375 19.0 6.4169921875 6.0 4.0
101 23.0927734375 19.0 6.4169921875 6.0 4.0
102 23.0927734375 19.0 6.4169921875 6.0 4.0
103 23.0927734375 19.0 6.4169921875 6.0 4.0
104 23.0927734375 19.0 6.4169921875 6.0 4.0
105 23.0927734375 19.0 6.4169921875 6.0 4.0
106 26.126953125 21.0 6.267578125 6.0 3.0
107 26.126953125 21.0 6.267578125 6.0 3.0
108 27.9296875 22.0 6.2587890625 6.0 3.0
109 27.9296875 22.0 6.2587890625 6.0 3.0
110 27.9296875 22.0 6.25 6.0 3.0
111 27.9296875 22.0 6.25 6.0 3.0
112 27.9296875 22.0 6.244140625 6.0 3.0
113 27.9296875 22.0 6.244140625 6.0 3.0
114 27.9296875 22.0 6.232421875 6.0 3.0
115 27.9296875 22.0 6.232421875 6.0 3.0
116 27.9296875 22.0 6.2265625 6.0 3.0
117 27.9296875 22.0 6.2265625 6.0 3.0
118 27.9296875 22.0 6.2236328125 6.0 3.0
119 27.9296875 22.0 6.2236328125 6.0 3.0
120 27.9296875 22.0 6.2236328125 6.0 3.0
121 27.9296875 22.0 6.21484375 6.0 3.0
122 37.171875 30.0 5.203125 5.0 3.0
123 37.171875 30.0 5.203125 5.0 3.0
124 37.171875 30.0 5.19140625 5.0 3.0
125 37.171875 30.0 5.19140625 5.0 3.0
126 37.171875 30.0 5.1884765625 5.0 3.0
127 37.171875 30.0 5.1884765625 5.0 3.0
128 37.171875 30.0 5.1884765625 5.0 3.0
129 37.171875 30.0 5.1826171875 5.0 3.0
130 37.171875 30.0 5.1826171875 5.0 3.0
131 37.171875 30.0 5.1826171875 5.0 3.0
132 37.171875 30.0 5.1650390625 5.0 3.0
133 37.171875 30.0 5.1650390625 5.0 3.0
134 37.171875 30.0 5.15625 5.0 3.0
135 37.171875 30.0 5.15625 5.0 3.0
136 37.171875 30.0 5.14453125 5.0 3.0
137 37.171875 30.0 5.14453125 5.0 3.0
138 41.029296875 35.0 4.138671875 4.0 3.0
139 41.029296875 35.0 4.138671875 4.0 3.0
140 41.029296875 35.0 4.138671875 4.0 3.0
141 41.111328125 35.0 4.126953125 4.0 3.0
142 41.111328125 35.0 4.126953125 4.0 3.0
143 41.1728515625 35.0 4.1181640625 4.0 3.0
144 41.1728515625 35.0 4.1181640625 4.0 3.0
145 46.1953125 39.0 4.1005859375 4.0 3.0
146 46.1953125 39.0 4.1005859375 4.0 3.0
147 46.1953125 39.0 4.0830078125 4.0 3.0
148 46.1953125 39.0 4.0830078125 4.0 3.0
149 46.1953125 39.0 4.0830078125 4.0 3.0
150 46.1953125 39.0 4.0712890625 4.0 3.0
151 52.4130859375 49.0 3.689453125 3.0 2.0
152 52.4130859375 49.0 3.689453125 3.0 2.0
153 52.4130859375 49.0 3.689453125 3.0 2.0
154 52.4130859375 49.0 3.689453125 3.0 2.0
155 52.4130859375 49.0 3.689453125 3.0 2.0
156 52.4130859375 49.0 3.689453125 3.0 2.0
157 52.4130859375 49.0 3.689453125 3.0 2.0
158 52.4130859375 49.0 3.689453125 3.0 2.0
159 52.4130859375 49.0 3.689453125 3.0 2.0
160 52.4130859375 49.0 3.689453125 3.0 2.0
161 52.4130859375 49.0 3.689453125 3.0 2.0
162 52.4130859375 49.0 3.689453125 3.0 2.0
163 52.4130859375 49.0 3.689453125 3.0 2.0
164 52.4130859375 49.0 3.689453125 3.0 2.0
165 52.4130859375 49.0 3.689453125 3.0 2.0
166 52.4130859375 49.0 3.689453125 3.0 2.0
167 52.4130859375 49.0 3.689453125 3.0 2.0
168 52.4130859375 49.0 3.689453125 3.0 2.0
169 52.4130859375 49.0 3.689453125 3.0 2.0
170 52.4130859375 49.0 3.689453125 3.0 2.0
171 52.4130859375 49.0 3.689453125 3.0 2.0
172 52.4130859375 49.0 3.689453125 3.0 2.0
173 52.4130859375 49.0 3.689453125 3.0 2.0
174 52.4130859375 49.0 3.689453125 3.0 2.0
175 52.4130859375 49.0 3.689453125 3.0 2.0
176 52.4130859375 49.0 3.689453125 3.0 2.0
177 52.4130859375 49.0 3.689453125 3.0 2.0
178 52.4130859375 49.0 3.689453125 3.0 2.0
179 52.4130859375 49.0 3.689453125 3.0 2.0
180 52.4130859375 49.0 3.689453125 3.0 2.0
181 52.4130859375 49.0 3.689453125 3.0 2.0
182 52.4130859375 49.0 3.689453125 3.0 2.0
183 52.4130859375 49.0 3.689453125 3.0 2.0
184 52.4130859375 49.0 3.689453125 3.0 2.0
185 52.4130859375 49.0 3.689453125 3.0 2.0
186 52.4130859375 49.0 3.689453125 3.0 2.0
187 52.4130859375 49.0 3.689453125 3.0 2.0
188 52.4130859375 49.0 3.689453125 3.0 2.0
189 52.4130859375 49.0 3.689453125 3.0 2.0
190 52.4130859375 49.0 3.689453125 3.0 2.0
191 52.4130859375 49.0 3.689453125 3.0 2.0
192 52.4130859375 49.0 3.689453125 3.0 2.0
193 52.4130859375 49.0 3.689453125 3.0 2.0
194 52.4130859375 49.0 3.689453125 3.0 2.0
195 52.4130859375 49.0 3.689453125 3.0 2.0
196 52.4130859375 49.0 3.689453125 3.0 2.0
197 52.4130859375 49.0 3.689453125 3.0 2.0
198 52.4130859375 49.0 3.689453125 3.0 2.0
199 52.4130859375 49.0 3.689453125 3.0 2.0
200 52.4130859375 49.0 3.689453125 3.0 2.0
201 52.4130859375 49.0 3.6455078125 3.0 2.0
202 52.4130859375 49.0 3.6455078125 3.0 2.0
203 52.4130859375 49.0 3.6455078125 3.0 2.0
204 52.4130859375 49.0 3.6455078125 3.0 2.0
205 52.4130859375 49.0 3.6455078125 3.0 2.0
206 52.4130859375 49.0 3.6455078125 3.0 2.0
207 52.4130859375 49.0 3.6455078125 3.0 2.0
208 52.4130859375 49.0 3.6455078125 3.0 2.0
209 52.4130859375 49.0 3.6455078125 3.0 2.0
210 52.4130859375 49.0 3.6455078125 3.0 2.0
211 52.4130859375 49.0 3.6455078125 3.0 2.0
212 52.4130859375 49.0 3.6455078125 3.0 2.0
213 52.4130859375 49.0 3.6455078125 3.0 2.0
214 52.4130859375 49.0 3.6455078125 3.0 2.0
215 52.4130859375 49.0 3.6455078125 3.0 2.0
216 52.4130859375 49.0 3.6455078125 3.0 2.0
217 52.4130859375 49.0 3.6455078125 3.0 2.0
218 52.4130859375 49.0 3.6455078125 3.0 2.0
219 52.4130859375 49.0 3.6455078125 3.0 2.0
220 52.4130859375 49.0 3.6455078125 3.0 2.0
221 52.4130859375 49.0 3.6455078125 3.0 2.0
222 52.4130859375 49.0 3.6455078125 3.0 2.0
223 52.4130859375 49.0 3.6455078125 3.0 2.0
224 52.4130859375 49.0 3.6455078125 3.0 2.0
225 52.4130859375 49.0 3.6455078125 3.0 2.0
226 52.4130859375 49.0 3.6455078125 3.0 2.0
227 52.4130859375 49.0 3.6455078125 3.0 2.0
228 52.4130859375 49.0 3.6455078125 3.0 2.0
229 52.4130859375 49.0 3.6455078125 3.0 2.0
230 52.4130859375 49.0 3.6455078125 3.0 2.0
231 52.4130859375 49.0 3.6455078125 3.0 2.0
232 52.4130859375 49.0 3.6455078125 3.0 2.0
233 52.4130859375 49.0 3.6455078125 3.0 2.0
234 52.4130859375 49.0 3.6455078125 3.0 2.0
235 52.4130859375 49.0 3.6455078125 3.0 2.0
236 52.4130859375 49.0 3.6455078125 3.0 2.0
237 52.4130859375 49.0 3.6455078125 3.0 2.0
238 52.4130859375 49.0 3.6455078125 3.0 2.0
239 52.4130859375 49.0 3.6455078125 3.0 2.0
240 52.4130859375 49.0 3.6455078125 3.0 2.0
241 52.4130859375 49.0 3.6455078125 3.0 2.0
242 52.4130859375 49.0 3.6455078125 3.0 2.0
243 52.4130859375 49.0 3.6455078125 3.0 2.0
244 52.4130859375 49.0 3.6455078125 3.0 2.0
245 52.4130859375 49.0 3.6455078125 3.0 2.0
246 52.4130859375 49.0 3.6455078125 3.0 2.0
247 52.4130859375 49.0 3.6455078125 3.0 2.0
248 52.4130859375 49.0 3.6455078125 3.0 2.0
249 52.4130859375 49.0 3.6455078125 3.0 2.0
250 52.4130859375 49.0 3.6455078125 3.0 2.0
251 52.4130859375 49.0 3.6455078125 3.0 2.0
252 52.4130859375 49.0 3.6455078125 3.0 2.0
253 52.4130859375 49.0 3.6455078125 3.0 2.0
254 52.4130859375 49.0 3.6455078125 3.0 2.0
255 52.4130859375 49.0 3.6455078125 3.0 2.0
256 52.4130859375 49.0 3.6455078125 3.0 2.0
257 52.4130859375 49.0 3.6455078125 3.0 2.0
258 52.4130859375 49.0 3.6455078125 3.0 2.0
259 52.4130859375 49.0 3.6455078125 3.0 2.0
260 52.4130859375 49.0 3.6455078125 3.0 2.0
261 52.4130859375 49.0 3.6455078125 3.0 2.0
262 52.4130859375 49.0 3.6455078125 3.0 2.0
263 52.4130859375 49.0 3.6455078125 3.0 2.0
264 52.4130859375 49.0 3.6455078125 3.0 2.0
265 52.4130859375 49.0 3.6455078125 3.0 2.0
266 52.4130859375 49.0 3.6455078125 3.0 2.0
267 52.4130859375 49.0 3.6455078125 3.0 2.0
268 52.4130859375 49.0 3.6455078125 3.0 2.0
269 52.4130859375 49.0 3.6455078125 3.0 2.0
270 52.4130859375 49.0 3.6455078125 3.0 2.0
271 52.4130859375 49.0 3.6455078125 3.0 2.0
272 52.4130859375 49.0 3.6455078125 3.0 2.0
273 52.4130859375 49.0 3.6455078125 3.0 2.0
274 52.4130859375 49.0 3.6455078125 3.0 2.0
275 52.4130859375 49.0 3.6455078125 3.0 2.0
276 52.4130859375 49.0 3.6455078125 3.0 2.0
277 52.4130859375 49.0 3.6455078125 3.0 2.0
278 52.4130859375 49.0 3.6455078125 3.0 2.0
279 52.4130859375 49.0 3.6455078125 3.0 2.0
280 52.4130859375 49.0 3.6455078125 3.0 2.0
281 52.4130859375 49.0 3.6455078125 3.0 2.0
282 52.4130859375 49.0 3.6455078125 3.0 2.0
283 52.4130859375 49.0 3.6455078125 3.0 2.0
284 52.4130859375 49.0 3.6455078125 3.0 2.0
285 52.4130859375 49.0 3.6455078125 3.0 2.0
286 52.4130859375 49.0 3.6455078125 3.0 2.0
287 52.4130859375 49.0 3.6455078125 3.0 2.0
288 52.4130859375 49.0 3.6455078125 3.0 2.0
289 52.4130859375 49.0 3.6455078125 3.0 2.0
290 52.4130859375 49.0 3.6455078125 3.0 2.0
291 52.4130859375 49.0 3.6455078125 3.0 2.0
292 52.4130859375 49.0 3.6455078125 3.0 2.0
293 52.4130859375 49.0 3.6455078125 3.0 2.0
294 52.4130859375 49.0 3.6455078125 3.0 2.0
295 52.4130859375 49.0 3.6455078125 3.0 2.0
296 52.4130859375 49.0 3.6455078125 3.0 2.0
297 52.4130859375 49.0 3.6455078125 3.0 2.0
298 52.4130859375 49.0 3.6455078125 3.0 2.0
299 52.4130859375 49.0 3.6455078125 3.0 2.0
300 52.4130859375 49.0 3.6455078125 3.0 2.0
301 52.4130859375 49.0 3.6455078125 3.0 2.0
302 52.912109375 49.0 3.5654296875 3.0 2.0
303 52.912109375 49.0 3.5654296875 3.0 2.0
304 52.912109375 49.0 3.5654296875 3.0 2.0
305 52.912109375 49.0 3.5654296875 3.0 2.0
306 52.912109375 49.0 3.5654296875 3.0 2.0
307 52.912109375 49.0 3.5654296875 3.0 2.0
308 52.912109375 49.0 3.5654296875 3.0 2.0
309 52.912109375 49.0 3.5654296875 3.0 2.0
310 52.912109375 49.0 3.5654296875 3.0 2.0
311 52.912109375 49.0 3.5654296875 3.0 2.0
312 52.912109375 49.0 3.5654296875 3.0 2.0
313 52.912109375 49.0 3.5654296875 3.0 2.0
314 52.912109375 49.0 3.5654296875 3.0 2.0
315 52.912109375 49.0 3.5654296875 3.0 2.0
316 52.912109375 49.0 3.5654296875 3.0 2.0
317 52.912109375 49.0 3.5654296875 3.0 2.0
318 52.912109375 49.0 3.5654296875 3.0 2.0
319 52.912109375 49.0 3.5654296875 3.0 2.0
320 52.912109375 49.0 3.5654296875 3.0 2.0
321 52.912109375 49.0 3.5654296875 3.0 2.0
322 52.912109375 49.0 3.5654296875 3.0 2.0
323 52.912109375 49.0 3.5654296875 3.0 2.0
324 52.912109375 49.0 3.5654296875 3.0 2.0
325 52.912109375 49.0 3.5654296875 3.0 2.0
326 52.912109375 49.0 3.5654296875 3.0 2.0
327 52.912109375 49.0 3.5654296875 3.0 2.0
328 52.912109375 49.0 3.5654296875 3.0 2.0
329 52.912109375 49.0 3.5654296875 3.0 2.0
330 52.912109375 49.0 3.5654296875 3.0 2.0
331 52.912109375 49.0 3.5654296875 3.0 2.0
332 52.912109375 49.0 3.5654296875 3.0 2.0
333 52.912109375 49.0 3.5654296875 3.0 2.0
334 52.912109375 49.0 3.5654296875 3.0 2.0
335 52.912109375 49.0 3.5654296875 3.0 2.0
336 52.912109375 49.0 3.5654296875 3.0 2.0
337 52.912109375 49.0 3.5654296875 3.0 2.0
338 52.912109375 49.0 3.5654296875 3.0 2.0
339 52.912109375 49.0 3.5654296875 3.0 2.0
340 52.912109375 49.0 3.5654296875 3.0 2.0
341 52.912109375 49.0 3.5654296875 3.0 2.0
342 52.912109375 49.0 3.5654296875 3.0 2.0
343 52.912109375 49.0 3.5654296875 3.0 2.0
344 52.912109375 49.0 3.5654296875 3.0 2.0
345 52.912109375 49.0 3.5654296875 3.0 2.0
346 52.912109375 49.0 3.5654296875 3.0 2.0
347 52.912109375 49.0 3.5654296875 3.0 2.0
348 52.912109375 49.0 3.5654296875 3.0 2.0
349 52.912109375 49.0 3.5654296875 3.0 2.0
350 52.912109375 49.0 3.5654296875 3.0 2.0
351 52.912109375 49.0 3.5654296875 3.0 2.0
352 52.912109375 49.0 3.5654296875 3.0 2.0
353 52.912109375 49.0 3.5654296875 3.0 2.0
354 52.912109375 49.0 3.5654296875 3.0 2.0
355 52.912109375 49.0 3.5654296875 3.0 2.0
356 52.912109375 49.0 3.5654296875 3.0 2.0
357 52.912109375 49.0 3.5654296875 3.0 2.0
358 52.912109375 49.0 3.5654296875 3.0 2.0
359 52.912109375 49.0 3.5654296875 3.0 2.0
360 52.912109375 49.0 3.5654296875 3.0 2.0
361 52.912109375 49.0 3.5654296875 3.0 2.0
362 52.912109375 49.0 3.5654296875 3.0 2.0
363 52.912109375 49.0 3.5654296875 3.0 2.0
364 52.912109375 49.0 3.5654296875 3.0 2.0
365 52.912109375 49.0 3.5654296875 3.0 2.0
366 52.912109375 49.0 3.5654296875 3.0 2.0
367 52.912109375 49.0 3.5654296875 3.0 2.0
368 52.912109375 49.0 3.5654296875 3.0 2.0
369 52.912109375 49.0 3.5654296875 3.0 2.0
370 52.912109375 49.0 3.5654296875 3.0 2.0
371 52.912109375 49.0 3.5654296875 3.0 2.0
372 52.912109375 49.0 3.5654296875 3.0 2.0
373 52.912109375 49.0 3.5654296875 3.0 2.0
374 52.912109375 49.0 3.5654296875 3.0 2.0
375 52.912109375 49.0 3.5654296875 3.0 2.0
376 52.912109375 49.0 3.5654296875 3.0 2.0
377 52.912109375 49.0 3.5654296875 3.0 2.0
378 52.912109375 49.0 3.5654296875 3.0 2.0
379 52.912109375 49.0 3.5654296875 3.0 2.0
380 52.912109375 49.0 3.5654296875 3.0 2.0
381 52.912109375 49.0 3.5654296875 3.0 2.0
382 52.912109375 49.0 3.5654296875 3.0 2.0
383 52.912109375 49.0 3.5654296875 3.0 2.0
384 52.912109375 49.0 3.5654296875 3.0 2.0
385 52.912109375 49.0 3.5654296875 3.0 2.0
386 52.912109375 49.0 3.5654296875 3.0 2.0
387 52.912109375 49.0 3.5654296875 3.0 2.0
388 52.912109375 49.0 3.5654296875 3.0 2.0
389 52.912109375 49.0 3.5654296875 3.0 2.0
390 52.912109375 49.0 3.5654296875 3.0 2.0
391 52.912109375 49.0 3.5654296875 3.0 2.0
392 52.912109375 49.0 3.5654296875 3.0 2.0
393 52.912109375 49.0 3.5654296875 3.0 2.0
394 52.912109375 49.0 3.5654296875 3.0 2.0
395 52.912109375 49.0 3.5654296875 3.0 2.0
396 52.912109375 49.0 3.5654296875 3.0 2.0
397 52.912109375 49.0 3.5654296875 3.0 2.0
398 52.912109375 49.0 3.5654296875 3.0 2.0
399 52.912109375 49.0 3.5654296875 3.0 2.0
400 52.912109375 49.0 3.5654296875 3.0 2.0
401 52.912109375 49.0 3.5654296875 3.0 2.0
402 52.912109375 49.0 3.5654296875 3.0 2.0
403 52.912109375 49.0 3.5654296875 3.0 2.0
404 52.912109375 49.0 3.5654296875 3.0 2.0
405 52.912109375 49.0 3.5654296875 3.0 2.0
406 52.912109375 49.0 3.5654296875 3.0 2.0
407 52.912109375 49.0 3.5654296875 3.0 2.0
408 52.912109375 49.0 3.5654296875 3.0 2.0
409 52.912109375 49.0 3.5654296875 3.0 2.0
410 52.912109375 49.0 3.5654296875 3.0 2.0
411 52.912109375 49.0 3.5654296875 3.0 2.0
412 52.912109375 49.0 3.5654296875 3.0 2.0
413 52.912109375 49.0 3.5654296875 3.0 2.0
414 52.912109375 49.0 3.5654296875 3.0 2.0
415 52.912109375 49.0 3.5654296875 3.0 2.0
416 52.912109375 49.0 3.5654296875 3.0 2.0
417 52.912109375 49.0 3.5654296875 3.0 2.0
418 52.912109375 49.0 3.5654296875 3.0 2.0
419 52.912109375 49.0 3.5654296875 3.0 2.0
420 52.912109375 49.0 3.5654296875 3.0 2.0
421 52.912109375 49.0 3.5654296875 3.0 2.0
422 52.912109375 49.0 3.5654296875 3.0 2.0
423 52.912109375 49.0 3.5654296875 3.0 2.0
424 52.912109375 49.0 3.5654296875 3.0 2.0
425 52.912109375 49.0 3.5654296875 3.0 2.0
426 52.912109375 49.0 3.5654296875 3.0 2.0
427 52.912109375 49.0 3.5654296875 3.0 2.0
428 52.912109375 49.0 3.5654296875 3.0 2.0
429 52.912109375 49.0 3.5654296875 3.0 2.0
430 52.912109375 49.0 3.5654296875 3.0 2.0
431 52.912109375 49.0 3.5654296875 3.0 2.0
432 52.912109375 49.0 3.5654296875 3.0 2.0
433 52.912109375 49.0 3.5654296875 3.0 2.0
434 52.912109375 49.0 3.5654296875 3.0 2.0
435 52.912109375 49.0 3.5654296875 3.0 2.0
436 52.912109375 49.0 3.5654296875 3.0 2.0
437 52.912109375 49.0 3.5654296875 3.0 2.0
438 52.912109375 49.0 3.5654296875 3.0 2.0
439 52.912109375 49.0 3.5654296875 3.0 2.0
440 52.912109375 49.0 3.5654296875 3.0 2.0
441 52.912109375 49.0 3.5654296875 3.0 2.0
442 52.912109375 49.0 3.5654296875 3.0 2.0
443 52.912109375 49.0 3.5654296875 3.0 2.0
444 52.912109375 49.0 3.5654296875 3.0 2.0
445 52.912109375 49.0 3.5654296875 3.0 2.0
446 52.912109375 49.0 3.5654296875 3.0 2.0
447 52.912109375 49.0 3.5654296875 3.0 2.0
448 52.912109375 49.0 3.5654296875 3.0 2.0
449 52.912109375 49.0 3.5654296875 3.0 2.0
450 52.912109375 49.0 3.5654296875 3.0 2.0
451 52.912109375 49.0 3.5654296875 3.0 2.0
452 52.912109375 49.0 3.5654296875 3.0 2.0
453 52.912109375 49.0 3.5654296875 3.0 2.0
454 52.912109375 49.0 3.5654296875 3.0 2.0
455 52.912109375 49.0 3.5654296875 3.0 2.0
456 52.912109375 49.0 3.5654296875 3.0 2.0
457 52.912109375 49.0 3.5654296875 3.0 2.0
458 52.912109375 49.0 3.5654296875 3.0 2.0
459 52.912109375 49.0 3.5654296875 3.0 2.0
460 52.912109375 49.0 3.5654296875 3.0 2.0
461 52.912109375 49.0 3.5654296875 3.0 2.0
462 52.912109375 49.0 3.5654296875 3.0 2.0
463 52.912109375 49.0 3.5654296875 3.0 2.0
464 52.912109375 49.0 3.5654296875 3.0 2.0
465 52.912109375 49.0 3.5654296875 3.0 2.0
466 52.912109375 49.0 3.5654296875 3.0 2.0
467 52.912109375 49.0 3.5654296875 3.0 2.0
468 52.912109375 49.0 3.5654296875 3.0 2.0
469 52.912109375 49.0 3.5654296875 3.0 2.0
470 52.912109375 49.0 3.5654296875 3.0 2.0
471 52.912109375 49.0 3.5654296875 3.0 2.0
472 52.912109375 49.0 3.5654296875 3.0 2.0
473 52.912109375 49.0 3.5654296875 3.0 2.0
474 52.912109375 49.0 3.5654296875 3.0 2.0
475 52.912109375 49.0 3.5654296875 3.0 2.0
476 52.912109375 49.0 3.5654296875 3.0 2.0
477 52.912109375 49.0 3.5654296875 3.0 2.0
478 52.912109375 49.0 3.5654296875 3.0 2.0
479 52.912109375 49.0 3.5654296875 3.0 2.0
480 52.912109375 49.0 3.5654296875 3.0 2.0
481 52.912109375 49.0 3.5654296875 3.0 2.0
482 52.912109375 49.0 3.5654296875 3.0 2.0
483 52.912109375 49.0 3.5654296875 3.0 2.0
484 52.912109375 49.0 3.5654296875 3.0 2.0
485 52.912109375 49.0 3.5654296875 3.0 2.0
486 52.912109375 49.0 3.5654296875 3.0 2.0
487 52.912109375 49.0 3.5654296875 3.0 2.0
488 52.912109375 49.0 3.5654296875 3.0 2.0
489 52.912109375 49.0 3.5654296875 3.0 2.0
490 52.912109375 49.0 3.5654296875 3.0 2.0
491 52.912109375 49.0 3.5654296875 3.0 2.0
492 52.912109375 49.0 3.5654296875 3.0 2.0
493 52.912109375 49.0 3.5654296875 3.0 2.0
494 52.912109375 49.0 3.5654296875 3.0 2.0
495 52.912109375 49.0 3.5654296875 3.0 2.0
496 52.912109375 49.0 3.5654296875 3.0 2.0
497 52.912109375 49.0 3.5654296875 3.0 2.0
498 52.912109375 49.0 3.5654296875 3.0 2.0
499 52.912109375 49.0 3.5654296875 3.0 2.0
500 52.912109375 49.0 3.5654296875 3.0 2.0
501 52.912109375 49.0 3.5654296875 3.0 2.0
502 52.912109375 49.0 3.5654296875 3.0 2.0
503 52.912109375 49.0 3.5654296875 3.0 2.0
504 52.912109375 49.0 3.5654296875 3.0 2.0
505 52.912109375 49.0 3.5654296875 3.0 2.0
506 52.912109375 49.0 3.5654296875 3.0 2.0
507 52.912109375 49.0 3.5654296875 3.0 2.0
508 52.912109375 49.0 3.5654296875 3.0 2.0
509 52.912109375 49.0 3.5654296875 3.0 2.0
510 52.912109375 49.0 3.5654296875 3.0 2.0
511 52.912109375 49.0 3.5654296875 3.0 2.0
512 52.912109375 49.0 3.5654296875 3.0 2.0
513 52.912109375 49.0 3.5654296875 3.0 2.0
514 52.912109375 49.0 3.5654296875 3.0 2.0
515 52.912109375 49.0 3.5654296875 3.0 2.0
516 52.912109375 49.0 3.5654296875 3.0 2.0
517 52.912109375 49.0 3.5654296875 3.0 2.0
518 52.912109375 49.0 3.5654296875 3.0 2.0
519 52.912109375 49.0 3.5654296875 3.0 2.0
520 52.912109375 49.0 3.5654296875 3.0 2.0
521 52.912109375 49.0 3.5654296875 3.0 2.0
522 52.912109375 49.0 3.5654296875 3.0 2.0
523 52.912109375 49.0 3.5654296875 3.0 2.0
524 52.912109375 49.0 3.5654296875 3.0 2.0
525 52.912109375 49.0 3.5654296875 3.0 2.0
526 52.912109375 49.0 3.5654296875 3.0 2.0
527 52.912109375 49.0 3.5654296875 3.0 2.0
528 52.912109375 49.0 3.5654296875 3.0 2.0
529 52.912109375 49.0 3.5654296875 3.0 2.0
530 52.912109375 49.0 3.5654296875 3.0 2.0
531 52.912109375 49.0 3.5654296875 3.0 2.0
532 52.912109375 49.0 3.5654296875 3.0 2.0
533 52.912109375 49.0 3.5654296875 3.0 2.0
534 52.912109375 49.0 3.5654296875 3.0 2.0
535 52.912109375 49.0 3.5654296875 3.0 2.0
536 52.912109375 49.0 3.5654296875 3.0 2.0
537 52.912109375 49.0 3.5654296875 3.0 2.0
538 52.912109375 49.0 3.5654296875 3.0 2.0
539 52.912109375 49.0 3.5654296875 3.0 2.0
540 52.912109375 49.0 3.5654296875 3.0 2.0
541 52.912109375 49.0 3.5654296875 3.0 2.0
542 52.912109375 49.0 3.5654296875 3.0 2.0
543 52.912109375 49.0 3.5654296875 3.0 2.0
544 52.912109375 49.0 3.5654296875 3.0 2.0
545 52.912109375 49.0 3.5654296875 3.0 2.0
546 52.912109375 49.0 3.5654296875 3.0 2.0
547 52.912109375 49.0 3.5654296875 3.0 2.0
548 52.912109375 49.0 3.5654296875 3.0 2.0
549 52.912109375 49.0 3.5654296875 3.0 2.0
550 52.912109375 49.0 3.5654296875 3.0 2.0
551 52.912109375 49.0 3.5654296875 3.0 2.0
552 52.912109375 49.0 3.5654296875 3.0 2.0
553 52.912109375 49.0 3.5654296875 3.0 2.0
554 52.912109375 49.0 3.5654296875 3.0 2.0
555 52.912109375 49.0 3.5654296875 3.0 2.0
556 52.912109375 49.0 3.5654296875 3.0 2.0
557 52.912109375 49.0 3.5654296875 3.0 2.0
558 52.912109375 49.0 3.5654296875 3.0 2.0
559 52.912109375 49.0 3.5654296875 3.0 2.0
560 52.912109375 49.0 3.5654296875 3.0 2.0
561 52.912109375 49.0 3.5654296875 3.0 2.0
562 52.912109375 49.0 3.5654296875 3.0 2.0
563 52.912109375 49.0 3.5654296875 3.0 2.0
564 52.912109375 49.0 3.5654296875 3.0 2.0
565 52.912109375 49.0 3.5654296875 3.0 2.0
566 52.912109375 49.0 3.5654296875 3.0 2.0
567 52.912109375 49.0 3.5654296875 3.0 2.0
568 52.912109375 49.0 3.5654296875 3.0 2.0
569 52.912109375 49.0 3.5654296875 3.0 2.0
570 52.912109375 49.0 3.5654296875 3.0 2.0
571 52.912109375 49.0 3.5654296875 3.0 2.0
572 52.912109375 49.0 3.5654296875 3.0 2.0
573 52.912109375 49.0 3.5654296875 3.0 2.0
574 52.912109375 49.0 3.5654296875 3.0 2.0
575 52.912109375 49.0 3.5654296875 3.0 2.0
576 54.2119140625 49.0 3.4208984375 3.0 2.0
577 54.2119140625 49.0 3.4208984375 3.0 2.0
578 54.2119140625 49.0 3.4208984375 3.0 2.0
579 54.2119140625 49.0 3.4208984375 3.0 2.0
580 54.2119140625 49.0 3.4208984375 3.0 2.0
581 54.2119140625 49.0 3.4208984375 3.0 2.0
582 54.2119140625 49.0 3.4208984375 3.0 2.0
583 54.2119140625 49.0 3.4208984375 3.0 2.0
584 54.2119140625 49.0 3.4208984375 3.0 2.0
585 54.2119140625 49.0 3.4208984375 3.0 2.0
586 54.2119140625 49.0 3.4208984375 3.0 2.0
587 54.2119140625 49.0 3.4208984375 3.0 2.0
588 54.2119140625 49.0 3.4208984375 3.0 2.0
589 54.2119140625 49.0 3.4208984375 3.0 2.0
590 54.2119140625 49.0 3.4208984375 3.0 2.0
591 54.2119140625 49.0 3.4208984375 3.0 2.0
592 54.2119140625 49.0 3.4208984375 3.0 2.0
593 54.2119140625 49.0 3.4208984375 3.0 2.0
594 54.2119140625 49.0 3.4208984375 3.0 2.0
595 54.2119140625 49.0 3.4208984375 3.0 2.0
596 54.2119140625 49.0 3.4208984375 3.0 2.0
597 54.2119140625 49.0 3.4208984375 3.0 2.0
598 54.2119140625 49.0 3.4208984375 3.0 2.0
599 54.2119140625 49.0 3.4208984375 3.0 2.0
600 54.2119140625 49.0 3.4208984375 3.0 2.0
601 54.2119140625 49.0 3.4208984375 3.0 2.0
602 54.2119140625 49.0 3.4208984375 3.0 2.0
603 54.2119140625 49.0 3.4208984375 3.0 2.0
604 54.2119140625 49.0 3.4208984375 3.0 2.0
605 54.2119140625 49.0 3.4208984375 3.0 2.0
606 54.2119140625 49.0 3.4208984375 3.0 2.0
607 54.2119140625 49.0 3.4208984375 3.0 2.0
608 54.2119140625 49.0 3.4208984375 3.0 2.0
609 54.2119140625 49.0 3.4208984375 3.0 2.0
610 54.2119140625 49.0 3.4208984375 3.0 2.0
611 54.2119140625 49.0 3.4208984375 3.0 2.0
612 54.2119140625 49.0 3.4208984375 3.0 2.0
613 54.2119140625 49.0 3.4208984375 3.0 2.0
614 54.2119140625 49.0 3.4208984375 3.0 2.0
615 54.2119140625 49.0 3.4208984375 3.0 2.0
616 54.2119140625 49.0 3.4208984375 3.0 2.0
617 54.2119140625 49.0 3.4208984375 3.0 2.0
618 54.2119140625 49.0 3.4208984375 3.0 2.0
619 54.2119140625 49.0 3.4208984375 3.0 2.0
620 54.2119140625 49.0 3.4208984375 3.0 2.0
621 54.2119140625 49.0 3.4208984375 3.0 2.0
622 54.2119140625 49.0 3.4208984375 3.0 2.0
623 54.2119140625 49.0 3.4208984375 3.0 2.0
624 54.2119140625 49.0 3.4208984375 3.0 2.0
625 54.2119140625 49.0 3.4208984375 3.0 2.0
626 54.2119140625 49.0 3.4208984375 3.0 2.0
627 54.2119140625 49.0 3.4208984375 3.0 2.0
628 54.2119140625 49.0 3.4208984375 3.0 2.0
629 54.2119140625 49.0 3.4208984375 3.0 2.0
630 54.2119140625 49.0 3.4208984375 3.0 2.0
631 54.2119140625 49.0 3.4208984375 3.0 2.0
632 54.2119140625 49.0 3.4208984375 3.0 2.0
633 54.2119140625 49.0 3.4208984375 3.0 2.0
634 54.2119140625 49.0 3.4208984375 3.0 2.0
635 54.2119140625 49.0 3.4208984375 3.0 2.0
636 54.2119140625 49.0 3.4208984375 3.0 2.0
637 54.2119140625 49.0 3.4208984375 3.0 2.0
638 54.2119140625 49.0 3.4208984375 3.0 2.0
639 54.2119140625 49.0 3.4208984375 3.0 2.0
640 54.2119140625 49.0 3.4208984375 3.0 2.0
641 54.2119140625 49.0 3.4208984375 3.0 2.0
642 54.2119140625 49.0 3.4208984375 3.0 2.0
643 54.2119140625 49.0 3.4208984375 3.0 2.0
644 54.2119140625 49.0 3.4208984375 3.0 2.0
645 54.2119140625 49.0 3.4208984375 3.0 2.0
646 54.2119140625 49.0 3.4208984375 3.0 2.0
647 54.2119140625 49.0 3.4208984375 3.0 2.0
648 54.2119140625 49.0 3.4208984375 3.0 2.0
649 54.2119140625 49.0 3.4208984375 3.0 2.0
650 54.2119140625 49.0 3.4208984375 3.0 2.0
651 54.2119140625 49.0 3.4208984375 3.0 2.0
652 54.2119140625 49.0 3.4208984375 3.0 2.0
653 54.2119140625 49.0 3.4208984375 3.0 2.0
654 54.2119140625 49.0 3.4208984375 3.0 2.0
655 54.2119140625 49.0 3.4208984375 3.0 2.0
656 54.2119140625 49.0 3.4208984375 3.0 2.0
657 54.2119140625 49.0 3.4208984375 3.0 2.0
658 54.2119140625 49.0 3.4208984375 3.0 2.0
659 54.44921875 49.0 3.39453125 3.0 2.0
660 54.44921875 49.0 3.39453125 3.0 2.0
661 54.44921875 49.0 3.39453125 3.0 2.0
662 54.44921875 49.0 3.39453125 3.0 2.0
663 54.44921875 49.0 3.39453125 3.0 2.0
664 54.44921875 49.0 3.39453125 3.0 2.0
665 54.44921875 49.0 3.39453125 3.0 2.0
666 54.44921875 49.0 3.39453125 3.0 2.0
667 54.44921875 49.0 3.39453125 3.0 2.0
668 54.44921875 49.0 3.39453125 3.0 2.0
669 54.44921875 49.0 3.39453125 3.0 2.0
670 54.44921875 49.0 3.39453125 3.0 2.0
671 54.44921875 49.0 3.39453125 3.0 2.0
672 54.44921875 49.0 3.39453125 3.0 2.0
673 54.44921875 49.0 3.39453125 3.0 2.0
674 54.44921875 49.0 3.39453125 3.0 2.0
675 54.44921875 49.0 3.39453125 3.0 2.0
676 54.44921875 49.0 3.39453125 3.0 2.0
677 54.44921875 49.0 3.39453125 3.0 2.0
678 54.44921875 49.0 3.39453125 3.0 2.0
679 54.44921875 49.0 3.39453125 3.0 2.0
680 54.44921875 49.0 3.39453125 3.0 2.0
681 54.44921875 49.0 3.39453125 3.0 2.0
682 54.44921875 49.0 3.39453125 3.0 2.0
683 54.44921875 49.0 3.39453125 3.0 2.0
684 54.44921875 49.0 3.39453125 3.0 2.0
685 54.44921875 49.0 3.39453125 3.0 2.0
686 54.44921875 49.0 3.39453125 3.0 2.0
687 54.44921875 49.0 3.39453125 3.0 2.0
688 54.44921875 49.0 3.39453125 3.0 2.0
689 54.44921875 49.0 3.39453125 3.0 2.0
690 54.44921875 49.0 3.39453125 3.0 2.0
691 54.44921875 49.0 3.39453125 3.0 2.0
692 54.44921875 49.0 3.39453125 3.0 2.0
693 54.44921875 49.0 3.39453125 3.0 2.0
694 54.44921875 49.0 3.39453125 3.0 2.0
695 54.44921875 49.0 3.39453125 3.0 2.0
696 54.44921875 49.0 3.39453125 3.0 2.0
697 54.44921875 49.0 3.39453125 3.0 2.0
698 54.44921875 49.0 3.39453125 3.0 2.0
699 54.44921875 49.0 3.39453125 3.0 2.0
700 54.44921875 49.0 3.39453125 3.0 2.0
701 54.44921875 49.0 3.384765625 3.0 2.0
702 54.44921875 49.0 3.384765625 3.0 2.0
703 54.44921875 49.0 3.384765625 3.0 2.0
704 54.44921875 49.0 3.384765625 3.0 2.0
705 54.44921875 49.0 3.384765625 3.0 2.0
706 54.44921875 49.0 3.384765625 3.0 2.0
707 54.44921875 49.0 3.384765625 3.0 2.0
708 54.44921875 49.0 3.384765625 3.0 2.0
709 54.44921875 49.0 3.384765625 3.0 2.0
710 54.44921875 49.0 3.384765625 3.0 2.0
711 54.44921875 49.0 3.384765625 3.0 2.0
712 54.44921875 49.0 3.3818359375 3.0 2.0
713 54.44921875 49.0 3.3818359375 3.0 2.0
714 54.44921875 49.0 3.3818359375 3.0 2.0
715 61.572265625 56.0 2.380859375 2.0 3.0
716 61.572265625 56.0 2.380859375 2.0 3.0
717 61.572265625 56.0 2.380859375 2.0 3.0
718 61.572265625 56.0 2.380859375 2.0 3.0
719 61.572265625 56.0 2.380859375 2.0 3.0
720 61.572265625 56.0 2.37890625 2.0 3.0
721 61.572265625 56.0 2.37890625 2.0 3.0
722 61.572265625 56.0 2.37890625 2.0 3.0
723 61.572265625 56.0 2.37890625 2.0 3.0
724 61.572265625 56.0 2.37890625 2.0 3.0
725 61.572265625 56.0 2.37890625 2.0 3.0
726 70.96875 66.0 0.37890625 0.0 4.0
727 70.96875 66.0 0.37890625 0.0 4.0
728 70.96875 66.0 0.37890625 0.0 4.0
729 70.96875 66.0 0.37890625 0.0 4.0
730 70.96875 66.0 0.37890625 0.0 4.0
731 70.96875 66.0 0.37890625 0.0 4.0
732 70.96875 66.0 0.37890625 0.0 4.0
733 70.96875 66.0 0.37890625 0.0 4.0
734 70.96875 66.0 0.37890625 0.0 4.0
735 70.96875 66.0 0.37890625 0.0 4.0
736 70.96875 66.0 0.37890625 0.0 4.0
737 70.96875 66.0 0.37890625 0.0 4.0
738 70.96875 66.0 0.3779296875 0.0 4.0
739 70.96875 66.0 0.3779296875 0.0 4.0
740 70.96875 66.0 0.3779296875 0.0 4.0
741 70.96875 66.0 0.3779296875 0.0 4.0
742 70.96875 66.0 0.376953125 0.0 3.0
743 70.96875 66.0 0.376953125 0.0 3.0
744 70.96875 66.0 0.376953125 0.0 3.0
745 70.96875 66.0 0.376953125 0.0 3.0
746 70.96875 66.0 0.376953125 0.0 3.0
747 70.96875 66.0 0.376953125 0.0 3.0
748 70.96875 66.0 0.376953125 0.0 3.0
749 70.96875 66.0 0.376953125 0.0 3.0
750 70.96875 66.0 0.376953125 0.0 3.0
751 72.9921875 68.0 0.3759765625 0.0 3.0
752 72.9921875 68.0 0.3759765625 0.0 3.0
753 72.9921875 68.0 0.3759765625 0.0 3.0
754 75.0 70.0 0.375 0.0 3.0
755 75.0 70.0 0.375 0.0 3.0
756 75.0 70.0 0.375 0.0 3.0
757 75.0 70.0 0.375 0.0 3.0
758 75.0 70.0 0.375 0.0 3.0
759 75.0 70.0 0.375 0.0 3.0
760 75.0 70.0 0.375 0.0 3.0
761 75.0 70.0 0.375 0.0 3.0
762 75.0 70.0 0.375 0.0 3.0
763 75.0 70.0 0.375 0.0 3.0
764 75.0 70.0 0.375 0.0 3.0
765 75.0 70.0 0.375 0.0 3.0
766 75.0 70.0 0.375 0.0 3.0
767 75.0 70.0 0.375 0.0 3.0
768 75.0 70.0 0.375 0.0 3.0
769 75.0 70.0 0.375 0.0 3.0
770 75.0 70.0 0.375 0.0 3.0
771 75.0 70.0 0.375 0.0 3.0
772 75.0 70.0 0.375 0.0 3.0
773 75.0 70.0 0.375 0.0 3.0
774 75.0078125 70.0 0.3740234375 0.0 3.0
775 75.0078125 70.0 0.3740234375 0.0 3.0
776 75.0078125 70.0 0.3740234375 0.0 3.0
777 75.0078125 70.0 0.3720703125 0.0 3.0
778 75.0078125 70.0 0.3720703125 0.0 3.0
779 75.0078125 70.0 0.3720703125 0.0 3.0
780 75.0078125 70.0 0.3720703125 0.0 3.0
781 75.0078125 70.0 0.37109375 0.0 3.0
782 75.0078125 70.0 0.37109375 0.0 3.0
783 75.03125 70.0 0.37109375 0.0 3.0
784 75.03125 70.0 0.37109375 0.0 3.0
785 75.03125 70.0 0.37109375 0.0 3.0
786 78.66015625 73.0 0.37109375 0.0 3.0
787 78.66015625 73.0 0.37109375 0.0 3.0
788 78.66015625 73.0 0.37109375 0.0 3.0
789 78.66015625 73.0 0.37109375 0.0 3.0
790 78.66015625 73.0 0.37109375 0.0 3.0
791 78.66015625 73.0 0.37109375 0.0 3.0
792 78.66015625 73.0 0.37109375 0.0 3.0
793 78.66015625 73.0 0.3701171875 0.0 3.0
794 78.66015625 73.0 0.3701171875 0.0 3.0
795 78.66015625 73.0 0.3701171875 0.0 3.0
796 78.66015625 73.0 0.3701171875 0.0 3.0
797 78.66015625 73.0 0.3701171875 0.0 3.0
798 78.66015625 73.0 0.3701171875 0.0 3.0
799 78.66015625 73.0 0.3701171875 0.0 3.0
800 78.66015625 73.0 0.3701171875 0.0 3.0
801 78.66015625 73.0 0.3701171875 0.0 3.0
802 78.66015625 73.0 0.3701171875 0.0 3.0
803 78.66015625 73.0 0.3701171875 0.0 3.0
804 78.66015625 73.0 0.3701171875 0.0 3.0
805 78.66015625 73.0 0.3701171875 0.0 3.0
806 78.66015625 73.0 0.3701171875 0.0 3.0
807 78.66015625 73.0 0.369140625 0.0 3.0
808 78.66015625 73.0 0.369140625 0.0 3.0
809 78.66015625 73.0 0.369140625 0.0 3.0
810 78.66015625 73.0 0.369140625 0.0 3.0
811 78.66015625 73.0 0.369140625 0.0 3.0
812 78.66015625 73.0 0.369140625 0.0 3.0
813 78.66015625 73.0 0.369140625 0.0 3.0
814 78.66015625 73.0 0.3681640625 0.0 3.0
815 78.66015625 73.0 0.3681640625 0.0 3.0
816 78.66015625 73.0 0.3681640625 0.0 3.0
817 78.66015625 73.0 0.3681640625 0.0 3.0
818 78.66015625 73.0 0.3681640625 0.0 3.0
819 78.66015625 73.0 0.3681640625 0.0 3.0
820 78.66015625 73.0 0.3681640625 0.0 3.0
821 78.66015625 73.0 0.3681640625 0.0 3.0
822 78.66015625 73.0 0.3681640625 0.0 3.0
823 78.66015625 73.0 0.3681640625 0.0 3.0
824 78.66015625 73.0 0.3681640625 0.0 3.0
825 78.66015625 73.0 0.3681640625 0.0 3.0
826 78.66015625 73.0 0.3681640625 0.0 3.0
827 78.66015625 73.0 0.3681640625 0.0 3.0
828 78.66015625 73.0 0.3671875 0.0 3.0
829 78.66015625 73.0 0.3671875 0.0 3.0
830 78.66015625 73.0 0.3671875 0.0 3.0
831 78.66015625 73.0 0.3662109375 0.0 3.0
832 78.66015625 73.0 0.3662109375 0.0 3.0
833 78.66015625 73.0 0.3662109375 0.0 3.0
834 78.66015625 73.0 0.3662109375 0.0 3.0
835 78.66015625 73.0 0.3662109375 0.0 3.0
836 78.66015625 73.0 0.3662109375 0.0 3.0
837 78.66015625 73.0 0.3662109375 0.0 3.0
838 78.66015625 73.0 0.3662109375 0.0 3.0
839 78.66015625 73.0 0.3662109375 0.0 3.0
840 78.66015625 73.0 0.3662109375 0.0 3.0
841 78.66015625 73.0 0.3662109375 0.0 3.0
842 78.66015625 73.0 0.3662109375 0.0 3.0
843 78.66015625 73.0 0.3662109375 0.0 3.0
844 78.66015625 73.0 0.3662109375 0.0 3.0
845 78.66015625 73.0 0.365234375 0.0 3.0
846 78.66015625 73.0 0.365234375 0.0 3.0
847 78.66015625 73.0 0.365234375 0.0 3.0
848 78.66015625 73.0 0.365234375 0.0 3.0
849 78.66015625 73.0 0.365234375 0.0 3.0
850 78.66015625 73.0 0.3642578125 0.0 3.0
851 78.66015625 73.0 0.3642578125 0.0 3.0
852 78.66015625 73.0 0.36328125 0.0 3.0
853 78.66015625 73.0 0.36328125 0.0 3.0
854 78.66015625 73.0 0.36328125 0.0 3.0
855 78.66015625 73.0 0.36328125 0.0 3.0
856 78.66015625 73.0 0.3623046875 0.0 3.0
857 78.66015625 73.0 0.3623046875 0.0 3.0
858 78.66015625 73.0 0.3623046875 0.0 3.0
859 78.66015625 73.0 0.3623046875 0.0 3.0
860 78.66015625 73.0 0.3623046875 0.0 3.0
861 78.66015625 73.0 0.3623046875 0.0 3.0
862 78.66015625 73.0 0.3623046875 0.0 3.0
863 78.66015625 73.0 0.3623046875 0.0 3.0
864 78.66015625 73.0 0.3623046875 0.0 3.0
865 78.66015625 73.0 0.3623046875 0.0 3.0
866 78.66015625 73.0 0.3623046875 0.0 3.0
867 78.66015625 73.0 0.361328125 0.0 3.0
868 78.66015625 73.0 0.361328125 0.0 3.0
869 78.66015625 73.0 0.361328125 0.0 3.0
870 78.66015625 73.0 0.361328125 0.0 3.0
871 78.66015625 73.0 0.361328125 0.0 3.0
872 78.66015625 73.0 0.361328125 0.0 3.0
873 78.66015625 73.0 0.361328125 0.0 3.0
874 78.66015625 73.0 0.361328125 0.0 3.0
875 78.66015625 73.0 0.361328125 0.0 3.0
876 78.66015625 73.0 0.361328125 0.0 3.0
877 78.66015625 73.0 0.361328125 0.0 3.0
878 78.66015625 73.0 0.3603515625 0.0 3.0
879 78.66015625 73.0 0.3603515625 0.0 3.0
880 78.66015625 73.0 0.3583984375 0.0 3.0
881 78.66015625 73.0 0.3583984375 0.0 3.0
882 78.66015625 73.0 0.3583984375 0.0 3.0
883 80.7744140625 75.0 0.3583984375 0.0 3.0
884 80.7744140625 75.0 0.3583984375 0.0 3.0
885 80.7744140625 75.0 0.3583984375 0.0 3.0
886 80.7744140625 75.0 0.3564453125 0.0 3.0
887 80.7744140625 75.0 0.3564453125 0.0 3.0
888 80.7744140625 75.0 0.3564453125 0.0 3.0
889 80.7744140625 75.0 0.3564453125 0.0 3.0
890 80.7744140625 75.0 0.3564453125 0.0 3.0
891 80.7744140625 75.0 0.3564453125 0.0 3.0
892 80.7744140625 75.0 0.3564453125 0.0 3.0
893 80.7744140625 75.0 0.3564453125 0.0 3.0
894 80.7744140625 75.0 0.3564453125 0.0 3.0
895 80.7744140625 75.0 0.3564453125 0.0 3.0
896 80.7744140625 75.0 0.3564453125 0.0 3.0
897 80.7744140625 75.0 0.3564453125 0.0 3.0
898 80.7744140625 75.0 0.3564453125 0.0 3.0
899 80.7744140625 75.0 0.3564453125 0.0 3.0
900 80.7744140625 75.0 0.3564453125 0.0 3.0
901 80.7744140625 75.0 0.3564453125 0.0 3.0
902 80.7744140625 75.0 0.3564453125 0.0 3.0
903 80.7744140625 75.0 0.3564453125 0.0 3.0
904 80.7744140625 75.0 0.3564453125 0.0 3.0
905 80.7744140625 75.0 0.3564453125 0.0 3.0
906 80.7744140625 75.0 0.35546875 0.0 3.0
907 80.7744140625 75.0 0.35546875 0.0 3.0
908 80.7744140625 75.0 0.35546875 0.0 3.0
909 80.7744140625 75.0 0.3544921875 0.0 3.0
910 80.7744140625 75.0 0.3544921875 0.0 3.0
911 80.7744140625 75.0 0.3544921875 0.0 3.0
912 80.7744140625 75.0 0.3544921875 0.0 3.0
913 80.7744140625 75.0 0.3544921875 0.0 3.0
914 80.7744140625 75.0 0.353515625 0.0 3.0
915 80.7744140625 75.0 0.353515625 0.0 3.0
916 80.7744140625 75.0 0.353515625 0.0 3.0
917 80.7744140625 75.0 0.353515625 0.0 3.0
918 80.7744140625 75.0 0.353515625 0.0 3.0
919 80.7744140625 75.0 0.353515625 0.0 3.0
920 80.7744140625 75.0 0.353515625 0.0 3.0
921 80.7744140625 75.0 0.353515625 0.0 3.0
922 80.7744140625 75.0 0.353515625 0.0 3.0
923 80.7744140625 75.0 0.353515625 0.0 3.0
924 80.7744140625 75.0 0.353515625 0.0 3.0
925 80.7744140625 75.0 0.353515625 0.0 3.0
926 80.7744140625 75.0 0.353515625 0.0 3.0
927 80.7744140625 75.0 0.3525390625 0.0 3.0
928 80.7744140625 75.0 0.3525390625 0.0 3.0
929 80.7744140625 75.0 0.3515625 0.0 3.0
930 80.7744140625 75.0 0.3515625 0.0 3.0
931 80.7744140625 75.0 0.3515625 0.0 3.0
932 80.7744140625 75.0 0.3515625 0.0 3.0
933 80.7744140625 75.0 0.3515625 0.0 3.0
934 80.7744140625 75.0 0.3515625 0.0 3.0
935 80.7744140625 75.0 0.3505859375 0.0 3.0
936 80.7744140625 75.0 0.3505859375 0.0 3.0
937 80.7744140625 75.0 0.3505859375 0.0 3.0
938 80.7744140625 75.0 0.3505859375 0.0 3.0
939 80.7744140625 75.0 0.3505859375 0.0 3.0
940 80.7744140625 75.0 0.3505859375 0.0 3.0
941 80.7744140625 75.0 0.3505859375 0.0 3.0
942 80.7744140625 75.0 0.3505859375 0.0 3.0
943 80.7744140625 75.0 0.3505859375 0.0 3.0
944 80.7744140625 75.0 0.3505859375 0.0 3.0
945 80.7744140625 75.0 0.3505859375 0.0 3.0
946 80.7744140625 75.0 0.3505859375 0.0 3.0
947 80.7744140625 75.0 0.3505859375 0.0 3.0
948 80.7744140625 75.0 0.3505859375 0.0 3.0
949 80.8447265625 75.0 0.3505859375 0.0 3.0
950 80.8447265625 75.0 0.3505859375 0.0 3.0
951 80.8447265625 75.0 0.3505859375 0.0 3.0
952 80.8447265625 75.0 0.3505859375 0.0 3.0
953 80.8447265625 75.0 0.3505859375 0.0 3.0
954 80.8447265625 75.0 0.3505859375 0.0 3.0
955 80.8447265625 75.0 0.3505859375 0.0 3.0
956 80.8447265625 75.0 0.3505859375 0.0 3.0
957 80.8447265625 75.0 0.3505859375 0.0 3.0
958 80.8447265625 75.0 0.3505859375 0.0 3.0
959 80.8447265625 75.0 0.3505859375 0.0 3.0
960 80.8447265625 75.0 0.3505859375 0.0 3.0
961 80.8447265625 75.0 0.3505859375 0.0 3.0
962 80.8447265625 75.0 0.3505859375 0.0 3.0
963 80.8447265625 75.0 0.3505859375 0.0 3.0
964 80.8447265625 75.0 0.3505859375 0.0 3.0
965 80.8447265625 75.0 0.349609375 0.0 3.0
966 80.8447265625 75.0 0.349609375 0.0 3.0
967 80.8447265625 75.0 0.349609375 0.0 3.0
968 80.8447265625 75.0 0.349609375 0.0 3.0
969 80.8447265625 75.0 0.349609375 0.0 3.0
970 80.8447265625 75.0 0.349609375 0.0 3.0
971 80.8447265625 75.0 0.349609375 0.0 3.0
972 80.8447265625 75.0 0.349609375 0.0 3.0
973 80.8447265625 75.0 0.349609375 0.0 3.0
974 80.8447265625 75.0 0.349609375 0.0 3.0
975 80.8447265625 75.0 0.349609375 0.0 3.0
976 80.8447265625 75.0 0.349609375 0.0 3.0
977 80.8447265625 75.0 0.349609375 0.0 3.0
978 80.8447265625 75.0 0.349609375 0.0 3.0
979 80.8447265625 75.0 0.349609375 0.0 3.0
980 80.8447265625 75.0 0.349609375 0.0 3.0
981 80.8447265625 75.0 0.3486328125 0.0 3.0
982 80.8447265625 75.0 0.3486328125 0.0 3.0
983 80.8447265625 75.0 0.3486328125 0.0 3.0
984 80.8447265625 75.0 0.3486328125 0.0 3.0
985 80.8447265625 75.0 0.3486328125 0.0 3.0
986 80.8447265625 75.0 0.3486328125 0.0 3.0
987 80.8447265625 75.0 0.3486328125 0.0 3.0
988 80.8447265625 75.0 0.34765625 0.0 3.0
989 80.8447265625 75.0 0.34765625 0.0 3.0
990 80.8447265625 75.0 0.34765625 0.0 3.0
991 80.8447265625 75.0 0.34765625 0.0 3.0
992 80.8447265625 75.0 0.34765625 0.0 3.0
993 80.8447265625 75.0 0.34765625 0.0 3.0
994 80.8447265625 75.0 0.3466796875 0.0 3.0
995 80.8447265625 75.0 0.3466796875 0.0 3.0
996 80.8447265625 75.0 0.3466796875 0.0 3.0
997 80.8447265625 75.0 0.3466796875 0.0 3.0
998 80.8447265625 75.0 0.345703125 0.0 3.0
999 80.8447265625 75.0 0.345703125 0.0 3.0
1000 80.8447265625 75.0 0.345703125 0.0 3.0
