gen HV HVnoDiscount fitness_notKilledMutants notKilledNonEqMutants fitness_testSuiteSize
1 12.4267578125 11.0 6.8564453125 4.0 7.0
2 12.4267578125 11.0 6.63671875 4.0 7.0
3 12.4267578125 11.0 6.63671875 4.0 7.0
4 12.4267578125 11.0 6.63671875 4.0 7.0
5 12.4267578125 11.0 6.51953125 4.0 7.0
6 12.4267578125 11.0 6.51953125 4.0 7.0
7 12.4267578125 11.0 6.51953125 4.0 7.0
8 14.3671875 12.0 6.408203125 4.0 6.0
9 14.3671875 12.0 6.408203125 4.0 6.0
10 14.3671875 12.0 6.408203125 4.0 6.0
11 14.6484375 12.0 6.337890625 4.0 6.0
12 14.6484375 12.0 6.337890625 4.0 6.0
13 14.6484375 12.0 6.337890625 4.0 6.0
14 15.0703125 12.0 6.232421875 4.0 6.0
15 15.0703125 12.0 6.232421875 4.0 6.0
16 15.0703125 12.0 6.232421875 4.0 6.0
17 17.8681640625 15.0 5.3115234375 3.0 7.0
18 17.8681640625 15.0 5.3115234375 3.0 7.0
19 17.8681640625 15.0 5.3115234375 3.0 7.0
20 17.8681640625 15.0 5.3115234375 3.0 7.0
21 25.57421875 22.0 5.3115234375 3.0 7.0
22 25.57421875 22.0 5.3115234375 3.0 7.0
23 25.57421875 22.0 5.3115234375 3.0 7.0
24 25.57421875 22.0 5.3115234375 3.0 7.0
25 25.57421875 22.0 5.3115234375 3.0 7.0
26 25.57421875 22.0 5.3115234375 3.0 7.0
27 25.57421875 22.0 5.3115234375 3.0 7.0
28 25.57421875 22.0 5.3115234375 3.0 7.0
29 25.57421875 22.0 5.3115234375 3.0 7.0
30 25.57421875 22.0 5.3115234375 3.0 7.0
31 25.57421875 22.0 5.3115234375 3.0 7.0
32 25.57421875 22.0 5.3115234375 3.0 7.0
33 25.57421875 22.0 5.3115234375 3.0 7.0
34 25.57421875 22.0 5.3115234375 3.0 7.0
35 25.57421875 22.0 5.3115234375 3.0 7.0
36 25.57421875 22.0 5.3115234375 3.0 7.0
37 25.57421875 22.0 5.3115234375 3.0 7.0
38 25.57421875 22.0 5.3115234375 3.0 7.0
39 25.57421875 22.0 5.3115234375 3.0 7.0
40 25.57421875 22.0 5.3115234375 3.0 7.0
41 25.57421875 22.0 5.3115234375 3.0 7.0
42 25.57421875 22.0 5.3115234375 3.0 7.0
43 25.57421875 22.0 5.3115234375 3.0 7.0
44 25.57421875 22.0 5.3115234375 3.0 7.0
45 25.57421875 22.0 5.3115234375 3.0 7.0
46 25.57421875 22.0 5.3115234375 3.0 7.0
47 25.57421875 22.0 5.3115234375 3.0 7.0
48 25.57421875 22.0 5.3115234375 3.0 7.0
49 25.57421875 22.0 5.3115234375 3.0 7.0
50 25.57421875 22.0 5.2412109375 3.0 7.0
51 25.57421875 22.0 5.2412109375 3.0 7.0
52 25.57421875 22.0 5.2412109375 3.0 7.0
53 25.57421875 22.0 5.2412109375 3.0 7.0
54 25.57421875 22.0 5.2412109375 3.0 7.0
55 25.57421875 22.0 5.2412109375 3.0 7.0
56 26.7216796875 22.0 5.2412109375 3.0 7.0
57 26.7216796875 22.0 5.2412109375 3.0 7.0
58 26.7216796875 22.0 5.150390625 3.0 7.0
59 26.98828125 22.0 5.150390625 3.0 7.0
60 26.98828125 22.0 5.150390625 3.0 7.0
61 26.98828125 22.0 5.1357421875 3.0 7.0
62 26.98828125 22.0 5.1357421875 3.0 7.0
63 26.98828125 22.0 5.1181640625 3.0 7.0
64 26.98828125 22.0 5.1181640625 3.0 7.0
65 26.98828125 22.0 5.1064453125 3.0 7.0
66 26.98828125 22.0 5.1064453125 3.0 7.0
67 26.98828125 22.0 5.0947265625 3.0 7.0
68 26.98828125 22.0 5.0947265625 3.0 7.0
69 26.98828125 22.0 5.0859375 3.0 7.0
70 26.98828125 22.0 5.0859375 3.0 7.0
71 26.98828125 22.0 5.068359375 3.0 7.0
72 26.98828125 22.0 5.068359375 3.0 7.0
73 26.98828125 22.0 5.056640625 3.0 7.0
74 26.98828125 22.0 5.056640625 3.0 7.0
75 26.98828125 22.0 5.0537109375 3.0 7.0
76 26.98828125 22.0 5.0537109375 3.0 7.0
77 26.98828125 22.0 5.0302734375 3.0 7.0
78 26.98828125 22.0 5.0302734375 3.0 7.0
79 49.93359375 42.0 3.0068359375 1.0 3.0
80 49.93359375 42.0 3.0068359375 1.0 3.0
81 52.96875 45.0 3.00390625 1.0 3.0
82 52.9921875 45.0 3.0009765625 1.0 3.0
83 52.9921875 45.0 3.0009765625 1.0 3.0
84 53.0625 45.0 2.9921875 1.0 3.0
85 53.0625 45.0 2.9921875 1.0 3.0
86 53.1796875 45.0 2.9775390625 1.0 3.0
87 53.1796875 45.0 2.9775390625 1.0 3.0
88 53.1796875 45.0 2.9658203125 1.0 3.0
89 53.1796875 45.0 2.9658203125 1.0 3.0
90 53.1796875 45.0 2.9658203125 1.0 3.0
91 59.478515625 51.0 1.939453125 0.0 4.0
92 59.478515625 51.0 1.939453125 0.0 4.0
93 59.478515625 51.0 1.9248046875 0.0 4.0
94 59.478515625 51.0 1.9248046875 0.0 4.0
95 59.478515625 51.0 1.916015625 0.0 4.0
96 59.478515625 51.0 1.916015625 0.0 4.0
97 59.478515625 51.0 1.904296875 0.0 4.0
98 59.478515625 51.0 1.904296875 0.0 4.0
99 59.478515625 51.0 1.8955078125 0.0 4.0
100 59.478515625 51.0 1.8955078125 0.0 4.0
101 59.478515625 51.0 1.892578125 0.0 4.0
102 59.478515625 51.0 1.892578125 0.0 4.0
103 59.478515625 51.0 1.880859375 0.0 4.0
104 59.478515625 51.0 1.880859375 0.0 4.0
105 59.478515625 51.0 1.8662109375 0.0 4.0
106 59.478515625 51.0 1.8662109375 0.0 4.0
107 59.478515625 51.0 1.8544921875 0.0 4.0
108 59.478515625 51.0 1.8544921875 0.0 4.0
109 59.478515625 51.0 1.8515625 0.0 4.0
110 59.478515625 51.0 1.8515625 0.0 4.0
111 59.478515625 51.0 1.8486328125 0.0 4.0
112 59.478515625 51.0 1.8486328125 0.0 4.0
113 59.478515625 51.0 1.83984375 0.0 4.0
114 59.478515625 51.0 1.83984375 0.0 4.0
115 59.478515625 51.0 1.8251953125 0.0 4.0
116 59.478515625 51.0 1.8251953125 0.0 4.0
117 59.478515625 51.0 1.8193359375 0.0 4.0
118 59.478515625 51.0 1.8193359375 0.0 4.0
119 59.478515625 51.0 1.81640625 0.0 4.0
120 59.478515625 51.0 1.81640625 0.0 4.0
121 59.478515625 51.0 1.7958984375 0.0 4.0
122 59.478515625 51.0 1.7958984375 0.0 4.0
123 59.478515625 51.0 1.7958984375 0.0 4.0
124 59.478515625 51.0 1.7958984375 0.0 4.0
125 59.478515625 51.0 1.7666015625 0.0 4.0
126 59.478515625 51.0 1.7666015625 0.0 4.0
127 59.478515625 51.0 1.7607421875 0.0 4.0
128 59.478515625 51.0 1.7607421875 0.0 4.0
129 59.478515625 51.0 1.7548828125 0.0 4.0
130 59.478515625 51.0 1.7548828125 0.0 4.0
131 59.478515625 51.0 1.751953125 0.0 4.0
132 59.478515625 51.0 1.751953125 0.0 4.0
133 59.478515625 51.0 1.7490234375 0.0 4.0
134 59.478515625 51.0 1.7490234375 0.0 4.0
135 59.478515625 51.0 1.7431640625 0.0 4.0
136 59.478515625 51.0 1.7431640625 0.0 4.0
137 59.478515625 51.0 1.734375 0.0 4.0
138 59.478515625 51.0 1.734375 0.0 4.0
139 59.478515625 51.0 1.734375 0.0 4.0
140 59.478515625 51.0 1.728515625 0.0 4.0
141 59.478515625 51.0 1.728515625 0.0 4.0
142 59.478515625 51.0 1.7138671875 0.0 4.0
143 59.478515625 51.0 1.7138671875 0.0 4.0
144 59.478515625 51.0 1.6962890625 0.0 4.0
145 59.478515625 51.0 1.6962890625 0.0 4.0
146 59.478515625 51.0 1.6904296875 0.0 4.0
147 59.478515625 51.0 1.6904296875 0.0 4.0
148 59.478515625 51.0 1.6787109375 0.0 4.0
149 59.478515625 51.0 1.6787109375 0.0 4.0
150 59.478515625 51.0 1.6787109375 0.0 4.0
151 59.478515625 51.0 1.669921875 0.0 4.0
152 59.478515625 51.0 1.669921875 0.0 4.0
153 59.478515625 51.0 1.658203125 0.0 4.0
154 59.478515625 51.0 1.658203125 0.0 4.0
155 59.478515625 51.0 1.65234375 0.0 4.0
156 59.478515625 51.0 1.65234375 0.0 4.0
157 59.478515625 51.0 1.65234375 0.0 4.0
158 59.478515625 51.0 1.6494140625 0.0 4.0
159 59.478515625 51.0 1.6494140625 0.0 4.0
160 59.478515625 51.0 1.6435546875 0.0 4.0
161 59.478515625 51.0 1.6435546875 0.0 4.0
162 59.478515625 51.0 1.6376953125 0.0 4.0
163 59.478515625 51.0 1.6376953125 0.0 4.0
164 59.478515625 51.0 1.6318359375 0.0 4.0
165 59.478515625 51.0 1.6318359375 0.0 4.0
166 59.478515625 51.0 1.6201171875 0.0 4.0
167 59.478515625 51.0 1.6201171875 0.0 4.0
168 59.478515625 51.0 1.611328125 0.0 4.0
169 59.478515625 51.0 1.611328125 0.0 4.0
170 59.478515625 51.0 1.6025390625 0.0 4.0
171 59.478515625 51.0 1.6025390625 0.0 4.0
172 59.478515625 51.0 1.6025390625 0.0 4.0
173 59.478515625 51.0 1.599609375 0.0 4.0
174 59.478515625 51.0 1.599609375 0.0 4.0
175 59.478515625 51.0 1.5966796875 0.0 4.0
176 59.478515625 51.0 1.5966796875 0.0 4.0
177 59.478515625 51.0 1.5966796875 0.0 4.0
178 59.478515625 51.0 1.5966796875 0.0 4.0
179 59.478515625 51.0 1.5966796875 0.0 4.0
180 59.478515625 51.0 1.587890625 0.0 4.0
181 59.478515625 51.0 1.587890625 0.0 4.0
182 59.478515625 51.0 1.5849609375 0.0 4.0
183 59.478515625 51.0 1.5849609375 0.0 4.0
184 59.478515625 51.0 1.5849609375 0.0 4.0
185 59.478515625 51.0 1.5703125 0.0 4.0
186 59.478515625 51.0 1.5703125 0.0 4.0
187 61.4609375 51.0 1.5673828125 0.0 5.0
188 61.4609375 51.0 1.5673828125 0.0 5.0
189 61.4609375 51.0 1.5673828125 0.0 4.0
190 61.4609375 51.0 1.5673828125 0.0 4.0
191 61.4609375 51.0 1.5673828125 0.0 4.0
192 61.4609375 51.0 1.5673828125 0.0 4.0
193 61.4609375 51.0 1.564453125 0.0 3.0
194 61.4609375 51.0 1.564453125 0.0 3.0
195 61.4609375 51.0 1.564453125 0.0 3.0
196 64.53125 53.0 1.55859375 0.0 3.0
197 64.53125 53.0 1.55859375 0.0 3.0
198 64.53125 53.0 1.55859375 0.0 3.0
199 64.53125 53.0 1.55859375 0.0 3.0
200 64.53125 53.0 1.55859375 0.0 3.0
201 64.53125 53.0 1.55859375 0.0 3.0
202 64.53125 53.0 1.55859375 0.0 3.0
203 64.5546875 53.0 1.5556640625 0.0 3.0
204 64.5546875 53.0 1.5556640625 0.0 3.0
205 64.5546875 53.0 1.5556640625 0.0 3.0
206 64.5546875 53.0 1.5556640625 0.0 3.0
207 64.5546875 53.0 1.5556640625 0.0 3.0
208 64.5546875 53.0 1.5556640625 0.0 3.0
209 64.5546875 53.0 1.5556640625 0.0 3.0
210 64.5546875 53.0 1.5556640625 0.0 3.0
211 64.5546875 53.0 1.5556640625 0.0 3.0
212 64.5546875 53.0 1.5556640625 0.0 3.0
213 64.5546875 53.0 1.5556640625 0.0 3.0
214 64.5546875 53.0 1.5556640625 0.0 3.0
215 64.5546875 53.0 1.5556640625 0.0 3.0
216 64.5546875 53.0 1.5556640625 0.0 3.0
217 64.5546875 53.0 1.5556640625 0.0 3.0
218 64.5546875 53.0 1.5556640625 0.0 3.0
219 64.5546875 53.0 1.5556640625 0.0 3.0
220 64.5546875 53.0 1.5556640625 0.0 3.0
221 64.5546875 53.0 1.5556640625 0.0 3.0
222 64.5546875 53.0 1.5556640625 0.0 3.0
223 64.578125 53.0 1.552734375 0.0 3.0
224 64.578125 53.0 1.552734375 0.0 3.0
225 64.578125 53.0 1.552734375 0.0 3.0
226 64.578125 53.0 1.552734375 0.0 3.0
227 64.578125 53.0 1.5439453125 0.0 3.0
228 64.578125 53.0 1.5439453125 0.0 3.0
229 64.578125 53.0 1.541015625 0.0 3.0
230 64.578125 53.0 1.541015625 0.0 3.0
231 64.7158203125 53.0 1.53515625 0.0 3.0
232 64.7158203125 53.0 1.53515625 0.0 3.0
233 64.7626953125 53.0 1.529296875 0.0 3.0
234 64.7626953125 53.0 1.529296875 0.0 3.0
235 64.7626953125 53.0 1.5263671875 0.0 3.0
236 64.7626953125 53.0 1.5263671875 0.0 3.0
237 64.7626953125 53.0 1.5263671875 0.0 3.0
238 64.7626953125 53.0 1.5263671875 0.0 3.0
239 64.7626953125 53.0 1.5205078125 0.0 3.0
240 64.7626953125 53.0 1.5205078125 0.0 3.0
241 64.7626953125 53.0 1.517578125 0.0 3.0
242 64.7626953125 53.0 1.517578125 0.0 3.0
243 64.8828125 53.0 1.5146484375 0.0 3.0
244 64.8828125 53.0 1.5146484375 0.0 3.0
245 67.8828125 56.0 1.5146484375 0.0 2.0
246 67.8828125 56.0 1.5146484375 0.0 2.0
247 67.8828125 56.0 1.5146484375 0.0 2.0
248 67.8828125 56.0 1.5146484375 0.0 2.0
249 73.39453125 60.0 1.51171875 0.0 2.0
250 73.39453125 60.0 1.51171875 0.0 2.0
251 73.39453125 60.0 1.51171875 0.0 2.0
252 73.39453125 60.0 1.51171875 0.0 2.0
253 73.39453125 60.0 1.51171875 0.0 2.0
254 73.39453125 60.0 1.51171875 0.0 2.0
255 73.39453125 60.0 1.51171875 0.0 2.0
256 73.39453125 60.0 1.51171875 0.0 2.0
257 73.39453125 60.0 1.51171875 0.0 2.0
258 73.39453125 60.0 1.5029296875 0.0 2.0
259 73.39453125 60.0 1.5029296875 0.0 2.0
260 73.39453125 60.0 1.5029296875 0.0 2.0
261 73.39453125 60.0 1.5029296875 0.0 2.0
262 73.39453125 60.0 1.5029296875 0.0 2.0
263 73.39453125 60.0 1.5029296875 0.0 2.0
264 73.39453125 60.0 1.5 0.0 2.0
265 73.39453125 60.0 1.5 0.0 2.0
266 73.39453125 60.0 1.5 0.0 2.0
267 73.39453125 60.0 1.5 0.0 2.0
268 73.5 60.0 1.5 0.0 2.0
269 73.5 60.0 1.5 0.0 2.0
270 73.5 60.0 1.5 0.0 2.0
271 73.5 60.0 1.5 0.0 2.0
272 73.5 60.0 1.5 0.0 2.0
273 73.5 60.0 1.5 0.0 2.0
274 73.5 60.0 1.5 0.0 2.0
275 73.5 60.0 1.5 0.0 2.0
276 73.5 60.0 1.5 0.0 2.0
277 73.5 60.0 1.5 0.0 2.0
278 73.5 60.0 1.5 0.0 2.0
279 73.5 60.0 1.5 0.0 2.0
280 73.5 60.0 1.5 0.0 2.0
281 73.5 60.0 1.5 0.0 2.0
282 73.5 60.0 1.5 0.0 2.0
283 73.5 60.0 1.5 0.0 2.0
284 73.5 60.0 1.5 0.0 2.0
285 73.5 60.0 1.5 0.0 2.0
286 73.5263671875 60.0 1.4970703125 0.0 2.0
287 73.5263671875 60.0 1.4970703125 0.0 2.0
288 73.5263671875 60.0 1.494140625 0.0 2.0
289 73.5263671875 60.0 1.494140625 0.0 2.0
290 73.5263671875 60.0 1.494140625 0.0 2.0
291 73.552734375 60.0 1.494140625 0.0 2.0
292 73.552734375 60.0 1.494140625 0.0 2.0
293 73.552734375 60.0 1.4912109375 0.0 2.0
294 73.552734375 60.0 1.4912109375 0.0 2.0
295 73.552734375 60.0 1.48828125 0.0 2.0
296 73.552734375 60.0 1.48828125 0.0 2.0
297 73.552734375 60.0 1.4853515625 0.0 2.0
298 73.552734375 60.0 1.4853515625 0.0 2.0
299 73.552734375 60.0 1.4853515625 0.0 2.0
300 73.552734375 60.0 1.4853515625 0.0 2.0
301 73.552734375 60.0 1.4853515625 0.0 2.0
302 73.552734375 60.0 1.4853515625 0.0 2.0
303 73.552734375 60.0 1.4853515625 0.0 2.0
304 73.658203125 60.0 1.482421875 0.0 2.0
305 73.658203125 60.0 1.482421875 0.0 2.0
306 73.658203125 60.0 1.482421875 0.0 2.0
307 73.658203125 60.0 1.482421875 0.0 2.0
308 73.658203125 60.0 1.482421875 0.0 2.0
309 73.658203125 60.0 1.482421875 0.0 2.0
310 73.658203125 60.0 1.482421875 0.0 2.0
311 73.658203125 60.0 1.482421875 0.0 2.0
312 73.658203125 60.0 1.482421875 0.0 2.0
313 73.658203125 60.0 1.4765625 0.0 2.0
314 73.658203125 60.0 1.4765625 0.0 2.0
315 73.658203125 60.0 1.4765625 0.0 2.0
316 73.658203125 60.0 1.4765625 0.0 2.0
317 73.7109375 60.0 1.4765625 0.0 2.0
318 73.7109375 60.0 1.4765625 0.0 2.0
319 73.7109375 60.0 1.470703125 0.0 2.0
320 73.7109375 60.0 1.470703125 0.0 2.0
321 73.7109375 60.0 1.470703125 0.0 2.0
322 73.7109375 60.0 1.470703125 0.0 2.0
323 73.787109375 60.0 1.4677734375 0.0 2.0
324 73.787109375 60.0 1.4677734375 0.0 2.0
325 73.8134765625 60.0 1.46484375 0.0 2.0
326 73.8134765625 60.0 1.46484375 0.0 2.0
327 73.8134765625 60.0 1.46484375 0.0 2.0
328 73.8134765625 60.0 1.46484375 0.0 2.0
329 73.8134765625 60.0 1.46484375 0.0 2.0
330 73.8134765625 60.0 1.46484375 0.0 2.0
331 73.8134765625 60.0 1.4619140625 0.0 2.0
332 73.8134765625 60.0 1.4619140625 0.0 2.0
333 73.8134765625 60.0 1.4619140625 0.0 2.0
334 73.8134765625 60.0 1.458984375 0.0 2.0
335 73.8134765625 60.0 1.458984375 0.0 2.0
336 73.8134765625 60.0 1.4560546875 0.0 2.0
337 73.8134765625 60.0 1.4560546875 0.0 2.0
338 73.8134765625 60.0 1.4560546875 0.0 2.0
339 73.921875 60.0 1.453125 0.0 2.0
340 73.921875 60.0 1.453125 0.0 2.0
341 73.921875 60.0 1.447265625 0.0 2.0
342 73.921875 60.0 1.447265625 0.0 2.0
343 73.921875 60.0 1.447265625 0.0 2.0
344 73.921875 60.0 1.447265625 0.0 2.0
345 73.921875 60.0 1.447265625 0.0 2.0
346 73.921875 60.0 1.447265625 0.0 2.0
347 73.921875 60.0 1.447265625 0.0 2.0
348 73.921875 60.0 1.447265625 0.0 2.0
349 73.921875 60.0 1.4443359375 0.0 2.0
350 73.921875 60.0 1.4443359375 0.0 2.0
351 73.921875 60.0 1.4443359375 0.0 2.0
352 75.556640625 60.0 1.4443359375 0.0 2.0
353 75.556640625 60.0 1.4443359375 0.0 2.0
354 75.556640625 60.0 1.4443359375 0.0 2.0
355 75.556640625 60.0 1.44140625 0.0 2.0
356 75.556640625 60.0 1.44140625 0.0 2.0
357 75.556640625 60.0 1.44140625 0.0 2.0
358 75.556640625 60.0 1.44140625 0.0 2.0
359 75.556640625 60.0 1.44140625 0.0 2.0
360 75.556640625 60.0 1.44140625 0.0 2.0
361 75.556640625 60.0 1.4384765625 0.0 2.0
362 75.556640625 60.0 1.4384765625 0.0 2.0
363 75.556640625 60.0 1.4384765625 0.0 2.0
364 75.556640625 60.0 1.4384765625 0.0 2.0
365 75.556640625 60.0 1.4384765625 0.0 2.0
366 75.556640625 60.0 1.4384765625 0.0 2.0
367 75.556640625 60.0 1.4384765625 0.0 2.0
368 75.556640625 60.0 1.4384765625 0.0 2.0
369 75.556640625 60.0 1.4384765625 0.0 2.0
370 75.556640625 60.0 1.4384765625 0.0 2.0
371 75.556640625 60.0 1.435546875 0.0 2.0
372 75.556640625 60.0 1.435546875 0.0 2.0
373 75.556640625 60.0 1.435546875 0.0 2.0
374 75.556640625 60.0 1.435546875 0.0 2.0
375 75.556640625 60.0 1.435546875 0.0 2.0
376 75.556640625 60.0 1.435546875 0.0 2.0
377 75.556640625 60.0 1.435546875 0.0 2.0
378 75.556640625 60.0 1.435546875 0.0 2.0
379 75.556640625 60.0 1.4296875 0.0 2.0
380 75.556640625 60.0 1.4296875 0.0 2.0
381 75.556640625 60.0 1.423828125 0.0 2.0
382 75.556640625 60.0 1.423828125 0.0 2.0
383 75.556640625 60.0 1.41796875 0.0 2.0
384 75.556640625 60.0 1.41796875 0.0 2.0
385 75.556640625 60.0 1.41796875 0.0 2.0
386 75.556640625 60.0 1.41796875 0.0 2.0
387 75.556640625 60.0 1.41796875 0.0 2.0
388 75.556640625 60.0 1.41796875 0.0 2.0
389 75.556640625 60.0 1.41796875 0.0 2.0
390 75.556640625 60.0 1.412109375 0.0 2.0
391 75.556640625 60.0 1.412109375 0.0 2.0
392 75.556640625 60.0 1.412109375 0.0 2.0
393 75.556640625 60.0 1.4091796875 0.0 2.0
394 75.556640625 60.0 1.4091796875 0.0 2.0
395 75.556640625 60.0 1.4091796875 0.0 2.0
396 75.556640625 60.0 1.4091796875 0.0 2.0
397 75.556640625 60.0 1.4091796875 0.0 2.0
398 75.556640625 60.0 1.40625 0.0 2.0
399 75.556640625 60.0 1.40625 0.0 2.0
400 75.556640625 60.0 1.40625 0.0 2.0
401 75.556640625 60.0 1.40625 0.0 2.0
402 75.556640625 60.0 1.40625 0.0 2.0
403 75.556640625 60.0 1.40625 0.0 2.0
404 75.556640625 60.0 1.40625 0.0 2.0
405 75.556640625 60.0 1.4033203125 0.0 2.0
406 75.556640625 60.0 1.4033203125 0.0 2.0
407 75.556640625 60.0 1.4033203125 0.0 2.0
408 75.556640625 60.0 1.400390625 0.0 2.0
409 75.556640625 60.0 1.400390625 0.0 2.0
410 75.556640625 60.0 1.400390625 0.0 2.0
411 75.556640625 60.0 1.400390625 0.0 2.0
412 75.556640625 60.0 1.400390625 0.0 2.0
413 75.556640625 60.0 1.400390625 0.0 2.0
414 75.556640625 60.0 1.400390625 0.0 2.0
415 75.556640625 60.0 1.400390625 0.0 2.0
416 75.556640625 60.0 1.400390625 0.0 2.0
417 75.556640625 60.0 1.400390625 0.0 2.0
418 75.556640625 60.0 1.400390625 0.0 2.0
419 75.556640625 60.0 1.400390625 0.0 2.0
420 75.556640625 60.0 1.400390625 0.0 2.0
421 75.556640625 60.0 1.400390625 0.0 2.0
422 75.556640625 60.0 1.400390625 0.0 2.0
423 75.556640625 60.0 1.400390625 0.0 2.0
424 75.556640625 60.0 1.400390625 0.0 2.0
425 75.556640625 60.0 1.3974609375 0.0 2.0
426 75.556640625 60.0 1.3974609375 0.0 2.0
427 75.556640625 60.0 1.3974609375 0.0 2.0
428 76.025390625 60.0 1.3974609375 0.0 2.0
429 76.025390625 60.0 1.3974609375 0.0 2.0
430 76.025390625 60.0 1.3974609375 0.0 2.0
431 76.025390625 60.0 1.3974609375 0.0 2.0
432 76.025390625 60.0 1.3974609375 0.0 2.0
433 76.025390625 60.0 1.3974609375 0.0 2.0
434 76.025390625 60.0 1.3974609375 0.0 2.0
435 76.025390625 60.0 1.3974609375 0.0 2.0
436 76.025390625 60.0 1.3974609375 0.0 2.0
437 76.025390625 60.0 1.3974609375 0.0 2.0
438 76.025390625 60.0 1.39453125 0.0 2.0
439 76.025390625 60.0 1.39453125 0.0 2.0
440 76.025390625 60.0 1.39453125 0.0 2.0
441 76.025390625 60.0 1.39453125 0.0 2.0
442 76.025390625 60.0 1.39453125 0.0 2.0
443 76.025390625 60.0 1.39453125 0.0 2.0
444 76.025390625 60.0 1.3916015625 0.0 2.0
445 76.025390625 60.0 1.3916015625 0.0 2.0
446 76.025390625 60.0 1.3916015625 0.0 2.0
447 76.025390625 60.0 1.3916015625 0.0 2.0
448 76.025390625 60.0 1.3916015625 0.0 2.0
449 76.025390625 60.0 1.3916015625 0.0 2.0
450 76.025390625 60.0 1.3916015625 0.0 2.0
451 76.025390625 60.0 1.3916015625 0.0 2.0
452 76.025390625 60.0 1.3916015625 0.0 2.0
453 76.025390625 60.0 1.3916015625 0.0 2.0
454 76.025390625 60.0 1.3916015625 0.0 2.0
455 76.025390625 60.0 1.388671875 0.0 2.0
456 76.025390625 60.0 1.388671875 0.0 2.0
457 76.025390625 60.0 1.388671875 0.0 2.0
458 76.025390625 60.0 1.388671875 0.0 2.0
459 76.025390625 60.0 1.388671875 0.0 2.0
460 76.025390625 60.0 1.3857421875 0.0 2.0
461 76.025390625 60.0 1.3857421875 0.0 2.0
462 76.025390625 60.0 1.3857421875 0.0 2.0
463 76.025390625 60.0 1.3857421875 0.0 2.0
464 76.025390625 60.0 1.3857421875 0.0 2.0
465 76.025390625 60.0 1.3857421875 0.0 2.0
466 76.025390625 60.0 1.3857421875 0.0 2.0
467 76.025390625 60.0 1.3857421875 0.0 2.0
468 76.025390625 60.0 1.3857421875 0.0 2.0
469 76.025390625 60.0 1.3857421875 0.0 2.0
470 76.025390625 60.0 1.3857421875 0.0 2.0
471 76.025390625 60.0 1.3857421875 0.0 2.0
472 76.025390625 60.0 1.3857421875 0.0 2.0
473 76.025390625 60.0 1.3857421875 0.0 2.0
474 76.025390625 60.0 1.3828125 0.0 2.0
475 76.025390625 60.0 1.3828125 0.0 2.0
476 76.025390625 60.0 1.3828125 0.0 2.0
477 76.025390625 60.0 1.3828125 0.0 2.0
478 76.025390625 60.0 1.3828125 0.0 2.0
479 76.025390625 60.0 1.3828125 0.0 2.0
480 76.025390625 60.0 1.3828125 0.0 2.0
481 76.025390625 60.0 1.3828125 0.0 2.0
482 76.025390625 60.0 1.3828125 0.0 2.0
483 76.025390625 60.0 1.3828125 0.0 2.0
484 76.025390625 60.0 1.3828125 0.0 2.0
485 76.025390625 60.0 1.3828125 0.0 2.0
486 76.025390625 60.0 1.3828125 0.0 2.0
487 76.025390625 60.0 1.3828125 0.0 2.0
488 76.025390625 60.0 1.3798828125 0.0 2.0
489 76.025390625 60.0 1.3798828125 0.0 2.0
490 76.025390625 60.0 1.3798828125 0.0 2.0
491 76.025390625 60.0 1.376953125 0.0 2.0
492 76.025390625 60.0 1.376953125 0.0 2.0
493 76.025390625 60.0 1.376953125 0.0 2.0
494 76.025390625 60.0 1.376953125 0.0 2.0
495 76.025390625 60.0 1.376953125 0.0 2.0
496 76.025390625 60.0 1.376953125 0.0 2.0
497 76.025390625 60.0 1.376953125 0.0 2.0
498 76.025390625 60.0 1.376953125 0.0 2.0
499 76.025390625 60.0 1.376953125 0.0 2.0
500 76.025390625 60.0 1.3740234375 0.0 2.0
501 76.025390625 60.0 1.3740234375 0.0 2.0
502 76.025390625 60.0 1.3740234375 0.0 2.0
503 76.025390625 60.0 1.3740234375 0.0 2.0
504 76.025390625 60.0 1.3740234375 0.0 2.0
505 76.025390625 60.0 1.37109375 0.0 2.0
506 76.025390625 60.0 1.37109375 0.0 2.0
507 76.025390625 60.0 1.37109375 0.0 2.0
508 76.025390625 60.0 1.3681640625 0.0 2.0
509 76.025390625 60.0 1.3681640625 0.0 2.0
510 76.025390625 60.0 1.365234375 0.0 2.0
511 76.025390625 60.0 1.365234375 0.0 2.0
512 76.025390625 60.0 1.365234375 0.0 2.0
513 76.025390625 60.0 1.365234375 0.0 2.0
514 76.025390625 60.0 1.365234375 0.0 2.0
515 76.025390625 60.0 1.365234375 0.0 2.0
516 76.025390625 60.0 1.365234375 0.0 2.0
517 76.025390625 60.0 1.365234375 0.0 2.0
518 76.025390625 60.0 1.3623046875 0.0 2.0
519 76.025390625 60.0 1.3623046875 0.0 2.0
520 76.025390625 60.0 1.3623046875 0.0 2.0
521 76.025390625 60.0 1.3623046875 0.0 2.0
522 76.025390625 60.0 1.359375 0.0 2.0
523 76.025390625 60.0 1.359375 0.0 2.0
524 76.025390625 60.0 1.359375 0.0 2.0
525 76.025390625 60.0 1.359375 0.0 2.0
526 76.025390625 60.0 1.359375 0.0 2.0
527 76.025390625 60.0 1.359375 0.0 2.0
528 76.025390625 60.0 1.3564453125 0.0 2.0
529 76.025390625 60.0 1.3564453125 0.0 2.0
530 76.025390625 60.0 1.353515625 0.0 2.0
531 76.025390625 60.0 1.353515625 0.0 2.0
532 76.025390625 60.0 1.353515625 0.0 2.0
533 76.025390625 60.0 1.353515625 0.0 2.0
534 76.025390625 60.0 1.353515625 0.0 2.0
535 76.025390625 60.0 1.353515625 0.0 2.0
536 76.025390625 60.0 1.353515625 0.0 2.0
537 76.025390625 60.0 1.353515625 0.0 2.0
538 76.025390625 60.0 1.353515625 0.0 2.0
539 76.025390625 60.0 1.353515625 0.0 2.0
540 76.025390625 60.0 1.353515625 0.0 2.0
541 76.025390625 60.0 1.353515625 0.0 2.0
542 76.025390625 60.0 1.3505859375 0.0 2.0
543 76.025390625 60.0 1.3505859375 0.0 2.0
544 76.025390625 60.0 1.3505859375 0.0 2.0
545 76.025390625 60.0 1.3505859375 0.0 2.0
546 76.025390625 60.0 1.3505859375 0.0 2.0
547 76.025390625 60.0 1.3505859375 0.0 2.0
548 76.025390625 60.0 1.3505859375 0.0 2.0
549 76.025390625 60.0 1.3505859375 0.0 2.0
550 76.025390625 60.0 1.3505859375 0.0 2.0
551 76.025390625 60.0 1.34765625 0.0 2.0
552 76.025390625 60.0 1.34765625 0.0 2.0
553 76.025390625 60.0 1.34765625 0.0 2.0
554 76.025390625 60.0 1.34765625 0.0 2.0
555 76.025390625 60.0 1.34765625 0.0 2.0
556 76.025390625 60.0 1.34765625 0.0 2.0
557 76.025390625 60.0 1.34765625 0.0 2.0
558 76.025390625 60.0 1.34765625 0.0 2.0
559 76.025390625 60.0 1.34765625 0.0 2.0
560 76.025390625 60.0 1.34765625 0.0 2.0
561 76.025390625 60.0 1.34765625 0.0 2.0
562 76.025390625 60.0 1.34765625 0.0 2.0
563 76.025390625 60.0 1.3447265625 0.0 2.0
564 76.025390625 60.0 1.3447265625 0.0 2.0
565 76.025390625 60.0 1.3447265625 0.0 2.0
566 76.025390625 60.0 1.3447265625 0.0 2.0
567 76.025390625 60.0 1.3447265625 0.0 2.0
568 76.025390625 60.0 1.3447265625 0.0 2.0
569 76.025390625 60.0 1.3447265625 0.0 2.0
570 76.025390625 60.0 1.3447265625 0.0 2.0
571 76.025390625 60.0 1.341796875 0.0 2.0
572 76.025390625 60.0 1.341796875 0.0 2.0
573 76.025390625 60.0 1.341796875 0.0 2.0
574 76.025390625 60.0 1.341796875 0.0 2.0
575 76.025390625 60.0 1.3388671875 0.0 2.0
576 76.025390625 60.0 1.3388671875 0.0 2.0
577 76.025390625 60.0 1.3388671875 0.0 2.0
578 76.025390625 60.0 1.3388671875 0.0 2.0
579 76.025390625 60.0 1.3388671875 0.0 2.0
580 76.025390625 60.0 1.3388671875 0.0 2.0
581 76.025390625 60.0 1.3388671875 0.0 2.0
582 76.025390625 60.0 1.3388671875 0.0 2.0
583 76.025390625 60.0 1.3388671875 0.0 2.0
584 76.025390625 60.0 1.3388671875 0.0 2.0
585 76.025390625 60.0 1.3388671875 0.0 2.0
586 76.025390625 60.0 1.3388671875 0.0 2.0
587 76.025390625 60.0 1.3388671875 0.0 2.0
588 76.025390625 60.0 1.3388671875 0.0 2.0
589 76.025390625 60.0 1.3388671875 0.0 2.0
590 76.025390625 60.0 1.3388671875 0.0 2.0
591 76.025390625 60.0 1.3388671875 0.0 2.0
592 76.025390625 60.0 1.3388671875 0.0 2.0
593 76.025390625 60.0 1.3388671875 0.0 2.0
594 76.025390625 60.0 1.3388671875 0.0 2.0
595 76.025390625 60.0 1.3388671875 0.0 2.0
596 76.025390625 60.0 1.3359375 0.0 2.0
597 76.025390625 60.0 1.3359375 0.0 2.0
598 76.025390625 60.0 1.3359375 0.0 2.0
599 76.025390625 60.0 1.3359375 0.0 2.0
600 76.025390625 60.0 1.3359375 0.0 2.0
601 76.025390625 60.0 1.3359375 0.0 2.0
602 76.025390625 60.0 1.3359375 0.0 2.0
603 76.025390625 60.0 1.3359375 0.0 2.0
604 76.025390625 60.0 1.3359375 0.0 2.0
605 76.025390625 60.0 1.3330078125 0.0 2.0
606 76.025390625 60.0 1.3330078125 0.0 2.0
607 76.025390625 60.0 1.3330078125 0.0 2.0
608 76.025390625 60.0 1.3330078125 0.0 2.0
609 76.025390625 60.0 1.3271484375 0.0 2.0
610 76.025390625 60.0 1.3271484375 0.0 2.0
611 76.025390625 60.0 1.3271484375 0.0 2.0
612 76.025390625 60.0 1.3271484375 0.0 2.0
613 76.025390625 60.0 1.3271484375 0.0 2.0
614 76.025390625 60.0 1.32421875 0.0 2.0
615 76.025390625 60.0 1.32421875 0.0 2.0
616 76.025390625 60.0 1.32421875 0.0 2.0
617 76.025390625 60.0 1.32421875 0.0 2.0
618 76.025390625 60.0 1.3212890625 0.0 2.0
619 76.025390625 60.0 1.3212890625 0.0 2.0
620 76.025390625 60.0 1.3212890625 0.0 2.0
621 76.025390625 60.0 1.3212890625 0.0 2.0
622 76.025390625 60.0 1.3212890625 0.0 2.0
623 76.025390625 60.0 1.3212890625 0.0 2.0
624 76.025390625 60.0 1.3212890625 0.0 2.0
625 76.025390625 60.0 1.318359375 0.0 2.0
626 76.025390625 60.0 1.318359375 0.0 2.0
627 76.025390625 60.0 1.318359375 0.0 2.0
628 76.025390625 60.0 1.318359375 0.0 2.0
629 76.025390625 60.0 1.318359375 0.0 2.0
630 76.025390625 60.0 1.318359375 0.0 2.0
631 76.025390625 60.0 1.318359375 0.0 2.0
632 76.025390625 60.0 1.318359375 0.0 2.0
633 76.025390625 60.0 1.318359375 0.0 2.0
634 76.025390625 60.0 1.3154296875 0.0 2.0
635 76.025390625 60.0 1.3154296875 0.0 2.0
636 76.025390625 60.0 1.3154296875 0.0 2.0
637 76.025390625 60.0 1.3154296875 0.0 2.0
638 76.025390625 60.0 1.3154296875 0.0 2.0
639 76.025390625 60.0 1.3125 0.0 2.0
640 76.025390625 60.0 1.3125 0.0 2.0
641 76.025390625 60.0 1.3125 0.0 2.0
642 76.025390625 60.0 1.3125 0.0 2.0
643 76.025390625 60.0 1.3125 0.0 2.0
644 76.025390625 60.0 1.3125 0.0 2.0
645 76.025390625 60.0 1.3125 0.0 2.0
646 76.025390625 60.0 1.3095703125 0.0 2.0
647 76.025390625 60.0 1.3095703125 0.0 2.0
648 76.025390625 60.0 1.3095703125 0.0 2.0
649 76.025390625 60.0 1.3095703125 0.0 2.0
650 76.025390625 60.0 1.3095703125 0.0 2.0
651 76.025390625 60.0 1.3095703125 0.0 2.0
652 76.025390625 60.0 1.3095703125 0.0 2.0
653 76.025390625 60.0 1.3095703125 0.0 2.0
654 76.025390625 60.0 1.3095703125 0.0 2.0
655 76.025390625 60.0 1.3095703125 0.0 2.0
656 76.025390625 60.0 1.3095703125 0.0 2.0
657 76.025390625 60.0 1.3095703125 0.0 2.0
658 76.025390625 60.0 1.3095703125 0.0 2.0
659 76.025390625 60.0 1.3095703125 0.0 2.0
660 76.025390625 60.0 1.3095703125 0.0 2.0
661 76.025390625 60.0 1.3095703125 0.0 2.0
662 76.025390625 60.0 1.3095703125 0.0 2.0
663 76.025390625 60.0 1.3095703125 0.0 2.0
664 76.025390625 60.0 1.3095703125 0.0 2.0
665 76.025390625 60.0 1.3095703125 0.0 2.0
666 76.025390625 60.0 1.3095703125 0.0 2.0
667 76.025390625 60.0 1.3095703125 0.0 2.0
668 76.025390625 60.0 1.3095703125 0.0 2.0
669 76.025390625 60.0 1.3095703125 0.0 2.0
670 76.025390625 60.0 1.306640625 0.0 2.0
671 76.025390625 60.0 1.306640625 0.0 2.0
672 76.025390625 60.0 1.306640625 0.0 2.0
673 76.025390625 60.0 1.306640625 0.0 2.0
674 76.025390625 60.0 1.306640625 0.0 2.0
675 76.025390625 60.0 1.306640625 0.0 2.0
676 76.025390625 60.0 1.306640625 0.0 2.0
677 76.025390625 60.0 1.306640625 0.0 2.0
678 76.025390625 60.0 1.306640625 0.0 2.0
679 76.025390625 60.0 1.306640625 0.0 2.0
680 76.025390625 60.0 1.306640625 0.0 2.0
681 76.025390625 60.0 1.306640625 0.0 2.0
682 76.025390625 60.0 1.306640625 0.0 2.0
683 76.025390625 60.0 1.306640625 0.0 2.0
684 76.025390625 60.0 1.306640625 0.0 2.0
685 76.025390625 60.0 1.306640625 0.0 2.0
686 76.025390625 60.0 1.306640625 0.0 2.0
687 76.025390625 60.0 1.306640625 0.0 2.0
688 76.025390625 60.0 1.306640625 0.0 2.0
689 76.025390625 60.0 1.306640625 0.0 2.0
690 76.025390625 60.0 1.306640625 0.0 2.0
691 76.025390625 60.0 1.306640625 0.0 2.0
692 76.025390625 60.0 1.306640625 0.0 2.0
693 76.025390625 60.0 1.306640625 0.0 2.0
694 76.025390625 60.0 1.306640625 0.0 2.0
695 76.025390625 60.0 1.306640625 0.0 2.0
696 76.025390625 60.0 1.306640625 0.0 2.0
697 76.025390625 60.0 1.306640625 0.0 2.0
698 76.025390625 60.0 1.306640625 0.0 2.0
699 76.025390625 60.0 1.306640625 0.0 2.0
700 76.025390625 60.0 1.306640625 0.0 2.0
701 76.025390625 60.0 1.306640625 0.0 2.0
702 76.025390625 60.0 1.306640625 0.0 2.0
703 76.025390625 60.0 1.306640625 0.0 2.0
704 76.025390625 60.0 1.306640625 0.0 2.0
705 76.025390625 60.0 1.306640625 0.0 2.0
706 76.9599609375 60.0 1.3037109375 0.0 2.0
707 76.9599609375 60.0 1.3037109375 0.0 2.0
708 76.9599609375 60.0 1.3037109375 0.0 2.0
709 76.9599609375 60.0 1.30078125 0.0 2.0
710 76.9599609375 60.0 1.30078125 0.0 2.0
711 76.9599609375 60.0 1.30078125 0.0 2.0
712 76.9599609375 60.0 1.30078125 0.0 2.0
713 76.9599609375 60.0 1.30078125 0.0 2.0
714 76.9599609375 60.0 1.30078125 0.0 2.0
715 76.9599609375 60.0 1.30078125 0.0 2.0
716 76.9599609375 60.0 1.30078125 0.0 2.0
717 76.9599609375 60.0 1.30078125 0.0 2.0
718 76.9599609375 60.0 1.30078125 0.0 2.0
719 76.9599609375 60.0 1.30078125 0.0 2.0
720 76.9599609375 60.0 1.30078125 0.0 2.0
721 76.9599609375 60.0 1.30078125 0.0 2.0
722 76.9599609375 60.0 1.30078125 0.0 2.0
723 76.9599609375 60.0 1.30078125 0.0 2.0
724 76.9599609375 60.0 1.30078125 0.0 2.0
725 76.9599609375 60.0 1.30078125 0.0 2.0
726 76.9599609375 60.0 1.30078125 0.0 2.0
727 76.9599609375 60.0 1.30078125 0.0 2.0
728 76.9599609375 60.0 1.30078125 0.0 2.0
729 76.9599609375 60.0 1.30078125 0.0 2.0
730 76.9599609375 60.0 1.30078125 0.0 2.0
731 76.9599609375 60.0 1.30078125 0.0 2.0
732 76.9599609375 60.0 1.30078125 0.0 2.0
733 76.9599609375 60.0 1.30078125 0.0 2.0
734 76.9599609375 60.0 1.30078125 0.0 2.0
735 76.9599609375 60.0 1.30078125 0.0 2.0
736 76.9599609375 60.0 1.30078125 0.0 2.0
737 76.9599609375 60.0 1.30078125 0.0 2.0
738 76.9599609375 60.0 1.30078125 0.0 2.0
739 76.9599609375 60.0 1.30078125 0.0 2.0
740 76.9599609375 60.0 1.30078125 0.0 2.0
741 76.9599609375 60.0 1.30078125 0.0 2.0
742 76.9599609375 60.0 1.30078125 0.0 2.0
743 76.9599609375 60.0 1.30078125 0.0 2.0
744 76.9599609375 60.0 1.30078125 0.0 2.0
745 76.9599609375 60.0 1.30078125 0.0 2.0
746 76.9599609375 60.0 1.30078125 0.0 2.0
747 76.9599609375 60.0 1.2978515625 0.0 2.0
748 76.9599609375 60.0 1.2978515625 0.0 2.0
749 76.9599609375 60.0 1.2978515625 0.0 2.0
750 76.9599609375 60.0 1.2978515625 0.0 2.0
751 76.9599609375 60.0 1.2978515625 0.0 2.0
752 76.9599609375 60.0 1.2978515625 0.0 2.0
753 76.9599609375 60.0 1.2978515625 0.0 2.0
754 76.9599609375 60.0 1.2978515625 0.0 2.0
755 76.9599609375 60.0 1.2978515625 0.0 2.0
756 76.9599609375 60.0 1.2978515625 0.0 2.0
757 76.9599609375 60.0 1.294921875 0.0 2.0
758 76.9599609375 60.0 1.294921875 0.0 2.0
759 76.9599609375 60.0 1.294921875 0.0 2.0
760 76.9599609375 60.0 1.294921875 0.0 2.0
761 76.9599609375 60.0 1.294921875 0.0 2.0
762 76.9599609375 60.0 1.294921875 0.0 2.0
763 76.9599609375 60.0 1.294921875 0.0 2.0
764 76.9599609375 60.0 1.294921875 0.0 2.0
765 76.9599609375 60.0 1.294921875 0.0 2.0
766 76.9599609375 60.0 1.2919921875 0.0 2.0
767 76.9599609375 60.0 1.2919921875 0.0 2.0
768 76.9599609375 60.0 1.2919921875 0.0 2.0
769 76.9599609375 60.0 1.2919921875 0.0 2.0
770 76.9599609375 60.0 1.2919921875 0.0 2.0
771 76.9599609375 60.0 1.2919921875 0.0 2.0
772 76.9599609375 60.0 1.2919921875 0.0 2.0
773 76.9599609375 60.0 1.2919921875 0.0 2.0
774 76.9599609375 60.0 1.2919921875 0.0 2.0
775 76.9599609375 60.0 1.2890625 0.0 2.0
776 76.9599609375 60.0 1.2890625 0.0 2.0
777 76.9599609375 60.0 1.2890625 0.0 2.0
778 76.9599609375 60.0 1.2890625 0.0 2.0
779 76.9599609375 60.0 1.2890625 0.0 2.0
780 76.9599609375 60.0 1.2890625 0.0 2.0
781 76.9599609375 60.0 1.2890625 0.0 2.0
782 76.9599609375 60.0 1.2890625 0.0 2.0
783 76.9599609375 60.0 1.2890625 0.0 2.0
784 76.9599609375 60.0 1.2890625 0.0 2.0
785 76.9599609375 60.0 1.2861328125 0.0 2.0
786 76.9599609375 60.0 1.2861328125 0.0 2.0
787 76.9599609375 60.0 1.2861328125 0.0 2.0
788 76.9599609375 60.0 1.2861328125 0.0 2.0
789 76.9599609375 60.0 1.2861328125 0.0 2.0
790 76.9599609375 60.0 1.2861328125 0.0 2.0
791 76.9599609375 60.0 1.2861328125 0.0 2.0
792 76.9599609375 60.0 1.2861328125 0.0 2.0
793 76.9599609375 60.0 1.2861328125 0.0 2.0
794 76.9599609375 60.0 1.2861328125 0.0 2.0
795 76.9599609375 60.0 1.2861328125 0.0 2.0
796 76.9599609375 60.0 1.2861328125 0.0 2.0
797 76.9599609375 60.0 1.2861328125 0.0 2.0
798 76.9599609375 60.0 1.2861328125 0.0 2.0
799 76.9599609375 60.0 1.2861328125 0.0 2.0
800 76.9599609375 60.0 1.2861328125 0.0 2.0
801 76.9599609375 60.0 1.2861328125 0.0 2.0
802 76.9599609375 60.0 1.2861328125 0.0 2.0
803 76.9599609375 60.0 1.283203125 0.0 2.0
804 76.9599609375 60.0 1.283203125 0.0 2.0
805 76.9599609375 60.0 1.283203125 0.0 2.0
806 76.9599609375 60.0 1.2802734375 0.0 2.0
807 76.9599609375 60.0 1.2802734375 0.0 2.0
808 76.9599609375 60.0 1.2802734375 0.0 2.0
809 76.9599609375 60.0 1.2802734375 0.0 2.0
810 76.9599609375 60.0 1.2802734375 0.0 2.0
811 76.9599609375 60.0 1.2802734375 0.0 2.0
812 76.9599609375 60.0 1.2802734375 0.0 2.0
813 76.9599609375 60.0 1.2802734375 0.0 2.0
814 76.9599609375 60.0 1.2802734375 0.0 2.0
815 76.9599609375 60.0 1.2802734375 0.0 2.0
816 76.9599609375 60.0 1.2802734375 0.0 2.0
817 76.9599609375 60.0 1.2802734375 0.0 2.0
818 76.9599609375 60.0 1.2802734375 0.0 2.0
819 76.9599609375 60.0 1.2802734375 0.0 2.0
820 76.9599609375 60.0 1.2802734375 0.0 2.0
821 76.9599609375 60.0 1.2802734375 0.0 2.0
822 76.9599609375 60.0 1.2802734375 0.0 2.0
823 76.9599609375 60.0 1.2802734375 0.0 2.0
824 76.9599609375 60.0 1.2802734375 0.0 2.0
825 76.9599609375 60.0 1.2802734375 0.0 2.0
826 76.9599609375 60.0 1.2802734375 0.0 2.0
827 76.9599609375 60.0 1.2802734375 0.0 2.0
828 76.9599609375 60.0 1.27734375 0.0 2.0
829 76.9599609375 60.0 1.27734375 0.0 2.0
830 76.9599609375 60.0 1.27734375 0.0 2.0
831 76.9599609375 60.0 1.27734375 0.0 2.0
832 76.9599609375 60.0 1.2744140625 0.0 2.0
833 76.9599609375 60.0 1.2744140625 0.0 2.0
834 76.9599609375 60.0 1.2744140625 0.0 2.0
835 76.9599609375 60.0 1.2744140625 0.0 2.0
836 76.9599609375 60.0 1.2744140625 0.0 2.0
837 76.9599609375 60.0 1.2744140625 0.0 2.0
838 77.255859375 60.0 1.2744140625 0.0 2.0
839 77.255859375 60.0 1.2744140625 0.0 2.0
840 77.255859375 60.0 1.2744140625 0.0 2.0
841 77.255859375 60.0 1.271484375 0.0 2.0
842 77.255859375 60.0 1.271484375 0.0 2.0
843 77.255859375 60.0 1.271484375 0.0 2.0
844 77.255859375 60.0 1.271484375 0.0 2.0
845 77.255859375 60.0 1.271484375 0.0 2.0
846 77.255859375 60.0 1.271484375 0.0 2.0
847 77.255859375 60.0 1.271484375 0.0 2.0
848 77.255859375 60.0 1.271484375 0.0 2.0
849 77.255859375 60.0 1.271484375 0.0 2.0
850 77.255859375 60.0 1.271484375 0.0 2.0
851 77.255859375 60.0 1.271484375 0.0 2.0
852 77.255859375 60.0 1.271484375 0.0 2.0
853 77.255859375 60.0 1.271484375 0.0 2.0
854 77.255859375 60.0 1.271484375 0.0 2.0
855 77.255859375 60.0 1.271484375 0.0 2.0
856 77.255859375 60.0 1.271484375 0.0 2.0
857 77.255859375 60.0 1.271484375 0.0 2.0
858 77.255859375 60.0 1.271484375 0.0 2.0
859 77.255859375 60.0 1.271484375 0.0 2.0
860 77.255859375 60.0 1.271484375 0.0 2.0
861 77.255859375 60.0 1.271484375 0.0 2.0
862 77.255859375 60.0 1.271484375 0.0 2.0
863 77.255859375 60.0 1.271484375 0.0 2.0
864 77.255859375 60.0 1.271484375 0.0 2.0
865 77.255859375 60.0 1.271484375 0.0 2.0
866 77.255859375 60.0 1.271484375 0.0 2.0
867 77.255859375 60.0 1.271484375 0.0 2.0
868 77.255859375 60.0 1.271484375 0.0 2.0
869 77.255859375 60.0 1.271484375 0.0 2.0
870 77.255859375 60.0 1.2685546875 0.0 2.0
871 77.255859375 60.0 1.2685546875 0.0 2.0
872 77.255859375 60.0 1.2685546875 0.0 2.0
873 77.255859375 60.0 1.2685546875 0.0 2.0
874 77.255859375 60.0 1.2685546875 0.0 2.0
875 77.255859375 60.0 1.2685546875 0.0 2.0
876 77.255859375 60.0 1.2685546875 0.0 2.0
877 77.255859375 60.0 1.2685546875 0.0 2.0
878 77.255859375 60.0 1.2685546875 0.0 2.0
879 77.255859375 60.0 1.2685546875 0.0 2.0
880 77.255859375 60.0 1.2685546875 0.0 2.0
881 77.255859375 60.0 1.2685546875 0.0 2.0
882 77.255859375 60.0 1.2685546875 0.0 2.0
883 77.255859375 60.0 1.2685546875 0.0 2.0
884 77.255859375 60.0 1.2685546875 0.0 2.0
885 77.255859375 60.0 1.2685546875 0.0 2.0
886 77.255859375 60.0 1.2685546875 0.0 2.0
887 77.255859375 60.0 1.2685546875 0.0 2.0
888 77.255859375 60.0 1.2685546875 0.0 2.0
889 77.255859375 60.0 1.2685546875 0.0 2.0
890 77.255859375 60.0 1.2685546875 0.0 2.0
891 77.255859375 60.0 1.2685546875 0.0 2.0
892 77.255859375 60.0 1.2685546875 0.0 2.0
893 77.255859375 60.0 1.2685546875 0.0 2.0
894 77.255859375 60.0 1.2685546875 0.0 2.0
895 77.255859375 60.0 1.2685546875 0.0 2.0
896 77.255859375 60.0 1.2685546875 0.0 2.0
897 77.255859375 60.0 1.2685546875 0.0 2.0
898 77.255859375 60.0 1.2685546875 0.0 2.0
899 77.255859375 60.0 1.2685546875 0.0 2.0
900 77.255859375 60.0 1.2685546875 0.0 2.0
901 77.255859375 60.0 1.2685546875 0.0 2.0
902 77.255859375 60.0 1.2685546875 0.0 2.0
903 77.255859375 60.0 1.2685546875 0.0 2.0
904 77.255859375 60.0 1.2685546875 0.0 2.0
905 77.255859375 60.0 1.2685546875 0.0 2.0
906 77.255859375 60.0 1.2685546875 0.0 2.0
907 77.255859375 60.0 1.2685546875 0.0 2.0
908 77.255859375 60.0 1.2685546875 0.0 2.0
909 77.255859375 60.0 1.2685546875 0.0 2.0
910 77.255859375 60.0 1.2685546875 0.0 2.0
911 77.255859375 60.0 1.2685546875 0.0 2.0
912 77.255859375 60.0 1.2685546875 0.0 2.0
913 77.255859375 60.0 1.2685546875 0.0 2.0
914 77.255859375 60.0 1.2685546875 0.0 2.0
915 77.255859375 60.0 1.2685546875 0.0 2.0
916 77.255859375 60.0 1.2685546875 0.0 2.0
917 77.255859375 60.0 1.2685546875 0.0 2.0
918 77.255859375 60.0 1.265625 0.0 2.0
919 77.255859375 60.0 1.265625 0.0 2.0
920 77.255859375 60.0 1.265625 0.0 2.0
921 77.255859375 60.0 1.265625 0.0 2.0
922 77.255859375 60.0 1.2626953125 0.0 2.0
923 77.255859375 60.0 1.2626953125 0.0 2.0
924 77.255859375 60.0 1.2626953125 0.0 2.0
925 77.255859375 60.0 1.2626953125 0.0 2.0
926 77.255859375 60.0 1.2626953125 0.0 2.0
927 77.255859375 60.0 1.259765625 0.0 2.0
928 77.255859375 60.0 1.259765625 0.0 2.0
929 77.255859375 60.0 1.2568359375 0.0 2.0
930 77.255859375 60.0 1.2568359375 0.0 2.0
931 77.255859375 60.0 1.2568359375 0.0 2.0
932 77.255859375 60.0 1.25390625 0.0 2.0
933 77.255859375 60.0 1.25390625 0.0 2.0
934 77.255859375 60.0 1.25390625 0.0 2.0
935 77.255859375 60.0 1.25390625 0.0 2.0
936 77.255859375 60.0 1.25390625 0.0 2.0
937 77.255859375 60.0 1.25390625 0.0 2.0
938 77.255859375 60.0 1.25390625 0.0 2.0
939 77.255859375 60.0 1.25390625 0.0 2.0
940 77.255859375 60.0 1.25390625 0.0 2.0
941 77.255859375 60.0 1.25390625 0.0 2.0
942 77.255859375 60.0 1.25390625 0.0 2.0
943 77.255859375 60.0 1.25390625 0.0 2.0
944 77.255859375 60.0 1.2509765625 0.0 2.0
945 77.255859375 60.0 1.2509765625 0.0 2.0
946 77.255859375 60.0 1.2509765625 0.0 2.0
947 77.255859375 60.0 1.2509765625 0.0 2.0
948 77.255859375 60.0 1.2509765625 0.0 2.0
949 77.255859375 60.0 1.2509765625 0.0 2.0
950 77.255859375 60.0 1.2509765625 0.0 2.0
951 77.255859375 60.0 1.2509765625 0.0 2.0
952 77.255859375 60.0 1.2509765625 0.0 2.0
953 77.255859375 60.0 1.2509765625 0.0 2.0
954 77.255859375 60.0 1.2509765625 0.0 2.0
955 77.255859375 60.0 1.2509765625 0.0 2.0
956 77.255859375 60.0 1.2509765625 0.0 2.0
957 77.255859375 60.0 1.2509765625 0.0 2.0
958 77.255859375 60.0 1.2509765625 0.0 2.0
959 77.255859375 60.0 1.2509765625 0.0 2.0
960 77.255859375 60.0 1.2509765625 0.0 2.0
961 77.255859375 60.0 1.2509765625 0.0 2.0
962 77.255859375 60.0 1.2509765625 0.0 2.0
963 77.255859375 60.0 1.2509765625 0.0 2.0
964 77.255859375 60.0 1.2509765625 0.0 2.0
965 77.255859375 60.0 1.2509765625 0.0 2.0
966 77.255859375 60.0 1.2509765625 0.0 2.0
967 77.255859375 60.0 1.2509765625 0.0 2.0
968 77.255859375 60.0 1.2509765625 0.0 2.0
969 77.255859375 60.0 1.2509765625 0.0 2.0
970 77.255859375 60.0 1.2509765625 0.0 2.0
971 77.255859375 60.0 1.2509765625 0.0 2.0
972 77.255859375 60.0 1.2509765625 0.0 2.0
973 77.255859375 60.0 1.2509765625 0.0 2.0
974 77.255859375 60.0 1.2509765625 0.0 2.0
975 77.255859375 60.0 1.2509765625 0.0 2.0
976 77.255859375 60.0 1.2509765625 0.0 2.0
977 77.255859375 60.0 1.2509765625 0.0 2.0
978 77.255859375 60.0 1.2509765625 0.0 2.0
979 77.255859375 60.0 1.2509765625 0.0 2.0
980 77.255859375 60.0 1.2509765625 0.0 2.0
981 77.255859375 60.0 1.2509765625 0.0 2.0
982 77.255859375 60.0 1.2509765625 0.0 2.0
983 77.255859375 60.0 1.2509765625 0.0 2.0
984 77.255859375 60.0 1.2509765625 0.0 2.0
985 77.255859375 60.0 1.2509765625 0.0 2.0
986 77.255859375 60.0 1.2509765625 0.0 2.0
987 77.255859375 60.0 1.2509765625 0.0 2.0
988 77.255859375 60.0 1.2509765625 0.0 2.0
989 77.255859375 60.0 1.2509765625 0.0 2.0
990 77.255859375 60.0 1.248046875 0.0 2.0
991 77.255859375 60.0 1.248046875 0.0 2.0
992 77.255859375 60.0 1.248046875 0.0 2.0
993 77.255859375 60.0 1.248046875 0.0 2.0
994 77.255859375 60.0 1.248046875 0.0 2.0
995 77.255859375 60.0 1.248046875 0.0 2.0
996 77.255859375 60.0 1.248046875 0.0 2.0
997 77.255859375 60.0 1.248046875 0.0 2.0
998 77.255859375 60.0 1.248046875 0.0 2.0
999 77.255859375 60.0 1.248046875 0.0 2.0
1000 77.255859375 60.0 1.248046875 0.0 2.0
