gen HV HVnoDiscount fitness_notKilledMutants notKilledNonEqMutants fitness_testSuiteSize
1 20.697265625 20.0 5.923828125 5.0 5.0
2 25.7197265625 24.0 4.7216796875 4.0 6.0
3 25.7197265625 24.0 4.7216796875 4.0 6.0
4 25.7197265625 24.0 4.7216796875 4.0 6.0
5 25.7197265625 24.0 4.7216796875 4.0 6.0
6 25.7197265625 24.0 4.7216796875 4.0 6.0
7 25.7197265625 24.0 3.71484375 3.0 6.0
8 25.7197265625 24.0 3.71484375 3.0 6.0
9 25.7197265625 24.0 3.71484375 3.0 6.0
10 25.7197265625 24.0 3.71484375 3.0 6.0
11 30.80078125 29.0 3.640625 3.0 6.0
12 30.80078125 29.0 3.640625 3.0 6.0
13 30.80078125 29.0 3.6015625 3.0 6.0
14 30.80078125 29.0 3.6015625 3.0 6.0
15 30.80078125 29.0 3.55078125 3.0 6.0
16 30.80078125 29.0 3.55078125 3.0 6.0
17 30.80078125 29.0 3.55078125 3.0 6.0
18 30.80078125 29.0 3.4921875 3.0 6.0
19 30.80078125 29.0 3.4921875 3.0 6.0
20 30.80078125 29.0 3.4921875 3.0 6.0
21 31.84375 29.0 3.4296875 3.0 6.0
22 31.84375 29.0 3.4296875 3.0 6.0
23 31.84375 29.0 3.4296875 3.0 6.0
24 31.84375 29.0 3.375 3.0 6.0
25 31.84375 29.0 3.375 3.0 6.0
26 31.84375 29.0 3.375 3.0 6.0
27 31.84375 29.0 3.33203125 3.0 6.0
28 31.84375 29.0 3.33203125 3.0 6.0
29 31.84375 29.0 3.33203125 3.0 6.0
30 31.84375 29.0 3.26953125 3.0 6.0
31 31.84375 29.0 3.26953125 3.0 6.0
32 32.8046875 29.0 3.23828125 3.0 6.0
33 32.8046875 29.0 3.23828125 3.0 6.0
34 32.8046875 29.0 3.21484375 3.0 6.0
35 32.8046875 29.0 3.21484375 3.0 6.0
36 32.8046875 29.0 3.19140625 3.0 6.0
37 32.8046875 29.0 3.19140625 3.0 6.0
38 32.8046875 29.0 3.19140625 3.0 6.0
39 33.25 29.0 3.1484375 3.0 6.0
40 33.25 29.0 3.1484375 3.0 6.0
41 33.25 29.0 3.1484375 3.0 6.0
42 33.41015625 29.0 3.1171875 3.0 6.0
43 33.41015625 29.0 3.1171875 3.0 6.0
44 33.41015625 29.0 3.1171875 3.0 6.0
45 33.41015625 29.0 3.05078125 3.0 6.0
46 33.41015625 29.0 3.05078125 3.0 6.0
47 33.41015625 29.0 3.05078125 3.0 6.0
48 33.41015625 29.0 2.99609375 3.0 6.0
49 33.41015625 29.0 2.99609375 3.0 6.0
50 33.41015625 29.0 2.99609375 3.0 6.0
51 33.41015625 29.0 2.9453125 3.0 6.0
52 33.41015625 29.0 2.9453125 3.0 6.0
53 33.41015625 29.0 2.9453125 3.0 6.0
54 34.44921875 29.0 2.91015625 3.0 6.0
55 34.44921875 29.0 2.91015625 3.0 6.0
56 34.5859375 29.0 2.8828125 3.0 6.0
57 34.5859375 29.0 2.8828125 3.0 6.0
58 34.5859375 29.0 2.84765625 3.0 6.0
59 34.5859375 29.0 2.84765625 3.0 6.0
60 34.5859375 29.0 2.83984375 3.0 6.0
61 34.5859375 29.0 2.83984375 3.0 6.0
62 34.87109375 29.0 2.82421875 3.0 6.0
63 34.87109375 29.0 2.82421875 3.0 6.0
64 34.87109375 29.0 2.82421875 3.0 6.0
65 35.01171875 29.0 2.796875 3.0 6.0
66 35.01171875 29.0 2.796875 3.0 6.0
67 35.01171875 29.0 2.796875 3.0 6.0
68 35.01171875 29.0 2.76171875 3.0 6.0
69 35.01171875 29.0 2.76171875 3.0 6.0
70 35.01171875 29.0 2.76171875 3.0 6.0
71 35.01171875 29.0 2.76171875 3.0 6.0
72 35.01171875 29.0 2.76171875 3.0 6.0
73 35.01171875 29.0 2.76171875 3.0 6.0
74 35.01171875 29.0 2.76171875 3.0 6.0
75 35.01171875 29.0 2.76171875 3.0 6.0
76 35.01171875 29.0 2.76171875 3.0 6.0
77 35.01171875 29.0 2.76171875 3.0 6.0
78 35.01171875 29.0 2.76171875 3.0 6.0
79 35.01171875 29.0 2.76171875 3.0 6.0
80 35.01171875 29.0 2.76171875 3.0 6.0
81 35.01171875 29.0 2.76171875 3.0 6.0
82 35.01171875 29.0 2.76171875 3.0 6.0
83 35.01171875 29.0 2.76171875 3.0 6.0
84 35.01171875 29.0 2.76171875 3.0 6.0
85 35.01171875 29.0 2.76171875 3.0 6.0
86 35.01171875 29.0 2.76171875 3.0 6.0
87 35.01171875 29.0 2.76171875 3.0 6.0
88 35.01171875 29.0 2.76171875 3.0 6.0
89 35.01171875 29.0 2.76171875 3.0 6.0
90 35.01171875 29.0 2.76171875 3.0 6.0
91 35.01171875 29.0 2.76171875 3.0 6.0
92 35.01171875 29.0 2.76171875 3.0 6.0
93 35.01171875 29.0 2.76171875 3.0 6.0
94 35.01171875 29.0 2.76171875 3.0 6.0
95 35.01171875 29.0 2.76171875 3.0 6.0
96 35.01171875 29.0 2.76171875 3.0 6.0
97 35.01171875 29.0 2.76171875 3.0 6.0
98 35.01171875 29.0 2.76171875 3.0 6.0
99 35.01171875 29.0 2.76171875 3.0 6.0
100 35.01171875 29.0 2.76171875 3.0 6.0
101 35.01171875 29.0 2.76171875 3.0 6.0
102 35.01171875 29.0 2.76171875 3.0 6.0
103 35.01171875 29.0 2.76171875 3.0 6.0
104 35.01171875 29.0 2.76171875 3.0 6.0
105 35.01171875 29.0 2.76171875 3.0 6.0
106 35.01171875 29.0 2.76171875 3.0 6.0
107 35.01171875 29.0 2.76171875 3.0 6.0
108 35.01171875 29.0 2.76171875 3.0 6.0
109 35.01171875 29.0 2.76171875 3.0 6.0
110 35.01171875 29.0 2.76171875 3.0 6.0
111 35.01171875 29.0 2.76171875 3.0 6.0
112 35.01171875 29.0 2.76171875 3.0 6.0
113 35.01171875 29.0 2.76171875 3.0 6.0
114 35.01171875 29.0 2.76171875 3.0 6.0
115 35.01171875 29.0 2.76171875 3.0 6.0
116 35.01171875 29.0 2.76171875 3.0 6.0
117 35.01171875 29.0 2.76171875 3.0 6.0
118 35.01171875 29.0 2.76171875 3.0 6.0
119 35.01171875 29.0 2.76171875 3.0 6.0
120 35.01171875 29.0 2.76171875 3.0 6.0
121 35.01171875 29.0 2.76171875 3.0 6.0
122 35.01171875 29.0 2.76171875 3.0 6.0
123 35.01171875 29.0 2.76171875 3.0 6.0
124 35.01171875 29.0 2.76171875 3.0 6.0
125 35.01171875 29.0 2.76171875 3.0 6.0
126 35.01171875 29.0 2.76171875 3.0 6.0
127 35.01171875 29.0 2.76171875 3.0 6.0
128 35.01171875 29.0 2.76171875 3.0 6.0
129 35.01171875 29.0 2.76171875 3.0 6.0
130 35.01171875 29.0 2.76171875 3.0 6.0
131 35.01171875 29.0 2.76171875 3.0 6.0
132 35.01171875 29.0 2.76171875 3.0 6.0
133 35.01171875 29.0 2.76171875 3.0 6.0
134 35.01171875 29.0 2.76171875 3.0 6.0
135 35.01171875 29.0 2.76171875 3.0 6.0
136 35.01171875 29.0 2.76171875 3.0 6.0
137 35.01171875 29.0 2.76171875 3.0 6.0
138 35.01171875 29.0 2.76171875 3.0 6.0
139 35.01171875 29.0 2.76171875 3.0 6.0
140 35.01171875 29.0 2.76171875 3.0 6.0
141 35.01171875 29.0 2.76171875 3.0 6.0
142 35.01171875 29.0 2.76171875 3.0 6.0
143 35.01171875 29.0 2.76171875 3.0 6.0
144 35.01171875 29.0 2.76171875 3.0 6.0
145 35.01171875 29.0 2.76171875 3.0 6.0
146 35.01171875 29.0 2.76171875 3.0 6.0
147 35.01171875 29.0 2.76171875 3.0 6.0
148 35.01171875 29.0 2.76171875 3.0 6.0
149 35.01171875 29.0 2.76171875 3.0 6.0
150 35.01171875 29.0 2.76171875 3.0 6.0
151 35.01171875 29.0 2.76171875 3.0 6.0
152 35.01171875 29.0 2.76171875 3.0 6.0
153 35.01171875 29.0 2.76171875 3.0 6.0
154 35.01171875 29.0 2.76171875 3.0 6.0
155 35.01171875 29.0 2.76171875 3.0 6.0
156 35.01171875 29.0 2.76171875 3.0 6.0
157 35.01171875 29.0 2.76171875 3.0 6.0
158 35.01171875 29.0 2.76171875 3.0 6.0
159 35.01171875 29.0 2.76171875 3.0 6.0
160 35.01171875 29.0 2.76171875 3.0 6.0
161 35.01171875 29.0 2.76171875 3.0 6.0
162 35.01171875 29.0 2.76171875 3.0 6.0
163 35.01171875 29.0 2.76171875 3.0 6.0
164 35.01171875 29.0 2.76171875 3.0 6.0
165 35.01171875 29.0 2.76171875 3.0 6.0
166 35.01171875 29.0 2.76171875 3.0 6.0
167 35.01171875 29.0 2.76171875 3.0 6.0
168 35.01171875 29.0 2.76171875 3.0 6.0
169 35.01171875 29.0 2.76171875 3.0 6.0
170 35.01171875 29.0 2.76171875 3.0 6.0
171 35.01171875 29.0 2.76171875 3.0 6.0
172 35.01171875 29.0 2.76171875 3.0 6.0
173 35.01171875 29.0 2.76171875 3.0 6.0
174 35.01171875 29.0 2.76171875 3.0 6.0
175 35.01171875 29.0 2.76171875 3.0 6.0
176 35.01171875 29.0 2.76171875 3.0 6.0
177 35.01171875 29.0 2.76171875 3.0 6.0
178 35.01171875 29.0 2.76171875 3.0 6.0
179 35.01171875 29.0 2.76171875 3.0 6.0
180 35.01171875 29.0 2.76171875 3.0 6.0
181 35.01171875 29.0 2.76171875 3.0 6.0
182 35.01171875 29.0 2.76171875 3.0 6.0
183 35.01171875 29.0 2.76171875 3.0 6.0
184 35.01171875 29.0 2.76171875 3.0 6.0
185 35.01171875 29.0 2.76171875 3.0 6.0
186 35.01171875 29.0 2.76171875 3.0 6.0
187 35.01171875 29.0 2.76171875 3.0 6.0
188 35.01171875 30.0 2.76171875 3.0 6.0
189 35.01171875 30.0 2.76171875 3.0 6.0
190 35.01171875 30.0 2.76171875 3.0 6.0
191 35.01171875 30.0 2.76171875 3.0 6.0
192 35.01171875 30.0 2.76171875 3.0 6.0
193 35.01171875 30.0 2.76171875 3.0 6.0
194 35.01171875 30.0 2.76171875 3.0 6.0
195 35.01171875 30.0 2.76171875 3.0 6.0
196 35.01171875 30.0 2.76171875 3.0 6.0
197 35.01171875 30.0 2.76171875 3.0 6.0
198 35.01171875 30.0 2.76171875 3.0 6.0
199 35.01171875 30.0 2.76171875 3.0 6.0
200 35.01171875 30.0 2.76171875 3.0 6.0
201 35.01171875 30.0 2.76171875 3.0 6.0
202 35.01171875 30.0 2.76171875 3.0 6.0
203 35.01171875 30.0 2.76171875 3.0 6.0
204 35.01171875 30.0 2.76171875 3.0 6.0
205 35.01171875 30.0 2.76171875 3.0 6.0
206 35.01171875 30.0 2.76171875 3.0 6.0
207 35.01171875 30.0 2.76171875 3.0 6.0
208 35.01171875 30.0 2.76171875 3.0 6.0
209 35.01171875 30.0 2.76171875 3.0 6.0
210 35.01171875 30.0 2.76171875 3.0 6.0
211 35.01171875 30.0 2.76171875 3.0 6.0
212 35.01171875 30.0 2.76171875 3.0 6.0
213 35.01171875 30.0 2.76171875 3.0 6.0
214 35.01171875 30.0 2.76171875 3.0 6.0
215 35.01171875 30.0 2.76171875 3.0 6.0
216 35.01171875 30.0 2.76171875 3.0 6.0
217 35.01171875 30.0 2.76171875 3.0 6.0
218 35.01171875 30.0 2.76171875 3.0 6.0
219 35.01171875 30.0 2.76171875 3.0 6.0
220 35.01171875 30.0 2.76171875 3.0 6.0
221 35.01171875 30.0 2.76171875 3.0 6.0
222 35.01171875 30.0 2.76171875 3.0 6.0
223 35.01171875 30.0 2.76171875 3.0 6.0
224 35.01171875 30.0 2.76171875 3.0 6.0
225 35.01171875 30.0 2.76171875 3.0 6.0
226 35.01171875 30.0 2.76171875 3.0 6.0
227 35.01171875 30.0 2.76171875 3.0 6.0
228 35.01171875 30.0 2.76171875 3.0 6.0
229 35.01171875 30.0 2.76171875 3.0 6.0
230 35.01171875 30.0 2.76171875 3.0 6.0
231 41.9375 38.0 1.3447265625 1.0 6.0
232 41.9375 38.0 1.3447265625 1.0 6.0
233 41.9375 38.0 1.3447265625 1.0 6.0
234 41.9375 38.0 1.3447265625 1.0 6.0
235 41.9375 38.0 1.3447265625 1.0 6.0
236 41.9375 38.0 1.3447265625 1.0 6.0
237 41.9375 38.0 1.3447265625 1.0 6.0
238 41.9375 38.0 1.3447265625 1.0 6.0
239 41.9375 38.0 1.3447265625 1.0 6.0
240 41.9375 38.0 1.3447265625 1.0 6.0
241 41.9375 38.0 1.3447265625 1.0 6.0
242 41.9375 38.0 1.3447265625 1.0 6.0
243 41.9375 38.0 1.3447265625 1.0 6.0
244 41.9375 38.0 1.3447265625 1.0 6.0
245 41.9375 38.0 1.3447265625 1.0 6.0
246 41.9375 38.0 1.3447265625 1.0 6.0
247 41.9375 38.0 1.3447265625 1.0 6.0
248 41.9375 38.0 1.3447265625 1.0 6.0
249 41.9375 38.0 1.3447265625 1.0 6.0
250 41.9375 38.0 1.3447265625 1.0 6.0
251 41.9375 38.0 1.3447265625 1.0 6.0
252 41.9375 38.0 1.3447265625 1.0 6.0
253 41.9375 38.0 1.30859375 1.0 6.0
254 41.9375 38.0 1.30859375 1.0 6.0
255 41.9375 38.0 1.306640625 1.0 6.0
256 41.9375 38.0 1.306640625 1.0 6.0
257 47.4853515625 44.0 0.302734375 0.0 6.0
258 47.4853515625 44.0 0.302734375 0.0 6.0
259 47.4853515625 44.0 0.302734375 0.0 6.0
260 47.4853515625 44.0 0.2998046875 0.0 6.0
261 47.4853515625 44.0 0.2998046875 0.0 6.0
262 47.4853515625 44.0 0.298828125 0.0 6.0
263 47.4853515625 44.0 0.298828125 0.0 6.0
264 47.4853515625 44.0 0.294921875 0.0 6.0
265 47.4853515625 44.0 0.294921875 0.0 6.0
266 47.4853515625 44.0 0.294921875 0.0 6.0
267 47.5400390625 44.0 0.2919921875 0.0 6.0
268 47.5400390625 44.0 0.2919921875 0.0 6.0
269 47.5400390625 44.0 0.2919921875 0.0 6.0
270 47.564453125 44.0 0.287109375 0.0 6.0
271 47.564453125 44.0 0.287109375 0.0 6.0
272 47.564453125 44.0 0.287109375 0.0 6.0
273 47.564453125 44.0 0.2861328125 0.0 6.0
274 47.564453125 44.0 0.2861328125 0.0 6.0
275 47.564453125 44.0 0.2841796875 0.0 6.0
276 47.564453125 44.0 0.2841796875 0.0 6.0
277 47.583984375 44.0 0.283203125 0.0 6.0
278 47.583984375 44.0 0.283203125 0.0 6.0
279 53.3115234375 49.0 0.28125 0.0 6.0
280 53.3115234375 49.0 0.28125 0.0 6.0
281 53.3115234375 49.0 0.28125 0.0 6.0
282 53.3115234375 49.0 0.2763671875 0.0 6.0
283 53.3115234375 49.0 0.2763671875 0.0 6.0
284 53.3115234375 49.0 0.2734375 0.0 6.0
285 53.3115234375 49.0 0.2734375 0.0 6.0
286 53.3115234375 49.0 0.271484375 0.0 6.0
287 53.3115234375 49.0 0.271484375 0.0 6.0
288 53.3115234375 49.0 0.2685546875 0.0 6.0
289 53.3115234375 49.0 0.2685546875 0.0 6.0
290 53.3115234375 49.0 0.265625 0.0 6.0
291 53.3115234375 49.0 0.265625 0.0 6.0
292 53.3115234375 49.0 0.2646484375 0.0 6.0
293 53.3115234375 49.0 0.2646484375 0.0 6.0
294 53.3115234375 49.0 0.2626953125 0.0 6.0
295 53.3115234375 49.0 0.2626953125 0.0 6.0
296 53.3115234375 49.0 0.2626953125 0.0 6.0
297 53.3115234375 49.0 0.2607421875 0.0 6.0
298 53.3115234375 49.0 0.2607421875 0.0 6.0
299 53.3115234375 49.0 0.2607421875 0.0 6.0
300 53.3115234375 49.0 0.2578125 0.0 6.0
301 53.3115234375 49.0 0.2578125 0.0 6.0
302 53.3115234375 49.0 0.2578125 0.0 6.0
303 53.3115234375 49.0 0.2578125 0.0 6.0
304 53.3115234375 49.0 0.2578125 0.0 6.0
305 53.3115234375 49.0 0.255859375 0.0 6.0
306 53.3115234375 49.0 0.255859375 0.0 6.0
307 53.3115234375 49.0 0.255859375 0.0 6.0
308 53.3115234375 49.0 0.25390625 0.0 6.0
309 53.3115234375 49.0 0.25390625 0.0 6.0
310 53.3115234375 49.0 0.251953125 0.0 6.0
311 53.3115234375 49.0 0.251953125 0.0 6.0
312 53.3115234375 49.0 0.2509765625 0.0 6.0
313 53.3115234375 49.0 0.2509765625 0.0 6.0
314 53.3115234375 49.0 0.248046875 0.0 6.0
315 53.3115234375 49.0 0.248046875 0.0 6.0
316 53.3115234375 49.0 0.2470703125 0.0 6.0
317 53.3115234375 49.0 0.2470703125 0.0 6.0
318 53.3115234375 49.0 0.2470703125 0.0 6.0
319 53.3115234375 49.0 0.2451171875 0.0 6.0
320 53.3115234375 49.0 0.2451171875 0.0 6.0
321 53.3115234375 49.0 0.2431640625 0.0 6.0
322 53.3115234375 49.0 0.2431640625 0.0 6.0
323 53.3115234375 49.0 0.240234375 0.0 6.0
324 53.3115234375 49.0 0.240234375 0.0 6.0
325 53.3115234375 49.0 0.2392578125 0.0 6.0
326 53.3115234375 49.0 0.2392578125 0.0 6.0
327 53.3115234375 49.0 0.2373046875 0.0 6.0
328 53.3115234375 49.0 0.2373046875 0.0 6.0
329 53.3115234375 49.0 0.2353515625 0.0 6.0
330 53.3115234375 49.0 0.2353515625 0.0 6.0
331 53.3115234375 49.0 0.2314453125 0.0 6.0
332 53.3115234375 49.0 0.2314453125 0.0 6.0
333 53.3115234375 49.0 0.228515625 0.0 6.0
334 53.3115234375 49.0 0.228515625 0.0 6.0
335 53.3115234375 49.0 0.2275390625 0.0 6.0
336 53.3115234375 49.0 0.2275390625 0.0 6.0
337 53.3115234375 49.0 0.2265625 0.0 6.0
338 53.3115234375 49.0 0.2265625 0.0 6.0
339 53.3115234375 49.0 0.22265625 0.0 6.0
340 53.3115234375 49.0 0.22265625 0.0 6.0
341 53.3115234375 49.0 0.220703125 0.0 6.0
342 53.3115234375 49.0 0.220703125 0.0 6.0
343 53.3115234375 49.0 0.220703125 0.0 6.0
344 53.3115234375 49.0 0.220703125 0.0 6.0
345 53.3115234375 49.0 0.220703125 0.0 6.0
346 53.3115234375 49.0 0.2197265625 0.0 6.0
347 53.3115234375 49.0 0.2197265625 0.0 6.0
348 53.3115234375 49.0 0.216796875 0.0 6.0
349 53.3115234375 49.0 0.216796875 0.0 6.0
350 53.3115234375 49.0 0.216796875 0.0 6.0
351 53.3115234375 49.0 0.216796875 0.0 6.0
352 53.3115234375 49.0 0.212890625 0.0 6.0
353 53.3115234375 49.0 0.212890625 0.0 6.0
354 53.3115234375 49.0 0.212890625 0.0 6.0
355 53.3115234375 49.0 0.2099609375 0.0 6.0
356 53.3115234375 49.0 0.2099609375 0.0 6.0
357 53.3115234375 49.0 0.208984375 0.0 5.0
358 53.3115234375 49.0 0.208984375 0.0 5.0
359 53.3115234375 49.0 0.208984375 0.0 5.0
360 56.751953125 52.0 0.2080078125 0.0 5.0
361 56.751953125 52.0 0.2080078125 0.0 5.0
362 56.751953125 52.0 0.20703125 0.0 5.0
363 56.751953125 52.0 0.20703125 0.0 5.0
364 56.751953125 52.0 0.20703125 0.0 5.0
365 56.775390625 52.0 0.2041015625 0.0 5.0
366 56.775390625 52.0 0.2041015625 0.0 5.0
367 56.787109375 52.0 0.2021484375 0.0 5.0
368 56.787109375 52.0 0.2021484375 0.0 5.0
369 56.787109375 52.0 0.2021484375 0.0 5.0
370 56.79296875 52.0 0.201171875 0.0 5.0
371 56.79296875 52.0 0.201171875 0.0 5.0
372 56.79296875 52.0 0.1982421875 0.0 5.0
373 56.79296875 52.0 0.1982421875 0.0 5.0
374 56.8154296875 52.0 0.197265625 0.0 5.0
375 56.8154296875 52.0 0.197265625 0.0 5.0
376 57.6318359375 52.0 0.197265625 0.0 5.0
377 57.6318359375 52.0 0.1943359375 0.0 5.0
378 57.6318359375 52.0 0.1943359375 0.0 5.0
379 58.6533203125 53.0 0.1943359375 0.0 5.0
380 58.6533203125 53.0 0.19140625 0.0 5.0
381 58.6533203125 53.0 0.19140625 0.0 5.0
382 58.6533203125 53.0 0.1904296875 0.0 5.0
383 58.6533203125 53.0 0.1904296875 0.0 5.0
384 58.6533203125 53.0 0.1904296875 0.0 5.0
385 58.6533203125 53.0 0.1904296875 0.0 5.0
386 58.6533203125 53.0 0.1904296875 0.0 5.0
387 64.671875 59.0 0.189453125 0.0 5.0
388 64.671875 59.0 0.189453125 0.0 5.0
389 64.671875 59.0 0.189453125 0.0 5.0
390 64.671875 59.0 0.1884765625 0.0 5.0
391 64.671875 59.0 0.1884765625 0.0 5.0
392 64.671875 59.0 0.1884765625 0.0 5.0
393 64.671875 59.0 0.1884765625 0.0 5.0
394 64.671875 59.0 0.1875 0.0 5.0
395 64.671875 59.0 0.1875 0.0 5.0
396 64.671875 59.0 0.1875 0.0 5.0
397 64.671875 59.0 0.1875 0.0 5.0
398 64.671875 59.0 0.1865234375 0.0 5.0
399 64.671875 59.0 0.1865234375 0.0 5.0
400 64.671875 59.0 0.1845703125 0.0 5.0
401 64.671875 59.0 0.1845703125 0.0 5.0
402 64.671875 59.0 0.1845703125 0.0 5.0
403 64.671875 59.0 0.18359375 0.0 5.0
404 64.671875 59.0 0.18359375 0.0 5.0
405 64.671875 59.0 0.181640625 0.0 5.0
406 64.671875 59.0 0.181640625 0.0 5.0
407 64.671875 59.0 0.1787109375 0.0 5.0
408 64.671875 59.0 0.1787109375 0.0 5.0
409 64.671875 59.0 0.177734375 0.0 5.0
410 64.671875 59.0 0.177734375 0.0 5.0
411 64.671875 59.0 0.1767578125 0.0 5.0
412 64.671875 59.0 0.1767578125 0.0 5.0
413 64.671875 59.0 0.1748046875 0.0 5.0
414 64.671875 59.0 0.1748046875 0.0 5.0
415 64.671875 59.0 0.1748046875 0.0 5.0
416 64.671875 59.0 0.1728515625 0.0 5.0
417 64.671875 59.0 0.1728515625 0.0 5.0
418 64.671875 59.0 0.1728515625 0.0 5.0
419 64.671875 59.0 0.1728515625 0.0 5.0
420 64.671875 59.0 0.1728515625 0.0 5.0
421 64.671875 59.0 0.1728515625 0.0 5.0
422 64.671875 59.0 0.1728515625 0.0 5.0
423 64.671875 59.0 0.1728515625 0.0 5.0
424 64.671875 59.0 0.171875 0.0 5.0
425 64.671875 59.0 0.171875 0.0 5.0
426 64.671875 59.0 0.171875 0.0 5.0
427 64.671875 59.0 0.171875 0.0 5.0
428 64.671875 59.0 0.171875 0.0 5.0
429 64.671875 59.0 0.171875 0.0 5.0
430 64.671875 59.0 0.1708984375 0.0 5.0
431 64.671875 59.0 0.1708984375 0.0 5.0
432 64.671875 59.0 0.1708984375 0.0 5.0
433 64.671875 59.0 0.169921875 0.0 5.0
434 64.671875 59.0 0.169921875 0.0 5.0
435 64.671875 59.0 0.1689453125 0.0 5.0
436 64.671875 59.0 0.1689453125 0.0 5.0
437 64.671875 59.0 0.16796875 0.0 5.0
438 64.671875 59.0 0.16796875 0.0 5.0
439 64.671875 59.0 0.1669921875 0.0 5.0
440 64.671875 59.0 0.1669921875 0.0 5.0
441 64.671875 59.0 0.1669921875 0.0 5.0
442 64.671875 59.0 0.1669921875 0.0 5.0
443 64.671875 59.0 0.1650390625 0.0 5.0
444 64.671875 59.0 0.1650390625 0.0 5.0
445 64.671875 59.0 0.1630859375 0.0 5.0
446 64.671875 59.0 0.1630859375 0.0 5.0
447 64.671875 59.0 0.1630859375 0.0 5.0
448 64.671875 59.0 0.1611328125 0.0 5.0
449 64.671875 59.0 0.1611328125 0.0 5.0
450 64.671875 59.0 0.1611328125 0.0 5.0
451 64.671875 59.0 0.16015625 0.0 6.0
452 64.671875 59.0 0.16015625 0.0 6.0
453 64.671875 59.0 0.1591796875 0.0 6.0
454 64.671875 59.0 0.1591796875 0.0 6.0
455 64.671875 59.0 0.1591796875 0.0 6.0
456 64.671875 59.0 0.158203125 0.0 6.0
457 64.671875 59.0 0.158203125 0.0 6.0
458 64.671875 59.0 0.15625 0.0 6.0
459 64.671875 59.0 0.15625 0.0 6.0
460 64.671875 59.0 0.1552734375 0.0 6.0
461 64.671875 59.0 0.1552734375 0.0 6.0
462 64.671875 59.0 0.154296875 0.0 6.0
463 64.671875 59.0 0.154296875 0.0 6.0
464 64.671875 59.0 0.15234375 0.0 6.0
465 64.671875 59.0 0.15234375 0.0 6.0
466 64.671875 59.0 0.1513671875 0.0 6.0
467 64.671875 59.0 0.1513671875 0.0 6.0
468 64.671875 59.0 0.1494140625 0.0 6.0
469 64.671875 59.0 0.1494140625 0.0 6.0
470 64.671875 59.0 0.1484375 0.0 6.0
471 64.671875 59.0 0.1484375 0.0 6.0
472 64.671875 59.0 0.1484375 0.0 6.0
473 64.671875 59.0 0.1484375 0.0 6.0
474 64.671875 59.0 0.1484375 0.0 6.0
475 64.671875 59.0 0.1484375 0.0 6.0
476 64.671875 59.0 0.1484375 0.0 6.0
477 64.671875 59.0 0.1484375 0.0 6.0
478 64.671875 59.0 0.1484375 0.0 6.0
479 64.671875 59.0 0.1484375 0.0 6.0
480 64.671875 59.0 0.1484375 0.0 6.0
481 64.671875 59.0 0.1455078125 0.0 6.0
482 64.671875 59.0 0.1455078125 0.0 6.0
483 64.671875 59.0 0.1455078125 0.0 6.0
484 64.671875 59.0 0.1435546875 0.0 6.0
485 64.671875 59.0 0.1435546875 0.0 6.0
486 64.671875 59.0 0.142578125 0.0 6.0
487 64.671875 59.0 0.142578125 0.0 6.0
488 64.671875 59.0 0.142578125 0.0 6.0
489 64.671875 59.0 0.142578125 0.0 6.0
490 64.671875 59.0 0.142578125 0.0 6.0
491 64.671875 59.0 0.142578125 0.0 5.0
492 64.671875 59.0 0.142578125 0.0 5.0
493 64.671875 59.0 0.142578125 0.0 5.0
494 64.671875 59.0 0.142578125 0.0 5.0
495 64.671875 59.0 0.142578125 0.0 5.0
496 64.671875 59.0 0.142578125 0.0 5.0
497 64.671875 59.0 0.142578125 0.0 5.0
498 64.671875 59.0 0.142578125 0.0 5.0
499 64.671875 59.0 0.142578125 0.0 5.0
500 64.671875 59.0 0.142578125 0.0 5.0
501 64.671875 59.0 0.142578125 0.0 5.0
502 64.671875 59.0 0.142578125 0.0 5.0
503 64.671875 59.0 0.142578125 0.0 5.0
504 64.671875 59.0 0.142578125 0.0 5.0
505 64.671875 59.0 0.142578125 0.0 5.0
506 64.671875 59.0 0.140625 0.0 5.0
507 64.671875 59.0 0.140625 0.0 5.0
508 64.671875 59.0 0.1396484375 0.0 5.0
509 64.671875 59.0 0.1396484375 0.0 5.0
510 64.671875 59.0 0.1396484375 0.0 5.0
511 64.671875 59.0 0.138671875 0.0 5.0
512 64.671875 59.0 0.138671875 0.0 5.0
513 64.671875 59.0 0.1376953125 0.0 5.0
514 64.671875 59.0 0.1376953125 0.0 5.0
515 64.671875 59.0 0.1376953125 0.0 5.0
516 64.671875 59.0 0.1376953125 0.0 5.0
517 64.671875 59.0 0.1376953125 0.0 5.0
518 64.671875 59.0 0.1376953125 0.0 5.0
519 64.671875 59.0 0.1376953125 0.0 5.0
520 64.671875 59.0 0.1376953125 0.0 5.0
521 64.671875 59.0 0.1376953125 0.0 5.0
522 64.671875 59.0 0.1376953125 0.0 5.0
523 64.671875 59.0 0.1357421875 0.0 5.0
524 64.671875 59.0 0.1357421875 0.0 5.0
525 64.671875 59.0 0.1357421875 0.0 5.0
526 64.671875 59.0 0.1357421875 0.0 5.0
527 64.671875 59.0 0.134765625 0.0 5.0
528 64.671875 59.0 0.134765625 0.0 5.0
529 64.671875 59.0 0.1337890625 0.0 5.0
530 64.671875 59.0 0.1337890625 0.0 5.0
531 64.671875 59.0 0.1318359375 0.0 5.0
532 64.671875 59.0 0.1318359375 0.0 5.0
533 64.671875 59.0 0.1318359375 0.0 5.0
534 64.671875 59.0 0.1318359375 0.0 5.0
535 64.671875 59.0 0.1318359375 0.0 5.0
536 64.671875 59.0 0.1318359375 0.0 5.0
537 64.671875 59.0 0.1318359375 0.0 5.0
538 64.671875 59.0 0.1318359375 0.0 5.0
539 64.671875 59.0 0.1318359375 0.0 5.0
540 64.671875 59.0 0.1298828125 0.0 5.0
541 64.671875 59.0 0.1298828125 0.0 5.0
542 64.671875 59.0 0.12890625 0.0 5.0
543 64.671875 59.0 0.12890625 0.0 5.0
544 64.671875 59.0 0.12890625 0.0 5.0
545 64.671875 59.0 0.12890625 0.0 5.0
546 64.671875 59.0 0.12890625 0.0 5.0
547 64.671875 59.0 0.12890625 0.0 5.0
548 64.671875 59.0 0.12890625 0.0 5.0
549 64.671875 59.0 0.12890625 0.0 5.0
550 64.671875 59.0 0.12890625 0.0 5.0
551 64.671875 59.0 0.126953125 0.0 5.0
552 64.671875 59.0 0.126953125 0.0 5.0
553 64.671875 59.0 0.1259765625 0.0 5.0
554 64.671875 59.0 0.1259765625 0.0 5.0
555 64.671875 59.0 0.1259765625 0.0 5.0
556 64.671875 59.0 0.125 0.0 5.0
557 64.671875 59.0 0.125 0.0 5.0
558 64.671875 59.0 0.125 0.0 5.0
559 64.671875 59.0 0.125 0.0 5.0
560 64.671875 59.0 0.125 0.0 5.0
561 64.671875 59.0 0.125 0.0 5.0
562 64.671875 59.0 0.1240234375 0.0 5.0
563 64.671875 59.0 0.1240234375 0.0 5.0
564 64.671875 59.0 0.123046875 0.0 5.0
565 64.671875 59.0 0.123046875 0.0 5.0
566 64.671875 59.0 0.123046875 0.0 5.0
567 64.671875 59.0 0.1220703125 0.0 5.0
568 64.671875 59.0 0.1220703125 0.0 5.0
569 64.671875 59.0 0.1220703125 0.0 5.0
570 64.671875 59.0 0.1220703125 0.0 5.0
571 64.671875 59.0 0.1220703125 0.0 5.0
572 64.671875 59.0 0.1220703125 0.0 5.0
573 64.671875 59.0 0.1220703125 0.0 5.0
574 64.671875 59.0 0.1220703125 0.0 5.0
575 64.671875 59.0 0.12109375 0.0 5.0
576 64.671875 59.0 0.12109375 0.0 5.0
577 64.671875 59.0 0.1201171875 0.0 5.0
578 64.671875 59.0 0.1201171875 0.0 5.0
579 64.671875 59.0 0.1201171875 0.0 5.0
580 64.671875 59.0 0.1201171875 0.0 5.0
581 64.671875 59.0 0.119140625 0.0 5.0
582 64.671875 59.0 0.119140625 0.0 5.0
583 64.671875 59.0 0.119140625 0.0 5.0
584 64.671875 59.0 0.119140625 0.0 5.0
585 64.671875 59.0 0.119140625 0.0 5.0
586 64.671875 59.0 0.119140625 0.0 5.0
587 64.671875 59.0 0.1181640625 0.0 5.0
588 64.671875 59.0 0.1181640625 0.0 5.0
589 64.671875 59.0 0.1181640625 0.0 5.0
590 64.671875 59.0 0.1171875 0.0 5.0
591 64.671875 59.0 0.1171875 0.0 5.0
592 64.671875 59.0 0.115234375 0.0 5.0
593 64.671875 59.0 0.115234375 0.0 5.0
594 64.671875 59.0 0.115234375 0.0 5.0
595 64.671875 59.0 0.115234375 0.0 5.0
596 64.671875 59.0 0.115234375 0.0 5.0
597 64.671875 59.0 0.115234375 0.0 5.0
598 64.671875 59.0 0.1142578125 0.0 5.0
599 64.671875 59.0 0.1142578125 0.0 5.0
600 64.671875 59.0 0.11328125 0.0 5.0
601 64.671875 59.0 0.11328125 0.0 5.0
602 64.671875 59.0 0.111328125 0.0 5.0
603 64.671875 59.0 0.111328125 0.0 5.0
604 64.671875 59.0 0.111328125 0.0 5.0
605 64.671875 59.0 0.1103515625 0.0 5.0
606 64.671875 59.0 0.1103515625 0.0 5.0
607 64.671875 59.0 0.1103515625 0.0 5.0
608 64.671875 59.0 0.109375 0.0 5.0
609 64.671875 59.0 0.109375 0.0 5.0
610 64.671875 59.0 0.109375 0.0 5.0
611 64.671875 59.0 0.109375 0.0 5.0
612 64.671875 59.0 0.109375 0.0 5.0
613 64.671875 59.0 0.109375 0.0 5.0
614 64.671875 59.0 0.109375 0.0 5.0
615 64.671875 59.0 0.109375 0.0 5.0
616 64.671875 59.0 0.1083984375 0.0 5.0
617 64.671875 59.0 0.1083984375 0.0 5.0
618 64.671875 59.0 0.1083984375 0.0 5.0
619 64.671875 59.0 0.1083984375 0.0 5.0
620 64.671875 59.0 0.1083984375 0.0 5.0
621 64.671875 59.0 0.1083984375 0.0 5.0
622 64.671875 59.0 0.1083984375 0.0 5.0
623 64.671875 59.0 0.1083984375 0.0 5.0
624 64.671875 59.0 0.107421875 0.0 5.0
625 64.671875 59.0 0.107421875 0.0 5.0
626 64.671875 59.0 0.1064453125 0.0 5.0
627 64.671875 59.0 0.1064453125 0.0 5.0
628 64.671875 59.0 0.1064453125 0.0 5.0
629 64.671875 59.0 0.1064453125 0.0 5.0
630 64.671875 59.0 0.1064453125 0.0 5.0
631 64.671875 59.0 0.10546875 0.0 5.0
632 64.671875 59.0 0.10546875 0.0 5.0
633 64.671875 59.0 0.103515625 0.0 5.0
634 64.671875 59.0 0.103515625 0.0 5.0
635 64.671875 59.0 0.1025390625 0.0 5.0
636 64.671875 59.0 0.1025390625 0.0 5.0
637 64.671875 59.0 0.1015625 0.0 5.0
638 64.671875 59.0 0.1015625 0.0 5.0
639 64.671875 59.0 0.1005859375 0.0 5.0
640 64.671875 59.0 0.1005859375 0.0 5.0
641 64.671875 59.0 0.1005859375 0.0 5.0
642 64.671875 59.0 0.099609375 0.0 5.0
643 64.671875 59.0 0.099609375 0.0 5.0
644 64.671875 59.0 0.099609375 0.0 5.0
645 64.671875 59.0 0.09765625 0.0 5.0
646 64.671875 59.0 0.09765625 0.0 5.0
647 64.671875 59.0 0.0966796875 0.0 5.0
648 64.671875 59.0 0.0966796875 0.0 5.0
649 64.671875 59.0 0.0947265625 0.0 5.0
650 64.671875 59.0 0.0947265625 0.0 5.0
651 64.671875 59.0 0.09375 0.0 5.0
652 64.671875 59.0 0.09375 0.0 5.0
653 64.671875 59.0 0.09375 0.0 5.0
654 64.671875 59.0 0.09375 0.0 5.0
655 64.671875 59.0 0.09375 0.0 5.0
656 64.671875 59.0 0.091796875 0.0 5.0
657 64.671875 59.0 0.091796875 0.0 5.0
658 64.671875 59.0 0.091796875 0.0 5.0
659 64.671875 59.0 0.091796875 0.0 5.0
660 64.671875 59.0 0.091796875 0.0 5.0
661 64.671875 59.0 0.091796875 0.0 5.0
662 64.671875 59.0 0.091796875 0.0 5.0
663 64.671875 59.0 0.091796875 0.0 5.0
664 64.671875 59.0 0.091796875 0.0 5.0
665 64.671875 59.0 0.091796875 0.0 5.0
666 64.671875 59.0 0.091796875 0.0 5.0
667 64.671875 59.0 0.091796875 0.0 5.0
668 64.671875 59.0 0.091796875 0.0 5.0
669 64.671875 59.0 0.091796875 0.0 5.0
670 64.671875 59.0 0.091796875 0.0 5.0
671 64.671875 59.0 0.091796875 0.0 5.0
672 64.671875 59.0 0.091796875 0.0 5.0
673 64.671875 59.0 0.091796875 0.0 5.0
674 64.671875 59.0 0.091796875 0.0 5.0
675 64.671875 59.0 0.091796875 0.0 5.0
676 64.671875 59.0 0.0908203125 0.0 5.0
677 64.671875 59.0 0.0908203125 0.0 5.0
678 64.671875 59.0 0.08984375 0.0 5.0
679 64.671875 59.0 0.08984375 0.0 5.0
680 64.671875 59.0 0.08984375 0.0 5.0
681 64.671875 59.0 0.08984375 0.0 5.0
682 64.671875 59.0 0.08984375 0.0 5.0
683 64.671875 59.0 0.08984375 0.0 5.0
684 64.671875 59.0 0.0888671875 0.0 5.0
685 64.671875 59.0 0.0888671875 0.0 5.0
686 64.671875 59.0 0.0888671875 0.0 5.0
687 64.671875 59.0 0.087890625 0.0 5.0
688 64.671875 59.0 0.087890625 0.0 5.0
689 64.671875 59.0 0.087890625 0.0 5.0
690 64.671875 59.0 0.0869140625 0.0 5.0
691 64.671875 59.0 0.0869140625 0.0 5.0
692 64.671875 59.0 0.0859375 0.0 5.0
693 64.671875 59.0 0.0859375 0.0 5.0
694 64.671875 59.0 0.0859375 0.0 5.0
695 64.671875 59.0 0.0859375 0.0 5.0
696 64.671875 59.0 0.0859375 0.0 5.0
697 64.671875 59.0 0.0859375 0.0 5.0
698 64.671875 59.0 0.0859375 0.0 5.0
699 64.671875 59.0 0.0859375 0.0 5.0
700 64.671875 59.0 0.0849609375 0.0 5.0
701 64.671875 59.0 0.0849609375 0.0 5.0
702 64.671875 59.0 0.083984375 0.0 5.0
703 64.671875 59.0 0.083984375 0.0 5.0
704 64.671875 59.0 0.083984375 0.0 5.0
705 64.671875 59.0 0.083984375 0.0 5.0
706 64.671875 59.0 0.083984375 0.0 5.0
707 64.671875 59.0 0.083984375 0.0 5.0
708 64.671875 59.0 0.083984375 0.0 5.0
709 64.671875 59.0 0.083984375 0.0 5.0
710 64.671875 59.0 0.0830078125 0.0 5.0
711 64.671875 59.0 0.0830078125 0.0 5.0
712 64.671875 59.0 0.0830078125 0.0 5.0
713 64.671875 59.0 0.08203125 0.0 5.0
714 64.671875 59.0 0.08203125 0.0 5.0
715 64.671875 59.0 0.0810546875 0.0 5.0
716 64.671875 59.0 0.0810546875 0.0 5.0
717 64.671875 59.0 0.0810546875 0.0 5.0
718 64.671875 59.0 0.0810546875 0.0 5.0
719 64.671875 59.0 0.0810546875 0.0 5.0
720 64.671875 59.0 0.0810546875 0.0 5.0
721 64.671875 59.0 0.0810546875 0.0 5.0
722 64.671875 59.0 0.0810546875 0.0 5.0
723 64.671875 59.0 0.0810546875 0.0 5.0
724 64.671875 59.0 0.0810546875 0.0 5.0
725 64.671875 59.0 0.0810546875 0.0 5.0
726 64.671875 59.0 0.0810546875 0.0 5.0
727 64.671875 59.0 0.0810546875 0.0 5.0
728 64.671875 59.0 0.0810546875 0.0 5.0
729 64.671875 59.0 0.0810546875 0.0 5.0
730 64.671875 59.0 0.0810546875 0.0 5.0
731 64.671875 59.0 0.0810546875 0.0 5.0
732 64.671875 59.0 0.0810546875 0.0 5.0
733 64.671875 59.0 0.0810546875 0.0 5.0
734 64.671875 59.0 0.0810546875 0.0 5.0
735 64.671875 59.0 0.0810546875 0.0 5.0
736 64.671875 59.0 0.0810546875 0.0 5.0
737 64.671875 59.0 0.0810546875 0.0 5.0
738 64.671875 59.0 0.0810546875 0.0 5.0
739 64.671875 59.0 0.0810546875 0.0 5.0
740 64.671875 59.0 0.0810546875 0.0 5.0
741 64.671875 59.0 0.0810546875 0.0 5.0
742 64.671875 59.0 0.0810546875 0.0 5.0
743 64.671875 59.0 0.0810546875 0.0 5.0
744 64.671875 59.0 0.080078125 0.0 5.0
745 64.671875 59.0 0.080078125 0.0 5.0
746 64.671875 59.0 0.0791015625 0.0 5.0
747 64.671875 59.0 0.0791015625 0.0 5.0
748 64.671875 59.0 0.0791015625 0.0 5.0
749 64.671875 59.0 0.0791015625 0.0 5.0
750 64.671875 59.0 0.0791015625 0.0 5.0
751 64.671875 59.0 0.0791015625 0.0 5.0
752 64.671875 59.0 0.0791015625 0.0 5.0
753 64.671875 59.0 0.0791015625 0.0 5.0
754 64.671875 59.0 0.0791015625 0.0 5.0
755 64.671875 59.0 0.0791015625 0.0 5.0
756 64.671875 59.0 0.0791015625 0.0 5.0
757 64.671875 59.0 0.0791015625 0.0 5.0
758 64.671875 59.0 0.0791015625 0.0 5.0
759 64.671875 59.0 0.0791015625 0.0 5.0
760 64.671875 59.0 0.0791015625 0.0 5.0
761 64.671875 59.0 0.0791015625 0.0 5.0
762 64.671875 59.0 0.0791015625 0.0 5.0
763 64.671875 59.0 0.0791015625 0.0 5.0
764 64.671875 59.0 0.0791015625 0.0 5.0
765 64.671875 59.0 0.0791015625 0.0 5.0
766 64.671875 59.0 0.0791015625 0.0 5.0
767 64.671875 59.0 0.0791015625 0.0 5.0
768 64.671875 59.0 0.0791015625 0.0 5.0
769 64.671875 59.0 0.0791015625 0.0 5.0
770 64.671875 59.0 0.078125 0.0 5.0
771 64.671875 59.0 0.078125 0.0 5.0
772 64.671875 59.0 0.078125 0.0 5.0
773 64.671875 59.0 0.078125 0.0 5.0
774 64.671875 59.0 0.078125 0.0 5.0
775 64.671875 59.0 0.078125 0.0 5.0
776 64.671875 59.0 0.078125 0.0 5.0
777 64.671875 59.0 0.078125 0.0 5.0
778 64.671875 59.0 0.078125 0.0 5.0
779 64.671875 59.0 0.0771484375 0.0 5.0
780 64.671875 59.0 0.0771484375 0.0 5.0
781 64.671875 59.0 0.0771484375 0.0 5.0
782 64.671875 59.0 0.0771484375 0.0 5.0
783 64.671875 59.0 0.0771484375 0.0 5.0
784 64.671875 59.0 0.0771484375 0.0 5.0
785 64.671875 59.0 0.0751953125 0.0 5.0
786 64.671875 59.0 0.0751953125 0.0 5.0
787 64.671875 59.0 0.0751953125 0.0 5.0
788 64.671875 59.0 0.0751953125 0.0 5.0
789 64.671875 59.0 0.0751953125 0.0 5.0
790 64.671875 59.0 0.0751953125 0.0 5.0
791 64.671875 59.0 0.07421875 0.0 5.0
792 64.671875 59.0 0.07421875 0.0 5.0
793 64.671875 59.0 0.07421875 0.0 5.0
794 64.671875 59.0 0.07421875 0.0 5.0
795 64.671875 59.0 0.0732421875 0.0 5.0
796 64.671875 59.0 0.0732421875 0.0 5.0
797 64.671875 59.0 0.0732421875 0.0 5.0
798 64.671875 59.0 0.0732421875 0.0 5.0
799 64.671875 59.0 0.0732421875 0.0 5.0
800 64.671875 59.0 0.0732421875 0.0 5.0
801 64.671875 59.0 0.0732421875 0.0 5.0
802 64.671875 59.0 0.0732421875 0.0 5.0
803 64.671875 59.0 0.0732421875 0.0 5.0
804 64.671875 59.0 0.0732421875 0.0 5.0
805 64.671875 59.0 0.0732421875 0.0 5.0
806 64.671875 59.0 0.072265625 0.0 5.0
807 64.671875 59.0 0.072265625 0.0 5.0
808 64.671875 59.0 0.072265625 0.0 5.0
809 64.671875 59.0 0.072265625 0.0 5.0
810 64.671875 59.0 0.072265625 0.0 5.0
811 64.671875 59.0 0.072265625 0.0 5.0
812 64.671875 59.0 0.072265625 0.0 5.0
813 64.671875 59.0 0.072265625 0.0 5.0
814 64.671875 59.0 0.072265625 0.0 5.0
815 64.671875 59.0 0.072265625 0.0 5.0
816 64.671875 59.0 0.0712890625 0.0 5.0
817 64.671875 59.0 0.0712890625 0.0 5.0
818 64.671875 59.0 0.0703125 0.0 5.0
819 64.671875 59.0 0.0703125 0.0 5.0
820 64.671875 59.0 0.0703125 0.0 5.0
821 64.671875 59.0 0.0703125 0.0 5.0
822 64.671875 59.0 0.0703125 0.0 5.0
823 64.671875 59.0 0.0703125 0.0 5.0
824 64.671875 59.0 0.0703125 0.0 5.0
825 64.671875 59.0 0.0703125 0.0 5.0
826 64.671875 59.0 0.0703125 0.0 5.0
827 64.671875 59.0 0.0703125 0.0 5.0
828 64.671875 59.0 0.0703125 0.0 5.0
829 64.671875 59.0 0.0703125 0.0 5.0
830 64.671875 59.0 0.0703125 0.0 5.0
831 64.671875 59.0 0.0703125 0.0 5.0
832 64.671875 59.0 0.0703125 0.0 5.0
833 64.671875 59.0 0.0703125 0.0 5.0
834 64.671875 59.0 0.0703125 0.0 5.0
835 64.671875 59.0 0.0703125 0.0 5.0
836 64.671875 59.0 0.0703125 0.0 5.0
837 64.671875 59.0 0.0703125 0.0 5.0
838 64.671875 59.0 0.0693359375 0.0 5.0
839 64.671875 59.0 0.0693359375 0.0 5.0
840 64.671875 59.0 0.0693359375 0.0 5.0
841 64.671875 59.0 0.0673828125 0.0 5.0
842 64.671875 59.0 0.0673828125 0.0 5.0
843 64.671875 59.0 0.06640625 0.0 5.0
844 64.671875 59.0 0.06640625 0.0 5.0
845 64.671875 59.0 0.06640625 0.0 5.0
846 64.671875 59.0 0.06640625 0.0 5.0
847 64.671875 59.0 0.0654296875 0.0 5.0
848 64.671875 59.0 0.0654296875 0.0 5.0
849 64.671875 59.0 0.0654296875 0.0 5.0
850 64.671875 59.0 0.0654296875 0.0 5.0
851 64.671875 59.0 0.0654296875 0.0 5.0
852 64.671875 59.0 0.0654296875 0.0 5.0
853 64.671875 59.0 0.0654296875 0.0 5.0
854 64.671875 59.0 0.0654296875 0.0 5.0
855 64.671875 59.0 0.0654296875 0.0 5.0
856 64.671875 59.0 0.064453125 0.0 5.0
857 64.671875 59.0 0.064453125 0.0 5.0
858 64.671875 59.0 0.064453125 0.0 5.0
859 64.671875 59.0 0.0634765625 0.0 5.0
860 64.671875 59.0 0.0634765625 0.0 5.0
861 64.671875 59.0 0.0634765625 0.0 5.0
862 64.671875 59.0 0.0634765625 0.0 5.0
863 64.671875 59.0 0.0634765625 0.0 5.0
864 64.671875 59.0 0.0634765625 0.0 5.0
865 64.671875 59.0 0.0634765625 0.0 5.0
866 64.671875 59.0 0.0634765625 0.0 5.0
867 64.671875 59.0 0.0615234375 0.0 5.0
868 64.671875 59.0 0.0615234375 0.0 5.0
869 64.671875 59.0 0.060546875 0.0 5.0
870 64.671875 59.0 0.060546875 0.0 5.0
871 64.671875 59.0 0.0595703125 0.0 5.0
872 64.671875 59.0 0.0595703125 0.0 5.0
873 64.671875 59.0 0.0595703125 0.0 5.0
874 64.671875 59.0 0.0595703125 0.0 5.0
875 64.671875 59.0 0.0595703125 0.0 5.0
876 64.671875 59.0 0.0595703125 0.0 5.0
877 64.671875 59.0 0.0595703125 0.0 5.0
878 64.671875 59.0 0.05859375 0.0 5.0
879 64.671875 59.0 0.05859375 0.0 5.0
880 64.671875 59.0 0.05859375 0.0 5.0
881 64.671875 59.0 0.05859375 0.0 5.0
882 64.671875 59.0 0.05859375 0.0 5.0
883 64.671875 59.0 0.0576171875 0.0 5.0
884 64.671875 59.0 0.0576171875 0.0 5.0
885 64.671875 59.0 0.0576171875 0.0 5.0
886 64.671875 59.0 0.0576171875 0.0 5.0
887 64.671875 59.0 0.0576171875 0.0 5.0
888 64.671875 59.0 0.0576171875 0.0 5.0
889 64.671875 59.0 0.056640625 0.0 5.0
890 64.671875 59.0 0.056640625 0.0 5.0
891 64.671875 59.0 0.056640625 0.0 5.0
892 64.671875 59.0 0.056640625 0.0 5.0
893 64.671875 59.0 0.056640625 0.0 5.0
894 64.671875 59.0 0.056640625 0.0 5.0
895 64.671875 59.0 0.056640625 0.0 5.0
896 64.671875 59.0 0.056640625 0.0 5.0
897 64.671875 59.0 0.056640625 0.0 5.0
898 64.671875 59.0 0.0556640625 0.0 5.0
899 64.671875 59.0 0.0556640625 0.0 5.0
900 64.671875 59.0 0.0546875 0.0 5.0
901 64.671875 59.0 0.0546875 0.0 5.0
902 64.671875 59.0 0.0546875 0.0 5.0
903 64.671875 59.0 0.0546875 0.0 5.0
904 64.671875 59.0 0.0546875 0.0 5.0
905 64.671875 59.0 0.0546875 0.0 5.0
906 64.671875 59.0 0.0546875 0.0 5.0
907 64.671875 59.0 0.0537109375 0.0 5.0
908 64.671875 59.0 0.0537109375 0.0 5.0
909 64.671875 59.0 0.0537109375 0.0 5.0
910 64.671875 59.0 0.0537109375 0.0 5.0
911 64.671875 59.0 0.0537109375 0.0 5.0
912 64.671875 59.0 0.0537109375 0.0 5.0
913 64.671875 59.0 0.0537109375 0.0 5.0
914 64.671875 59.0 0.052734375 0.0 5.0
915 64.671875 59.0 0.052734375 0.0 5.0
916 64.671875 59.0 0.052734375 0.0 5.0
917 64.671875 59.0 0.052734375 0.0 5.0
918 64.671875 59.0 0.052734375 0.0 5.0
919 64.671875 59.0 0.052734375 0.0 5.0
920 64.671875 59.0 0.0517578125 0.0 5.0
921 64.671875 59.0 0.0517578125 0.0 5.0
922 64.671875 59.0 0.0517578125 0.0 5.0
923 64.671875 59.0 0.0517578125 0.0 5.0
924 64.671875 59.0 0.0517578125 0.0 5.0
925 64.671875 59.0 0.0517578125 0.0 5.0
926 64.671875 59.0 0.0517578125 0.0 5.0
927 64.671875 59.0 0.0517578125 0.0 5.0
928 64.671875 59.0 0.0517578125 0.0 5.0
929 64.671875 59.0 0.0517578125 0.0 5.0
930 64.671875 59.0 0.0517578125 0.0 5.0
931 64.671875 59.0 0.0517578125 0.0 5.0
932 64.671875 59.0 0.0517578125 0.0 5.0
933 64.671875 59.0 0.0517578125 0.0 5.0
934 64.671875 59.0 0.0517578125 0.0 5.0
935 64.671875 59.0 0.0517578125 0.0 5.0
936 64.671875 59.0 0.0517578125 0.0 5.0
937 64.671875 59.0 0.0517578125 0.0 5.0
938 64.671875 59.0 0.0517578125 0.0 5.0
939 64.671875 59.0 0.0517578125 0.0 5.0
940 64.671875 59.0 0.0517578125 0.0 5.0
941 64.671875 59.0 0.0517578125 0.0 5.0
942 64.671875 59.0 0.0517578125 0.0 5.0
943 64.671875 59.0 0.0517578125 0.0 5.0
944 64.671875 59.0 0.0517578125 0.0 5.0
945 64.671875 59.0 0.0517578125 0.0 5.0
946 64.671875 59.0 0.0517578125 0.0 5.0
947 64.671875 59.0 0.0517578125 0.0 5.0
948 64.671875 59.0 0.05078125 0.0 6.0
949 64.671875 59.0 0.05078125 0.0 6.0
950 64.671875 59.0 0.0498046875 0.0 6.0
951 64.671875 59.0 0.0498046875 0.0 6.0
952 64.671875 59.0 0.0498046875 0.0 6.0
953 64.671875 59.0 0.0498046875 0.0 6.0
954 64.671875 59.0 0.0498046875 0.0 6.0
955 64.671875 59.0 0.0498046875 0.0 6.0
956 64.671875 59.0 0.0498046875 0.0 6.0
957 64.671875 59.0 0.0498046875 0.0 6.0
958 64.671875 59.0 0.048828125 0.0 6.0
959 64.671875 59.0 0.048828125 0.0 6.0
960 64.671875 59.0 0.048828125 0.0 6.0
961 64.671875 59.0 0.048828125 0.0 6.0
962 64.671875 59.0 0.048828125 0.0 6.0
963 64.671875 59.0 0.048828125 0.0 6.0
964 64.671875 59.0 0.048828125 0.0 6.0
965 64.671875 59.0 0.048828125 0.0 6.0
966 64.671875 59.0 0.048828125 0.0 6.0
967 64.671875 59.0 0.048828125 0.0 6.0
968 64.671875 59.0 0.048828125 0.0 6.0
969 64.671875 59.0 0.048828125 0.0 6.0
970 64.671875 59.0 0.048828125 0.0 6.0
971 64.671875 59.0 0.048828125 0.0 6.0
972 64.671875 59.0 0.048828125 0.0 6.0
973 64.671875 59.0 0.048828125 0.0 6.0
974 64.671875 59.0 0.046875 0.0 6.0
975 64.671875 59.0 0.046875 0.0 6.0
976 64.671875 59.0 0.046875 0.0 6.0
977 64.671875 59.0 0.046875 0.0 6.0
978 64.671875 59.0 0.046875 0.0 6.0
979 64.671875 59.0 0.0458984375 0.0 6.0
980 64.671875 59.0 0.0458984375 0.0 6.0
981 64.671875 59.0 0.044921875 0.0 6.0
982 64.671875 59.0 0.044921875 0.0 6.0
983 64.671875 59.0 0.044921875 0.0 6.0
984 64.671875 59.0 0.044921875 0.0 6.0
985 64.671875 59.0 0.044921875 0.0 6.0
986 64.671875 59.0 0.0439453125 0.0 6.0
987 64.671875 59.0 0.0439453125 0.0 6.0
988 64.671875 59.0 0.0439453125 0.0 6.0
989 64.671875 59.0 0.0439453125 0.0 6.0
990 64.671875 59.0 0.0439453125 0.0 6.0
991 64.671875 59.0 0.0439453125 0.0 6.0
992 64.671875 59.0 0.0439453125 0.0 6.0
993 64.671875 59.0 0.0439453125 0.0 6.0
994 64.671875 59.0 0.0439453125 0.0 6.0
995 64.671875 59.0 0.0439453125 0.0 6.0
996 64.671875 59.0 0.0439453125 0.0 6.0
997 64.671875 59.0 0.0439453125 0.0 6.0
998 64.671875 59.0 0.0439453125 0.0 6.0
999 64.671875 59.0 0.0439453125 0.0 6.0
1000 64.671875 59.0 0.0439453125 0.0 6.0
