gen HV HVnoDiscount fitness_notKilledMutants notKilledNonEqMutants fitness_testSuiteSize
1 16.78125 16.0 5.94140625 5.0 6.0
2 16.78125 16.0 5.94140625 5.0 6.0
3 19.50390625 18.0 5.697265625 5.0 6.0
4 19.50390625 18.0 5.697265625 5.0 6.0
5 20.748046875 19.0 5.6435546875 5.0 6.0
6 20.748046875 19.0 5.6435546875 5.0 6.0
7 20.748046875 19.0 5.6435546875 5.0 6.0
8 20.748046875 19.0 5.560546875 5.0 6.0
9 20.748046875 19.0 5.560546875 5.0 6.0
10 20.748046875 19.0 5.560546875 5.0 6.0
11 20.748046875 19.0 5.501953125 5.0 6.0
12 20.748046875 19.0 5.501953125 5.0 6.0
13 20.748046875 19.0 5.501953125 5.0 6.0
14 20.748046875 19.0 5.462890625 5.0 6.0
15 20.748046875 19.0 5.462890625 5.0 6.0
16 20.748046875 19.0 5.462890625 5.0 6.0
17 20.748046875 19.0 5.4189453125 5.0 6.0
18 20.748046875 19.0 5.4189453125 5.0 6.0
19 20.748046875 19.0 5.4189453125 5.0 6.0
20 20.748046875 19.0 5.4189453125 5.0 6.0
21 20.748046875 19.0 5.4189453125 5.0 6.0
22 20.748046875 19.0 5.4189453125 5.0 6.0
23 20.748046875 19.0 5.4189453125 5.0 6.0
24 20.748046875 19.0 5.4189453125 5.0 6.0
25 20.87109375 19.0 5.4189453125 5.0 6.0
26 21.01171875 19.0 5.39453125 5.0 6.0
27 21.01171875 19.0 5.39453125 5.0 6.0
28 21.01171875 19.0 5.39453125 5.0 6.0
29 21.01171875 19.0 5.36328125 5.0 6.0
30 21.01171875 19.0 5.36328125 5.0 6.0
31 21.01171875 19.0 5.34375 5.0 6.0
32 21.01171875 19.0 5.34375 5.0 6.0
33 21.01171875 19.0 5.34375 5.0 6.0
34 21.01171875 19.0 5.34375 5.0 6.0
35 21.01171875 19.0 5.34375 5.0 6.0
36 24.7392578125 22.0 4.4521484375 4.0 6.0
37 24.7392578125 22.0 4.4521484375 4.0 6.0
38 24.7392578125 22.0 4.4521484375 4.0 6.0
39 24.7392578125 22.0 4.4521484375 4.0 6.0
40 24.7392578125 22.0 4.4521484375 4.0 6.0
41 24.7392578125 22.0 4.4521484375 4.0 6.0
42 24.7392578125 22.0 4.4521484375 4.0 6.0
43 24.7392578125 22.0 4.4521484375 4.0 6.0
44 24.7392578125 22.0 4.4521484375 4.0 6.0
45 27.2373046875 24.0 4.3525390625 4.0 6.0
46 27.2373046875 24.0 4.3525390625 4.0 6.0
47 27.2373046875 24.0 4.3408203125 4.0 6.0
48 27.2373046875 24.0 4.3408203125 4.0 6.0
49 27.2373046875 24.0 4.3408203125 4.0 6.0
50 27.2373046875 24.0 4.3408203125 4.0 6.0
51 27.2373046875 24.0 4.302734375 4.0 6.0
52 27.2373046875 24.0 4.302734375 4.0 6.0
53 27.2373046875 24.0 4.2939453125 4.0 6.0
54 27.2373046875 24.0 4.2939453125 4.0 6.0
55 27.2373046875 24.0 4.2734375 4.0 6.0
56 27.2373046875 24.0 4.2734375 4.0 6.0
57 27.2373046875 24.0 4.267578125 4.0 6.0
58 27.2373046875 24.0 4.267578125 4.0 6.0
59 27.2373046875 24.0 4.2470703125 4.0 6.0
60 27.2373046875 24.0 4.2470703125 4.0 6.0
61 27.2373046875 24.0 4.21484375 4.0 6.0
62 27.2373046875 24.0 4.21484375 4.0 6.0
63 27.2373046875 24.0 4.197265625 4.0 6.0
64 27.2373046875 24.0 4.197265625 4.0 6.0
65 28.0546875 24.0 4.1884765625 4.0 6.0
66 28.0546875 24.0 4.1884765625 4.0 6.0
67 28.0546875 24.0 4.162109375 4.0 6.0
68 28.0546875 24.0 4.162109375 4.0 6.0
69 29.201171875 25.0 4.1591796875 4.0 6.0
70 29.201171875 25.0 4.1591796875 4.0 6.0
71 29.201171875 25.0 4.1416015625 4.0 6.0
72 29.201171875 25.0 4.1416015625 4.0 6.0
73 29.201171875 25.0 4.138671875 4.0 6.0
74 29.201171875 25.0 4.138671875 4.0 6.0
75 29.3359375 25.0 4.1328125 4.0 5.0
76 29.3359375 25.0 4.1328125 4.0 5.0
77 29.4091796875 25.0 4.1181640625 4.0 5.0
78 29.4091796875 25.0 4.1181640625 4.0 5.0
79 35.361328125 30.0 4.1064453125 4.0 4.0
80 35.361328125 30.0 4.1064453125 4.0 4.0
81 38.310546875 32.0 4.09765625 4.0 4.0
82 38.310546875 32.0 4.09765625 4.0 4.0
83 38.310546875 32.0 4.0888671875 4.0 4.0
84 38.310546875 32.0 4.0888671875 4.0 4.0
85 38.310546875 32.0 4.0771484375 4.0 4.0
86 38.310546875 32.0 4.0771484375 4.0 4.0
87 38.310546875 32.0 4.0771484375 4.0 4.0
88 38.310546875 32.0 4.0771484375 4.0 4.0
89 38.310546875 32.0 4.044921875 4.0 4.0
90 38.310546875 32.0 4.044921875 4.0 4.0
91 38.310546875 32.0 4.0361328125 4.0 4.0
92 38.310546875 32.0 4.0361328125 4.0 4.0
93 38.310546875 32.0 4.033203125 4.0 4.0
94 38.310546875 32.0 4.033203125 4.0 4.0
95 38.7880859375 32.0 4.0302734375 4.0 4.0
96 38.7880859375 32.0 4.0302734375 4.0 4.0
97 38.8642578125 32.0 4.0185546875 4.0 4.0
98 38.8642578125 32.0 4.0185546875 4.0 4.0
99 38.8642578125 32.0 4.0185546875 4.0 4.0
100 38.8642578125 32.0 4.0185546875 4.0 4.0
101 38.8642578125 32.0 4.0185546875 4.0 4.0
102 38.8642578125 32.0 4.0185546875 4.0 4.0
103 39.703125 35.0 4.0185546875 4.0 4.0
104 39.703125 35.0 4.0185546875 4.0 4.0
105 39.73046875 35.0 4.0185546875 4.0 4.0
106 39.73046875 35.0 4.0185546875 4.0 4.0
107 39.73046875 35.0 4.0185546875 4.0 4.0
108 39.73046875 35.0 3.30859375 3.0 5.0
109 39.73046875 35.0 3.30859375 3.0 5.0
110 39.73046875 35.0 3.30859375 3.0 5.0
111 39.73046875 35.0 3.30859375 3.0 5.0
112 39.73046875 35.0 3.30859375 3.0 5.0
113 39.73046875 35.0 3.30859375 3.0 5.0
114 40.359375 36.0 3.2734375 3.0 4.0
115 40.359375 36.0 3.2734375 3.0 4.0
116 40.359375 36.0 3.2734375 3.0 4.0
117 40.359375 36.0 3.2734375 3.0 4.0
118 40.359375 36.0 3.2734375 3.0 4.0
119 40.359375 36.0 3.2734375 3.0 4.0
120 40.359375 36.0 3.2734375 3.0 4.0
121 40.359375 36.0 3.2734375 3.0 4.0
122 40.359375 36.0 3.2734375 3.0 4.0
123 40.359375 36.0 3.2734375 3.0 4.0
124 40.359375 36.0 3.2734375 3.0 4.0
125 40.359375 36.0 3.2734375 3.0 4.0
126 40.359375 36.0 3.2734375 3.0 4.0
127 40.359375 36.0 3.2734375 3.0 4.0
128 40.359375 36.0 3.2734375 3.0 4.0
129 40.359375 36.0 3.2734375 3.0 4.0
130 40.359375 36.0 3.2734375 3.0 4.0
131 40.359375 36.0 3.2734375 3.0 4.0
132 40.359375 36.0 3.2734375 3.0 4.0
133 40.359375 36.0 3.2734375 3.0 4.0
134 40.359375 36.0 3.2734375 3.0 4.0
135 40.359375 36.0 3.2734375 3.0 4.0
136 40.359375 36.0 3.2734375 3.0 4.0
137 40.359375 36.0 3.2734375 3.0 4.0
138 40.359375 36.0 3.2734375 3.0 4.0
139 40.359375 36.0 3.2734375 3.0 4.0
140 40.359375 36.0 3.2734375 3.0 4.0
141 40.359375 36.0 3.2734375 3.0 4.0
142 40.359375 36.0 3.2734375 3.0 4.0
143 40.359375 36.0 3.2734375 3.0 4.0
144 40.359375 36.0 3.2734375 3.0 4.0
145 40.359375 36.0 3.2734375 3.0 4.0
146 40.359375 36.0 3.2734375 3.0 4.0
147 40.359375 36.0 3.2734375 3.0 4.0
148 40.359375 36.0 3.2734375 3.0 4.0
149 40.359375 36.0 3.2734375 3.0 4.0
150 40.359375 36.0 3.2734375 3.0 4.0
151 40.359375 36.0 3.2734375 3.0 4.0
152 40.359375 36.0 3.2734375 3.0 4.0
153 40.359375 36.0 3.2734375 3.0 4.0
154 40.359375 36.0 3.2734375 3.0 4.0
155 40.359375 36.0 3.2734375 3.0 4.0
156 40.359375 36.0 3.2734375 3.0 4.0
157 40.359375 36.0 3.2734375 3.0 4.0
158 40.359375 36.0 3.2734375 3.0 4.0
159 40.359375 36.0 3.2734375 3.0 4.0
160 40.359375 36.0 3.2734375 3.0 4.0
161 40.359375 36.0 3.2734375 3.0 4.0
162 40.359375 36.0 3.2734375 3.0 4.0
163 40.359375 36.0 3.2734375 3.0 4.0
164 40.359375 36.0 3.2734375 3.0 4.0
165 40.359375 36.0 3.2734375 3.0 4.0
166 40.359375 36.0 3.2734375 3.0 4.0
167 40.359375 36.0 3.2734375 3.0 4.0
168 40.359375 36.0 3.2734375 3.0 4.0
169 40.359375 36.0 3.2734375 3.0 4.0
170 40.359375 36.0 3.2734375 3.0 4.0
171 40.359375 36.0 3.2734375 3.0 4.0
172 40.359375 36.0 3.2734375 3.0 4.0
173 40.359375 36.0 3.2734375 3.0 4.0
174 40.359375 36.0 3.2734375 3.0 4.0
175 40.359375 36.0 3.2734375 3.0 4.0
176 40.359375 36.0 3.2734375 3.0 4.0
177 40.359375 36.0 3.2734375 3.0 4.0
178 40.359375 36.0 3.2734375 3.0 4.0
179 40.359375 36.0 3.2734375 3.0 4.0
180 40.359375 36.0 3.2734375 3.0 4.0
181 40.359375 36.0 3.2734375 3.0 4.0
182 40.359375 36.0 3.2734375 3.0 4.0
183 40.359375 36.0 3.2734375 3.0 4.0
184 40.359375 36.0 3.2734375 3.0 4.0
185 40.359375 36.0 3.2734375 3.0 4.0
186 40.359375 36.0 3.2734375 3.0 4.0
187 40.359375 36.0 3.2734375 3.0 4.0
188 40.359375 36.0 3.2734375 3.0 4.0
189 40.359375 36.0 3.2734375 3.0 4.0
190 40.359375 36.0 3.2734375 3.0 4.0
191 40.359375 36.0 3.2734375 3.0 4.0
192 40.359375 36.0 3.2734375 3.0 4.0
193 40.359375 36.0 3.2734375 3.0 4.0
194 40.359375 36.0 3.2734375 3.0 4.0
195 40.359375 36.0 3.2734375 3.0 4.0
196 40.359375 36.0 3.2734375 3.0 4.0
197 40.359375 36.0 3.2734375 3.0 4.0
198 40.359375 36.0 3.2734375 3.0 4.0
199 40.359375 36.0 3.2734375 3.0 4.0
200 40.359375 36.0 3.2734375 3.0 4.0
201 40.359375 36.0 3.2734375 3.0 4.0
202 40.359375 36.0 3.2734375 3.0 4.0
203 40.359375 36.0 3.2734375 3.0 4.0
204 40.359375 36.0 3.2734375 3.0 4.0
205 40.359375 36.0 3.2734375 3.0 4.0
206 40.359375 36.0 3.2734375 3.0 4.0
207 40.359375 36.0 3.2734375 3.0 4.0
208 40.359375 36.0 3.2734375 3.0 4.0
209 40.359375 36.0 3.2734375 3.0 4.0
210 40.359375 36.0 3.2734375 3.0 4.0
211 40.359375 36.0 3.2734375 3.0 4.0
212 40.359375 36.0 3.2734375 3.0 4.0
213 40.359375 36.0 3.2734375 3.0 4.0
214 40.359375 36.0 3.2734375 3.0 4.0
215 40.359375 36.0 3.2734375 3.0 4.0
216 40.359375 36.0 3.2734375 3.0 4.0
217 40.359375 36.0 3.2734375 3.0 4.0
218 40.359375 36.0 3.2734375 3.0 4.0
219 40.359375 36.0 3.2734375 3.0 4.0
220 40.359375 36.0 3.2734375 3.0 4.0
221 40.359375 36.0 3.2734375 3.0 4.0
222 40.359375 36.0 3.2734375 3.0 4.0
223 40.359375 36.0 3.2734375 3.0 4.0
224 40.359375 36.0 3.2734375 3.0 4.0
225 40.359375 36.0 3.2734375 3.0 4.0
226 40.359375 36.0 3.2734375 3.0 4.0
227 40.359375 36.0 3.2734375 3.0 4.0
228 40.359375 36.0 3.2734375 3.0 4.0
229 40.359375 36.0 3.2734375 3.0 4.0
230 40.359375 36.0 3.2734375 3.0 4.0
231 40.359375 36.0 3.2734375 3.0 4.0
232 40.359375 36.0 3.2734375 3.0 4.0
233 40.359375 36.0 3.2734375 3.0 4.0
234 40.359375 36.0 3.2734375 3.0 4.0
235 40.359375 36.0 3.2734375 3.0 4.0
236 40.359375 36.0 3.2734375 3.0 4.0
237 40.359375 36.0 3.2734375 3.0 4.0
238 40.359375 36.0 3.2734375 3.0 4.0
239 40.359375 36.0 3.2734375 3.0 4.0
240 40.359375 36.0 3.2734375 3.0 4.0
241 40.359375 36.0 3.2734375 3.0 4.0
242 40.359375 36.0 3.2734375 3.0 4.0
243 40.359375 36.0 3.2734375 3.0 4.0
244 40.359375 36.0 3.2734375 3.0 4.0
245 40.359375 36.0 3.2734375 3.0 4.0
246 40.359375 36.0 3.2734375 3.0 4.0
247 40.359375 36.0 3.2734375 3.0 4.0
248 40.359375 36.0 3.2734375 3.0 4.0
249 40.359375 36.0 3.2734375 3.0 4.0
250 40.359375 36.0 3.2734375 3.0 4.0
251 40.359375 36.0 3.2734375 3.0 4.0
252 40.359375 36.0 3.2734375 3.0 4.0
253 40.359375 36.0 3.2734375 3.0 4.0
254 40.359375 36.0 3.2734375 3.0 4.0
255 40.359375 36.0 3.2734375 3.0 4.0
256 40.359375 36.0 3.2734375 3.0 4.0
257 40.359375 36.0 3.2734375 3.0 4.0
258 40.359375 36.0 3.2734375 3.0 4.0
259 40.359375 36.0 3.2734375 3.0 4.0
260 40.359375 36.0 3.2734375 3.0 4.0
261 40.359375 36.0 3.2734375 3.0 4.0
262 40.359375 36.0 3.2734375 3.0 4.0
263 40.359375 36.0 3.2734375 3.0 4.0
264 40.359375 36.0 3.2734375 3.0 4.0
265 40.359375 36.0 3.2734375 3.0 4.0
266 40.359375 36.0 3.2734375 3.0 4.0
267 40.359375 36.0 3.2734375 3.0 4.0
268 40.359375 36.0 3.2734375 3.0 4.0
269 40.359375 36.0 3.2734375 3.0 4.0
270 40.359375 36.0 3.2734375 3.0 4.0
271 40.359375 36.0 3.2734375 3.0 4.0
272 40.359375 36.0 3.2734375 3.0 4.0
273 40.359375 36.0 3.2734375 3.0 4.0
274 40.359375 36.0 3.2734375 3.0 4.0
275 40.359375 36.0 3.2734375 3.0 4.0
276 40.359375 36.0 3.2734375 3.0 4.0
277 40.359375 36.0 3.2734375 3.0 4.0
278 40.359375 36.0 3.2734375 3.0 4.0
279 40.359375 36.0 3.2734375 3.0 4.0
280 40.359375 36.0 3.2734375 3.0 4.0
281 40.359375 36.0 3.2734375 3.0 4.0
282 40.359375 36.0 3.2734375 3.0 4.0
283 40.359375 36.0 3.2734375 3.0 4.0
284 40.359375 36.0 3.2734375 3.0 4.0
285 40.359375 36.0 3.2734375 3.0 4.0
286 40.359375 36.0 3.2734375 3.0 4.0
287 40.359375 36.0 3.2734375 3.0 4.0
288 40.359375 36.0 3.2734375 3.0 4.0
289 40.359375 36.0 3.2734375 3.0 4.0
290 40.359375 36.0 3.2734375 3.0 4.0
291 40.359375 36.0 3.2734375 3.0 4.0
292 40.359375 36.0 3.2734375 3.0 4.0
293 40.359375 36.0 3.2734375 3.0 4.0
294 40.359375 36.0 3.2734375 3.0 4.0
295 40.359375 36.0 3.2734375 3.0 4.0
296 40.359375 36.0 3.2734375 3.0 4.0
297 40.359375 36.0 3.2734375 3.0 4.0
298 40.359375 36.0 3.2734375 3.0 4.0
299 40.359375 36.0 3.2734375 3.0 4.0
300 40.359375 36.0 3.2734375 3.0 4.0
301 40.359375 36.0 3.2734375 3.0 4.0
302 40.359375 36.0 3.2734375 3.0 4.0
303 40.359375 36.0 3.2734375 3.0 4.0
304 40.359375 36.0 3.2734375 3.0 4.0
305 40.359375 36.0 3.2734375 3.0 4.0
306 40.359375 36.0 3.2734375 3.0 4.0
307 40.359375 36.0 3.2734375 3.0 4.0
308 40.359375 36.0 3.2734375 3.0 4.0
309 40.359375 36.0 3.2734375 3.0 4.0
310 40.359375 36.0 3.2734375 3.0 4.0
311 40.359375 36.0 3.2734375 3.0 4.0
312 40.359375 36.0 3.2734375 3.0 4.0
313 40.359375 36.0 3.2734375 3.0 4.0
314 40.359375 36.0 3.2734375 3.0 4.0
315 40.359375 36.0 3.2734375 3.0 4.0
316 40.359375 36.0 3.2734375 3.0 4.0
317 40.359375 36.0 3.2734375 3.0 4.0
318 40.359375 36.0 3.2734375 3.0 4.0
319 40.359375 36.0 3.2734375 3.0 4.0
320 40.359375 36.0 3.2734375 3.0 4.0
321 40.359375 36.0 3.2734375 3.0 4.0
322 40.359375 36.0 3.2734375 3.0 4.0
323 40.359375 36.0 3.2734375 3.0 4.0
324 40.359375 36.0 3.2734375 3.0 4.0
325 40.359375 36.0 3.2734375 3.0 4.0
326 40.359375 36.0 3.2734375 3.0 4.0
327 40.359375 36.0 3.2734375 3.0 4.0
328 40.359375 36.0 3.2734375 3.0 4.0
329 40.359375 36.0 3.2734375 3.0 4.0
330 40.359375 36.0 3.2734375 3.0 4.0
331 40.359375 36.0 3.2734375 3.0 4.0
332 40.359375 36.0 3.2734375 3.0 4.0
333 40.359375 36.0 3.2734375 3.0 4.0
334 40.359375 36.0 3.2734375 3.0 4.0
335 40.359375 36.0 3.2734375 3.0 4.0
336 40.359375 36.0 3.2734375 3.0 4.0
337 40.359375 36.0 3.2734375 3.0 4.0
338 40.359375 36.0 3.2734375 3.0 4.0
339 40.359375 36.0 3.2734375 3.0 4.0
340 40.359375 36.0 3.2734375 3.0 4.0
341 40.359375 36.0 3.2734375 3.0 4.0
342 40.359375 36.0 3.2734375 3.0 4.0
343 40.359375 36.0 3.2734375 3.0 4.0
344 40.359375 36.0 3.2734375 3.0 4.0
345 40.359375 36.0 3.2734375 3.0 4.0
346 40.359375 36.0 3.2734375 3.0 4.0
347 40.359375 36.0 3.2734375 3.0 4.0
348 40.359375 36.0 3.2734375 3.0 4.0
349 40.359375 36.0 3.2734375 3.0 4.0
350 40.359375 36.0 3.2734375 3.0 4.0
351 40.359375 36.0 3.2734375 3.0 4.0
352 40.359375 36.0 3.2734375 3.0 4.0
353 40.359375 36.0 3.2734375 3.0 4.0
354 40.359375 36.0 3.2734375 3.0 4.0
355 40.359375 36.0 3.2734375 3.0 4.0
356 40.359375 36.0 3.2734375 3.0 4.0
357 40.359375 36.0 3.2734375 3.0 4.0
358 40.359375 36.0 3.2734375 3.0 4.0
359 40.359375 36.0 3.2734375 3.0 4.0
360 40.359375 36.0 3.2734375 3.0 4.0
361 40.359375 36.0 3.2734375 3.0 4.0
362 40.359375 36.0 3.2734375 3.0 4.0
363 40.359375 36.0 3.2734375 3.0 4.0
364 40.359375 36.0 3.2734375 3.0 4.0
365 40.359375 36.0 3.2734375 3.0 4.0
366 40.359375 36.0 3.2734375 3.0 4.0
367 40.359375 36.0 3.2734375 3.0 4.0
368 40.359375 36.0 3.2734375 3.0 4.0
369 40.359375 36.0 3.2734375 3.0 4.0
370 40.359375 36.0 3.2734375 3.0 4.0
371 40.359375 36.0 3.2734375 3.0 4.0
372 44.74609375 40.0 3.2734375 3.0 4.0
373 44.74609375 40.0 3.2734375 3.0 4.0
374 44.74609375 40.0 3.2734375 3.0 4.0
375 44.74609375 40.0 3.2734375 3.0 4.0
376 44.74609375 40.0 3.2734375 3.0 4.0
377 44.74609375 40.0 3.2734375 3.0 4.0
378 44.74609375 40.0 3.2734375 3.0 4.0
379 44.74609375 40.0 3.2734375 3.0 4.0
380 44.74609375 40.0 3.2734375 3.0 4.0
381 44.74609375 40.0 3.2734375 3.0 4.0
382 44.74609375 40.0 3.2734375 3.0 4.0
383 44.74609375 40.0 3.2734375 3.0 4.0
384 44.74609375 40.0 3.2734375 3.0 4.0
385 44.74609375 40.0 3.2734375 3.0 4.0
386 44.74609375 40.0 3.2734375 3.0 4.0
387 44.74609375 40.0 3.2734375 3.0 4.0
388 44.74609375 40.0 3.2734375 3.0 4.0
389 44.74609375 40.0 3.2734375 3.0 4.0
390 44.74609375 40.0 3.2734375 3.0 4.0
391 44.74609375 40.0 3.2734375 3.0 4.0
392 44.74609375 40.0 3.2734375 3.0 4.0
393 44.74609375 40.0 3.2734375 3.0 4.0
394 44.74609375 40.0 3.2734375 3.0 4.0
395 44.74609375 40.0 3.2734375 3.0 4.0
396 44.74609375 40.0 3.2734375 3.0 4.0
397 44.74609375 40.0 3.2734375 3.0 4.0
398 44.74609375 40.0 3.2734375 3.0 4.0
399 44.74609375 40.0 3.2734375 3.0 4.0
400 44.74609375 40.0 3.2734375 3.0 4.0
401 44.74609375 40.0 3.2734375 3.0 4.0
402 44.74609375 40.0 3.2734375 3.0 4.0
403 44.74609375 40.0 3.2734375 3.0 4.0
404 44.74609375 40.0 3.2734375 3.0 4.0
405 44.74609375 40.0 3.2734375 3.0 4.0
406 44.74609375 40.0 3.2734375 3.0 4.0
407 44.74609375 40.0 3.2734375 3.0 4.0
408 44.74609375 40.0 3.2734375 3.0 4.0
409 44.74609375 40.0 3.2734375 3.0 4.0
410 44.74609375 40.0 3.2734375 3.0 4.0
411 44.74609375 40.0 3.2734375 3.0 4.0
412 44.74609375 40.0 3.2734375 3.0 4.0
413 44.74609375 40.0 3.2734375 3.0 4.0
414 44.74609375 40.0 3.2734375 3.0 4.0
415 44.74609375 40.0 3.2734375 3.0 4.0
416 44.74609375 40.0 3.2734375 3.0 4.0
417 44.74609375 40.0 3.2734375 3.0 4.0
418 44.74609375 40.0 3.2734375 3.0 4.0
419 44.74609375 40.0 3.2734375 3.0 4.0
420 44.74609375 40.0 3.2734375 3.0 4.0
421 44.74609375 40.0 3.2734375 3.0 4.0
422 44.74609375 40.0 3.2734375 3.0 4.0
423 44.74609375 40.0 3.2734375 3.0 4.0
424 44.74609375 40.0 3.2734375 3.0 4.0
425 44.74609375 40.0 3.2734375 3.0 4.0
426 44.74609375 40.0 3.2734375 3.0 4.0
427 44.74609375 40.0 3.2734375 3.0 4.0
428 44.74609375 40.0 3.2734375 3.0 4.0
429 44.74609375 40.0 3.2734375 3.0 4.0
430 44.74609375 40.0 3.2734375 3.0 4.0
431 44.74609375 40.0 3.2734375 3.0 4.0
432 44.74609375 40.0 3.2734375 3.0 4.0
433 44.74609375 40.0 3.2734375 3.0 4.0
434 44.74609375 40.0 3.2734375 3.0 4.0
435 44.74609375 40.0 3.2734375 3.0 4.0
436 44.74609375 40.0 3.2734375 3.0 4.0
437 44.74609375 40.0 3.2734375 3.0 4.0
438 44.74609375 40.0 3.2734375 3.0 4.0
439 44.74609375 40.0 3.2734375 3.0 4.0
440 44.74609375 40.0 3.2734375 3.0 4.0
441 44.74609375 40.0 3.2734375 3.0 4.0
442 44.74609375 40.0 3.2734375 3.0 4.0
443 44.74609375 40.0 3.2734375 3.0 4.0
444 44.74609375 40.0 3.2734375 3.0 4.0
445 44.74609375 40.0 3.2734375 3.0 4.0
446 44.74609375 40.0 3.2734375 3.0 4.0
447 44.74609375 40.0 3.2734375 3.0 4.0
448 44.74609375 40.0 3.2734375 3.0 4.0
449 44.74609375 40.0 3.2734375 3.0 4.0
450 44.74609375 40.0 3.2734375 3.0 4.0
451 44.74609375 40.0 3.2734375 3.0 4.0
452 44.74609375 40.0 3.2734375 3.0 4.0
453 44.74609375 40.0 3.2734375 3.0 4.0
454 44.74609375 40.0 3.2734375 3.0 4.0
455 44.74609375 40.0 3.2734375 3.0 4.0
456 44.74609375 40.0 3.2734375 3.0 4.0
457 44.74609375 40.0 3.2734375 3.0 4.0
458 44.74609375 40.0 3.2734375 3.0 4.0
459 44.74609375 40.0 3.2734375 3.0 4.0
460 44.74609375 40.0 3.2734375 3.0 4.0
461 44.74609375 40.0 3.2734375 3.0 4.0
462 44.74609375 40.0 3.2734375 3.0 4.0
463 44.74609375 40.0 3.2734375 3.0 4.0
464 44.74609375 40.0 3.2734375 3.0 4.0
465 44.74609375 40.0 3.2734375 3.0 4.0
466 44.74609375 40.0 3.2734375 3.0 4.0
467 44.74609375 40.0 3.2734375 3.0 4.0
468 44.74609375 40.0 3.2734375 3.0 4.0
469 44.74609375 40.0 3.2734375 3.0 4.0
470 44.74609375 40.0 3.2734375 3.0 4.0
471 44.74609375 40.0 3.2734375 3.0 4.0
472 44.74609375 40.0 3.2734375 3.0 4.0
473 44.74609375 40.0 3.2734375 3.0 4.0
474 44.74609375 40.0 3.2734375 3.0 4.0
475 44.74609375 40.0 3.2734375 3.0 4.0
476 44.74609375 40.0 3.2734375 3.0 4.0
477 44.74609375 40.0 3.2734375 3.0 4.0
478 44.74609375 40.0 3.2734375 3.0 4.0
479 44.74609375 40.0 3.2734375 3.0 4.0
480 44.74609375 40.0 3.2734375 3.0 4.0
481 44.74609375 40.0 3.2734375 3.0 4.0
482 44.74609375 40.0 3.2734375 3.0 4.0
483 44.74609375 40.0 3.2734375 3.0 4.0
484 44.74609375 40.0 3.2734375 3.0 4.0
485 44.74609375 40.0 3.2734375 3.0 4.0
486 44.74609375 40.0 3.2734375 3.0 4.0
487 44.74609375 40.0 3.2734375 3.0 4.0
488 44.74609375 40.0 3.2734375 3.0 4.0
489 44.74609375 40.0 3.2734375 3.0 4.0
490 44.74609375 40.0 3.2734375 3.0 4.0
491 44.74609375 40.0 3.2734375 3.0 4.0
492 44.74609375 40.0 3.2734375 3.0 4.0
493 44.74609375 40.0 3.2734375 3.0 4.0
494 44.74609375 40.0 3.2734375 3.0 4.0
495 44.74609375 40.0 3.2734375 3.0 4.0
496 44.74609375 40.0 3.2734375 3.0 4.0
497 44.74609375 40.0 3.2734375 3.0 4.0
498 44.74609375 40.0 3.2734375 3.0 4.0
499 44.74609375 40.0 3.2734375 3.0 4.0
500 44.74609375 40.0 3.2734375 3.0 4.0
501 44.74609375 40.0 3.2734375 3.0 4.0
502 44.74609375 40.0 3.2734375 3.0 4.0
503 44.74609375 40.0 3.2734375 3.0 4.0
504 44.74609375 40.0 3.2734375 3.0 4.0
505 44.74609375 40.0 3.2734375 3.0 4.0
506 44.74609375 40.0 3.2734375 3.0 4.0
507 44.74609375 40.0 3.2734375 3.0 4.0
508 44.74609375 40.0 3.2734375 3.0 4.0
509 44.74609375 40.0 3.2734375 3.0 4.0
510 44.74609375 40.0 3.2734375 3.0 4.0
511 44.74609375 40.0 3.2734375 3.0 4.0
512 44.74609375 40.0 3.2734375 3.0 4.0
513 44.74609375 40.0 3.2734375 3.0 4.0
514 44.74609375 40.0 3.2734375 3.0 4.0
515 44.74609375 40.0 3.2734375 3.0 4.0
516 44.74609375 40.0 3.2734375 3.0 4.0
517 44.74609375 40.0 3.2734375 3.0 4.0
518 44.74609375 40.0 3.2734375 3.0 4.0
519 44.74609375 40.0 3.2734375 3.0 4.0
520 44.74609375 40.0 3.2734375 3.0 4.0
521 44.74609375 40.0 3.2734375 3.0 4.0
522 44.74609375 40.0 3.2734375 3.0 4.0
523 44.74609375 40.0 3.2734375 3.0 4.0
524 44.74609375 40.0 3.2734375 3.0 4.0
525 44.74609375 40.0 3.2734375 3.0 4.0
526 44.74609375 40.0 3.2734375 3.0 4.0
527 44.74609375 40.0 3.2734375 3.0 4.0
528 44.74609375 40.0 3.2734375 3.0 4.0
529 44.74609375 40.0 3.2734375 3.0 4.0
530 44.74609375 40.0 3.2734375 3.0 4.0
531 44.74609375 40.0 3.2734375 3.0 4.0
532 44.74609375 40.0 3.2734375 3.0 4.0
533 44.74609375 40.0 3.2734375 3.0 4.0
534 44.74609375 40.0 3.2734375 3.0 4.0
535 44.74609375 40.0 3.2734375 3.0 4.0
536 44.74609375 40.0 3.2734375 3.0 4.0
537 44.74609375 40.0 3.2734375 3.0 4.0
538 44.74609375 40.0 3.2734375 3.0 4.0
539 44.74609375 40.0 3.2734375 3.0 4.0
540 44.74609375 40.0 3.2734375 3.0 4.0
541 44.74609375 40.0 3.2734375 3.0 4.0
542 44.74609375 40.0 3.2734375 3.0 4.0
543 44.74609375 40.0 3.2734375 3.0 4.0
544 44.74609375 40.0 3.2734375 3.0 4.0
545 44.74609375 40.0 3.2734375 3.0 4.0
546 44.74609375 40.0 3.2734375 3.0 4.0
547 44.74609375 40.0 3.2734375 3.0 4.0
548 44.74609375 40.0 3.2734375 3.0 4.0
549 44.74609375 40.0 3.2734375 3.0 4.0
550 44.74609375 40.0 3.2734375 3.0 4.0
551 44.74609375 40.0 3.2734375 3.0 4.0
552 44.74609375 40.0 3.2734375 3.0 4.0
553 44.74609375 40.0 3.2734375 3.0 4.0
554 44.74609375 40.0 3.2734375 3.0 4.0
555 44.74609375 40.0 3.2734375 3.0 4.0
556 44.74609375 40.0 3.2734375 3.0 4.0
557 44.74609375 40.0 3.2734375 3.0 4.0
558 44.74609375 40.0 3.2734375 3.0 4.0
559 44.74609375 40.0 3.2734375 3.0 4.0
560 44.74609375 40.0 3.2734375 3.0 4.0
561 44.74609375 40.0 3.2734375 3.0 4.0
562 44.74609375 40.0 3.2734375 3.0 4.0
563 44.74609375 40.0 3.2734375 3.0 4.0
564 44.74609375 40.0 3.2734375 3.0 4.0
565 44.74609375 40.0 3.2734375 3.0 4.0
566 44.74609375 40.0 3.2734375 3.0 4.0
567 44.74609375 40.0 3.2734375 3.0 4.0
568 44.74609375 40.0 3.2734375 3.0 4.0
569 44.74609375 40.0 3.2734375 3.0 4.0
570 44.74609375 40.0 3.2734375 3.0 4.0
571 44.74609375 40.0 3.2734375 3.0 4.0
572 44.74609375 40.0 3.2734375 3.0 4.0
573 44.74609375 40.0 3.2734375 3.0 4.0
574 44.74609375 40.0 3.2734375 3.0 4.0
575 44.74609375 40.0 3.2734375 3.0 4.0
576 44.74609375 40.0 3.2734375 3.0 4.0
577 44.74609375 40.0 3.2734375 3.0 4.0
578 44.74609375 40.0 3.2734375 3.0 4.0
579 44.74609375 40.0 3.2734375 3.0 4.0
580 44.74609375 40.0 3.2734375 3.0 4.0
581 44.74609375 40.0 3.2734375 3.0 4.0
582 44.74609375 40.0 3.2734375 3.0 4.0
583 44.74609375 40.0 3.2734375 3.0 4.0
584 44.74609375 40.0 3.2734375 3.0 4.0
585 44.74609375 40.0 3.2734375 3.0 4.0
586 44.74609375 40.0 3.2734375 3.0 4.0
587 44.74609375 40.0 3.2734375 3.0 4.0
588 44.74609375 40.0 3.2734375 3.0 4.0
589 44.74609375 40.0 3.2734375 3.0 4.0
590 44.74609375 40.0 3.2734375 3.0 4.0
591 44.74609375 40.0 3.2734375 3.0 4.0
592 44.74609375 40.0 3.2734375 3.0 4.0
593 44.74609375 40.0 3.2734375 3.0 4.0
594 44.74609375 40.0 3.2734375 3.0 4.0
595 44.74609375 40.0 3.2734375 3.0 4.0
596 44.74609375 40.0 3.2734375 3.0 4.0
597 44.74609375 40.0 3.2734375 3.0 4.0
598 44.74609375 40.0 3.2734375 3.0 4.0
599 44.74609375 40.0 3.2734375 3.0 4.0
600 44.74609375 40.0 3.2734375 3.0 4.0
601 44.74609375 40.0 3.2734375 3.0 4.0
602 44.74609375 40.0 3.2734375 3.0 4.0
603 44.74609375 40.0 3.2734375 3.0 4.0
604 44.74609375 40.0 3.2734375 3.0 4.0
605 44.74609375 40.0 3.2734375 3.0 4.0
606 44.74609375 40.0 3.2734375 3.0 4.0
607 44.74609375 40.0 3.2734375 3.0 4.0
608 44.74609375 40.0 3.2734375 3.0 4.0
609 44.74609375 40.0 3.2734375 3.0 4.0
610 44.74609375 40.0 3.2734375 3.0 4.0
611 44.74609375 40.0 3.2734375 3.0 4.0
612 44.74609375 40.0 3.2734375 3.0 4.0
613 44.74609375 40.0 3.2734375 3.0 4.0
614 44.74609375 40.0 3.2734375 3.0 4.0
615 44.74609375 40.0 3.2734375 3.0 4.0
616 44.74609375 40.0 3.2734375 3.0 4.0
617 44.74609375 40.0 3.2734375 3.0 4.0
618 44.74609375 40.0 3.2734375 3.0 4.0
619 44.74609375 40.0 3.2734375 3.0 4.0
620 44.74609375 40.0 3.2734375 3.0 4.0
621 44.74609375 40.0 3.2734375 3.0 4.0
622 44.74609375 40.0 3.2734375 3.0 4.0
623 44.74609375 40.0 3.2734375 3.0 4.0
624 44.74609375 40.0 3.2734375 3.0 4.0
625 44.74609375 40.0 3.2734375 3.0 4.0
626 44.74609375 40.0 3.2734375 3.0 4.0
627 45.396484375 40.0 3.2734375 3.0 4.0
628 45.396484375 40.0 3.2734375 3.0 4.0
629 45.396484375 40.0 3.2734375 3.0 4.0
630 45.396484375 40.0 3.2734375 3.0 4.0
631 45.396484375 40.0 3.2734375 3.0 4.0
632 45.396484375 40.0 3.2734375 3.0 4.0
633 45.396484375 40.0 3.2734375 3.0 4.0
634 45.396484375 40.0 3.2734375 3.0 4.0
635 45.396484375 40.0 3.2734375 3.0 4.0
636 45.396484375 40.0 3.2734375 3.0 4.0
637 45.396484375 40.0 3.2734375 3.0 4.0
638 45.396484375 40.0 3.2734375 3.0 4.0
639 45.396484375 40.0 3.2734375 3.0 4.0
640 45.396484375 40.0 3.2734375 3.0 4.0
641 45.396484375 40.0 3.2734375 3.0 4.0
642 45.396484375 40.0 3.2734375 3.0 4.0
643 45.396484375 40.0 3.2734375 3.0 4.0
644 45.396484375 40.0 3.2734375 3.0 4.0
645 45.396484375 40.0 3.2734375 3.0 4.0
646 45.396484375 40.0 3.2734375 3.0 4.0
647 45.396484375 40.0 3.2734375 3.0 4.0
648 45.396484375 40.0 3.2734375 3.0 4.0
649 45.396484375 40.0 3.2734375 3.0 4.0
650 45.396484375 40.0 3.2734375 3.0 4.0
651 45.396484375 40.0 3.2734375 3.0 4.0
652 45.396484375 40.0 3.2734375 3.0 4.0
653 45.396484375 40.0 3.2734375 3.0 4.0
654 45.396484375 40.0 3.2734375 3.0 4.0
655 45.396484375 40.0 3.2734375 3.0 4.0
656 45.396484375 40.0 3.2734375 3.0 4.0
657 45.396484375 40.0 3.2734375 3.0 4.0
658 45.396484375 40.0 3.2734375 3.0 4.0
659 45.396484375 40.0 3.2734375 3.0 4.0
660 45.396484375 40.0 3.2734375 3.0 4.0
661 45.396484375 40.0 3.2734375 3.0 4.0
662 45.396484375 40.0 3.2734375 3.0 4.0
663 45.396484375 40.0 3.2734375 3.0 4.0
664 45.396484375 40.0 3.2734375 3.0 4.0
665 45.396484375 40.0 3.2734375 3.0 4.0
666 45.396484375 40.0 3.2734375 3.0 4.0
667 45.396484375 40.0 3.2734375 3.0 4.0
668 45.396484375 40.0 3.2734375 3.0 4.0
669 45.396484375 40.0 3.2734375 3.0 4.0
670 45.396484375 40.0 3.2734375 3.0 4.0
671 45.396484375 40.0 3.2734375 3.0 4.0
672 45.396484375 40.0 3.2734375 3.0 4.0
673 45.396484375 40.0 3.2734375 3.0 4.0
674 45.396484375 40.0 3.2734375 3.0 4.0
675 45.396484375 40.0 3.2734375 3.0 4.0
676 45.396484375 40.0 3.2734375 3.0 4.0
677 45.396484375 40.0 3.2734375 3.0 4.0
678 45.396484375 40.0 3.2734375 3.0 4.0
679 45.396484375 40.0 3.2734375 3.0 4.0
680 45.396484375 40.0 3.2734375 3.0 4.0
681 45.396484375 40.0 3.2734375 3.0 4.0
682 45.396484375 40.0 3.2734375 3.0 4.0
683 45.396484375 40.0 3.2734375 3.0 4.0
684 45.396484375 40.0 3.2734375 3.0 4.0
685 45.396484375 40.0 3.2734375 3.0 4.0
686 45.396484375 40.0 3.2734375 3.0 4.0
687 45.396484375 40.0 3.2734375 3.0 4.0
688 45.396484375 40.0 3.2734375 3.0 4.0
689 45.396484375 40.0 3.2734375 3.0 4.0
690 45.396484375 40.0 3.2734375 3.0 4.0
691 45.396484375 40.0 3.2734375 3.0 4.0
692 45.396484375 40.0 3.2734375 3.0 4.0
693 45.396484375 40.0 3.2734375 3.0 4.0
694 45.396484375 40.0 3.2734375 3.0 4.0
695 45.396484375 40.0 3.2734375 3.0 4.0
696 45.396484375 40.0 3.2734375 3.0 4.0
697 45.396484375 40.0 3.2734375 3.0 4.0
698 45.396484375 40.0 3.2734375 3.0 4.0
699 45.396484375 40.0 3.2734375 3.0 4.0
700 45.396484375 40.0 3.2734375 3.0 4.0
701 45.396484375 40.0 3.2734375 3.0 4.0
702 45.396484375 40.0 3.2734375 3.0 4.0
703 45.396484375 40.0 3.2734375 3.0 4.0
704 45.396484375 40.0 3.2734375 3.0 4.0
705 45.396484375 40.0 3.2734375 3.0 4.0
706 45.396484375 40.0 3.2734375 3.0 4.0
707 45.396484375 40.0 3.2734375 3.0 4.0
708 45.396484375 40.0 3.2734375 3.0 4.0
709 45.396484375 40.0 3.2734375 3.0 4.0
710 45.396484375 40.0 3.2734375 3.0 4.0
711 45.396484375 40.0 3.2734375 3.0 4.0
712 45.396484375 40.0 3.2734375 3.0 4.0
713 45.396484375 40.0 3.2734375 3.0 4.0
714 45.396484375 40.0 3.2734375 3.0 4.0
715 45.396484375 40.0 3.2734375 3.0 4.0
716 45.396484375 40.0 3.2734375 3.0 4.0
717 45.396484375 40.0 3.2734375 3.0 4.0
718 45.396484375 40.0 3.2734375 3.0 4.0
719 45.396484375 40.0 3.2734375 3.0 4.0
720 45.396484375 40.0 3.2734375 3.0 4.0
721 45.396484375 40.0 3.2734375 3.0 4.0
722 45.396484375 40.0 3.2734375 3.0 4.0
723 45.396484375 40.0 3.2734375 3.0 4.0
724 45.396484375 40.0 3.2734375 3.0 4.0
725 45.396484375 40.0 3.2734375 3.0 4.0
726 45.396484375 40.0 3.2734375 3.0 4.0
727 45.396484375 40.0 3.2734375 3.0 4.0
728 45.396484375 40.0 3.2734375 3.0 4.0
729 45.396484375 40.0 3.2734375 3.0 4.0
730 45.396484375 40.0 3.2734375 3.0 4.0
731 45.396484375 40.0 3.2734375 3.0 4.0
732 45.396484375 40.0 3.2734375 3.0 4.0
733 45.396484375 40.0 3.2734375 3.0 4.0
734 45.396484375 40.0 3.2734375 3.0 4.0
735 45.396484375 40.0 3.2734375 3.0 4.0
736 45.396484375 40.0 3.2734375 3.0 4.0
737 45.396484375 40.0 3.2734375 3.0 4.0
738 45.396484375 40.0 3.2734375 3.0 4.0
739 45.396484375 40.0 3.2734375 3.0 4.0
740 45.396484375 40.0 3.2734375 3.0 4.0
741 45.396484375 40.0 3.2734375 3.0 4.0
742 45.396484375 40.0 3.2734375 3.0 4.0
743 45.396484375 40.0 3.2734375 3.0 4.0
744 45.396484375 40.0 3.2734375 3.0 4.0
745 45.396484375 40.0 3.2734375 3.0 4.0
746 45.396484375 40.0 3.2734375 3.0 4.0
747 45.396484375 40.0 3.2734375 3.0 4.0
748 45.396484375 40.0 3.2734375 3.0 4.0
749 45.396484375 40.0 3.2734375 3.0 4.0
750 45.396484375 40.0 3.2734375 3.0 4.0
751 45.396484375 40.0 3.2734375 3.0 4.0
752 45.396484375 40.0 3.2734375 3.0 4.0
753 45.396484375 40.0 3.2734375 3.0 4.0
754 45.396484375 40.0 3.2734375 3.0 4.0
755 45.396484375 40.0 3.2734375 3.0 4.0
756 45.396484375 40.0 3.2734375 3.0 4.0
757 45.396484375 40.0 3.2734375 3.0 4.0
758 45.396484375 40.0 3.2734375 3.0 4.0
759 45.396484375 40.0 3.2734375 3.0 4.0
760 45.396484375 40.0 3.2734375 3.0 4.0
761 45.396484375 40.0 3.2734375 3.0 4.0
762 45.396484375 40.0 3.2734375 3.0 4.0
763 45.396484375 40.0 3.2734375 3.0 4.0
764 45.396484375 40.0 3.2734375 3.0 4.0
765 45.396484375 40.0 3.2734375 3.0 4.0
766 45.396484375 40.0 3.2734375 3.0 4.0
767 45.396484375 40.0 3.2734375 3.0 4.0
768 45.396484375 40.0 3.2734375 3.0 4.0
769 45.396484375 40.0 3.2734375 3.0 4.0
770 45.396484375 40.0 3.2734375 3.0 4.0
771 45.396484375 40.0 3.2734375 3.0 4.0
772 45.396484375 40.0 3.2734375 3.0 4.0
773 45.396484375 40.0 3.2734375 3.0 4.0
774 45.396484375 40.0 3.2734375 3.0 4.0
775 45.396484375 40.0 3.2734375 3.0 4.0
776 45.396484375 40.0 3.2734375 3.0 4.0
777 45.396484375 40.0 3.2734375 3.0 4.0
778 45.396484375 40.0 3.2734375 3.0 4.0
779 45.396484375 40.0 3.2734375 3.0 4.0
780 45.396484375 40.0 3.2734375 3.0 4.0
781 45.396484375 40.0 3.2734375 3.0 4.0
782 45.396484375 40.0 3.2734375 3.0 4.0
783 45.396484375 40.0 3.2734375 3.0 4.0
784 45.396484375 40.0 3.2734375 3.0 4.0
785 45.396484375 40.0 3.2734375 3.0 4.0
786 45.396484375 40.0 3.2734375 3.0 4.0
787 45.396484375 40.0 3.2734375 3.0 4.0
788 45.396484375 40.0 3.2734375 3.0 4.0
789 45.396484375 40.0 3.2734375 3.0 4.0
790 45.396484375 40.0 3.2734375 3.0 4.0
791 45.396484375 40.0 3.2734375 3.0 4.0
792 45.396484375 40.0 3.2734375 3.0 4.0
793 45.396484375 40.0 3.2734375 3.0 4.0
794 45.396484375 40.0 3.2734375 3.0 4.0
795 45.396484375 40.0 3.2734375 3.0 4.0
796 45.396484375 40.0 3.2734375 3.0 4.0
797 45.396484375 40.0 3.2734375 3.0 4.0
798 45.396484375 40.0 3.2734375 3.0 4.0
799 45.396484375 40.0 3.2734375 3.0 4.0
800 45.396484375 40.0 3.2734375 3.0 4.0
801 45.396484375 40.0 3.2734375 3.0 4.0
802 45.396484375 40.0 3.2734375 3.0 4.0
803 45.396484375 40.0 3.2734375 3.0 4.0
804 45.396484375 40.0 3.2734375 3.0 4.0
805 45.396484375 40.0 3.2734375 3.0 4.0
806 45.396484375 40.0 3.2734375 3.0 4.0
807 45.396484375 40.0 3.2734375 3.0 4.0
808 45.396484375 40.0 3.2734375 3.0 4.0
809 45.396484375 40.0 3.2734375 3.0 4.0
810 45.396484375 40.0 3.2734375 3.0 4.0
811 45.396484375 40.0 3.2734375 3.0 4.0
812 45.396484375 40.0 3.2734375 3.0 4.0
813 45.396484375 40.0 3.2734375 3.0 4.0
814 45.396484375 40.0 3.2734375 3.0 4.0
815 45.396484375 40.0 3.2734375 3.0 4.0
816 45.396484375 40.0 3.2734375 3.0 4.0
817 45.396484375 40.0 3.2734375 3.0 4.0
818 45.396484375 40.0 3.2734375 3.0 4.0
819 45.396484375 40.0 3.2734375 3.0 4.0
820 45.396484375 40.0 3.2734375 3.0 4.0
821 45.396484375 40.0 3.2734375 3.0 4.0
822 45.396484375 40.0 3.2734375 3.0 4.0
823 45.396484375 40.0 3.2734375 3.0 4.0
824 45.396484375 40.0 3.2734375 3.0 4.0
825 45.396484375 40.0 3.2734375 3.0 4.0
826 45.396484375 40.0 3.2734375 3.0 4.0
827 45.396484375 40.0 3.2734375 3.0 4.0
828 45.396484375 40.0 3.2734375 3.0 4.0
829 45.396484375 40.0 3.2734375 3.0 4.0
830 45.396484375 40.0 3.2734375 3.0 4.0
831 45.396484375 40.0 3.2734375 3.0 4.0
832 45.396484375 40.0 3.2734375 3.0 4.0
833 45.396484375 40.0 3.2734375 3.0 4.0
834 45.396484375 40.0 3.2734375 3.0 4.0
835 45.396484375 40.0 3.2734375 3.0 4.0
836 45.396484375 40.0 3.2734375 3.0 4.0
837 45.396484375 40.0 3.2734375 3.0 4.0
838 45.396484375 40.0 3.2734375 3.0 4.0
839 45.396484375 40.0 3.2734375 3.0 4.0
840 45.396484375 40.0 3.2734375 3.0 4.0
841 45.396484375 40.0 3.2734375 3.0 4.0
842 45.396484375 40.0 3.2734375 3.0 4.0
843 45.396484375 40.0 3.2734375 3.0 4.0
844 45.396484375 40.0 3.2734375 3.0 4.0
845 45.396484375 40.0 3.2734375 3.0 4.0
846 45.396484375 40.0 3.2734375 3.0 4.0
847 45.396484375 40.0 3.2734375 3.0 4.0
848 45.396484375 40.0 3.2734375 3.0 4.0
849 45.396484375 40.0 3.2734375 3.0 4.0
850 45.396484375 40.0 3.2734375 3.0 4.0
851 45.396484375 40.0 3.2734375 3.0 4.0
852 45.396484375 40.0 3.2734375 3.0 4.0
853 45.396484375 40.0 3.2734375 3.0 4.0
854 45.396484375 40.0 3.2734375 3.0 4.0
855 45.396484375 40.0 3.2734375 3.0 4.0
856 45.396484375 40.0 3.2734375 3.0 4.0
857 45.396484375 40.0 3.2734375 3.0 4.0
858 45.396484375 40.0 3.2734375 3.0 4.0
859 45.396484375 40.0 3.2734375 3.0 4.0
860 45.396484375 40.0 3.2734375 3.0 4.0
861 45.396484375 40.0 3.2734375 3.0 4.0
862 45.396484375 40.0 3.2734375 3.0 4.0
863 45.396484375 40.0 3.2734375 3.0 4.0
864 45.396484375 40.0 3.2734375 3.0 4.0
865 45.396484375 40.0 3.2734375 3.0 4.0
866 45.396484375 40.0 3.2734375 3.0 4.0
867 45.396484375 40.0 3.2734375 3.0 4.0
868 45.396484375 40.0 3.2734375 3.0 4.0
869 45.396484375 40.0 3.2734375 3.0 4.0
870 45.396484375 40.0 3.2734375 3.0 4.0
871 45.396484375 40.0 3.2734375 3.0 4.0
872 45.396484375 40.0 3.2734375 3.0 4.0
873 45.396484375 40.0 3.2734375 3.0 4.0
874 45.396484375 40.0 3.2734375 3.0 4.0
875 45.396484375 40.0 3.2734375 3.0 4.0
876 45.396484375 40.0 3.2734375 3.0 4.0
877 45.396484375 40.0 3.2734375 3.0 4.0
878 45.396484375 40.0 3.2734375 3.0 4.0
879 45.396484375 40.0 3.2734375 3.0 4.0
880 45.396484375 40.0 3.2734375 3.0 4.0
881 45.396484375 40.0 3.2734375 3.0 4.0
882 45.396484375 40.0 3.2734375 3.0 4.0
883 45.396484375 40.0 3.2734375 3.0 4.0
884 45.396484375 40.0 3.2734375 3.0 4.0
885 45.396484375 40.0 3.2734375 3.0 4.0
886 45.396484375 40.0 3.2734375 3.0 4.0
887 45.396484375 40.0 3.2734375 3.0 4.0
888 45.396484375 40.0 3.2734375 3.0 4.0
889 45.396484375 40.0 3.2734375 3.0 4.0
890 45.396484375 40.0 3.2734375 3.0 4.0
891 45.396484375 40.0 3.2734375 3.0 4.0
892 45.396484375 40.0 3.2734375 3.0 4.0
893 45.396484375 40.0 3.2734375 3.0 4.0
894 45.396484375 40.0 3.2734375 3.0 4.0
895 45.396484375 40.0 3.2734375 3.0 4.0
896 45.396484375 40.0 3.2734375 3.0 4.0
897 45.396484375 40.0 3.2734375 3.0 4.0
898 45.396484375 40.0 3.2734375 3.0 4.0
899 45.396484375 40.0 3.2734375 3.0 4.0
900 45.396484375 40.0 3.2734375 3.0 4.0
901 45.396484375 40.0 3.2734375 3.0 4.0
902 45.396484375 40.0 3.2734375 3.0 4.0
903 45.396484375 40.0 3.2734375 3.0 4.0
904 45.396484375 40.0 3.2734375 3.0 4.0
905 45.396484375 40.0 3.2734375 3.0 4.0
906 45.396484375 40.0 3.2734375 3.0 4.0
907 45.396484375 40.0 3.2734375 3.0 4.0
908 45.396484375 40.0 3.2734375 3.0 4.0
909 45.396484375 40.0 3.2734375 3.0 4.0
910 45.396484375 40.0 3.2734375 3.0 4.0
911 45.396484375 40.0 3.2734375 3.0 4.0
912 45.396484375 40.0 3.2734375 3.0 4.0
913 45.396484375 40.0 3.2734375 3.0 4.0
914 45.396484375 40.0 3.2734375 3.0 4.0
915 45.396484375 40.0 3.2734375 3.0 4.0
916 45.396484375 40.0 3.2734375 3.0 4.0
917 45.396484375 40.0 3.2734375 3.0 4.0
918 45.396484375 40.0 3.2734375 3.0 4.0
919 45.396484375 40.0 3.2734375 3.0 4.0
920 45.396484375 40.0 3.2734375 3.0 4.0
921 45.396484375 40.0 3.2734375 3.0 4.0
922 45.396484375 40.0 3.2734375 3.0 4.0
923 45.396484375 40.0 3.2734375 3.0 4.0
924 45.396484375 40.0 3.2734375 3.0 4.0
925 45.396484375 40.0 3.2734375 3.0 4.0
926 45.396484375 40.0 3.2734375 3.0 4.0
927 45.396484375 40.0 3.2734375 3.0 4.0
928 45.396484375 40.0 3.2734375 3.0 4.0
929 45.396484375 40.0 3.2734375 3.0 4.0
930 45.396484375 40.0 3.2734375 3.0 4.0
931 45.396484375 40.0 3.2734375 3.0 4.0
932 45.396484375 40.0 3.2734375 3.0 4.0
933 45.396484375 40.0 3.2734375 3.0 4.0
934 45.396484375 40.0 3.2734375 3.0 4.0
935 45.396484375 40.0 3.2734375 3.0 4.0
936 45.396484375 40.0 3.2734375 3.0 4.0
937 45.396484375 40.0 3.2734375 3.0 4.0
938 45.396484375 40.0 3.2734375 3.0 4.0
939 45.396484375 40.0 3.2734375 3.0 4.0
940 45.396484375 40.0 3.2734375 3.0 4.0
941 45.396484375 40.0 3.2734375 3.0 4.0
942 45.396484375 40.0 3.2734375 3.0 4.0
943 45.396484375 40.0 3.2734375 3.0 4.0
944 45.396484375 40.0 3.2734375 3.0 4.0
945 45.396484375 40.0 3.2734375 3.0 4.0
946 45.396484375 40.0 3.2734375 3.0 4.0
947 45.396484375 40.0 3.2734375 3.0 4.0
948 45.396484375 40.0 3.2734375 3.0 4.0
949 45.396484375 40.0 3.2734375 3.0 4.0
950 45.396484375 40.0 3.2734375 3.0 4.0
951 45.396484375 40.0 3.2734375 3.0 4.0
952 45.396484375 40.0 3.2734375 3.0 4.0
953 45.396484375 40.0 3.2734375 3.0 4.0
954 45.396484375 40.0 3.2734375 3.0 4.0
955 45.396484375 40.0 3.2734375 3.0 4.0
956 45.396484375 40.0 3.2734375 3.0 4.0
957 45.396484375 40.0 3.2734375 3.0 4.0
958 45.396484375 40.0 3.2734375 3.0 4.0
959 45.396484375 40.0 3.2734375 3.0 4.0
960 45.396484375 40.0 3.2734375 3.0 4.0
961 45.396484375 40.0 3.2734375 3.0 4.0
962 45.396484375 40.0 3.2734375 3.0 4.0
963 45.396484375 40.0 3.2734375 3.0 4.0
964 45.396484375 40.0 3.2734375 3.0 4.0
965 45.396484375 40.0 3.2734375 3.0 4.0
966 45.396484375 40.0 3.2734375 3.0 4.0
967 45.396484375 40.0 3.2734375 3.0 4.0
968 45.396484375 40.0 3.2734375 3.0 4.0
969 45.396484375 40.0 3.2734375 3.0 4.0
970 45.396484375 40.0 3.2734375 3.0 4.0
971 45.396484375 40.0 3.2734375 3.0 4.0
972 45.396484375 40.0 3.2734375 3.0 4.0
973 45.396484375 40.0 3.2734375 3.0 4.0
974 45.396484375 40.0 3.2734375 3.0 4.0
975 45.396484375 40.0 3.2734375 3.0 4.0
976 45.396484375 40.0 3.2734375 3.0 4.0
977 45.396484375 40.0 3.2734375 3.0 4.0
978 45.396484375 40.0 3.2734375 3.0 4.0
979 45.396484375 40.0 3.2734375 3.0 4.0
980 45.396484375 40.0 3.2734375 3.0 4.0
981 45.396484375 40.0 3.2734375 3.0 4.0
982 45.396484375 40.0 3.2734375 3.0 4.0
983 45.396484375 40.0 3.2734375 3.0 4.0
984 45.396484375 40.0 3.2734375 3.0 4.0
985 45.396484375 40.0 3.2734375 3.0 4.0
986 45.396484375 40.0 3.2734375 3.0 4.0
987 45.396484375 40.0 3.2734375 3.0 4.0
988 45.396484375 40.0 3.2734375 3.0 4.0
989 45.396484375 40.0 3.2734375 3.0 4.0
990 45.396484375 40.0 3.2734375 3.0 4.0
991 45.396484375 40.0 3.2734375 3.0 4.0
992 45.396484375 40.0 3.2734375 3.0 4.0
993 45.396484375 40.0 3.2734375 3.0 4.0
994 45.396484375 40.0 3.2734375 3.0 4.0
995 45.396484375 40.0 3.2734375 3.0 4.0
996 45.396484375 40.0 3.2734375 3.0 4.0
997 45.396484375 40.0 3.2734375 3.0 4.0
998 45.396484375 40.0 3.2734375 3.0 4.0
999 45.396484375 40.0 3.2734375 3.0 4.0
1000 45.396484375 40.0 3.2734375 3.0 4.0
