gen HV HVnoDiscount fitness_notKilledMutants notKilledNonEqMutants fitness_testSuiteSize
1 36.3203125 36.0 3.95703125 4.0 5.0
2 36.3203125 36.0 2.9462890625 3.0 6.0
3 36.3203125 36.0 2.9462890625 3.0 6.0
4 36.36328125 36.0 2.9462890625 3.0 6.0
5 36.36328125 36.0 2.93359375 3.0 6.0
6 36.36328125 36.0 2.93359375 3.0 6.0
7 36.416015625 36.0 2.93359375 3.0 6.0
8 36.416015625 36.0 2.923828125 3.0 6.0
9 49.0 49.0 2.923828125 3.0 6.0
10 49.0 49.0 2.923828125 3.0 6.0
11 49.0 49.0 2.923828125 3.0 6.0
12 49.0 49.0 2.923828125 3.0 6.0
13 49.0 49.0 2.923828125 3.0 6.0
14 49.0 49.0 2.923828125 3.0 6.0
15 49.0 49.0 2.923828125 3.0 6.0
16 49.0 49.0 2.923828125 3.0 6.0
17 49.0 49.0 2.923828125 3.0 6.0
18 49.0 49.0 2.923828125 3.0 6.0
19 49.0 49.0 2.923828125 3.0 6.0
20 49.0 49.0 2.0 2.0 6.0
21 49.0 49.0 2.0 2.0 6.0
22 50.0 50.0 2.0 2.0 6.0
23 50.0 50.0 2.0 2.0 6.0
24 50.0 50.0 1.0 1.0 6.0
25 50.0 50.0 1.0 1.0 6.0
26 50.0 50.0 1.0 1.0 6.0
27 50.0 50.0 1.0 1.0 6.0
28 50.0 50.0 1.0 1.0 6.0
29 50.0 50.0 1.0 1.0 6.0
30 50.0 50.0 1.0 1.0 6.0
31 50.0 50.0 1.0 1.0 6.0
32 50.0 50.0 1.0 1.0 6.0
33 50.0 50.0 1.0 1.0 6.0
34 50.0 50.0 1.0 1.0 6.0
35 50.0 50.0 1.0 1.0 6.0
36 50.0 50.0 1.0 1.0 6.0
37 50.0 50.0 0.0 0.0 6.0
38 50.0 50.0 0.0 0.0 6.0
39 50.0 50.0 0.0 0.0 6.0
40 50.0 50.0 0.0 0.0 6.0
41 50.0 50.0 0.0 0.0 6.0
42 50.0 50.0 0.0 0.0 6.0
43 50.0 50.0 0.0 0.0 6.0
44 50.0 50.0 0.0 0.0 5.0
45 50.0 50.0 0.0 0.0 5.0
46 50.0 50.0 0.0 0.0 5.0
47 50.0 50.0 0.0 0.0 5.0
48 50.0 50.0 0.0 0.0 5.0
49 50.0 50.0 0.0 0.0 5.0
50 50.0 50.0 0.0 0.0 5.0
51 50.0 50.0 0.0 0.0 5.0
52 50.0 50.0 0.0 0.0 5.0
53 50.0 50.0 0.0 0.0 5.0
54 50.0 50.0 0.0 0.0 5.0
55 50.0 50.0 0.0 0.0 5.0
56 50.0 50.0 0.0 0.0 5.0
57 50.0 50.0 0.0 0.0 5.0
58 50.0 50.0 0.0 0.0 5.0
59 50.0 50.0 0.0 0.0 5.0
60 50.0 50.0 0.0 0.0 5.0
61 50.0 50.0 0.0 0.0 5.0
62 67.0 67.0 0.0 0.0 5.0
63 67.0 67.0 0.0 0.0 5.0
64 67.0 67.0 0.0 0.0 5.0
65 67.0 67.0 0.0 0.0 5.0
66 67.0 67.0 0.0 0.0 5.0
67 67.0 67.0 0.0 0.0 5.0
68 67.0 67.0 0.0 0.0 5.0
69 67.0 67.0 0.0 0.0 5.0
70 67.0 67.0 0.0 0.0 5.0
71 67.0 67.0 0.0 0.0 5.0
72 67.0 67.0 0.0 0.0 5.0
73 67.0 67.0 0.0 0.0 5.0
74 67.0 67.0 0.0 0.0 5.0
75 67.0 67.0 0.0 0.0 5.0
76 67.0 67.0 0.0 0.0 5.0
77 67.0 67.0 0.0 0.0 5.0
78 67.0 67.0 0.0 0.0 5.0
79 67.0 67.0 0.0 0.0 5.0
80 67.0 67.0 0.0 0.0 5.0
81 67.0 67.0 0.0 0.0 5.0
82 67.0 67.0 0.0 0.0 5.0
83 67.0 67.0 0.0 0.0 5.0
84 67.0 67.0 0.0 0.0 5.0
85 67.0 67.0 0.0 0.0 5.0
86 67.0 67.0 0.0 0.0 5.0
87 67.0 67.0 0.0 0.0 5.0
88 67.0 67.0 0.0 0.0 5.0
89 67.0 67.0 0.0 0.0 5.0
90 67.0 67.0 0.0 0.0 5.0
91 67.0 67.0 0.0 0.0 5.0
92 67.0 67.0 0.0 0.0 5.0
93 67.0 67.0 0.0 0.0 5.0
94 67.0 67.0 0.0 0.0 5.0
95 67.0 67.0 0.0 0.0 5.0
96 67.0 67.0 0.0 0.0 5.0
97 67.0 67.0 0.0 0.0 5.0
98 67.0 67.0 0.0 0.0 5.0
99 67.0 67.0 0.0 0.0 5.0
100 67.0 67.0 0.0 0.0 5.0
101 67.0 67.0 0.0 0.0 5.0
102 67.0 67.0 0.0 0.0 5.0
103 67.0 67.0 0.0 0.0 5.0
104 67.0 67.0 0.0 0.0 5.0
105 67.0 67.0 0.0 0.0 5.0
106 67.0 67.0 0.0 0.0 5.0
107 67.0 67.0 0.0 0.0 5.0
108 67.0 67.0 0.0 0.0 5.0
109 67.0 67.0 0.0 0.0 5.0
110 67.0 67.0 0.0 0.0 5.0
111 67.0 67.0 0.0 0.0 5.0
112 67.0 67.0 0.0 0.0 5.0
113 67.0 67.0 0.0 0.0 5.0
114 67.0 67.0 0.0 0.0 5.0
115 67.0 67.0 0.0 0.0 5.0
116 67.0 67.0 0.0 0.0 5.0
117 67.0 67.0 0.0 0.0 5.0
118 67.0 67.0 0.0 0.0 5.0
119 67.0 67.0 0.0 0.0 5.0
120 67.0 67.0 0.0 0.0 5.0
121 67.0 67.0 0.0 0.0 5.0
122 67.0 67.0 0.0 0.0 5.0
123 67.0 67.0 0.0 0.0 5.0
124 67.0 67.0 0.0 0.0 5.0
125 67.0 67.0 0.0 0.0 5.0
126 67.0 67.0 0.0 0.0 5.0
127 67.0 67.0 0.0 0.0 5.0
128 67.0 67.0 0.0 0.0 5.0
129 67.0 67.0 0.0 0.0 5.0
130 67.0 67.0 0.0 0.0 5.0
131 67.0 67.0 0.0 0.0 5.0
132 67.0 67.0 0.0 0.0 5.0
133 67.0 67.0 0.0 0.0 5.0
134 67.0 67.0 0.0 0.0 5.0
135 67.0 67.0 0.0 0.0 5.0
136 67.0 67.0 0.0 0.0 5.0
137 67.0 67.0 0.0 0.0 5.0
138 67.0 67.0 0.0 0.0 5.0
139 67.0 67.0 0.0 0.0 5.0
140 67.0 67.0 0.0 0.0 5.0
141 67.0 67.0 0.0 0.0 5.0
142 67.0 67.0 0.0 0.0 5.0
143 67.0 67.0 0.0 0.0 5.0
144 67.0 67.0 0.0 0.0 5.0
145 67.0 67.0 0.0 0.0 5.0
146 67.0 67.0 0.0 0.0 5.0
147 67.0 67.0 0.0 0.0 5.0
148 67.0 67.0 0.0 0.0 5.0
149 67.0 67.0 0.0 0.0 5.0
150 67.0 67.0 0.0 0.0 5.0
151 67.0 67.0 0.0 0.0 5.0
152 67.0 67.0 0.0 0.0 5.0
153 67.0 67.0 0.0 0.0 5.0
154 67.0 67.0 0.0 0.0 5.0
155 67.0 67.0 0.0 0.0 5.0
156 67.0 67.0 0.0 0.0 5.0
157 67.0 67.0 0.0 0.0 5.0
158 67.0 67.0 0.0 0.0 5.0
159 67.0 67.0 0.0 0.0 5.0
160 67.0 67.0 0.0 0.0 5.0
161 67.0 67.0 0.0 0.0 5.0
162 67.0 67.0 0.0 0.0 5.0
163 67.0 67.0 0.0 0.0 5.0
164 67.0 67.0 0.0 0.0 5.0
165 67.0 67.0 0.0 0.0 5.0
166 67.0 67.0 0.0 0.0 5.0
167 67.0 67.0 0.0 0.0 5.0
168 67.0 67.0 0.0 0.0 5.0
169 67.0 67.0 0.0 0.0 5.0
170 67.0 67.0 0.0 0.0 5.0
171 67.0 67.0 0.0 0.0 5.0
172 67.0 67.0 0.0 0.0 5.0
173 67.0 67.0 0.0 0.0 5.0
174 67.0 67.0 0.0 0.0 5.0
175 67.0 67.0 0.0 0.0 5.0
176 67.0 67.0 0.0 0.0 5.0
177 67.0 67.0 0.0 0.0 5.0
178 67.0 67.0 0.0 0.0 5.0
179 67.0 67.0 0.0 0.0 5.0
180 67.0 67.0 0.0 0.0 5.0
181 67.0 67.0 0.0 0.0 5.0
182 67.0 67.0 0.0 0.0 5.0
183 67.0 67.0 0.0 0.0 5.0
184 67.0 67.0 0.0 0.0 5.0
185 67.0 67.0 0.0 0.0 5.0
186 67.0 67.0 0.0 0.0 5.0
187 67.0 67.0 0.0 0.0 5.0
188 67.0 67.0 0.0 0.0 5.0
189 67.0 67.0 0.0 0.0 5.0
190 67.0 67.0 0.0 0.0 5.0
191 67.0 67.0 0.0 0.0 5.0
192 67.0 67.0 0.0 0.0 5.0
193 67.0 67.0 0.0 0.0 5.0
194 67.0 67.0 0.0 0.0 5.0
195 67.0 67.0 0.0 0.0 5.0
196 67.0 67.0 0.0 0.0 5.0
197 67.0 67.0 0.0 0.0 5.0
198 67.0 67.0 0.0 0.0 5.0
199 67.0 67.0 0.0 0.0 5.0
200 67.0 67.0 0.0 0.0 5.0
201 67.0 67.0 0.0 0.0 5.0
202 67.0 67.0 0.0 0.0 5.0
203 67.0 67.0 0.0 0.0 5.0
204 67.0 67.0 0.0 0.0 5.0
205 67.0 67.0 0.0 0.0 5.0
206 67.0 67.0 0.0 0.0 5.0
207 67.0 67.0 0.0 0.0 5.0
208 67.0 67.0 0.0 0.0 5.0
209 67.0 67.0 0.0 0.0 5.0
210 67.0 67.0 0.0 0.0 5.0
211 67.0 67.0 0.0 0.0 5.0
212 67.0 67.0 0.0 0.0 5.0
213 67.0 67.0 0.0 0.0 5.0
214 67.0 67.0 0.0 0.0 5.0
215 67.0 67.0 0.0 0.0 5.0
216 67.0 67.0 0.0 0.0 5.0
217 67.0 67.0 0.0 0.0 5.0
218 67.0 67.0 0.0 0.0 5.0
219 67.0 67.0 0.0 0.0 5.0
220 67.0 67.0 0.0 0.0 5.0
221 67.0 67.0 0.0 0.0 5.0
222 67.0 67.0 0.0 0.0 5.0
223 67.0 67.0 0.0 0.0 5.0
224 67.0 67.0 0.0 0.0 5.0
225 67.0 67.0 0.0 0.0 5.0
226 67.0 67.0 0.0 0.0 5.0
227 67.0 67.0 0.0 0.0 5.0
228 67.0 67.0 0.0 0.0 5.0
229 67.0 67.0 0.0 0.0 5.0
230 67.0 67.0 0.0 0.0 5.0
231 67.0 67.0 0.0 0.0 5.0
232 67.0 67.0 0.0 0.0 5.0
233 67.0 67.0 0.0 0.0 5.0
234 67.0 67.0 0.0 0.0 5.0
235 67.0 67.0 0.0 0.0 5.0
236 67.0 67.0 0.0 0.0 5.0
237 67.0 67.0 0.0 0.0 5.0
238 67.0 67.0 0.0 0.0 5.0
239 67.0 67.0 0.0 0.0 5.0
240 67.0 67.0 0.0 0.0 5.0
241 67.0 67.0 0.0 0.0 5.0
242 67.0 67.0 0.0 0.0 5.0
243 67.0 67.0 0.0 0.0 5.0
244 67.0 67.0 0.0 0.0 5.0
245 67.0 67.0 0.0 0.0 5.0
246 67.0 67.0 0.0 0.0 5.0
247 67.0 67.0 0.0 0.0 5.0
248 67.0 67.0 0.0 0.0 5.0
249 67.0 67.0 0.0 0.0 5.0
250 67.0 67.0 0.0 0.0 5.0
251 67.0 67.0 0.0 0.0 5.0
252 67.0 67.0 0.0 0.0 5.0
253 67.0 67.0 0.0 0.0 5.0
254 67.0 67.0 0.0 0.0 5.0
255 67.0 67.0 0.0 0.0 5.0
256 67.0 67.0 0.0 0.0 5.0
257 67.0 67.0 0.0 0.0 5.0
258 67.0 67.0 0.0 0.0 5.0
259 67.0 67.0 0.0 0.0 5.0
260 67.0 67.0 0.0 0.0 5.0
261 67.0 67.0 0.0 0.0 5.0
262 67.0 67.0 0.0 0.0 5.0
263 67.0 67.0 0.0 0.0 5.0
264 67.0 67.0 0.0 0.0 5.0
265 67.0 67.0 0.0 0.0 5.0
266 67.0 67.0 0.0 0.0 5.0
267 67.0 67.0 0.0 0.0 5.0
268 67.0 67.0 0.0 0.0 5.0
269 67.0 67.0 0.0 0.0 5.0
270 67.0 67.0 0.0 0.0 5.0
271 67.0 67.0 0.0 0.0 5.0
272 67.0 67.0 0.0 0.0 5.0
273 67.0 67.0 0.0 0.0 5.0
274 67.0 67.0 0.0 0.0 5.0
275 67.0 67.0 0.0 0.0 5.0
276 67.0 67.0 0.0 0.0 5.0
277 67.0 67.0 0.0 0.0 5.0
278 67.0 67.0 0.0 0.0 5.0
279 67.0 67.0 0.0 0.0 5.0
280 67.0 67.0 0.0 0.0 5.0
281 67.0 67.0 0.0 0.0 5.0
282 67.0 67.0 0.0 0.0 5.0
283 67.0 67.0 0.0 0.0 5.0
284 67.0 67.0 0.0 0.0 5.0
285 67.0 67.0 0.0 0.0 5.0
286 67.0 67.0 0.0 0.0 5.0
287 67.0 67.0 0.0 0.0 5.0
288 67.0 67.0 0.0 0.0 5.0
289 67.0 67.0 0.0 0.0 5.0
290 67.0 67.0 0.0 0.0 5.0
291 67.0 67.0 0.0 0.0 5.0
292 67.0 67.0 0.0 0.0 5.0
293 67.0 67.0 0.0 0.0 5.0
294 67.0 67.0 0.0 0.0 5.0
295 67.0 67.0 0.0 0.0 5.0
296 67.0 67.0 0.0 0.0 5.0
297 67.0 67.0 0.0 0.0 5.0
298 67.0 67.0 0.0 0.0 5.0
299 67.0 67.0 0.0 0.0 5.0
300 67.0 67.0 0.0 0.0 5.0
301 67.0 67.0 0.0 0.0 5.0
302 67.0 67.0 0.0 0.0 5.0
303 67.0 67.0 0.0 0.0 5.0
304 67.0 67.0 0.0 0.0 5.0
305 67.0 67.0 0.0 0.0 5.0
306 67.0 67.0 0.0 0.0 5.0
307 67.0 67.0 0.0 0.0 5.0
308 67.0 67.0 0.0 0.0 5.0
309 67.0 67.0 0.0 0.0 5.0
310 67.0 67.0 0.0 0.0 5.0
311 67.0 67.0 0.0 0.0 5.0
312 67.0 67.0 0.0 0.0 5.0
313 67.0 67.0 0.0 0.0 5.0
314 67.0 67.0 0.0 0.0 5.0
315 67.0 67.0 0.0 0.0 5.0
316 67.0 67.0 0.0 0.0 5.0
317 67.0 67.0 0.0 0.0 5.0
318 67.0 67.0 0.0 0.0 5.0
319 67.0 67.0 0.0 0.0 5.0
320 67.0 67.0 0.0 0.0 5.0
321 67.0 67.0 0.0 0.0 5.0
322 67.0 67.0 0.0 0.0 5.0
323 67.0 67.0 0.0 0.0 5.0
324 67.0 67.0 0.0 0.0 5.0
325 67.0 67.0 0.0 0.0 5.0
326 67.0 67.0 0.0 0.0 5.0
327 67.0 67.0 0.0 0.0 5.0
328 67.0 67.0 0.0 0.0 5.0
329 67.0 67.0 0.0 0.0 5.0
330 67.0 67.0 0.0 0.0 5.0
331 67.0 67.0 0.0 0.0 5.0
332 67.0 67.0 0.0 0.0 5.0
333 67.0 67.0 0.0 0.0 5.0
334 67.0 67.0 0.0 0.0 5.0
335 67.0 67.0 0.0 0.0 5.0
336 67.0 67.0 0.0 0.0 5.0
337 67.0 67.0 0.0 0.0 5.0
338 67.0 67.0 0.0 0.0 5.0
339 67.0 67.0 0.0 0.0 5.0
340 67.0 67.0 0.0 0.0 5.0
341 67.0 67.0 0.0 0.0 5.0
342 67.0 67.0 0.0 0.0 5.0
343 67.0 67.0 0.0 0.0 5.0
344 67.0 67.0 0.0 0.0 5.0
345 67.0 67.0 0.0 0.0 5.0
346 67.0 67.0 0.0 0.0 5.0
347 67.0 67.0 0.0 0.0 5.0
348 67.0 67.0 0.0 0.0 5.0
349 67.0 67.0 0.0 0.0 5.0
350 67.0 67.0 0.0 0.0 5.0
351 67.0 67.0 0.0 0.0 5.0
352 67.0 67.0 0.0 0.0 5.0
353 67.0 67.0 0.0 0.0 5.0
354 67.0 67.0 0.0 0.0 5.0
355 67.0 67.0 0.0 0.0 5.0
356 67.0 67.0 0.0 0.0 5.0
357 67.0 67.0 0.0 0.0 5.0
358 67.0 67.0 0.0 0.0 5.0
359 67.0 67.0 0.0 0.0 5.0
360 67.0 67.0 0.0 0.0 5.0
361 67.0 67.0 0.0 0.0 5.0
362 67.0 67.0 0.0 0.0 5.0
363 67.0 67.0 0.0 0.0 5.0
364 67.0 67.0 0.0 0.0 5.0
365 67.0 67.0 0.0 0.0 5.0
366 67.0 67.0 0.0 0.0 5.0
367 67.0 67.0 0.0 0.0 5.0
368 67.0 67.0 0.0 0.0 5.0
369 67.0 67.0 0.0 0.0 5.0
370 67.0 67.0 0.0 0.0 5.0
371 67.0 67.0 0.0 0.0 5.0
372 67.0 67.0 0.0 0.0 5.0
373 67.0 67.0 0.0 0.0 5.0
374 67.0 67.0 0.0 0.0 5.0
375 67.0 67.0 0.0 0.0 5.0
376 67.0 67.0 0.0 0.0 5.0
377 67.0 67.0 0.0 0.0 5.0
378 67.0 67.0 0.0 0.0 5.0
379 67.0 67.0 0.0 0.0 5.0
380 67.0 67.0 0.0 0.0 5.0
381 67.0 67.0 0.0 0.0 5.0
382 67.0 67.0 0.0 0.0 5.0
383 67.0 67.0 0.0 0.0 5.0
384 67.0 67.0 0.0 0.0 5.0
385 67.0 67.0 0.0 0.0 5.0
386 67.0 67.0 0.0 0.0 5.0
387 67.0 67.0 0.0 0.0 5.0
388 67.0 67.0 0.0 0.0 5.0
389 67.0 67.0 0.0 0.0 5.0
390 67.0 67.0 0.0 0.0 5.0
391 67.0 67.0 0.0 0.0 5.0
392 67.0 67.0 0.0 0.0 5.0
393 67.0 67.0 0.0 0.0 5.0
394 67.0 67.0 0.0 0.0 5.0
395 67.0 67.0 0.0 0.0 5.0
396 67.0 67.0 0.0 0.0 5.0
397 67.0 67.0 0.0 0.0 5.0
398 67.0 67.0 0.0 0.0 5.0
399 67.0 67.0 0.0 0.0 5.0
400 67.0 67.0 0.0 0.0 5.0
401 67.0 67.0 0.0 0.0 5.0
402 67.0 67.0 0.0 0.0 5.0
403 67.0 67.0 0.0 0.0 5.0
404 67.0 67.0 0.0 0.0 5.0
405 67.0 67.0 0.0 0.0 5.0
406 67.0 67.0 0.0 0.0 5.0
407 67.0 67.0 0.0 0.0 5.0
408 67.0 67.0 0.0 0.0 5.0
409 67.0 67.0 0.0 0.0 5.0
410 67.0 67.0 0.0 0.0 5.0
411 67.0 67.0 0.0 0.0 5.0
412 67.0 67.0 0.0 0.0 5.0
413 67.0 67.0 0.0 0.0 5.0
414 67.0 67.0 0.0 0.0 5.0
415 67.0 67.0 0.0 0.0 5.0
416 67.0 67.0 0.0 0.0 5.0
417 67.0 67.0 0.0 0.0 5.0
418 67.0 67.0 0.0 0.0 5.0
419 67.0 67.0 0.0 0.0 5.0
420 67.0 67.0 0.0 0.0 5.0
421 67.0 67.0 0.0 0.0 5.0
422 67.0 67.0 0.0 0.0 5.0
423 67.0 67.0 0.0 0.0 5.0
424 67.0 67.0 0.0 0.0 5.0
425 67.0 67.0 0.0 0.0 5.0
426 67.0 67.0 0.0 0.0 5.0
427 67.0 67.0 0.0 0.0 5.0
428 67.0 67.0 0.0 0.0 5.0
429 67.0 67.0 0.0 0.0 5.0
430 67.0 67.0 0.0 0.0 5.0
431 67.0 67.0 0.0 0.0 5.0
432 67.0 67.0 0.0 0.0 5.0
433 67.0 67.0 0.0 0.0 5.0
434 67.0 67.0 0.0 0.0 5.0
435 67.0 67.0 0.0 0.0 5.0
436 67.0 67.0 0.0 0.0 5.0
437 67.0 67.0 0.0 0.0 5.0
438 67.0 67.0 0.0 0.0 5.0
439 67.0 67.0 0.0 0.0 5.0
440 67.0 67.0 0.0 0.0 5.0
441 67.0 67.0 0.0 0.0 5.0
442 67.0 67.0 0.0 0.0 5.0
443 67.0 67.0 0.0 0.0 5.0
444 67.0 67.0 0.0 0.0 5.0
445 67.0 67.0 0.0 0.0 5.0
446 67.0 67.0 0.0 0.0 5.0
447 67.0 67.0 0.0 0.0 5.0
448 67.0 67.0 0.0 0.0 5.0
449 67.0 67.0 0.0 0.0 5.0
450 67.0 67.0 0.0 0.0 5.0
451 67.0 67.0 0.0 0.0 5.0
452 67.0 67.0 0.0 0.0 5.0
453 67.0 67.0 0.0 0.0 5.0
454 67.0 67.0 0.0 0.0 5.0
455 67.0 67.0 0.0 0.0 5.0
456 67.0 67.0 0.0 0.0 5.0
457 67.0 67.0 0.0 0.0 5.0
458 67.0 67.0 0.0 0.0 5.0
459 67.0 67.0 0.0 0.0 5.0
460 67.0 67.0 0.0 0.0 5.0
461 67.0 67.0 0.0 0.0 5.0
462 67.0 67.0 0.0 0.0 5.0
463 67.0 67.0 0.0 0.0 5.0
464 67.0 67.0 0.0 0.0 5.0
465 67.0 67.0 0.0 0.0 5.0
466 67.0 67.0 0.0 0.0 5.0
467 67.0 67.0 0.0 0.0 5.0
468 67.0 67.0 0.0 0.0 5.0
469 67.0 67.0 0.0 0.0 5.0
470 67.0 67.0 0.0 0.0 5.0
471 67.0 67.0 0.0 0.0 5.0
472 67.0 67.0 0.0 0.0 5.0
473 67.0 67.0 0.0 0.0 5.0
474 67.0 67.0 0.0 0.0 5.0
475 67.0 67.0 0.0 0.0 5.0
476 67.0 67.0 0.0 0.0 5.0
477 67.0 67.0 0.0 0.0 5.0
478 67.0 67.0 0.0 0.0 5.0
479 67.0 67.0 0.0 0.0 5.0
480 67.0 67.0 0.0 0.0 5.0
481 67.0 67.0 0.0 0.0 5.0
482 67.0 67.0 0.0 0.0 5.0
483 67.0 67.0 0.0 0.0 5.0
484 67.0 67.0 0.0 0.0 5.0
485 67.0 67.0 0.0 0.0 5.0
486 67.0 67.0 0.0 0.0 5.0
487 67.0 67.0 0.0 0.0 5.0
488 67.0 67.0 0.0 0.0 5.0
489 67.0 67.0 0.0 0.0 5.0
490 67.0 67.0 0.0 0.0 5.0
491 67.0 67.0 0.0 0.0 5.0
492 67.0 67.0 0.0 0.0 5.0
493 67.0 67.0 0.0 0.0 5.0
494 67.0 67.0 0.0 0.0 5.0
495 67.0 67.0 0.0 0.0 5.0
496 67.0 67.0 0.0 0.0 5.0
497 67.0 67.0 0.0 0.0 5.0
498 67.0 67.0 0.0 0.0 5.0
499 67.0 67.0 0.0 0.0 5.0
500 67.0 67.0 0.0 0.0 5.0
501 67.0 67.0 0.0 0.0 5.0
502 67.0 67.0 0.0 0.0 5.0
503 67.0 67.0 0.0 0.0 5.0
504 67.0 67.0 0.0 0.0 5.0
505 67.0 67.0 0.0 0.0 5.0
506 67.0 67.0 0.0 0.0 5.0
507 67.0 67.0 0.0 0.0 5.0
508 67.0 67.0 0.0 0.0 5.0
509 67.0 67.0 0.0 0.0 5.0
510 67.0 67.0 0.0 0.0 5.0
511 67.0 67.0 0.0 0.0 5.0
512 67.0 67.0 0.0 0.0 5.0
513 67.0 67.0 0.0 0.0 5.0
514 67.0 67.0 0.0 0.0 5.0
515 67.0 67.0 0.0 0.0 5.0
516 67.0 67.0 0.0 0.0 5.0
517 67.0 67.0 0.0 0.0 5.0
518 67.0 67.0 0.0 0.0 5.0
519 67.0 67.0 0.0 0.0 5.0
520 67.0 67.0 0.0 0.0 5.0
521 67.0 67.0 0.0 0.0 5.0
522 67.0 67.0 0.0 0.0 5.0
523 67.0 67.0 0.0 0.0 5.0
524 67.0 67.0 0.0 0.0 5.0
525 67.0 67.0 0.0 0.0 5.0
526 67.0 67.0 0.0 0.0 5.0
527 67.0 67.0 0.0 0.0 5.0
528 67.0 67.0 0.0 0.0 5.0
529 67.0 67.0 0.0 0.0 5.0
530 67.0 67.0 0.0 0.0 5.0
531 67.0 67.0 0.0 0.0 5.0
532 67.0 67.0 0.0 0.0 5.0
533 67.0 67.0 0.0 0.0 5.0
534 67.0 67.0 0.0 0.0 5.0
535 67.0 67.0 0.0 0.0 5.0
536 67.0 67.0 0.0 0.0 5.0
537 67.0 67.0 0.0 0.0 5.0
538 67.0 67.0 0.0 0.0 5.0
539 67.0 67.0 0.0 0.0 5.0
540 67.0 67.0 0.0 0.0 5.0
541 67.0 67.0 0.0 0.0 5.0
542 67.0 67.0 0.0 0.0 5.0
543 67.0 67.0 0.0 0.0 5.0
544 67.0 67.0 0.0 0.0 5.0
545 67.0 67.0 0.0 0.0 5.0
546 67.0 67.0 0.0 0.0 5.0
547 67.0 67.0 0.0 0.0 5.0
548 67.0 67.0 0.0 0.0 5.0
549 67.0 67.0 0.0 0.0 5.0
550 67.0 67.0 0.0 0.0 5.0
551 67.0 67.0 0.0 0.0 5.0
552 67.0 67.0 0.0 0.0 5.0
553 67.0 67.0 0.0 0.0 5.0
554 67.0 67.0 0.0 0.0 5.0
555 67.0 67.0 0.0 0.0 5.0
556 67.0 67.0 0.0 0.0 5.0
557 67.0 67.0 0.0 0.0 5.0
558 67.0 67.0 0.0 0.0 5.0
559 67.0 67.0 0.0 0.0 5.0
560 67.0 67.0 0.0 0.0 5.0
561 67.0 67.0 0.0 0.0 5.0
562 67.0 67.0 0.0 0.0 5.0
563 67.0 67.0 0.0 0.0 5.0
564 67.0 67.0 0.0 0.0 5.0
565 67.0 67.0 0.0 0.0 5.0
566 67.0 67.0 0.0 0.0 5.0
567 67.0 67.0 0.0 0.0 5.0
568 67.0 67.0 0.0 0.0 5.0
569 67.0 67.0 0.0 0.0 5.0
570 67.0 67.0 0.0 0.0 5.0
571 67.0 67.0 0.0 0.0 5.0
572 67.0 67.0 0.0 0.0 5.0
573 67.0 67.0 0.0 0.0 5.0
574 67.0 67.0 0.0 0.0 5.0
575 67.0 67.0 0.0 0.0 5.0
576 67.0 67.0 0.0 0.0 5.0
577 67.0 67.0 0.0 0.0 5.0
578 67.0 67.0 0.0 0.0 5.0
579 67.0 67.0 0.0 0.0 5.0
580 67.0 67.0 0.0 0.0 5.0
581 67.0 67.0 0.0 0.0 5.0
582 67.0 67.0 0.0 0.0 5.0
583 67.0 67.0 0.0 0.0 5.0
584 67.0 67.0 0.0 0.0 5.0
585 67.0 67.0 0.0 0.0 5.0
586 67.0 67.0 0.0 0.0 5.0
587 67.0 67.0 0.0 0.0 5.0
588 67.0 67.0 0.0 0.0 5.0
589 67.0 67.0 0.0 0.0 5.0
590 67.0 67.0 0.0 0.0 5.0
591 67.0 67.0 0.0 0.0 5.0
592 67.0 67.0 0.0 0.0 5.0
593 67.0 67.0 0.0 0.0 5.0
594 67.0 67.0 0.0 0.0 5.0
595 67.0 67.0 0.0 0.0 5.0
596 67.0 67.0 0.0 0.0 5.0
597 67.0 67.0 0.0 0.0 5.0
598 67.0 67.0 0.0 0.0 5.0
599 67.0 67.0 0.0 0.0 5.0
600 67.0 67.0 0.0 0.0 5.0
601 67.0 67.0 0.0 0.0 5.0
602 67.0 67.0 0.0 0.0 5.0
603 67.0 67.0 0.0 0.0 5.0
604 67.0 67.0 0.0 0.0 5.0
605 67.0 67.0 0.0 0.0 5.0
606 67.0 67.0 0.0 0.0 5.0
607 67.0 67.0 0.0 0.0 5.0
608 67.0 67.0 0.0 0.0 5.0
609 67.0 67.0 0.0 0.0 5.0
610 67.0 67.0 0.0 0.0 5.0
611 67.0 67.0 0.0 0.0 5.0
612 67.0 67.0 0.0 0.0 5.0
613 67.0 67.0 0.0 0.0 5.0
614 67.0 67.0 0.0 0.0 5.0
615 67.0 67.0 0.0 0.0 5.0
616 67.0 67.0 0.0 0.0 5.0
617 67.0 67.0 0.0 0.0 5.0
618 67.0 67.0 0.0 0.0 5.0
619 67.0 67.0 0.0 0.0 5.0
620 67.0 67.0 0.0 0.0 5.0
621 67.0 67.0 0.0 0.0 5.0
622 67.0 67.0 0.0 0.0 5.0
623 67.0 67.0 0.0 0.0 5.0
624 67.0 67.0 0.0 0.0 5.0
625 67.0 67.0 0.0 0.0 5.0
626 67.0 67.0 0.0 0.0 5.0
627 67.0 67.0 0.0 0.0 5.0
628 67.0 67.0 0.0 0.0 5.0
629 67.0 67.0 0.0 0.0 5.0
630 67.0 67.0 0.0 0.0 5.0
631 67.0 67.0 0.0 0.0 5.0
632 67.0 67.0 0.0 0.0 5.0
633 67.0 67.0 0.0 0.0 5.0
634 67.0 67.0 0.0 0.0 5.0
635 67.0 67.0 0.0 0.0 5.0
636 67.0 67.0 0.0 0.0 5.0
637 67.0 67.0 0.0 0.0 5.0
638 67.0 67.0 0.0 0.0 5.0
639 67.0 67.0 0.0 0.0 5.0
640 67.0 67.0 0.0 0.0 5.0
641 67.0 67.0 0.0 0.0 5.0
642 67.0 67.0 0.0 0.0 5.0
643 67.0 67.0 0.0 0.0 5.0
644 67.0 67.0 0.0 0.0 5.0
645 67.0 67.0 0.0 0.0 5.0
646 67.0 67.0 0.0 0.0 5.0
647 67.0 67.0 0.0 0.0 5.0
648 67.0 67.0 0.0 0.0 5.0
649 67.0 67.0 0.0 0.0 5.0
650 67.0 67.0 0.0 0.0 5.0
651 67.0 67.0 0.0 0.0 5.0
652 67.0 67.0 0.0 0.0 5.0
653 67.0 67.0 0.0 0.0 5.0
654 67.0 67.0 0.0 0.0 5.0
655 67.0 67.0 0.0 0.0 5.0
656 67.0 67.0 0.0 0.0 5.0
657 67.0 67.0 0.0 0.0 5.0
658 67.0 67.0 0.0 0.0 5.0
659 67.0 67.0 0.0 0.0 5.0
660 67.0 67.0 0.0 0.0 5.0
661 67.0 67.0 0.0 0.0 5.0
662 67.0 67.0 0.0 0.0 5.0
663 67.0 67.0 0.0 0.0 5.0
664 67.0 67.0 0.0 0.0 5.0
665 67.0 67.0 0.0 0.0 5.0
666 67.0 67.0 0.0 0.0 5.0
667 67.0 67.0 0.0 0.0 5.0
668 67.0 67.0 0.0 0.0 5.0
669 67.0 67.0 0.0 0.0 5.0
670 67.0 67.0 0.0 0.0 5.0
671 67.0 67.0 0.0 0.0 5.0
672 67.0 67.0 0.0 0.0 5.0
673 67.0 67.0 0.0 0.0 5.0
674 67.0 67.0 0.0 0.0 5.0
675 67.0 67.0 0.0 0.0 5.0
676 67.0 67.0 0.0 0.0 5.0
677 67.0 67.0 0.0 0.0 5.0
678 67.0 67.0 0.0 0.0 5.0
679 67.0 67.0 0.0 0.0 5.0
680 67.0 67.0 0.0 0.0 5.0
681 67.0 67.0 0.0 0.0 5.0
682 67.0 67.0 0.0 0.0 5.0
683 67.0 67.0 0.0 0.0 5.0
684 67.0 67.0 0.0 0.0 5.0
685 67.0 67.0 0.0 0.0 5.0
686 67.0 67.0 0.0 0.0 5.0
687 67.0 67.0 0.0 0.0 5.0
688 67.0 67.0 0.0 0.0 5.0
689 67.0 67.0 0.0 0.0 5.0
690 67.0 67.0 0.0 0.0 5.0
691 67.0 67.0 0.0 0.0 5.0
692 67.0 67.0 0.0 0.0 5.0
693 67.0 67.0 0.0 0.0 5.0
694 67.0 67.0 0.0 0.0 5.0
695 67.0 67.0 0.0 0.0 5.0
696 67.0 67.0 0.0 0.0 5.0
697 67.0 67.0 0.0 0.0 5.0
698 67.0 67.0 0.0 0.0 5.0
699 67.0 67.0 0.0 0.0 5.0
700 67.0 67.0 0.0 0.0 5.0
701 67.0 67.0 0.0 0.0 5.0
702 67.0 67.0 0.0 0.0 5.0
703 67.0 67.0 0.0 0.0 5.0
704 67.0 67.0 0.0 0.0 5.0
705 67.0 67.0 0.0 0.0 5.0
706 67.0 67.0 0.0 0.0 5.0
707 67.0 67.0 0.0 0.0 5.0
708 67.0 67.0 0.0 0.0 5.0
709 67.0 67.0 0.0 0.0 5.0
710 67.0 67.0 0.0 0.0 5.0
711 67.0 67.0 0.0 0.0 5.0
712 67.0 67.0 0.0 0.0 5.0
713 67.0 67.0 0.0 0.0 5.0
714 67.0 67.0 0.0 0.0 5.0
715 67.0 67.0 0.0 0.0 5.0
716 67.0 67.0 0.0 0.0 5.0
717 67.0 67.0 0.0 0.0 5.0
718 67.0 67.0 0.0 0.0 5.0
719 67.0 67.0 0.0 0.0 5.0
720 67.0 67.0 0.0 0.0 5.0
721 67.0 67.0 0.0 0.0 5.0
722 67.0 67.0 0.0 0.0 5.0
723 67.0 67.0 0.0 0.0 5.0
724 67.0 67.0 0.0 0.0 5.0
725 67.0 67.0 0.0 0.0 5.0
726 67.0 67.0 0.0 0.0 5.0
727 67.0 67.0 0.0 0.0 5.0
728 67.0 67.0 0.0 0.0 5.0
729 67.0 67.0 0.0 0.0 5.0
730 67.0 67.0 0.0 0.0 5.0
731 67.0 67.0 0.0 0.0 5.0
732 67.0 67.0 0.0 0.0 5.0
733 67.0 67.0 0.0 0.0 5.0
734 67.0 67.0 0.0 0.0 5.0
735 67.0 67.0 0.0 0.0 5.0
736 67.0 67.0 0.0 0.0 5.0
737 67.0 67.0 0.0 0.0 5.0
738 67.0 67.0 0.0 0.0 5.0
739 67.0 67.0 0.0 0.0 5.0
740 67.0 67.0 0.0 0.0 5.0
741 67.0 67.0 0.0 0.0 5.0
742 67.0 67.0 0.0 0.0 5.0
743 67.0 67.0 0.0 0.0 5.0
744 67.0 67.0 0.0 0.0 5.0
745 67.0 67.0 0.0 0.0 5.0
746 67.0 67.0 0.0 0.0 5.0
747 67.0 67.0 0.0 0.0 5.0
748 67.0 67.0 0.0 0.0 5.0
749 67.0 67.0 0.0 0.0 5.0
750 67.0 67.0 0.0 0.0 5.0
751 67.0 67.0 0.0 0.0 5.0
752 67.0 67.0 0.0 0.0 5.0
753 67.0 67.0 0.0 0.0 5.0
754 67.0 67.0 0.0 0.0 5.0
755 67.0 67.0 0.0 0.0 5.0
756 67.0 67.0 0.0 0.0 5.0
757 67.0 67.0 0.0 0.0 5.0
758 67.0 67.0 0.0 0.0 5.0
759 67.0 67.0 0.0 0.0 5.0
760 67.0 67.0 0.0 0.0 5.0
761 67.0 67.0 0.0 0.0 5.0
762 67.0 67.0 0.0 0.0 5.0
763 67.0 67.0 0.0 0.0 5.0
764 67.0 67.0 0.0 0.0 5.0
765 67.0 67.0 0.0 0.0 5.0
766 67.0 67.0 0.0 0.0 5.0
767 67.0 67.0 0.0 0.0 5.0
768 67.0 67.0 0.0 0.0 5.0
769 67.0 67.0 0.0 0.0 5.0
770 67.0 67.0 0.0 0.0 5.0
771 67.0 67.0 0.0 0.0 5.0
772 67.0 67.0 0.0 0.0 5.0
773 67.0 67.0 0.0 0.0 5.0
774 67.0 67.0 0.0 0.0 5.0
775 67.0 67.0 0.0 0.0 5.0
776 67.0 67.0 0.0 0.0 5.0
777 67.0 67.0 0.0 0.0 5.0
778 67.0 67.0 0.0 0.0 5.0
779 67.0 67.0 0.0 0.0 5.0
780 67.0 67.0 0.0 0.0 5.0
781 67.0 67.0 0.0 0.0 5.0
782 67.0 67.0 0.0 0.0 5.0
783 67.0 67.0 0.0 0.0 5.0
784 67.0 67.0 0.0 0.0 5.0
785 67.0 67.0 0.0 0.0 5.0
786 67.0 67.0 0.0 0.0 5.0
787 67.0 67.0 0.0 0.0 5.0
788 67.0 67.0 0.0 0.0 5.0
789 67.0 67.0 0.0 0.0 5.0
790 67.0 67.0 0.0 0.0 5.0
791 67.0 67.0 0.0 0.0 5.0
792 67.0 67.0 0.0 0.0 5.0
793 67.0 67.0 0.0 0.0 5.0
794 67.0 67.0 0.0 0.0 5.0
795 67.0 67.0 0.0 0.0 5.0
796 67.0 67.0 0.0 0.0 5.0
797 67.0 67.0 0.0 0.0 5.0
798 67.0 67.0 0.0 0.0 5.0
799 67.0 67.0 0.0 0.0 5.0
800 67.0 67.0 0.0 0.0 5.0
801 67.0 67.0 0.0 0.0 5.0
802 67.0 67.0 0.0 0.0 5.0
803 67.0 67.0 0.0 0.0 5.0
804 67.0 67.0 0.0 0.0 5.0
805 67.0 67.0 0.0 0.0 5.0
806 67.0 67.0 0.0 0.0 5.0
807 67.0 67.0 0.0 0.0 5.0
808 67.0 67.0 0.0 0.0 5.0
809 67.0 67.0 0.0 0.0 5.0
810 67.0 67.0 0.0 0.0 5.0
811 67.0 67.0 0.0 0.0 5.0
812 67.0 67.0 0.0 0.0 5.0
813 67.0 67.0 0.0 0.0 5.0
814 67.0 67.0 0.0 0.0 5.0
815 67.0 67.0 0.0 0.0 5.0
816 67.0 67.0 0.0 0.0 5.0
817 67.0 67.0 0.0 0.0 5.0
818 67.0 67.0 0.0 0.0 5.0
819 67.0 67.0 0.0 0.0 5.0
820 67.0 67.0 0.0 0.0 5.0
821 67.0 67.0 0.0 0.0 5.0
822 67.0 67.0 0.0 0.0 5.0
823 67.0 67.0 0.0 0.0 5.0
824 67.0 67.0 0.0 0.0 5.0
825 67.0 67.0 0.0 0.0 5.0
826 67.0 67.0 0.0 0.0 5.0
827 67.0 67.0 0.0 0.0 5.0
828 67.0 67.0 0.0 0.0 5.0
829 67.0 67.0 0.0 0.0 5.0
830 67.0 67.0 0.0 0.0 5.0
831 67.0 67.0 0.0 0.0 5.0
832 67.0 67.0 0.0 0.0 5.0
833 67.0 67.0 0.0 0.0 5.0
834 67.0 67.0 0.0 0.0 5.0
835 67.0 67.0 0.0 0.0 5.0
836 67.0 67.0 0.0 0.0 5.0
837 67.0 67.0 0.0 0.0 5.0
838 67.0 67.0 0.0 0.0 5.0
839 67.0 67.0 0.0 0.0 5.0
840 67.0 67.0 0.0 0.0 5.0
841 67.0 67.0 0.0 0.0 5.0
842 67.0 67.0 0.0 0.0 5.0
843 67.0 67.0 0.0 0.0 5.0
844 67.0 67.0 0.0 0.0 5.0
845 67.0 67.0 0.0 0.0 5.0
846 67.0 67.0 0.0 0.0 5.0
847 67.0 67.0 0.0 0.0 5.0
848 67.0 67.0 0.0 0.0 5.0
849 67.0 67.0 0.0 0.0 5.0
850 67.0 67.0 0.0 0.0 5.0
851 67.0 67.0 0.0 0.0 5.0
852 67.0 67.0 0.0 0.0 5.0
853 67.0 67.0 0.0 0.0 5.0
854 67.0 67.0 0.0 0.0 5.0
855 67.0 67.0 0.0 0.0 5.0
856 67.0 67.0 0.0 0.0 5.0
857 67.0 67.0 0.0 0.0 5.0
858 67.0 67.0 0.0 0.0 5.0
859 67.0 67.0 0.0 0.0 5.0
860 67.0 67.0 0.0 0.0 5.0
861 67.0 67.0 0.0 0.0 5.0
862 67.0 67.0 0.0 0.0 5.0
863 67.0 67.0 0.0 0.0 5.0
864 67.0 67.0 0.0 0.0 5.0
865 67.0 67.0 0.0 0.0 5.0
866 67.0 67.0 0.0 0.0 5.0
867 67.0 67.0 0.0 0.0 5.0
868 67.0 67.0 0.0 0.0 5.0
869 67.0 67.0 0.0 0.0 5.0
870 67.0 67.0 0.0 0.0 5.0
871 67.0 67.0 0.0 0.0 5.0
872 67.0 67.0 0.0 0.0 5.0
873 67.0 67.0 0.0 0.0 5.0
874 67.0 67.0 0.0 0.0 5.0
875 67.0 67.0 0.0 0.0 5.0
876 67.0 67.0 0.0 0.0 5.0
877 67.0 67.0 0.0 0.0 5.0
878 67.0 67.0 0.0 0.0 5.0
879 67.0 67.0 0.0 0.0 5.0
880 67.0 67.0 0.0 0.0 5.0
881 67.0 67.0 0.0 0.0 5.0
882 67.0 67.0 0.0 0.0 5.0
883 67.0 67.0 0.0 0.0 5.0
884 67.0 67.0 0.0 0.0 5.0
885 67.0 67.0 0.0 0.0 5.0
886 67.0 67.0 0.0 0.0 5.0
887 67.0 67.0 0.0 0.0 5.0
888 67.0 67.0 0.0 0.0 5.0
889 67.0 67.0 0.0 0.0 5.0
890 67.0 67.0 0.0 0.0 5.0
891 67.0 67.0 0.0 0.0 5.0
892 67.0 67.0 0.0 0.0 5.0
893 67.0 67.0 0.0 0.0 5.0
894 67.0 67.0 0.0 0.0 5.0
895 67.0 67.0 0.0 0.0 5.0
896 67.0 67.0 0.0 0.0 5.0
897 67.0 67.0 0.0 0.0 5.0
898 67.0 67.0 0.0 0.0 5.0
899 67.0 67.0 0.0 0.0 5.0
900 67.0 67.0 0.0 0.0 5.0
901 67.0 67.0 0.0 0.0 5.0
902 67.0 67.0 0.0 0.0 5.0
903 67.0 67.0 0.0 0.0 5.0
904 67.0 67.0 0.0 0.0 5.0
905 67.0 67.0 0.0 0.0 5.0
906 67.0 67.0 0.0 0.0 5.0
907 67.0 67.0 0.0 0.0 5.0
908 67.0 67.0 0.0 0.0 5.0
909 67.0 67.0 0.0 0.0 5.0
910 67.0 67.0 0.0 0.0 5.0
911 67.0 67.0 0.0 0.0 5.0
912 67.0 67.0 0.0 0.0 5.0
913 67.0 67.0 0.0 0.0 5.0
914 67.0 67.0 0.0 0.0 5.0
915 67.0 67.0 0.0 0.0 5.0
916 67.0 67.0 0.0 0.0 5.0
917 67.0 67.0 0.0 0.0 5.0
918 67.0 67.0 0.0 0.0 5.0
919 67.0 67.0 0.0 0.0 5.0
920 67.0 67.0 0.0 0.0 5.0
921 67.0 67.0 0.0 0.0 5.0
922 67.0 67.0 0.0 0.0 5.0
923 67.0 67.0 0.0 0.0 5.0
924 67.0 67.0 0.0 0.0 5.0
925 67.0 67.0 0.0 0.0 5.0
926 67.0 67.0 0.0 0.0 5.0
927 67.0 67.0 0.0 0.0 5.0
928 67.0 67.0 0.0 0.0 5.0
929 67.0 67.0 0.0 0.0 5.0
930 67.0 67.0 0.0 0.0 5.0
931 67.0 67.0 0.0 0.0 5.0
932 67.0 67.0 0.0 0.0 5.0
933 67.0 67.0 0.0 0.0 5.0
934 67.0 67.0 0.0 0.0 5.0
935 67.0 67.0 0.0 0.0 5.0
936 67.0 67.0 0.0 0.0 5.0
937 67.0 67.0 0.0 0.0 5.0
938 67.0 67.0 0.0 0.0 5.0
939 67.0 67.0 0.0 0.0 5.0
940 67.0 67.0 0.0 0.0 5.0
941 67.0 67.0 0.0 0.0 5.0
942 67.0 67.0 0.0 0.0 5.0
943 67.0 67.0 0.0 0.0 5.0
944 67.0 67.0 0.0 0.0 5.0
945 67.0 67.0 0.0 0.0 5.0
946 67.0 67.0 0.0 0.0 5.0
947 67.0 67.0 0.0 0.0 5.0
948 67.0 67.0 0.0 0.0 5.0
949 67.0 67.0 0.0 0.0 5.0
950 67.0 67.0 0.0 0.0 5.0
951 67.0 67.0 0.0 0.0 5.0
952 67.0 67.0 0.0 0.0 5.0
953 67.0 67.0 0.0 0.0 5.0
954 67.0 67.0 0.0 0.0 5.0
955 67.0 67.0 0.0 0.0 5.0
956 67.0 67.0 0.0 0.0 5.0
957 67.0 67.0 0.0 0.0 5.0
958 67.0 67.0 0.0 0.0 5.0
959 67.0 67.0 0.0 0.0 5.0
960 67.0 67.0 0.0 0.0 5.0
961 67.0 67.0 0.0 0.0 5.0
962 67.0 67.0 0.0 0.0 5.0
963 67.0 67.0 0.0 0.0 5.0
964 67.0 67.0 0.0 0.0 5.0
965 67.0 67.0 0.0 0.0 5.0
966 67.0 67.0 0.0 0.0 5.0
967 67.0 67.0 0.0 0.0 5.0
968 67.0 67.0 0.0 0.0 5.0
969 67.0 67.0 0.0 0.0 5.0
970 67.0 67.0 0.0 0.0 5.0
971 67.0 67.0 0.0 0.0 5.0
972 67.0 67.0 0.0 0.0 5.0
973 67.0 67.0 0.0 0.0 5.0
974 67.0 67.0 0.0 0.0 5.0
975 67.0 67.0 0.0 0.0 5.0
976 67.0 67.0 0.0 0.0 5.0
977 67.0 67.0 0.0 0.0 5.0
978 67.0 67.0 0.0 0.0 5.0
979 67.0 67.0 0.0 0.0 5.0
980 67.0 67.0 0.0 0.0 5.0
981 67.0 67.0 0.0 0.0 5.0
982 67.0 67.0 0.0 0.0 5.0
983 67.0 67.0 0.0 0.0 5.0
984 67.0 67.0 0.0 0.0 5.0
985 67.0 67.0 0.0 0.0 5.0
986 67.0 67.0 0.0 0.0 5.0
987 67.0 67.0 0.0 0.0 5.0
988 67.0 67.0 0.0 0.0 5.0
989 67.0 67.0 0.0 0.0 5.0
990 67.0 67.0 0.0 0.0 5.0
991 67.0 67.0 0.0 0.0 5.0
992 67.0 67.0 0.0 0.0 5.0
993 67.0 67.0 0.0 0.0 5.0
994 67.0 67.0 0.0 0.0 5.0
995 67.0 67.0 0.0 0.0 5.0
996 67.0 67.0 0.0 0.0 5.0
997 67.0 67.0 0.0 0.0 5.0
998 67.0 67.0 0.0 0.0 5.0
999 67.0 67.0 0.0 0.0 5.0
1000 67.0 67.0 0.0 0.0 5.0
