gen testSuiteSize notKilledMutants number_of_tests no_discount_objective no_equiv_mut_not_killed no_equiv_mut_not_killed_perc
1 4 9.865234375 23 10 10 1.0
1 5 8.8359375 28 9 9 0.9
1 6 8.736328125 54 9 9 0.9
1 7 4.82421875 60 5 5 0.5
2 6 1.822265625 91 2 2 0.2
2 1 4.81640625 94 5 5 0.5
3 3 7.76171875 122 8 8 0.8
3 5 0 136 0 0 0.0
4 5 7 156 7 7 0.7
4 2 10 188 10 10 1.0
4 4 8 192 8 8 0.8
5 4 8 203 8 8 0.8
5 7 4 209 4 4 0.4
5 5 6 219 6 6 0.6
6 3 5 242 5 5 0.5
6 2 6 270 6 6 0.6
7 2 8 275 8 8 0.8
7 4 6 295 6 6 0.6
8 4 0 311 0 0 0.0
8 2 8 320 8 8 0.8
9 2 6 346 6 6 0.6
10 3 10 362 10 10 1.0
10 4 5 394 5 5 0.5
11 1 10 399 10 10 1.0
11 8 5 417 5 5 0.5
11 4 6 422 6 6 0.6
12 4 5 452 5 5 0.5
13 4 6 457 6 6 0.6
13 3 9 460 9 9 0.9
13 6 5 477 5 5 0.5
14 3 9 484 9 9 0.9
14 6 6 487 6 6 0.6
14 7 4 496 4 4 0.4
14 4 8 500 8 8 0.8
15 3 8 512 8 8 0.8
15 4 6 519 6 6 0.6
15 5 5 521 5 5 0.5
15 2 10 524 10 10 1.0
16 2 8 541 8 8 0.8
16 5 4 550 4 4 0.4
17 6 4 559 4 4 0.4
17 2 10 563 10 10 1.0
17 7 1 573 1 1 0.1
17 5 8 577 8 8 0.8
18 5 2 592 2 2 0.2
18 4 8 595 8 8 0.8
18 3 10 601 10 10 1.0
19 4 6 615 6 6 0.6
19 7 0 620 0 0 0.0
19 3 7 624 7 7 0.7
20 4 9 630 9 9 0.9
20 6 4 641 4 4 0.4
21 4 5 643 5 5 0.5
21 3 7 649 7 7 0.7
22 4 8 659 8 8 0.8
22 3 10 660 10 10 1.0
22 6 5 666 5 5 0.5
22 5 7 674 7 7 0.7
23 4 8 678 8 8 0.8
23 6 6 680 6 6 0.6
23 3 10 684 10 10 1.0
24 8 3 700 3 3 0.3
24 5 4 702 4 4 0.4
24 3 8 703 8 8 0.8
25 5 5 709 5 5 0.5
25 3 7 711 7 7 0.7
25 7 3 717 3 3 0.3
25 2 10 718 10 10 1.0
26 3 9 726 9 9 0.9
26 5 0 730 0 0 0.0
27 5 5 741 5 5 0.5
27 6 4 744 4 4 0.4
27 2 10 751 10 10 1.0
28 3 7 760 7 7 0.7
28 5 4 762 4 4 0.4
29 4 8 769 8 8 0.8
29 5 5 769 5 5 0.5
30 6 5 774 5 5 0.5
30 4 6 774 6 6 0.6
30 2 10 774 10 10 1.0
31 3 7 778 7 7 0.7
31 1 10 782 10 10 1.0
31 8 0 784 0 0 0.0
32 5 8 791 8 8 0.8
32 2 10 793 10 10 1.0
32 6 1 796 1 1 0.1
33 6 2 803 2 2 0.2
33 5 5 805 5 5 0.5
33 2 10 805 10 10 1.0
33 3 7 806 7 7 0.7
34 4 5 808 5 5 0.5
34 2 9 809 9 9 0.9
35 3 5 829 5 5 0.5
36 3 8 835 8 8 0.8
36 4 7 835 7 7 0.7
36 5 6 835 6 6 0.6
36 7 5 836 5 5 0.5
37 5 6 845 6 6 0.6
38 4 5 855 5 5 0.5
38 2 8 856 8 8 0.8
38 7 1 859 1 1 0.1
39 3 7 864 7 7 0.7
39 5 6 868 6 6 0.6
40 1 10 873 10 10 1.0
40 4 4 874 4 4 0.4
41 4 5 876 5 5 0.5
41 3 10 876 10 10 1.0
42 3 8 882 8 8 0.8
42 5 6 887 6 6 0.6
43 2 10 890 10 10 1.0
43 3 5 890 5 5 0.5
44 6 5 892 5 5 0.5
44 4 8 892 8 8 0.8
45 2 8 901 8 8 0.8
45 5 5 901 5 5 0.5
45 4 7 903 7 7 0.7
46 3 8 907 8 8 0.8
46 4 5 908 5 5 0.5
46 1 10 908 10 10 1.0
47 2 8 913 8 8 0.8
48 6 5 917 5 5 0.5
48 5 8 921 8 8 0.8
48 2 10 926 10 10 1.0
49 8 5 931 5 5 0.5
49 3 6 931 6 6 0.6
50 3 10 932 10 10 1.0
50 5 0 936 0 0 0.0
50 4 9 938 9 9 0.9
51 2 6 940 6 6 0.6
52 3 6 944 6 6 0.6
53 3 10 945 10 10 1.0
53 4 7 945 7 7 0.7
54 5 4 950 4 4 0.4
54 2 10 952 10 10 1.0
54 4 7 954 7 7 0.7
55 2 10 954 10 10 1.0
55 4 3 955 3 3 0.3
56 6 7 957 7 7 0.7
56 4 8 958 8 8 0.8
57 1 10 959 10 10 1.0
57 3 7 959 7 7 0.7
57 6 5 960 5 5 0.5
58 6 0 961 0 0 0.0
58 4 10 961 10 10 1.0
58 5 9 961 9 9 0.9
59 7 4 965 4 4 0.4
59 2 10 965 10 10 1.0
59 5 6 965 6 6 0.6
60 7 2 966 2 2 0.2
60 6 4 967 4 4 0.4
60 3 5 967 5 5 0.5
61 4 5 968 5 5 0.5
61 6 4 969 4 4 0.4
61 2 10 969 10 10 1.0
61 3 7 969 7 7 0.7
62 4 6 971 6 6 0.6
62 3 10 972 10 10 1.0
62 6 5 973 5 5 0.5
63 3 10 975 10 10 1.0
63 4 6 975 6 6 0.6
64 2 8 975 8 8 0.8
64 8 1 976 1 1 0.1
64 3 6 977 6 6 0.6
65 5 7 979 7 7 0.7
65 8 5 979 5 5 0.5
65 4 8 980 8 8 0.8
65 3 10 980 10 10 1.0
66 3 6 980 6 6 0.6
66 5 2 980 2 2 0.2
67 5 7 980 7 7 0.7
67 6 5 980 5 5 0.5
67 4 8 981 8 8 0.8
68 3 7 983 7 7 0.7
68 5 6 984 6 6 0.6
69 5 2 984 2 2 0.2
69 2 10 984 10 10 1.0
69 4 7 984 7 7 0.7
70 3 8 988 8 8 0.8
70 4 4 988 4 4 0.4
71 7 4 989 4 4 0.4
71 1 10 989 10 10 1.0
72 3 9 989 9 9 0.9
72 6 2 991 2 2 0.2
72 4 7 991 7 7 0.7
73 1 5 991 5 5 0.5
74 3 9 992 9 9 0.9
74 4 4 992 4 4 0.4
74 2 10 992 10 10 1.0
75 4 8 992 8 8 0.8
75 6 4 992 4 4 0.4
75 5 7 992 7 7 0.7
75 3 9 992 9 9 0.9
76 5 5 992 5 5 0.5
76 2 7 995 7 7 0.7
77 2 10 995 10 10 1.0
77 3 8 995 8 8 0.8
77 6 5 995 5 5 0.5
77 4 6 996 6 6 0.6
78 5 3 996 3 3 0.3
78 3 7 996 7 7 0.7
78 4 5 996 5 5 0.5
79 3 10 997 10 10 1.0
79 4 6 997 6 6 0.6
80 7 0 1000 0 0 0.0
80 1 10 1000 10 10 1.0
80 4 6 1001 6 6 0.6
81 3 5 1001 5 5 0.5
81 4 3 1001 3 3 0.3
81 2 10 1001 10 10 1.0
82 3 6 1003 6 6 0.6
82 4 5 1003 5 5 0.5
83 3 10 1003 10 10 1.0
83 6 6 1003 6 6 0.6
83 4 8 1003 8 8 0.8
84 3 8 1003 8 8 0.8
84 5 5 1003 5 5 0.5
85 3 6 1003 6 6 0.6
85 5 5 1003 5 5 0.5
86 3 7 1003 7 7 0.7
86 7 3 1003 3 3 0.3
87 5 4 1003 4 4 0.4
87 7 2 1003 2 2 0.2
88 5 6 1004 6 6 0.6
88 6 4 1004 4 4 0.4
88 3 10 1004 10 10 1.0
88 4 8 1004 8 8 0.8
89 5 5 1004 5 5 0.5
89 4 6 1004 6 6 0.6
89 3 8 1005 8 8 0.8
90 3 8 1005 8 8 0.8
90 4 5 1006 5 5 0.5
91 5 5 1006 5 5 0.5
91 6 2 1006 2 2 0.2
91 3 7 1006 7 7 0.7
92 6 3 1006 3 3 0.3
92 4 6 1007 6 6 0.6
93 5 7 1008 7 7 0.7
93 4 8 1008 8 8 0.8
93 6 6 1008 6 6 0.6
93 7 5 1008 5 5 0.5
94 7 3 1009 3 3 0.3
94 3 4 1009 4 4 0.4
95 3 8 1011 8 8 0.8
95 5 6 1011 6 6 0.6
96 3 6 1012 6 6 0.6
96 6 2 1012 2 2 0.2
97 3 8 1012 8 8 0.8
97 4 6 1012 6 6 0.6
97 2 9 1012 9 9 0.9
98 2 8 1012 8 8 0.8
98 5 5 1012 5 5 0.5
99 3 6 1012 6 6 0.6
99 4 4 1012 4 4 0.4
99 2 8 1012 8 8 0.8
100 3 7 1012 7 7 0.7
100 6 6 1012 6 6 0.6
100 7 5 1013 5 5 0.5
101 6 0 1013 0 0 0.0
101 3 4 1013 4 4 0.4
102 6 5 1013 5 5 0.5
102 4 6 1013 6 6 0.6
102 3 9 1013 9 9 0.9
103 4 8 1013 8 8 0.8
103 6 6 1013 6 6 0.6
103 7 4 1013 4 4 0.4
104 4 5 1013 5 5 0.5
104 2 10 1013 10 10 1.0
105 2 10 1013 10 10 1.0
105 5 6 1013 6 6 0.6
105 4 8 1013 8 8 0.8
105 7 4 1013 4 4 0.4
106 6 4 1013 4 4 0.4
106 4 6 1013 6 6 0.6
106 3 8 1013 8 8 0.8
107 3 9 1013 9 9 0.9
107 5 6 1013 6 6 0.6
108 2 10 1014 10 10 1.0
108 5 2 1014 2 2 0.2
108 4 8 1014 8 8 0.8
109 4 3 1014 3 3 0.3
110 7 4 1015 4 4 0.4
110 5 6 1015 6 6 0.6
110 2 8 1015 8 8 0.8
110 6 5 1015 5 5 0.5
111 6 6 1015 6 6 0.6
111 3 8 1015 8 8 0.8
112 4 8 1015 8 8 0.8
112 6 6 1015 6 6 0.6
112 5 7 1015 7 7 0.7
112 3 9 1015 9 9 0.9
112 7 5 1015 5 5 0.5
113 2 10 1015 10 10 1.0
113 5 2 1015 2 2 0.2
114 2 10 1016 10 10 1.0
114 7 5 1016 5 5 0.5
114 5 9 1016 9 9 0.9
114 6 7 1016 7 7 0.7
115 3 6 1016 6 6 0.6
116 5 6 1016 6 6 0.6
116 6 5 1016 5 5 0.5
116 3 8 1016 8 8 0.8
116 7 0 1016 0 0 0.0
117 3 8 1016 8 8 0.8
117 5 7 1016 7 7 0.7
117 8 5 1016 5 5 0.5
118 4 5 1018 5 5 0.5
118 3 8 1018 8 8 0.8
119 5 7 1018 7 7 0.7
119 4 8 1019 8 8 0.8
119 3 10 1019 10 10 1.0
120 2 9 1019 9 9 0.9
120 7 4 1019 4 4 0.4
120 5 7 1019 7 7 0.7
121 4 6 1019 6 6 0.6
121 2 7 1019 7 7 0.7
122 3 10 1019 10 10 1.0
122 4 4 1019 4 4 0.4
123 3 7 1019 7 7 0.7
123 2 10 1019 10 10 1.0
124 4 3 1020 3 3 0.3
125 2 6 1020 6 6 0.6
126 2 10 1020 10 10 1.0
126 4 6 1020 6 6 0.6
126 5 5 1020 5 5 0.5
126 7 4 1020 4 4 0.4
127 6 0 1020 0 0 0.0
127 4 6 1020 6 6 0.6
127 1 10 1020 10 10 1.0
127 3 9 1020 9 9 0.9
128 5 0 1020 0 0 0.0
128 3 8 1020 8 8 0.8
129 4 3 1020 3 3 0.3
129 3 10 1020 10 10 1.0
130 5 5 1020 5 5 0.5
130 1 10 1020 10 10 1.0
130 2 6 1020 6 6 0.6
131 5 6 1020 6 6 0.6
131 2 10 1020 10 10 1.0
131 4 7 1020 7 7 0.7
132 5 4 1020 4 4 0.4
133 2 9 1020 9 9 0.9
133 3 8 1020 8 8 0.8
133 7 7 1020 7 7 0.7
134 4 6 1020 6 6 0.6
134 2 10 1020 10 10 1.0
135 2 8 1020 8 8 0.8
135 6 5 1020 5 5 0.5
135 5 7 1020 7 7 0.7
136 6 5 1020 5 5 0.5
136 4 6 1020 6 6 0.6
137 3 6 1020 6 6 0.6
137 4 5 1020 5 5 0.5
138 5 4 1020 4 4 0.4
138 4 8 1020 8 8 0.8
139 3 8 1020 8 8 0.8
139 6 4 1020 4 4 0.4
140 5 5 1020 5 5 0.5
140 7 4 1020 4 4 0.4
140 4 7 1020 7 7 0.7
141 4 2 1021 2 2 0.2
142 3 8 1021 8 8 0.8
142 4 5 1021 5 5 0.5
143 4 5 1021 5 5 0.5
143 3 8 1021 8 8 0.8
144 8 5 1021 5 5 0.5
144 6 6 1021 6 6 0.6
144 4 7 1021 7 7 0.7
145 4 6 1021 6 6 0.6
145 2 9 1021 9 9 0.9
145 3 8 1021 8 8 0.8
145 6 5 1021 5 5 0.5
146 4 7 1021 7 7 0.7
146 0 10 1021 10 10 1.0
147 2 0 1021 0 0 0.0
148 3 7 1021 7 7 0.7
149 4 6 1022 6 6 0.6
149 5 3 1022 3 3 0.3
149 2 10 1022 10 10 1.0
150 4 5 1022 5 5 0.5
150 3 7 1022 7 7 0.7
151 9 2 1022 2 2 0.2
151 4 5 1022 5 5 0.5
151 2 10 1022 10 10 1.0
152 3 10 1022 10 10 1.0
152 4 0 1022 0 0 0.0
153 5 2 1022 2 2 0.2
153 4 8 1022 8 8 0.8
153 3 10 1022 10 10 1.0
154 5 0 1022 0 0 0.0
154 2 10 1022 10 10 1.0
154 4 6 1022 6 6 0.6
155 7 4 1023 4 4 0.4
155 5 7 1023 7 7 0.7
155 4 8 1023 8 8 0.8
156 4 5 1023 5 5 0.5
156 5 3 1023 3 3 0.3
157 4 7 1023 7 7 0.7
157 5 0 1023 0 0 0.0
158 1 0 1023 0 0 0.0
159 3 6 1023 6 6 0.6
159 4 4 1023 4 4 0.4
160 7 2 1023 2 2 0.2
160 4 3 1023 3 3 0.3
160 3 8 1023 8 8 0.8
161 5 4 1023 4 4 0.4
161 7 3 1023 3 3 0.3
161 2 10 1023 10 10 1.0
161 4 7 1023 7 7 0.7
162 2 7 1023 7 7 0.7
162 4 5 1023 5 5 0.5
162 6 0 1023 0 0 0.0
163 2 8 1023 8 8 0.8
163 5 7 1023 7 7 0.7
164 2 10 1023 10 10 1.0
164 3 5 1023 5 5 0.5
165 3 5 1023 5 5 0.5
165 2 10 1023 10 10 1.0
165 6 3 1023 3 3 0.3
165 5 4 1023 4 4 0.4
166 7 4 1023 4 4 0.4
166 4 6 1023 6 6 0.6
166 3 10 1023 10 10 1.0
167 2 10 1023 10 10 1.0
167 6 1 1023 1 1 0.1
167 3 4 1023 4 4 0.4
168 6 0 1023 0 0 0.0
168 3 8 1023 8 8 0.8
168 4 7 1023 7 7 0.7
168 2 9 1023 9 9 0.9
169 3 8 1023 8 8 0.8
169 6 4 1023 4 4 0.4
170 3 9 1023 9 9 0.9
170 2 10 1023 10 10 1.0
171 3 9 1023 9 9 0.9
171 2 10 1023 10 10 1.0
171 6 7 1023 7 7 0.7
172 4 5 1023 5 5 0.5
172 3 8 1023 8 8 0.8
173 6 2 1023 2 2 0.2
173 5 4 1023 4 4 0.4
173 2 8 1023 8 8 0.8
174 4 10 1024 10 10 1.0
174 5 0 1024 0 0 0.0
175 6 3 1024 3 3 0.3
175 3 9 1024 9 9 0.9
175 4 6 1024 6 6 0.6
175 2 10 1024 10 10 1.0
176 3 9 1024 9 9 0.9
176 8 4 1024 4 4 0.4
176 2 10 1024 10 10 1.0
176 5 5 1024 5 5 0.5
177 2 10 1024 10 10 1.0
177 4 7 1024 7 7 0.7
177 6 6 1024 6 6 0.6
178 3 8 1024 8 8 0.8
178 4 6 1024 6 6 0.6
178 5 5 1024 5 5 0.5
179 2 10 1024 10 10 1.0
179 3 5 1024 5 5 0.5
180 4 6 1024 6 6 0.6
180 6 5 1024 5 5 0.5
180 3 8 1024 8 8 0.8
181 3 8 1024 8 8 0.8
181 4 2 1024 2 2 0.2
182 6 4 1024 4 4 0.4
182 7 2 1024 2 2 0.2
182 4 7 1024 7 7 0.7
182 3 8 1024 8 8 0.8
183 3 9 1024 9 9 0.9
183 4 4 1024 4 4 0.4
184 3 9 1024 9 9 0.9
184 6 5 1024 5 5 0.5
184 5 7 1024 7 7 0.7
185 5 5 1024 5 5 0.5
185 3 8 1024 8 8 0.8
186 2 10 1024 10 10 1.0
186 4 7 1024 7 7 0.7
187 4 8 1024 8 8 0.8
187 5 1 1024 1 1 0.1
187 2 10 1024 10 10 1.0
188 4 4 1024 4 4 0.4
188 2 8 1024 8 8 0.8
189 5 6 1024 6 6 0.6
189 6 5 1024 5 5 0.5
189 1 8 1024 8 8 0.8
189 4 7 1024 7 7 0.7
190 4 7 1024 7 7 0.7
190 3 9 1024 9 9 0.9
190 2 10 1024 10 10 1.0
190 6 6 1024 6 6 0.6
191 5 4 1024 4 4 0.4
191 2 8 1024 8 8 0.8
192 6 1 1024 1 1 0.1
192 4 9 1024 9 9 0.9
192 5 7 1024 7 7 0.7
193 3 8 1024 8 8 0.8
193 5 6 1024 6 6 0.6
193 1 10 1024 10 10 1.0
193 6 0 1024 0 0 0.0
194 1 7 1024 7 7 0.7
194 7 6 1024 6 6 0.6
195 5 6 1024 6 6 0.6
195 3 9 1024 9 9 0.9
195 2 10 1024 10 10 1.0
196 8 0 1024 0 0 0.0
196 7 6 1024 6 6 0.6
196 3 7 1024 7 7 0.7
197 4 2 1024 2 2 0.2
198 4 5 1024 5 5 0.5
198 2 10 1024 10 10 1.0
199 6 3 1024 3 3 0.3
199 3 8 1024 8 8 0.8
199 5 5 1024 5 5 0.5
200 3 7 1024 7 7 0.7
200 6 5 1024 5 5 0.5
201 5 7 1024 7 7 0.7
201 3 8 1024 8 8 0.8
201 7 4 1024 4 4 0.4
202 3 8 1024 8 8 0.8
202 4 5 1024 5 5 0.5
202 2 10 1024 10 10 1.0
203 7 0 1024 0 0 0.0
203 3 10 1024 10 10 1.0
203 5 7 1024 7 7 0.7
204 2 10 1024 10 10 1.0
204 7 0 1024 0 0 0.0
204 3 2 1024 2 2 0.2
205 1 8 1024 8 8 0.8
205 5 4 1024 4 4 0.4
206 7 4 1024 4 4 0.4
206 2 6 1024 6 6 0.6
207 1 5 1024 5 5 0.5
208 5 5 1024 5 5 0.5
208 3 10 1024 10 10 1.0
208 4 8 1024 8 8 0.8
209 2 8 1024 8 8 0.8
209 5 7 1024 7 7 0.7
209 6 0 1024 0 0 0.0
210 3 10 1024 10 10 1.0
210 4 6 1024 6 6 0.6
210 6 4 1024 4 4 0.4
211 3 9 1024 9 9 0.9
211 5 5 1024 5 5 0.5
211 6 4 1024 4 4 0.4
212 5 5 1024 5 5 0.5
212 4 8 1024 8 8 0.8
213 3 5 1024 5 5 0.5
214 6 7 1024 7 7 0.7
214 5 8 1024 8 8 0.8
214 2 9 1024 9 9 0.9
215 0 10 1024 10 10 1.0
215 3 8 1024 8 8 0.8
215 6 5 1024 5 5 0.5
216 6 3 1024 3 3 0.3
216 3 8 1024 8 8 0.8
216 4 7 1024 7 7 0.7
217 7 6 1024 6 6 0.6
217 5 8 1024 8 8 0.8
217 6 7 1024 7 7 0.7
217 3 9 1024 9 9 0.9
217 1 10 1024 10 10 1.0
218 1 10 1024 10 10 1.0
218 3 5 1024 5 5 0.5
218 4 4 1024 4 4 0.4
219 2 5 1024 5 5 0.5
220 2 8 1024 8 8 0.8
220 3 7 1024 7 7 0.7
220 5 5 1024 5 5 0.5
220 6 4 1024 4 4 0.4
221 3 5 1024 5 5 0.5
221 4 0 1024 0 0 0.0
222 4 0 1024 0 0 0.0
222 3 3 1024 3 3 0.3
223 4 2 1024 2 2 0.2
223 0 10 1024 10 10 1.0
224 7 5 1024 5 5 0.5
224 3 6 1024 6 6 0.6
225 4 4 1024 4 4 0.4
225 3 5 1024 5 5 0.5
225 6 0 1024 0 0 0.0
226 5 8 1024 8 8 0.8
226 6 6 1024 6 6 0.6
226 1 9 1024 9 9 0.9
227 4 6 1024 6 6 0.6
227 5 0 1024 0 0 0.0
228 5 5 1024 5 5 0.5
228 4 7 1024 7 7 0.7
228 3 9 1024 9 9 0.9
229 3 9 1024 9 9 0.9
229 4 5 1024 5 5 0.5
230 4 5 1024 5 5 0.5
230 3 8 1024 8 8 0.8
231 3 6 1024 6 6 0.6
231 4 3 1024 3 3 0.3
232 1 6 1024 6 6 0.6
233 2 8 1024 8 8 0.8
233 3 5 1024 5 5 0.5
233 4 0 1024 0 0 0.0
234 3 6 1024 6 6 0.6
234 1 10 1024 10 10 1.0
234 5 5 1024 5 5 0.5
235 6 5 1024 5 5 0.5
235 3 8 1024 8 8 0.8
235 5 6 1024 6 6 0.6
236 6 5 1024 5 5 0.5
236 5 6 1024 6 6 0.6
236 4 8 1024 8 8 0.8
237 2 5 1024 5 5 0.5
238 1 9 1024 9 9 0.9
238 4 8 1024 8 8 0.8
238 6 5 1024 5 5 0.5
239 3 6 1024 6 6 0.6
239 5 4 1024 4 4 0.4
240 2 10 1024 10 10 1.0
240 3 6 1024 6 6 0.6
240 5 5 1024 5 5 0.5
241 5 1 1024 1 1 0.1
241 2 8 1024 8 8 0.8
241 3 4 1024 4 4 0.4
242 4 0 1024 0 0 0.0
243 4 7 1024 7 7 0.7
243 2 10 1024 10 10 1.0
243 6 0 1024 0 0 0.0
244 4 6 1024 6 6 0.6
244 2 10 1024 10 10 1.0
245 3 7 1024 7 7 0.7
245 8 3 1024 3 3 0.3
246 4 0 1024 0 0 0.0
247 4 5 1024 5 5 0.5
247 1 10 1024 10 10 1.0
247 3 8 1024 8 8 0.8
248 3 6 1024 6 6 0.6
248 8 4 1024 4 4 0.4
248 5 5 1024 5 5 0.5
249 1 5 1024 5 5 0.5
249 7 3 1024 3 3 0.3
250 2 9 1024 9 9 0.9
250 4 6 1024 6 6 0.6
251 2 10 1024 10 10 1.0
251 3 8 1024 8 8 0.8
251 4 6 1024 6 6 0.6
252 3 6 1024 6 6 0.6
252 5 5 1024 5 5 0.5
253 5 5 1024 5 5 0.5
253 4 8 1024 8 8 0.8
253 3 10 1024 10 10 1.0
254 3 8 1024 8 8 0.8
254 5 5 1024 5 5 0.5
255 3 8 1024 8 8 0.8
255 5 5 1024 5 5 0.5
256 4 7 1024 7 7 0.7
256 2 9 1024 9 9 0.9
256 1 10 1024 10 10 1.0
256 5 0 1024 0 0 0.0
257 2 6 1024 6 6 0.6
257 5 5 1024 5 5 0.5
257 6 4 1024 4 4 0.4
258 4 5 1024 5 5 0.5
258 2 9 1024 9 9 0.9
258 6 4 1024 4 4 0.4
259 3 5 1024 5 5 0.5
260 5 5 1024 5 5 0.5
260 4 6 1024 6 6 0.6
260 3 10 1024 10 10 1.0
261 4 8 1024 8 8 0.8
261 5 0 1024 0 0 0.0
262 4 8 1024 8 8 0.8
262 9 5 1024 5 5 0.5
263 7 0 1024 0 0 0.0
263 2 6 1024 6 6 0.6
264 4 7 1024 7 7 0.7
264 2 10 1024 10 10 1.0
264 7 5 1024 5 5 0.5
264 5 6 1024 6 6 0.6
265 4 8 1024 8 8 0.8
265 6 0 1024 0 0 0.0
266 6 7 1024 7 7 0.7
266 4 9 1024 9 9 0.9
266 5 8 1024 8 8 0.8
266 7 6 1024 6 6 0.6
267 4 0 1024 0 0 0.0
268 2 10 1024 10 10 1.0
268 5 4 1024 4 4 0.4
268 3 9 1024 9 9 0.9
269 2 8 1024 8 8 0.8
269 5 5 1024 5 5 0.5
270 5 1 1024 1 1 0.1
270 2 10 1024 10 10 1.0
271 2 8 1024 8 8 0.8
271 4 4 1024 4 4 0.4
272 3 3 1024 3 3 0.3
272 5 0 1024 0 0 0.0
273 1 10 1024 10 10 1.0
273 2 7 1024 7 7 0.7
274 5 9 1024 9 9 0.9
274 1 10 1024 10 10 1.0
274 6 4 1024 4 4 0.4
275 2 10 1024 10 10 1.0
275 5 5 1024 5 5 0.5
275 3 8 1024 8 8 0.8
275 4 7 1024 7 7 0.7
276 3 7 1024 7 7 0.7
276 5 5 1024 5 5 0.5
277 3 10 1024 10 10 1.0
277 6 3 1024 3 3 0.3
277 5 8 1024 8 8 0.8
278 4 8 1024 8 8 0.8
278 6 3 1024 3 3 0.3
278 5 4 1024 4 4 0.4
279 5 0 1024 0 0 0.0
279 3 9 1024 9 9 0.9
279 2 10 1024 10 10 1.0
280 3 6 1024 6 6 0.6
280 4 4 1024 4 4 0.4
281 1 9 1024 9 9 0.9
281 5 7 1024 7 7 0.7
281 6 6 1024 6 6 0.6
281 8 5 1024 5 5 0.5
282 4 8 1024 8 8 0.8
282 8 0 1024 0 0 0.0
282 3 9 1024 9 9 0.9
283 4 0 1024 0 0 0.0
283 3 8 1024 8 8 0.8
284 3 10 1024 10 10 1.0
284 5 0 1024 0 0 0.0
284 4 5 1024 5 5 0.5
285 6 2 1024 2 2 0.2
285 3 5 1024 5 5 0.5
286 2 5 1024 5 5 0.5
287 3 8 1024 8 8 0.8
287 4 5 1024 5 5 0.5
287 10 3 1024 3 3 0.3
288 6 4 1024 4 4 0.4
288 3 10 1024 10 10 1.0
288 4 5 1024 5 5 0.5
289 4 6 1024 6 6 0.6
289 3 7 1024 7 7 0.7
289 5 5 1024 5 5 0.5
290 5 5 1024 5 5 0.5
290 2 6 1024 6 6 0.6
290 6 0 1024 0 0 0.0
291 3 5 1024 5 5 0.5
292 5 4 1024 4 4 0.4
292 4 9 1024 9 9 0.9
293 5 4 1024 4 4 0.4
293 3 5 1024 5 5 0.5
294 2 10 1024 10 10 1.0
294 5 5 1024 5 5 0.5
294 4 6 1024 6 6 0.6
295 8 0 1024 0 0 0.0
295 3 5 1024 5 5 0.5
296 2 10 1024 10 10 1.0
296 5 6 1024 6 6 0.6
296 4 8 1024 8 8 0.8
297 4 7 1024 7 7 0.7
297 3 10 1024 10 10 1.0
297 6 5 1024 5 5 0.5
298 4 9 1024 9 9 0.9
298 5 5 1024 5 5 0.5
299 1 10 1024 10 10 1.0
299 5 5 1024 5 5 0.5
299 3 8 1024 8 8 0.8
300 4 4 1024 4 4 0.4
300 5 3 1024 3 3 0.3
300 3 10 1024 10 10 1.0
301 3 7 1024 7 7 0.7
301 6 6 1024 6 6 0.6
302 1 10 1024 10 10 1.0
302 3 7 1024 7 7 0.7
302 6 5 1024 5 5 0.5
303 7 8 1024 8 8 0.8
303 2 10 1024 10 10 1.0
304 7 5 1024 5 5 0.5
304 4 7 1024 7 7 0.7
305 4 4 1024 4 4 0.4
306 7 2 1024 2 2 0.2
306 3 5 1024 5 5 0.5
307 5 5 1024 5 5 0.5
307 3 6 1024 6 6 0.6
308 3 4 1024 4 4 0.4
308 6 3 1024 3 3 0.3
309 3 10 1024 10 10 1.0
309 4 5 1024 5 5 0.5
310 5 6 1024 6 6 0.6
310 3 9 1024 9 9 0.9
310 4 8 1024 8 8 0.8
311 4 8 1024 8 8 0.8
311 6 5 1024 5 5 0.5
311 7 4 1024 4 4 0.4
311 3 10 1024 10 10 1.0
311 5 6 1024 6 6 0.6
312 4 0 1024 0 0 0.0
312 1 10 1024 10 10 1.0
312 3 8 1024 8 8 0.8
313 2 7 1024 7 7 0.7
313 5 6 1024 6 6 0.6
313 7 3 1024 3 3 0.3
314 5 5 1024 5 5 0.5
314 3 8 1024 8 8 0.8
315 6 4 1024 4 4 0.4
315 4 7 1024 7 7 0.7
316 6 0 1024 0 0 0.0
316 5 8 1024 8 8 0.8
316 4 9 1024 9 9 0.9
317 7 5 1024 5 5 0.5
317 3 7 1024 7 7 0.7
318 3 10 1024 10 10 1.0
318 7 3 1024 3 3 0.3
318 5 9 1024 9 9 0.9
318 6 5 1024 5 5 0.5
319 4 6 1024 6 6 0.6
319 3 10 1024 10 10 1.0
319 6 5 1024 5 5 0.5
320 3 8 1024 8 8 0.8
320 5 5 1024 5 5 0.5
320 4 7 1024 7 7 0.7
321 3 5 1024 5 5 0.5
321 4 4 1024 4 4 0.4
322 8 5 1024 5 5 0.5
322 3 8 1024 8 8 0.8
323 5 7 1024 7 7 0.7
323 3 8 1024 8 8 0.8
324 5 5 1024 5 5 0.5
324 3 6 1024 6 6 0.6
325 6 5 1024 5 5 0.5
325 3 6 1024 6 6 0.6
326 4 5 1024 5 5 0.5
326 6 4 1024 4 4 0.4
326 2 10 1024 10 10 1.0
327 4 8 1024 8 8 0.8
327 3 10 1024 10 10 1.0
327 5 6 1024 6 6 0.6
327 8 4 1024 4 4 0.4
328 4 5 1024 5 5 0.5
328 2 9 1024 9 9 0.9
329 4 4 1024 4 4 0.4
330 5 0 1024 0 0 0.0
330 2 8 1024 8 8 0.8
331 2 6 1024 6 6 0.6
331 6 5 1024 5 5 0.5
332 2 8 1024 8 8 0.8
332 7 6 1024 6 6 0.6
332 6 7 1024 7 7 0.7
333 6 5 1024 5 5 0.5
333 4 8 1024 8 8 0.8
333 5 6 1024 6 6 0.6
333 1 9 1024 9 9 0.9
334 3 5 1024 5 5 0.5
335 5 5 1024 5 5 0.5
335 3 8 1024 8 8 0.8
335 4 7 1024 7 7 0.7
335 2 10 1024 10 10 1.0
336 4 6 1024 6 6 0.6
336 5 2 1024 2 2 0.2
336 3 10 1024 10 10 1.0
337 5 5 1024 5 5 0.5
337 6 2 1024 2 2 0.2
338 6 6 1024 6 6 0.6
338 4 8 1024 8 8 0.8
338 3 10 1024 10 10 1.0
339 7 4 1024 4 4 0.4
339 5 9 1024 9 9 0.9
339 6 8 1024 8 8 0.8
339 2 10 1024 10 10 1.0
340 2 10 1024 10 10 1.0
340 5 4 1024 4 4 0.4
340 4 8 1024 8 8 0.8
341 0 10 1024 10 10 1.0
341 6 6 1024 6 6 0.6
341 7 5 1024 5 5 0.5
341 5 9 1024 9 9 0.9
342 3 10 1024 10 10 1.0
342 5 5 1024 5 5 0.5
343 5 4 1024 4 4 0.4
343 4 8 1024 8 8 0.8
343 3 10 1024 10 10 1.0
344 5 6 1024 6 6 0.6
344 7 4 1024 4 4 0.4
344 4 7 1024 7 7 0.7
345 6 3 1024 3 3 0.3
345 5 4 1024 4 4 0.4
345 3 6 1024 6 6 0.6
345 1 10 1024 10 10 1.0
346 2 10 1024 10 10 1.0
346 6 0 1024 0 0 0.0
346 4 6 1024 6 6 0.6
346 5 4 1024 4 4 0.4
347 3 10 1024 10 10 1.0
347 4 4 1024 4 4 0.4
348 5 5 1024 5 5 0.5
348 3 8 1024 8 8 0.8
349 3 8 1024 8 8 0.8
349 4 5 1024 5 5 0.5
350 2 10 1024 10 10 1.0
350 7 2 1024 2 2 0.2
350 3 6 1024 6 6 0.6
351 5 6 1024 6 6 0.6
351 4 8 1024 8 8 0.8
351 6 4 1024 4 4 0.4
352 7 0 1024 0 0 0.0
352 4 5 1024 5 5 0.5
352 3 8 1024 8 8 0.8
353 4 8 1024 8 8 0.8
353 5 5 1024 5 5 0.5
353 1 10 1024 10 10 1.0
354 3 7 1024 7 7 0.7
354 6 6 1024 6 6 0.6
354 8 3 1024 3 3 0.3
355 3 4 1024 4 4 0.4
356 2 10 1024 10 10 1.0
356 4 0 1024 0 0 0.0
357 3 8 1024 8 8 0.8
357 5 4 1024 4 4 0.4
358 4 8 1024 8 8 0.8
358 3 9 1024 9 9 0.9
358 6 4 1024 4 4 0.4
359 5 2 1024 2 2 0.2
359 4 9 1024 9 9 0.9
360 3 10 1024 10 10 1.0
360 4 5 1024 5 5 0.5
361 3 6 1024 6 6 0.6
361 5 5 1024 5 5 0.5
362 3 4 1024 4 4 0.4
362 2 10 1024 10 10 1.0
363 3 5 1024 5 5 0.5
364 4 4 1024 4 4 0.4
364 2 10 1024 10 10 1.0
365 3 8 1024 8 8 0.8
365 5 6 1024 6 6 0.6
365 7 4 1024 4 4 0.4
366 2 9 1024 9 9 0.9
366 3 4 1024 4 4 0.4
366 6 3 1024 3 3 0.3
367 5 7 1024 7 7 0.7
367 4 8 1024 8 8 0.8
367 6 5 1024 5 5 0.5
368 4 8 1024 8 8 0.8
368 2 10 1024 10 10 1.0
368 8 3 1024 3 3 0.3
368 6 5 1024 5 5 0.5
369 5 4 1024 4 4 0.4
369 3 9 1024 9 9 0.9
369 4 7 1024 7 7 0.7
370 5 6 1024 6 6 0.6
370 3 9 1024 9 9 0.9
370 4 8 1024 8 8 0.8
371 5 3 1024 3 3 0.3
371 4 8 1024 8 8 0.8
372 4 7 1024 7 7 0.7
372 5 5 1024 5 5 0.5
373 4 8 1024 8 8 0.8
373 5 6 1024 6 6 0.6
373 6 4 1024 4 4 0.4
374 2 7 1024 7 7 0.7
374 4 5 1024 5 5 0.5
375 6 2 1024 2 2 0.2
375 3 5 1024 5 5 0.5
376 2 7 1024 7 7 0.7
376 3 0 1024 0 0 0.0
377 3 5 1024 5 5 0.5
378 6 4 1024 4 4 0.4
378 2 6 1024 6 6 0.6
379 6 5 1024 5 5 0.5
379 3 6 1024 6 6 0.6
380 8 3 1024 3 3 0.3
380 4 6 1024 6 6 0.6
381 5 5 1024 5 5 0.5
381 9 2 1024 2 2 0.2
381 2 9 1024 9 9 0.9
382 3 6 1024 6 6 0.6
382 6 4 1024 4 4 0.4
382 4 5 1024 5 5 0.5
383 2 9 1024 9 9 0.9
383 6 5 1024 5 5 0.5
383 4 8 1024 8 8 0.8
384 3 6 1024 6 6 0.6
384 7 4 1024 4 4 0.4
384 4 5 1024 5 5 0.5
385 2 10 1024 10 10 1.0
385 5 6 1024 6 6 0.6
385 3 9 1024 9 9 0.9
386 2 10 1024 10 10 1.0
386 4 5 1024 5 5 0.5
387 6 6 1024 6 6 0.6
387 9 4 1024 4 4 0.4
387 3 7 1024 7 7 0.7
388 6 5 1024 5 5 0.5
388 3 8 1024 8 8 0.8
389 1 10 1024 10 10 1.0
389 4 5 1024 5 5 0.5
390 8 4 1024 4 4 0.4
390 3 5 1024 5 5 0.5
391 4 5 1024 5 5 0.5
391 2 8 1024 8 8 0.8
392 3 6 1024 6 6 0.6
393 7 0 1024 0 0 0.0
393 3 5 1024 5 5 0.5
394 5 0 1024 0 0 0.0
394 4 5 1024 5 5 0.5
394 3 6 1024 6 6 0.6
395 4 8 1024 8 8 0.8
395 6 2 1024 2 2 0.2
396 4 5 1024 5 5 0.5
397 5 5 1024 5 5 0.5
397 4 7 1024 7 7 0.7
398 4 6 1024 6 6 0.6
399 7 4 1024 4 4 0.4
399 4 5 1024 5 5 0.5
399 2 8 1024 8 8 0.8
400 2 5 1024 5 5 0.5
401 3 8 1024 8 8 0.8
401 6 4 1024 4 4 0.4
402 3 6 1024 6 6 0.6
402 2 9 1024 9 9 0.9
402 6 2 1024 2 2 0.2
403 2 8 1024 8 8 0.8
403 7 4 1024 4 4 0.4
403 3 7 1024 7 7 0.7
404 2 7 1024 7 7 0.7
404 6 5 1024 5 5 0.5
405 4 5 1024 5 5 0.5
406 3 6 1024 6 6 0.6
406 2 10 1024 10 10 1.0
407 3 7 1024 7 7 0.7
407 6 6 1024 6 6 0.6
408 4 7 1024 7 7 0.7
408 5 6 1024 6 6 0.6
408 6 0 1024 0 0 0.0
409 3 7 1024 7 7 0.7
409 2 10 1024 10 10 1.0
410 3 8 1024 8 8 0.8
410 4 6 1024 6 6 0.6
411 1 10 1024 10 10 1.0
411 8 3 1024 3 3 0.3
411 5 5 1024 5 5 0.5
411 2 9 1024 9 9 0.9
412 7 5 1024 5 5 0.5
412 8 3 1024 3 3 0.3
412 5 8 1024 8 8 0.8
412 4 10 1024 10 10 1.0
413 7 0 1024 0 0 0.0
413 2 8 1024 8 8 0.8
413 6 5 1024 5 5 0.5
413 3 7 1024 7 7 0.7
414 5 5 1024 5 5 0.5
414 8 4 1024 4 4 0.4
414 4 8 1024 8 8 0.8
415 3 6 1024 6 6 0.6
415 8 5 1024 5 5 0.5
415 2 10 1024 10 10 1.0
416 2 10 1024 10 10 1.0
416 4 5 1024 5 5 0.5
416 6 4 1024 4 4 0.4
417 4 8 1024 8 8 0.8
417 5 3 1024 3 3 0.3
418 3 6 1024 6 6 0.6
419 2 10 1024 10 10 1.0
419 3 5 1024 5 5 0.5
420 4 6 1024 6 6 0.6
420 5 5 1024 5 5 0.5
420 8 4 1024 4 4 0.4
421 4 7 1024 7 7 0.7
421 5 5 1024 5 5 0.5
422 5 4 1024 4 4 0.4
422 3 7 1024 7 7 0.7
423 3 8 1024 8 8 0.8
423 5 5 1024 5 5 0.5
424 5 7 1024 7 7 0.7
424 4 8 1024 8 8 0.8
424 8 6 1024 6 6 0.6
425 7 2 1024 2 2 0.2
425 6 5 1024 5 5 0.5
425 2 10 1024 10 10 1.0
425 5 7 1024 7 7 0.7
426 3 10 1024 10 10 1.0
426 4 4 1024 4 4 0.4
427 2 10 1024 10 10 1.0
427 3 7 1024 7 7 0.7
427 6 6 1024 6 6 0.6
428 6 7 1024 7 7 0.7
428 4 8 1024 8 8 0.8
428 7 5 1024 5 5 0.5
429 4 7 1024 7 7 0.7
429 8 5 1024 5 5 0.5
430 6 0 1024 0 0 0.0
430 3 8 1024 8 8 0.8
430 5 6 1024 6 6 0.6
431 4 8 1024 8 8 0.8
431 5 1 1024 1 1 0.1
432 6 5 1024 5 5 0.5
432 3 10 1024 10 10 1.0
432 5 7 1024 7 7 0.7
433 2 10 1024 10 10 1.0
433 5 4 1024 4 4 0.4
434 5 7 1024 7 7 0.7
434 3 8 1024 8 8 0.8
434 6 6 1024 6 6 0.6
434 7 5 1024 5 5 0.5
435 3 2 1024 2 2 0.2
436 7 4 1024 4 4 0.4
436 2 8 1024 8 8 0.8
436 3 5 1024 5 5 0.5
436 1 10 1024 10 10 1.0
437 5 0 1024 0 0 0.0
437 3 7 1024 7 7 0.7
437 4 5 1024 5 5 0.5
438 5 5 1024 5 5 0.5
438 2 9 1024 9 9 0.9
438 3 7 1024 7 7 0.7
438 4 6 1024 6 6 0.6
438 6 4 1024 4 4 0.4
439 7 0 1024 0 0 0.0
439 2 9 1024 9 9 0.9
439 6 3 1024 3 3 0.3
439 4 4 1024 4 4 0.4
440 2 10 1024 10 10 1.0
440 6 5 1024 5 5 0.5
440 3 8 1024 8 8 0.8
441 2 10 1024 10 10 1.0
441 4 5 1024 5 5 0.5
442 5 6 1024 6 6 0.6
442 1 10 1024 10 10 1.0
442 4 7 1024 7 7 0.7
443 4 8 1024 8 8 0.8
443 7 5 1024 5 5 0.5
443 3 9 1024 9 9 0.9
443 6 6 1024 6 6 0.6
444 3 10 1024 10 10 1.0
444 5 0 1024 0 0 0.0
444 4 8 1024 8 8 0.8
445 6 6 1024 6 6 0.6
445 8 5 1024 5 5 0.5
445 4 8 1024 8 8 0.8
445 3 10 1024 10 10 1.0
446 4 6 1024 6 6 0.6
446 3 7 1024 7 7 0.7
447 5 6 1024 6 6 0.6
447 9 5 1024 5 5 0.5
447 3 10 1024 10 10 1.0
447 4 8 1024 8 8 0.8
448 5 7 1024 7 7 0.7
448 4 8 1024 8 8 0.8
448 3 9 1024 9 9 0.9
448 6 3 1024 3 3 0.3
449 4 6 1024 6 6 0.6
450 2 5 1024 5 5 0.5
451 5 7 1024 7 7 0.7
451 3 9 1024 9 9 0.9
451 6 5 1024 5 5 0.5
451 1 10 1024 10 10 1.0
452 3 7 1024 7 7 0.7
452 5 3 1024 3 3 0.3
452 2 10 1024 10 10 1.0
453 4 5 1024 5 5 0.5
453 1 10 1024 10 10 1.0
453 2 8 1024 8 8 0.8
454 2 10 1024 10 10 1.0
454 3 4 1024 4 4 0.4
454 8 3 1024 3 3 0.3
455 3 5 1024 5 5 0.5
456 5 5 1024 5 5 0.5
456 2 8 1024 8 8 0.8
457 3 7 1024 7 7 0.7
457 2 9 1024 9 9 0.9
457 4 5 1024 5 5 0.5
458 3 10 1024 10 10 1.0
458 7 3 1024 3 3 0.3
458 6 6 1024 6 6 0.6
459 2 8 1024 8 8 0.8
459 6 5 1024 5 5 0.5
460 3 10 1024 10 10 1.0
460 5 7 1024 7 7 0.7
461 1 10 1024 10 10 1.0
461 5 4 1024 4 4 0.4
461 4 9 1024 9 9 0.9
462 3 10 1024 10 10 1.0
462 4 9 1024 9 9 0.9
462 7 5 1024 5 5 0.5
462 5 6 1024 6 6 0.6
463 7 4 1024 4 4 0.4
463 3 5 1024 5 5 0.5
464 4 3 1024 3 3 0.3
465 2 10 1024 10 10 1.0
465 6 0 1024 0 0 0.0
465 5 4 1024 4 4 0.4
466 1 8 1024 8 8 0.8
466 3 5 1024 5 5 0.5
467 4 5 1024 5 5 0.5
467 7 4 1024 4 4 0.4
468 5 0 1024 0 0 0.0
468 3 10 1024 10 10 1.0
469 3 6 1024 6 6 0.6
470 4 6 1024 6 6 0.6
470 3 7 1024 7 7 0.7
471 5 5 1024 5 5 0.5
471 3 8 1024 8 8 0.8
472 7 7 1024 7 7 0.7
472 3 8 1024 8 8 0.8
473 6 5 1024 5 5 0.5
473 5 6 1024 6 6 0.6
473 3 9 1024 9 9 0.9
474 3 4 1024 4 4 0.4
474 2 10 1024 10 10 1.0
475 3 8 1024 8 8 0.8
475 5 6 1024 6 6 0.6
476 5 3 1024 3 3 0.3
476 3 8 1024 8 8 0.8
477 4 5 1024 5 5 0.5
477 3 7 1024 7 7 0.7
477 5 4 1024 4 4 0.4
478 4 6 1024 6 6 0.6
478 6 4 1024 4 4 0.4
479 4 3 1024 3 3 0.3
479 3 5 1024 5 5 0.5
480 5 5 1024 5 5 0.5
480 2 8 1024 8 8 0.8
480 7 3 1024 3 3 0.3
481 6 2 1024 2 2 0.2
481 5 6 1024 6 6 0.6
481 2 9 1024 9 9 0.9
482 3 9 1024 9 9 0.9
482 6 2 1024 2 2 0.2
482 4 8 1024 8 8 0.8
483 4 8 1024 8 8 0.8
483 7 3 1024 3 3 0.3
483 3 10 1024 10 10 1.0
483 6 7 1024 7 7 0.7
484 5 0 1024 0 0 0.0
484 2 8 1024 8 8 0.8
485 2 10 1024 10 10 1.0
485 4 5 1024 5 5 0.5
486 3 7 1024 7 7 0.7
486 9 0 1024 0 0 0.0
486 5 5 1024 5 5 0.5
487 5 0 1024 0 0 0.0
487 4 5 1024 5 5 0.5
488 2 2 1024 2 2 0.2
489 3 5 1024 5 5 0.5
490 5 5 1024 5 5 0.5
490 1 9 1024 9 9 0.9
490 4 6 1024 6 6 0.6
491 7 5 1024 5 5 0.5
491 1 9 1024 9 9 0.9
491 3 7 1024 7 7 0.7
492 5 4 1024 4 4 0.4
492 4 6 1024 6 6 0.6
492 3 10 1024 10 10 1.0
493 3 10 1024 10 10 1.0
493 6 5 1024 5 5 0.5
493 4 8 1024 8 8 0.8
494 4 6 1024 6 6 0.6
495 3 8 1024 8 8 0.8
495 5 6 1024 6 6 0.6
496 2 10 1024 10 10 1.0
496 3 9 1024 9 9 0.9
496 6 0 1024 0 0 0.0
496 4 6 1024 6 6 0.6
497 5 6 1024 6 6 0.6
497 4 7 1024 7 7 0.7
497 6 5 1024 5 5 0.5
498 2 8 1024 8 8 0.8
498 5 5 1024 5 5 0.5
499 5 4 1024 4 4 0.4
499 3 7 1024 7 7 0.7
500 4 4 1024 4 4 0.4
500 3 7 1024 7 7 0.7
501 4 8 1024 8 8 0.8
501 6 6 1024 6 6 0.6
501 7 1 1024 1 1 0.1
502 2 6 1024 6 6 0.6
502 3 5 1024 5 5 0.5
503 3 10 1024 10 10 1.0
503 5 5 1024 5 5 0.5
503 4 6 1024 6 6 0.6
504 2 10 1024 10 10 1.0
504 8 3 1024 3 3 0.3
504 5 5 1024 5 5 0.5
505 3 6 1024 6 6 0.6
505 7 5 1024 5 5 0.5
506 4 6 1024 6 6 0.6
506 5 5 1024 5 5 0.5
506 2 10 1024 10 10 1.0
507 4 5 1024 5 5 0.5
508 2 10 1024 10 10 1.0
508 4 6 1024 6 6 0.6
508 6 2 1024 2 2 0.2
508 3 8 1024 8 8 0.8
509 6 3 1024 3 3 0.3
509 3 5 1024 5 5 0.5
510 3 8 1024 8 8 0.8
510 7 3 1024 3 3 0.3
510 2 10 1024 10 10 1.0
511 4 8 1024 8 8 0.8
511 5 6 1024 6 6 0.6
511 2 9 1024 9 9 0.9
512 3 9 1024 9 9 0.9
512 4 8 1024 8 8 0.8
512 6 5 1024 5 5 0.5
512 5 7 1024 7 7 0.7
513 3 10 1024 10 10 1.0
513 4 2 1024 2 2 0.2
514 8 5 1024 5 5 0.5
514 6 6 1024 6 6 0.6
514 3 7 1024 7 7 0.7
514 2 8 1024 8 8 0.8
515 4 7 1024 7 7 0.7
515 1 10 1024 10 10 1.0
515 6 6 1024 6 6 0.6
516 4 7 1024 7 7 0.7
516 2 8 1024 8 8 0.8
516 6 6 1024 6 6 0.6
517 5 7 1024 7 7 0.7
517 3 10 1024 10 10 1.0
518 6 3 1024 3 3 0.3
518 2 8 1024 8 8 0.8
519 6 4 1024 4 4 0.4
519 1 7 1024 7 7 0.7
520 3 4 1024 4 4 0.4
520 6 3 1024 3 3 0.3
521 6 6 1024 6 6 0.6
521 2 8 1024 8 8 0.8
522 4 4 1024 4 4 0.4
522 5 1 1024 1 1 0.1
523 5 3 1024 3 3 0.3
523 1 10 1024 10 10 1.0
523 4 6 1024 6 6 0.6
524 5 2 1024 2 2 0.2
524 3 8 1024 8 8 0.8
525 8 0 1024 0 0 0.0
525 6 5 1024 5 5 0.5
525 4 7 1024 7 7 0.7
525 3 8 1024 8 8 0.8
526 3 0 1024 0 0 0.0
527 3 7 1024 7 7 0.7
527 2 10 1024 10 10 1.0
527 6 2 1024 2 2 0.2
528 4 10 1024 10 10 1.0
528 6 4 1024 4 4 0.4
528 5 5 1024 5 5 0.5
529 5 5 1024 5 5 0.5
529 4 6 1024 6 6 0.6
529 2 8 1024 8 8 0.8
529 1 10 1024 10 10 1.0
530 5 6 1024 6 6 0.6
530 4 10 1024 10 10 1.0
531 4 9 1024 9 9 0.9
531 5 5 1024 5 5 0.5
532 2 10 1024 10 10 1.0
532 6 0 1024 0 0 0.0
532 5 5 1024 5 5 0.5
532 4 6 1024 6 6 0.6
533 3 4 1024 4 4 0.4
534 3 10 1024 10 10 1.0
534 5 0 1024 0 0 0.0
534 4 7 1024 7 7 0.7
535 4 5 1024 5 5 0.5
535 1 10 1024 10 10 1.0
535 6 2 1024 2 2 0.2
536 6 2 1024 2 2 0.2
536 5 8 1024 8 8 0.8
536 4 10 1024 10 10 1.0
537 3 0 1024 0 0 0.0
537 1 10 1024 10 10 1.0
538 3 9 1024 9 9 0.9
538 5 5 1024 5 5 0.5
539 3 0 1024 0 0 0.0
539 2 7 1024 7 7 0.7
540 5 7 1024 7 7 0.7
540 2 10 1024 10 10 1.0
540 6 6 1024 6 6 0.6
541 7 5 1024 5 5 0.5
541 6 7 1024 7 7 0.7
541 4 8 1024 8 8 0.8
541 2 10 1024 10 10 1.0
542 4 0 1024 0 0 0.0
542 3 10 1024 10 10 1.0
543 3 10 1024 10 10 1.0
543 5 5 1024 5 5 0.5
543 6 3 1024 3 3 0.3
544 3 8 1024 8 8 0.8
544 5 5 1024 5 5 0.5
545 4 6 1024 6 6 0.6
546 4 5 1024 5 5 0.5
546 7 2 1024 2 2 0.2
546 1 10 1024 10 10 1.0
547 2 8 1024 8 8 0.8
547 6 2 1024 2 2 0.2
548 3 6 1024 6 6 0.6
548 6 5 1024 5 5 0.5
549 1 8 1024 8 8 0.8
549 3 6 1024 6 6 0.6
550 3 10 1024 10 10 1.0
550 5 8 1024 8 8 0.8
551 2 10 1024 10 10 1.0
551 5 6 1024 6 6 0.6
552 3 0 1024 0 0 0.0
552 2 10 1024 10 10 1.0
553 4 6 1024 6 6 0.6
553 3 7 1024 7 7 0.7
553 5 0 1024 0 0 0.0
554 4 6 1024 6 6 0.6
554 5 0 1024 0 0 0.0
555 4 7 1024 7 7 0.7
556 4 8 1024 8 8 0.8
556 6 4 1024 4 4 0.4
556 5 5 1024 5 5 0.5
557 6 5 1024 5 5 0.5
557 2 10 1024 10 10 1.0
557 3 9 1024 9 9 0.9
557 5 6 1024 6 6 0.6
558 6 5 1024 5 5 0.5
558 3 6 1024 6 6 0.6
559 3 10 1024 10 10 1.0
559 4 7 1024 7 7 0.7
559 6 5 1024 5 5 0.5
560 2 9 1024 9 9 0.9
560 4 7 1024 7 7 0.7
560 1 10 1024 10 10 1.0
560 6 5 1024 5 5 0.5
560 5 6 1024 6 6 0.6
560 3 8 1024 8 8 0.8
561 2 8 1024 8 8 0.8
561 3 5 1024 5 5 0.5
562 7 0 1024 0 0 0.0
562 3 8 1024 8 8 0.8
562 4 6 1024 6 6 0.6
563 5 5 1024 5 5 0.5
563 4 7 1024 7 7 0.7
563 2 10 1024 10 10 1.0
563 7 4 1024 4 4 0.4
563 9 0 1024 0 0 0.0
564 4 8 1024 8 8 0.8
564 5 4 1024 4 4 0.4
565 3 10 1024 10 10 1.0
565 4 5 1024 5 5 0.5
565 5 3 1024 3 3 0.3
566 5 2 1024 2 2 0.2
566 3 8 1024 8 8 0.8
566 2 10 1024 10 10 1.0
567 1 10 1024 10 10 1.0
567 6 6 1024 6 6 0.6
567 5 8 1024 8 8 0.8
568 4 2 1024 2 2 0.2
568 2 10 1024 10 10 1.0
568 3 5 1024 5 5 0.5
569 1 10 1024 10 10 1.0
569 3 6 1024 6 6 0.6
569 7 3 1024 3 3 0.3
570 1 10 1024 10 10 1.0
570 4 5 1024 5 5 0.5
571 5 0 1024 0 0 0.0
571 4 8 1024 8 8 0.8
571 2 10 1024 10 10 1.0
572 6 7 1024 7 7 0.7
572 3 8 1024 8 8 0.8
573 6 5 1024 5 5 0.5
573 2 10 1024 10 10 1.0
573 3 7 1024 7 7 0.7
574 1 10 1024 10 10 1.0
574 3 9 1024 9 9 0.9
574 4 3 1024 3 3 0.3
575 5 5 1024 5 5 0.5
575 4 8 1024 8 8 0.8
576 5 7 1024 7 7 0.7
576 3 8 1024 8 8 0.8
577 6 6 1024 6 6 0.6
577 3 10 1024 10 10 1.0
577 4 8 1024 8 8 0.8
578 2 10 1024 10 10 1.0
578 4 4 1024 4 4 0.4
579 8 0 1024 0 0 0.0
579 5 4 1024 4 4 0.4
579 4 6 1024 6 6 0.6
579 3 10 1024 10 10 1.0
580 3 8 1024 8 8 0.8
580 5 7 1024 7 7 0.7
581 4 6 1024 6 6 0.6
581 7 4 1024 4 4 0.4
581 3 10 1024 10 10 1.0
582 4 4 1024 4 4 0.4
582 3 6 1024 6 6 0.6
582 5 0 1024 0 0 0.0
583 3 8 1024 8 8 0.8
583 8 4 1024 4 4 0.4
583 5 7 1024 7 7 0.7
584 4 8 1024 8 8 0.8
584 3 10 1024 10 10 1.0
584 5 0 1024 0 0 0.0
585 4 4 1024 4 4 0.4
585 3 8 1024 8 8 0.8
585 2 10 1024 10 10 1.0
586 7 5 1024 5 5 0.5
586 3 6 1024 6 6 0.6
587 4 0 1024 0 0 0.0
587 3 9 1024 9 9 0.9
588 3 4 1024 4 4 0.4
589 5 5 1024 5 5 0.5
589 3 6 1024 6 6 0.6
590 4 8 1024 8 8 0.8
590 5 4 1024 4 4 0.4
591 5 5 1024 5 5 0.5
591 2 9 1024 9 9 0.9
592 3 8 1024 8 8 0.8
592 6 5 1024 5 5 0.5
593 4 9 1024 9 9 0.9
593 5 5 1024 5 5 0.5
594 2 10 1024 10 10 1.0
594 4 7 1024 7 7 0.7
595 3 6 1024 6 6 0.6
596 2 7 1024 7 7 0.7
596 4 0 1024 0 0 0.0
597 4 5 1024 5 5 0.5
598 4 4 1024 4 4 0.4
598 3 8 1024 8 8 0.8
599 3 8 1024 8 8 0.8
599 2 10 1024 10 10 1.0
599 5 6 1024 6 6 0.6
600 3 8 1024 8 8 0.8
600 6 5 1024 5 5 0.5
601 4 6 1024 6 6 0.6
601 8 5 1024 5 5 0.5
601 3 7 1024 7 7 0.7
602 3 6 1024 6 6 0.6
602 5 5 1024 5 5 0.5
602 2 10 1024 10 10 1.0
603 5 5 1024 5 5 0.5
603 3 6 1024 6 6 0.6
603 2 10 1024 10 10 1.0
604 6 2 1024 2 2 0.2
604 5 7 1024 7 7 0.7
604 3 8 1024 8 8 0.8
604 2 10 1024 10 10 1.0
605 6 5 1024 5 5 0.5
605 4 6 1024 6 6 0.6
605 2 9 1024 9 9 0.9
606 3 8 1024 8 8 0.8
606 4 3 1024 3 3 0.3
607 3 7 1024 7 7 0.7
607 5 5 1024 5 5 0.5
608 5 8 1024 8 8 0.8
608 4 10 1024 10 10 1.0
608 6 5 1024 5 5 0.5
608 7 0 1024 0 0 0.0
609 2 10 1024 10 10 1.0
609 5 4 1024 4 4 0.4
609 4 7 1024 7 7 0.7
610 3 6 1024 6 6 0.6
610 5 5 1024 5 5 0.5
610 2 10 1024 10 10 1.0
611 3 0 1024 0 0 0.0
612 5 5 1024 5 5 0.5
612 8 0 1024 0 0 0.0
612 4 7 1024 7 7 0.7
613 2 4 1024 4 4 0.4
614 3 8 1024 8 8 0.8
614 5 7 1024 7 7 0.7
614 6 3 1024 3 3 0.3
615 2 5 1024 5 5 0.5
616 1 8 1024 8 8 0.8
616 6 6 1024 6 6 0.6
617 5 5 1024 5 5 0.5
617 4 7 1024 7 7 0.7
617 3 9 1024 9 9 0.9
618 4 8 1024 8 8 0.8
618 6 7 1024 7 7 0.7
618 3 9 1024 9 9 0.9
619 1 10 1024 10 10 1.0
619 5 5 1024 5 5 0.5
620 4 4 1024 4 4 0.4
620 3 6 1024 6 6 0.6
621 2 9 1024 9 9 0.9
621 8 3 1024 3 3 0.3
621 4 5 1024 5 5 0.5
622 2 8 1024 8 8 0.8
622 3 6 1024 6 6 0.6
623 3 8 1024 8 8 0.8
623 4 7 1024 7 7 0.7
624 6 2 1024 2 2 0.2
624 2 5 1024 5 5 0.5
625 7 3 1024 3 3 0.3
625 3 10 1024 10 10 1.0
625 4 6 1024 6 6 0.6
626 6 5 1024 5 5 0.5
626 5 9 1024 9 9 0.9
626 3 10 1024 10 10 1.0
627 7 0 1024 0 0 0.0
627 4 6 1024 6 6 0.6
627 2 8 1024 8 8 0.8
628 3 5 1024 5 5 0.5
629 4 8 1024 8 8 0.8
629 5 7 1024 7 7 0.7
629 6 6 1024 6 6 0.6
630 4 5 1024 5 5 0.5
630 7 4 1024 4 4 0.4
630 3 8 1024 8 8 0.8
631 4 4 1024 4 4 0.4
631 2 8 1024 8 8 0.8
632 5 7 1024 7 7 0.7
632 3 8 1024 8 8 0.8
632 7 4 1024 4 4 0.4
632 1 10 1024 10 10 1.0
633 3 8 1024 8 8 0.8
633 4 7 1024 7 7 0.7
633 2 9 1024 9 9 0.9
633 6 6 1024 6 6 0.6
634 5 5 1024 5 5 0.5
634 4 9 1024 9 9 0.9
635 2 6 1024 6 6 0.6
635 5 3 1024 3 3 0.3
636 4 8 1024 8 8 0.8
636 6 0 1024 0 0 0.0
636 3 10 1024 10 10 1.0
637 7 5 1024 5 5 0.5
637 8 1 1024 1 1 0.1
637 3 6 1024 6 6 0.6
638 3 5 1024 5 5 0.5
638 6 4 1024 4 4 0.4
639 3 4 1024 4 4 0.4
640 7 4 1024 4 4 0.4
640 3 8 1024 8 8 0.8
640 4 5 1024 5 5 0.5
641 6 5 1024 5 5 0.5
641 3 10 1024 10 10 1.0
641 5 7 1024 7 7 0.7
642 4 7 1024 7 7 0.7
642 6 5 1024 5 5 0.5
642 3 9 1024 9 9 0.9
643 2 10 1024 10 10 1.0
643 5 5 1024 5 5 0.5
644 2 10 1024 10 10 1.0
644 4 7 1024 7 7 0.7
645 5 7 1024 7 7 0.7
645 3 8 1024 8 8 0.8
645 2 10 1024 10 10 1.0
646 5 6 1024 6 6 0.6
646 6 3 1024 3 3 0.3
646 3 8 1024 8 8 0.8
647 3 4 1024 4 4 0.4
647 2 10 1024 10 10 1.0
648 4 5 1024 5 5 0.5
648 2 6 1024 6 6 0.6
648 5 4 1024 4 4 0.4
649 3 8 1024 8 8 0.8
649 5 6 1024 6 6 0.6
650 3 8 1024 8 8 0.8
650 6 6 1024 6 6 0.6
650 5 7 1024 7 7 0.7
651 5 6 1024 6 6 0.6
651 4 8 1024 8 8 0.8
651 7 0 1024 0 0 0.0
652 1 10 1024 10 10 1.0
652 4 6 1024 6 6 0.6
653 2 10 1024 10 10 1.0
653 7 4 1024 4 4 0.4
653 4 7 1024 7 7 0.7
654 6 4 1024 4 4 0.4
654 5 5 1024 5 5 0.5
654 3 6 1024 6 6 0.6
655 5 8 1024 8 8 0.8
655 4 9 1024 9 9 0.9
656 3 8 1024 8 8 0.8
656 4 5 1024 5 5 0.5
657 3 6 1024 6 6 0.6
657 5 5 1024 5 5 0.5
657 2 9 1024 9 9 0.9
658 3 0 1024 0 0 0.0
659 5 7 1024 7 7 0.7
659 6 0 1024 0 0 0.0
660 2 5 1024 5 5 0.5
660 7 2 1024 2 2 0.2
661 2 10 1024 10 10 1.0
661 8 5 1024 5 5 0.5
661 4 7 1024 7 7 0.7
661 6 6 1024 6 6 0.6
662 4 3 1024 3 3 0.3
663 4 5 1024 5 5 0.5
664 4 5 1024 5 5 0.5
664 3 9 1024 9 9 0.9
665 5 5 1024 5 5 0.5
665 3 8 1024 8 8 0.8
666 6 6 1024 6 6 0.6
666 1 10 1024 10 10 1.0
666 2 9 1024 9 9 0.9
666 3 7 1024 7 7 0.7
667 7 0 1024 0 0 0.0
667 2 2 1024 2 2 0.2
668 2 0 1024 0 0 0.0
669 7 2 1024 2 2 0.2
669 1 8 1024 8 8 0.8
669 5 7 1024 7 7 0.7
670 4 6 1024 6 6 0.6
670 1 10 1024 10 10 1.0
670 6 5 1024 5 5 0.5
671 4 4 1024 4 4 0.4
672 1 8 1024 8 8 0.8
672 4 6 1024 6 6 0.6
673 3 5 1024 5 5 0.5
673 2 6 1024 6 6 0.6
674 3 5 1024 5 5 0.5
674 4 4 1024 4 4 0.4
674 2 10 1024 10 10 1.0
675 5 5 1024 5 5 0.5
675 4 10 1024 10 10 1.0
676 3 7 1024 7 7 0.7
676 2 10 1024 10 10 1.0
676 7 4 1024 4 4 0.4
677 2 10 1024 10 10 1.0
677 7 2 1024 2 2 0.2
677 4 6 1024 6 6 0.6
677 3 8 1024 8 8 0.8
678 5 6 1024 6 6 0.6
678 2 10 1024 10 10 1.0
678 3 8 1024 8 8 0.8
678 7 5 1024 5 5 0.5
679 3 8 1024 8 8 0.8
679 2 10 1024 10 10 1.0
679 6 6 1024 6 6 0.6
680 5 5 1024 5 5 0.5
680 4 8 1024 8 8 0.8
680 7 0 1024 0 0 0.0
681 4 6 1024 6 6 0.6
681 7 5 1024 5 5 0.5
682 3 7 1024 7 7 0.7
682 6 4 1024 4 4 0.4
683 3 8 1024 8 8 0.8
683 5 6 1024 6 6 0.6
684 4 8 1024 8 8 0.8
684 3 10 1024 10 10 1.0
684 5 1 1024 1 1 0.1
685 4 4 1024 4 4 0.4
685 2 9 1024 9 9 0.9
686 3 2 1024 2 2 0.2
687 4 4 1024 4 4 0.4
687 1 6 1024 6 6 0.6
688 4 9 1024 9 9 0.9
688 5 6 1024 6 6 0.6
689 4 6 1024 6 6 0.6
689 5 5 1024 5 5 0.5
690 3 6 1024 6 6 0.6
690 2 10 1024 10 10 1.0
691 4 6 1024 6 6 0.6
691 2 7 1024 7 7 0.7
692 8 6 1024 6 6 0.6
692 2 8 1024 8 8 0.8
692 1 10 1024 10 10 1.0
693 3 8 1024 8 8 0.8
693 5 6 1024 6 6 0.6
694 7 4 1024 4 4 0.4
694 3 10 1024 10 10 1.0
694 4 5 1024 5 5 0.5
695 5 5 1024 5 5 0.5
695 3 8 1024 8 8 0.8
695 4 6 1024 6 6 0.6
696 4 0 1024 0 0 0.0
696 3 9 1024 9 9 0.9
697 6 5 1024 5 5 0.5
697 4 7 1024 7 7 0.7
697 3 8 1024 8 8 0.8
698 4 7 1024 7 7 0.7
698 5 4 1024 4 4 0.4
698 3 10 1024 10 10 1.0
698 6 0 1024 0 0 0.0
699 4 4 1024 4 4 0.4
700 4 5 1024 5 5 0.5
700 3 10 1024 10 10 1.0
701 3 8 1024 8 8 0.8
701 5 3 1024 3 3 0.3
702 6 6 1024 6 6 0.6
702 3 8 1024 8 8 0.8
702 5 7 1024 7 7 0.7
702 7 5 1024 5 5 0.5
703 3 5 1024 5 5 0.5
703 4 3 1024 3 3 0.3
703 7 0 1024 0 0 0.0
703 2 8 1024 8 8 0.8
704 2 10 1024 10 10 1.0
704 6 4 1024 4 4 0.4
704 4 7 1024 7 7 0.7
704 3 9 1024 9 9 0.9
705 5 6 1024 6 6 0.6
705 4 7 1024 7 7 0.7
705 3 8 1024 8 8 0.8
706 3 8 1024 8 8 0.8
706 5 5 1024 5 5 0.5
707 5 5 1024 5 5 0.5
707 2 10 1024 10 10 1.0
707 4 7 1024 7 7 0.7
708 4 10 1024 10 10 1.0
708 6 1 1024 1 1 0.1
708 5 7 1024 7 7 0.7
709 2 5 1024 5 5 0.5
709 7 4 1024 4 4 0.4
710 3 7 1024 7 7 0.7
710 4 5 1024 5 5 0.5
710 9 3 1024 3 3 0.3
711 3 5 1024 5 5 0.5
712 5 6 1024 6 6 0.6
712 4 7 1024 7 7 0.7
712 3 8 1024 8 8 0.8
713 2 8 1024 8 8 0.8
713 3 4 1024 4 4 0.4
714 4 0 1024 0 0 0.0
714 3 10 1024 10 10 1.0
715 9 4 1024 4 4 0.4
715 4 7 1024 7 7 0.7
715 6 5 1024 5 5 0.5
716 4 6 1024 6 6 0.6
716 3 7 1024 7 7 0.7
717 4 8 1024 8 8 0.8
717 5 5 1024 5 5 0.5
718 6 2 1024 2 2 0.2
718 2 8 1024 8 8 0.8
719 4 3 1024 3 3 0.3
720 2 7 1024 7 7 0.7
721 5 6 1024 6 6 0.6
721 3 7 1024 7 7 0.7
722 3 6 1024 6 6 0.6
722 1 10 1024 10 10 1.0
723 4 7 1024 7 7 0.7
723 5 6 1024 6 6 0.6
724 3 8 1024 8 8 0.8
724 6 4 1024 4 4 0.4
724 8 3 1024 3 3 0.3
725 6 5 1024 5 5 0.5
725 2 10 1024 10 10 1.0
725 5 6 1024 6 6 0.6
725 4 8 1024 8 8 0.8
726 4 5 1024 5 5 0.5
727 7 5 1024 5 5 0.5
727 2 6 1024 6 6 0.6
728 4 9 1024 9 9 0.9
728 6 5 1024 5 5 0.5
728 3 10 1024 10 10 1.0
729 5 7 1024 7 7 0.7
729 4 9 1024 9 9 0.9
730 4 6 1024 6 6 0.6
730 2 10 1024 10 10 1.0
731 6 4 1024 4 4 0.4
731 4 6 1024 6 6 0.6
732 3 10 1024 10 10 1.0
732 6 4 1024 4 4 0.4
732 4 5 1024 5 5 0.5
733 5 2 1024 2 2 0.2
733 2 10 1024 10 10 1.0
733 3 8 1024 8 8 0.8
734 4 7 1024 7 7 0.7
734 5 6 1024 6 6 0.6
734 2 9 1024 9 9 0.9
735 8 2 1024 2 2 0.2
735 6 4 1024 4 4 0.4
735 2 10 1024 10 10 1.0
735 4 5 1024 5 5 0.5
735 7 3 1024 3 3 0.3
736 3 10 1024 10 10 1.0
736 4 8 1024 8 8 0.8
737 3 9 1024 9 9 0.9
737 5 7 1024 7 7 0.7
737 6 6 1024 6 6 0.6
738 3 7 1024 7 7 0.7
738 7 2 1024 2 2 0.2
739 4 7 1024 7 7 0.7
739 1 10 1024 10 10 1.0
739 8 1 1024 1 1 0.1
740 4 8 1024 8 8 0.8
740 5 5 1024 5 5 0.5
740 3 10 1024 10 10 1.0
741 3 5 1024 5 5 0.5
742 5 3 1024 3 3 0.3
742 3 6 1024 6 6 0.6
743 5 3 1024 3 3 0.3
743 3 5 1024 5 5 0.5
744 4 6 1024 6 6 0.6
745 4 5 1024 5 5 0.5
745 2 8 1024 8 8 0.8
746 4 9 1024 9 9 0.9
746 6 0 1024 0 0 0.0
747 5 6 1024 6 6 0.6
747 3 10 1024 10 10 1.0
747 4 8 1024 8 8 0.8
748 5 6 1024 6 6 0.6
748 4 8 1024 8 8 0.8
748 3 10 1024 10 10 1.0
749 6 6 1024 6 6 0.6
749 4 8 1024 8 8 0.8
749 7 4 1024 4 4 0.4
749 2 9 1024 9 9 0.9
750 2 5 1024 5 5 0.5
751 3 6 1024 6 6 0.6
751 4 5 1024 5 5 0.5
752 3 9 1024 9 9 0.9
752 5 2 1024 2 2 0.2
753 4 3 1024 3 3 0.3
754 4 5 1024 5 5 0.5
754 2 10 1024 10 10 1.0
754 3 9 1024 9 9 0.9
755 4 8 1024 8 8 0.8
755 6 5 1024 5 5 0.5
755 5 6 1024 6 6 0.6
756 5 4 1024 4 4 0.4
756 3 5 1024 5 5 0.5
757 4 7 1024 7 7 0.7
757 0 10 1024 10 10 1.0
758 3 8 1024 8 8 0.8
758 6 0 1024 0 0 0.0
758 4 7 1024 7 7 0.7
759 3 9 1024 9 9 0.9
759 4 6 1024 6 6 0.6
759 7 5 1024 5 5 0.5
760 4 5 1024 5 5 0.5
760 2 10 1024 10 10 1.0
761 1 10 1024 10 10 1.0
761 7 4 1024 4 4 0.4
761 2 9 1024 9 9 0.9
761 5 8 1024 8 8 0.8
762 3 8 1024 8 8 0.8
762 5 0 1024 0 0 0.0
763 6 5 1024 5 5 0.5
763 3 6 1024 6 6 0.6
764 2 10 1024 10 10 1.0
764 5 8 1024 8 8 0.8
764 7 4 1024 4 4 0.4
765 5 4 1024 4 4 0.4
765 4 5 1024 5 5 0.5
765 8 0 1024 0 0 0.0
766 2 7 1024 7 7 0.7
766 7 3 1024 3 3 0.3
766 5 4 1024 4 4 0.4
766 1 10 1024 10 10 1.0
766 4 6 1024 6 6 0.6
767 6 4 1024 4 4 0.4
767 8 0 1024 0 0 0.0
767 3 5 1024 5 5 0.5
768 4 5 1024 5 5 0.5
769 3 10 1024 10 10 1.0
769 4 6 1024 6 6 0.6
769 6 4 1024 4 4 0.4
770 3 8 1024 8 8 0.8
770 4 5 1024 5 5 0.5
770 5 4 1024 4 4 0.4
771 3 5 1024 5 5 0.5
771 4 4 1024 4 4 0.4
772 7 3 1024 3 3 0.3
772 4 7 1024 7 7 0.7
772 6 4 1024 4 4 0.4
773 3 6 1024 6 6 0.6
773 7 0 1024 0 0 0.0
774 3 10 1024 10 10 1.0
774 4 7 1024 7 7 0.7
774 6 5 1024 5 5 0.5
775 4 6 1024 6 6 0.6
775 6 5 1024 5 5 0.5
775 2 8 1024 8 8 0.8
776 4 9 1024 9 9 0.9
776 5 5 1024 5 5 0.5
777 3 3 1024 3 3 0.3
778 3 6 1024 6 6 0.6
778 2 10 1024 10 10 1.0
779 6 4 1024 4 4 0.4
779 2 8 1024 8 8 0.8
780 5 5 1024 5 5 0.5
780 4 8 1024 8 8 0.8
781 4 9 1024 9 9 0.9
781 5 4 1024 4 4 0.4
782 5 4 1024 4 4 0.4
782 2 10 1024 10 10 1.0
782 3 8 1024 8 8 0.8
782 4 6 1024 6 6 0.6
783 4 2 1024 2 2 0.2
783 2 10 1024 10 10 1.0
784 3 6 1024 6 6 0.6
784 0 10 1024 10 10 1.0
784 5 3 1024 3 3 0.3
785 4 6 1024 6 6 0.6
785 2 10 1024 10 10 1.0
786 3 9 1024 9 9 0.9
786 4 2 1024 2 2 0.2
787 4 6 1024 6 6 0.6
787 3 7 1024 7 7 0.7
788 3 5 1024 5 5 0.5
789 2 6 1024 6 6 0.6
789 6 5 1024 5 5 0.5
790 5 7 1024 7 7 0.7
790 2 10 1024 10 10 1.0
790 6 4 1024 4 4 0.4
791 2 5 1024 5 5 0.5
791 7 4 1024 4 4 0.4
792 2 8 1024 8 8 0.8
792 5 0 1024 0 0 0.0
793 2 10 1024 10 10 1.0
793 6 6 1024 6 6 0.6
793 5 8 1024 8 8 0.8
793 7 2 1024 2 2 0.2
794 4 6 1024 6 6 0.6
795 7 0 1024 0 0 0.0
795 2 10 1024 10 10 1.0
795 5 3 1024 3 3 0.3
795 3 8 1024 8 8 0.8
796 3 7 1024 7 7 0.7
796 4 2 1024 2 2 0.2
797 5 5 1024 5 5 0.5
797 3 7 1024 7 7 0.7
798 4 5 1024 5 5 0.5
798 3 6 1024 6 6 0.6
799 4 8 1024 8 8 0.8
799 6 4 1024 4 4 0.4
799 5 6 1024 6 6 0.6
800 3 7 1024 7 7 0.7
800 4 4 1024 4 4 0.4
800 2 8 1024 8 8 0.8
801 5 5 1024 5 5 0.5
801 6 3 1024 3 3 0.3
801 3 10 1024 10 10 1.0
802 5 2 1024 2 2 0.2
802 4 7 1024 7 7 0.7
803 8 4 1024 4 4 0.4
803 3 5 1024 5 5 0.5
804 5 5 1024 5 5 0.5
804 3 8 1024 8 8 0.8
804 1 10 1024 10 10 1.0
805 8 4 1024 4 4 0.4
805 3 10 1024 10 10 1.0
805 4 8 1024 8 8 0.8
805 6 5 1024 5 5 0.5
806 4 5 1024 5 5 0.5
806 1 10 1024 10 10 1.0
807 5 2 1024 2 2 0.2
807 4 6 1024 6 6 0.6
808 6 5 1024 5 5 0.5
808 5 6 1024 6 6 0.6
808 2 10 1024 10 10 1.0
808 4 9 1024 9 9 0.9
809 4 0 1024 0 0 0.0
809 3 10 1024 10 10 1.0
810 3 5 1024 5 5 0.5
810 6 0 1024 0 0 0.0
811 4 9 1024 9 9 0.9
811 6 7 1024 7 7 0.7
811 2 10 1024 10 10 1.0
812 2 8 1024 8 8 0.8
812 5 7 1024 7 7 0.7
812 7 5 1024 5 5 0.5
813 3 10 1024 10 10 1.0
813 4 1 1024 1 1 0.1
814 4 2 1024 2 2 0.2
814 3 9 1024 9 9 0.9
815 5 4 1024 4 4 0.4
815 6 0 1024 0 0 0.0
815 4 7 1024 7 7 0.7
815 2 10 1024 10 10 1.0
816 2 10 1024 10 10 1.0
816 4 5 1024 5 5 0.5
817 4 8 1024 8 8 0.8
817 5 5 1024 5 5 0.5
818 7 5 1024 5 5 0.5
818 3 6 1024 6 6 0.6
819 4 6 1024 6 6 0.6
819 5 5 1024 5 5 0.5
820 2 8 1024 8 8 0.8
820 6 3 1024 3 3 0.3
820 5 7 1024 7 7 0.7
821 5 5 1024 5 5 0.5
821 2 7 1024 7 7 0.7
822 5 5 1024 5 5 0.5
822 7 2 1024 2 2 0.2
822 6 4 1024 4 4 0.4
822 4 10 1024 10 10 1.0
823 4 6 1024 6 6 0.6
823 0 10 1024 10 10 1.0
823 3 9 1024 9 9 0.9
823 6 3 1024 3 3 0.3
824 3 0 1024 0 0 0.0
824 2 8 1024 8 8 0.8
825 4 6 1024 6 6 0.6
826 3 3 1024 3 3 0.3
827 5 5 1024 5 5 0.5
827 3 6 1024 6 6 0.6
828 3 5 1024 5 5 0.5
829 4 5 1024 5 5 0.5
829 3 9 1024 9 9 0.9
830 6 2 1024 2 2 0.2
830 4 8 1024 8 8 0.8
830 1 10 1024 10 10 1.0
831 5 5 1024 5 5 0.5
831 7 4 1024 4 4 0.4
831 4 8 1024 8 8 0.8
832 3 7 1024 7 7 0.7
832 5 4 1024 4 4 0.4
833 3 7 1024 7 7 0.7
833 2 10 1024 10 10 1.0
834 2 10 1024 10 10 1.0
834 3 8 1024 8 8 0.8
834 4 5 1024 5 5 0.5
835 2 5 1024 5 5 0.5
836 3 6 1024 6 6 0.6
836 2 10 1024 10 10 1.0
836 5 4 1024 4 4 0.4
837 4 5 1024 5 5 0.5
838 5 6 1024 6 6 0.6
838 2 10 1024 10 10 1.0
838 4 8 1024 8 8 0.8
838 6 4 1024 4 4 0.4
838 3 9 1024 9 9 0.9
839 4 6 1024 6 6 0.6
839 6 0 1024 0 0 0.0
840 5 5 1024 5 5 0.5
840 2 10 1024 10 10 1.0
840 9 0 1024 0 0 0.0
840 4 6 1024 6 6 0.6
841 4 6 1024 6 6 0.6
841 3 10 1024 10 10 1.0
842 6 5 1024 5 5 0.5
842 4 8 1024 8 8 0.8
842 5 6 1024 6 6 0.6
843 6 4 1024 4 4 0.4
843 3 5 1024 5 5 0.5
844 3 8 1024 8 8 0.8
844 5 5 1024 5 5 0.5
844 6 4 1024 4 4 0.4
844 8 2 1024 2 2 0.2
845 2 9 1024 9 9 0.9
845 3 7 1024 7 7 0.7
846 1 10 1024 10 10 1.0
846 4 5 1024 5 5 0.5
846 2 7 1024 7 7 0.7
847 3 9 1024 9 9 0.9
847 5 4 1024 4 4 0.4
848 4 6 1024 6 6 0.6
848 3 8 1024 8 8 0.8
849 3 8 1024 8 8 0.8
849 6 7 1024 7 7 0.7
849 2 10 1024 10 10 1.0
849 7 5 1024 5 5 0.5
850 2 4 1024 4 4 0.4
851 4 5 1024 5 5 0.5
851 1 10 1024 10 10 1.0
852 3 5 1024 5 5 0.5
852 7 3 1024 3 3 0.3
853 3 0 1024 0 0 0.0
854 5 2 1024 2 2 0.2
854 4 7 1024 7 7 0.7
854 2 8 1024 8 8 0.8
855 3 8 1024 8 8 0.8
855 8 5 1024 5 5 0.5
855 1 10 1024 10 10 1.0
856 3 9 1024 9 9 0.9
856 5 5 1024 5 5 0.5
856 4 6 1024 6 6 0.6
857 5 4 1024 4 4 0.4
857 4 5 1024 5 5 0.5
857 2 10 1024 10 10 1.0
858 4 7 1024 7 7 0.7
858 3 8 1024 8 8 0.8
858 5 5 1024 5 5 0.5
858 1 10 1024 10 10 1.0
859 4 6 1024 6 6 0.6
859 5 5 1024 5 5 0.5
860 3 9 1024 9 9 0.9
860 4 6 1024 6 6 0.6
861 1 10 1024 10 10 1.0
861 4 5 1024 5 5 0.5
862 2 9 1024 9 9 0.9
862 3 5 1024 5 5 0.5
863 5 0 1024 0 0 0.0
863 4 9 1024 9 9 0.9
864 4 9 1024 9 9 0.9
864 6 6 1024 6 6 0.6
864 2 10 1024 10 10 1.0
865 4 8 1024 8 8 0.8
865 7 4 1024 4 4 0.4
865 5 6 1024 6 6 0.6
865 3 10 1024 10 10 1.0
866 5 5 1024 5 5 0.5
866 4 8 1024 8 8 0.8
866 6 4 1024 4 4 0.4
867 3 4 1024 4 4 0.4
868 5 3 1024 3 3 0.3
868 1 10 1024 10 10 1.0
868 4 6 1024 6 6 0.6
869 8 4 1024 4 4 0.4
869 4 8 1024 8 8 0.8
869 3 9 1024 9 9 0.9
870 2 10 1024 10 10 1.0
870 3 6 1024 6 6 0.6
870 5 5 1024 5 5 0.5
870 7 0 1024 0 0 0.0
871 6 5 1024 5 5 0.5
871 3 10 1024 10 10 1.0
871 4 7 1024 7 7 0.7
872 6 0 1024 0 0 0.0
872 3 9 1024 9 9 0.9
872 4 8 1024 8 8 0.8
873 5 5 1024 5 5 0.5
873 4 8 1024 8 8 0.8
874 7 5 1024 5 5 0.5
874 4 8 1024 8 8 0.8
874 3 10 1024 10 10 1.0
874 6 6 1024 6 6 0.6
875 5 3 1024 3 3 0.3
875 3 5 1024 5 5 0.5
876 4 6 1024 6 6 0.6
876 3 10 1024 10 10 1.0
876 9 5 1024 5 5 0.5
877 3 10 1024 10 10 1.0
877 5 5 1024 5 5 0.5
878 4 8 1024 8 8 0.8
878 3 10 1024 10 10 1.0
878 5 6 1024 6 6 0.6
879 1 10 1024 10 10 1.0
879 3 5 1024 5 5 0.5
880 2 9 1024 9 9 0.9
880 3 5 1024 5 5 0.5
881 3 9 1024 9 9 0.9
881 4 8 1024 8 8 0.8
881 6 2 1024 2 2 0.2
881 2 10 1024 10 10 1.0
882 6 1 1024 1 1 0.1
882 4 6 1024 6 6 0.6
883 3 4 1024 4 4 0.4
883 2 6 1024 6 6 0.6
884 5 5 1024 5 5 0.5
884 4 8 1024 8 8 0.8
884 6 3 1024 3 3 0.3
885 2 10 1024 10 10 1.0
885 4 5 1024 5 5 0.5
885 3 9 1024 9 9 0.9
886 2 10 1024 10 10 1.0
886 5 5 1024 5 5 0.5
886 3 6 1024 6 6 0.6
887 5 0 1024 0 0 0.0
887 4 9 1024 9 9 0.9
888 3 3 1024 3 3 0.3
888 6 0 1024 0 0 0.0
889 5 6 1024 6 6 0.6
889 3 10 1024 10 10 1.0
890 4 8 1024 8 8 0.8
890 7 5 1024 5 5 0.5
891 2 8 1024 8 8 0.8
891 3 7 1024 7 7 0.7
891 7 0 1024 0 0 0.0
892 6 5 1024 5 5 0.5
892 4 6 1024 6 6 0.6
892 3 10 1024 10 10 1.0
892 8 4 1024 4 4 0.4
893 3 6 1024 6 6 0.6
893 6 5 1024 5 5 0.5
894 5 5 1024 5 5 0.5
894 4 10 1024 10 10 1.0
895 3 4 1024 4 4 0.4
896 5 7 1024 7 7 0.7
896 3 8 1024 8 8 0.8
896 6 5 1024 5 5 0.5
897 3 8 1024 8 8 0.8
897 2 9 1024 9 9 0.9
897 4 5 1024 5 5 0.5
898 3 6 1024 6 6 0.6
898 6 0 1024 0 0 0.0
899 2 9 1024 9 9 0.9
899 4 8 1024 8 8 0.8
899 5 5 1024 5 5 0.5
899 7 4 1024 4 4 0.4
900 6 3 1024 3 3 0.3
900 2 6 1024 6 6 0.6
901 3 10 1024 10 10 1.0
901 4 7 1024 7 7 0.7
901 5 0 1024 0 0 0.0
902 6 0 1024 0 0 0.0
902 4 7 1024 7 7 0.7
903 4 5 1024 5 5 0.5
903 5 2 1024 2 2 0.2
904 4 6 1024 6 6 0.6
904 5 5 1024 5 5 0.5
905 3 10 1024 10 10 1.0
905 4 6 1024 6 6 0.6
905 5 5 1024 5 5 0.5
905 6 0 1024 0 0 0.0
906 5 5 1024 5 5 0.5
906 3 6 1024 6 6 0.6
907 6 0 1024 0 0 0.0
908 5 6 1024 6 6 0.6
908 6 4 1024 4 4 0.4
908 7 0 1024 0 0 0.0
908 4 7 1024 7 7 0.7
909 2 9 1024 9 9 0.9
909 6 4 1024 4 4 0.4
909 3 6 1024 6 6 0.6
910 4 5 1024 5 5 0.5
910 5 4 1024 4 4 0.4
911 7 2 1024 2 2 0.2
911 4 5 1024 5 5 0.5
912 3 6 1024 6 6 0.6
913 4 7 1024 7 7 0.7
914 4 5 1024 5 5 0.5
914 3 10 1024 10 10 1.0
915 4 5 1024 5 5 0.5
915 2 8 1024 8 8 0.8
916 2 8 1024 8 8 0.8
916 6 0 1024 0 0 0.0
917 6 1 1024 1 1 0.1
917 5 3 1024 3 3 0.3
917 4 5 1024 5 5 0.5
917 7 0 1024 0 0 0.0
917 3 8 1024 8 8 0.8
918 1 10 1024 10 10 1.0
918 3 6 1024 6 6 0.6
919 4 3 1024 3 3 0.3
919 3 5 1024 5 5 0.5
920 2 10 1024 10 10 1.0
920 5 5 1024 5 5 0.5
921 7 1 1024 1 1 0.1
921 4 8 1024 8 8 0.8
921 5 7 1024 7 7 0.7
922 2 8 1024 8 8 0.8
922 6 5 1024 5 5 0.5
922 5 6 1024 6 6 0.6
922 1 10 1024 10 10 1.0
923 5 2 1024 2 2 0.2
923 2 10 1024 10 10 1.0
923 3 9 1024 9 9 0.9
924 2 10 1024 10 10 1.0
924 5 3 1024 3 3 0.3
924 3 9 1024 9 9 0.9
924 4 4 1024 4 4 0.4
925 2 10 1024 10 10 1.0
925 3 5 1024 5 5 0.5
926 6 5 1024 5 5 0.5
926 4 9 1024 9 9 0.9
926 5 8 1024 8 8 0.8
927 4 8 1024 8 8 0.8
927 8 4 1024 4 4 0.4
927 1 10 1024 10 10 1.0
927 7 6 1024 6 6 0.6
928 2 5 1024 5 5 0.5
929 3 10 1024 10 10 1.0
929 6 4 1024 4 4 0.4
929 4 7 1024 7 7 0.7
930 5 3 1024 3 3 0.3
930 4 6 1024 6 6 0.6
931 2 4 1024 4 4 0.4
931 6 0 1024 0 0 0.0
931 1 8 1024 8 8 0.8
932 4 5 1024 5 5 0.5
932 3 9 1024 9 9 0.9
933 4 5 1024 5 5 0.5
933 3 6 1024 6 6 0.6
934 1 8 1024 8 8 0.8
934 6 4 1024 4 4 0.4
935 5 3 1024 3 3 0.3
935 3 5 1024 5 5 0.5
936 3 6 1024 6 6 0.6
936 5 4 1024 4 4 0.4
937 5 4 1024 4 4 0.4
937 4 8 1024 8 8 0.8
937 2 9 1024 9 9 0.9
938 2 9 1024 9 9 0.9
938 5 4 1024 4 4 0.4
939 2 6 1024 6 6 0.6
939 4 5 1024 5 5 0.5
940 4 8 1024 8 8 0.8
940 7 6 1024 6 6 0.6
940 3 10 1024 10 10 1.0
941 3 7 1024 7 7 0.7
942 3 8 1024 8 8 0.8
942 5 7 1024 7 7 0.7
942 2 10 1024 10 10 1.0
943 5 4 1024 4 4 0.4
943 4 8 1024 8 8 0.8
943 3 9 1024 9 9 0.9
944 4 6 1024 6 6 0.6
944 2 10 1024 10 10 1.0
945 1 10 1024 10 10 1.0
945 8 1 1024 1 1 0.1
945 3 5 1024 5 5 0.5
946 5 7 1024 7 7 0.7
946 4 8 1024 8 8 0.8
946 2 10 1024 10 10 1.0
946 8 3 1024 3 3 0.3
946 6 5 1024 5 5 0.5
947 4 5 1024 5 5 0.5
947 2 9 1024 9 9 0.9
948 5 4 1024 4 4 0.4
948 4 9 1024 9 9 0.9
949 3 3 1024 3 3 0.3
950 4 1 1024 1 1 0.1
950 2 10 1024 10 10 1.0
950 3 7 1024 7 7 0.7
951 4 7 1024 7 7 0.7
951 5 5 1024 5 5 0.5
951 3 8 1024 8 8 0.8
952 9 4 1024 4 4 0.4
952 5 8 1024 8 8 0.8
952 6 5 1024 5 5 0.5
952 1 9 1024 9 9 0.9
953 8 3 1024 3 3 0.3
953 2 8 1024 8 8 0.8
953 6 4 1024 4 4 0.4
953 4 5 1024 5 5 0.5
954 7 7 1024 7 7 0.7
954 5 9 1024 9 9 0.9
954 6 8 1024 8 8 0.8
954 4 10 1024 10 10 1.0
955 5 5 1024 5 5 0.5
955 2 10 1024 10 10 1.0
955 4 9 1024 9 9 0.9
956 3 5 1024 5 5 0.5
956 2 8 1024 8 8 0.8
957 4 10 1024 10 10 1.0
957 5 5 1024 5 5 0.5
958 7 5 1024 5 5 0.5
958 3 10 1024 10 10 1.0
958 4 6 1024 6 6 0.6
959 3 10 1024 10 10 1.0
959 5 5 1024 5 5 0.5
959 4 9 1024 9 9 0.9
960 5 6 1024 6 6 0.6
960 4 7 1024 7 7 0.7
960 3 8 1024 8 8 0.8
960 8 3 1024 3 3 0.3
961 2 10 1024 10 10 1.0
961 5 5 1024 5 5 0.5
961 4 7 1024 7 7 0.7
962 8 5 1024 5 5 0.5
962 3 9 1024 9 9 0.9
962 5 7 1024 7 7 0.7
963 5 6 1024 6 6 0.6
963 7 5 1024 5 5 0.5
963 1 9 1024 9 9 0.9
964 4 9 1024 9 9 0.9
964 5 5 1024 5 5 0.5
964 2 10 1024 10 10 1.0
965 4 8 1024 8 8 0.8
965 2 10 1024 10 10 1.0
965 3 9 1024 9 9 0.9
966 4 6 1024 6 6 0.6
966 9 4 1024 4 4 0.4
967 3 10 1024 10 10 1.0
967 5 4 1024 4 4 0.4
967 4 8 1024 8 8 0.8
968 3 6 1024 6 6 0.6
968 7 5 1024 5 5 0.5
969 4 7 1024 7 7 0.7
969 2 10 1024 10 10 1.0
969 3 8 1024 8 8 0.8
970 3 9 1024 9 9 0.9
970 4 4 1024 4 4 0.4
971 1 10 1024 10 10 1.0
971 3 4 1024 4 4 0.4
972 2 6 1024 6 6 0.6
972 5 4 1024 4 4 0.4
972 1 10 1024 10 10 1.0
973 2 8 1024 8 8 0.8
973 4 5 1024 5 5 0.5
974 4 5 1024 5 5 0.5
975 6 5 1024 5 5 0.5
975 5 6 1024 6 6 0.6
975 2 8 1024 8 8 0.8
976 4 7 1024 7 7 0.7
976 3 8 1024 8 8 0.8
977 0 10 1024 10 10 1.0
977 5 2 1024 2 2 0.2
977 3 7 1024 7 7 0.7
978 2 5 1024 5 5 0.5
979 3 10 1024 10 10 1.0
979 5 4 1024 4 4 0.4
979 6 3 1024 3 3 0.3
980 3 3 1024 3 3 0.3
981 2 10 1024 10 10 1.0
981 3 5 1024 5 5 0.5
982 3 10 1024 10 10 1.0
982 5 6 1024 6 6 0.6
982 6 4 1024 4 4 0.4
983 4 2 1024 2 2 0.2
984 2 10 1024 10 10 1.0
984 5 0 1024 0 0 0.0
984 4 7 1024 7 7 0.7
985 6 5 1024 5 5 0.5
985 4 8 1024 8 8 0.8
985 5 7 1024 7 7 0.7
985 7 2 1024 2 2 0.2
986 3 5 1024 5 5 0.5
986 6 4 1024 4 4 0.4
987 3 7 1024 7 7 0.7
987 7 3 1024 3 3 0.3
987 4 5 1024 5 5 0.5
988 3 8 1024 8 8 0.8
988 5 4 1024 4 4 0.4
989 4 5 1024 5 5 0.5
989 2 10 1024 10 10 1.0
990 2 9 1024 9 9 0.9
990 6 5 1024 5 5 0.5
990 3 8 1024 8 8 0.8
991 3 6 1024 6 6 0.6
991 2 10 1024 10 10 1.0
991 5 0 1024 0 0 0.0
992 4 7 1024 7 7 0.7
992 6 2 1024 2 2 0.2
993 4 7 1024 7 7 0.7
993 5 4 1024 4 4 0.4
994 3 5 1024 5 5 0.5
995 4 8 1024 8 8 0.8
995 3 9 1024 9 9 0.9
996 3 6 1024 6 6 0.6
996 4 4 1024 4 4 0.4
997 4 6 1024 6 6 0.6
998 4 2 1024 2 2 0.2
998 3 10 1024 10 10 1.0
999 5 6 1024 6 6 0.6
999 4 9 1024 9 9 0.9
1000 4 5 1024 5 5 0.5
1000 1 10 1024 10 10 1.0
