gen testSuiteSize notKilledMutants number_of_tests no_discount_objective no_equiv_mut_not_killed no_equiv_mut_not_killed_perc
1 5 5.8876953125 23 6 6 0.6
1 2 9.8779296875 25 10 10 1.0
1 3 7.87890625 31 8 8 0.8
2 3 8.853515625 50 9 9 0.9
2 5 5.8125 64 6 6 0.6
2 4 8.7919921875 71 9 9 0.9
2 6 5.77734375 76 6 6 0.6
3 2 7.6748046875 111 8 8 0.8
3 4 4.775390625 115 5 5 0.5
4 3 9.75390625 126 10 10 1.0
4 7 3 138 3 3 0.3
4 6 5 163 5 5 0.5
5 5 7 184 7 7 0.7
5 3 8 190 8 8 0.8
5 6 6 196 6 6 0.6
6 4 8 223 8 8 0.8
6 7 5 238 5 5 0.5
6 5 6 256 6 6 0.6
7 5 4 279 4 4 0.4
7 3 9 288 9 9 0.9
8 5 5 295 5 5 0.5
8 1 10 303 10 10 1.0
8 4 6 321 6 6 0.6
9 4 8 332 8 8 0.8
9 3 10 333 10 10 1.0
9 5 5 357 5 5 0.5
10 1 10 365 10 10 1.0
10 8 5 370 5 5 0.5
10 3 8 377 8 8 0.8
10 5 6 381 6 6 0.6
11 2 8 396 8 8 0.8
11 3 5 424 5 5 0.5
12 3 7 428 7 7 0.7
12 6 6 439 6 6 0.6
12 2 8 446 8 8 0.8
13 2 9 452 9 9 0.9
13 6 2 462 2 2 0.2
13 4 4 465 4 4 0.4
14 4 7 483 7 7 0.7
15 2 10 506 10 10 1.0
15 5 3 511 3 3 0.3
15 4 8 512 8 8 0.8
15 7 2 524 2 2 0.2
16 3 0 552 0 0 0.0
17 4 6 570 6 6 0.6
17 5 2 577 2 2 0.2
18 4 5 592 5 5 0.5
18 3 10 605 10 10 1.0
19 5 3 630 3 3 0.3
19 4 4 637 4 4 0.4
20 3 10 644 10 10 1.0
20 4 8 652 8 8 0.8
20 5 5 657 5 5 0.5
21 3 7 665 7 7 0.7
21 2 10 667 10 10 1.0
21 6 5 672 5 5 0.5
22 2 10 673 10 10 1.0
22 4 7 678 7 7 0.7
22 7 5 688 5 5 0.5
23 3 5 699 5 5 0.5
24 5 5 705 5 5 0.5
24 4 8 705 8 8 0.8
24 7 3 706 3 3 0.3
25 1 6 719 6 6 0.6
25 6 5 725 5 5 0.5
26 1 8 725 8 8 0.8
26 6 6 732 6 6 0.6
27 3 5 745 5 5 0.5
27 6 4 748 4 4 0.4
28 4 5 753 5 5 0.5
28 2 9 753 9 9 0.9
29 4 4 770 4 4 0.4
29 3 9 770 9 9 0.9
30 4 4 778 4 4 0.4
30 2 10 778 10 10 1.0
30 6 3 779 3 3 0.3
31 5 6 792 6 6 0.6
32 3 9 792 9 9 0.9
32 2 10 794 10 10 1.0
32 5 6 797 6 6 0.6
33 5 7 799 7 7 0.7
33 2 9 799 9 9 0.9
33 7 2 808 2 2 0.2
34 5 5 810 5 5 0.5
34 4 9 811 9 9 0.9
34 8 4 815 4 4 0.4
34 3 10 819 10 10 1.0
35 5 6 819 6 6 0.6
35 7 3 819 3 3 0.3
35 4 10 826 10 10 1.0
36 6 6 828 6 6 0.6
36 8 2 830 2 2 0.2
36 4 7 832 7 7 0.7
36 2 10 834 10 10 1.0
37 2 10 841 10 10 1.0
37 5 5 844 5 5 0.5
37 3 6 846 6 6 0.6
38 4 7 851 7 7 0.7
38 5 0 855 0 0 0.0
39 3 5 857 5 5 0.5
39 4 4 861 4 4 0.4
40 3 7 863 7 7 0.7
40 1 10 864 10 10 1.0
40 4 5 868 5 5 0.5
41 4 5 873 5 5 0.5
42 2 9 875 9 9 0.9
42 5 3 877 3 3 0.3
43 7 3 887 3 3 0.3
43 5 4 889 4 4 0.4
43 4 5 889 5 5 0.5
43 3 7 889 7 7 0.7
44 2 9 889 9 9 0.9
44 4 1 891 1 1 0.1
45 5 2 893 2 2 0.2
45 2 10 900 10 10 1.0
45 4 8 900 8 8 0.8
46 4 6 905 6 6 0.6
46 2 10 905 10 10 1.0
46 6 5 907 5 5 0.5
47 6 5 910 5 5 0.5
47 2 8 910 8 8 0.8
47 7 2 911 2 2 0.2
48 3 9 915 9 9 0.9
48 5 6 916 6 6 0.6
48 4 8 919 8 8 0.8
48 2 10 919 10 10 1.0
49 2 8 921 8 8 0.8
49 3 3 922 3 3 0.3
50 2 4 928 4 4 0.4
51 6 0 930 0 0 0.0
51 4 6 930 6 6 0.6
52 8 3 931 3 3 0.3
52 3 5 934 5 5 0.5
53 4 6 939 6 6 0.6
53 5 5 940 5 5 0.5
53 3 10 941 10 10 1.0
54 4 4 947 4 4 0.4
55 5 5 952 5 5 0.5
56 3 0 956 0 0 0.0
57 3 4 957 4 4 0.4
58 3 6 960 6 6 0.6
58 5 0 961 0 0 0.0
58 2 10 962 10 10 1.0
59 9 0 963 0 0 0.0
59 6 5 963 5 5 0.5
59 2 10 963 10 10 1.0
59 4 7 964 7 7 0.7
60 3 3 964 3 3 0.3
61 6 6 965 6 6 0.6
61 2 10 967 10 10 1.0
61 3 9 968 9 9 0.9
62 6 4 969 4 4 0.4
62 2 10 969 10 10 1.0
63 3 8 971 8 8 0.8
63 7 5 971 5 5 0.5
63 6 7 973 7 7 0.7
64 5 5 974 5 5 0.5
64 3 6 975 6 6 0.6
65 4 5 976 5 5 0.5
65 5 2 977 2 2 0.2
65 2 7 979 7 7 0.7
66 3 9 979 9 9 0.9
66 4 5 980 5 5 0.5
67 3 6 980 6 6 0.6
68 2 6 982 6 6 0.6
68 6 3 984 3 3 0.3
69 3 8 984 8 8 0.8
69 8 4 986 4 4 0.4
69 4 5 986 5 5 0.5
70 4 5 990 5 5 0.5
70 3 8 991 8 8 0.8
71 6 5 991 5 5 0.5
71 3 8 991 8 8 0.8
71 5 7 991 7 7 0.7
72 6 6 991 6 6 0.6
72 3 8 992 8 8 0.8
72 4 7 992 7 7 0.7
73 4 8 992 8 8 0.8
73 3 10 992 10 10 1.0
73 6 0 993 0 0 0.0
74 5 5 993 5 5 0.5
74 3 10 993 10 10 1.0
74 4 8 994 8 8 0.8
75 4 7 996 7 7 0.7
75 8 5 996 5 5 0.5
75 2 9 996 9 9 0.9
76 3 3 997 3 3 0.3
77 2 9 999 9 9 0.9
77 7 5 1000 5 5 0.5
77 5 7 1000 7 7 0.7
77 3 8 1000 8 8 0.8
78 5 6 1000 6 6 0.6
78 2 8 1000 8 8 0.8
79 6 8 1001 8 8 0.8
79 8 0 1001 0 0 0.0
79 5 9 1001 9 9 0.9
79 7 7 1002 7 7 0.7
80 4 8 1002 8 8 0.8
80 5 6 1002 6 6 0.6
80 2 10 1002 10 10 1.0
81 5 5 1002 5 5 0.5
81 3 10 1003 10 10 1.0
81 4 8 1005 8 8 0.8
82 2 7 1005 7 7 0.7
83 3 6 1005 6 6 0.6
83 6 3 1005 3 3 0.3
84 4 0 1006 0 0 0.0
84 2 3 1007 3 3 0.3
85 5 5 1008 5 5 0.5
85 6 3 1008 3 3 0.3
85 2 10 1008 10 10 1.0
86 1 10 1009 10 10 1.0
86 3 8 1009 8 8 0.8
86 4 5 1009 5 5 0.5
86 5 0 1009 0 0 0.0
87 5 4 1010 4 4 0.4
87 4 6 1010 6 6 0.6
88 5 6 1010 6 6 0.6
88 6 5 1010 5 5 0.5
88 4 8 1010 8 8 0.8
89 4 8 1012 8 8 0.8
89 5 5 1013 5 5 0.5
89 3 9 1013 9 9 0.9
90 5 4 1014 4 4 0.4
90 2 7 1014 7 7 0.7
91 8 5 1014 5 5 0.5
91 2 10 1014 10 10 1.0
91 4 6 1014 6 6 0.6
91 3 8 1014 8 8 0.8
92 4 7 1014 7 7 0.7
92 3 9 1014 9 9 0.9
92 7 5 1014 5 5 0.5
93 6 2 1014 2 2 0.2
93 3 8 1014 8 8 0.8
93 4 5 1014 5 5 0.5
94 3 8 1014 8 8 0.8
94 4 7 1014 7 7 0.7
94 6 3 1014 3 3 0.3
95 6 5 1014 5 5 0.5
95 3 8 1014 8 8 0.8
95 5 6 1014 6 6 0.6
96 3 8 1014 8 8 0.8
96 5 6 1014 6 6 0.6
97 3 10 1015 10 10 1.0
97 5 7 1015 7 7 0.7
97 7 4 1015 4 4 0.4
98 5 5 1015 5 5 0.5
98 4 6 1015 6 6 0.6
98 7 2 1015 2 2 0.2
98 1 9 1016 9 9 0.9
99 2 10 1016 10 10 1.0
99 4 7 1016 7 7 0.7
99 6 6 1016 6 6 0.6
100 4 9 1016 9 9 0.9
100 5 8 1016 8 8 0.8
100 6 5 1016 5 5 0.5
101 3 10 1016 10 10 1.0
101 4 8 1016 8 8 0.8
101 5 1 1016 1 1 0.1
102 4 5 1016 5 5 0.5
102 3 7 1016 7 7 0.7
102 2 10 1016 10 10 1.0
103 5 5 1016 5 5 0.5
103 4 6 1016 6 6 0.6
103 3 10 1016 10 10 1.0
104 3 6 1016 6 6 0.6
104 5 0 1016 0 0 0.0
105 6 3 1016 3 3 0.3
105 3 5 1016 5 5 0.5
106 4 4 1016 4 4 0.4
106 2 10 1016 10 10 1.0
107 3 8 1016 8 8 0.8
107 2 9 1016 9 9 0.9
107 5 4 1016 4 4 0.4
108 2 10 1016 10 10 1.0
108 4 6 1016 6 6 0.6
108 3 9 1016 9 9 0.9
109 6 3 1016 3 3 0.3
109 2 10 1016 10 10 1.0
109 5 4 1016 4 4 0.4
110 4 5 1016 5 5 0.5
110 2 10 1016 10 10 1.0
111 4 5 1016 5 5 0.5
111 2 8 1016 8 8 0.8
112 3 6 1016 6 6 0.6
112 6 0 1016 0 0 0.0
112 1 10 1016 10 10 1.0
112 5 3 1016 3 3 0.3
113 4 0 1016 0 0 0.0
113 3 9 1016 9 9 0.9
114 4 5 1016 5 5 0.5
114 3 10 1016 10 10 1.0
114 5 1 1016 1 1 0.1
115 5 0 1016 0 0 0.0
115 2 8 1016 8 8 0.8
116 2 10 1017 10 10 1.0
116 4 9 1017 9 9 0.9
116 5 5 1017 5 5 0.5
117 5 5 1017 5 5 0.5
118 6 3 1017 3 3 0.3
118 3 5 1017 5 5 0.5
119 4 5 1017 5 5 0.5
119 2 10 1017 10 10 1.0
120 2 8 1017 8 8 0.8
120 4 6 1017 6 6 0.6
121 2 10 1017 10 10 1.0
121 5 6 1017 6 6 0.6
121 6 4 1017 4 4 0.4
121 3 8 1017 8 8 0.8
122 5 5 1017 5 5 0.5
122 2 7 1017 7 7 0.7
123 4 5 1017 5 5 0.5
124 4 4 1017 4 4 0.4
124 3 6 1017 6 6 0.6
125 3 7 1017 7 7 0.7
125 6 5 1017 5 5 0.5
125 5 6 1017 6 6 0.6
126 3 10 1018 10 10 1.0
126 5 6 1018 6 6 0.6
126 4 8 1019 8 8 0.8
127 4 0 1020 0 0 0.0
127 2 9 1020 9 9 0.9
128 7 2 1020 2 2 0.2
128 3 6 1020 6 6 0.6
128 5 5 1020 5 5 0.5
129 4 5 1020 5 5 0.5
129 3 7 1020 7 7 0.7
129 2 9 1020 9 9 0.9
130 3 8 1021 8 8 0.8
130 5 5 1021 5 5 0.5
130 2 10 1021 10 10 1.0
131 4 8 1021 8 8 0.8
131 6 7 1021 7 7 0.7
131 2 9 1021 9 9 0.9
132 1 10 1021 10 10 1.0
132 4 7 1021 7 7 0.7
132 5 3 1021 3 3 0.3
132 2 9 1021 9 9 0.9
133 3 8 1021 8 8 0.8
133 5 5 1021 5 5 0.5
134 6 4 1021 4 4 0.4
134 3 7 1021 7 7 0.7
134 5 6 1021 6 6 0.6
135 5 4 1021 4 4 0.4
136 2 5 1021 5 5 0.5
136 6 4 1021 4 4 0.4
137 4 5 1021 5 5 0.5
137 0 10 1021 10 10 1.0
138 4 6 1021 6 6 0.6
138 1 10 1021 10 10 1.0
138 8 2 1021 2 2 0.2
139 5 8 1021 8 8 0.8
139 2 10 1021 10 10 1.0
139 4 9 1021 9 9 0.9
140 2 8 1021 8 8 0.8
140 4 4 1021 4 4 0.4
141 4 6 1021 6 6 0.6
141 6 5 1021 5 5 0.5
142 4 7 1021 7 7 0.7
142 7 5 1021 5 5 0.5
142 3 10 1021 10 10 1.0
143 3 8 1022 8 8 0.8
143 4 5 1022 5 5 0.5
144 4 7 1022 7 7 0.7
144 5 3 1022 3 3 0.3
144 2 9 1022 9 9 0.9
145 3 6 1022 6 6 0.6
145 7 5 1022 5 5 0.5
146 6 0 1022 0 0 0.0
146 5 6 1022 6 6 0.6
146 3 9 1022 9 9 0.9
147 1 10 1022 10 10 1.0
147 4 9 1022 9 9 0.9
147 5 8 1022 8 8 0.8
147 7 6 1022 6 6 0.6
148 7 0 1022 0 0 0.0
148 6 6 1022 6 6 0.6
148 5 8 1022 8 8 0.8
148 4 9 1022 9 9 0.9
149 6 4 1022 4 4 0.4
149 2 9 1022 9 9 0.9
150 8 0 1022 0 0 0.0
150 6 5 1022 5 5 0.5
150 3 6 1022 6 6 0.6
151 2 6 1022 6 6 0.6
151 6 4 1022 4 4 0.4
152 6 5 1022 5 5 0.5
152 3 8 1022 8 8 0.8
152 4 6 1022 6 6 0.6
153 3 8 1023 8 8 0.8
153 6 6 1023 6 6 0.6
154 4 4 1023 4 4 0.4
155 4 5 1023 5 5 0.5
156 4 2 1023 2 2 0.2
156 1 10 1023 10 10 1.0
156 3 6 1023 6 6 0.6
157 3 0 1023 0 0 0.0
157 2 10 1023 10 10 1.0
158 7 4 1023 4 4 0.4
158 2 10 1023 10 10 1.0
158 4 7 1023 7 7 0.7
158 5 6 1023 6 6 0.6
159 4 5 1023 5 5 0.5
159 3 10 1023 10 10 1.0
160 5 6 1023 6 6 0.6
160 4 9 1023 9 9 0.9
161 4 4 1023 4 4 0.4
161 3 8 1023 8 8 0.8
162 5 5 1023 5 5 0.5
162 1 7 1023 7 7 0.7
163 2 8 1023 8 8 0.8
163 4 2 1023 2 2 0.2
164 5 5 1023 5 5 0.5
164 2 9 1023 9 9 0.9
164 1 10 1023 10 10 1.0
165 3 5 1023 5 5 0.5
166 1 10 1023 10 10 1.0
166 6 6 1023 6 6 0.6
166 7 4 1023 4 4 0.4
166 4 8 1023 8 8 0.8
167 3 9 1023 9 9 0.9
167 5 5 1023 5 5 0.5
168 2 7 1023 7 7 0.7
168 4 5 1023 5 5 0.5
169 4 6 1023 6 6 0.6
169 3 8 1023 8 8 0.8
170 1 7 1024 7 7 0.7
170 6 3 1024 3 3 0.3
171 3 10 1024 10 10 1.0
171 5 4 1024 4 4 0.4
172 2 9 1024 9 9 0.9
172 4 5 1024 5 5 0.5
172 1 10 1024 10 10 1.0
173 7 5 1024 5 5 0.5
173 3 7 1024 7 7 0.7
173 1 10 1024 10 10 1.0
174 6 4 1024 4 4 0.4
174 4 5 1024 5 5 0.5
175 5 6 1024 6 6 0.6
175 2 10 1024 10 10 1.0
175 4 9 1024 9 9 0.9
176 4 7 1024 7 7 0.7
176 7 6 1024 6 6 0.6
177 2 10 1024 10 10 1.0
177 4 5 1024 5 5 0.5
178 6 1 1024 1 1 0.1
178 3 7 1024 7 7 0.7
178 5 6 1024 6 6 0.6
179 6 5 1024 5 5 0.5
179 2 8 1024 8 8 0.8
180 5 4 1024 4 4 0.4
180 3 10 1024 10 10 1.0
180 4 8 1024 8 8 0.8
181 5 5 1024 5 5 0.5
181 7 4 1024 4 4 0.4
181 3 7 1024 7 7 0.7
182 5 5 1024 5 5 0.5
182 3 8 1024 8 8 0.8
183 3 8 1024 8 8 0.8
183 5 5 1024 5 5 0.5
184 5 6 1024 6 6 0.6
184 3 9 1024 9 9 0.9
185 7 4 1024 4 4 0.4
185 2 6 1024 6 6 0.6
186 4 7 1024 7 7 0.7
186 6 5 1024 5 5 0.5
187 5 5 1024 5 5 0.5
187 3 8 1024 8 8 0.8
188 6 1 1024 1 1 0.1
188 3 10 1024 10 10 1.0
188 5 7 1024 7 7 0.7
188 4 8 1024 8 8 0.8
189 5 4 1024 4 4 0.4
189 2 10 1024 10 10 1.0
190 9 4 1024 4 4 0.4
190 5 6 1024 6 6 0.6
190 4 8 1024 8 8 0.8
191 4 4 1024 4 4 0.4
191 2 5 1024 5 5 0.5
191 6 3 1024 3 3 0.3
192 5 5 1024 5 5 0.5
192 4 8 1024 8 8 0.8
192 7 0 1024 0 0 0.0
193 2 9 1024 9 9 0.9
193 3 4 1024 4 4 0.4
194 4 5 1024 5 5 0.5
194 2 9 1024 9 9 0.9
195 7 4 1024 4 4 0.4
195 2 10 1024 10 10 1.0
195 5 5 1024 5 5 0.5
195 4 6 1024 6 6 0.6
196 2 10 1024 10 10 1.0
196 4 4 1024 4 4 0.4
196 3 9 1024 9 9 0.9
197 4 0 1024 0 0 0.0
198 2 9 1024 9 9 0.9
198 6 5 1024 5 5 0.5
198 4 8 1024 8 8 0.8
198 5 7 1024 7 7 0.7
199 2 10 1024 10 10 1.0
199 5 5 1024 5 5 0.5
199 4 8 1024 8 8 0.8
199 6 2 1024 2 2 0.2
200 2 9 1024 9 9 0.9
200 5 4 1024 4 4 0.4
200 4 8 1024 8 8 0.8
201 5 4 1024 4 4 0.4
201 4 5 1024 5 5 0.5
201 3 10 1024 10 10 1.0
202 2 4 1024 4 4 0.4
203 7 4 1024 4 4 0.4
203 3 10 1024 10 10 1.0
203 4 5 1024 5 5 0.5
204 3 8 1024 8 8 0.8
204 2 9 1024 9 9 0.9
205 5 4 1024 4 4 0.4
205 4 7 1024 7 7 0.7
205 3 8 1024 8 8 0.8
206 3 6 1024 6 6 0.6
206 6 4 1024 4 4 0.4
207 2 10 1024 10 10 1.0
207 7 4 1024 4 4 0.4
207 3 8 1024 8 8 0.8
207 4 7 1024 7 7 0.7
208 2 10 1024 10 10 1.0
208 5 2 1024 2 2 0.2
209 3 10 1024 10 10 1.0
209 6 3 1024 3 3 0.3
209 4 6 1024 6 6 0.6
210 8 4 1024 4 4 0.4
210 2 6 1024 6 6 0.6
211 8 1 1024 1 1 0.1
211 3 9 1024 9 9 0.9
211 4 7 1024 7 7 0.7
211 2 10 1024 10 10 1.0
212 7 5 1024 5 5 0.5
212 3 8 1024 8 8 0.8
213 10 4 1024 4 4 0.4
213 3 8 1024 8 8 0.8
213 4 7 1024 7 7 0.7
214 4 5 1024 5 5 0.5
215 2 9 1024 9 9 0.9
215 3 7 1024 7 7 0.7
215 5 5 1024 5 5 0.5
216 2 10 1024 10 10 1.0
216 4 7 1024 7 7 0.7
216 5 5 1024 5 5 0.5
216 6 4 1024 4 4 0.4
217 2 10 1024 10 10 1.0
217 4 8 1024 8 8 0.8
217 3 9 1024 9 9 0.9
217 5 4 1024 4 4 0.4
218 3 6 1024 6 6 0.6
219 6 5 1024 5 5 0.5
219 7 4 1024 4 4 0.4
219 4 8 1024 8 8 0.8
220 6 4 1024 4 4 0.4
220 3 7 1024 7 7 0.7
220 7 0 1024 0 0 0.0
221 5 7 1024 7 7 0.7
221 6 6 1024 6 6 0.6
221 3 10 1024 10 10 1.0
221 4 8 1024 8 8 0.8
222 4 5 1024 5 5 0.5
222 5 0 1024 0 0 0.0
222 3 6 1024 6 6 0.6
223 6 6 1024 6 6 0.6
223 5 7 1024 7 7 0.7
223 3 8 1024 8 8 0.8
223 7 5 1024 5 5 0.5
224 2 10 1024 10 10 1.0
224 8 4 1024 4 4 0.4
224 3 6 1024 6 6 0.6
225 2 10 1024 10 10 1.0
225 6 6 1024 6 6 0.6
225 3 8 1024 8 8 0.8
226 5 3 1024 3 3 0.3
226 3 7 1024 7 7 0.7
227 2 10 1024 10 10 1.0
227 4 8 1024 8 8 0.8
227 5 5 1024 5 5 0.5
228 6 5 1024 5 5 0.5
228 2 7 1024 7 7 0.7
229 6 3 1024 3 3 0.3
229 1 10 1024 10 10 1.0
229 5 8 1024 8 8 0.8
230 6 5 1024 5 5 0.5
230 5 7 1024 7 7 0.7
230 3 8 1024 8 8 0.8
231 2 8 1024 8 8 0.8
231 5 5 1024 5 5 0.5
232 4 6 1024 6 6 0.6
232 6 5 1024 5 5 0.5
232 3 7 1024 7 7 0.7
233 3 10 1024 10 10 1.0
233 4 5 1024 5 5 0.5
233 5 3 1024 3 3 0.3
234 3 5 1024 5 5 0.5
235 4 8 1024 8 8 0.8
235 6 0 1024 0 0 0.0
236 3 0 1024 0 0 0.0
236 1 10 1024 10 10 1.0
237 3 6 1024 6 6 0.6
237 4 5 1024 5 5 0.5
238 5 5 1024 5 5 0.5
238 3 8 1024 8 8 0.8
239 3 6 1024 6 6 0.6
239 7 4 1024 4 4 0.4
239 5 5 1024 5 5 0.5
240 1 10 1024 10 10 1.0
240 4 9 1024 9 9 0.9
240 6 4 1024 4 4 0.4
241 5 5 1024 5 5 0.5
241 7 4 1024 4 4 0.4
241 3 7 1024 7 7 0.7
242 4 0 1024 0 0 0.0
242 3 10 1024 10 10 1.0
243 5 3 1024 3 3 0.3
243 4 5 1024 5 5 0.5
244 5 3 1024 3 3 0.3
244 3 7 1024 7 7 0.7
245 7 4 1024 4 4 0.4
245 4 6 1024 6 6 0.6
245 3 10 1024 10 10 1.0
246 5 4 1024 4 4 0.4
246 3 6 1024 6 6 0.6
247 4 4 1024 4 4 0.4
248 4 6 1024 6 6 0.6
248 3 10 1024 10 10 1.0
249 4 8 1024 8 8 0.8
249 5 0 1024 0 0 0.0
250 4 5 1024 5 5 0.5
251 9 0 1024 0 0 0.0
251 4 5 1024 5 5 0.5
252 4 5 1024 5 5 0.5
252 3 8 1024 8 8 0.8
252 2 10 1024 10 10 1.0
253 4 3 1024 3 3 0.3
253 3 10 1024 10 10 1.0
254 4 8 1024 8 8 0.8
254 2 10 1024 10 10 1.0
254 5 4 1024 4 4 0.4
255 4 5 1024 5 5 0.5
255 5 4 1024 4 4 0.4
256 2 5 1024 5 5 0.5
257 3 2 1024 2 2 0.2
258 2 9 1024 9 9 0.9
258 6 4 1024 4 4 0.4
259 3 7 1024 7 7 0.7
259 1 10 1024 10 10 1.0
259 6 5 1024 5 5 0.5
260 3 9 1024 9 9 0.9
260 4 8 1024 8 8 0.8
260 6 7 1024 7 7 0.7
260 7 5 1024 5 5 0.5
261 3 8 1024 8 8 0.8
261 5 6 1024 6 6 0.6
262 5 6 1024 6 6 0.6
262 4 9 1024 9 9 0.9
263 4 0 1024 0 0 0.0
263 3 6 1024 6 6 0.6
264 5 0 1024 0 0 0.0
264 4 10 1024 10 10 1.0
265 2 6 1024 6 6 0.6
266 4 8 1024 8 8 0.8
266 5 3 1024 3 3 0.3
267 5 5 1024 5 5 0.5
267 6 2 1024 2 2 0.2
268 9 0 1024 0 0 0.0
268 6 6 1024 6 6 0.6
268 2 8 1024 8 8 0.8
269 7 3 1024 3 3 0.3
269 1 8 1024 8 8 0.8
269 4 5 1024 5 5 0.5
270 3 7 1024 7 7 0.7
270 5 5 1024 5 5 0.5
271 3 10 1024 10 10 1.0
271 5 0 1024 0 0 0.0
272 6 5 1024 5 5 0.5
272 4 8 1024 8 8 0.8
272 1 10 1024 10 10 1.0
273 3 9 1024 9 9 0.9
273 6 3 1024 3 3 0.3
273 5 5 1024 5 5 0.5
274 5 5 1024 5 5 0.5
274 1 10 1024 10 10 1.0
275 1 8 1024 8 8 0.8
275 4 6 1024 6 6 0.6
276 4 6 1024 6 6 0.6
276 5 4 1024 4 4 0.4
276 3 8 1024 8 8 0.8
277 1 6 1024 6 6 0.6
277 6 4 1024 4 4 0.4
278 5 5 1024 5 5 0.5
278 4 7 1024 7 7 0.7
278 2 10 1024 10 10 1.0
279 3 9 1024 9 9 0.9
279 4 6 1024 6 6 0.6
280 5 3 1024 3 3 0.3
280 3 7 1024 7 7 0.7
281 5 2 1024 2 2 0.2
281 1 9 1024 9 9 0.9
281 6 1 1024 1 1 0.1
282 3 6 1024 6 6 0.6
282 2 9 1024 9 9 0.9
282 5 0 1024 0 0 0.0
283 5 5 1024 5 5 0.5
283 3 9 1024 9 9 0.9
284 4 5 1024 5 5 0.5
284 2 7 1024 7 7 0.7
284 7 4 1024 4 4 0.4
285 6 3 1024 3 3 0.3
285 5 8 1024 8 8 0.8
285 3 10 1024 10 10 1.0
286 2 8 1024 8 8 0.8
286 6 0 1024 0 0 0.0
287 5 0 1024 0 0 0.0
287 3 10 1024 10 10 1.0
288 2 9 1024 9 9 0.9
288 3 8 1024 8 8 0.8
288 5 7 1024 7 7 0.7
289 3 10 1024 10 10 1.0
289 4 7 1024 7 7 0.7
289 5 4 1024 4 4 0.4
290 3 5 1024 5 5 0.5
291 3 6 1024 6 6 0.6
291 6 5 1024 5 5 0.5
292 3 10 1024 10 10 1.0
292 5 3 1024 3 3 0.3
292 4 8 1024 8 8 0.8
293 8 0 1024 0 0 0.0
293 6 5 1024 5 5 0.5
293 4 9 1024 9 9 0.9
293 5 8 1024 8 8 0.8
293 2 10 1024 10 10 1.0
294 3 7 1024 7 7 0.7
294 4 6 1024 6 6 0.6
295 2 10 1024 10 10 1.0
295 3 7 1024 7 7 0.7
296 3 5 1024 5 5 0.5
296 1 10 1024 10 10 1.0
297 5 7 1024 7 7 0.7
297 3 10 1024 10 10 1.0
298 5 5 1024 5 5 0.5
298 2 8 1024 8 8 0.8
298 4 6 1024 6 6 0.6
299 3 10 1024 10 10 1.0
299 6 0 1024 0 0 0.0
299 5 6 1024 6 6 0.6
300 2 9 1024 9 9 0.9
300 4 4 1024 4 4 0.4
300 6 0 1024 0 0 0.0
301 4 0 1024 0 0 0.0
301 3 7 1024 7 7 0.7
302 3 9 1024 9 9 0.9
302 4 6 1024 6 6 0.6
302 7 3 1024 3 3 0.3
303 3 5 1024 5 5 0.5
304 4 5 1024 5 5 0.5
304 2 6 1024 6 6 0.6
305 5 5 1024 5 5 0.5
305 3 6 1024 6 6 0.6
305 2 8 1024 8 8 0.8
306 3 10 1024 10 10 1.0
306 5 3 1024 3 3 0.3
306 4 5 1024 5 5 0.5
307 4 5 1024 5 5 0.5
308 2 8 1024 8 8 0.8
308 4 6 1024 6 6 0.6
308 6 0 1024 0 0 0.0
308 5 5 1024 5 5 0.5
309 2 8 1024 8 8 0.8
309 3 3 1024 3 3 0.3
310 8 5 1024 5 5 0.5
310 4 8 1024 8 8 0.8
310 5 7 1024 7 7 0.7
311 6 6 1024 6 6 0.6
311 2 8 1024 8 8 0.8
312 5 4 1024 4 4 0.4
312 4 6 1024 6 6 0.6
313 5 6 1024 6 6 0.6
313 4 8 1024 8 8 0.8
313 6 5 1024 5 5 0.5
313 3 10 1024 10 10 1.0
314 7 4 1024 4 4 0.4
314 2 10 1024 10 10 1.0
314 4 7 1024 7 7 0.7
314 6 6 1024 6 6 0.6
315 3 4 1024 4 4 0.4
315 6 3 1024 3 3 0.3
316 8 3 1024 3 3 0.3
316 1 9 1024 9 9 0.9
316 5 5 1024 5 5 0.5
316 4 7 1024 7 7 0.7
317 6 3 1024 3 3 0.3
317 3 7 1024 7 7 0.7
318 4 6 1024 6 6 0.6
318 2 10 1024 10 10 1.0
319 2 10 1024 10 10 1.0
319 5 7 1024 7 7 0.7
319 4 9 1024 9 9 0.9
319 7 6 1024 6 6 0.6
320 7 3 1024 3 3 0.3
320 3 6 1024 6 6 0.6
320 2 10 1024 10 10 1.0
321 5 4 1024 4 4 0.4
321 6 0 1024 0 0 0.0
321 4 5 1024 5 5 0.5
321 3 10 1024 10 10 1.0
322 4 5 1024 5 5 0.5
322 5 3 1024 3 3 0.3
322 2 10 1024 10 10 1.0
323 1 8 1024 8 8 0.8
323 2 7 1024 7 7 0.7
323 3 6 1024 6 6 0.6
323 6 2 1024 2 2 0.2
324 2 10 1024 10 10 1.0
324 4 5 1024 5 5 0.5
325 7 6 1024 6 6 0.6
325 4 8 1024 8 8 0.8
325 5 7 1024 7 7 0.7
325 2 10 1024 10 10 1.0
326 3 0 1024 0 0 0.0
327 4 7 1024 7 7 0.7
327 5 5 1024 5 5 0.5
328 3 8 1024 8 8 0.8
328 5 6 1024 6 6 0.6
328 4 7 1024 7 7 0.7
329 5 5 1024 5 5 0.5
329 2 9 1024 9 9 0.9
330 3 8 1024 8 8 0.8
330 7 4 1024 4 4 0.4
330 6 5 1024 5 5 0.5
330 5 6 1024 6 6 0.6
331 4 4 1024 4 4 0.4
332 3 6 1024 6 6 0.6
332 5 5 1024 5 5 0.5
332 6 0 1024 0 0 0.0
333 2 10 1024 10 10 1.0
333 4 6 1024 6 6 0.6
333 7 2 1024 2 2 0.2
333 3 7 1024 7 7 0.7
334 6 6 1024 6 6 0.6
334 4 10 1024 10 10 1.0
334 7 5 1024 5 5 0.5
334 5 8 1024 8 8 0.8
335 6 7 1024 7 7 0.7
335 3 8 1024 8 8 0.8
335 7 6 1024 6 6 0.6
336 6 5 1024 5 5 0.5
336 3 8 1024 8 8 0.8
336 0 10 1024 10 10 1.0
337 4 8 1024 8 8 0.8
337 5 1 1024 1 1 0.1
338 6 4 1024 4 4 0.4
338 4 6 1024 6 6 0.6
338 2 8 1024 8 8 0.8
339 6 3 1024 3 3 0.3
339 4 5 1024 5 5 0.5
339 2 10 1024 10 10 1.0
339 3 8 1024 8 8 0.8
340 4 6 1024 6 6 0.6
340 2 10 1024 10 10 1.0
341 4 6 1024 6 6 0.6
341 2 10 1024 10 10 1.0
342 4 5 1024 5 5 0.5
342 1 8 1024 8 8 0.8
343 2 8 1024 8 8 0.8
343 7 4 1024 4 4 0.4
344 3 10 1024 10 10 1.0
344 5 5 1024 5 5 0.5
344 4 8 1024 8 8 0.8
344 8 0 1024 0 0 0.0
345 7 4 1024 4 4 0.4
345 3 7 1024 7 7 0.7
345 5 6 1024 6 6 0.6
345 6 5 1024 5 5 0.5
346 4 8 1024 8 8 0.8
346 3 9 1024 9 9 0.9
346 6 4 1024 4 4 0.4
347 5 6 1024 6 6 0.6
347 1 8 1024 8 8 0.8
347 6 4 1024 4 4 0.4
347 3 7 1024 7 7 0.7
348 6 3 1024 3 3 0.3
348 2 10 1024 10 10 1.0
348 3 7 1024 7 7 0.7
349 8 2 1024 2 2 0.2
349 4 4 1024 4 4 0.4
350 3 7 1024 7 7 0.7
350 4 6 1024 6 6 0.6
350 9 4 1024 4 4 0.4
350 2 8 1024 8 8 0.8
351 5 2 1024 2 2 0.2
351 4 3 1024 3 3 0.3
351 3 5 1024 5 5 0.5
352 8 4 1024 4 4 0.4
352 2 7 1024 7 7 0.7
352 5 5 1024 5 5 0.5
353 6 5 1024 5 5 0.5
353 4 7 1024 7 7 0.7
353 3 8 1024 8 8 0.8
354 2 8 1024 8 8 0.8
354 6 0 1024 0 0 0.0
354 4 5 1024 5 5 0.5
355 4 6 1024 6 6 0.6
355 1 10 1024 10 10 1.0
356 4 6 1024 6 6 0.6
356 5 5 1024 5 5 0.5
357 3 4 1024 4 4 0.4
358 3 9 1024 9 9 0.9
358 5 6 1024 6 6 0.6
358 4 8 1024 8 8 0.8
359 2 8 1024 8 8 0.8
359 3 6 1024 6 6 0.6
359 4 0 1024 0 0 0.0
360 2 10 1024 10 10 1.0
360 3 6 1024 6 6 0.6
361 3 4 1024 4 4 0.4
362 2 8 1024 8 8 0.8
362 4 3 1024 3 3 0.3
363 2 10 1024 10 10 1.0
363 3 5 1024 5 5 0.5
364 5 6 1024 6 6 0.6
364 4 8 1024 8 8 0.8
364 3 10 1024 10 10 1.0
365 2 9 1024 9 9 0.9
365 4 8 1024 8 8 0.8
365 6 5 1024 5 5 0.5
365 1 10 1024 10 10 1.0
366 5 7 1024 7 7 0.7
366 6 4 1024 4 4 0.4
366 3 8 1024 8 8 0.8
367 4 8 1024 8 8 0.8
367 3 9 1024 9 9 0.9
367 6 3 1024 3 3 0.3
368 6 5 1024 5 5 0.5
368 3 8 1024 8 8 0.8
369 4 6 1024 6 6 0.6
370 3 7 1024 7 7 0.7
370 5 5 1024 5 5 0.5
370 2 9 1024 9 9 0.9
371 7 5 1024 5 5 0.5
371 3 6 1024 6 6 0.6
372 6 3 1024 3 3 0.3
372 4 5 1024 5 5 0.5
373 2 10 1024 10 10 1.0
373 4 7 1024 7 7 0.7
374 5 5 1024 5 5 0.5
374 4 6 1024 6 6 0.6
374 3 10 1024 10 10 1.0
375 5 3 1024 3 3 0.3
375 4 5 1024 5 5 0.5
376 5 3 1024 3 3 0.3
376 4 8 1024 8 8 0.8
377 7 4 1024 4 4 0.4
377 2 6 1024 6 6 0.6
378 3 8 1024 8 8 0.8
378 4 6 1024 6 6 0.6
378 5 5 1024 5 5 0.5
379 3 5 1024 5 5 0.5
379 2 7 1024 7 7 0.7
380 4 6 1024 6 6 0.6
380 3 9 1024 9 9 0.9
380 7 4 1024 4 4 0.4
380 2 10 1024 10 10 1.0
381 3 8 1024 8 8 0.8
381 5 5 1024 5 5 0.5
382 4 7 1024 7 7 0.7
382 3 8 1024 8 8 0.8
382 2 10 1024 10 10 1.0
382 7 0 1024 0 0 0.0
383 2 10 1024 10 10 1.0
383 5 2 1024 2 2 0.2
384 4 10 1024 10 10 1.0
384 6 5 1024 5 5 0.5
384 7 4 1024 4 4 0.4
384 5 8 1024 8 8 0.8
385 3 6 1024 6 6 0.6
385 5 5 1024 5 5 0.5
385 2 9 1024 9 9 0.9
386 5 5 1024 5 5 0.5
386 8 4 1024 4 4 0.4
386 4 8 1024 8 8 0.8
387 5 5 1024 5 5 0.5
387 2 9 1024 9 9 0.9
387 4 8 1024 8 8 0.8
388 4 4 1024 4 4 0.4
388 3 9 1024 9 9 0.9
389 4 1 1024 1 1 0.1
390 7 2 1024 2 2 0.2
390 2 8 1024 8 8 0.8
390 5 4 1024 4 4 0.4
391 5 6 1024 6 6 0.6
391 7 5 1024 5 5 0.5
391 3 7 1024 7 7 0.7
392 3 9 1024 9 9 0.9
392 4 8 1024 8 8 0.8
392 5 4 1024 4 4 0.4
393 3 7 1024 7 7 0.7
394 3 8 1024 8 8 0.8
394 5 5 1024 5 5 0.5
395 3 8 1024 8 8 0.8
395 4 7 1024 7 7 0.7
395 5 5 1024 5 5 0.5
396 2 10 1024 10 10 1.0
396 5 7 1024 7 7 0.7
396 4 9 1024 9 9 0.9
396 6 5 1024 5 5 0.5
397 3 5 1024 5 5 0.5
397 5 4 1024 4 4 0.4
398 5 7 1024 7 7 0.7
398 6 6 1024 6 6 0.6
398 2 10 1024 10 10 1.0
398 4 8 1024 8 8 0.8
399 3 7 1024 7 7 0.7
399 2 10 1024 10 10 1.0
400 3 8 1024 8 8 0.8
400 4 5 1024 5 5 0.5
401 3 7 1024 7 7 0.7
401 4 5 1024 5 5 0.5
402 5 4 1024 4 4 0.4
402 3 9 1024 9 9 0.9
403 4 5 1024 5 5 0.5
403 6 4 1024 4 4 0.4
404 2 8 1024 8 8 0.8
404 4 6 1024 6 6 0.6
405 3 7 1024 7 7 0.7
405 5 0 1024 0 0 0.0
406 5 5 1024 5 5 0.5
406 4 8 1024 8 8 0.8
407 4 7 1024 7 7 0.7
407 3 9 1024 9 9 0.9
407 6 5 1024 5 5 0.5
408 4 4 1024 4 4 0.4
408 2 9 1024 9 9 0.9
408 3 5 1024 5 5 0.5
409 4 0 1024 0 0 0.0
409 2 10 1024 10 10 1.0
410 3 5 1024 5 5 0.5
410 5 4 1024 4 4 0.4
411 6 3 1024 3 3 0.3
411 1 10 1024 10 10 1.0
411 4 5 1024 5 5 0.5
412 3 6 1024 6 6 0.6
412 6 5 1024 5 5 0.5
413 4 5 1024 5 5 0.5
413 3 8 1024 8 8 0.8
414 5 6 1024 6 6 0.6
414 3 7 1024 7 7 0.7
414 7 4 1024 4 4 0.4
415 2 7 1024 7 7 0.7
415 5 6 1024 6 6 0.6
415 7 5 1024 5 5 0.5
416 4 5 1024 5 5 0.5
416 2 10 1024 10 10 1.0
416 3 8 1024 8 8 0.8
417 2 6 1024 6 6 0.6
418 3 5 1024 5 5 0.5
419 4 5 1024 5 5 0.5
419 2 10 1024 10 10 1.0
420 2 6 1024 6 6 0.6
420 6 5 1024 5 5 0.5
420 8 2 1024 2 2 0.2
421 4 0 1024 0 0 0.0
421 3 7 1024 7 7 0.7
422 7 3 1024 3 3 0.3
422 2 6 1024 6 6 0.6
422 5 5 1024 5 5 0.5
423 3 10 1024 10 10 1.0
423 4 5 1024 5 5 0.5
424 4 5 1024 5 5 0.5
424 2 10 1024 10 10 1.0
424 3 7 1024 7 7 0.7
425 4 4 1024 4 4 0.4
426 2 6 1024 6 6 0.6
426 8 4 1024 4 4 0.4
427 8 6 1024 6 6 0.6
427 5 8 1024 8 8 0.8
427 2 10 1024 10 10 1.0
428 2 6 1024 6 6 0.6
428 4 4 1024 4 4 0.4
429 3 10 1024 10 10 1.0
429 4 8 1024 8 8 0.8
429 5 3 1024 3 3 0.3
430 6 1 1024 1 1 0.1
430 3 7 1024 7 7 0.7
430 1 10 1024 10 10 1.0
431 0 10 1024 10 10 1.0
431 8 3 1024 3 3 0.3
431 3 6 1024 6 6 0.6
432 5 6 1024 6 6 0.6
432 6 0 1024 0 0 0.0
432 4 10 1024 10 10 1.0
433 3 7 1024 7 7 0.7
433 5 6 1024 6 6 0.6
434 7 4 1024 4 4 0.4
434 4 5 1024 5 5 0.5
434 3 8 1024 8 8 0.8
435 1 10 1024 10 10 1.0
435 4 5 1024 5 5 0.5
436 3 8 1024 8 8 0.8
436 6 2 1024 2 2 0.2
436 5 6 1024 6 6 0.6
437 1 10 1024 10 10 1.0
437 7 3 1024 3 3 0.3
437 4 8 1024 8 8 0.8
438 2 10 1024 10 10 1.0
438 4 8 1024 8 8 0.8
438 5 6 1024 6 6 0.6
439 3 8 1024 8 8 0.8
439 5 7 1024 7 7 0.7
439 2 10 1024 10 10 1.0
440 3 8 1024 8 8 0.8
440 6 4 1024 4 4 0.4
440 4 7 1024 7 7 0.7
441 4 6 1024 6 6 0.6
441 5 0 1024 0 0 0.0
441 3 7 1024 7 7 0.7
442 5 5 1024 5 5 0.5
442 3 7 1024 7 7 0.7
442 4 6 1024 6 6 0.6
443 4 5 1024 5 5 0.5
443 2 9 1024 9 9 0.9
444 4 8 1024 8 8 0.8
444 3 10 1024 10 10 1.0
444 5 4 1024 4 4 0.4
445 4 4 1024 4 4 0.4
446 2 9 1024 9 9 0.9
446 5 6 1024 6 6 0.6
446 3 8 1024 8 8 0.8
446 1 10 1024 10 10 1.0
447 2 9 1024 9 9 0.9
447 3 8 1024 8 8 0.8
447 5 4 1024 4 4 0.4
448 4 5 1024 5 5 0.5
448 3 9 1024 9 9 0.9
448 5 3 1024 3 3 0.3
449 3 8 1024 8 8 0.8
449 4 4 1024 4 4 0.4
450 6 8 1024 8 8 0.8
450 3 9 1024 9 9 0.9
451 2 5 1024 5 5 0.5
452 6 4 1024 4 4 0.4
452 2 8 1024 8 8 0.8
452 7 2 1024 2 2 0.2
452 5 6 1024 6 6 0.6
453 1 10 1024 10 10 1.0
453 4 5 1024 5 5 0.5
454 5 5 1024 5 5 0.5
454 1 10 1024 10 10 1.0
454 3 9 1024 9 9 0.9
454 4 8 1024 8 8 0.8
455 2 8 1024 8 8 0.8
455 4 5 1024 5 5 0.5
456 5 6 1024 6 6 0.6
456 7 4 1024 4 4 0.4
456 3 7 1024 7 7 0.7
457 2 10 1024 10 10 1.0
457 4 7 1024 7 7 0.7
458 5 4 1024 4 4 0.4
458 3 6 1024 6 6 0.6
459 4 7 1024 7 7 0.7
459 5 3 1024 3 3 0.3
460 5 0 1024 0 0 0.0
461 3 8 1024 8 8 0.8
461 5 7 1024 7 7 0.7
461 7 5 1024 5 5 0.5
461 2 10 1024 10 10 1.0
462 6 5 1024 5 5 0.5
462 4 9 1024 9 9 0.9
462 3 10 1024 10 10 1.0
462 8 0 1024 0 0 0.0
463 3 8 1024 8 8 0.8
463 5 5 1024 5 5 0.5
464 4 5 1024 5 5 0.5
464 6 4 1024 4 4 0.4
464 3 6 1024 6 6 0.6
465 4 6 1024 6 6 0.6
465 5 3 1024 3 3 0.3
465 8 0 1024 0 0 0.0
466 5 5 1024 5 5 0.5
467 4 8 1024 8 8 0.8
467 7 4 1024 4 4 0.4
467 3 9 1024 9 9 0.9
468 7 4 1024 4 4 0.4
468 2 7 1024 7 7 0.7
468 4 5 1024 5 5 0.5
469 5 6 1024 6 6 0.6
469 3 7 1024 7 7 0.7
470 4 5 1024 5 5 0.5
471 5 5 1024 5 5 0.5
471 3 10 1024 10 10 1.0
471 4 9 1024 9 9 0.9
472 5 7 1024 7 7 0.7
472 3 8 1024 8 8 0.8
472 6 6 1024 6 6 0.6
473 5 3 1024 3 3 0.3
473 3 10 1024 10 10 1.0
474 8 5 1024 5 5 0.5
474 5 9 1024 9 9 0.9
474 3 10 1024 10 10 1.0
474 6 6 1024 6 6 0.6
475 6 4 1024 4 4 0.4
475 4 6 1024 6 6 0.6
475 3 9 1024 9 9 0.9
476 2 10 1024 10 10 1.0
476 4 7 1024 7 7 0.7
476 3 8 1024 8 8 0.8
476 9 6 1024 6 6 0.6
477 4 7 1024 7 7 0.7
478 3 5 1024 5 5 0.5
479 3 5 1024 5 5 0.5
480 1 10 1024 10 10 1.0
480 3 8 1024 8 8 0.8
480 4 3 1024 3 3 0.3
481 4 10 1024 10 10 1.0
481 6 8 1024 8 8 0.8
481 7 6 1024 6 6 0.6
481 8 5 1024 5 5 0.5
482 3 5 1024 5 5 0.5
483 4 10 1024 10 10 1.0
483 5 6 1024 6 6 0.6
483 6 2 1024 2 2 0.2
484 4 5 1024 5 5 0.5
484 5 0 1024 0 0 0.0
485 2 7 1024 7 7 0.7
485 3 6 1024 6 6 0.6
485 5 3 1024 3 3 0.3
485 4 5 1024 5 5 0.5
486 3 10 1024 10 10 1.0
486 6 4 1024 4 4 0.4
487 5 4 1024 4 4 0.4
487 0 10 1024 10 10 1.0
487 4 8 1024 8 8 0.8
488 3 5 1024 5 5 0.5
489 2 5 1024 5 5 0.5
490 4 2 1024 2 2 0.2
491 3 2 1024 2 2 0.2
492 3 7 1024 7 7 0.7
492 2 9 1024 9 9 0.9
493 3 8 1024 8 8 0.8
493 5 4 1024 4 4 0.4
493 6 3 1024 3 3 0.3
494 2 10 1024 10 10 1.0
494 5 7 1024 7 7 0.7
494 4 8 1024 8 8 0.8
494 6 5 1024 5 5 0.5
495 5 7 1024 7 7 0.7
495 2 10 1024 10 10 1.0
495 9 5 1024 5 5 0.5
496 2 2 1024 2 2 0.2
497 2 7 1024 7 7 0.7
497 4 2 1024 2 2 0.2
498 3 6 1024 6 6 0.6
499 7 6 1024 6 6 0.6
499 3 9 1024 9 9 0.9
499 5 7 1024 7 7 0.7
500 2 10 1024 10 10 1.0
500 4 8 1024 8 8 0.8
500 5 2 1024 2 2 0.2
501 8 3 1024 3 3 0.3
501 3 9 1024 9 9 0.9
501 4 5 1024 5 5 0.5
501 2 10 1024 10 10 1.0
501 7 4 1024 4 4 0.4
502 5 0 1024 0 0 0.0
502 4 5 1024 5 5 0.5
502 2 8 1024 8 8 0.8
503 4 3 1024 3 3 0.3
503 3 9 1024 9 9 0.9
504 5 6 1024 6 6 0.6
504 7 4 1024 4 4 0.4
504 4 8 1024 8 8 0.8
505 5 4 1024 4 4 0.4
505 4 7 1024 7 7 0.7
505 3 8 1024 8 8 0.8
506 3 4 1024 4 4 0.4
507 4 5 1024 5 5 0.5
507 1 7 1024 7 7 0.7
508 5 0 1024 0 0 0.0
508 3 5 1024 5 5 0.5
509 2 10 1024 10 10 1.0
509 4 1 1024 1 1 0.1
510 3 8 1024 8 8 0.8
510 8 0 1024 0 0 0.0
510 6 5 1024 5 5 0.5
511 3 8 1024 8 8 0.8
511 2 10 1024 10 10 1.0
511 6 5 1024 5 5 0.5
511 7 0 1024 0 0 0.0
512 3 7 1024 7 7 0.7
512 2 9 1024 9 9 0.9
513 3 5 1024 5 5 0.5
513 5 3 1024 3 3 0.3
514 3 3 1024 3 3 0.3
515 4 0 1024 0 0 0.0
515 1 10 1024 10 10 1.0
516 5 5 1024 5 5 0.5
516 2 7 1024 7 7 0.7
517 8 5 1024 5 5 0.5
517 4 6 1024 6 6 0.6
518 6 6 1024 6 6 0.6
518 7 1 1024 1 1 0.1
518 4 9 1024 9 9 0.9
518 2 10 1024 10 10 1.0
519 3 6 1024 6 6 0.6
520 3 10 1024 10 10 1.0
520 7 0 1024 0 0 0.0
520 4 9 1024 9 9 0.9
520 5 6 1024 6 6 0.6
521 4 3 1024 3 3 0.3
521 6 2 1024 2 2 0.2
522 7 6 1024 6 6 0.6
522 3 8 1024 8 8 0.8
523 5 5 1024 5 5 0.5
523 3 8 1024 8 8 0.8
524 5 5 1024 5 5 0.5
524 4 8 1024 8 8 0.8
524 2 10 1024 10 10 1.0
525 4 5 1024 5 5 0.5
525 6 4 1024 4 4 0.4
525 3 8 1024 8 8 0.8
526 3 8 1024 8 8 0.8
526 5 3 1024 3 3 0.3
527 7 5 1024 5 5 0.5
527 3 9 1024 9 9 0.9
527 5 7 1024 7 7 0.7
528 8 1 1024 1 1 0.1
528 3 5 1024 5 5 0.5
529 2 10 1024 10 10 1.0
529 3 7 1024 7 7 0.7
529 5 6 1024 6 6 0.6
530 3 7 1024 7 7 0.7
530 5 0 1024 0 0 0.0
531 5 6 1024 6 6 0.6
531 6 5 1024 5 5 0.5
531 4 7 1024 7 7 0.7
531 0 10 1024 10 10 1.0
532 3 6 1024 6 6 0.6
532 4 4 1024 4 4 0.4
533 6 5 1024 5 5 0.5
533 3 7 1024 7 7 0.7
534 8 0 1024 0 0 0.0
534 3 4 1024 4 4 0.4
535 6 5 1024 5 5 0.5
535 5 6 1024 6 6 0.6
535 3 7 1024 7 7 0.7
535 1 10 1024 10 10 1.0
535 8 4 1024 4 4 0.4
536 2 8 1024 8 8 0.8
536 4 4 1024 4 4 0.4
536 3 6 1024 6 6 0.6
537 6 4 1024 4 4 0.4
537 3 8 1024 8 8 0.8
537 5 5 1024 5 5 0.5
538 5 3 1024 3 3 0.3
538 4 5 1024 5 5 0.5
539 5 7 1024 7 7 0.7
539 3 10 1024 10 10 1.0
539 4 8 1024 8 8 0.8
540 2 5 1024 5 5 0.5
541 3 5 1024 5 5 0.5
542 4 6 1024 6 6 0.6
542 3 9 1024 9 9 0.9
542 6 3 1024 3 3 0.3
543 6 5 1024 5 5 0.5
543 5 6 1024 6 6 0.6
543 3 9 1024 9 9 0.9
544 3 9 1024 9 9 0.9
544 5 5 1024 5 5 0.5
544 1 10 1024 10 10 1.0
545 3 6 1024 6 6 0.6
545 6 4 1024 4 4 0.4
546 8 0 1024 0 0 0.0
546 2 8 1024 8 8 0.8
546 4 6 1024 6 6 0.6
547 8 5 1024 5 5 0.5
547 1 10 1024 10 10 1.0
547 6 6 1024 6 6 0.6
547 3 9 1024 9 9 0.9
548 2 5 1024 5 5 0.5
548 8 3 1024 3 3 0.3
548 1 6 1024 6 6 0.6
549 2 7 1024 7 7 0.7
549 6 4 1024 4 4 0.4
549 4 6 1024 6 6 0.6
550 4 6 1024 6 6 0.6
550 7 5 1024 5 5 0.5
550 2 9 1024 9 9 0.9
551 7 2 1024 2 2 0.2
551 4 5 1024 5 5 0.5
552 8 0 1024 0 0 0.0
552 6 3 1024 3 3 0.3
552 4 7 1024 7 7 0.7
552 3 10 1024 10 10 1.0
553 6 4 1024 4 4 0.4
553 3 8 1024 8 8 0.8
554 3 6 1024 6 6 0.6
554 5 5 1024 5 5 0.5
554 1 10 1024 10 10 1.0
555 3 0 1024 0 0 0.0
555 2 8 1024 8 8 0.8
556 1 10 1024 10 10 1.0
556 4 4 1024 4 4 0.4
557 3 8 1024 8 8 0.8
557 8 3 1024 3 3 0.3
557 5 5 1024 5 5 0.5
558 2 10 1024 10 10 1.0
558 3 9 1024 9 9 0.9
558 5 5 1024 5 5 0.5
559 4 7 1024 7 7 0.7
560 5 6 1024 6 6 0.6
561 4 6 1024 6 6 0.6
561 2 10 1024 10 10 1.0
562 5 6 1024 6 6 0.6
562 3 10 1024 10 10 1.0
562 6 1 1024 1 1 0.1
563 5 3 1024 3 3 0.3
563 4 7 1024 7 7 0.7
564 3 4 1024 4 4 0.4
565 5 5 1024 5 5 0.5
565 7 3 1024 3 3 0.3
565 6 4 1024 4 4 0.4
565 4 6 1024 6 6 0.6
566 3 5 1024 5 5 0.5
566 6 3 1024 3 3 0.3
566 0 10 1024 10 10 1.0
567 5 5 1024 5 5 0.5
567 3 8 1024 8 8 0.8
567 1 10 1024 10 10 1.0
568 5 5 1024 5 5 0.5
568 4 6 1024 6 6 0.6
569 3 6 1024 6 6 0.6
569 6 5 1024 5 5 0.5
570 4 6 1024 6 6 0.6
570 2 9 1024 9 9 0.9
571 4 10 1024 10 10 1.0
571 5 7 1024 7 7 0.7
571 6 4 1024 4 4 0.4
572 5 6 1024 6 6 0.6
572 2 10 1024 10 10 1.0
572 3 7 1024 7 7 0.7
573 4 5 1024 5 5 0.5
573 3 10 1024 10 10 1.0
574 3 6 1024 6 6 0.6
574 5 5 1024 5 5 0.5
575 6 6 1024 6 6 0.6
575 3 9 1024 9 9 0.9
576 5 4 1024 4 4 0.4
576 3 8 1024 8 8 0.8
577 3 6 1024 6 6 0.6
577 1 10 1024 10 10 1.0
577 5 3 1024 3 3 0.3
578 3 6 1024 6 6 0.6
579 4 5 1024 5 5 0.5
579 6 4 1024 4 4 0.4
579 7 0 1024 0 0 0.0
580 2 10 1024 10 10 1.0
580 7 2 1024 2 2 0.2
580 4 7 1024 7 7 0.7
580 6 5 1024 5 5 0.5
581 5 6 1024 6 6 0.6
581 6 5 1024 5 5 0.5
581 4 8 1024 8 8 0.8
582 3 8 1024 8 8 0.8
582 7 5 1024 5 5 0.5
582 6 7 1024 7 7 0.7
583 3 0 1024 0 0 0.0
584 3 10 1024 10 10 1.0
584 5 7 1024 7 7 0.7
584 6 4 1024 4 4 0.4
585 5 6 1024 6 6 0.6
585 6 4 1024 4 4 0.4
585 2 8 1024 8 8 0.8
586 5 6 1024 6 6 0.6
586 2 7 1024 7 7 0.7
587 3 8 1024 8 8 0.8
587 1 10 1024 10 10 1.0
587 7 2 1024 2 2 0.2
588 3 6 1024 6 6 0.6
588 4 4 1024 4 4 0.4
589 4 5 1024 5 5 0.5
589 2 10 1024 10 10 1.0
590 3 8 1024 8 8 0.8
590 6 0 1024 0 0 0.0
590 5 5 1024 5 5 0.5
590 4 6 1024 6 6 0.6
591 4 7 1024 7 7 0.7
591 3 8 1024 8 8 0.8
591 6 3 1024 3 3 0.3
591 2 10 1024 10 10 1.0
592 4 5 1024 5 5 0.5
592 7 1 1024 1 1 0.1
592 2 8 1024 8 8 0.8
593 7 6 1024 6 6 0.6
593 4 8 1024 8 8 0.8
593 5 7 1024 7 7 0.7
594 4 5 1024 5 5 0.5
594 3 8 1024 8 8 0.8
595 1 10 1024 10 10 1.0
595 4 5 1024 5 5 0.5
595 6 4 1024 4 4 0.4
596 4 8 1024 8 8 0.8
596 6 5 1024 5 5 0.5
597 3 7 1024 7 7 0.7
597 5 6 1024 6 6 0.6
597 6 5 1024 5 5 0.5
598 4 2 1024 2 2 0.2
598 2 10 1024 10 10 1.0
599 2 10 1024 10 10 1.0
599 7 6 1024 6 6 0.6
599 4 7 1024 7 7 0.7
599 3 9 1024 9 9 0.9
600 6 4 1024 4 4 0.4
600 2 10 1024 10 10 1.0
600 4 7 1024 7 7 0.7
601 6 2 1024 2 2 0.2
601 3 5 1024 5 5 0.5
602 4 4 1024 4 4 0.4
602 2 10 1024 10 10 1.0
603 6 6 1024 6 6 0.6
603 7 2 1024 2 2 0.2
603 4 7 1024 7 7 0.7
604 6 5 1024 5 5 0.5
604 3 8 1024 8 8 0.8
605 4 8 1024 8 8 0.8
605 5 6 1024 6 6 0.6
605 7 4 1024 4 4 0.4
605 6 5 1024 5 5 0.5
606 5 7 1024 7 7 0.7
606 3 8 1024 8 8 0.8
606 2 10 1024 10 10 1.0
607 3 7 1024 7 7 0.7
607 2 9 1024 9 9 0.9
607 5 4 1024 4 4 0.4
608 2 9 1024 9 9 0.9
608 3 5 1024 5 5 0.5
609 3 0 1024 0 0 0.0
610 4 6 1024 6 6 0.6
611 7 4 1024 4 4 0.4
611 4 5 1024 5 5 0.5
611 3 7 1024 7 7 0.7
612 3 6 1024 6 6 0.6
612 0 10 1024 10 10 1.0
613 3 9 1024 9 9 0.9
613 5 5 1024 5 5 0.5
613 6 4 1024 4 4 0.4
613 7 3 1024 3 3 0.3
614 1 5 1024 5 5 0.5
615 4 0 1024 0 0 0.0
616 3 8 1024 8 8 0.8
616 4 5 1024 5 5 0.5
616 5 0 1024 0 0 0.0
617 2 5 1024 5 5 0.5
618 1 10 1024 10 10 1.0
618 3 5 1024 5 5 0.5
619 3 10 1024 10 10 1.0
619 4 4 1024 4 4 0.4
620 1 5 1024 5 5 0.5
621 6 6 1024 6 6 0.6
621 3 8 1024 8 8 0.8
622 5 6 1024 6 6 0.6
622 4 9 1024 9 9 0.9
622 2 10 1024 10 10 1.0
623 6 4 1024 4 4 0.4
623 3 6 1024 6 6 0.6
624 3 3 1024 3 3 0.3
625 2 10 1024 10 10 1.0
625 3 7 1024 7 7 0.7
625 6 4 1024 4 4 0.4
626 4 10 1024 10 10 1.0
626 5 0 1024 0 0 0.0
627 6 6 1024 6 6 0.6
627 5 7 1024 7 7 0.7
627 4 8 1024 8 8 0.8
628 4 5 1024 5 5 0.5
628 3 8 1024 8 8 0.8
629 3 7 1024 7 7 0.7
629 7 6 1024 6 6 0.6
630 4 3 1024 3 3 0.3
630 2 10 1024 10 10 1.0
631 5 4 1024 4 4 0.4
631 1 10 1024 10 10 1.0
631 2 7 1024 7 7 0.7
632 7 1 1024 1 1 0.1
632 4 6 1024 6 6 0.6
632 2 10 1024 10 10 1.0
633 3 6 1024 6 6 0.6
633 2 10 1024 10 10 1.0
633 5 5 1024 5 5 0.5
634 4 5 1024 5 5 0.5
634 7 4 1024 4 4 0.4
635 2 8 1024 8 8 0.8
635 1 10 1024 10 10 1.0
635 4 0 1024 0 0 0.0
635 3 7 1024 7 7 0.7
636 5 5 1024 5 5 0.5
636 4 7 1024 7 7 0.7
637 7 0 1024 0 0 0.0
637 5 6 1024 6 6 0.6
637 4 8 1024 8 8 0.8
638 4 6 1024 6 6 0.6
638 7 0 1024 0 0 0.0
638 2 7 1024 7 7 0.7
639 5 2 1024 2 2 0.2
639 4 8 1024 8 8 0.8
639 2 10 1024 10 10 1.0
640 4 10 1024 10 10 1.0
640 5 4 1024 4 4 0.4
641 3 9 1024 9 9 0.9
641 6 6 1024 6 6 0.6
642 5 6 1024 6 6 0.6
642 1 9 1024 9 9 0.9
642 3 8 1024 8 8 0.8
643 6 6 1024 6 6 0.6
643 2 10 1024 10 10 1.0
643 4 7 1024 7 7 0.7
644 7 2 1024 2 2 0.2
644 3 6 1024 6 6 0.6
645 2 5 1024 5 5 0.5
646 5 4 1024 4 4 0.4
646 2 5 1024 5 5 0.5
647 5 6 1024 6 6 0.6
647 2 10 1024 10 10 1.0
647 3 9 1024 9 9 0.9
648 2 8 1024 8 8 0.8
648 6 5 1024 5 5 0.5
648 5 7 1024 7 7 0.7
649 3 6 1024 6 6 0.6
650 1 10 1024 10 10 1.0
650 7 5 1024 5 5 0.5
650 5 7 1024 7 7 0.7
651 2 4 1024 4 4 0.4
652 6 5 1024 5 5 0.5
652 3 6 1024 6 6 0.6
653 5 8 1024 8 8 0.8
653 6 2 1024 2 2 0.2
653 4 9 1024 9 9 0.9
653 2 10 1024 10 10 1.0
654 4 5 1024 5 5 0.5
654 5 0 1024 0 0 0.0
654 3 6 1024 6 6 0.6
655 4 1 1024 1 1 0.1
655 3 10 1024 10 10 1.0
656 4 7 1024 7 7 0.7
656 5 4 1024 4 4 0.4
656 3 10 1024 10 10 1.0
657 1 8 1024 8 8 0.8
657 7 5 1024 5 5 0.5
657 3 6 1024 6 6 0.6
658 7 4 1024 4 4 0.4
658 5 6 1024 6 6 0.6
658 3 7 1024 7 7 0.7
659 3 6 1024 6 6 0.6
659 2 10 1024 10 10 1.0
660 6 6 1024 6 6 0.6
660 2 8 1024 8 8 0.8
660 4 7 1024 7 7 0.7
661 4 8 1024 8 8 0.8
661 5 4 1024 4 4 0.4
662 3 10 1024 10 10 1.0
662 4 6 1024 6 6 0.6
663 4 7 1024 7 7 0.7
663 6 5 1024 5 5 0.5
664 3 0 1024 0 0 0.0
665 3 8 1024 8 8 0.8
665 5 2 1024 2 2 0.2
666 3 7 1024 7 7 0.7
666 4 5 1024 5 5 0.5
667 3 6 1024 6 6 0.6
667 6 4 1024 4 4 0.4
667 2 10 1024 10 10 1.0
668 5 5 1024 5 5 0.5
668 3 10 1024 10 10 1.0
669 5 4 1024 4 4 0.4
669 4 6 1024 6 6 0.6
670 5 5 1024 5 5 0.5
670 3 7 1024 7 7 0.7
671 2 10 1024 10 10 1.0
671 5 3 1024 3 3 0.3
672 2 10 1024 10 10 1.0
672 5 5 1024 5 5 0.5
672 4 8 1024 8 8 0.8
673 5 5 1024 5 5 0.5
673 2 9 1024 9 9 0.9
673 6 0 1024 0 0 0.0
674 6 7 1024 7 7 0.7
674 7 3 1024 3 3 0.3
674 3 9 1024 9 9 0.9
674 4 8 1024 8 8 0.8
674 8 1 1024 1 1 0.1
675 3 7 1024 7 7 0.7
675 1 10 1024 10 10 1.0
675 6 6 1024 6 6 0.6
676 5 5 1024 5 5 0.5
676 1 10 1024 10 10 1.0
676 3 6 1024 6 6 0.6
677 4 5 1024 5 5 0.5
677 6 2 1024 2 2 0.2
677 3 9 1024 9 9 0.9
678 6 5 1024 5 5 0.5
678 3 8 1024 8 8 0.8
678 7 4 1024 4 4 0.4
678 8 0 1024 0 0 0.0
679 5 5 1024 5 5 0.5
679 3 8 1024 8 8 0.8
679 2 10 1024 10 10 1.0
680 3 8 1024 8 8 0.8
680 4 4 1024 4 4 0.4
681 2 10 1024 10 10 1.0
681 3 5 1024 5 5 0.5
682 2 10 1024 10 10 1.0
682 3 5 1024 5 5 0.5
683 2 10 1024 10 10 1.0
683 3 6 1024 6 6 0.6
684 3 9 1024 9 9 0.9
684 5 5 1024 5 5 0.5
684 7 2 1024 2 2 0.2
685 3 1 1024 1 1 0.1
686 2 8 1024 8 8 0.8
686 5 0 1024 0 0 0.0
687 3 6 1024 6 6 0.6
687 2 9 1024 9 9 0.9
688 3 9 1024 9 9 0.9
688 4 6 1024 6 6 0.6
688 6 4 1024 4 4 0.4
689 1 5 1024 5 5 0.5
690 5 7 1024 7 7 0.7
690 2 10 1024 10 10 1.0
690 6 5 1024 5 5 0.5
690 3 8 1024 8 8 0.8
691 5 4 1024 4 4 0.4
691 3 7 1024 7 7 0.7
692 5 7 1024 7 7 0.7
692 4 8 1024 8 8 0.8
692 6 6 1024 6 6 0.6
693 5 4 1024 4 4 0.4
693 4 6 1024 6 6 0.6
693 3 9 1024 9 9 0.9
694 4 6 1024 6 6 0.6
694 2 10 1024 10 10 1.0
694 5 4 1024 4 4 0.4
695 6 5 1024 5 5 0.5
695 1 8 1024 8 8 0.8
696 3 8 1024 8 8 0.8
696 5 6 1024 6 6 0.6
697 5 0 1024 0 0 0.0
697 4 6 1024 6 6 0.6
698 7 3 1024 3 3 0.3
698 2 10 1024 10 10 1.0
698 4 5 1024 5 5 0.5
699 6 2 1024 2 2 0.2
699 3 4 1024 4 4 0.4
700 5 5 1024 5 5 0.5
700 3 6 1024 6 6 0.6
700 2 10 1024 10 10 1.0
701 2 10 1024 10 10 1.0
701 4 5 1024 5 5 0.5
702 1 10 1024 10 10 1.0
702 2 7 1024 7 7 0.7
702 4 5 1024 5 5 0.5
703 3 7 1024 7 7 0.7
703 5 6 1024 6 6 0.6
704 6 5 1024 5 5 0.5
704 3 7 1024 7 7 0.7
705 2 5 1024 5 5 0.5
706 2 8 1024 8 8 0.8
706 4 6 1024 6 6 0.6
707 5 6 1024 6 6 0.6
707 7 4 1024 4 4 0.4
707 2 10 1024 10 10 1.0
708 4 9 1024 9 9 0.9
708 5 4 1024 4 4 0.4
709 5 8 1024 8 8 0.8
709 6 4 1024 4 4 0.4
710 2 10 1024 10 10 1.0
710 4 4 1024 4 4 0.4
711 7 3 1024 3 3 0.3
711 3 9 1024 9 9 0.9
711 4 7 1024 7 7 0.7
712 2 10 1024 10 10 1.0
712 4 5 1024 5 5 0.5
713 4 7 1024 7 7 0.7
713 6 5 1024 5 5 0.5
713 3 9 1024 9 9 0.9
714 5 7 1024 7 7 0.7
714 8 3 1024 3 3 0.3
714 3 8 1024 8 8 0.8
714 6 5 1024 5 5 0.5
715 5 4 1024 4 4 0.4
715 4 8 1024 8 8 0.8
715 3 10 1024 10 10 1.0
716 4 8 1024 8 8 0.8
716 6 4 1024 4 4 0.4
716 3 9 1024 9 9 0.9
717 6 2 1024 2 2 0.2
717 5 8 1024 8 8 0.8
718 3 10 1024 10 10 1.0
718 4 4 1024 4 4 0.4
719 5 8 1024 8 8 0.8
719 8 5 1024 5 5 0.5
719 2 9 1024 9 9 0.9
720 3 4 1024 4 4 0.4
721 6 3 1024 3 3 0.3
721 4 5 1024 5 5 0.5
721 3 10 1024 10 10 1.0
722 2 8 1024 8 8 0.8
722 4 7 1024 7 7 0.7
722 1 10 1024 10 10 1.0
723 3 9 1024 9 9 0.9
723 5 5 1024 5 5 0.5
723 0 10 1024 10 10 1.0
723 4 8 1024 8 8 0.8
724 6 4 1024 4 4 0.4
724 1 6 1024 6 6 0.6
725 8 2 1024 2 2 0.2
725 5 5 1024 5 5 0.5
725 2 10 1024 10 10 1.0
726 7 2 1024 2 2 0.2
726 3 10 1024 10 10 1.0
726 5 6 1024 6 6 0.6
726 4 9 1024 9 9 0.9
727 5 5 1024 5 5 0.5
727 6 4 1024 4 4 0.4
727 4 7 1024 7 7 0.7
727 3 9 1024 9 9 0.9
728 4 7 1024 7 7 0.7
728 5 6 1024 6 6 0.6
728 7 5 1024 5 5 0.5
729 1 10 1024 10 10 1.0
729 8 5 1024 5 5 0.5
729 5 6 1024 6 6 0.6
729 3 8 1024 8 8 0.8
730 1 10 1024 10 10 1.0
730 6 4 1024 4 4 0.4
730 4 6 1024 6 6 0.6
731 4 6 1024 6 6 0.6
731 3 10 1024 10 10 1.0
731 6 5 1024 5 5 0.5
732 7 4 1024 4 4 0.4
732 5 5 1024 5 5 0.5
732 2 9 1024 9 9 0.9
733 4 6 1024 6 6 0.6
733 5 4 1024 4 4 0.4
733 3 8 1024 8 8 0.8
734 4 2 1024 2 2 0.2
734 3 10 1024 10 10 1.0
735 3 7 1024 7 7 0.7
735 4 5 1024 5 5 0.5
736 4 7 1024 7 7 0.7
736 6 6 1024 6 6 0.6
737 6 4 1024 4 4 0.4
737 3 6 1024 6 6 0.6
738 4 5 1024 5 5 0.5
738 3 8 1024 8 8 0.8
739 7 3 1024 3 3 0.3
739 1 10 1024 10 10 1.0
739 5 5 1024 5 5 0.5
739 3 8 1024 8 8 0.8
740 5 5 1024 5 5 0.5
740 8 0 1024 0 0 0.0
740 2 8 1024 8 8 0.8
741 4 5 1024 5 5 0.5
742 5 0 1024 0 0 0.0
742 3 7 1024 7 7 0.7
743 4 4 1024 4 4 0.4
743 3 8 1024 8 8 0.8
744 3 7 1024 7 7 0.7
744 6 5 1024 5 5 0.5
745 5 5 1024 5 5 0.5
745 2 6 1024 6 6 0.6
746 1 6 1024 6 6 0.6
746 4 5 1024 5 5 0.5
747 2 8 1024 8 8 0.8
747 3 6 1024 6 6 0.6
747 7 4 1024 4 4 0.4
748 7 5 1024 5 5 0.5
748 2 7 1024 7 7 0.7
749 4 0 1024 0 0 0.0
750 4 8 1024 8 8 0.8
750 6 5 1024 5 5 0.5
751 2 10 1024 10 10 1.0
751 4 5 1024 5 5 0.5
751 3 9 1024 9 9 0.9
752 3 8 1024 8 8 0.8
752 4 7 1024 7 7 0.7
752 5 6 1024 6 6 0.6
753 3 5 1024 5 5 0.5
754 3 10 1024 10 10 1.0
754 4 8 1024 8 8 0.8
754 5 2 1024 2 2 0.2
755 5 5 1024 5 5 0.5
755 3 10 1024 10 10 1.0
756 7 3 1024 3 3 0.3
756 1 10 1024 10 10 1.0
756 4 5 1024 5 5 0.5
757 2 10 1024 10 10 1.0
757 4 5 1024 5 5 0.5
757 8 2 1024 2 2 0.2
757 3 8 1024 8 8 0.8
758 3 5 1024 5 5 0.5
759 6 4 1024 4 4 0.4
759 3 10 1024 10 10 1.0
759 4 8 1024 8 8 0.8
760 1 6 1024 6 6 0.6
760 4 3 1024 3 3 0.3
761 7 5 1024 5 5 0.5
761 4 7 1024 7 7 0.7
762 5 1 1024 1 1 0.1
762 4 4 1024 4 4 0.4
762 3 9 1024 9 9 0.9
763 7 5 1024 5 5 0.5
763 1 10 1024 10 10 1.0
763 3 8 1024 8 8 0.8
764 2 8 1024 8 8 0.8
764 5 3 1024 3 3 0.3
765 3 10 1024 10 10 1.0
765 5 5 1024 5 5 0.5
765 4 8 1024 8 8 0.8
765 6 2 1024 2 2 0.2
766 7 6 1024 6 6 0.6
766 4 8 1024 8 8 0.8
766 3 10 1024 10 10 1.0
767 2 8 1024 8 8 0.8
767 5 4 1024 4 4 0.4
768 2 10 1024 10 10 1.0
768 4 7 1024 7 7 0.7
768 5 4 1024 4 4 0.4
769 4 5 1024 5 5 0.5
770 6 4 1024 4 4 0.4
770 5 5 1024 5 5 0.5
770 2 10 1024 10 10 1.0
771 3 7 1024 7 7 0.7
771 6 6 1024 6 6 0.6
772 3 10 1024 10 10 1.0
772 4 6 1024 6 6 0.6
773 4 7 1024 7 7 0.7
773 7 0 1024 0 0 0.0
773 1 10 1024 10 10 1.0
773 3 8 1024 8 8 0.8
774 3 9 1024 9 9 0.9
774 7 6 1024 6 6 0.6
774 4 7 1024 7 7 0.7
775 4 8 1024 8 8 0.8
775 1 10 1024 10 10 1.0
775 8 6 1024 6 6 0.6
775 6 7 1024 7 7 0.7
776 2 3 1024 3 3 0.3
777 3 7 1024 7 7 0.7
777 2 10 1024 10 10 1.0
777 6 5 1024 5 5 0.5
778 1 10 1024 10 10 1.0
778 6 5 1024 5 5 0.5
778 3 6 1024 6 6 0.6
779 4 10 1024 10 10 1.0
779 6 5 1024 5 5 0.5
779 5 9 1024 9 9 0.9
780 3 7 1024 7 7 0.7
780 4 6 1024 6 6 0.6
781 4 4 1024 4 4 0.4
781 2 10 1024 10 10 1.0
782 4 9 1024 9 9 0.9
782 2 10 1024 10 10 1.0
782 6 4 1024 4 4 0.4
782 5 7 1024 7 7 0.7
783 6 2 1024 2 2 0.2
783 4 6 1024 6 6 0.6
783 2 10 1024 10 10 1.0
784 4 8 1024 8 8 0.8
784 7 5 1024 5 5 0.5
785 3 6 1024 6 6 0.6
785 5 2 1024 2 2 0.2
785 4 5 1024 5 5 0.5
786 6 3 1024 3 3 0.3
786 4 8 1024 8 8 0.8
786 5 7 1024 7 7 0.7
786 3 10 1024 10 10 1.0
787 2 7 1024 7 7 0.7
788 6 4 1024 4 4 0.4
788 2 10 1024 10 10 1.0
788 4 7 1024 7 7 0.7
789 4 4 1024 4 4 0.4
789 9 0 1024 0 0 0.0
789 5 2 1024 2 2 0.2
789 2 8 1024 8 8 0.8
790 7 4 1024 4 4 0.4
790 6 6 1024 6 6 0.6
790 3 7 1024 7 7 0.7
790 2 10 1024 10 10 1.0
791 3 7 1024 7 7 0.7
791 6 3 1024 3 3 0.3
792 5 5 1024 5 5 0.5
792 4 6 1024 6 6 0.6
792 7 3 1024 3 3 0.3
793 3 0 1024 0 0 0.0
794 2 7 1024 7 7 0.7
794 4 5 1024 5 5 0.5
795 4 5 1024 5 5 0.5
795 3 8 1024 8 8 0.8
795 1 10 1024 10 10 1.0
796 5 6 1024 6 6 0.6
796 2 10 1024 10 10 1.0
796 8 5 1024 5 5 0.5
796 4 8 1024 8 8 0.8
797 2 9 1024 9 9 0.9
797 0 10 1024 10 10 1.0
797 4 4 1024 4 4 0.4
798 5 5 1024 5 5 0.5
798 4 7 1024 7 7 0.7
798 6 4 1024 4 4 0.4
799 3 6 1024 6 6 0.6
799 5 5 1024 5 5 0.5
800 6 2 1024 2 2 0.2
800 3 6 1024 6 6 0.6
801 1 10 1024 10 10 1.0
801 5 3 1024 3 3 0.3
801 4 8 1024 8 8 0.8
802 4 8 1024 8 8 0.8
802 7 3 1024 3 3 0.3
803 2 8 1024 8 8 0.8
803 5 4 1024 4 4 0.4
804 4 5 1024 5 5 0.5
804 2 10 1024 10 10 1.0
804 3 9 1024 9 9 0.9
805 4 8 1024 8 8 0.8
805 5 4 1024 4 4 0.4
806 6 6 1024 6 6 0.6
806 1 10 1024 10 10 1.0
806 2 9 1024 9 9 0.9
807 4 8 1024 8 8 0.8
807 6 4 1024 4 4 0.4
807 5 7 1024 7 7 0.7
808 4 5 1024 5 5 0.5
809 4 8 1024 8 8 0.8
809 5 4 1024 4 4 0.4
810 5 4 1024 4 4 0.4
810 3 8 1024 8 8 0.8
810 4 5 1024 5 5 0.5
811 2 10 1024 10 10 1.0
811 6 5 1024 5 5 0.5
811 7 2 1024 2 2 0.2
811 4 9 1024 9 9 0.9
811 5 8 1024 8 8 0.8
812 5 0 1024 0 0 0.0
812 2 8 1024 8 8 0.8
813 5 6 1024 6 6 0.6
813 3 8 1024 8 8 0.8
814 2 10 1024 10 10 1.0
814 4 7 1024 7 7 0.7
815 3 5 1024 5 5 0.5
816 4 7 1024 7 7 0.7
816 3 8 1024 8 8 0.8
816 5 6 1024 6 6 0.6
817 8 0 1024 0 0 0.0
817 6 7 1024 7 7 0.7
817 4 8 1024 8 8 0.8
817 2 10 1024 10 10 1.0
818 7 2 1024 2 2 0.2
818 6 3 1024 3 3 0.3
818 3 7 1024 7 7 0.7
819 1 10 1024 10 10 1.0
819 5 5 1024 5 5 0.5
819 4 8 1024 8 8 0.8
820 3 6 1024 6 6 0.6
820 5 5 1024 5 5 0.5
820 8 4 1024 4 4 0.4
821 2 10 1024 10 10 1.0
821 3 5 1024 5 5 0.5
822 5 5 1024 5 5 0.5
822 2 10 1024 10 10 1.0
822 3 6 1024 6 6 0.6
822 6 3 1024 3 3 0.3
823 5 5 1024 5 5 0.5
823 2 8 1024 8 8 0.8
824 4 3 1024 3 3 0.3
824 3 6 1024 6 6 0.6
825 5 5 1024 5 5 0.5
825 3 6 1024 6 6 0.6
826 3 7 1024 7 7 0.7
826 5 5 1024 5 5 0.5
826 2 10 1024 10 10 1.0
826 7 4 1024 4 4 0.4
827 7 3 1024 3 3 0.3
827 0 10 1024 10 10 1.0
827 6 6 1024 6 6 0.6
827 4 8 1024 8 8 0.8
828 6 2 1024 2 2 0.2
828 3 8 1024 8 8 0.8
828 5 5 1024 5 5 0.5
829 4 9 1024 9 9 0.9
829 3 10 1024 10 10 1.0
829 5 8 1024 8 8 0.8
829 6 5 1024 5 5 0.5
830 5 5 1024 5 5 0.5
830 3 10 1024 10 10 1.0
831 5 4 1024 4 4 0.4
831 3 10 1024 10 10 1.0
832 2 9 1024 9 9 0.9
832 3 6 1024 6 6 0.6
832 7 0 1024 0 0 0.0
833 6 5 1024 5 5 0.5
833 3 10 1024 10 10 1.0
833 4 6 1024 6 6 0.6
834 4 5 1024 5 5 0.5
834 5 1 1024 1 1 0.1
834 3 8 1024 8 8 0.8
835 4 7 1024 7 7 0.7
835 5 5 1024 5 5 0.5
835 3 10 1024 10 10 1.0
836 4 6 1024 6 6 0.6
836 5 4 1024 4 4 0.4
836 7 3 1024 3 3 0.3
837 1 10 1024 10 10 1.0
837 3 7 1024 7 7 0.7
837 5 6 1024 6 6 0.6
838 3 4 1024 4 4 0.4
838 2 10 1024 10 10 1.0
839 3 6 1024 6 6 0.6
839 6 5 1024 5 5 0.5
840 3 8 1024 8 8 0.8
840 5 7 1024 7 7 0.7
841 4 3 1024 3 3 0.3
841 3 8 1024 8 8 0.8
842 2 10 1024 10 10 1.0
842 3 7 1024 7 7 0.7
842 5 6 1024 6 6 0.6
843 6 5 1024 5 5 0.5
843 2 8 1024 8 8 0.8
844 4 8 1024 8 8 0.8
844 7 5 1024 5 5 0.5
844 3 9 1024 9 9 0.9
844 2 10 1024 10 10 1.0
845 5 5 1024 5 5 0.5
845 3 6 1024 6 6 0.6
846 4 7 1024 7 7 0.7
846 5 6 1024 6 6 0.6
847 5 2 1024 2 2 0.2
847 4 4 1024 4 4 0.4
848 4 4 1024 4 4 0.4
848 2 8 1024 8 8 0.8
849 2 9 1024 9 9 0.9
849 4 4 1024 4 4 0.4
850 5 5 1024 5 5 0.5
850 4 7 1024 7 7 0.7
850 3 9 1024 9 9 0.9
851 5 7 1024 7 7 0.7
851 6 3 1024 3 3 0.3
851 3 8 1024 8 8 0.8
852 6 4 1024 4 4 0.4
852 3 7 1024 7 7 0.7
852 8 0 1024 0 0 0.0
853 3 10 1024 10 10 1.0
853 7 5 1024 5 5 0.5
853 4 6 1024 6 6 0.6
854 2 9 1024 9 9 0.9
854 4 7 1024 7 7 0.7
854 6 5 1024 5 5 0.5
855 4 3 1024 3 3 0.3
855 6 1 1024 1 1 0.1
856 2 10 1024 10 10 1.0
856 5 5 1024 5 5 0.5
856 8 2 1024 2 2 0.2
856 3 8 1024 8 8 0.8
856 4 7 1024 7 7 0.7
857 3 8 1024 8 8 0.8
857 4 7 1024 7 7 0.7
857 7 4 1024 4 4 0.4
858 3 4 1024 4 4 0.4
859 5 8 1024 8 8 0.8
859 4 10 1024 10 10 1.0
859 6 6 1024 6 6 0.6
860 2 5 1024 5 5 0.5
861 4 6 1024 6 6 0.6
861 3 10 1024 10 10 1.0
861 5 2 1024 2 2 0.2
862 5 5 1024 5 5 0.5
862 2 6 1024 6 6 0.6
863 5 6 1024 6 6 0.6
863 7 5 1024 5 5 0.5
863 4 7 1024 7 7 0.7
863 2 10 1024 10 10 1.0
864 2 8 1024 8 8 0.8
864 5 5 1024 5 5 0.5
865 2 10 1024 10 10 1.0
865 3 8 1024 8 8 0.8
865 5 7 1024 7 7 0.7
865 6 0 1024 0 0 0.0
866 6 0 1024 0 0 0.0
866 1 10 1024 10 10 1.0
866 5 7 1024 7 7 0.7
867 3 8 1024 8 8 0.8
867 6 5 1024 5 5 0.5
867 5 6 1024 6 6 0.6
868 8 3 1024 3 3 0.3
868 5 4 1024 4 4 0.4
868 3 6 1024 6 6 0.6
869 3 9 1024 9 9 0.9
869 4 0 1024 0 0 0.0
870 5 3 1024 3 3 0.3
870 3 9 1024 9 9 0.9
870 4 8 1024 8 8 0.8
870 2 10 1024 10 10 1.0
871 2 8 1024 8 8 0.8
871 3 2 1024 2 2 0.2
872 4 0 1024 0 0 0.0
873 3 10 1024 10 10 1.0
873 4 5 1024 5 5 0.5
873 5 4 1024 4 4 0.4
873 7 0 1024 0 0 0.0
874 5 7 1024 7 7 0.7
874 7 6 1024 6 6 0.6
874 3 8 1024 8 8 0.8
874 9 5 1024 5 5 0.5
875 6 5 1024 5 5 0.5
875 1 10 1024 10 10 1.0
875 5 6 1024 6 6 0.6
875 3 9 1024 9 9 0.9
876 3 6 1024 6 6 0.6
876 8 5 1024 5 5 0.5
877 5 2 1024 2 2 0.2
877 4 5 1024 5 5 0.5
878 4 6 1024 6 6 0.6
878 2 8 1024 8 8 0.8
879 8 4 1024 4 4 0.4
879 4 6 1024 6 6 0.6
879 2 8 1024 8 8 0.8
880 6 3 1024 3 3 0.3
880 3 5 1024 5 5 0.5
881 4 8 1024 8 8 0.8
881 5 4 1024 4 4 0.4
882 5 6 1024 6 6 0.6
882 4 8 1024 8 8 0.8
882 2 10 1024 10 10 1.0
883 6 5 1024 5 5 0.5
883 4 8 1024 8 8 0.8
883 5 6 1024 6 6 0.6
884 4 6 1024 6 6 0.6
884 1 9 1024 9 9 0.9
884 7 5 1024 5 5 0.5
885 3 10 1024 10 10 1.0
885 5 3 1024 3 3 0.3
885 4 7 1024 7 7 0.7
886 5 5 1024 5 5 0.5
886 6 4 1024 4 4 0.4
886 1 10 1024 10 10 1.0
887 3 5 1024 5 5 0.5
888 3 8 1024 8 8 0.8
888 7 4 1024 4 4 0.4
888 2 10 1024 10 10 1.0
888 5 5 1024 5 5 0.5
888 4 7 1024 7 7 0.7
889 2 10 1024 10 10 1.0
889 5 4 1024 4 4 0.4
889 7 2 1024 2 2 0.2
889 4 7 1024 7 7 0.7
890 3 8 1024 8 8 0.8
890 5 2 1024 2 2 0.2
891 3 9 1024 9 9 0.9
891 5 0 1024 0 0 0.0
891 4 6 1024 6 6 0.6
892 5 5 1024 5 5 0.5
892 4 7 1024 7 7 0.7
893 4 6 1024 6 6 0.6
893 2 7 1024 7 7 0.7
893 5 5 1024 5 5 0.5
894 2 10 1024 10 10 1.0
894 4 8 1024 8 8 0.8
894 5 3 1024 3 3 0.3
895 4 5 1024 5 5 0.5
896 4 8 1024 8 8 0.8
896 5 6 1024 6 6 0.6
896 3 9 1024 9 9 0.9
896 6 5 1024 5 5 0.5
897 4 8 1024 8 8 0.8
897 7 0 1024 0 0 0.0
897 5 7 1024 7 7 0.7
897 6 6 1024 6 6 0.6
898 3 7 1024 7 7 0.7
898 7 6 1024 6 6 0.6
899 3 4 1024 4 4 0.4
900 4 5 1024 5 5 0.5
900 7 0 1024 0 0 0.0
900 3 7 1024 7 7 0.7
901 5 0 1024 0 0 0.0
901 3 7 1024 7 7 0.7
901 2 10 1024 10 10 1.0
902 3 5 1024 5 5 0.5
902 1 9 1024 9 9 0.9
903 2 10 1024 10 10 1.0
903 4 6 1024 6 6 0.6
904 4 3 1024 3 3 0.3
905 3 4 1024 4 4 0.4
906 2 8 1024 8 8 0.8
906 4 3 1024 3 3 0.3
907 4 6 1024 6 6 0.6
908 4 4 1024 4 4 0.4
908 3 8 1024 8 8 0.8
909 2 8 1024 8 8 0.8
909 4 4 1024 4 4 0.4
910 5 5 1024 5 5 0.5
910 6 4 1024 4 4 0.4
910 4 7 1024 7 7 0.7
910 0 10 1024 10 10 1.0
911 7 5 1024 5 5 0.5
911 6 6 1024 6 6 0.6
911 3 9 1024 9 9 0.9
911 5 7 1024 7 7 0.7
912 2 8 1024 8 8 0.8
912 8 5 1024 5 5 0.5
912 7 6 1024 6 6 0.6
913 6 4 1024 4 4 0.4
913 3 8 1024 8 8 0.8
913 1 10 1024 10 10 1.0
914 5 5 1024 5 5 0.5
914 2 10 1024 10 10 1.0
915 4 6 1024 6 6 0.6
915 1 10 1024 10 10 1.0
915 3 8 1024 8 8 0.8
915 7 5 1024 5 5 0.5
916 1 10 1024 10 10 1.0
916 5 2 1024 2 2 0.2
916 4 9 1024 9 9 0.9
917 1 10 1024 10 10 1.0
917 5 0 1024 0 0 0.0
917 4 8 1024 8 8 0.8
918 3 6 1024 6 6 0.6
919 6 5 1024 5 5 0.5
919 3 8 1024 8 8 0.8
920 4 6 1024 6 6 0.6
920 3 8 1024 8 8 0.8
921 4 8 1024 8 8 0.8
921 5 0 1024 0 0 0.0
921 3 10 1024 10 10 1.0
922 9 2 1024 2 2 0.2
922 3 9 1024 9 9 0.9
922 5 4 1024 4 4 0.4
922 4 5 1024 5 5 0.5
923 6 4 1024 4 4 0.4
923 2 10 1024 10 10 1.0
923 4 6 1024 6 6 0.6
924 3 5 1024 5 5 0.5
924 8 2 1024 2 2 0.2
925 3 7 1024 7 7 0.7
925 4 0 1024 0 0 0.0
926 3 5 1024 5 5 0.5
926 4 4 1024 4 4 0.4
927 4 6 1024 6 6 0.6
927 5 2 1024 2 2 0.2
927 3 7 1024 7 7 0.7
928 7 5 1024 5 5 0.5
928 3 6 1024 6 6 0.6
929 6 5 1024 5 5 0.5
929 3 8 1024 8 8 0.8
930 3 7 1024 7 7 0.7
930 4 4 1024 4 4 0.4
931 1 10 1024 10 10 1.0
931 2 5 1024 5 5 0.5
932 2 7 1024 7 7 0.7
933 1 8 1024 8 8 0.8
934 4 5 1024 5 5 0.5
935 3 10 1024 10 10 1.0
935 8 4 1024 4 4 0.4
935 5 7 1024 7 7 0.7
936 5 5 1024 5 5 0.5
936 6 4 1024 4 4 0.4
936 4 7 1024 7 7 0.7
937 2 10 1024 10 10 1.0
937 3 9 1024 9 9 0.9
937 4 5 1024 5 5 0.5
938 5 7 1024 7 7 0.7
938 6 4 1024 4 4 0.4
938 2 8 1024 8 8 0.8
939 5 8 1024 8 8 0.8
939 9 2 1024 2 2 0.2
939 8 7 1024 7 7 0.7
940 4 5 1024 5 5 0.5
940 3 10 1024 10 10 1.0
940 5 1 1024 1 1 0.1
941 3 7 1024 7 7 0.7
942 4 8 1024 8 8 0.8
942 2 10 1024 10 10 1.0
942 5 6 1024 6 6 0.6
943 1 10 1024 10 10 1.0
943 5 6 1024 6 6 0.6
943 7 5 1024 5 5 0.5
944 3 3 1024 3 3 0.3
944 2 7 1024 7 7 0.7
945 4 7 1024 7 7 0.7
945 3 8 1024 8 8 0.8
946 6 4 1024 4 4 0.4
946 5 7 1024 7 7 0.7
946 3 9 1024 9 9 0.9
946 4 8 1024 8 8 0.8
947 5 4 1024 4 4 0.4
947 3 8 1024 8 8 0.8
948 3 7 1024 7 7 0.7
948 1 10 1024 10 10 1.0
949 4 8 1024 8 8 0.8
949 5 4 1024 4 4 0.4
950 6 3 1024 3 3 0.3
950 5 5 1024 5 5 0.5
950 4 7 1024 7 7 0.7
951 5 6 1024 6 6 0.6
951 3 10 1024 10 10 1.0
951 4 8 1024 8 8 0.8
952 4 5 1024 5 5 0.5
953 2 10 1024 10 10 1.0
953 3 9 1024 9 9 0.9
953 6 8 1024 8 8 0.8
954 1 8 1024 8 8 0.8
954 5 5 1024 5 5 0.5
955 2 10 1024 10 10 1.0
955 4 5 1024 5 5 0.5
955 6 3 1024 3 3 0.3
956 5 4 1024 4 4 0.4
956 1 10 1024 10 10 1.0
956 7 2 1024 2 2 0.2
957 4 6 1024 6 6 0.6
957 5 4 1024 4 4 0.4
957 6 1 1024 1 1 0.1
957 2 8 1024 8 8 0.8
958 2 8 1024 8 8 0.8
958 5 5 1024 5 5 0.5
959 8 5 1024 5 5 0.5
959 3 6 1024 6 6 0.6
960 3 8 1024 8 8 0.8
960 7 4 1024 4 4 0.4
961 3 5 1024 5 5 0.5
962 6 5 1024 5 5 0.5
962 7 0 1024 0 0 0.0
962 2 6 1024 6 6 0.6
963 3 9 1024 9 9 0.9
963 4 3 1024 3 3 0.3
964 5 6 1024 6 6 0.6
964 4 7 1024 7 7 0.7
965 4 8 1024 8 8 0.8
965 5 6 1024 6 6 0.6
965 3 10 1024 10 10 1.0
966 6 5 1024 5 5 0.5
966 3 10 1024 10 10 1.0
966 4 6 1024 6 6 0.6
967 3 10 1024 10 10 1.0
967 4 4 1024 4 4 0.4
968 2 7 1024 7 7 0.7
968 6 5 1024 5 5 0.5
968 5 6 1024 6 6 0.6
969 3 0 1024 0 0 0.0
970 5 4 1024 4 4 0.4
970 3 10 1024 10 10 1.0
971 6 2 1024 2 2 0.2
971 4 6 1024 6 6 0.6
972 5 4 1024 4 4 0.4
972 2 8 1024 8 8 0.8
973 5 0 1024 0 0 0.0
973 3 8 1024 8 8 0.8
974 3 10 1024 10 10 1.0
974 6 5 1024 5 5 0.5
974 5 6 1024 6 6 0.6
974 4 8 1024 8 8 0.8
975 4 6 1024 6 6 0.6
975 5 5 1024 5 5 0.5
975 2 10 1024 10 10 1.0
976 6 0 1024 0 0 0.0
976 3 10 1024 10 10 1.0
976 4 6 1024 6 6 0.6
977 4 8 1024 8 8 0.8
977 5 7 1024 7 7 0.7
977 3 9 1024 9 9 0.9
977 6 5 1024 5 5 0.5
978 3 8 1024 8 8 0.8
978 4 6 1024 6 6 0.6
979 4 5 1024 5 5 0.5
979 3 6 1024 6 6 0.6
979 5 4 1024 4 4 0.4
979 1 10 1024 10 10 1.0
980 7 4 1024 4 4 0.4
980 3 5 1024 5 5 0.5
980 2 10 1024 10 10 1.0
981 4 0 1024 0 0 0.0
981 3 10 1024 10 10 1.0
982 2 10 1024 10 10 1.0
982 6 4 1024 4 4 0.4
982 5 7 1024 7 7 0.7
983 4 5 1024 5 5 0.5
983 2 10 1024 10 10 1.0
984 4 2 1024 2 2 0.2
984 3 6 1024 6 6 0.6
984 2 7 1024 7 7 0.7
985 2 8 1024 8 8 0.8
985 5 6 1024 6 6 0.6
985 6 5 1024 5 5 0.5
986 5 6 1024 6 6 0.6
986 4 10 1024 10 10 1.0
987 5 4 1024 4 4 0.4
987 1 10 1024 10 10 1.0
987 4 9 1024 9 9 0.9
987 7 0 1024 0 0 0.0
988 6 2 1024 2 2 0.2
988 1 10 1024 10 10 1.0
988 2 8 1024 8 8 0.8
989 6 4 1024 4 4 0.4
989 1 8 1024 8 8 0.8
990 3 10 1024 10 10 1.0
990 4 6 1024 6 6 0.6
991 4 7 1024 7 7 0.7
991 8 2 1024 2 2 0.2
991 5 3 1024 3 3 0.3
991 3 10 1024 10 10 1.0
992 2 8 1024 8 8 0.8
992 6 4 1024 4 4 0.4
993 6 5 1024 5 5 0.5
993 2 6 1024 6 6 0.6
994 3 5 1024 5 5 0.5
995 5 5 1024 5 5 0.5
995 3 8 1024 8 8 0.8
995 4 6 1024 6 6 0.6
996 3 7 1024 7 7 0.7
996 7 6 1024 6 6 0.6
996 2 10 1024 10 10 1.0
997 5 5 1024 5 5 0.5
997 4 7 1024 7 7 0.7
997 3 10 1024 10 10 1.0
998 2 7 1024 7 7 0.7
999 5 6 1024 6 6 0.6
999 2 7 1024 7 7 0.7
1000 4 9 1024 9 9 0.9
1000 1 10 1024 10 10 1.0
1000 5 4 1024 4 4 0.4
