gen testSuiteSize notKilledMutants number_of_tests no_discount_objective no_equiv_mut_not_killed no_equiv_mut_not_killed_perc
1 5 7.875 16 8 5 0.7142857142857143
1 3 9.7734375 29 10 7 1.0
2 6 2.8388671875 55 3 0 0.0
2 3 9.736328125 90 10 7 1.0
3 4 9.6015625 136 10 7 1.0
3 5 9.58984375 140 10 7 1.0
3 7 9.5693359375 147 10 7 1.0
4 3 9.484375 176 10 7 1.0
4 5 9.4609375 184 10 7 1.0
4 6 9.44921875 188 10 7 1.0
5 6 8.4375 192 9 6 0.8571428571428571
5 8 8.4169921875 199 9 6 0.8571428571428571
5 3 9.35546875 220 10 7 1.0
5 5 9.3203125 232 10 7 1.0
6 4 8.2998046875 239 9 6 0.8571428571428571
6 2 9.2646484375 251 10 7 1.0
6 3 9.2353515625 261 10 7 1.0
6 6 8.220703125 266 9 6 0.8571428571428571
7 2 9.1767578125 281 10 7 1.0
7 3 9.126953125 298 10 7 1.0
7 6 9.1123046875 303 10 7 1.0
8 6 4.0537109375 323 5 2 0.2857142857142857
8 2 9.0478515625 325 10 7 1.0
8 3 9.033203125 330 10 7 1.0
9 8 7.0009765625 341 8 5 0.7142857142857143
9 4 7.93359375 364 9 6 0.8571428571428571
9 1 8.9306640625 365 10 7 1.0
10 3 8.8544921875 391 10 7 1.0
10 6 8.8486328125 393 10 7 1.0
10 8 7.8369140625 397 9 6 0.8571428571428571
11 2 8.7900390625 413 10 7 1.0
11 3 8.7607421875 423 10 7 1.0
11 6 5.7490234375 427 7 4 0.5714285714285714
11 5 8.7431640625 429 10 7 1.0
12 3 7.7373046875 431 9 6 0.8571428571428571
13 2 8.6669921875 455 10 7 1.0
13 3 8.6171875 472 10 7 1.0
13 5 8.611328125 474 10 7 1.0
14 5 3.5703125 488 5 2 0.2857142857142857
14 3 8.5615234375 491 10 7 1.0
15 3 8.5146484375 507 10 7 1.0
15 5 8.4970703125 513 10 7 1.0
15 6 6.4794921875 519 8 5 0.7142857142857143
16 3 8.4296875 536 10 7 1.0
16 4 8.4150390625 541 10 7 1.0
16 6 8.4033203125 545 10 7 1.0
17 2 8.3623046875 559 10 7 1.0
17 3 8.359375 560 10 7 1.0
17 4 8.34765625 564 10 7 1.0
17 5 5.3388671875 567 7 4 0.5714285714285714
18 5 1.2861328125 585 3 0 0.0
18 3 8.2744140625 589 10 7 1.0
19 3 8.259765625 594 10 7 1.0
19 8 7.2216796875 607 9 6 0.8571428571428571
19 5 8.2158203125 609 10 7 1.0
20 6 7.1630859375 627 9 6 0.8571428571428571
20 1 8.1630859375 627 10 7 1.0
21 3 6.13671875 636 8 5 0.7142857142857143
22 2 8.1103515625 645 10 7 1.0
22 3 5.1015625 648 7 4 0.5714285714285714
23 2 8.025390625 674 10 7 1.0
24 2 7.9814453125 689 10 7 1.0
24 4 6.9697265625 693 9 6 0.8571428571428571
25 4 2.9169921875 711 5 2 0.2857142857142857
25 1 7.9169921875 711 10 7 1.0
26 2 7.890625 720 10 7 1.0
27 4 7.873046875 726 10 7 1.0
27 5 7.8583984375 731 10 7 1.0
27 6 7.849609375 734 10 7 1.0
28 5 4.8173828125 745 7 4 0.5714285714285714
28 3 6.814453125 746 9 6 0.8571428571428571
29 3 7.7734375 760 10 7 1.0
29 4 6.7705078125 761 9 6 0.8571428571428571
30 3 7.755859375 766 10 7 1.0
30 4 7.732421875 774 10 7 1.0
30 6 7.7236328125 777 10 7 1.0
31 2 4.7177734375 779 7 4 0.5714285714285714
32 1 7.662109375 798 10 7 1.0
32 3 7.6591796875 799 10 7 1.0
32 6 7.650390625 802 10 7 1.0
33 3 7.615234375 814 10 7 1.0
34 3 5.6123046875 815 8 5 0.7142857142857143
34 2 6.609375 816 9 6 0.8571428571428571
35 2 7.5859375 824 10 7 1.0
35 4 7.5830078125 825 10 7 1.0
35 5 6.568359375 830 9 6 0.8571428571428571
36 2 7.556640625 834 10 7 1.0
36 4 7.5419921875 839 10 7 1.0
36 5 7.5390625 840 10 7 1.0
37 3 7.5068359375 851 10 7 1.0
37 5 7.5009765625 853 10 7 1.0
38 5 6.4951171875 855 9 6 0.8571428571428571
38 3 7.48046875 860 10 7 1.0
39 3 7.4658203125 865 10 7 1.0
39 5 7.4541015625 869 10 7 1.0
40 5 2.439453125 874 5 2 0.2857142857142857
40 4 6.4306640625 877 9 6 0.8571428571428571
41 5 5.4248046875 879 8 5 0.7142857142857143
41 3 7.4072265625 885 10 7 1.0
42 6 0.3896484375 891 3 0 0.0
42 3 7.3837890625 893 10 7 1.0
42 5 7.3779296875 895 10 7 1.0
43 3 7.3779296875 895 10 7 1.0
43 5 7.369140625 898 10 7 1.0
44 6 0.3662109375 899 3 0 0.0
44 3 7.3544921875 903 10 7 1.0
44 5 5.3515625 904 8 5 0.7142857142857143
45 7 5.3486328125 905 8 5 0.7142857142857143
45 4 6.3310546875 911 9 6 0.8571428571428571
46 2 7.3251953125 913 10 7 1.0
46 8 6.322265625 914 9 6 0.8571428571428571
46 4 7.31640625 916 10 7 1.0
46 5 7.310546875 918 10 7 1.0
47 2 7.2958984375 923 10 7 1.0
47 6 7.29296875 924 10 7 1.0
48 1 7.2841796875 927 10 7 1.0
48 6 0.275390625 930 3 0 0.0
48 2 7.275390625 930 10 7 1.0
48 4 6.275390625 930 9 6 0.8571428571428571
49 0 7.2724609375 931 10 7 1.0
49 3 7.26953125 932 10 7 1.0
49 5 7.263671875 934 10 7 1.0
49 6 7.2607421875 935 10 7 1.0
50 1 7.2578125 936 10 7 1.0
51 3 6.251953125 938 9 6 0.8571428571428571
52 3 7.2314453125 945 10 7 1.0
53 5 4.228515625 946 7 4 0.5714285714285714
53 4 7.2255859375 947 10 7 1.0
54 2 7.205078125 954 10 7 1.0
55 2 7.205078125 954 10 7 1.0
55 3 7.193359375 958 10 7 1.0
56 2 7.193359375 958 10 7 1.0
56 8 6.1875 960 9 6 0.8571428571428571
56 5 7.1875 960 10 7 1.0
57 5 5.181640625 962 8 5 0.7142857142857143
57 3 7.1787109375 963 10 7 1.0
58 4 6.1669921875 967 9 6 0.8571428571428571
58 3 7.1669921875 967 10 7 1.0
59 1 7.1669921875 967 10 7 1.0
59 7 5.1669921875 967 8 5 0.7142857142857143
59 3 7.1640625 968 10 7 1.0
59 6 6.1640625 968 9 6 0.8571428571428571
60 3 4.1611328125 969 7 4 0.5714285714285714
61 4 7.1552734375 971 10 7 1.0
61 5 7.1494140625 973 10 7 1.0
62 4 7.140625 976 10 7 1.0
63 2 7.134765625 978 10 7 1.0
63 3 7.12890625 980 10 7 1.0
63 4 7.1259765625 981 10 7 1.0
64 5 6.1259765625 981 9 6 0.8571428571428571
64 0 7.123046875 982 10 7 1.0
65 2 7.123046875 982 10 7 1.0
66 3 6.1171875 984 9 6 0.8571428571428571
67 2 7.1083984375 987 10 7 1.0
68 1 7.10546875 988 10 7 1.0
69 5 6.1025390625 989 9 6 0.8571428571428571
69 2 7.1025390625 989 10 7 1.0
70 6 4.1025390625 989 7 4 0.5714285714285714
70 5 7.099609375 990 10 7 1.0
71 2 7.09375 992 10 7 1.0
71 3 7.0908203125 993 10 7 1.0
72 3 4.0908203125 993 7 4 0.5714285714285714
73 4 7.08203125 996 10 7 1.0
73 5 7.0791015625 997 10 7 1.0
74 3 7.0791015625 997 10 7 1.0
75 5 6.0791015625 997 9 6 0.8571428571428571
75 2 7.076171875 998 10 7 1.0
75 6 5.0732421875 999 8 5 0.7142857142857143
76 3 7.0703125 1000 10 7 1.0
76 7 6.0703125 1000 9 6 0.8571428571428571
77 1 7.0703125 1000 10 7 1.0
78 8 6.0703125 1000 9 6 0.8571428571428571
78 1 7.0703125 1000 10 7 1.0
79 1 7.0703125 1000 10 7 1.0
80 5 6.0673828125 1001 9 6 0.8571428571428571
80 3 7.0673828125 1001 10 7 1.0
81 2 7.064453125 1002 10 7 1.0
82 1 7.064453125 1002 10 7 1.0
82 4 7.0615234375 1003 10 7 1.0
83 2 7.05859375 1004 10 7 1.0
84 4 7.05859375 1004 10 7 1.0
84 7 5.05859375 1004 8 5 0.7142857142857143
85 6 6.05859375 1004 9 6 0.8571428571428571
85 1 7.05859375 1004 10 7 1.0
86 2 7.05859375 1004 10 7 1.0
86 5 5.0556640625 1005 8 5 0.7142857142857143
87 2 7.0556640625 1005 10 7 1.0
87 5 4.0556640625 1005 7 4 0.5714285714285714
88 3 7.052734375 1006 10 7 1.0
89 6 6.052734375 1006 9 6 0.8571428571428571
89 3 7.052734375 1006 10 7 1.0
90 2 7.052734375 1006 10 7 1.0
90 6 5.052734375 1006 8 5 0.7142857142857143
91 2 7.052734375 1006 10 7 1.0
92 4 2.052734375 1006 5 2 0.2857142857142857
92 2 7.0498046875 1007 10 7 1.0
93 3 7.0498046875 1007 10 7 1.0
93 4 7.0439453125 1009 10 7 1.0
94 5 4.0439453125 1009 7 4 0.5714285714285714
94 2 6.0439453125 1009 9 6 0.8571428571428571
95 8 5.041015625 1010 8 5 0.7142857142857143
95 2 7.0380859375 1011 10 7 1.0
96 7 2.0380859375 1011 5 2 0.2857142857142857
96 3 7.0380859375 1011 10 7 1.0
97 2 7.03515625 1012 10 7 1.0
97 3 7.029296875 1014 10 7 1.0
98 3 7.0263671875 1015 10 7 1.0
99 4 6.0263671875 1015 9 6 0.8571428571428571
99 3 7.0263671875 1015 10 7 1.0
100 2 7.0263671875 1015 10 7 1.0
100 6 6.0263671875 1015 9 6 0.8571428571428571
101 2 7.0263671875 1015 10 7 1.0
102 2 7.0234375 1016 10 7 1.0
103 1 7.0234375 1016 10 7 1.0
103 8 6.0234375 1016 9 6 0.8571428571428571
104 4 7.0234375 1016 10 7 1.0
104 7 6.0234375 1016 9 6 0.8571428571428571
105 2 7.0205078125 1017 10 7 1.0
106 3 7.0205078125 1017 10 7 1.0
106 8 6.0205078125 1017 9 6 0.8571428571428571
107 6 5.0205078125 1017 8 5 0.7142857142857143
107 2 7.0205078125 1017 10 7 1.0
108 3 7.0205078125 1017 10 7 1.0
108 5 6.0205078125 1017 9 6 0.8571428571428571
109 4 7.0205078125 1017 10 7 1.0
109 7 6.0205078125 1017 9 6 0.8571428571428571
110 3 7.0205078125 1017 10 7 1.0
110 6 5.0205078125 1017 8 5 0.7142857142857143
111 2 4.0205078125 1017 7 4 0.5714285714285714
112 5 6.0205078125 1017 9 6 0.8571428571428571
112 3 7.017578125 1018 10 7 1.0
113 2 7.017578125 1018 10 7 1.0
113 4 7.0146484375 1019 10 7 1.0
114 4 7.0146484375 1019 10 7 1.0
114 6 0.0146484375 1019 3 0 0.0
115 2 7.0146484375 1019 10 7 1.0
115 7 7.01171875 1020 10 7 1.0
116 2 7.01171875 1020 10 7 1.0
116 6 6.01171875 1020 9 6 0.8571428571428571
117 3 7.01171875 1020 10 7 1.0
118 6 6.01171875 1020 9 6 0.8571428571428571
118 3 7.01171875 1020 10 7 1.0
119 3 7.01171875 1020 10 7 1.0
119 5 6.01171875 1020 9 6 0.8571428571428571
120 2 7.01171875 1020 10 7 1.0
120 4 4.01171875 1020 7 4 0.5714285714285714
121 3 7.01171875 1020 10 7 1.0
122 3 6.01171875 1020 9 6 0.8571428571428571
123 3 7.01171875 1020 10 7 1.0
123 6 4.01171875 1020 7 4 0.5714285714285714
124 2 7.0087890625 1021 10 7 1.0
125 8 2.0087890625 1021 5 2 0.2857142857142857
125 3 7.0087890625 1021 10 7 1.0
125 6 6.0087890625 1021 9 6 0.8571428571428571
126 3 7.005859375 1022 10 7 1.0
126 4 6.005859375 1022 9 6 0.8571428571428571
126 6 4.005859375 1022 7 4 0.5714285714285714
127 3 7.005859375 1022 10 7 1.0
128 4 5.005859375 1022 8 5 0.7142857142857143
128 3 7.005859375 1022 10 7 1.0
129 3 7.005859375 1022 10 7 1.0
130 2 7.005859375 1022 10 7 1.0
131 3 5.005859375 1022 8 5 0.7142857142857143
132 2 7.005859375 1022 10 7 1.0
132 3 6.005859375 1022 9 6 0.8571428571428571
133 3 7.005859375 1022 10 7 1.0
133 6 4.005859375 1022 7 4 0.5714285714285714
134 5 7.005859375 1022 10 7 1.0
135 3 7.005859375 1022 10 7 1.0
135 5 4.005859375 1022 7 4 0.5714285714285714
136 7 6.005859375 1022 9 6 0.8571428571428571
136 4 7.0029296875 1023 10 7 1.0
137 4 7.0029296875 1023 10 7 1.0
138 3 7.0029296875 1023 10 7 1.0
139 5 6.0029296875 1023 9 6 0.8571428571428571
139 3 7.0029296875 1023 10 7 1.0
140 3 6.0029296875 1023 9 6 0.8571428571428571
140 4 5.0029296875 1023 8 5 0.7142857142857143
140 2 7.0029296875 1023 10 7 1.0
141 2 7.0029296875 1023 10 7 1.0
141 6 6.0029296875 1023 9 6 0.8571428571428571
142 5 6.0029296875 1023 9 6 0.8571428571428571
142 2 7.0029296875 1023 10 7 1.0
143 2 6.0029296875 1023 9 6 0.8571428571428571
144 1 7.0029296875 1023 10 7 1.0
144 4 6.0029296875 1023 9 6 0.8571428571428571
145 2 7.0029296875 1023 10 7 1.0
146 2 7.0029296875 1023 10 7 1.0
147 3 7.0029296875 1023 10 7 1.0
147 5 6.0029296875 1023 9 6 0.8571428571428571
148 3 7.0029296875 1023 10 7 1.0
149 6 6.0029296875 1023 9 6 0.8571428571428571
149 3 7.0029296875 1023 10 7 1.0
150 2 7.0029296875 1023 10 7 1.0
151 3 7.0029296875 1023 10 7 1.0
152 4 6.0029296875 1023 9 6 0.8571428571428571
152 6 0.0029296875 1023 3 0 0.0
153 2 7.0029296875 1023 10 7 1.0
153 6 5.0029296875 1023 8 5 0.7142857142857143
154 2 7.0029296875 1023 10 7 1.0
154 3 6.0029296875 1023 9 6 0.8571428571428571
155 7 4.0029296875 1023 7 4 0.5714285714285714
155 1 7.0029296875 1023 10 7 1.0
156 3 7.0029296875 1023 10 7 1.0
156 7 5.0029296875 1023 8 5 0.7142857142857143
157 4 0.0029296875 1023 3 0 0.0
158 2 7.0029296875 1023 10 7 1.0
159 5 6.0029296875 1023 9 6 0.8571428571428571
159 4 7.0029296875 1023 10 7 1.0
160 3 7.0029296875 1023 10 7 1.0
161 5 5.0029296875 1023 8 5 0.7142857142857143
161 3 7.0029296875 1023 10 7 1.0
162 3 7.0029296875 1023 10 7 1.0
163 2 7.0029296875 1023 10 7 1.0
164 2 7.0029296875 1023 10 7 1.0
164 6 5.0029296875 1023 8 5 0.7142857142857143
165 2 7.0029296875 1023 10 7 1.0
165 4 6.0029296875 1023 9 6 0.8571428571428571
166 3 7.0029296875 1023 10 7 1.0
167 3 7.0029296875 1023 10 7 1.0
168 1 7.0029296875 1023 10 7 1.0
169 8 4.0029296875 1023 7 4 0.5714285714285714
169 1 7.0029296875 1023 10 7 1.0
170 2 7.0029296875 1023 10 7 1.0
171 3 7.0029296875 1023 10 7 1.0
172 8 6.0029296875 1023 9 6 0.8571428571428571
172 3 7.0029296875 1023 10 7 1.0
173 3 7.0029296875 1023 10 7 1.0
173 6 6.0029296875 1023 9 6 0.8571428571428571
174 4 6.0029296875 1023 9 6 0.8571428571428571
175 4 7.0029296875 1023 10 7 1.0
175 5 2.0029296875 1023 5 2 0.2857142857142857
176 3 7.0029296875 1023 10 7 1.0
177 2 7.0029296875 1023 10 7 1.0
178 4 6.0029296875 1023 9 6 0.8571428571428571
178 3 7.0029296875 1023 10 7 1.0
179 6 6.0029296875 1023 9 6 0.8571428571428571
179 4 7.0029296875 1023 10 7 1.0
180 4 7.0029296875 1023 10 7 1.0
180 6 4.0029296875 1023 7 4 0.5714285714285714
181 4 7.0029296875 1023 10 7 1.0
181 5 4.0029296875 1023 7 4 0.5714285714285714
182 7 6.0029296875 1023 9 6 0.8571428571428571
182 3 7.0029296875 1023 10 7 1.0
183 3 7.0029296875 1023 10 7 1.0
184 2 7.0029296875 1023 10 7 1.0
185 2 7.0029296875 1023 10 7 1.0
185 5 0.0029296875 1023 3 0 0.0
186 3 7.0029296875 1023 10 7 1.0
187 7 2.0029296875 1023 5 2 0.2857142857142857
187 3 7.0029296875 1023 10 7 1.0
188 4 7.0029296875 1023 10 7 1.0
189 2 7.0029296875 1023 10 7 1.0
189 5 6.0029296875 1023 9 6 0.8571428571428571
190 4 7.0029296875 1023 10 7 1.0
190 6 5.0029296875 1023 8 5 0.7142857142857143
191 2 7.0029296875 1023 10 7 1.0
191 5 2.0029296875 1023 5 2 0.2857142857142857
192 3 7.0029296875 1023 10 7 1.0
192 7 4.0029296875 1023 7 4 0.5714285714285714
192 4 5.0029296875 1023 8 5 0.7142857142857143
193 3 7.0029296875 1023 10 7 1.0
193 5 4.0029296875 1023 7 4 0.5714285714285714
194 6 0.0029296875 1023 3 0 0.0
194 3 5.0029296875 1023 8 5 0.7142857142857143
195 2 7.0029296875 1023 10 7 1.0
195 5 6.0029296875 1023 9 6 0.8571428571428571
196 2 7.0029296875 1023 10 7 1.0
197 3 7.0029296875 1023 10 7 1.0
198 3 7.0029296875 1023 10 7 1.0
198 5 5.0029296875 1023 8 5 0.7142857142857143
199 4 7.0029296875 1023 10 7 1.0
199 5 0.0029296875 1023 3 0 0.0
200 3 7.0029296875 1023 10 7 1.0
201 6 4.0029296875 1023 7 4 0.5714285714285714
201 3 7.0029296875 1023 10 7 1.0
202 4 7.0029296875 1023 10 7 1.0
202 6 6.0029296875 1023 9 6 0.8571428571428571
203 3 7.0029296875 1023 10 7 1.0
203 6 6.0029296875 1023 9 6 0.8571428571428571
204 3 4.0029296875 1023 7 4 0.5714285714285714
205 2 7.0029296875 1023 10 7 1.0
206 5 6.0029296875 1023 9 6 0.8571428571428571
206 2 7.0029296875 1023 10 7 1.0
207 2 7.0029296875 1023 10 7 1.0
207 6 6.0029296875 1023 9 6 0.8571428571428571
208 3 7.0029296875 1023 10 7 1.0
208 5 6.0029296875 1023 9 6 0.8571428571428571
209 4 7.0029296875 1023 10 7 1.0
209 8 5.0029296875 1023 8 5 0.7142857142857143
210 4 4.0029296875 1023 7 4 0.5714285714285714
211 4 7.0029296875 1023 10 7 1.0
211 6 6.0029296875 1023 9 6 0.8571428571428571
212 6 2.0029296875 1023 5 2 0.2857142857142857
212 4 5.0029296875 1023 8 5 0.7142857142857143
212 2 7.0029296875 1023 10 7 1.0
213 2 7.0029296875 1023 10 7 1.0
214 5 6.0029296875 1023 9 6 0.8571428571428571
214 1 7.0029296875 1023 10 7 1.0
215 2 6.0029296875 1023 9 6 0.8571428571428571
216 3 7 1024 10 7 1.0
216 4 6 1024 9 6 0.8571428571428571
217 4 2 1024 5 2 0.2857142857142857
217 3 7 1024 10 7 1.0
218 2 7 1024 10 7 1.0
219 3 7 1024 10 7 1.0
219 5 6 1024 9 6 0.8571428571428571
220 4 7 1024 10 7 1.0
220 5 6 1024 9 6 0.8571428571428571
221 2 7 1024 10 7 1.0
222 2 7 1024 10 7 1.0
223 3 7 1024 10 7 1.0
223 6 6 1024 9 6 0.8571428571428571
224 3 6 1024 9 6 0.8571428571428571
225 3 4 1024 7 4 0.5714285714285714
226 4 6 1024 9 6 0.8571428571428571
227 4 7 1024 10 7 1.0
228 4 7 1024 10 7 1.0
228 5 6 1024 9 6 0.8571428571428571
229 3 7 1024 10 7 1.0
229 4 2 1024 5 2 0.2857142857142857
230 2 7 1024 10 7 1.0
231 4 6 1024 9 6 0.8571428571428571
231 3 7 1024 10 7 1.0
232 5 6 1024 9 6 0.8571428571428571
232 4 7 1024 10 7 1.0
233 6 5 1024 8 5 0.7142857142857143
233 2 7 1024 10 7 1.0
233 5 6 1024 9 6 0.8571428571428571
234 3 6 1024 9 6 0.8571428571428571
235 2 7 1024 10 7 1.0
235 3 0 1024 3 0 0.0
236 3 6 1024 9 6 0.8571428571428571
237 3 7 1024 10 7 1.0
237 7 5 1024 8 5 0.7142857142857143
238 4 4 1024 7 4 0.5714285714285714
239 8 4 1024 7 4 0.5714285714285714
239 4 5 1024 8 5 0.7142857142857143
240 3 7 1024 10 7 1.0
240 5 6 1024 9 6 0.8571428571428571
241 5 6 1024 9 6 0.8571428571428571
241 2 7 1024 10 7 1.0
242 6 6 1024 9 6 0.8571428571428571
242 2 7 1024 10 7 1.0
243 3 7 1024 10 7 1.0
244 2 7 1024 10 7 1.0
244 4 6 1024 9 6 0.8571428571428571
245 7 6 1024 9 6 0.8571428571428571
245 3 7 1024 10 7 1.0
246 3 7 1024 10 7 1.0
246 4 6 1024 9 6 0.8571428571428571
247 3 7 1024 10 7 1.0
248 1 7 1024 10 7 1.0
248 5 4 1024 7 4 0.5714285714285714
249 2 7 1024 10 7 1.0
250 3 7 1024 10 7 1.0
250 5 6 1024 9 6 0.8571428571428571
251 5 6 1024 9 6 0.8571428571428571
251 2 7 1024 10 7 1.0
252 3 7 1024 10 7 1.0
252 8 4 1024 7 4 0.5714285714285714
253 4 7 1024 10 7 1.0
253 7 6 1024 9 6 0.8571428571428571
254 5 0 1024 3 0 0.0
254 3 7 1024 10 7 1.0
255 3 7 1024 10 7 1.0
255 5 6 1024 9 6 0.8571428571428571
256 2 7 1024 10 7 1.0
257 3 7 1024 10 7 1.0
258 2 6 1024 9 6 0.8571428571428571
259 5 6 1024 9 6 0.8571428571428571
259 1 7 1024 10 7 1.0
260 2 7 1024 10 7 1.0
261 2 7 1024 10 7 1.0
262 4 4 1024 7 4 0.5714285714285714
263 6 4 1024 7 4 0.5714285714285714
263 3 7 1024 10 7 1.0
264 4 7 1024 10 7 1.0
264 5 6 1024 9 6 0.8571428571428571
265 2 7 1024 10 7 1.0
265 3 6 1024 9 6 0.8571428571428571
266 2 7 1024 10 7 1.0
267 2 7 1024 10 7 1.0
267 6 5 1024 8 5 0.7142857142857143
268 3 7 1024 10 7 1.0
268 6 6 1024 9 6 0.8571428571428571
269 3 7 1024 10 7 1.0
270 4 2 1024 5 2 0.2857142857142857
271 4 7 1024 10 7 1.0
272 8 2 1024 5 2 0.2857142857142857
272 3 7 1024 10 7 1.0
273 3 7 1024 10 7 1.0
274 3 5 1024 8 5 0.7142857142857143
274 2 7 1024 10 7 1.0
275 6 5 1024 8 5 0.7142857142857143
275 2 7 1024 10 7 1.0
276 5 5 1024 8 5 0.7142857142857143
276 3 7 1024 10 7 1.0
277 6 4 1024 7 4 0.5714285714285714
277 3 7 1024 10 7 1.0
278 2 6 1024 9 6 0.8571428571428571
279 3 4 1024 7 4 0.5714285714285714
280 5 6 1024 9 6 0.8571428571428571
280 1 7 1024 10 7 1.0
281 4 7 1024 10 7 1.0
282 8 6 1024 9 6 0.8571428571428571
282 2 7 1024 10 7 1.0
283 2 7 1024 10 7 1.0
284 4 7 1024 10 7 1.0
284 5 6 1024 9 6 0.8571428571428571
285 3 7 1024 10 7 1.0
285 6 6 1024 9 6 0.8571428571428571
286 3 4 1024 7 4 0.5714285714285714
286 5 0 1024 3 0 0.0
287 2 7 1024 10 7 1.0
288 2 4 1024 7 4 0.5714285714285714
289 2 7 1024 10 7 1.0
289 4 5 1024 8 5 0.7142857142857143
290 4 6 1024 9 6 0.8571428571428571
290 3 7 1024 10 7 1.0
290 5 4 1024 7 4 0.5714285714285714
291 2 7 1024 10 7 1.0
292 4 7 1024 10 7 1.0
292 6 5 1024 8 5 0.7142857142857143
293 4 6 1024 9 6 0.8571428571428571
293 2 7 1024 10 7 1.0
294 4 6 1024 9 6 0.8571428571428571
294 3 7 1024 10 7 1.0
295 2 7 1024 10 7 1.0
295 3 0 1024 3 0 0.0
296 3 7 1024 10 7 1.0
296 4 0 1024 3 0 0.0
297 1 7 1024 10 7 1.0
297 4 0 1024 3 0 0.0
298 6 0 1024 3 0 0.0
298 2 7 1024 10 7 1.0
299 4 5 1024 8 5 0.7142857142857143
300 3 6 1024 9 6 0.8571428571428571
300 2 7 1024 10 7 1.0
301 7 6 1024 9 6 0.8571428571428571
301 3 7 1024 10 7 1.0
302 3 6 1024 9 6 0.8571428571428571
302 5 4 1024 7 4 0.5714285714285714
303 2 7 1024 10 7 1.0
303 3 6 1024 9 6 0.8571428571428571
304 3 7 1024 10 7 1.0
305 4 7 1024 10 7 1.0
305 5 4 1024 7 4 0.5714285714285714
306 3 7 1024 10 7 1.0
307 6 5 1024 8 5 0.7142857142857143
307 2 7 1024 10 7 1.0
308 4 7 1024 10 7 1.0
308 7 0 1024 3 0 0.0
309 3 7 1024 10 7 1.0
309 4 4 1024 7 4 0.5714285714285714
310 2 7 1024 10 7 1.0
310 6 6 1024 9 6 0.8571428571428571
311 3 7 1024 10 7 1.0
311 7 6 1024 9 6 0.8571428571428571
312 3 7 1024 10 7 1.0
312 5 6 1024 9 6 0.8571428571428571
313 4 7 1024 10 7 1.0
314 2 7 1024 10 7 1.0
315 4 6 1024 9 6 0.8571428571428571
315 1 7 1024 10 7 1.0
316 2 6 1024 9 6 0.8571428571428571
317 4 7 1024 10 7 1.0
317 5 6 1024 9 6 0.8571428571428571
318 3 6 1024 9 6 0.8571428571428571
319 8 5 1024 8 5 0.7142857142857143
319 3 7 1024 10 7 1.0
319 6 6 1024 9 6 0.8571428571428571
320 1 7 1024 10 7 1.0
321 1 7 1024 10 7 1.0
322 2 7 1024 10 7 1.0
323 3 5 1024 8 5 0.7142857142857143
324 3 7 1024 10 7 1.0
325 4 7 1024 10 7 1.0
325 8 6 1024 9 6 0.8571428571428571
326 1 7 1024 10 7 1.0
326 4 2 1024 5 2 0.2857142857142857
327 2 7 1024 10 7 1.0
328 7 4 1024 7 4 0.5714285714285714
328 2 7 1024 10 7 1.0
329 2 7 1024 10 7 1.0
330 3 7 1024 10 7 1.0
331 4 6 1024 9 6 0.8571428571428571
331 3 7 1024 10 7 1.0
332 3 7 1024 10 7 1.0
332 4 6 1024 9 6 0.8571428571428571
333 3 7 1024 10 7 1.0
333 6 4 1024 7 4 0.5714285714285714
333 5 6 1024 9 6 0.8571428571428571
334 4 7 1024 10 7 1.0
335 3 6 1024 9 6 0.8571428571428571
336 3 7 1024 10 7 1.0
337 5 7 1024 10 7 1.0
338 4 6 1024 9 6 0.8571428571428571
338 2 7 1024 10 7 1.0
339 4 4 1024 7 4 0.5714285714285714
340 4 6 1024 9 6 0.8571428571428571
340 2 7 1024 10 7 1.0
341 4 7 1024 10 7 1.0
342 3 7 1024 10 7 1.0
343 3 4 1024 7 4 0.5714285714285714
344 4 7 1024 10 7 1.0
345 2 7 1024 10 7 1.0
345 7 0 1024 3 0 0.0
345 6 6 1024 9 6 0.8571428571428571
346 9 5 1024 8 5 0.7142857142857143
346 4 6 1024 9 6 0.8571428571428571
347 3 7 1024 10 7 1.0
347 8 2 1024 5 2 0.2857142857142857
348 4 7 1024 10 7 1.0
348 6 2 1024 5 2 0.2857142857142857
349 4 7 1024 10 7 1.0
350 3 7 1024 10 7 1.0
350 7 6 1024 9 6 0.8571428571428571
351 5 6 1024 9 6 0.8571428571428571
351 2 7 1024 10 7 1.0
352 5 6 1024 9 6 0.8571428571428571
352 3 7 1024 10 7 1.0
353 3 7 1024 10 7 1.0
353 6 0 1024 3 0 0.0
354 2 7 1024 10 7 1.0
355 2 7 1024 10 7 1.0
356 5 4 1024 7 4 0.5714285714285714
356 1 7 1024 10 7 1.0
357 3 6 1024 9 6 0.8571428571428571
358 3 7 1024 10 7 1.0
358 6 4 1024 7 4 0.5714285714285714
359 3 7 1024 10 7 1.0
360 4 4 1024 7 4 0.5714285714285714
360 2 7 1024 10 7 1.0
361 4 7 1024 10 7 1.0
362 3 7 1024 10 7 1.0
363 8 6 1024 9 6 0.8571428571428571
363 2 7 1024 10 7 1.0
364 3 7 1024 10 7 1.0
365 1 7 1024 10 7 1.0
366 4 7 1024 10 7 1.0
366 7 5 1024 8 5 0.7142857142857143
367 3 7 1024 10 7 1.0
368 7 6 1024 9 6 0.8571428571428571
368 3 7 1024 10 7 1.0
369 3 5 1024 8 5 0.7142857142857143
369 6 0 1024 3 0 0.0
369 1 7 1024 10 7 1.0
370 3 7 1024 10 7 1.0
371 2 7 1024 10 7 1.0
372 1 7 1024 10 7 1.0
372 4 5 1024 8 5 0.7142857142857143
373 3 7 1024 10 7 1.0
374 2 7 1024 10 7 1.0
374 7 6 1024 9 6 0.8571428571428571
375 4 7 1024 10 7 1.0
375 6 5 1024 8 5 0.7142857142857143
376 2 7 1024 10 7 1.0
376 4 4 1024 7 4 0.5714285714285714
377 4 7 1024 10 7 1.0
378 5 6 1024 9 6 0.8571428571428571
378 2 7 1024 10 7 1.0
379 3 7 1024 10 7 1.0
379 7 6 1024 9 6 0.8571428571428571
380 6 5 1024 8 5 0.7142857142857143
380 2 7 1024 10 7 1.0
381 1 7 1024 10 7 1.0
381 5 4 1024 7 4 0.5714285714285714
382 6 5 1024 8 5 0.7142857142857143
382 2 7 1024 10 7 1.0
383 2 7 1024 10 7 1.0
384 3 7 1024 10 7 1.0
384 6 6 1024 9 6 0.8571428571428571
385 3 6 1024 9 6 0.8571428571428571
385 4 4 1024 7 4 0.5714285714285714
386 7 4 1024 7 4 0.5714285714285714
386 3 7 1024 10 7 1.0
386 5 6 1024 9 6 0.8571428571428571
387 6 6 1024 9 6 0.8571428571428571
387 3 7 1024 10 7 1.0
388 3 7 1024 10 7 1.0
388 4 0 1024 3 0 0.0
389 1 7 1024 10 7 1.0
390 3 7 1024 10 7 1.0
390 7 5 1024 8 5 0.7142857142857143
391 3 7 1024 10 7 1.0
391 7 6 1024 9 6 0.8571428571428571
392 3 7 1024 10 7 1.0
392 7 4 1024 7 4 0.5714285714285714
393 3 6 1024 9 6 0.8571428571428571
394 2 7 1024 10 7 1.0
394 3 6 1024 9 6 0.8571428571428571
395 2 7 1024 10 7 1.0
395 6 4 1024 7 4 0.5714285714285714
396 3 7 1024 10 7 1.0
396 4 2 1024 5 2 0.2857142857142857
397 4 6 1024 9 6 0.8571428571428571
397 3 7 1024 10 7 1.0
398 4 4 1024 7 4 0.5714285714285714
399 3 7 1024 10 7 1.0
400 5 4 1024 7 4 0.5714285714285714
400 3 5 1024 8 5 0.7142857142857143
401 6 6 1024 9 6 0.8571428571428571
401 3 7 1024 10 7 1.0
402 4 7 1024 10 7 1.0
403 6 6 1024 9 6 0.8571428571428571
403 2 7 1024 10 7 1.0
404 3 7 1024 10 7 1.0
404 5 0 1024 3 0 0.0
404 4 4 1024 7 4 0.5714285714285714
405 5 6 1024 9 6 0.8571428571428571
405 2 7 1024 10 7 1.0
405 6 5 1024 8 5 0.7142857142857143
406 5 6 1024 9 6 0.8571428571428571
406 3 7 1024 10 7 1.0
407 2 7 1024 10 7 1.0
407 5 4 1024 7 4 0.5714285714285714
408 3 7 1024 10 7 1.0
408 7 2 1024 5 2 0.2857142857142857
409 7 5 1024 8 5 0.7142857142857143
409 3 7 1024 10 7 1.0
410 6 5 1024 8 5 0.7142857142857143
410 3 7 1024 10 7 1.0
411 4 7 1024 10 7 1.0
411 8 6 1024 9 6 0.8571428571428571
412 8 5 1024 8 5 0.7142857142857143
412 7 6 1024 9 6 0.8571428571428571
412 2 7 1024 10 7 1.0
413 2 7 1024 10 7 1.0
414 3 7 1024 10 7 1.0
415 3 7 1024 10 7 1.0
416 2 7 1024 10 7 1.0
417 1 7 1024 10 7 1.0
417 4 2 1024 5 2 0.2857142857142857
418 4 7 1024 10 7 1.0
419 2 7 1024 10 7 1.0
419 3 5 1024 8 5 0.7142857142857143
420 1 7 1024 10 7 1.0
420 6 6 1024 9 6 0.8571428571428571
421 2 7 1024 10 7 1.0
421 4 4 1024 7 4 0.5714285714285714
422 1 7 1024 10 7 1.0
423 5 0 1024 3 0 0.0
423 2 7 1024 10 7 1.0
424 6 2 1024 5 2 0.2857142857142857
424 2 7 1024 10 7 1.0
424 4 6 1024 9 6 0.8571428571428571
425 2 7 1024 10 7 1.0
425 6 5 1024 8 5 0.7142857142857143
426 6 5 1024 8 5 0.7142857142857143
426 4 7 1024 10 7 1.0
427 2 7 1024 10 7 1.0
427 5 4 1024 7 4 0.5714285714285714
428 3 4 1024 7 4 0.5714285714285714
428 4 2 1024 5 2 0.2857142857142857
429 7 5 1024 8 5 0.7142857142857143
429 3 7 1024 10 7 1.0
430 2 7 1024 10 7 1.0
431 2 7 1024 10 7 1.0
432 8 6 1024 9 6 0.8571428571428571
432 3 7 1024 10 7 1.0
433 3 7 1024 10 7 1.0
433 4 0 1024 3 0 0.0
434 5 4 1024 7 4 0.5714285714285714
434 2 7 1024 10 7 1.0
435 3 7 1024 10 7 1.0
436 3 7 1024 10 7 1.0
436 8 6 1024 9 6 0.8571428571428571
437 2 7 1024 10 7 1.0
437 8 6 1024 9 6 0.8571428571428571
438 3 7 1024 10 7 1.0
439 7 6 1024 9 6 0.8571428571428571
439 3 7 1024 10 7 1.0
440 3 4 1024 7 4 0.5714285714285714
441 5 5 1024 8 5 0.7142857142857143
441 2 7 1024 10 7 1.0
442 2 7 1024 10 7 1.0
442 6 4 1024 7 4 0.5714285714285714
442 4 6 1024 9 6 0.8571428571428571
443 3 7 1024 10 7 1.0
444 2 7 1024 10 7 1.0
445 2 7 1024 10 7 1.0
446 3 7 1024 10 7 1.0
446 5 2 1024 5 2 0.2857142857142857
447 0 7 1024 10 7 1.0
448 3 7 1024 10 7 1.0
449 2 7 1024 10 7 1.0
449 7 6 1024 9 6 0.8571428571428571
450 4 5 1024 8 5 0.7142857142857143
451 4 7 1024 10 7 1.0
451 6 6 1024 9 6 0.8571428571428571
452 2 7 1024 10 7 1.0
452 4 6 1024 9 6 0.8571428571428571
453 2 7 1024 10 7 1.0
453 6 0 1024 3 0 0.0
453 3 6 1024 9 6 0.8571428571428571
454 6 6 1024 9 6 0.8571428571428571
454 3 7 1024 10 7 1.0
455 1 7 1024 10 7 1.0
455 5 0 1024 3 0 0.0
456 3 6 1024 9 6 0.8571428571428571
457 1 7 1024 10 7 1.0
457 4 2 1024 5 2 0.2857142857142857
458 3 7 1024 10 7 1.0
459 2 7 1024 10 7 1.0
460 4 6 1024 9 6 0.8571428571428571
460 2 7 1024 10 7 1.0
461 2 7 1024 10 7 1.0
462 4 6 1024 9 6 0.8571428571428571
463 4 6 1024 9 6 0.8571428571428571
464 3 7 1024 10 7 1.0
465 3 7 1024 10 7 1.0
466 5 6 1024 9 6 0.8571428571428571
466 2 7 1024 10 7 1.0
467 5 6 1024 9 6 0.8571428571428571
467 3 7 1024 10 7 1.0
468 2 7 1024 10 7 1.0
468 4 4 1024 7 4 0.5714285714285714
469 2 7 1024 10 7 1.0
469 5 5 1024 8 5 0.7142857142857143
470 3 7 1024 10 7 1.0
470 7 6 1024 9 6 0.8571428571428571
471 4 5 1024 8 5 0.7142857142857143
471 3 7 1024 10 7 1.0
472 2 7 1024 10 7 1.0
473 3 7 1024 10 7 1.0
474 4 7 1024 10 7 1.0
475 7 2 1024 5 2 0.2857142857142857
475 2 7 1024 10 7 1.0
476 2 6 1024 9 6 0.8571428571428571
477 3 7 1024 10 7 1.0
478 3 7 1024 10 7 1.0
479 3 7 1024 10 7 1.0
480 5 4 1024 7 4 0.5714285714285714
480 4 6 1024 9 6 0.8571428571428571
480 3 7 1024 10 7 1.0
481 2 7 1024 10 7 1.0
481 3 5 1024 8 5 0.7142857142857143
482 4 6 1024 9 6 0.8571428571428571
483 3 7 1024 10 7 1.0
483 4 6 1024 9 6 0.8571428571428571
484 2 7 1024 10 7 1.0
485 2 7 1024 10 7 1.0
486 2 7 1024 10 7 1.0
486 6 4 1024 7 4 0.5714285714285714
487 3 7 1024 10 7 1.0
487 7 5 1024 8 5 0.7142857142857143
488 3 7 1024 10 7 1.0
489 4 7 1024 10 7 1.0
490 2 6 1024 9 6 0.8571428571428571
491 4 5 1024 8 5 0.7142857142857143
492 4 7 1024 10 7 1.0
493 5 4 1024 7 4 0.5714285714285714
493 3 6 1024 9 6 0.8571428571428571
494 3 7 1024 10 7 1.0
494 7 5 1024 8 5 0.7142857142857143
495 2 7 1024 10 7 1.0
496 2 7 1024 10 7 1.0
497 2 7 1024 10 7 1.0
498 6 5 1024 8 5 0.7142857142857143
498 1 7 1024 10 7 1.0
499 4 7 1024 10 7 1.0
500 3 7 1024 10 7 1.0
501 2 7 1024 10 7 1.0
502 3 7 1024 10 7 1.0
503 2 7 1024 10 7 1.0
503 5 6 1024 9 6 0.8571428571428571
504 2 7 1024 10 7 1.0
505 2 7 1024 10 7 1.0
505 7 5 1024 8 5 0.7142857142857143
506 6 0 1024 3 0 0.0
506 3 7 1024 10 7 1.0
507 4 7 1024 10 7 1.0
508 2 7 1024 10 7 1.0
509 2 7 1024 10 7 1.0
510 4 7 1024 10 7 1.0
510 6 6 1024 9 6 0.8571428571428571
511 3 7 1024 10 7 1.0
512 3 7 1024 10 7 1.0
512 7 6 1024 9 6 0.8571428571428571
513 5 6 1024 9 6 0.8571428571428571
513 3 7 1024 10 7 1.0
513 9 5 1024 8 5 0.7142857142857143
514 2 7 1024 10 7 1.0
515 5 6 1024 9 6 0.8571428571428571
515 4 7 1024 10 7 1.0
516 2 7 1024 10 7 1.0
516 5 6 1024 9 6 0.8571428571428571
517 4 6 1024 9 6 0.8571428571428571
517 6 4 1024 7 4 0.5714285714285714
517 3 7 1024 10 7 1.0
518 0 7 1024 10 7 1.0
518 2 2 1024 5 2 0.2857142857142857
519 5 0 1024 3 0 0.0
519 3 7 1024 10 7 1.0
520 6 6 1024 9 6 0.8571428571428571
520 3 7 1024 10 7 1.0
521 2 7 1024 10 7 1.0
522 3 4 1024 7 4 0.5714285714285714
523 4 6 1024 9 6 0.8571428571428571
523 3 7 1024 10 7 1.0
524 3 7 1024 10 7 1.0
524 6 2 1024 5 2 0.2857142857142857
525 1 7 1024 10 7 1.0
526 5 5 1024 8 5 0.7142857142857143
526 3 7 1024 10 7 1.0
527 4 7 1024 10 7 1.0
528 4 6 1024 9 6 0.8571428571428571
528 0 7 1024 10 7 1.0
529 2 7 1024 10 7 1.0
529 4 4 1024 7 4 0.5714285714285714
530 7 6 1024 9 6 0.8571428571428571
530 1 7 1024 10 7 1.0
531 4 2 1024 5 2 0.2857142857142857
531 3 7 1024 10 7 1.0
532 3 7 1024 10 7 1.0
532 5 6 1024 9 6 0.8571428571428571
533 4 4 1024 7 4 0.5714285714285714
533 2 7 1024 10 7 1.0
534 4 7 1024 10 7 1.0
534 6 6 1024 9 6 0.8571428571428571
535 3 7 1024 10 7 1.0
536 2 7 1024 10 7 1.0
537 2 7 1024 10 7 1.0
537 6 6 1024 9 6 0.8571428571428571
538 3 6 1024 9 6 0.8571428571428571
539 4 5 1024 8 5 0.7142857142857143
540 3 7 1024 10 7 1.0
540 5 6 1024 9 6 0.8571428571428571
541 6 6 1024 9 6 0.8571428571428571
541 1 7 1024 10 7 1.0
542 3 7 1024 10 7 1.0
542 6 2 1024 5 2 0.2857142857142857
543 5 4 1024 7 4 0.5714285714285714
543 4 7 1024 10 7 1.0
544 4 7 1024 10 7 1.0
545 2 7 1024 10 7 1.0
546 2 7 1024 10 7 1.0
546 7 6 1024 9 6 0.8571428571428571
547 3 7 1024 10 7 1.0
547 8 6 1024 9 6 0.8571428571428571
548 3 7 1024 10 7 1.0
549 4 7 1024 10 7 1.0
550 1 7 1024 10 7 1.0
551 4 7 1024 10 7 1.0
551 8 4 1024 7 4 0.5714285714285714
552 6 6 1024 9 6 0.8571428571428571
552 2 7 1024 10 7 1.0
553 5 5 1024 8 5 0.7142857142857143
553 4 6 1024 9 6 0.8571428571428571
554 3 7 1024 10 7 1.0
554 6 5 1024 8 5 0.7142857142857143
555 3 7 1024 10 7 1.0
556 3 7 1024 10 7 1.0
556 6 6 1024 9 6 0.8571428571428571
557 1 7 1024 10 7 1.0
557 6 6 1024 9 6 0.8571428571428571
558 2 7 1024 10 7 1.0
559 2 7 1024 10 7 1.0
560 3 7 1024 10 7 1.0
561 3 7 1024 10 7 1.0
561 4 6 1024 9 6 0.8571428571428571
562 7 6 1024 9 6 0.8571428571428571
562 3 7 1024 10 7 1.0
563 4 6 1024 9 6 0.8571428571428571
564 7 6 1024 9 6 0.8571428571428571
564 2 7 1024 10 7 1.0
565 6 5 1024 8 5 0.7142857142857143
565 3 7 1024 10 7 1.0
566 3 7 1024 10 7 1.0
567 4 6 1024 9 6 0.8571428571428571
567 2 7 1024 10 7 1.0
568 6 4 1024 7 4 0.5714285714285714
568 3 7 1024 10 7 1.0
568 7 0 1024 3 0 0.0
569 4 7 1024 10 7 1.0
570 4 7 1024 10 7 1.0
570 6 0 1024 3 0 0.0
571 4 6 1024 9 6 0.8571428571428571
571 3 7 1024 10 7 1.0
572 5 5 1024 8 5 0.7142857142857143
572 1 7 1024 10 7 1.0
573 6 6 1024 9 6 0.8571428571428571
573 1 7 1024 10 7 1.0
574 3 7 1024 10 7 1.0
574 6 6 1024 9 6 0.8571428571428571
575 3 7 1024 10 7 1.0
576 5 6 1024 9 6 0.8571428571428571
576 6 4 1024 7 4 0.5714285714285714
576 2 7 1024 10 7 1.0
577 3 7 1024 10 7 1.0
577 6 5 1024 8 5 0.7142857142857143
578 3 7 1024 10 7 1.0
578 6 4 1024 7 4 0.5714285714285714
579 2 7 1024 10 7 1.0
580 3 7 1024 10 7 1.0
580 7 2 1024 5 2 0.2857142857142857
580 4 6 1024 9 6 0.8571428571428571
581 3 7 1024 10 7 1.0
581 6 6 1024 9 6 0.8571428571428571
582 3 7 1024 10 7 1.0
582 5 6 1024 9 6 0.8571428571428571
583 4 5 1024 8 5 0.7142857142857143
583 2 7 1024 10 7 1.0
584 1 7 1024 10 7 1.0
585 2 7 1024 10 7 1.0
586 1 7 1024 10 7 1.0
587 3 7 1024 10 7 1.0
588 4 6 1024 9 6 0.8571428571428571
589 0 7 1024 10 7 1.0
589 6 6 1024 9 6 0.8571428571428571
590 2 7 1024 10 7 1.0
590 4 4 1024 7 4 0.5714285714285714
591 3 5 1024 8 5 0.7142857142857143
592 3 7 1024 10 7 1.0
592 5 4 1024 7 4 0.5714285714285714
593 4 4 1024 7 4 0.5714285714285714
593 3 7 1024 10 7 1.0
594 3 6 1024 9 6 0.8571428571428571
595 7 6 1024 9 6 0.8571428571428571
595 3 7 1024 10 7 1.0
596 4 7 1024 10 7 1.0
596 5 6 1024 9 6 0.8571428571428571
597 3 7 1024 10 7 1.0
598 2 7 1024 10 7 1.0
598 6 5 1024 8 5 0.7142857142857143
599 4 7 1024 10 7 1.0
599 5 6 1024 9 6 0.8571428571428571
600 4 2 1024 5 2 0.2857142857142857
600 3 7 1024 10 7 1.0
601 3 6 1024 9 6 0.8571428571428571
602 3 7 1024 10 7 1.0
603 7 4 1024 7 4 0.5714285714285714
603 6 6 1024 9 6 0.8571428571428571
603 2 7 1024 10 7 1.0
604 6 6 1024 9 6 0.8571428571428571
604 2 7 1024 10 7 1.0
605 3 7 1024 10 7 1.0
605 5 5 1024 8 5 0.7142857142857143
606 2 7 1024 10 7 1.0
607 4 7 1024 10 7 1.0
608 7 5 1024 8 5 0.7142857142857143
608 3 7 1024 10 7 1.0
609 1 7 1024 10 7 1.0
609 3 6 1024 9 6 0.8571428571428571
610 2 7 1024 10 7 1.0
610 8 6 1024 9 6 0.8571428571428571
611 3 7 1024 10 7 1.0
611 6 4 1024 7 4 0.5714285714285714
612 3 5 1024 8 5 0.7142857142857143
613 1 7 1024 10 7 1.0
613 6 2 1024 5 2 0.2857142857142857
614 3 7 1024 10 7 1.0
614 10 4 1024 7 4 0.5714285714285714
615 3 7 1024 10 7 1.0
615 6 5 1024 8 5 0.7142857142857143
616 1 7 1024 10 7 1.0
617 3 7 1024 10 7 1.0
617 5 6 1024 9 6 0.8571428571428571
618 5 6 1024 9 6 0.8571428571428571
618 3 7 1024 10 7 1.0
618 6 5 1024 8 5 0.7142857142857143
619 6 6 1024 9 6 0.8571428571428571
619 3 7 1024 10 7 1.0
620 3 7 1024 10 7 1.0
620 6 6 1024 9 6 0.8571428571428571
621 8 0 1024 3 0 0.0
621 2 7 1024 10 7 1.0
622 3 7 1024 10 7 1.0
623 2 7 1024 10 7 1.0
624 4 7 1024 10 7 1.0
624 7 0 1024 3 0 0.0
625 3 2 1024 5 2 0.2857142857142857
625 2 7 1024 10 7 1.0
626 3 6 1024 9 6 0.8571428571428571
626 2 7 1024 10 7 1.0
627 4 6 1024 9 6 0.8571428571428571
627 3 7 1024 10 7 1.0
628 2 7 1024 10 7 1.0
628 5 6 1024 9 6 0.8571428571428571
629 3 7 1024 10 7 1.0
629 5 6 1024 9 6 0.8571428571428571
630 2 7 1024 10 7 1.0
630 5 6 1024 9 6 0.8571428571428571
631 5 4 1024 7 4 0.5714285714285714
631 3 7 1024 10 7 1.0
632 3 7 1024 10 7 1.0
633 2 7 1024 10 7 1.0
634 2 7 1024 10 7 1.0
635 2 7 1024 10 7 1.0
635 6 4 1024 7 4 0.5714285714285714
636 4 4 1024 7 4 0.5714285714285714
637 2 7 1024 10 7 1.0
638 5 5 1024 8 5 0.7142857142857143
638 3 7 1024 10 7 1.0
639 3 7 1024 10 7 1.0
639 6 6 1024 9 6 0.8571428571428571
640 5 0 1024 3 0 0.0
640 2 7 1024 10 7 1.0
641 5 7 1024 10 7 1.0
642 3 7 1024 10 7 1.0
642 5 4 1024 7 4 0.5714285714285714
643 4 7 1024 10 7 1.0
644 3 7 1024 10 7 1.0
645 2 7 1024 10 7 1.0
645 7 6 1024 9 6 0.8571428571428571
646 2 6 1024 9 6 0.8571428571428571
647 1 7 1024 10 7 1.0
648 2 7 1024 10 7 1.0
649 2 7 1024 10 7 1.0
649 8 6 1024 9 6 0.8571428571428571
650 6 6 1024 9 6 0.8571428571428571
650 2 7 1024 10 7 1.0
651 3 7 1024 10 7 1.0
652 6 6 1024 9 6 0.8571428571428571
652 3 7 1024 10 7 1.0
653 2 7 1024 10 7 1.0
654 1 7 1024 10 7 1.0
655 3 7 1024 10 7 1.0
655 4 6 1024 9 6 0.8571428571428571
655 5 4 1024 7 4 0.5714285714285714
656 3 7 1024 10 7 1.0
657 4 4 1024 7 4 0.5714285714285714
657 3 7 1024 10 7 1.0
658 3 6 1024 9 6 0.8571428571428571
659 3 7 1024 10 7 1.0
660 2 7 1024 10 7 1.0
661 3 5 1024 8 5 0.7142857142857143
662 3 7 1024 10 7 1.0
662 6 2 1024 5 2 0.2857142857142857
663 4 7 1024 10 7 1.0
663 6 5 1024 8 5 0.7142857142857143
664 6 0 1024 3 0 0.0
664 4 6 1024 9 6 0.8571428571428571
665 3 7 1024 10 7 1.0
666 4 7 1024 10 7 1.0
666 6 4 1024 7 4 0.5714285714285714
667 2 7 1024 10 7 1.0
668 3 7 1024 10 7 1.0
669 3 7 1024 10 7 1.0
670 3 7 1024 10 7 1.0
670 5 6 1024 9 6 0.8571428571428571
671 6 4 1024 7 4 0.5714285714285714
671 3 7 1024 10 7 1.0
671 5 5 1024 8 5 0.7142857142857143
672 3 7 1024 10 7 1.0
672 4 2 1024 5 2 0.2857142857142857
673 2 7 1024 10 7 1.0
674 7 0 1024 3 0 0.0
674 1 7 1024 10 7 1.0
675 3 7 1024 10 7 1.0
676 3 5 1024 8 5 0.7142857142857143
676 5 3 1024 6 3 0.42857142857142855
677 7 6 1024 9 6 0.8571428571428571
677 2 7 1024 10 7 1.0
678 7 6 1024 9 6 0.8571428571428571
678 3 7 1024 10 7 1.0
679 4 5 1024 8 5 0.7142857142857143
679 3 7 1024 10 7 1.0
680 2 7 1024 10 7 1.0
681 3 6 1024 9 6 0.8571428571428571
682 3 7 1024 10 7 1.0
683 2 7 1024 10 7 1.0
684 2 7 1024 10 7 1.0
685 5 4 1024 7 4 0.5714285714285714
685 3 7 1024 10 7 1.0
686 2 7 1024 10 7 1.0
686 5 6 1024 9 6 0.8571428571428571
687 4 7 1024 10 7 1.0
688 2 7 1024 10 7 1.0
688 5 4 1024 7 4 0.5714285714285714
689 4 7 1024 10 7 1.0
689 6 5 1024 8 5 0.7142857142857143
690 4 5 1024 8 5 0.7142857142857143
691 3 7 1024 10 7 1.0
692 2 7 1024 10 7 1.0
693 4 7 1024 10 7 1.0
693 8 4 1024 7 4 0.5714285714285714
693 6 6 1024 9 6 0.8571428571428571
694 4 4 1024 7 4 0.5714285714285714
694 2 7 1024 10 7 1.0
695 2 7 1024 10 7 1.0
695 5 4 1024 7 4 0.5714285714285714
696 4 7 1024 10 7 1.0
697 3 7 1024 10 7 1.0
698 3 7 1024 10 7 1.0
698 4 6 1024 9 6 0.8571428571428571
699 4 7 1024 10 7 1.0
699 5 4 1024 7 4 0.5714285714285714
700 2 7 1024 10 7 1.0
701 3 7 1024 10 7 1.0
702 4 7 1024 10 7 1.0
703 3 7 1024 10 7 1.0
703 5 4 1024 7 4 0.5714285714285714
704 3 7 1024 10 7 1.0
705 4 7 1024 10 7 1.0
705 7 4 1024 7 4 0.5714285714285714
706 4 6 1024 9 6 0.8571428571428571
706 5 5 1024 8 5 0.7142857142857143
706 3 7 1024 10 7 1.0
707 0 7 1024 10 7 1.0
708 4 7 1024 10 7 1.0
708 7 6 1024 9 6 0.8571428571428571
709 3 4 1024 7 4 0.5714285714285714
709 2 7 1024 10 7 1.0
710 3 6 1024 9 6 0.8571428571428571
710 0 7 1024 10 7 1.0
711 3 7 1024 10 7 1.0
711 5 5 1024 8 5 0.7142857142857143
712 4 7 1024 10 7 1.0
712 6 5 1024 8 5 0.7142857142857143
712 7 4 1024 7 4 0.5714285714285714
713 3 7 1024 10 7 1.0
713 4 6 1024 9 6 0.8571428571428571
714 2 7 1024 10 7 1.0
715 5 5 1024 8 5 0.7142857142857143
715 3 7 1024 10 7 1.0
716 7 6 1024 9 6 0.8571428571428571
716 1 7 1024 10 7 1.0
717 3 7 1024 10 7 1.0
718 8 2 1024 5 2 0.2857142857142857
718 4 6 1024 9 6 0.8571428571428571
719 4 6 1024 9 6 0.8571428571428571
720 3 7 1024 10 7 1.0
720 4 6 1024 9 6 0.8571428571428571
721 3 7 1024 10 7 1.0
722 3 7 1024 10 7 1.0
723 4 7 1024 10 7 1.0
724 5 6 1024 9 6 0.8571428571428571
724 3 7 1024 10 7 1.0
725 3 7 1024 10 7 1.0
726 3 7 1024 10 7 1.0
727 3 7 1024 10 7 1.0
727 8 5 1024 8 5 0.7142857142857143
728 4 7 1024 10 7 1.0
728 6 4 1024 7 4 0.5714285714285714
729 3 7 1024 10 7 1.0
730 4 6 1024 9 6 0.8571428571428571
730 7 5 1024 8 5 0.7142857142857143
730 3 7 1024 10 7 1.0
731 6 4 1024 7 4 0.5714285714285714
731 4 6 1024 9 6 0.8571428571428571
732 3 7 1024 10 7 1.0
732 5 6 1024 9 6 0.8571428571428571
733 2 7 1024 10 7 1.0
734 3 6 1024 9 6 0.8571428571428571
734 2 7 1024 10 7 1.0
735 6 6 1024 9 6 0.8571428571428571
735 4 7 1024 10 7 1.0
735 7 5 1024 8 5 0.7142857142857143
736 6 0 1024 3 0 0.0
736 2 7 1024 10 7 1.0
736 4 6 1024 9 6 0.8571428571428571
737 2 7 1024 10 7 1.0
738 3 7 1024 10 7 1.0
738 6 2 1024 5 2 0.2857142857142857
739 2 7 1024 10 7 1.0
739 6 5 1024 8 5 0.7142857142857143
740 7 5 1024 8 5 0.7142857142857143
740 2 7 1024 10 7 1.0
741 3 7 1024 10 7 1.0
742 2 7 1024 10 7 1.0
743 6 6 1024 9 6 0.8571428571428571
743 3 7 1024 10 7 1.0
744 4 7 1024 10 7 1.0
744 8 5 1024 8 5 0.7142857142857143
744 5 6 1024 9 6 0.8571428571428571
745 3 7 1024 10 7 1.0
746 3 7 1024 10 7 1.0
747 2 7 1024 10 7 1.0
748 3 7 1024 10 7 1.0
748 5 6 1024 9 6 0.8571428571428571
749 2 7 1024 10 7 1.0
750 2 7 1024 10 7 1.0
751 5 7 1024 10 7 1.0
752 1 7 1024 10 7 1.0
752 7 0 1024 3 0 0.0
753 2 7 1024 10 7 1.0
753 7 0 1024 3 0 0.0
754 4 6 1024 9 6 0.8571428571428571
755 2 7 1024 10 7 1.0
756 3 7 1024 10 7 1.0
756 9 6 1024 9 6 0.8571428571428571
757 2 7 1024 10 7 1.0
758 3 6 1024 9 6 0.8571428571428571
758 5 4 1024 7 4 0.5714285714285714
759 4 7 1024 10 7 1.0
759 5 0 1024 3 0 0.0
760 3 4 1024 7 4 0.5714285714285714
761 3 7 1024 10 7 1.0
761 4 6 1024 9 6 0.8571428571428571
762 1 7 1024 10 7 1.0
763 4 7 1024 10 7 1.0
764 3 7 1024 10 7 1.0
765 6 0 1024 3 0 0.0
765 3 7 1024 10 7 1.0
766 5 4 1024 7 4 0.5714285714285714
766 4 7 1024 10 7 1.0
767 2 7 1024 10 7 1.0
768 2 7 1024 10 7 1.0
769 2 7 1024 10 7 1.0
769 8 6 1024 9 6 0.8571428571428571
770 3 7 1024 10 7 1.0
770 5 0 1024 3 0 0.0
771 3 6 1024 9 6 0.8571428571428571
771 2 7 1024 10 7 1.0
772 4 6 1024 9 6 0.8571428571428571
772 2 7 1024 10 7 1.0
773 1 7 1024 10 7 1.0
774 1 7 1024 10 7 1.0
774 2 6 1024 9 6 0.8571428571428571
775 4 6 1024 9 6 0.8571428571428571
776 3 4 1024 7 4 0.5714285714285714
777 2 7 1024 10 7 1.0
777 5 4 1024 7 4 0.5714285714285714
778 7 5 1024 8 5 0.7142857142857143
778 4 7 1024 10 7 1.0
779 2 7 1024 10 7 1.0
779 6 6 1024 9 6 0.8571428571428571
780 3 7 1024 10 7 1.0
781 2 7 1024 10 7 1.0
782 4 7 1024 10 7 1.0
782 8 6 1024 9 6 0.8571428571428571
783 5 4 1024 7 4 0.5714285714285714
783 4 7 1024 10 7 1.0
784 4 4 1024 7 4 0.5714285714285714
784 2 7 1024 10 7 1.0
785 3 7 1024 10 7 1.0
786 5 4 1024 7 4 0.5714285714285714
786 3 7 1024 10 7 1.0
787 6 6 1024 9 6 0.8571428571428571
787 3 7 1024 10 7 1.0
788 4 6 1024 9 6 0.8571428571428571
788 2 7 1024 10 7 1.0
789 2 7 1024 10 7 1.0
789 4 0 1024 3 0 0.0
790 3 7 1024 10 7 1.0
790 4 6 1024 9 6 0.8571428571428571
791 2 7 1024 10 7 1.0
792 3 7 1024 10 7 1.0
793 7 6 1024 9 6 0.8571428571428571
793 2 7 1024 10 7 1.0
794 4 5 1024 8 5 0.7142857142857143
794 2 7 1024 10 7 1.0
795 7 6 1024 9 6 0.8571428571428571
795 3 7 1024 10 7 1.0
796 3 7 1024 10 7 1.0
797 7 5 1024 8 5 0.7142857142857143
797 3 7 1024 10 7 1.0
798 4 6 1024 9 6 0.8571428571428571
798 3 7 1024 10 7 1.0
799 2 7 1024 10 7 1.0
799 4 2 1024 5 2 0.2857142857142857
800 4 7 1024 10 7 1.0
800 5 6 1024 9 6 0.8571428571428571
800 6 5 1024 8 5 0.7142857142857143
801 6 6 1024 9 6 0.8571428571428571
801 4 7 1024 10 7 1.0
802 4 7 1024 10 7 1.0
802 7 6 1024 9 6 0.8571428571428571
803 4 6 1024 9 6 0.8571428571428571
803 2 7 1024 10 7 1.0
804 3 7 1024 10 7 1.0
804 5 6 1024 9 6 0.8571428571428571
805 7 0 1024 3 0 0.0
805 5 4 1024 7 4 0.5714285714285714
805 4 6 1024 9 6 0.8571428571428571
805 3 7 1024 10 7 1.0
806 6 5 1024 8 5 0.7142857142857143
806 2 7 1024 10 7 1.0
807 6 5 1024 8 5 0.7142857142857143
807 1 7 1024 10 7 1.0
808 1 7 1024 10 7 1.0
808 8 5 1024 8 5 0.7142857142857143
809 1 7 1024 10 7 1.0
809 6 6 1024 9 6 0.8571428571428571
810 3 7 1024 10 7 1.0
811 2 7 1024 10 7 1.0
812 2 7 1024 10 7 1.0
812 6 6 1024 9 6 0.8571428571428571
813 6 6 1024 9 6 0.8571428571428571
813 2 7 1024 10 7 1.0
814 4 6 1024 9 6 0.8571428571428571
814 1 7 1024 10 7 1.0
815 2 7 1024 10 7 1.0
816 1 7 1024 10 7 1.0
817 5 4 1024 7 4 0.5714285714285714
817 2 7 1024 10 7 1.0
818 6 5 1024 8 5 0.7142857142857143
818 1 7 1024 10 7 1.0
819 1 7 1024 10 7 1.0
820 2 7 1024 10 7 1.0
820 5 2 1024 5 2 0.2857142857142857
821 3 6 1024 9 6 0.8571428571428571
821 1 7 1024 10 7 1.0
822 8 0 1024 3 0 0.0
822 3 7 1024 10 7 1.0
822 5 6 1024 9 6 0.8571428571428571
822 7 4 1024 7 4 0.5714285714285714
823 2 7 1024 10 7 1.0
823 5 6 1024 9 6 0.8571428571428571
824 4 7 1024 10 7 1.0
824 5 6 1024 9 6 0.8571428571428571
825 3 6 1024 9 6 0.8571428571428571
826 2 7 1024 10 7 1.0
826 5 6 1024 9 6 0.8571428571428571
827 4 6 1024 9 6 0.8571428571428571
827 6 4 1024 7 4 0.5714285714285714
828 3 7 1024 10 7 1.0
828 5 4 1024 7 4 0.5714285714285714
829 3 7 1024 10 7 1.0
830 4 7 1024 10 7 1.0
830 7 6 1024 9 6 0.8571428571428571
831 2 7 1024 10 7 1.0
832 6 6 1024 9 6 0.8571428571428571
832 3 7 1024 10 7 1.0
833 5 4 1024 7 4 0.5714285714285714
833 1 7 1024 10 7 1.0
834 3 7 1024 10 7 1.0
834 5 6 1024 9 6 0.8571428571428571
835 4 5 1024 8 5 0.7142857142857143
836 3 7 1024 10 7 1.0
836 10 2 1024 5 2 0.2857142857142857
836 6 5 1024 8 5 0.7142857142857143
837 2 7 1024 10 7 1.0
837 5 0 1024 3 0 0.0
838 3 7 1024 10 7 1.0
839 2 7 1024 10 7 1.0
839 5 6 1024 9 6 0.8571428571428571
840 4 6 1024 9 6 0.8571428571428571
840 2 7 1024 10 7 1.0
841 4 4 1024 7 4 0.5714285714285714
841 2 7 1024 10 7 1.0
842 3 7 1024 10 7 1.0
842 6 4 1024 7 4 0.5714285714285714
843 3 7 1024 10 7 1.0
844 3 7 1024 10 7 1.0
844 8 0 1024 3 0 0.0
844 4 6 1024 9 6 0.8571428571428571
845 2 7 1024 10 7 1.0
846 5 6 1024 9 6 0.8571428571428571
846 3 7 1024 10 7 1.0
847 4 5 1024 8 5 0.7142857142857143
847 2 7 1024 10 7 1.0
848 3 7 1024 10 7 1.0
849 3 7 1024 10 7 1.0
849 6 0 1024 3 0 0.0
850 8 6 1024 9 6 0.8571428571428571
850 2 7 1024 10 7 1.0
851 2 7 1024 10 7 1.0
851 3 6 1024 9 6 0.8571428571428571
852 2 7 1024 10 7 1.0
853 5 6 1024 9 6 0.8571428571428571
853 2 7 1024 10 7 1.0
854 2 7 1024 10 7 1.0
855 3 7 1024 10 7 1.0
856 3 6 1024 9 6 0.8571428571428571
857 4 2 1024 5 2 0.2857142857142857
857 3 7 1024 10 7 1.0
858 4 6 1024 9 6 0.8571428571428571
858 0 7 1024 10 7 1.0
859 3 7 1024 10 7 1.0
860 2 7 1024 10 7 1.0
861 2 7 1024 10 7 1.0
861 4 2 1024 5 2 0.2857142857142857
862 5 5 1024 8 5 0.7142857142857143
862 4 6 1024 9 6 0.8571428571428571
862 2 7 1024 10 7 1.0
863 3 7 1024 10 7 1.0
863 4 2 1024 5 2 0.2857142857142857
864 3 7 1024 10 7 1.0
865 2 7 1024 10 7 1.0
865 6 5 1024 8 5 0.7142857142857143
866 3 7 1024 10 7 1.0
866 9 6 1024 9 6 0.8571428571428571
867 3 7 1024 10 7 1.0
867 8 5 1024 8 5 0.7142857142857143
867 4 6 1024 9 6 0.8571428571428571
868 3 7 1024 10 7 1.0
869 3 7 1024 10 7 1.0
869 7 6 1024 9 6 0.8571428571428571
870 9 4 1024 7 4 0.5714285714285714
870 3 7 1024 10 7 1.0
871 2 7 1024 10 7 1.0
871 5 2 1024 5 2 0.2857142857142857
871 3 6 1024 9 6 0.8571428571428571
872 3 7 1024 10 7 1.0
873 3 7 1024 10 7 1.0
874 7 5 1024 8 5 0.7142857142857143
874 5 6 1024 9 6 0.8571428571428571
874 2 7 1024 10 7 1.0
875 3 6 1024 9 6 0.8571428571428571
875 1 7 1024 10 7 1.0
876 4 6 1024 9 6 0.8571428571428571
877 6 6 1024 9 6 0.8571428571428571
877 3 7 1024 10 7 1.0
878 2 7 1024 10 7 1.0
879 2 7 1024 10 7 1.0
880 3 4 1024 7 4 0.5714285714285714
881 4 7 1024 10 7 1.0
882 6 5 1024 8 5 0.7142857142857143
882 4 7 1024 10 7 1.0
883 4 7 1024 10 7 1.0
883 8 0 1024 3 0 0.0
884 6 4 1024 7 4 0.5714285714285714
884 4 5 1024 8 5 0.7142857142857143
885 2 7 1024 10 7 1.0
885 3 5 1024 8 5 0.7142857142857143
886 2 7 1024 10 7 1.0
887 3 7 1024 10 7 1.0
887 4 6 1024 9 6 0.8571428571428571
888 3 7 1024 10 7 1.0
888 7 6 1024 9 6 0.8571428571428571
888 8 4 1024 7 4 0.5714285714285714
889 2 5 1024 8 5 0.7142857142857143
890 3 7 1024 10 7 1.0
891 4 5 1024 8 5 0.7142857142857143
892 4 6 1024 9 6 0.8571428571428571
892 7 4 1024 7 4 0.5714285714285714
893 4 7 1024 10 7 1.0
893 7 6 1024 9 6 0.8571428571428571
894 3 7 1024 10 7 1.0
895 0 7 1024 10 7 1.0
896 4 6 1024 9 6 0.8571428571428571
896 2 7 1024 10 7 1.0
897 3 7 1024 10 7 1.0
898 4 7 1024 10 7 1.0
899 3 7 1024 10 7 1.0
900 2 6 1024 9 6 0.8571428571428571
901 2 7 1024 10 7 1.0
902 3 7 1024 10 7 1.0
903 1 7 1024 10 7 1.0
903 9 4 1024 7 4 0.5714285714285714
904 3 7 1024 10 7 1.0
905 4 4 1024 7 4 0.5714285714285714
905 2 7 1024 10 7 1.0
906 3 7 1024 10 7 1.0
907 5 6 1024 9 6 0.8571428571428571
907 4 7 1024 10 7 1.0
908 7 6 1024 9 6 0.8571428571428571
908 3 7 1024 10 7 1.0
909 3 7 1024 10 7 1.0
910 2 7 1024 10 7 1.0
911 2 7 1024 10 7 1.0
911 5 6 1024 9 6 0.8571428571428571
912 3 7 1024 10 7 1.0
912 4 6 1024 9 6 0.8571428571428571
913 3 7 1024 10 7 1.0
914 7 6 1024 9 6 0.8571428571428571
914 1 7 1024 10 7 1.0
915 2 7 1024 10 7 1.0
915 4 6 1024 9 6 0.8571428571428571
915 5 4 1024 7 4 0.5714285714285714
916 2 7 1024 10 7 1.0
917 3 7 1024 10 7 1.0
917 5 4 1024 7 4 0.5714285714285714
918 6 4 1024 7 4 0.5714285714285714
918 1 6 1024 9 6 0.8571428571428571
919 7 6 1024 9 6 0.8571428571428571
919 4 7 1024 10 7 1.0
920 1 7 1024 10 7 1.0
920 6 6 1024 9 6 0.8571428571428571
921 2 7 1024 10 7 1.0
921 8 6 1024 9 6 0.8571428571428571
922 2 7 1024 10 7 1.0
922 5 2 1024 5 2 0.2857142857142857
923 4 7 1024 10 7 1.0
923 7 6 1024 9 6 0.8571428571428571
924 4 7 1024 10 7 1.0
925 5 2 1024 5 2 0.2857142857142857
925 3 7 1024 10 7 1.0
926 3 7 1024 10 7 1.0
926 5 6 1024 9 6 0.8571428571428571
927 2 7 1024 10 7 1.0
928 4 6 1024 9 6 0.8571428571428571
928 5 5 1024 8 5 0.7142857142857143
929 6 6 1024 9 6 0.8571428571428571
929 2 7 1024 10 7 1.0
930 2 7 1024 10 7 1.0
931 3 7 1024 10 7 1.0
931 6 6 1024 9 6 0.8571428571428571
932 1 7 1024 10 7 1.0
933 4 7 1024 10 7 1.0
933 8 5 1024 8 5 0.7142857142857143
933 6 6 1024 9 6 0.8571428571428571
934 3 2 1024 5 2 0.2857142857142857
935 3 7 1024 10 7 1.0
935 5 5 1024 8 5 0.7142857142857143
936 6 6 1024 9 6 0.8571428571428571
936 3 7 1024 10 7 1.0
937 4 2 1024 5 2 0.2857142857142857
938 4 7 1024 10 7 1.0
939 2 7 1024 10 7 1.0
940 5 2 1024 5 2 0.2857142857142857
940 2 7 1024 10 7 1.0
941 3 7 1024 10 7 1.0
941 5 4 1024 7 4 0.5714285714285714
942 2 7 1024 10 7 1.0
943 1 7 1024 10 7 1.0
943 6 6 1024 9 6 0.8571428571428571
944 3 0 1024 3 0 0.0
945 2 7 1024 10 7 1.0
946 2 7 1024 10 7 1.0
947 5 6 1024 9 6 0.8571428571428571
947 2 7 1024 10 7 1.0
948 5 6 1024 9 6 0.8571428571428571
948 3 7 1024 10 7 1.0
949 3 7 1024 10 7 1.0
949 6 6 1024 9 6 0.8571428571428571
950 2 7 1024 10 7 1.0
951 2 7 1024 10 7 1.0
952 5 4 1024 7 4 0.5714285714285714
952 3 7 1024 10 7 1.0
952 4 5 1024 8 5 0.7142857142857143
953 4 5 1024 8 5 0.7142857142857143
953 2 7 1024 10 7 1.0
954 2 7 1024 10 7 1.0
955 3 7 1024 10 7 1.0
956 2 7 1024 10 7 1.0
957 4 5 1024 8 5 0.7142857142857143
957 2 7 1024 10 7 1.0
958 4 7 1024 10 7 1.0
959 3 7 1024 10 7 1.0
960 6 6 1024 9 6 0.8571428571428571
960 1 7 1024 10 7 1.0
961 2 7 1024 10 7 1.0
961 3 6 1024 9 6 0.8571428571428571
962 3 4 1024 7 4 0.5714285714285714
963 1 7 1024 10 7 1.0
963 7 4 1024 7 4 0.5714285714285714
964 3 7 1024 10 7 1.0
964 5 6 1024 9 6 0.8571428571428571
965 2 7 1024 10 7 1.0
966 4 7 1024 10 7 1.0
966 5 6 1024 9 6 0.8571428571428571
967 5 6 1024 9 6 0.8571428571428571
968 3 7 1024 10 7 1.0
969 2 7 1024 10 7 1.0
970 6 5 1024 8 5 0.7142857142857143
970 2 7 1024 10 7 1.0
971 3 7 1024 10 7 1.0
972 4 6 1024 9 6 0.8571428571428571
972 3 7 1024 10 7 1.0
973 1 7 1024 10 7 1.0
974 2 7 1024 10 7 1.0
974 5 5 1024 8 5 0.7142857142857143
975 3 7 1024 10 7 1.0
976 3 7 1024 10 7 1.0
977 3 7 1024 10 7 1.0
978 3 7 1024 10 7 1.0
979 3 6 1024 9 6 0.8571428571428571
980 6 6 1024 9 6 0.8571428571428571
980 4 7 1024 10 7 1.0
981 3 7 1024 10 7 1.0
982 2 7 1024 10 7 1.0
983 3 7 1024 10 7 1.0
984 4 7 1024 10 7 1.0
984 6 2 1024 5 2 0.2857142857142857
985 5 5 1024 8 5 0.7142857142857143
985 2 7 1024 10 7 1.0
986 3 7 1024 10 7 1.0
986 8 6 1024 9 6 0.8571428571428571
987 8 6 1024 9 6 0.8571428571428571
987 3 7 1024 10 7 1.0
988 2 7 1024 10 7 1.0
988 6 4 1024 7 4 0.5714285714285714
989 4 0 1024 3 0 0.0
989 1 7 1024 10 7 1.0
990 2 7 1024 10 7 1.0
990 6 6 1024 9 6 0.8571428571428571
991 2 7 1024 10 7 1.0
992 3 7 1024 10 7 1.0
993 1 7 1024 10 7 1.0
994 3 7 1024 10 7 1.0
995 3 7 1024 10 7 1.0
996 6 6 1024 9 6 0.8571428571428571
996 3 7 1024 10 7 1.0
997 2 7 1024 10 7 1.0
998 2 7 1024 10 7 1.0
999 3 7 1024 10 7 1.0
999 6 5 1024 8 5 0.7142857142857143
999 4 6 1024 9 6 0.8571428571428571
1000 2 5 1024 8 5 0.7142857142857143
