gen testSuiteSize notKilledMutants number_of_tests no_discount_objective no_equiv_mut_not_killed no_equiv_mut_not_killed_perc
1 2 9.921875 8 10 9 1.0
1 4 8.8505859375 17 9 8 0.8888888888888888
1 5 7.712890625 42 8 7 0.7777777777777778
2 3 9.6376953125 53 10 9 1.0
2 6 8.42578125 84 9 8 0.8888888888888888
2 4 9.3232421875 99 10 9 1.0
3 3 9.056640625 138 10 9 1.0
3 6 8.98828125 148 10 9 1.0
4 3 8.974609375 150 10 9 1.0
4 4 8.8583984375 167 10 9 1.0
4 5 8.7353515625 185 10 9 1.0
4 6 8.6943359375 191 10 9 1.0
5 3 8.619140625 202 10 9 1.0
5 5 8.5986328125 205 10 9 1.0
5 7 4.3818359375 211 5 4 0.4444444444444444
6 5 6.296875 240 7 6 0.6666666666666666
6 3 7.51171875 250 8 7 0.7777777777777778
7 2 9.423828125 295 10 9 1.0
7 4 9.40234375 306 10 9 1.0
7 6 9.392578125 311 10 9 1.0
8 3 9.36328125 326 10 9 1.0
8 6 6.35546875 330 7 6 0.6666666666666666
8 5 9.33984375 338 10 9 1.0
9 2 9.271484375 373 10 9 1.0
10 2 9.224609375 397 10 9 1.0
11 4 9.19140625 414 10 9 1.0
11 8 0.591796875 418 1 0 0.0
12 2 9.5830078125 427 10 9 1.0
12 3 9.5703125 440 10 9 1.0
12 9 8.564453125 446 9 8 0.8888888888888888
12 5 9.5615234375 449 10 9 1.0
12 7 9.5556640625 455 10 9 1.0
13 4 9.537109375 474 10 9 1.0
13 5 9.529296875 482 10 9 1.0
13 7 9.5224609375 489 10 9 1.0
14 3 9.501953125 510 10 9 1.0
14 4 9.5 512 10 9 1.0
14 6 9.4951171875 517 10 9 1.0
15 4 7.484375 528 8 7 0.7777777777777778
15 2 9.4716796875 541 10 9 1.0
16 2 9.4638671875 549 10 9 1.0
16 3 9.4560546875 557 10 9 1.0
16 4 9.4521484375 561 10 9 1.0
17 3 9.4296875 584 10 9 1.0
17 4 9.4267578125 587 10 9 1.0
18 3 9.41796875 596 10 9 1.0
18 4 8.4150390625 599 9 8 0.8888888888888888
18 5 7.4033203125 611 8 7 0.7777777777777778
19 4 4.3984375 616 5 4 0.4444444444444444
19 2 9.380859375 634 10 9 1.0
20 3 9.3740234375 641 10 9 1.0
20 5 8.3720703125 643 9 8 0.8888888888888888
20 7 8.359375 656 9 8 0.8888888888888888
20 4 9.3544921875 661 10 9 1.0
21 3 7.3466796875 669 8 7 0.7777777777777778
22 5 8.3310546875 685 9 8 0.8888888888888888
22 2 9.330078125 686 10 9 1.0
22 4 9.3251953125 691 10 9 1.0
23 5 7.31640625 700 8 7 0.7777777777777778
23 3 9.3095703125 707 10 9 1.0
23 4 8.30859375 708 9 8 0.8888888888888888
24 8 6.302734375 714 7 6 0.6666666666666666
24 2 9.2998046875 717 10 9 1.0
24 5 9.2939453125 723 10 9 1.0
25 6 8.287109375 730 9 8 0.8888888888888888
25 4 9.287109375 730 10 9 1.0
25 7 8.279296875 738 9 8 0.8888888888888888
25 5 9.2763671875 741 10 9 1.0
26 2 9.265625 752 10 9 1.0
26 4 9.263671875 754 10 9 1.0
26 5 9.2578125 760 10 9 1.0
26 6 9.2568359375 761 10 9 1.0
27 7 4.255859375 762 5 4 0.4444444444444444
27 2 9.2529296875 765 10 9 1.0
27 3 9.25 768 10 9 1.0
27 6 7.248046875 770 8 7 0.7777777777777778
27 5 8.24609375 772 9 8 0.8888888888888888
28 2 9.2421875 776 10 9 1.0
28 4 9.2392578125 779 10 9 1.0
28 5 9.23828125 780 10 9 1.0
29 6 6.2373046875 781 7 6 0.6666666666666666
29 2 9.232421875 786 10 9 1.0
29 3 9.23046875 788 10 9 1.0
29 4 9.228515625 790 10 9 1.0
30 6 8.2236328125 795 9 8 0.8888888888888888
30 1 9.2216796875 797 10 9 1.0
30 3 9.220703125 798 10 9 1.0
31 3 9.20703125 812 10 9 1.0
31 7 7.2021484375 817 8 7 0.7777777777777778
32 4 9.193359375 826 10 9 1.0
32 5 9.1923828125 827 10 9 1.0
32 8 9.1904296875 829 10 9 1.0
33 6 8.1884765625 831 9 8 0.8888888888888888
33 2 9.1865234375 833 10 9 1.0
33 5 9.185546875 834 10 9 1.0
34 4 4.1826171875 837 5 4 0.4444444444444444
34 2 9.181640625 838 10 9 1.0
35 3 9.171875 848 10 9 1.0
35 4 7.16796875 852 8 7 0.7777777777777778
35 7 6.1669921875 853 7 6 0.6666666666666666
36 4 9.1611328125 859 10 9 1.0
36 5 9.1572265625 863 10 9 1.0
36 7 9.15625 864 10 9 1.0
37 1 9.1533203125 867 10 9 1.0
37 3 9.150390625 870 10 9 1.0
37 5 9.1494140625 871 10 9 1.0
37 8 8.1484375 872 9 8 0.8888888888888888
38 4 8.146484375 874 9 8 0.8888888888888888
38 2 9.146484375 874 10 9 1.0
38 7 6.1416015625 879 7 6 0.6666666666666666
39 5 7.1357421875 885 8 7 0.7777777777777778
39 2 9.1328125 888 10 9 1.0
40 4 7.12890625 892 8 7 0.7777777777777778
41 4 9.126953125 894 10 9 1.0
42 3 8.1259765625 895 9 8 0.8888888888888888
43 8 8.1220703125 899 9 8 0.8888888888888888
43 3 9.1162109375 905 10 9 1.0
44 2 9.109375 912 10 9 1.0
45 4 6.1083984375 913 7 6 0.6666666666666666
46 2 9.1025390625 919 10 9 1.0
46 4 8.1005859375 921 9 8 0.8888888888888888
47 1 7.09375 928 8 7 0.7777777777777778
48 4 9.0927734375 929 10 9 1.0
48 5 9.087890625 934 10 9 1.0
49 6 8.083984375 938 9 8 0.8888888888888888
49 2 9.083984375 938 10 9 1.0
50 3 9.0810546875 941 10 9 1.0
51 3 9.07421875 948 10 9 1.0
52 6 5.0732421875 949 6 5 0.5555555555555556
52 3 9.072265625 950 10 9 1.0
53 3 8.072265625 950 9 8 0.8888888888888888
53 2 9.0703125 952 10 9 1.0
53 5 8.0703125 952 9 8 0.8888888888888888
54 2 9.0703125 952 10 9 1.0
54 3 8.0703125 952 9 8 0.8888888888888888
55 5 7.068359375 954 8 7 0.7777777777777778
55 2 9.0673828125 955 10 9 1.0
56 1 9.0654296875 957 10 9 1.0
56 3 9.0615234375 961 10 9 1.0
57 4 8.0595703125 963 9 8 0.8888888888888888
57 2 9.05859375 964 10 9 1.0
58 8 8.0546875 968 9 8 0.8888888888888888
58 4 9.05078125 972 10 9 1.0
59 1 9.05078125 972 10 9 1.0
59 8 7.05078125 972 8 7 0.7777777777777778
60 3 5.048828125 974 6 5 0.5555555555555556
61 3 9.0458984375 977 10 9 1.0
61 6 8.0458984375 977 9 8 0.8888888888888888
62 2 9.04296875 980 10 9 1.0
62 5 8.04296875 980 9 8 0.8888888888888888
63 3 5.04296875 980 6 5 0.5555555555555556
64 3 8.041015625 982 9 8 0.8888888888888888
65 2 9.0400390625 983 10 9 1.0
66 2 9.0390625 984 10 9 1.0
66 3 6.0361328125 987 7 6 0.6666666666666666
67 3 7.0361328125 987 8 7 0.7777777777777778
68 2 9.0322265625 991 10 9 1.0
68 4 9.03125 992 10 9 1.0
69 5 7.03125 992 8 7 0.7777777777777778
69 2 9.0302734375 993 10 9 1.0
69 4 8.0302734375 993 9 8 0.8888888888888888
69 8 7.0302734375 993 8 7 0.7777777777777778
70 6 8.029296875 994 9 8 0.8888888888888888
70 3 9.029296875 994 10 9 1.0
71 5 5.0283203125 995 6 5 0.5555555555555556
71 3 9.0283203125 995 10 9 1.0
72 3 9.025390625 998 10 9 1.0
73 4 8.025390625 998 9 8 0.8888888888888888
73 3 9.0244140625 999 10 9 1.0
73 5 7.0244140625 999 8 7 0.7777777777777778
74 5 8.0234375 1000 9 8 0.8888888888888888
74 3 9.0234375 1000 10 9 1.0
75 2 7.0234375 1000 8 7 0.7777777777777778
76 3 9.0234375 1000 10 9 1.0
77 2 9.0234375 1000 10 9 1.0
78 3 9.0224609375 1001 10 9 1.0
79 5 7.0224609375 1001 8 7 0.7777777777777778
79 4 8.0224609375 1001 9 8 0.8888888888888888
79 2 9.0224609375 1001 10 9 1.0
80 3 9.0224609375 1001 10 9 1.0
80 4 9.021484375 1002 10 9 1.0
80 5 8.021484375 1002 9 8 0.8888888888888888
81 3 8.0205078125 1003 9 8 0.8888888888888888
82 7 8.0185546875 1005 9 8 0.8888888888888888
82 4 9.0185546875 1005 10 9 1.0
83 7 8.0185546875 1005 9 8 0.8888888888888888
83 4 9.0185546875 1005 10 9 1.0
83 5 9.017578125 1006 10 9 1.0
84 3 9.017578125 1006 10 9 1.0
84 4 9.0166015625 1007 10 9 1.0
85 2 9.0166015625 1007 10 9 1.0
85 5 8.015625 1008 9 8 0.8888888888888888
85 4 9.015625 1008 10 9 1.0
86 2 9.0146484375 1009 10 9 1.0
87 2 9.0146484375 1009 10 9 1.0
87 5 8.0126953125 1011 9 8 0.8888888888888888
87 3 9.0126953125 1011 10 9 1.0
88 6 7.0126953125 1011 8 7 0.7777777777777778
88 4 9.01171875 1012 10 9 1.0
88 5 9.0107421875 1013 10 9 1.0
89 8 7.009765625 1014 8 7 0.7777777777777778
89 1 9.009765625 1014 10 9 1.0
90 0 9.009765625 1014 10 9 1.0
90 7 9.0087890625 1015 10 9 1.0
91 4 5.0087890625 1015 6 5 0.5555555555555556
92 3 9.0087890625 1015 10 9 1.0
92 7 4.0087890625 1015 5 4 0.4444444444444444
93 1 9.0087890625 1015 10 9 1.0
93 4 7.0078125 1016 8 7 0.7777777777777778
93 3 9.0068359375 1017 10 9 1.0
94 2 9.0068359375 1017 10 9 1.0
94 5 0.0068359375 1017 1 0 0.0
94 4 9.005859375 1018 10 9 1.0
95 3 8.005859375 1018 9 8 0.8888888888888888
96 4 8.005859375 1018 9 8 0.8888888888888888
97 6 4.005859375 1018 5 4 0.4444444444444444
97 0 9.005859375 1018 10 9 1.0
98 4 8.005859375 1018 9 8 0.8888888888888888
98 2 9.005859375 1018 10 9 1.0
98 5 8.0048828125 1019 9 8 0.8888888888888888
98 3 9.0048828125 1019 10 9 1.0
99 5 8.0048828125 1019 9 8 0.8888888888888888
99 4 9.0048828125 1019 10 9 1.0
100 3 9.0048828125 1019 10 9 1.0
100 5 8.0048828125 1019 9 8 0.8888888888888888
101 3 9.0048828125 1019 10 9 1.0
102 8 7.0048828125 1019 8 7 0.7777777777777778
102 3 9.0048828125 1019 10 9 1.0
103 3 9.0048828125 1019 10 9 1.0
103 5 8.0048828125 1019 9 8 0.8888888888888888
104 3 9.0048828125 1019 10 9 1.0
104 6 8.0048828125 1019 9 8 0.8888888888888888
105 2 7.0048828125 1019 8 7 0.7777777777777778
106 2 9.0048828125 1019 10 9 1.0
106 6 8.0048828125 1019 9 8 0.8888888888888888
107 2 9.0029296875 1021 10 9 1.0
108 2 9.0029296875 1021 10 9 1.0
108 5 8.0029296875 1021 9 8 0.8888888888888888
109 2 9.0029296875 1021 10 9 1.0
109 6 5.0029296875 1021 6 5 0.5555555555555556
110 3 9.0029296875 1021 10 9 1.0
111 7 7.0029296875 1021 8 7 0.7777777777777778
111 2 9.001953125 1022 10 9 1.0
112 4 8.001953125 1022 9 8 0.8888888888888888
113 8 7.001953125 1022 8 7 0.7777777777777778
113 2 9.001953125 1022 10 9 1.0
113 3 8.001953125 1022 9 8 0.8888888888888888
114 3 9.001953125 1022 10 9 1.0
115 5 8.001953125 1022 9 8 0.8888888888888888
115 1 9.001953125 1022 10 9 1.0
116 3 9.001953125 1022 10 9 1.0
116 5 8.001953125 1022 9 8 0.8888888888888888
117 2 9.001953125 1022 10 9 1.0
118 3 9.001953125 1022 10 9 1.0
118 5 6.001953125 1022 7 6 0.6666666666666666
119 3 9.001953125 1022 10 9 1.0
120 2 9.001953125 1022 10 9 1.0
120 4 5.001953125 1022 6 5 0.5555555555555556
121 1 9.001953125 1022 10 9 1.0
121 5 7.001953125 1022 8 7 0.7777777777777778
122 6 8.001953125 1022 9 8 0.8888888888888888
122 2 9.001953125 1022 10 9 1.0
123 7 5.001953125 1022 6 5 0.5555555555555556
123 1 9.001953125 1022 10 9 1.0
124 2 9.001953125 1022 10 9 1.0
124 5 6.001953125 1022 7 6 0.6666666666666666
125 6 8.001953125 1022 9 8 0.8888888888888888
125 4 9.001953125 1022 10 9 1.0
126 3 9.001953125 1022 10 9 1.0
126 5 6.001953125 1022 7 6 0.6666666666666666
127 4 9.001953125 1022 10 9 1.0
127 7 7.001953125 1022 8 7 0.7777777777777778
128 3 9.001953125 1022 10 9 1.0
128 7 6.001953125 1022 7 6 0.6666666666666666
129 5 8.001953125 1022 9 8 0.8888888888888888
129 3 9.001953125 1022 10 9 1.0
130 2 9.001953125 1022 10 9 1.0
130 6 8.001953125 1022 9 8 0.8888888888888888
131 2 9.001953125 1022 10 9 1.0
132 2 9.001953125 1022 10 9 1.0
132 6 7.001953125 1022 8 7 0.7777777777777778
133 3 9.001953125 1022 10 9 1.0
133 6 7.001953125 1022 8 7 0.7777777777777778
134 2 9.001953125 1022 10 9 1.0
135 2 9.001953125 1022 10 9 1.0
136 2 9.001953125 1022 10 9 1.0
137 3 9.001953125 1022 10 9 1.0
138 4 7.001953125 1022 8 7 0.7777777777777778
139 2 9.001953125 1022 10 9 1.0
140 7 8.001953125 1022 9 8 0.8888888888888888
140 1 9.001953125 1022 10 9 1.0
141 3 8.001953125 1022 9 8 0.8888888888888888
142 2 9.001953125 1022 10 9 1.0
143 2 9.001953125 1022 10 9 1.0
143 5 5.001953125 1022 6 5 0.5555555555555556
144 2 9.001953125 1022 10 9 1.0
144 4 8.001953125 1022 9 8 0.8888888888888888
145 4 7.001953125 1022 8 7 0.7777777777777778
145 5 5.001953125 1022 6 5 0.5555555555555556
145 3 9.001953125 1022 10 9 1.0
146 5 0.001953125 1022 1 0 0.0
146 3 9.001953125 1022 10 9 1.0
147 2 9.001953125 1022 10 9 1.0
147 5 7.001953125 1022 8 7 0.7777777777777778
148 2 9.001953125 1022 10 9 1.0
148 5 8.001953125 1022 9 8 0.8888888888888888
149 6 8.001953125 1022 9 8 0.8888888888888888
149 4 9.001953125 1022 10 9 1.0
150 6 8.001953125 1022 9 8 0.8888888888888888
150 2 9.001953125 1022 10 9 1.0
151 4 8.001953125 1022 9 8 0.8888888888888888
151 3 9.001953125 1022 10 9 1.0
151 6 7.001953125 1022 8 7 0.7777777777777778
152 5 7.001953125 1022 8 7 0.7777777777777778
153 2 9.001953125 1022 10 9 1.0
154 2 9.001953125 1022 10 9 1.0
155 2 9.001953125 1022 10 9 1.0
155 5 8.001953125 1022 9 8 0.8888888888888888
156 6 5.001953125 1022 6 5 0.5555555555555556
156 2 9.001953125 1022 10 9 1.0
157 2 9.001953125 1022 10 9 1.0
158 4 9.001953125 1022 10 9 1.0
158 5 7.0009765625 1023 8 7 0.7777777777777778
159 5 9.0009765625 1023 10 9 1.0
159 6 8.0009765625 1023 9 8 0.8888888888888888
160 3 9.0009765625 1023 10 9 1.0
161 3 9.0009765625 1023 10 9 1.0
162 2 9.0009765625 1023 10 9 1.0
162 6 6.0009765625 1023 7 6 0.6666666666666666
163 4 9.0009765625 1023 10 9 1.0
163 5 8.0009765625 1023 9 8 0.8888888888888888
164 6 7.0009765625 1023 8 7 0.7777777777777778
164 5 8.0009765625 1023 9 8 0.8888888888888888
165 1 9 1024 10 9 1.0
166 3 9 1024 10 9 1.0
167 5 7 1024 8 7 0.7777777777777778
167 2 9 1024 10 9 1.0
168 3 9 1024 10 9 1.0
168 5 5 1024 6 5 0.5555555555555556
169 2 9 1024 10 9 1.0
170 1 9 1024 10 9 1.0
171 3 9 1024 10 9 1.0
172 3 9 1024 10 9 1.0
173 2 9 1024 10 9 1.0
173 6 8 1024 9 8 0.8888888888888888
174 2 9 1024 10 9 1.0
174 5 7 1024 8 7 0.7777777777777778
175 3 9 1024 10 9 1.0
175 6 8 1024 9 8 0.8888888888888888
176 6 7 1024 8 7 0.7777777777777778
176 2 9 1024 10 9 1.0
177 5 6 1024 7 6 0.6666666666666666
177 4 9 1024 10 9 1.0
178 1 9 1024 10 9 1.0
178 5 5 1024 6 5 0.5555555555555556
179 8 8 1024 9 8 0.8888888888888888
179 2 9 1024 10 9 1.0
180 3 9 1024 10 9 1.0
181 3 9 1024 10 9 1.0
182 4 7 1024 8 7 0.7777777777777778
182 3 9 1024 10 9 1.0
183 2 9 1024 10 9 1.0
184 2 9 1024 10 9 1.0
185 2 9 1024 10 9 1.0
186 8 6 1024 7 6 0.6666666666666666
186 2 9 1024 10 9 1.0
187 4 7 1024 8 7 0.7777777777777778
187 2 9 1024 10 9 1.0
188 8 7 1024 8 7 0.7777777777777778
188 6 8 1024 9 8 0.8888888888888888
188 4 9 1024 10 9 1.0
189 1 9 1024 10 9 1.0
189 5 0 1024 1 0 0.0
190 6 5 1024 6 5 0.5555555555555556
190 3 9 1024 10 9 1.0
191 2 9 1024 10 9 1.0
191 4 7 1024 8 7 0.7777777777777778
191 8 6 1024 7 6 0.6666666666666666
192 2 9 1024 10 9 1.0
192 7 8 1024 9 8 0.8888888888888888
193 2 8 1024 9 8 0.8888888888888888
194 3 8 1024 9 8 0.8888888888888888
194 2 9 1024 10 9 1.0
194 7 0 1024 1 0 0.0
195 2 9 1024 10 9 1.0
196 3 9 1024 10 9 1.0
197 3 9 1024 10 9 1.0
197 5 0 1024 1 0 0.0
198 5 8 1024 9 8 0.8888888888888888
198 2 9 1024 10 9 1.0
199 4 9 1024 10 9 1.0
199 5 7 1024 8 7 0.7777777777777778
200 4 9 1024 10 9 1.0
201 2 9 1024 10 9 1.0
202 3 9 1024 10 9 1.0
203 5 7 1024 8 7 0.7777777777777778
203 6 5 1024 6 5 0.5555555555555556
203 1 9 1024 10 9 1.0
204 3 9 1024 10 9 1.0
204 8 7 1024 8 7 0.7777777777777778
204 7 8 1024 9 8 0.8888888888888888
205 2 9 1024 10 9 1.0
206 5 8 1024 9 8 0.8888888888888888
206 1 9 1024 10 9 1.0
207 4 9 1024 10 9 1.0
207 6 5 1024 6 5 0.5555555555555556
207 5 8 1024 9 8 0.8888888888888888
208 2 9 1024 10 9 1.0
208 4 4 1024 5 4 0.4444444444444444
209 3 9 1024 10 9 1.0
210 2 9 1024 10 9 1.0
211 8 7 1024 8 7 0.7777777777777778
211 3 9 1024 10 9 1.0
212 1 9 1024 10 9 1.0
212 6 7 1024 8 7 0.7777777777777778
213 1 9 1024 10 9 1.0
213 4 8 1024 9 8 0.8888888888888888
214 2 9 1024 10 9 1.0
215 6 8 1024 9 8 0.8888888888888888
215 2 9 1024 10 9 1.0
216 2 9 1024 10 9 1.0
217 5 5 1024 6 5 0.5555555555555556
217 7 0 1024 1 0 0.0
217 3 9 1024 10 9 1.0
218 7 8 1024 9 8 0.8888888888888888
218 3 9 1024 10 9 1.0
219 4 5 1024 6 5 0.5555555555555556
219 3 9 1024 10 9 1.0
220 3 7 1024 8 7 0.7777777777777778
221 2 9 1024 10 9 1.0
221 6 4 1024 5 4 0.4444444444444444
222 4 8 1024 9 8 0.8888888888888888
223 1 9 1024 10 9 1.0
224 3 9 1024 10 9 1.0
224 4 6 1024 7 6 0.6666666666666666
225 4 8 1024 9 8 0.8888888888888888
225 2 9 1024 10 9 1.0
226 6 5 1024 6 5 0.5555555555555556
226 2 9 1024 10 9 1.0
227 2 9 1024 10 9 1.0
228 1 9 1024 10 9 1.0
228 7 6 1024 7 6 0.6666666666666666
229 5 8 1024 9 8 0.8888888888888888
229 3 9 1024 10 9 1.0
230 2 9 1024 10 9 1.0
230 6 8 1024 9 8 0.8888888888888888
231 3 8 1024 9 8 0.8888888888888888
231 2 9 1024 10 9 1.0
232 7 6 1024 7 6 0.6666666666666666
232 1 9 1024 10 9 1.0
233 4 9 1024 10 9 1.0
233 7 8 1024 9 8 0.8888888888888888
234 4 9 1024 10 9 1.0
234 6 8 1024 9 8 0.8888888888888888
235 2 8 1024 9 8 0.8888888888888888
236 3 9 1024 10 9 1.0
236 6 7 1024 8 7 0.7777777777777778
237 3 9 1024 10 9 1.0
237 4 5 1024 6 5 0.5555555555555556
238 3 9 1024 10 9 1.0
238 4 8 1024 9 8 0.8888888888888888
239 1 9 1024 10 9 1.0
239 6 5 1024 6 5 0.5555555555555556
240 2 9 1024 10 9 1.0
241 6 8 1024 9 8 0.8888888888888888
241 3 9 1024 10 9 1.0
242 2 9 1024 10 9 1.0
242 6 4 1024 5 4 0.4444444444444444
242 5 8 1024 9 8 0.8888888888888888
243 2 9 1024 10 9 1.0
244 5 5 1024 6 5 0.5555555555555556
244 2 9 1024 10 9 1.0
245 4 4 1024 5 4 0.4444444444444444
246 5 5 1024 6 5 0.5555555555555556
246 4 9 1024 10 9 1.0
247 4 7 1024 8 7 0.7777777777777778
247 6 0 1024 1 0 0.0
247 2 9 1024 10 9 1.0
248 3 9 1024 10 9 1.0
248 6 8 1024 9 8 0.8888888888888888
249 2 9 1024 10 9 1.0
249 6 5 1024 6 5 0.5555555555555556
250 4 9 1024 10 9 1.0
251 2 8 1024 9 8 0.8888888888888888
252 2 9 1024 10 9 1.0
252 7 0 1024 1 0 0.0
252 3 8 1024 9 8 0.8888888888888888
253 4 8 1024 9 8 0.8888888888888888
253 2 9 1024 10 9 1.0
254 2 9 1024 10 9 1.0
254 6 8 1024 9 8 0.8888888888888888
255 4 7 1024 8 7 0.7777777777777778
255 5 6 1024 7 6 0.6666666666666666
256 3 9 1024 10 9 1.0
257 3 9 1024 10 9 1.0
258 6 8 1024 9 8 0.8888888888888888
258 0 9 1024 10 9 1.0
259 3 8 1024 9 8 0.8888888888888888
259 4 6 1024 7 6 0.6666666666666666
259 2 9 1024 10 9 1.0
260 1 9 1024 10 9 1.0
261 3 9 1024 10 9 1.0
261 5 8 1024 9 8 0.8888888888888888
262 4 9 1024 10 9 1.0
263 3 9 1024 10 9 1.0
263 6 5 1024 6 5 0.5555555555555556
264 3 9 1024 10 9 1.0
265 2 9 1024 10 9 1.0
265 5 7 1024 8 7 0.7777777777777778
266 2 9 1024 10 9 1.0
267 2 9 1024 10 9 1.0
268 6 7 1024 8 7 0.7777777777777778
268 4 8 1024 9 8 0.8888888888888888
269 2 8 1024 9 8 0.8888888888888888
270 3 9 1024 10 9 1.0
270 7 8 1024 9 8 0.8888888888888888
271 3 7 1024 8 7 0.7777777777777778
271 4 6 1024 7 6 0.6666666666666666
271 2 9 1024 10 9 1.0
272 4 9 1024 10 9 1.0
273 3 9 1024 10 9 1.0
273 5 8 1024 9 8 0.8888888888888888
274 2 9 1024 10 9 1.0
275 3 9 1024 10 9 1.0
276 3 9 1024 10 9 1.0
276 5 8 1024 9 8 0.8888888888888888
277 3 9 1024 10 9 1.0
277 5 7 1024 8 7 0.7777777777777778
278 2 9 1024 10 9 1.0
278 4 5 1024 6 5 0.5555555555555556
279 4 9 1024 10 9 1.0
279 6 8 1024 9 8 0.8888888888888888
280 2 9 1024 10 9 1.0
280 6 4 1024 5 4 0.4444444444444444
281 4 0 1024 1 0 0.0
282 5 5 1024 6 5 0.5555555555555556
282 2 9 1024 10 9 1.0
283 3 9 1024 10 9 1.0
284 4 8 1024 9 8 0.8888888888888888
284 2 9 1024 10 9 1.0
285 7 8 1024 9 8 0.8888888888888888
285 1 9 1024 10 9 1.0
286 1 9 1024 10 9 1.0
286 7 8 1024 9 8 0.8888888888888888
287 4 0 1024 1 0 0.0
287 2 9 1024 10 9 1.0
288 4 9 1024 10 9 1.0
289 2 9 1024 10 9 1.0
289 5 8 1024 9 8 0.8888888888888888
290 7 7 1024 8 7 0.7777777777777778
290 2 9 1024 10 9 1.0
290 5 8 1024 9 8 0.8888888888888888
291 4 9 1024 10 9 1.0
292 2 9 1024 10 9 1.0
293 8 7 1024 8 7 0.7777777777777778
293 2 9 1024 10 9 1.0
294 4 6 1024 7 6 0.6666666666666666
294 6 5 1024 6 5 0.5555555555555556
295 3 8 1024 9 8 0.8888888888888888
296 5 8 1024 9 8 0.8888888888888888
296 2 9 1024 10 9 1.0
297 3 9 1024 10 9 1.0
298 3 9 1024 10 9 1.0
298 7 8 1024 9 8 0.8888888888888888
299 3 9 1024 10 9 1.0
299 7 8 1024 9 8 0.8888888888888888
300 3 9 1024 10 9 1.0
300 6 8 1024 9 8 0.8888888888888888
301 2 9 1024 10 9 1.0
301 6 7 1024 8 7 0.7777777777777778
302 6 8 1024 9 8 0.8888888888888888
302 2 9 1024 10 9 1.0
303 3 9 1024 10 9 1.0
303 4 0 1024 1 0 0.0
304 2 9 1024 10 9 1.0
304 5 6 1024 7 6 0.6666666666666666
304 6 4 1024 5 4 0.4444444444444444
305 1 9 1024 10 9 1.0
305 7 8 1024 9 8 0.8888888888888888
306 5 8 1024 9 8 0.8888888888888888
306 9 0 1024 1 0 0.0
306 3 9 1024 10 9 1.0
307 3 9 1024 10 9 1.0
308 5 8 1024 9 8 0.8888888888888888
308 2 9 1024 10 9 1.0
309 2 4 1024 5 4 0.4444444444444444
310 3 9 1024 10 9 1.0
311 3 9 1024 10 9 1.0
311 7 6 1024 7 6 0.6666666666666666
312 3 7 1024 8 7 0.7777777777777778
313 5 5 1024 6 5 0.5555555555555556
313 3 9 1024 10 9 1.0
314 4 9 1024 10 9 1.0
314 7 8 1024 9 8 0.8888888888888888
315 2 9 1024 10 9 1.0
315 4 8 1024 9 8 0.8888888888888888
316 6 5 1024 6 5 0.5555555555555556
316 3 9 1024 10 9 1.0
317 2 9 1024 10 9 1.0
317 6 8 1024 9 8 0.8888888888888888
318 1 9 1024 10 9 1.0
319 6 5 1024 6 5 0.5555555555555556
319 5 9 1024 10 9 1.0
320 5 6 1024 7 6 0.6666666666666666
320 2 8 1024 9 8 0.8888888888888888
321 5 5 1024 6 5 0.5555555555555556
321 3 9 1024 10 9 1.0
321 4 7 1024 8 7 0.7777777777777778
322 3 9 1024 10 9 1.0
323 6 8 1024 9 8 0.8888888888888888
323 3 9 1024 10 9 1.0
324 3 7 1024 8 7 0.7777777777777778
325 3 9 1024 10 9 1.0
325 5 5 1024 6 5 0.5555555555555556
326 2 9 1024 10 9 1.0
327 3 9 1024 10 9 1.0
327 7 8 1024 9 8 0.8888888888888888
328 1 9 1024 10 9 1.0
329 1 9 1024 10 9 1.0
329 5 5 1024 6 5 0.5555555555555556
330 2 9 1024 10 9 1.0
330 7 8 1024 9 8 0.8888888888888888
331 6 7 1024 8 7 0.7777777777777778
331 3 8 1024 9 8 0.8888888888888888
332 2 9 1024 10 9 1.0
332 4 7 1024 8 7 0.7777777777777778
333 4 8 1024 9 8 0.8888888888888888
334 3 9 1024 10 9 1.0
335 3 9 1024 10 9 1.0
335 5 8 1024 9 8 0.8888888888888888
336 1 9 1024 10 9 1.0
337 1 8 1024 9 8 0.8888888888888888
338 7 5 1024 6 5 0.5555555555555556
338 2 9 1024 10 9 1.0
339 4 0 1024 1 0 0.0
339 2 9 1024 10 9 1.0
340 4 7 1024 8 7 0.7777777777777778
340 2 9 1024 10 9 1.0
341 2 9 1024 10 9 1.0
341 5 6 1024 7 6 0.6666666666666666
342 3 8 1024 9 8 0.8888888888888888
343 4 9 1024 10 9 1.0
343 6 3 1024 4 3 0.3333333333333333
344 2 9 1024 10 9 1.0
345 4 4 1024 5 4 0.4444444444444444
345 2 9 1024 10 9 1.0
346 6 7 1024 8 7 0.7777777777777778
346 3 9 1024 10 9 1.0
347 4 9 1024 10 9 1.0
348 3 9 1024 10 9 1.0
348 7 7 1024 8 7 0.7777777777777778
349 2 9 1024 10 9 1.0
349 3 6 1024 7 6 0.6666666666666666
350 4 9 1024 10 9 1.0
350 7 7 1024 8 7 0.7777777777777778
350 5 8 1024 9 8 0.8888888888888888
351 3 9 1024 10 9 1.0
351 9 7 1024 8 7 0.7777777777777778
352 4 5 1024 6 5 0.5555555555555556
353 2 9 1024 10 9 1.0
353 4 8 1024 9 8 0.8888888888888888
354 6 8 1024 9 8 0.8888888888888888
354 3 9 1024 10 9 1.0
355 6 8 1024 9 8 0.8888888888888888
355 4 9 1024 10 9 1.0
356 4 9 1024 10 9 1.0
357 5 7 1024 8 7 0.7777777777777778
357 3 9 1024 10 9 1.0
358 3 8 1024 9 8 0.8888888888888888
358 2 9 1024 10 9 1.0
359 4 9 1024 10 9 1.0
360 3 9 1024 10 9 1.0
360 5 7 1024 8 7 0.7777777777777778
361 2 8 1024 9 8 0.8888888888888888
362 3 6 1024 7 6 0.6666666666666666
362 2 9 1024 10 9 1.0
363 6 8 1024 9 8 0.8888888888888888
363 5 9 1024 10 9 1.0
364 8 4 1024 5 4 0.4444444444444444
364 4 5 1024 6 5 0.5555555555555556
365 5 9 1024 10 9 1.0
366 5 7 1024 8 7 0.7777777777777778
366 4 9 1024 10 9 1.0
367 1 9 1024 10 9 1.0
367 6 8 1024 9 8 0.8888888888888888
368 4 9 1024 10 9 1.0
369 4 8 1024 9 8 0.8888888888888888
369 5 4 1024 5 4 0.4444444444444444
370 3 9 1024 10 9 1.0
371 4 9 1024 10 9 1.0
372 3 9 1024 10 9 1.0
372 6 5 1024 6 5 0.5555555555555556
372 4 6 1024 7 6 0.6666666666666666
373 7 8 1024 9 8 0.8888888888888888
373 2 9 1024 10 9 1.0
374 3 8 1024 9 8 0.8888888888888888
375 2 9 1024 10 9 1.0
375 3 6 1024 7 6 0.6666666666666666
376 2 9 1024 10 9 1.0
377 5 5 1024 6 5 0.5555555555555556
377 3 9 1024 10 9 1.0
378 2 8 1024 9 8 0.8888888888888888
379 2 9 1024 10 9 1.0
379 7 8 1024 9 8 0.8888888888888888
380 1 9 1024 10 9 1.0
380 8 8 1024 9 8 0.8888888888888888
381 3 9 1024 10 9 1.0
382 3 9 1024 10 9 1.0
382 5 8 1024 9 8 0.8888888888888888
383 2 9 1024 10 9 1.0
384 4 8 1024 9 8 0.8888888888888888
384 3 9 1024 10 9 1.0
385 3 9 1024 10 9 1.0
386 3 9 1024 10 9 1.0
387 3 9 1024 10 9 1.0
387 4 4 1024 5 4 0.4444444444444444
388 7 7 1024 8 7 0.7777777777777778
388 2 9 1024 10 9 1.0
389 3 9 1024 10 9 1.0
389 5 5 1024 6 5 0.5555555555555556
390 0 9 1024 10 9 1.0
390 7 8 1024 9 8 0.8888888888888888
391 1 9 1024 10 9 1.0
392 4 8 1024 9 8 0.8888888888888888
393 3 9 1024 10 9 1.0
394 7 6 1024 7 6 0.6666666666666666
394 3 9 1024 10 9 1.0
395 3 9 1024 10 9 1.0
396 4 4 1024 5 4 0.4444444444444444
396 3 9 1024 10 9 1.0
397 2 9 1024 10 9 1.0
398 4 4 1024 5 4 0.4444444444444444
399 6 8 1024 9 8 0.8888888888888888
399 2 9 1024 10 9 1.0
400 4 9 1024 10 9 1.0
401 2 9 1024 10 9 1.0
402 3 8 1024 9 8 0.8888888888888888
402 0 9 1024 10 9 1.0
403 4 8 1024 9 8 0.8888888888888888
403 2 9 1024 10 9 1.0
404 3 8 1024 9 8 0.8888888888888888
404 2 9 1024 10 9 1.0
404 7 5 1024 6 5 0.5555555555555556
405 2 9 1024 10 9 1.0
405 5 7 1024 8 7 0.7777777777777778
406 2 9 1024 10 9 1.0
407 3 9 1024 10 9 1.0
407 6 8 1024 9 8 0.8888888888888888
408 5 7 1024 8 7 0.7777777777777778
408 3 9 1024 10 9 1.0
409 3 9 1024 10 9 1.0
409 8 8 1024 9 8 0.8888888888888888
410 2 9 1024 10 9 1.0
410 4 0 1024 1 0 0.0
411 2 9 1024 10 9 1.0
412 5 7 1024 8 7 0.7777777777777778
412 2 9 1024 10 9 1.0
413 2 9 1024 10 9 1.0
414 5 7 1024 8 7 0.7777777777777778
415 5 7 1024 8 7 0.7777777777777778
415 4 8 1024 9 8 0.8888888888888888
415 7 6 1024 7 6 0.6666666666666666
416 3 9 1024 10 9 1.0
416 5 8 1024 9 8 0.8888888888888888
417 5 7 1024 8 7 0.7777777777777778
417 8 0 1024 1 0 0.0
417 2 9 1024 10 9 1.0
418 6 8 1024 9 8 0.8888888888888888
418 3 9 1024 10 9 1.0
419 2 9 1024 10 9 1.0
419 4 8 1024 9 8 0.8888888888888888
420 2 9 1024 10 9 1.0
420 3 7 1024 8 7 0.7777777777777778
421 3 5 1024 6 5 0.5555555555555556
422 2 9 1024 10 9 1.0
423 1 9 1024 10 9 1.0
423 4 8 1024 9 8 0.8888888888888888
423 7 7 1024 8 7 0.7777777777777778
424 3 8 1024 9 8 0.8888888888888888
424 6 5 1024 6 5 0.5555555555555556
425 4 8 1024 9 8 0.8888888888888888
425 3 9 1024 10 9 1.0
425 8 6 1024 7 6 0.6666666666666666
426 3 9 1024 10 9 1.0
426 6 7 1024 8 7 0.7777777777777778
426 4 8 1024 9 8 0.8888888888888888
427 2 9 1024 10 9 1.0
428 7 6 1024 7 6 0.6666666666666666
428 2 9 1024 10 9 1.0
429 7 4 1024 5 4 0.4444444444444444
429 5 5 1024 6 5 0.5555555555555556
429 4 8 1024 9 8 0.8888888888888888
430 4 9 1024 10 9 1.0
430 7 6 1024 7 6 0.6666666666666666
431 4 3 1024 4 3 0.3333333333333333
431 3 9 1024 10 9 1.0
432 2 9 1024 10 9 1.0
433 4 9 1024 10 9 1.0
433 5 8 1024 9 8 0.8888888888888888
434 5 8 1024 9 8 0.8888888888888888
434 2 9 1024 10 9 1.0
435 2 9 1024 10 9 1.0
435 3 8 1024 9 8 0.8888888888888888
436 4 9 1024 10 9 1.0
436 5 8 1024 9 8 0.8888888888888888
437 1 9 1024 10 9 1.0
437 6 8 1024 9 8 0.8888888888888888
438 2 9 1024 10 9 1.0
439 4 9 1024 10 9 1.0
439 7 7 1024 8 7 0.7777777777777778
440 5 8 1024 9 8 0.8888888888888888
440 0 9 1024 10 9 1.0
441 1 9 1024 10 9 1.0
441 7 8 1024 9 8 0.8888888888888888
442 6 8 1024 9 8 0.8888888888888888
442 3 9 1024 10 9 1.0
443 3 9 1024 10 9 1.0
443 5 7 1024 8 7 0.7777777777777778
444 7 5 1024 6 5 0.5555555555555556
444 4 8 1024 9 8 0.8888888888888888
444 6 7 1024 8 7 0.7777777777777778
444 2 9 1024 10 9 1.0
445 4 4 1024 5 4 0.4444444444444444
445 3 9 1024 10 9 1.0
446 2 9 1024 10 9 1.0
446 8 4 1024 5 4 0.4444444444444444
447 4 9 1024 10 9 1.0
447 5 8 1024 9 8 0.8888888888888888
448 6 5 1024 6 5 0.5555555555555556
448 3 9 1024 10 9 1.0
449 2 9 1024 10 9 1.0
449 4 8 1024 9 8 0.8888888888888888
450 3 8 1024 9 8 0.8888888888888888
451 7 7 1024 8 7 0.7777777777777778
451 2 9 1024 10 9 1.0
452 3 9 1024 10 9 1.0
453 2 9 1024 10 9 1.0
454 3 9 1024 10 9 1.0
454 6 6 1024 7 6 0.6666666666666666
455 2 9 1024 10 9 1.0
455 6 8 1024 9 8 0.8888888888888888
456 4 9 1024 10 9 1.0
457 1 9 1024 10 9 1.0
458 2 9 1024 10 9 1.0
458 7 8 1024 9 8 0.8888888888888888
459 6 8 1024 9 8 0.8888888888888888
459 3 9 1024 10 9 1.0
460 1 9 1024 10 9 1.0
460 5 8 1024 9 8 0.8888888888888888
461 2 9 1024 10 9 1.0
461 5 8 1024 9 8 0.8888888888888888
462 2 9 1024 10 9 1.0
462 6 7 1024 8 7 0.7777777777777778
463 2 9 1024 10 9 1.0
463 4 8 1024 9 8 0.8888888888888888
464 4 7 1024 8 7 0.7777777777777778
464 2 9 1024 10 9 1.0
465 4 8 1024 9 8 0.8888888888888888
465 1 9 1024 10 9 1.0
466 1 9 1024 10 9 1.0
466 7 7 1024 8 7 0.7777777777777778
467 1 9 1024 10 9 1.0
468 3 9 1024 10 9 1.0
469 4 9 1024 10 9 1.0
469 7 5 1024 6 5 0.5555555555555556
470 4 9 1024 10 9 1.0
471 3 9 1024 10 9 1.0
472 3 9 1024 10 9 1.0
472 5 0 1024 1 0 0.0
473 6 8 1024 9 8 0.8888888888888888
473 2 9 1024 10 9 1.0
474 2 9 1024 10 9 1.0
475 4 7 1024 8 7 0.7777777777777778
475 7 5 1024 6 5 0.5555555555555556
476 2 8 1024 9 8 0.8888888888888888
477 2 9 1024 10 9 1.0
478 6 7 1024 8 7 0.7777777777777778
478 2 9 1024 10 9 1.0
479 2 9 1024 10 9 1.0
479 5 7 1024 8 7 0.7777777777777778
480 3 9 1024 10 9 1.0
480 5 6 1024 7 6 0.6666666666666666
481 2 9 1024 10 9 1.0
482 2 9 1024 10 9 1.0
482 5 8 1024 9 8 0.8888888888888888
483 5 7 1024 8 7 0.7777777777777778
483 4 9 1024 10 9 1.0
483 7 5 1024 6 5 0.5555555555555556
484 2 9 1024 10 9 1.0
485 2 9 1024 10 9 1.0
485 6 7 1024 8 7 0.7777777777777778
486 4 8 1024 9 8 0.8888888888888888
486 3 9 1024 10 9 1.0
487 6 6 1024 7 6 0.6666666666666666
487 3 9 1024 10 9 1.0
487 4 8 1024 9 8 0.8888888888888888
488 5 7 1024 8 7 0.7777777777777778
488 3 9 1024 10 9 1.0
489 3 9 1024 10 9 1.0
489 6 6 1024 7 6 0.6666666666666666
490 7 8 1024 9 8 0.8888888888888888
490 3 9 1024 10 9 1.0
491 3 9 1024 10 9 1.0
491 6 8 1024 9 8 0.8888888888888888
492 2 9 1024 10 9 1.0
493 4 8 1024 9 8 0.8888888888888888
494 4 9 1024 10 9 1.0
495 2 9 1024 10 9 1.0
495 5 7 1024 8 7 0.7777777777777778
496 3 9 1024 10 9 1.0
496 5 8 1024 9 8 0.8888888888888888
497 5 7 1024 8 7 0.7777777777777778
497 3 9 1024 10 9 1.0
498 3 9 1024 10 9 1.0
498 6 7 1024 8 7 0.7777777777777778
499 2 9 1024 10 9 1.0
499 5 8 1024 9 8 0.8888888888888888
500 5 5 1024 6 5 0.5555555555555556
500 2 9 1024 10 9 1.0
501 3 4 1024 5 4 0.4444444444444444
501 2 9 1024 10 9 1.0
502 2 9 1024 10 9 1.0
502 5 4 1024 5 4 0.4444444444444444
503 1 9 1024 10 9 1.0
503 5 8 1024 9 8 0.8888888888888888
504 3 9 1024 10 9 1.0
505 3 8 1024 9 8 0.8888888888888888
506 3 9 1024 10 9 1.0
506 6 7 1024 8 7 0.7777777777777778
507 4 4 1024 5 4 0.4444444444444444
507 2 9 1024 10 9 1.0
508 6 8 1024 9 8 0.8888888888888888
508 2 9 1024 10 9 1.0
509 2 9 1024 10 9 1.0
509 5 8 1024 9 8 0.8888888888888888
510 3 9 1024 10 9 1.0
511 4 7 1024 8 7 0.7777777777777778
511 2 9 1024 10 9 1.0
512 7 7 1024 8 7 0.7777777777777778
512 5 8 1024 9 8 0.8888888888888888
512 2 9 1024 10 9 1.0
513 1 9 1024 10 9 1.0
513 3 8 1024 9 8 0.8888888888888888
514 4 9 1024 10 9 1.0
514 5 8 1024 9 8 0.8888888888888888
515 4 9 1024 10 9 1.0
515 8 5 1024 6 5 0.5555555555555556
516 3 9 1024 10 9 1.0
516 5 6 1024 7 6 0.6666666666666666
516 4 7 1024 8 7 0.7777777777777778
517 5 6 1024 7 6 0.6666666666666666
517 3 9 1024 10 9 1.0
517 4 8 1024 9 8 0.8888888888888888
518 6 6 1024 7 6 0.6666666666666666
518 2 9 1024 10 9 1.0
519 3 9 1024 10 9 1.0
519 7 7 1024 8 7 0.7777777777777778
520 4 9 1024 10 9 1.0
520 5 7 1024 8 7 0.7777777777777778
521 2 9 1024 10 9 1.0
521 6 4 1024 5 4 0.4444444444444444
522 3 9 1024 10 9 1.0
523 7 8 1024 9 8 0.8888888888888888
523 4 9 1024 10 9 1.0
524 2 9 1024 10 9 1.0
524 5 8 1024 9 8 0.8888888888888888
525 4 9 1024 10 9 1.0
526 4 8 1024 9 8 0.8888888888888888
527 5 5 1024 6 5 0.5555555555555556
527 2 9 1024 10 9 1.0
528 7 8 1024 9 8 0.8888888888888888
528 2 9 1024 10 9 1.0
529 6 6 1024 7 6 0.6666666666666666
529 2 9 1024 10 9 1.0
530 9 7 1024 8 7 0.7777777777777778
530 5 8 1024 9 8 0.8888888888888888
531 3 8 1024 9 8 0.8888888888888888
532 2 9 1024 10 9 1.0
532 3 8 1024 9 8 0.8888888888888888
533 4 8 1024 9 8 0.8888888888888888
534 4 9 1024 10 9 1.0
534 6 8 1024 9 8 0.8888888888888888
535 3 7 1024 8 7 0.7777777777777778
535 4 6 1024 7 6 0.6666666666666666
535 2 9 1024 10 9 1.0
536 1 8 1024 9 8 0.8888888888888888
537 5 7 1024 8 7 0.7777777777777778
537 2 9 1024 10 9 1.0
538 3 9 1024 10 9 1.0
538 6 4 1024 5 4 0.4444444444444444
539 3 9 1024 10 9 1.0
539 8 8 1024 9 8 0.8888888888888888
540 5 6 1024 7 6 0.6666666666666666
540 3 9 1024 10 9 1.0
541 3 9 1024 10 9 1.0
541 7 7 1024 8 7 0.7777777777777778
542 4 9 1024 10 9 1.0
542 6 5 1024 6 5 0.5555555555555556
542 5 7 1024 8 7 0.7777777777777778
543 2 9 1024 10 9 1.0
544 4 9 1024 10 9 1.0
544 7 5 1024 6 5 0.5555555555555556
545 4 9 1024 10 9 1.0
545 5 4 1024 5 4 0.4444444444444444
546 9 5 1024 6 5 0.5555555555555556
546 2 9 1024 10 9 1.0
547 4 9 1024 10 9 1.0
547 7 7 1024 8 7 0.7777777777777778
548 3 9 1024 10 9 1.0
549 4 9 1024 10 9 1.0
549 7 8 1024 9 8 0.8888888888888888
550 4 8 1024 9 8 0.8888888888888888
550 2 9 1024 10 9 1.0
550 5 7 1024 8 7 0.7777777777777778
551 2 9 1024 10 9 1.0
552 2 9 1024 10 9 1.0
552 4 7 1024 8 7 0.7777777777777778
553 2 9 1024 10 9 1.0
553 6 8 1024 9 8 0.8888888888888888
554 5 7 1024 8 7 0.7777777777777778
554 4 8 1024 9 8 0.8888888888888888
554 3 9 1024 10 9 1.0
555 4 9 1024 10 9 1.0
555 5 8 1024 9 8 0.8888888888888888
556 4 7 1024 8 7 0.7777777777777778
556 1 9 1024 10 9 1.0
557 1 9 1024 10 9 1.0
558 7 6 1024 7 6 0.6666666666666666
558 4 7 1024 8 7 0.7777777777777778
558 2 9 1024 10 9 1.0
559 1 9 1024 10 9 1.0
559 4 7 1024 8 7 0.7777777777777778
560 6 7 1024 8 7 0.7777777777777778
560 5 8 1024 9 8 0.8888888888888888
560 1 9 1024 10 9 1.0
561 4 8 1024 9 8 0.8888888888888888
561 8 6 1024 7 6 0.6666666666666666
561 7 7 1024 8 7 0.7777777777777778
562 3 7 1024 8 7 0.7777777777777778
563 2 9 1024 10 9 1.0
563 6 8 1024 9 8 0.8888888888888888
564 6 8 1024 9 8 0.8888888888888888
564 4 9 1024 10 9 1.0
565 5 0 1024 1 0 0.0
565 3 9 1024 10 9 1.0
566 4 7 1024 8 7 0.7777777777777778
567 1 9 1024 10 9 1.0
567 3 7 1024 8 7 0.7777777777777778
568 3 9 1024 10 9 1.0
569 3 9 1024 10 9 1.0
570 3 9 1024 10 9 1.0
570 5 7 1024 8 7 0.7777777777777778
570 4 8 1024 9 8 0.8888888888888888
571 5 8 1024 9 8 0.8888888888888888
571 0 9 1024 10 9 1.0
572 5 8 1024 9 8 0.8888888888888888
572 6 6 1024 7 6 0.6666666666666666
572 3 9 1024 10 9 1.0
573 2 9 1024 10 9 1.0
574 5 3 1024 4 3 0.3333333333333333
574 4 7 1024 8 7 0.7777777777777778
575 2 9 1024 10 9 1.0
576 6 8 1024 9 8 0.8888888888888888
576 1 9 1024 10 9 1.0
577 4 8 1024 9 8 0.8888888888888888
577 7 7 1024 8 7 0.7777777777777778
578 2 9 1024 10 9 1.0
579 3 9 1024 10 9 1.0
579 5 8 1024 9 8 0.8888888888888888
580 5 8 1024 9 8 0.8888888888888888
580 2 9 1024 10 9 1.0
580 7 4 1024 5 4 0.4444444444444444
581 3 9 1024 10 9 1.0
582 3 9 1024 10 9 1.0
583 4 7 1024 8 7 0.7777777777777778
584 3 9 1024 10 9 1.0
584 5 8 1024 9 8 0.8888888888888888
585 3 9 1024 10 9 1.0
585 6 6 1024 7 6 0.6666666666666666
586 2 9 1024 10 9 1.0
586 6 7 1024 8 7 0.7777777777777778
587 5 5 1024 6 5 0.5555555555555556
587 2 9 1024 10 9 1.0
588 7 4 1024 5 4 0.4444444444444444
588 5 5 1024 6 5 0.5555555555555556
588 2 9 1024 10 9 1.0
589 3 8 1024 9 8 0.8888888888888888
590 4 7 1024 8 7 0.7777777777777778
590 0 9 1024 10 9 1.0
591 1 9 1024 10 9 1.0
592 3 8 1024 9 8 0.8888888888888888
593 7 4 1024 5 4 0.4444444444444444
593 2 9 1024 10 9 1.0
594 3 9 1024 10 9 1.0
594 4 7 1024 8 7 0.7777777777777778
595 2 9 1024 10 9 1.0
595 5 6 1024 7 6 0.6666666666666666
596 3 9 1024 10 9 1.0
596 10 6 1024 7 6 0.6666666666666666
596 6 7 1024 8 7 0.7777777777777778
597 2 7 1024 8 7 0.7777777777777778
598 7 8 1024 9 8 0.8888888888888888
598 2 9 1024 10 9 1.0
599 6 5 1024 6 5 0.5555555555555556
599 5 7 1024 8 7 0.7777777777777778
599 4 9 1024 10 9 1.0
600 3 9 1024 10 9 1.0
601 5 8 1024 9 8 0.8888888888888888
601 2 9 1024 10 9 1.0
602 3 9 1024 10 9 1.0
602 6 8 1024 9 8 0.8888888888888888
603 4 8 1024 9 8 0.8888888888888888
603 3 9 1024 10 9 1.0
604 4 8 1024 9 8 0.8888888888888888
604 7 7 1024 8 7 0.7777777777777778
605 5 8 1024 9 8 0.8888888888888888
605 3 9 1024 10 9 1.0
606 1 9 1024 10 9 1.0
607 3 9 1024 10 9 1.0
608 3 7 1024 8 7 0.7777777777777778
609 7 8 1024 9 8 0.8888888888888888
609 4 9 1024 10 9 1.0
610 6 7 1024 8 7 0.7777777777777778
610 4 9 1024 10 9 1.0
611 3 9 1024 10 9 1.0
612 3 8 1024 9 8 0.8888888888888888
613 6 8 1024 9 8 0.8888888888888888
613 3 9 1024 10 9 1.0
614 2 8 1024 9 8 0.8888888888888888
615 8 4 1024 5 4 0.4444444444444444
615 4 7 1024 8 7 0.7777777777777778
615 2 9 1024 10 9 1.0
616 8 4 1024 5 4 0.4444444444444444
616 4 7 1024 8 7 0.7777777777777778
617 4 9 1024 10 9 1.0
617 6 8 1024 9 8 0.8888888888888888
618 4 9 1024 10 9 1.0
618 7 7 1024 8 7 0.7777777777777778
619 4 9 1024 10 9 1.0
619 6 4 1024 5 4 0.4444444444444444
620 3 9 1024 10 9 1.0
621 3 9 1024 10 9 1.0
621 6 7 1024 8 7 0.7777777777777778
621 4 8 1024 9 8 0.8888888888888888
622 3 9 1024 10 9 1.0
623 2 9 1024 10 9 1.0
623 7 5 1024 6 5 0.5555555555555556
624 3 9 1024 10 9 1.0
625 7 7 1024 8 7 0.7777777777777778
625 2 9 1024 10 9 1.0
626 3 9 1024 10 9 1.0
626 7 8 1024 9 8 0.8888888888888888
627 5 8 1024 9 8 0.8888888888888888
627 3 9 1024 10 9 1.0
628 4 4 1024 5 4 0.4444444444444444
629 4 9 1024 10 9 1.0
630 4 9 1024 10 9 1.0
630 8 3 1024 4 3 0.3333333333333333
631 3 9 1024 10 9 1.0
631 6 8 1024 9 8 0.8888888888888888
631 8 7 1024 8 7 0.7777777777777778
632 2 9 1024 10 9 1.0
632 5 8 1024 9 8 0.8888888888888888
633 8 5 1024 6 5 0.5555555555555556
633 4 9 1024 10 9 1.0
634 2 9 1024 10 9 1.0
634 7 4 1024 5 4 0.4444444444444444
635 5 8 1024 9 8 0.8888888888888888
635 2 9 1024 10 9 1.0
636 3 9 1024 10 9 1.0
636 6 8 1024 9 8 0.8888888888888888
637 4 8 1024 9 8 0.8888888888888888
637 2 9 1024 10 9 1.0
638 3 9 1024 10 9 1.0
638 7 8 1024 9 8 0.8888888888888888
639 6 6 1024 7 6 0.6666666666666666
639 3 9 1024 10 9 1.0
640 6 8 1024 9 8 0.8888888888888888
640 2 9 1024 10 9 1.0
641 3 8 1024 9 8 0.8888888888888888
642 8 0 1024 1 0 0.0
642 0 9 1024 10 9 1.0
643 3 8 1024 9 8 0.8888888888888888
644 3 9 1024 10 9 1.0
645 3 9 1024 10 9 1.0
646 6 7 1024 8 7 0.7777777777777778
646 7 6 1024 7 6 0.6666666666666666
646 1 9 1024 10 9 1.0
647 3 9 1024 10 9 1.0
647 8 8 1024 9 8 0.8888888888888888
648 5 8 1024 9 8 0.8888888888888888
648 3 9 1024 10 9 1.0
649 4 9 1024 10 9 1.0
650 5 7 1024 8 7 0.7777777777777778
650 4 9 1024 10 9 1.0
650 6 5 1024 6 5 0.5555555555555556
651 5 8 1024 9 8 0.8888888888888888
651 2 9 1024 10 9 1.0
652 6 7 1024 8 7 0.7777777777777778
652 3 9 1024 10 9 1.0
653 2 9 1024 10 9 1.0
654 2 8 1024 9 8 0.8888888888888888
655 3 9 1024 10 9 1.0
655 6 8 1024 9 8 0.8888888888888888
656 1 9 1024 10 9 1.0
657 4 8 1024 9 8 0.8888888888888888
657 2 9 1024 10 9 1.0
658 5 5 1024 6 5 0.5555555555555556
658 1 9 1024 10 9 1.0
659 2 9 1024 10 9 1.0
660 3 9 1024 10 9 1.0
661 2 9 1024 10 9 1.0
661 4 8 1024 9 8 0.8888888888888888
662 6 5 1024 6 5 0.5555555555555556
662 5 7 1024 8 7 0.7777777777777778
663 3 9 1024 10 9 1.0
663 5 8 1024 9 8 0.8888888888888888
664 2 9 1024 10 9 1.0
665 4 9 1024 10 9 1.0
665 5 8 1024 9 8 0.8888888888888888
666 0 9 1024 10 9 1.0
667 1 9 1024 10 9 1.0
667 6 8 1024 9 8 0.8888888888888888
668 6 5 1024 6 5 0.5555555555555556
668 3 9 1024 10 9 1.0
669 4 9 1024 10 9 1.0
670 2 4 1024 5 4 0.4444444444444444
671 3 9 1024 10 9 1.0
671 4 7 1024 8 7 0.7777777777777778
672 1 9 1024 10 9 1.0
673 4 9 1024 10 9 1.0
673 5 8 1024 9 8 0.8888888888888888
674 2 9 1024 10 9 1.0
674 7 7 1024 8 7 0.7777777777777778
674 5 8 1024 9 8 0.8888888888888888
675 4 9 1024 10 9 1.0
676 3 9 1024 10 9 1.0
676 4 8 1024 9 8 0.8888888888888888
677 3 9 1024 10 9 1.0
677 5 8 1024 9 8 0.8888888888888888
678 2 9 1024 10 9 1.0
679 2 8 1024 9 8 0.8888888888888888
680 2 9 1024 10 9 1.0
681 3 9 1024 10 9 1.0
682 3 8 1024 9 8 0.8888888888888888
683 1 9 1024 10 9 1.0
683 3 4 1024 5 4 0.4444444444444444
684 2 9 1024 10 9 1.0
685 7 8 1024 9 8 0.8888888888888888
685 2 9 1024 10 9 1.0
686 3 9 1024 10 9 1.0
687 6 8 1024 9 8 0.8888888888888888
687 3 9 1024 10 9 1.0
688 3 9 1024 10 9 1.0
688 4 7 1024 8 7 0.7777777777777778
689 3 9 1024 10 9 1.0
690 3 9 1024 10 9 1.0
690 8 8 1024 9 8 0.8888888888888888
691 2 9 1024 10 9 1.0
691 4 7 1024 8 7 0.7777777777777778
692 2 9 1024 10 9 1.0
692 7 8 1024 9 8 0.8888888888888888
693 4 8 1024 9 8 0.8888888888888888
694 2 9 1024 10 9 1.0
694 5 7 1024 8 7 0.7777777777777778
695 4 9 1024 10 9 1.0
696 3 8 1024 9 8 0.8888888888888888
697 6 4 1024 5 4 0.4444444444444444
697 1 9 1024 10 9 1.0
698 1 9 1024 10 9 1.0
698 5 7 1024 8 7 0.7777777777777778
699 2 9 1024 10 9 1.0
699 5 8 1024 9 8 0.8888888888888888
700 1 9 1024 10 9 1.0
700 5 5 1024 6 5 0.5555555555555556
701 2 9 1024 10 9 1.0
702 3 8 1024 9 8 0.8888888888888888
702 2 9 1024 10 9 1.0
702 6 7 1024 8 7 0.7777777777777778
703 4 9 1024 10 9 1.0
703 7 8 1024 9 8 0.8888888888888888
704 3 9 1024 10 9 1.0
704 5 4 1024 5 4 0.4444444444444444
705 4 9 1024 10 9 1.0
705 6 7 1024 8 7 0.7777777777777778
706 1 9 1024 10 9 1.0
706 5 7 1024 8 7 0.7777777777777778
707 5 0 1024 1 0 0.0
707 4 9 1024 10 9 1.0
708 5 8 1024 9 8 0.8888888888888888
708 4 9 1024 10 9 1.0
708 6 5 1024 6 5 0.5555555555555556
709 2 9 1024 10 9 1.0
710 4 9 1024 10 9 1.0
710 5 8 1024 9 8 0.8888888888888888
711 2 9 1024 10 9 1.0
711 3 8 1024 9 8 0.8888888888888888
712 3 8 1024 9 8 0.8888888888888888
712 2 9 1024 10 9 1.0
713 1 9 1024 10 9 1.0
714 6 0 1024 1 0 0.0
714 1 9 1024 10 9 1.0
715 6 5 1024 6 5 0.5555555555555556
715 5 8 1024 9 8 0.8888888888888888
715 3 9 1024 10 9 1.0
716 3 9 1024 10 9 1.0
716 6 8 1024 9 8 0.8888888888888888
717 4 6 1024 7 6 0.6666666666666666
717 2 9 1024 10 9 1.0
717 3 7 1024 8 7 0.7777777777777778
718 3 9 1024 10 9 1.0
719 7 8 1024 9 8 0.8888888888888888
719 8 5 1024 6 5 0.5555555555555556
719 3 9 1024 10 9 1.0
720 2 9 1024 10 9 1.0
720 6 7 1024 8 7 0.7777777777777778
721 4 8 1024 9 8 0.8888888888888888
721 2 9 1024 10 9 1.0
722 3 9 1024 10 9 1.0
723 3 9 1024 10 9 1.0
724 5 7 1024 8 7 0.7777777777777778
724 4 9 1024 10 9 1.0
725 6 4 1024 5 4 0.4444444444444444
725 3 9 1024 10 9 1.0
726 3 9 1024 10 9 1.0
726 4 8 1024 9 8 0.8888888888888888
727 2 9 1024 10 9 1.0
728 3 9 1024 10 9 1.0
729 4 9 1024 10 9 1.0
729 6 7 1024 8 7 0.7777777777777778
729 5 8 1024 9 8 0.8888888888888888
730 3 9 1024 10 9 1.0
730 6 8 1024 9 8 0.8888888888888888
731 3 9 1024 10 9 1.0
731 7 7 1024 8 7 0.7777777777777778
731 4 8 1024 9 8 0.8888888888888888
732 7 5 1024 6 5 0.5555555555555556
732 2 9 1024 10 9 1.0
732 6 8 1024 9 8 0.8888888888888888
733 3 9 1024 10 9 1.0
733 5 4 1024 5 4 0.4444444444444444
734 2 9 1024 10 9 1.0
735 5 8 1024 9 8 0.8888888888888888
735 7 7 1024 8 7 0.7777777777777778
735 3 9 1024 10 9 1.0
736 2 9 1024 10 9 1.0
737 3 8 1024 9 8 0.8888888888888888
737 2 9 1024 10 9 1.0
738 5 8 1024 9 8 0.8888888888888888
738 2 9 1024 10 9 1.0
739 3 9 1024 10 9 1.0
740 3 9 1024 10 9 1.0
740 5 4 1024 5 4 0.4444444444444444
741 7 7 1024 8 7 0.7777777777777778
741 2 9 1024 10 9 1.0
742 3 9 1024 10 9 1.0
743 0 9 1024 10 9 1.0
743 7 8 1024 9 8 0.8888888888888888
744 4 8 1024 9 8 0.8888888888888888
745 2 9 1024 10 9 1.0
745 6 6 1024 7 6 0.6666666666666666
746 2 9 1024 10 9 1.0
746 8 5 1024 6 5 0.5555555555555556
747 2 9 1024 10 9 1.0
748 2 9 1024 10 9 1.0
748 5 7 1024 8 7 0.7777777777777778
749 4 9 1024 10 9 1.0
750 7 7 1024 8 7 0.7777777777777778
750 2 9 1024 10 9 1.0
750 5 8 1024 9 8 0.8888888888888888
751 3 7 1024 8 7 0.7777777777777778
752 4 7 1024 8 7 0.7777777777777778
752 8 6 1024 7 6 0.6666666666666666
752 1 9 1024 10 9 1.0
753 2 9 1024 10 9 1.0
753 8 8 1024 9 8 0.8888888888888888
754 3 9 1024 10 9 1.0
755 4 8 1024 9 8 0.8888888888888888
755 3 9 1024 10 9 1.0
755 5 7 1024 8 7 0.7777777777777778
755 7 5 1024 6 5 0.5555555555555556
756 3 9 1024 10 9 1.0
757 5 8 1024 9 8 0.8888888888888888
758 6 6 1024 7 6 0.6666666666666666
758 3 9 1024 10 9 1.0
758 4 8 1024 9 8 0.8888888888888888
759 3 9 1024 10 9 1.0
759 4 8 1024 9 8 0.8888888888888888
760 4 4 1024 5 4 0.4444444444444444
761 2 9 1024 10 9 1.0
761 5 7 1024 8 7 0.7777777777777778
761 4 8 1024 9 8 0.8888888888888888
761 7 4 1024 5 4 0.4444444444444444
762 4 9 1024 10 9 1.0
762 6 8 1024 9 8 0.8888888888888888
763 4 7 1024 8 7 0.7777777777777778
764 2 9 1024 10 9 1.0
765 3 7 1024 8 7 0.7777777777777778
766 2 9 1024 10 9 1.0
767 3 9 1024 10 9 1.0
767 4 5 1024 6 5 0.5555555555555556
768 3 8 1024 9 8 0.8888888888888888
768 1 9 1024 10 9 1.0
768 5 7 1024 8 7 0.7777777777777778
769 3 9 1024 10 9 1.0
769 5 5 1024 6 5 0.5555555555555556
770 3 9 1024 10 9 1.0
770 6 6 1024 7 6 0.6666666666666666
771 7 4 1024 5 4 0.4444444444444444
771 3 8 1024 9 8 0.8888888888888888
771 4 7 1024 8 7 0.7777777777777778
772 6 7 1024 8 7 0.7777777777777778
772 3 9 1024 10 9 1.0
773 5 8 1024 9 8 0.8888888888888888
773 4 9 1024 10 9 1.0
774 3 9 1024 10 9 1.0
775 6 8 1024 9 8 0.8888888888888888
775 2 9 1024 10 9 1.0
776 3 9 1024 10 9 1.0
777 4 9 1024 10 9 1.0
777 5 8 1024 9 8 0.8888888888888888
778 4 9 1024 10 9 1.0
779 3 9 1024 10 9 1.0
779 6 5 1024 6 5 0.5555555555555556
779 5 8 1024 9 8 0.8888888888888888
780 2 9 1024 10 9 1.0
781 2 5 1024 6 5 0.5555555555555556
782 7 8 1024 9 8 0.8888888888888888
782 4 9 1024 10 9 1.0
783 3 9 1024 10 9 1.0
784 6 5 1024 6 5 0.5555555555555556
784 3 9 1024 10 9 1.0
785 3 9 1024 10 9 1.0
785 6 0 1024 1 0 0.0
786 5 6 1024 7 6 0.6666666666666666
786 4 9 1024 10 9 1.0
787 7 8 1024 9 8 0.8888888888888888
787 2 9 1024 10 9 1.0
787 8 5 1024 6 5 0.5555555555555556
788 2 9 1024 10 9 1.0
788 6 0 1024 1 0 0.0
789 2 9 1024 10 9 1.0
789 5 0 1024 1 0 0.0
790 3 7 1024 8 7 0.7777777777777778
790 6 6 1024 7 6 0.6666666666666666
791 4 8 1024 9 8 0.8888888888888888
791 3 9 1024 10 9 1.0
791 5 6 1024 7 6 0.6666666666666666
792 5 4 1024 5 4 0.4444444444444444
792 3 9 1024 10 9 1.0
793 4 7 1024 8 7 0.7777777777777778
793 2 9 1024 10 9 1.0
793 7 4 1024 5 4 0.4444444444444444
794 6 4 1024 5 4 0.4444444444444444
794 2 9 1024 10 9 1.0
794 4 8 1024 9 8 0.8888888888888888
795 6 8 1024 9 8 0.8888888888888888
795 9 7 1024 8 7 0.7777777777777778
795 2 9 1024 10 9 1.0
796 3 9 1024 10 9 1.0
796 7 8 1024 9 8 0.8888888888888888
797 7 7 1024 8 7 0.7777777777777778
797 2 8 1024 9 8 0.8888888888888888
798 2 9 1024 10 9 1.0
799 1 9 1024 10 9 1.0
799 4 7 1024 8 7 0.7777777777777778
800 3 9 1024 10 9 1.0
800 5 4 1024 5 4 0.4444444444444444
801 1 9 1024 10 9 1.0
802 2 9 1024 10 9 1.0
802 5 7 1024 8 7 0.7777777777777778
803 5 8 1024 9 8 0.8888888888888888
803 1 9 1024 10 9 1.0
804 4 4 1024 5 4 0.4444444444444444
804 3 9 1024 10 9 1.0
804 5 0 1024 1 0 0.0
805 2 9 1024 10 9 1.0
806 2 9 1024 10 9 1.0
806 5 4 1024 5 4 0.4444444444444444
807 6 3 1024 4 3 0.3333333333333333
807 4 8 1024 9 8 0.8888888888888888
807 2 9 1024 10 9 1.0
808 3 9 1024 10 9 1.0
809 7 7 1024 8 7 0.7777777777777778
809 3 9 1024 10 9 1.0
810 3 8 1024 9 8 0.8888888888888888
811 4 9 1024 10 9 1.0
811 7 7 1024 8 7 0.7777777777777778
812 6 4 1024 5 4 0.4444444444444444
812 2 9 1024 10 9 1.0
813 2 9 1024 10 9 1.0
814 3 9 1024 10 9 1.0
814 5 5 1024 6 5 0.5555555555555556
815 3 8 1024 9 8 0.8888888888888888
816 2 9 1024 10 9 1.0
817 7 4 1024 5 4 0.4444444444444444
817 3 9 1024 10 9 1.0
817 6 7 1024 8 7 0.7777777777777778
818 3 9 1024 10 9 1.0
819 6 8 1024 9 8 0.8888888888888888
819 3 9 1024 10 9 1.0
820 4 7 1024 8 7 0.7777777777777778
821 3 8 1024 9 8 0.8888888888888888
822 4 6 1024 7 6 0.6666666666666666
822 3 9 1024 10 9 1.0
823 2 9 1024 10 9 1.0
823 5 5 1024 6 5 0.5555555555555556
824 1 9 1024 10 9 1.0
824 6 8 1024 9 8 0.8888888888888888
825 3 8 1024 9 8 0.8888888888888888
826 3 7 1024 8 7 0.7777777777777778
827 9 7 1024 8 7 0.7777777777777778
827 3 9 1024 10 9 1.0
827 5 8 1024 9 8 0.8888888888888888
828 3 8 1024 9 8 0.8888888888888888
828 8 7 1024 8 7 0.7777777777777778
829 3 9 1024 10 9 1.0
829 6 7 1024 8 7 0.7777777777777778
830 8 0 1024 1 0 0.0
830 2 8 1024 9 8 0.8888888888888888
831 2 9 1024 10 9 1.0
832 4 9 1024 10 9 1.0
832 5 7 1024 8 7 0.7777777777777778
833 3 9 1024 10 9 1.0
834 6 0 1024 1 0 0.0
834 3 9 1024 10 9 1.0
835 2 9 1024 10 9 1.0
835 6 8 1024 9 8 0.8888888888888888
836 4 9 1024 10 9 1.0
836 5 7 1024 8 7 0.7777777777777778
837 3 9 1024 10 9 1.0
838 4 9 1024 10 9 1.0
839 2 9 1024 10 9 1.0
840 2 9 1024 10 9 1.0
841 6 4 1024 5 4 0.4444444444444444
841 3 9 1024 10 9 1.0
842 5 8 1024 9 8 0.8888888888888888
842 1 9 1024 10 9 1.0
842 7 7 1024 8 7 0.7777777777777778
843 3 9 1024 10 9 1.0
844 3 9 1024 10 9 1.0
844 7 8 1024 9 8 0.8888888888888888
845 6 8 1024 9 8 0.8888888888888888
845 4 9 1024 10 9 1.0
846 3 9 1024 10 9 1.0
846 5 8 1024 9 8 0.8888888888888888
847 6 7 1024 8 7 0.7777777777777778
847 3 9 1024 10 9 1.0
848 7 0 1024 1 0 0.0
848 5 8 1024 9 8 0.8888888888888888
848 2 9 1024 10 9 1.0
849 5 6 1024 7 6 0.6666666666666666
849 2 9 1024 10 9 1.0
849 7 0 1024 1 0 0.0
850 6 5 1024 6 5 0.5555555555555556
850 1 9 1024 10 9 1.0
851 4 9 1024 10 9 1.0
851 6 8 1024 9 8 0.8888888888888888
852 7 8 1024 9 8 0.8888888888888888
852 3 9 1024 10 9 1.0
853 6 5 1024 6 5 0.5555555555555556
853 4 7 1024 8 7 0.7777777777777778
853 3 9 1024 10 9 1.0
854 4 6 1024 7 6 0.6666666666666666
854 3 9 1024 10 9 1.0
855 4 8 1024 9 8 0.8888888888888888
856 1 9 1024 10 9 1.0
856 5 8 1024 9 8 0.8888888888888888
856 7 7 1024 8 7 0.7777777777777778
857 4 8 1024 9 8 0.8888888888888888
857 2 9 1024 10 9 1.0
857 6 6 1024 7 6 0.6666666666666666
858 3 9 1024 10 9 1.0
859 6 7 1024 8 7 0.7777777777777778
859 3 9 1024 10 9 1.0
860 8 2 1024 3 2 0.2222222222222222
860 3 9 1024 10 9 1.0
860 4 6 1024 7 6 0.6666666666666666
861 2 9 1024 10 9 1.0
861 5 6 1024 7 6 0.6666666666666666
862 4 0 1024 1 0 0.0
862 1 9 1024 10 9 1.0
863 3 9 1024 10 9 1.0
863 8 6 1024 7 6 0.6666666666666666
863 5 7 1024 8 7 0.7777777777777778
864 3 9 1024 10 9 1.0
864 7 7 1024 8 7 0.7777777777777778
865 4 9 1024 10 9 1.0
865 7 8 1024 9 8 0.8888888888888888
866 5 4 1024 5 4 0.4444444444444444
866 2 9 1024 10 9 1.0
867 4 8 1024 9 8 0.8888888888888888
867 5 4 1024 5 4 0.4444444444444444
867 3 9 1024 10 9 1.0
868 7 5 1024 6 5 0.5555555555555556
868 3 9 1024 10 9 1.0
869 4 9 1024 10 9 1.0
869 5 8 1024 9 8 0.8888888888888888
870 4 5 1024 6 5 0.5555555555555556
870 3 9 1024 10 9 1.0
871 5 8 1024 9 8 0.8888888888888888
871 4 9 1024 10 9 1.0
872 5 0 1024 1 0 0.0
873 7 5 1024 6 5 0.5555555555555556
873 2 9 1024 10 9 1.0
874 2 9 1024 10 9 1.0
874 5 5 1024 6 5 0.5555555555555556
875 2 9 1024 10 9 1.0
875 5 8 1024 9 8 0.8888888888888888
876 6 8 1024 9 8 0.8888888888888888
876 3 9 1024 10 9 1.0
877 2 9 1024 10 9 1.0
877 6 5 1024 6 5 0.5555555555555556
878 4 0 1024 1 0 0.0
878 3 9 1024 10 9 1.0
879 3 9 1024 10 9 1.0
879 6 8 1024 9 8 0.8888888888888888
880 4 7 1024 8 7 0.7777777777777778
881 2 9 1024 10 9 1.0
882 6 7 1024 8 7 0.7777777777777778
882 3 9 1024 10 9 1.0
883 2 9 1024 10 9 1.0
883 6 8 1024 9 8 0.8888888888888888
883 7 6 1024 7 6 0.6666666666666666
884 5 7 1024 8 7 0.7777777777777778
884 2 9 1024 10 9 1.0
885 4 9 1024 10 9 1.0
886 4 9 1024 10 9 1.0
886 6 8 1024 9 8 0.8888888888888888
887 1 8 1024 9 8 0.8888888888888888
888 4 8 1024 9 8 0.8888888888888888
888 1 9 1024 10 9 1.0
888 5 7 1024 8 7 0.7777777777777778
889 3 9 1024 10 9 1.0
889 5 7 1024 8 7 0.7777777777777778
890 2 9 1024 10 9 1.0
891 3 9 1024 10 9 1.0
892 4 7 1024 8 7 0.7777777777777778
892 5 5 1024 6 5 0.5555555555555556
893 4 4 1024 5 4 0.4444444444444444
894 3 9 1024 10 9 1.0
894 4 5 1024 6 5 0.5555555555555556
895 4 7 1024 8 7 0.7777777777777778
896 4 6 1024 7 6 0.6666666666666666
897 7 4 1024 5 4 0.4444444444444444
897 3 9 1024 10 9 1.0
898 7 0 1024 1 0 0.0
898 2 9 1024 10 9 1.0
899 3 9 1024 10 9 1.0
900 3 9 1024 10 9 1.0
901 1 9 1024 10 9 1.0
901 8 6 1024 7 6 0.6666666666666666
901 6 8 1024 9 8 0.8888888888888888
902 3 9 1024 10 9 1.0
903 3 9 1024 10 9 1.0
903 5 8 1024 9 8 0.8888888888888888
904 6 7 1024 8 7 0.7777777777777778
904 2 9 1024 10 9 1.0
905 4 9 1024 10 9 1.0
905 7 8 1024 9 8 0.8888888888888888
906 2 9 1024 10 9 1.0
907 2 9 1024 10 9 1.0
907 5 0 1024 1 0 0.0
908 7 6 1024 7 6 0.6666666666666666
908 4 9 1024 10 9 1.0
908 6 7 1024 8 7 0.7777777777777778
909 3 9 1024 10 9 1.0
910 2 9 1024 10 9 1.0
911 3 9 1024 10 9 1.0
911 5 8 1024 9 8 0.8888888888888888
912 4 7 1024 8 7 0.7777777777777778
913 4 9 1024 10 9 1.0
914 4 0 1024 1 0 0.0
914 3 9 1024 10 9 1.0
915 2 9 1024 10 9 1.0
916 3 9 1024 10 9 1.0
916 6 7 1024 8 7 0.7777777777777778
917 3 9 1024 10 9 1.0
918 3 9 1024 10 9 1.0
918 9 8 1024 9 8 0.8888888888888888
919 2 9 1024 10 9 1.0
919 5 5 1024 6 5 0.5555555555555556
920 2 9 1024 10 9 1.0
920 7 8 1024 9 8 0.8888888888888888
921 2 9 1024 10 9 1.0
921 8 7 1024 8 7 0.7777777777777778
922 3 9 1024 10 9 1.0
922 6 4 1024 5 4 0.4444444444444444
923 6 8 1024 9 8 0.8888888888888888
923 3 9 1024 10 9 1.0
924 5 8 1024 9 8 0.8888888888888888
924 3 9 1024 10 9 1.0
925 4 9 1024 10 9 1.0
925 5 8 1024 9 8 0.8888888888888888
926 3 9 1024 10 9 1.0
926 7 8 1024 9 8 0.8888888888888888
927 3 9 1024 10 9 1.0
927 5 8 1024 9 8 0.8888888888888888
928 4 7 1024 8 7 0.7777777777777778
929 3 9 1024 10 9 1.0
929 5 5 1024 6 5 0.5555555555555556
930 3 9 1024 10 9 1.0
930 6 6 1024 7 6 0.6666666666666666
931 3 8 1024 9 8 0.8888888888888888
932 7 0 1024 1 0 0.0
932 5 7 1024 8 7 0.7777777777777778
932 2 9 1024 10 9 1.0
933 3 9 1024 10 9 1.0
934 3 9 1024 10 9 1.0
935 6 5 1024 6 5 0.5555555555555556
935 2 9 1024 10 9 1.0
936 3 9 1024 10 9 1.0
936 5 5 1024 6 5 0.5555555555555556
937 2 9 1024 10 9 1.0
937 8 0 1024 1 0 0.0
937 6 8 1024 9 8 0.8888888888888888
937 7 7 1024 8 7 0.7777777777777778
938 2 9 1024 10 9 1.0
938 5 8 1024 9 8 0.8888888888888888
939 3 9 1024 10 9 1.0
939 5 7 1024 8 7 0.7777777777777778
940 3 9 1024 10 9 1.0
940 7 8 1024 9 8 0.8888888888888888
941 4 9 1024 10 9 1.0
941 6 8 1024 9 8 0.8888888888888888
942 5 8 1024 9 8 0.8888888888888888
942 3 9 1024 10 9 1.0
943 5 8 1024 9 8 0.8888888888888888
943 3 9 1024 10 9 1.0
944 2 9 1024 10 9 1.0
945 3 9 1024 10 9 1.0
945 4 5 1024 6 5 0.5555555555555556
946 1 9 1024 10 9 1.0
947 5 8 1024 9 8 0.8888888888888888
947 3 9 1024 10 9 1.0
948 2 8 1024 9 8 0.8888888888888888
949 3 9 1024 10 9 1.0
950 6 5 1024 6 5 0.5555555555555556
950 2 9 1024 10 9 1.0
951 2 9 1024 10 9 1.0
951 5 8 1024 9 8 0.8888888888888888
952 3 8 1024 9 8 0.8888888888888888
952 6 7 1024 8 7 0.7777777777777778
952 2 9 1024 10 9 1.0
953 4 6 1024 7 6 0.6666666666666666
953 2 9 1024 10 9 1.0
954 7 8 1024 9 8 0.8888888888888888
954 2 9 1024 10 9 1.0
955 3 9 1024 10 9 1.0
955 5 8 1024 9 8 0.8888888888888888
956 1 9 1024 10 9 1.0
956 7 7 1024 8 7 0.7777777777777778
957 3 8 1024 9 8 0.8888888888888888
958 3 7 1024 8 7 0.7777777777777778
958 1 9 1024 10 9 1.0
959 4 6 1024 7 6 0.6666666666666666
959 2 9 1024 10 9 1.0
960 1 9 1024 10 9 1.0
961 4 9 1024 10 9 1.0
962 2 9 1024 10 9 1.0
963 3 8 1024 9 8 0.8888888888888888
964 6 8 1024 9 8 0.8888888888888888
964 7 4 1024 5 4 0.4444444444444444
964 3 9 1024 10 9 1.0
965 4 7 1024 8 7 0.7777777777777778
965 6 0 1024 1 0 0.0
965 5 6 1024 7 6 0.6666666666666666
965 2 9 1024 10 9 1.0
966 6 7 1024 8 7 0.7777777777777778
966 4 9 1024 10 9 1.0
967 5 8 1024 9 8 0.8888888888888888
967 2 9 1024 10 9 1.0
968 2 9 1024 10 9 1.0
968 5 8 1024 9 8 0.8888888888888888
969 5 8 1024 9 8 0.8888888888888888
970 7 5 1024 6 5 0.5555555555555556
970 4 8 1024 9 8 0.8888888888888888
971 5 4 1024 5 4 0.4444444444444444
971 3 9 1024 10 9 1.0
972 4 9 1024 10 9 1.0
973 4 9 1024 10 9 1.0
973 6 0 1024 1 0 0.0
974 3 9 1024 10 9 1.0
975 5 8 1024 9 8 0.8888888888888888
975 2 9 1024 10 9 1.0
976 2 9 1024 10 9 1.0
977 2 9 1024 10 9 1.0
978 2 9 1024 10 9 1.0
978 5 7 1024 8 7 0.7777777777777778
979 3 7 1024 8 7 0.7777777777777778
980 3 9 1024 10 9 1.0
980 5 7 1024 8 7 0.7777777777777778
981 7 6 1024 7 6 0.6666666666666666
981 2 9 1024 10 9 1.0
982 5 5 1024 6 5 0.5555555555555556
982 4 7 1024 8 7 0.7777777777777778
983 4 8 1024 9 8 0.8888888888888888
984 6 8 1024 9 8 0.8888888888888888
984 3 9 1024 10 9 1.0
985 6 7 1024 8 7 0.7777777777777778
985 2 9 1024 10 9 1.0
986 3 9 1024 10 9 1.0
987 4 9 1024 10 9 1.0
988 4 9 1024 10 9 1.0
988 5 0 1024 1 0 0.0
989 7 7 1024 8 7 0.7777777777777778
989 4 8 1024 9 8 0.8888888888888888
990 1 9 1024 10 9 1.0
990 5 8 1024 9 8 0.8888888888888888
991 1 9 1024 10 9 1.0
991 6 8 1024 9 8 0.8888888888888888
992 3 9 1024 10 9 1.0
992 6 8 1024 9 8 0.8888888888888888
993 6 8 1024 9 8 0.8888888888888888
993 2 9 1024 10 9 1.0
994 3 9 1024 10 9 1.0
994 6 0 1024 1 0 0.0
995 4 8 1024 9 8 0.8888888888888888
995 3 9 1024 10 9 1.0
996 1 9 1024 10 9 1.0
996 5 8 1024 9 8 0.8888888888888888
997 3 7 1024 8 7 0.7777777777777778
997 8 6 1024 7 6 0.6666666666666666
998 3 9 1024 10 9 1.0
999 3 9 1024 10 9 1.0
1000 2 9 1024 10 9 1.0
1000 3 8 1024 9 8 0.8888888888888888
1000 5 5 1024 6 5 0.5555555555555556
