gen HV HVnoDiscount fitness_notKilledMutants notKilledNonEqMutants fitness_testSuiteSize
1 12.0 12.0 8.0 7.0 4.0
2 51.0 51.0 1.0 0.0 5.0
3 51.0 51.0 1.0 0.0 5.0
4 51.0 51.0 1.0 0.0 5.0
5 51.0 51.0 1.0 0.0 5.0
6 51.0 51.0 1.0 0.0 5.0
7 51.0 51.0 1.0 0.0 5.0
8 51.0 51.0 1.0 0.0 5.0
9 51.0 51.0 1.0 0.0 5.0
10 51.0 51.0 1.0 0.0 5.0
11 51.0 51.0 1.0 0.0 5.0
12 51.0 51.0 1.0 0.0 5.0
13 51.0 51.0 1.0 0.0 5.0
14 51.0 51.0 1.0 0.0 5.0
15 51.0 51.0 1.0 0.0 5.0
16 51.0 51.0 1.0 0.0 5.0
17 51.0 51.0 1.0 0.0 5.0
18 51.0 51.0 1.0 0.0 5.0
19 51.0 51.0 1.0 0.0 5.0
20 51.0 51.0 1.0 0.0 5.0
21 51.0 51.0 1.0 0.0 5.0
22 51.0 51.0 1.0 0.0 5.0
23 51.0 51.0 1.0 0.0 5.0
24 51.0 51.0 1.0 0.0 5.0
25 51.0 51.0 1.0 0.0 5.0
26 51.0 51.0 1.0 0.0 5.0
27 51.0 51.0 1.0 0.0 5.0
28 51.0 51.0 1.0 0.0 5.0
29 51.0 51.0 1.0 0.0 5.0
30 51.0 51.0 1.0 0.0 5.0
31 51.0 51.0 1.0 0.0 5.0
32 51.0 51.0 1.0 0.0 5.0
33 51.0 51.0 1.0 0.0 5.0
34 51.0 51.0 1.0 0.0 5.0
35 51.0 51.0 1.0 0.0 5.0
36 51.0 51.0 1.0 0.0 5.0
37 51.0 51.0 1.0 0.0 5.0
38 51.0 51.0 1.0 0.0 5.0
39 51.0 51.0 1.0 0.0 5.0
40 51.0 51.0 1.0 0.0 5.0
41 51.0 51.0 1.0 0.0 5.0
42 51.0 51.0 1.0 0.0 5.0
43 51.0 51.0 1.0 0.0 5.0
44 51.0 51.0 1.0 0.0 5.0
45 51.0 51.0 1.0 0.0 5.0
46 51.0 51.0 1.0 0.0 5.0
47 51.0 51.0 1.0 0.0 5.0
48 51.0 51.0 1.0 0.0 5.0
49 51.0 51.0 1.0 0.0 5.0
50 51.0 51.0 1.0 0.0 5.0
51 51.0 51.0 1.0 0.0 5.0
52 51.0 51.0 1.0 0.0 5.0
53 51.0 51.0 1.0 0.0 5.0
54 51.0 51.0 1.0 0.0 5.0
55 51.0 51.0 1.0 0.0 5.0
56 51.0 51.0 1.0 0.0 5.0
57 51.0 51.0 1.0 0.0 5.0
58 51.0 51.0 1.0 0.0 5.0
59 51.0 51.0 1.0 0.0 5.0
60 51.0 51.0 1.0 0.0 5.0
61 51.0 51.0 1.0 0.0 5.0
62 51.0 51.0 1.0 0.0 5.0
63 51.0 51.0 1.0 0.0 5.0
64 51.0 51.0 1.0 0.0 5.0
65 51.0 51.0 1.0 0.0 5.0
66 51.0 51.0 1.0 0.0 5.0
67 51.0 51.0 1.0 0.0 5.0
68 51.0 51.0 1.0 0.0 5.0
69 51.0 51.0 1.0 0.0 5.0
70 51.0 51.0 1.0 0.0 5.0
71 51.0 51.0 1.0 0.0 5.0
72 51.0 51.0 1.0 0.0 5.0
73 51.0 51.0 1.0 0.0 5.0
74 51.0 51.0 1.0 0.0 5.0
75 51.0 51.0 1.0 0.0 5.0
76 51.0 51.0 1.0 0.0 5.0
77 51.0 51.0 1.0 0.0 5.0
78 51.0 51.0 1.0 0.0 5.0
79 51.0 51.0 1.0 0.0 5.0
80 51.0 51.0 1.0 0.0 5.0
81 51.0 51.0 1.0 0.0 5.0
82 51.0 51.0 1.0 0.0 5.0
83 51.0 51.0 1.0 0.0 5.0
84 51.0 51.0 1.0 0.0 5.0
85 51.0 51.0 1.0 0.0 5.0
86 54.0 54.0 1.0 0.0 4.0
87 54.0 54.0 1.0 0.0 4.0
88 54.0 54.0 1.0 0.0 4.0
89 54.0 54.0 1.0 0.0 4.0
90 54.0 54.0 1.0 0.0 4.0
91 54.0 54.0 1.0 0.0 4.0
92 54.0 54.0 1.0 0.0 4.0
93 54.0 54.0 1.0 0.0 4.0
94 54.0 54.0 1.0 0.0 4.0
95 54.0 54.0 1.0 0.0 4.0
96 54.0 54.0 1.0 0.0 4.0
97 54.0 54.0 1.0 0.0 4.0
98 54.0 54.0 1.0 0.0 4.0
99 54.0 54.0 1.0 0.0 4.0
100 54.0 54.0 1.0 0.0 4.0
101 54.0 54.0 1.0 0.0 4.0
102 54.0 54.0 1.0 0.0 4.0
103 54.0 54.0 1.0 0.0 4.0
104 54.0 54.0 1.0 0.0 4.0
105 54.0 54.0 1.0 0.0 4.0
106 54.0 54.0 1.0 0.0 4.0
107 54.0 54.0 1.0 0.0 4.0
108 54.0 54.0 1.0 0.0 4.0
109 54.0 54.0 1.0 0.0 4.0
110 54.0 54.0 1.0 0.0 4.0
111 54.0 54.0 1.0 0.0 4.0
112 54.0 54.0 1.0 0.0 4.0
113 54.0 54.0 1.0 0.0 4.0
114 54.0 54.0 1.0 0.0 4.0
115 64.0 64.0 1.0 0.0 3.0
116 64.0 64.0 1.0 0.0 3.0
117 64.0 64.0 1.0 0.0 3.0
118 64.0 64.0 1.0 0.0 3.0
119 64.0 64.0 1.0 0.0 3.0
120 64.0 64.0 1.0 0.0 3.0
121 64.0 64.0 1.0 0.0 3.0
122 64.0 64.0 1.0 0.0 3.0
123 64.0 64.0 1.0 0.0 3.0
124 64.0 64.0 1.0 0.0 3.0
125 64.0 64.0 1.0 0.0 3.0
126 64.0 64.0 1.0 0.0 3.0
127 64.0 64.0 1.0 0.0 3.0
128 64.0 64.0 1.0 0.0 3.0
129 64.0 64.0 1.0 0.0 3.0
130 64.0 64.0 1.0 0.0 3.0
131 64.0 64.0 1.0 0.0 3.0
132 64.0 64.0 1.0 0.0 3.0
133 64.0 64.0 1.0 0.0 3.0
134 64.0 64.0 1.0 0.0 3.0
135 64.0 64.0 1.0 0.0 3.0
136 64.0 64.0 1.0 0.0 3.0
137 64.0 64.0 1.0 0.0 3.0
138 64.0 64.0 1.0 0.0 3.0
139 64.0 64.0 1.0 0.0 3.0
140 64.0 64.0 1.0 0.0 3.0
141 64.0 64.0 1.0 0.0 3.0
142 64.0 64.0 1.0 0.0 3.0
143 64.0 64.0 1.0 0.0 3.0
144 64.0 64.0 1.0 0.0 3.0
145 64.0 64.0 1.0 0.0 3.0
146 64.0 64.0 1.0 0.0 3.0
147 64.0 64.0 1.0 0.0 3.0
148 64.0 64.0 1.0 0.0 3.0
149 64.0 64.0 1.0 0.0 3.0
150 64.0 64.0 1.0 0.0 3.0
151 64.0 64.0 1.0 0.0 3.0
152 64.0 64.0 1.0 0.0 3.0
153 64.0 64.0 1.0 0.0 3.0
154 64.0 64.0 1.0 0.0 3.0
155 64.0 64.0 1.0 0.0 3.0
156 64.0 64.0 1.0 0.0 3.0
157 64.0 64.0 1.0 0.0 3.0
158 64.0 64.0 1.0 0.0 3.0
159 64.0 64.0 1.0 0.0 3.0
160 64.0 64.0 1.0 0.0 3.0
161 64.0 64.0 1.0 0.0 3.0
162 64.0 64.0 1.0 0.0 3.0
163 64.0 64.0 1.0 0.0 3.0
164 64.0 64.0 1.0 0.0 3.0
165 64.0 64.0 1.0 0.0 3.0
166 64.0 64.0 1.0 0.0 3.0
167 64.0 64.0 1.0 0.0 3.0
168 64.0 64.0 1.0 0.0 3.0
169 64.0 64.0 1.0 0.0 3.0
170 64.0 64.0 1.0 0.0 3.0
171 64.0 64.0 1.0 0.0 3.0
172 64.0 64.0 1.0 0.0 3.0
173 64.0 64.0 1.0 0.0 3.0
174 64.0 64.0 1.0 0.0 3.0
175 64.0 64.0 1.0 0.0 3.0
176 64.0 64.0 1.0 0.0 3.0
177 64.0 64.0 1.0 0.0 3.0
178 64.0 64.0 1.0 0.0 3.0
179 64.0 64.0 1.0 0.0 3.0
180 64.0 64.0 1.0 0.0 3.0
181 64.0 64.0 1.0 0.0 3.0
182 64.0 64.0 1.0 0.0 3.0
183 64.0 64.0 1.0 0.0 3.0
184 64.0 64.0 1.0 0.0 3.0
185 64.0 64.0 1.0 0.0 3.0
186 64.0 64.0 1.0 0.0 3.0
187 64.0 64.0 1.0 0.0 3.0
188 64.0 64.0 1.0 0.0 3.0
189 64.0 64.0 1.0 0.0 3.0
190 64.0 64.0 1.0 0.0 3.0
191 64.0 64.0 1.0 0.0 3.0
192 64.0 64.0 1.0 0.0 3.0
193 64.0 64.0 1.0 0.0 3.0
194 64.0 64.0 1.0 0.0 3.0
195 64.0 64.0 1.0 0.0 3.0
196 64.0 64.0 1.0 0.0 3.0
197 64.0 64.0 1.0 0.0 3.0
198 64.0 64.0 1.0 0.0 3.0
199 64.0 64.0 1.0 0.0 3.0
200 64.0 64.0 1.0 0.0 3.0
201 64.0 64.0 1.0 0.0 3.0
202 64.0 64.0 1.0 0.0 3.0
203 64.0 64.0 1.0 0.0 3.0
204 64.0 64.0 1.0 0.0 3.0
205 64.0 64.0 1.0 0.0 3.0
206 64.0 64.0 1.0 0.0 3.0
207 64.0 64.0 1.0 0.0 3.0
208 64.0 64.0 1.0 0.0 3.0
209 64.0 64.0 1.0 0.0 3.0
210 64.0 64.0 1.0 0.0 3.0
211 64.0 64.0 1.0 0.0 3.0
212 64.0 64.0 1.0 0.0 3.0
213 64.0 64.0 1.0 0.0 3.0
214 64.0 64.0 1.0 0.0 3.0
215 64.0 64.0 1.0 0.0 3.0
216 64.0 64.0 1.0 0.0 3.0
217 64.0 64.0 1.0 0.0 3.0
218 64.0 64.0 1.0 0.0 3.0
219 64.0 64.0 1.0 0.0 3.0
220 64.0 64.0 1.0 0.0 3.0
221 64.0 64.0 1.0 0.0 3.0
222 64.0 64.0 1.0 0.0 3.0
223 64.0 64.0 1.0 0.0 3.0
224 64.0 64.0 1.0 0.0 3.0
225 64.0 64.0 1.0 0.0 3.0
226 64.0 64.0 1.0 0.0 3.0
227 64.0 64.0 1.0 0.0 3.0
228 64.0 64.0 1.0 0.0 3.0
229 64.0 64.0 1.0 0.0 3.0
230 64.0 64.0 1.0 0.0 3.0
231 64.0 64.0 1.0 0.0 3.0
232 64.0 64.0 1.0 0.0 3.0
233 64.0 64.0 1.0 0.0 3.0
234 64.0 64.0 1.0 0.0 3.0
235 64.0 64.0 1.0 0.0 3.0
236 64.0 64.0 1.0 0.0 3.0
237 64.0 64.0 1.0 0.0 3.0
238 64.0 64.0 1.0 0.0 3.0
239 64.0 64.0 1.0 0.0 3.0
240 64.0 64.0 1.0 0.0 3.0
241 64.0 64.0 1.0 0.0 3.0
242 64.0 64.0 1.0 0.0 3.0
243 64.0 64.0 1.0 0.0 3.0
244 64.0 64.0 1.0 0.0 3.0
245 64.0 64.0 1.0 0.0 3.0
246 64.0 64.0 1.0 0.0 3.0
247 64.0 64.0 1.0 0.0 3.0
248 64.0 64.0 1.0 0.0 3.0
249 64.0 64.0 1.0 0.0 3.0
250 64.0 64.0 1.0 0.0 3.0
251 64.0 64.0 1.0 0.0 3.0
252 64.0 64.0 1.0 0.0 3.0
253 64.0 64.0 1.0 0.0 3.0
254 64.0 64.0 1.0 0.0 3.0
255 64.0 64.0 1.0 0.0 3.0
256 64.0 64.0 1.0 0.0 3.0
257 64.0 64.0 1.0 0.0 3.0
258 64.0 64.0 1.0 0.0 3.0
259 64.0 64.0 1.0 0.0 3.0
260 64.0 64.0 1.0 0.0 3.0
261 64.0 64.0 1.0 0.0 3.0
262 64.0 64.0 1.0 0.0 3.0
263 64.0 64.0 1.0 0.0 3.0
264 64.0 64.0 1.0 0.0 3.0
265 64.0 64.0 1.0 0.0 3.0
266 64.0 64.0 1.0 0.0 3.0
267 64.0 64.0 1.0 0.0 3.0
268 64.0 64.0 1.0 0.0 3.0
269 64.0 64.0 1.0 0.0 3.0
270 64.0 64.0 1.0 0.0 3.0
271 64.0 64.0 1.0 0.0 3.0
272 64.0 64.0 1.0 0.0 3.0
273 64.0 64.0 1.0 0.0 3.0
274 64.0 64.0 1.0 0.0 3.0
275 64.0 64.0 1.0 0.0 3.0
276 64.0 64.0 1.0 0.0 3.0
277 64.0 64.0 1.0 0.0 3.0
278 64.0 64.0 1.0 0.0 3.0
279 64.0 64.0 1.0 0.0 3.0
280 64.0 64.0 1.0 0.0 3.0
281 64.0 64.0 1.0 0.0 3.0
282 64.0 64.0 1.0 0.0 3.0
283 64.0 64.0 1.0 0.0 3.0
284 64.0 64.0 1.0 0.0 3.0
285 64.0 64.0 1.0 0.0 3.0
286 64.0 64.0 1.0 0.0 3.0
287 64.0 64.0 1.0 0.0 3.0
288 64.0 64.0 1.0 0.0 3.0
289 64.0 64.0 1.0 0.0 3.0
290 64.0 64.0 1.0 0.0 3.0
291 64.0 64.0 1.0 0.0 3.0
292 64.0 64.0 1.0 0.0 3.0
293 64.0 64.0 1.0 0.0 3.0
294 64.0 64.0 1.0 0.0 3.0
295 64.0 64.0 1.0 0.0 3.0
296 64.0 64.0 1.0 0.0 3.0
297 64.0 64.0 1.0 0.0 3.0
298 64.0 64.0 1.0 0.0 3.0
299 64.0 64.0 1.0 0.0 3.0
300 64.0 64.0 1.0 0.0 3.0
301 64.0 64.0 1.0 0.0 3.0
302 64.0 64.0 1.0 0.0 3.0
303 64.0 64.0 1.0 0.0 3.0
304 64.0 64.0 1.0 0.0 3.0
305 64.0 64.0 1.0 0.0 3.0
306 64.0 64.0 1.0 0.0 3.0
307 64.0 64.0 1.0 0.0 3.0
308 64.0 64.0 1.0 0.0 3.0
309 64.0 64.0 1.0 0.0 3.0
310 64.0 64.0 1.0 0.0 3.0
311 64.0 64.0 1.0 0.0 3.0
312 64.0 64.0 1.0 0.0 3.0
313 64.0 64.0 1.0 0.0 3.0
314 64.0 64.0 1.0 0.0 3.0
315 64.0 64.0 1.0 0.0 3.0
316 64.0 64.0 1.0 0.0 3.0
317 64.0 64.0 1.0 0.0 3.0
318 64.0 64.0 1.0 0.0 3.0
319 64.0 64.0 1.0 0.0 3.0
320 64.0 64.0 1.0 0.0 3.0
321 64.0 64.0 1.0 0.0 3.0
322 64.0 64.0 1.0 0.0 3.0
323 64.0 64.0 1.0 0.0 3.0
324 64.0 64.0 1.0 0.0 3.0
325 64.0 64.0 1.0 0.0 3.0
326 64.0 64.0 1.0 0.0 3.0
327 64.0 64.0 1.0 0.0 3.0
328 64.0 64.0 1.0 0.0 3.0
329 64.0 64.0 1.0 0.0 3.0
330 64.0 64.0 1.0 0.0 3.0
331 64.0 64.0 1.0 0.0 3.0
332 64.0 64.0 1.0 0.0 3.0
333 64.0 64.0 1.0 0.0 3.0
334 64.0 64.0 1.0 0.0 3.0
335 64.0 64.0 1.0 0.0 3.0
336 64.0 64.0 1.0 0.0 3.0
337 64.0 64.0 1.0 0.0 3.0
338 64.0 64.0 1.0 0.0 3.0
339 64.0 64.0 1.0 0.0 3.0
340 64.0 64.0 1.0 0.0 3.0
341 64.0 64.0 1.0 0.0 3.0
342 64.0 64.0 1.0 0.0 3.0
343 64.0 64.0 1.0 0.0 3.0
344 64.0 64.0 1.0 0.0 3.0
345 64.0 64.0 1.0 0.0 3.0
346 64.0 64.0 1.0 0.0 3.0
347 64.0 64.0 1.0 0.0 3.0
348 64.0 64.0 1.0 0.0 3.0
349 64.0 64.0 1.0 0.0 3.0
350 64.0 64.0 1.0 0.0 3.0
351 64.0 64.0 1.0 0.0 3.0
352 64.0 64.0 1.0 0.0 3.0
353 64.0 64.0 1.0 0.0 3.0
354 64.0 64.0 1.0 0.0 3.0
355 64.0 64.0 1.0 0.0 3.0
356 64.0 64.0 1.0 0.0 3.0
357 64.0 64.0 1.0 0.0 3.0
358 64.0 64.0 1.0 0.0 3.0
359 64.0 64.0 1.0 0.0 3.0
360 64.0 64.0 1.0 0.0 3.0
361 64.0 64.0 1.0 0.0 3.0
362 64.0 64.0 1.0 0.0 3.0
363 64.0 64.0 1.0 0.0 3.0
364 64.0 64.0 1.0 0.0 3.0
365 64.0 64.0 1.0 0.0 3.0
366 64.0 64.0 1.0 0.0 3.0
367 64.0 64.0 1.0 0.0 3.0
368 64.0 64.0 1.0 0.0 3.0
369 64.0 64.0 1.0 0.0 3.0
370 64.0 64.0 1.0 0.0 3.0
371 64.0 64.0 1.0 0.0 3.0
372 64.0 64.0 1.0 0.0 3.0
373 64.0 64.0 1.0 0.0 3.0
374 64.0 64.0 1.0 0.0 3.0
375 64.0 64.0 1.0 0.0 3.0
376 64.0 64.0 1.0 0.0 3.0
377 64.0 64.0 1.0 0.0 3.0
378 64.0 64.0 1.0 0.0 3.0
379 64.0 64.0 1.0 0.0 3.0
380 64.0 64.0 1.0 0.0 3.0
381 64.0 64.0 1.0 0.0 3.0
382 64.0 64.0 1.0 0.0 3.0
383 64.0 64.0 1.0 0.0 3.0
384 64.0 64.0 1.0 0.0 3.0
385 64.0 64.0 1.0 0.0 3.0
386 64.0 64.0 1.0 0.0 3.0
387 64.0 64.0 1.0 0.0 3.0
388 64.0 64.0 1.0 0.0 3.0
389 64.0 64.0 1.0 0.0 3.0
390 64.0 64.0 1.0 0.0 3.0
391 64.0 64.0 1.0 0.0 3.0
392 64.0 64.0 1.0 0.0 3.0
393 64.0 64.0 1.0 0.0 3.0
394 64.0 64.0 1.0 0.0 3.0
395 64.0 64.0 1.0 0.0 3.0
396 64.0 64.0 1.0 0.0 3.0
397 64.0 64.0 1.0 0.0 3.0
398 64.0 64.0 1.0 0.0 3.0
399 64.0 64.0 1.0 0.0 3.0
400 64.0 64.0 1.0 0.0 3.0
401 64.0 64.0 1.0 0.0 3.0
402 64.0 64.0 1.0 0.0 3.0
403 64.0 64.0 1.0 0.0 3.0
404 64.0 64.0 1.0 0.0 3.0
405 64.0 64.0 1.0 0.0 3.0
406 64.0 64.0 1.0 0.0 3.0
407 64.0 64.0 1.0 0.0 3.0
408 64.0 64.0 1.0 0.0 3.0
409 64.0 64.0 1.0 0.0 3.0
410 64.0 64.0 1.0 0.0 3.0
411 64.0 64.0 1.0 0.0 3.0
412 64.0 64.0 1.0 0.0 3.0
413 64.0 64.0 1.0 0.0 3.0
414 64.0 64.0 1.0 0.0 3.0
415 64.0 64.0 1.0 0.0 3.0
416 64.0 64.0 1.0 0.0 3.0
417 64.0 64.0 1.0 0.0 3.0
418 64.0 64.0 1.0 0.0 3.0
419 64.0 64.0 1.0 0.0 3.0
420 64.0 64.0 1.0 0.0 3.0
421 64.0 64.0 1.0 0.0 3.0
422 64.0 64.0 1.0 0.0 3.0
423 64.0 64.0 1.0 0.0 3.0
424 64.0 64.0 1.0 0.0 3.0
425 64.0 64.0 1.0 0.0 3.0
426 64.0 64.0 1.0 0.0 3.0
427 64.0 64.0 1.0 0.0 3.0
428 64.0 64.0 1.0 0.0 3.0
429 64.0 64.0 1.0 0.0 3.0
430 64.0 64.0 1.0 0.0 3.0
431 64.0 64.0 1.0 0.0 3.0
432 64.0 64.0 1.0 0.0 3.0
433 64.0 64.0 1.0 0.0 3.0
434 64.0 64.0 1.0 0.0 3.0
435 64.0 64.0 1.0 0.0 3.0
436 64.0 64.0 1.0 0.0 3.0
437 64.0 64.0 1.0 0.0 3.0
438 64.0 64.0 1.0 0.0 3.0
439 64.0 64.0 1.0 0.0 3.0
440 64.0 64.0 1.0 0.0 3.0
441 64.0 64.0 1.0 0.0 3.0
442 64.0 64.0 1.0 0.0 3.0
443 64.0 64.0 1.0 0.0 3.0
444 64.0 64.0 1.0 0.0 3.0
445 64.0 64.0 1.0 0.0 3.0
446 64.0 64.0 1.0 0.0 3.0
447 64.0 64.0 1.0 0.0 3.0
448 64.0 64.0 1.0 0.0 3.0
449 64.0 64.0 1.0 0.0 3.0
450 64.0 64.0 1.0 0.0 3.0
451 64.0 64.0 1.0 0.0 3.0
452 64.0 64.0 1.0 0.0 3.0
453 64.0 64.0 1.0 0.0 3.0
454 64.0 64.0 1.0 0.0 3.0
455 64.0 64.0 1.0 0.0 3.0
456 64.0 64.0 1.0 0.0 3.0
457 64.0 64.0 1.0 0.0 3.0
458 64.0 64.0 1.0 0.0 3.0
459 64.0 64.0 1.0 0.0 3.0
460 64.0 64.0 1.0 0.0 3.0
461 64.0 64.0 1.0 0.0 3.0
462 64.0 64.0 1.0 0.0 3.0
463 64.0 64.0 1.0 0.0 3.0
464 64.0 64.0 1.0 0.0 3.0
465 64.0 64.0 1.0 0.0 3.0
466 64.0 64.0 1.0 0.0 3.0
467 64.0 64.0 1.0 0.0 3.0
468 64.0 64.0 1.0 0.0 3.0
469 64.0 64.0 1.0 0.0 3.0
470 64.0 64.0 1.0 0.0 3.0
471 64.0 64.0 1.0 0.0 3.0
472 64.0 64.0 1.0 0.0 3.0
473 64.0 64.0 1.0 0.0 3.0
474 64.0 64.0 1.0 0.0 3.0
475 64.0 64.0 1.0 0.0 3.0
476 64.0 64.0 1.0 0.0 3.0
477 64.0 64.0 1.0 0.0 3.0
478 64.0 64.0 1.0 0.0 3.0
479 64.0 64.0 1.0 0.0 3.0
480 64.0 64.0 1.0 0.0 3.0
481 64.0 64.0 1.0 0.0 3.0
482 64.0 64.0 1.0 0.0 3.0
483 64.0 64.0 1.0 0.0 3.0
484 64.0 64.0 1.0 0.0 3.0
485 64.0 64.0 1.0 0.0 3.0
486 64.0 64.0 1.0 0.0 3.0
487 64.0 64.0 1.0 0.0 3.0
488 64.0 64.0 1.0 0.0 3.0
489 64.0 64.0 1.0 0.0 3.0
490 64.0 64.0 1.0 0.0 3.0
491 64.0 64.0 1.0 0.0 3.0
492 64.0 64.0 1.0 0.0 3.0
493 64.0 64.0 1.0 0.0 3.0
494 64.0 64.0 1.0 0.0 3.0
495 64.0 64.0 1.0 0.0 3.0
496 64.0 64.0 1.0 0.0 3.0
497 64.0 64.0 1.0 0.0 3.0
498 64.0 64.0 1.0 0.0 3.0
499 64.0 64.0 1.0 0.0 3.0
500 64.0 64.0 1.0 0.0 3.0
501 64.0 64.0 1.0 0.0 3.0
502 64.0 64.0 1.0 0.0 3.0
503 64.0 64.0 1.0 0.0 3.0
504 64.0 64.0 1.0 0.0 3.0
505 64.0 64.0 1.0 0.0 3.0
506 64.0 64.0 1.0 0.0 3.0
507 64.0 64.0 1.0 0.0 3.0
508 64.0 64.0 1.0 0.0 3.0
509 64.0 64.0 1.0 0.0 3.0
510 64.0 64.0 1.0 0.0 3.0
511 64.0 64.0 1.0 0.0 3.0
512 64.0 64.0 1.0 0.0 3.0
513 64.0 64.0 1.0 0.0 3.0
514 64.0 64.0 1.0 0.0 3.0
515 64.0 64.0 1.0 0.0 3.0
516 64.0 64.0 1.0 0.0 3.0
517 64.0 64.0 1.0 0.0 3.0
518 64.0 64.0 1.0 0.0 3.0
519 64.0 64.0 1.0 0.0 3.0
520 64.0 64.0 1.0 0.0 3.0
521 64.0 64.0 1.0 0.0 3.0
522 64.0 64.0 1.0 0.0 3.0
523 64.0 64.0 1.0 0.0 3.0
524 64.0 64.0 1.0 0.0 3.0
525 64.0 64.0 1.0 0.0 3.0
526 64.0 64.0 1.0 0.0 3.0
527 64.0 64.0 1.0 0.0 3.0
528 64.0 64.0 1.0 0.0 3.0
529 64.0 64.0 1.0 0.0 3.0
530 64.0 64.0 1.0 0.0 3.0
531 64.0 64.0 1.0 0.0 3.0
532 64.0 64.0 1.0 0.0 3.0
533 64.0 64.0 1.0 0.0 3.0
534 64.0 64.0 1.0 0.0 3.0
535 64.0 64.0 1.0 0.0 3.0
536 64.0 64.0 1.0 0.0 3.0
537 64.0 64.0 1.0 0.0 3.0
538 64.0 64.0 1.0 0.0 3.0
539 64.0 64.0 1.0 0.0 3.0
540 64.0 64.0 1.0 0.0 3.0
541 64.0 64.0 1.0 0.0 3.0
542 64.0 64.0 1.0 0.0 3.0
543 64.0 64.0 1.0 0.0 3.0
544 64.0 64.0 1.0 0.0 3.0
545 64.0 64.0 1.0 0.0 3.0
546 64.0 64.0 1.0 0.0 3.0
547 64.0 64.0 1.0 0.0 3.0
548 64.0 64.0 1.0 0.0 3.0
549 64.0 64.0 1.0 0.0 3.0
550 64.0 64.0 1.0 0.0 3.0
551 64.0 64.0 1.0 0.0 3.0
552 64.0 64.0 1.0 0.0 3.0
553 64.0 64.0 1.0 0.0 3.0
554 64.0 64.0 1.0 0.0 3.0
555 64.0 64.0 1.0 0.0 3.0
556 64.0 64.0 1.0 0.0 3.0
557 64.0 64.0 1.0 0.0 3.0
558 64.0 64.0 1.0 0.0 3.0
559 64.0 64.0 1.0 0.0 3.0
560 64.0 64.0 1.0 0.0 3.0
561 64.0 64.0 1.0 0.0 3.0
562 64.0 64.0 1.0 0.0 3.0
563 64.0 64.0 1.0 0.0 3.0
564 64.0 64.0 1.0 0.0 3.0
565 64.0 64.0 1.0 0.0 3.0
566 64.0 64.0 1.0 0.0 3.0
567 64.0 64.0 1.0 0.0 3.0
568 64.0 64.0 1.0 0.0 3.0
569 64.0 64.0 1.0 0.0 3.0
570 64.0 64.0 1.0 0.0 3.0
571 64.0 64.0 1.0 0.0 3.0
572 64.0 64.0 1.0 0.0 3.0
573 64.0 64.0 1.0 0.0 3.0
574 64.0 64.0 1.0 0.0 3.0
575 64.0 64.0 1.0 0.0 3.0
576 64.0 64.0 1.0 0.0 3.0
577 64.0 64.0 1.0 0.0 3.0
578 64.0 64.0 1.0 0.0 3.0
579 64.0 64.0 1.0 0.0 3.0
580 64.0 64.0 1.0 0.0 3.0
581 64.0 64.0 1.0 0.0 3.0
582 64.0 64.0 1.0 0.0 3.0
583 64.0 64.0 1.0 0.0 3.0
584 64.0 64.0 1.0 0.0 3.0
585 64.0 64.0 1.0 0.0 3.0
586 64.0 64.0 1.0 0.0 3.0
587 64.0 64.0 1.0 0.0 3.0
588 64.0 64.0 1.0 0.0 3.0
589 64.0 64.0 1.0 0.0 3.0
590 64.0 64.0 1.0 0.0 3.0
591 64.0 64.0 1.0 0.0 3.0
592 64.0 64.0 1.0 0.0 3.0
593 64.0 64.0 1.0 0.0 3.0
594 64.0 64.0 1.0 0.0 3.0
595 64.0 64.0 1.0 0.0 3.0
596 64.0 64.0 1.0 0.0 3.0
597 64.0 64.0 1.0 0.0 3.0
598 64.0 64.0 1.0 0.0 3.0
599 64.0 64.0 1.0 0.0 3.0
600 64.0 64.0 1.0 0.0 3.0
601 64.0 64.0 1.0 0.0 3.0
602 64.0 64.0 1.0 0.0 3.0
603 64.0 64.0 1.0 0.0 3.0
604 64.0 64.0 1.0 0.0 3.0
605 64.0 64.0 1.0 0.0 3.0
606 64.0 64.0 1.0 0.0 3.0
607 64.0 64.0 1.0 0.0 3.0
608 64.0 64.0 1.0 0.0 3.0
609 64.0 64.0 1.0 0.0 3.0
610 64.0 64.0 1.0 0.0 3.0
611 64.0 64.0 1.0 0.0 3.0
612 64.0 64.0 1.0 0.0 3.0
613 64.0 64.0 1.0 0.0 3.0
614 64.0 64.0 1.0 0.0 3.0
615 64.0 64.0 1.0 0.0 3.0
616 64.0 64.0 1.0 0.0 3.0
617 64.0 64.0 1.0 0.0 3.0
618 64.0 64.0 1.0 0.0 3.0
619 64.0 64.0 1.0 0.0 3.0
620 64.0 64.0 1.0 0.0 3.0
621 64.0 64.0 1.0 0.0 3.0
622 64.0 64.0 1.0 0.0 3.0
623 64.0 64.0 1.0 0.0 3.0
624 64.0 64.0 1.0 0.0 3.0
625 64.0 64.0 1.0 0.0 3.0
626 64.0 64.0 1.0 0.0 3.0
627 64.0 64.0 1.0 0.0 3.0
628 64.0 64.0 1.0 0.0 3.0
629 64.0 64.0 1.0 0.0 3.0
630 64.0 64.0 1.0 0.0 3.0
631 64.0 64.0 1.0 0.0 3.0
632 64.0 64.0 1.0 0.0 3.0
633 64.0 64.0 1.0 0.0 3.0
634 64.0 64.0 1.0 0.0 3.0
635 64.0 64.0 1.0 0.0 3.0
636 64.0 64.0 1.0 0.0 3.0
637 64.0 64.0 1.0 0.0 3.0
638 64.0 64.0 1.0 0.0 3.0
639 64.0 64.0 1.0 0.0 3.0
640 64.0 64.0 1.0 0.0 3.0
641 64.0 64.0 1.0 0.0 3.0
642 64.0 64.0 1.0 0.0 3.0
643 64.0 64.0 1.0 0.0 3.0
644 64.0 64.0 1.0 0.0 3.0
645 64.0 64.0 1.0 0.0 3.0
646 64.0 64.0 1.0 0.0 3.0
647 64.0 64.0 1.0 0.0 3.0
648 64.0 64.0 1.0 0.0 3.0
649 64.0 64.0 1.0 0.0 3.0
650 64.0 64.0 1.0 0.0 3.0
651 64.0 64.0 1.0 0.0 3.0
652 64.0 64.0 1.0 0.0 3.0
653 64.0 64.0 1.0 0.0 3.0
654 64.0 64.0 1.0 0.0 3.0
655 64.0 64.0 1.0 0.0 3.0
656 64.0 64.0 1.0 0.0 3.0
657 64.0 64.0 1.0 0.0 3.0
658 64.0 64.0 1.0 0.0 3.0
659 64.0 64.0 1.0 0.0 3.0
660 64.0 64.0 1.0 0.0 3.0
661 64.0 64.0 1.0 0.0 3.0
662 64.0 64.0 1.0 0.0 3.0
663 64.0 64.0 1.0 0.0 3.0
664 64.0 64.0 1.0 0.0 3.0
665 64.0 64.0 1.0 0.0 3.0
666 64.0 64.0 1.0 0.0 3.0
667 64.0 64.0 1.0 0.0 3.0
668 64.0 64.0 1.0 0.0 3.0
669 64.0 64.0 1.0 0.0 3.0
670 64.0 64.0 1.0 0.0 3.0
671 64.0 64.0 1.0 0.0 3.0
672 64.0 64.0 1.0 0.0 3.0
673 64.0 64.0 1.0 0.0 3.0
674 64.0 64.0 1.0 0.0 3.0
675 64.0 64.0 1.0 0.0 3.0
676 64.0 64.0 1.0 0.0 3.0
677 64.0 64.0 1.0 0.0 3.0
678 64.0 64.0 1.0 0.0 3.0
679 64.0 64.0 1.0 0.0 3.0
680 64.0 64.0 1.0 0.0 3.0
681 64.0 64.0 1.0 0.0 3.0
682 64.0 64.0 1.0 0.0 3.0
683 64.0 64.0 1.0 0.0 3.0
684 64.0 64.0 1.0 0.0 3.0
685 64.0 64.0 1.0 0.0 3.0
686 64.0 64.0 1.0 0.0 3.0
687 64.0 64.0 1.0 0.0 3.0
688 64.0 64.0 1.0 0.0 3.0
689 64.0 64.0 1.0 0.0 3.0
690 64.0 64.0 1.0 0.0 3.0
691 64.0 64.0 1.0 0.0 3.0
692 64.0 64.0 1.0 0.0 3.0
693 64.0 64.0 1.0 0.0 3.0
694 64.0 64.0 1.0 0.0 3.0
695 64.0 64.0 1.0 0.0 3.0
696 64.0 64.0 1.0 0.0 3.0
697 64.0 64.0 1.0 0.0 3.0
698 64.0 64.0 1.0 0.0 3.0
699 64.0 64.0 1.0 0.0 3.0
700 64.0 64.0 1.0 0.0 3.0
701 64.0 64.0 1.0 0.0 3.0
702 64.0 64.0 1.0 0.0 3.0
703 64.0 64.0 1.0 0.0 3.0
704 64.0 64.0 1.0 0.0 3.0
705 64.0 64.0 1.0 0.0 3.0
706 64.0 64.0 1.0 0.0 3.0
707 64.0 64.0 1.0 0.0 3.0
708 64.0 64.0 1.0 0.0 3.0
709 64.0 64.0 1.0 0.0 3.0
710 64.0 64.0 1.0 0.0 3.0
711 64.0 64.0 1.0 0.0 3.0
712 64.0 64.0 1.0 0.0 3.0
713 64.0 64.0 1.0 0.0 3.0
714 64.0 64.0 1.0 0.0 3.0
715 64.0 64.0 1.0 0.0 3.0
716 64.0 64.0 1.0 0.0 3.0
717 64.0 64.0 1.0 0.0 3.0
718 64.0 64.0 1.0 0.0 3.0
719 64.0 64.0 1.0 0.0 3.0
720 64.0 64.0 1.0 0.0 3.0
721 64.0 64.0 1.0 0.0 3.0
722 64.0 64.0 1.0 0.0 3.0
723 64.0 64.0 1.0 0.0 3.0
724 64.0 64.0 1.0 0.0 3.0
725 64.0 64.0 1.0 0.0 3.0
726 64.0 64.0 1.0 0.0 3.0
727 64.0 64.0 1.0 0.0 3.0
728 64.0 64.0 1.0 0.0 3.0
729 64.0 64.0 1.0 0.0 3.0
730 64.0 64.0 1.0 0.0 3.0
731 64.0 64.0 1.0 0.0 3.0
732 64.0 64.0 1.0 0.0 3.0
733 64.0 64.0 1.0 0.0 3.0
734 64.0 64.0 1.0 0.0 3.0
735 64.0 64.0 1.0 0.0 3.0
736 64.0 64.0 1.0 0.0 3.0
737 64.0 64.0 1.0 0.0 3.0
738 64.0 64.0 1.0 0.0 3.0
739 64.0 64.0 1.0 0.0 3.0
740 64.0 64.0 1.0 0.0 3.0
741 64.0 64.0 1.0 0.0 3.0
742 64.0 64.0 1.0 0.0 3.0
743 64.0 64.0 1.0 0.0 3.0
744 64.0 64.0 1.0 0.0 3.0
745 64.0 64.0 1.0 0.0 3.0
746 64.0 64.0 1.0 0.0 3.0
747 64.0 64.0 1.0 0.0 3.0
748 64.0 64.0 1.0 0.0 3.0
749 64.0 64.0 1.0 0.0 3.0
750 64.0 64.0 1.0 0.0 3.0
751 64.0 64.0 1.0 0.0 3.0
752 64.0 64.0 1.0 0.0 3.0
753 64.0 64.0 1.0 0.0 3.0
754 64.0 64.0 1.0 0.0 3.0
755 64.0 64.0 1.0 0.0 3.0
756 64.0 64.0 1.0 0.0 3.0
757 64.0 64.0 1.0 0.0 3.0
758 64.0 64.0 1.0 0.0 3.0
759 64.0 64.0 1.0 0.0 3.0
760 64.0 64.0 1.0 0.0 3.0
761 64.0 64.0 1.0 0.0 3.0
762 64.0 64.0 1.0 0.0 3.0
763 64.0 64.0 1.0 0.0 3.0
764 64.0 64.0 1.0 0.0 3.0
765 64.0 64.0 1.0 0.0 3.0
766 64.0 64.0 1.0 0.0 3.0
767 64.0 64.0 1.0 0.0 3.0
768 64.0 64.0 1.0 0.0 3.0
769 64.0 64.0 1.0 0.0 3.0
770 64.0 64.0 1.0 0.0 3.0
771 64.0 64.0 1.0 0.0 3.0
772 64.0 64.0 1.0 0.0 3.0
773 64.0 64.0 1.0 0.0 3.0
774 64.0 64.0 1.0 0.0 3.0
775 64.0 64.0 1.0 0.0 3.0
776 64.0 64.0 1.0 0.0 3.0
777 64.0 64.0 1.0 0.0 3.0
778 64.0 64.0 1.0 0.0 3.0
779 64.0 64.0 1.0 0.0 3.0
780 64.0 64.0 1.0 0.0 3.0
781 64.0 64.0 1.0 0.0 3.0
782 64.0 64.0 1.0 0.0 3.0
783 64.0 64.0 1.0 0.0 3.0
784 64.0 64.0 1.0 0.0 3.0
785 64.0 64.0 1.0 0.0 3.0
786 64.0 64.0 1.0 0.0 3.0
787 64.0 64.0 1.0 0.0 3.0
788 64.0 64.0 1.0 0.0 3.0
789 64.0 64.0 1.0 0.0 3.0
790 64.0 64.0 1.0 0.0 3.0
791 64.0 64.0 1.0 0.0 3.0
792 64.0 64.0 1.0 0.0 3.0
793 64.0 64.0 1.0 0.0 3.0
794 64.0 64.0 1.0 0.0 3.0
795 64.0 64.0 1.0 0.0 3.0
796 64.0 64.0 1.0 0.0 3.0
797 64.0 64.0 1.0 0.0 3.0
798 64.0 64.0 1.0 0.0 3.0
799 64.0 64.0 1.0 0.0 3.0
800 64.0 64.0 1.0 0.0 3.0
801 64.0 64.0 1.0 0.0 3.0
802 64.0 64.0 1.0 0.0 3.0
803 64.0 64.0 1.0 0.0 3.0
804 64.0 64.0 1.0 0.0 3.0
805 64.0 64.0 1.0 0.0 3.0
806 64.0 64.0 1.0 0.0 3.0
807 64.0 64.0 1.0 0.0 3.0
808 64.0 64.0 1.0 0.0 3.0
809 64.0 64.0 1.0 0.0 3.0
810 64.0 64.0 1.0 0.0 3.0
811 64.0 64.0 1.0 0.0 3.0
812 64.0 64.0 1.0 0.0 3.0
813 64.0 64.0 1.0 0.0 3.0
814 64.0 64.0 1.0 0.0 3.0
815 64.0 64.0 1.0 0.0 3.0
816 64.0 64.0 1.0 0.0 3.0
817 64.0 64.0 1.0 0.0 3.0
818 64.0 64.0 1.0 0.0 3.0
819 64.0 64.0 1.0 0.0 3.0
820 64.0 64.0 1.0 0.0 3.0
821 64.0 64.0 1.0 0.0 3.0
822 64.0 64.0 1.0 0.0 3.0
823 64.0 64.0 1.0 0.0 3.0
824 64.0 64.0 1.0 0.0 3.0
825 64.0 64.0 1.0 0.0 3.0
826 64.0 64.0 1.0 0.0 3.0
827 64.0 64.0 1.0 0.0 3.0
828 64.0 64.0 1.0 0.0 3.0
829 64.0 64.0 1.0 0.0 3.0
830 64.0 64.0 1.0 0.0 3.0
831 64.0 64.0 1.0 0.0 3.0
832 64.0 64.0 1.0 0.0 3.0
833 64.0 64.0 1.0 0.0 3.0
834 64.0 64.0 1.0 0.0 3.0
835 64.0 64.0 1.0 0.0 3.0
836 64.0 64.0 1.0 0.0 3.0
837 64.0 64.0 1.0 0.0 3.0
838 64.0 64.0 1.0 0.0 3.0
839 64.0 64.0 1.0 0.0 3.0
840 64.0 64.0 1.0 0.0 3.0
841 64.0 64.0 1.0 0.0 3.0
842 64.0 64.0 1.0 0.0 3.0
843 64.0 64.0 1.0 0.0 3.0
844 64.0 64.0 1.0 0.0 3.0
845 64.0 64.0 1.0 0.0 3.0
846 64.0 64.0 1.0 0.0 3.0
847 64.0 64.0 1.0 0.0 3.0
848 64.0 64.0 1.0 0.0 3.0
849 64.0 64.0 1.0 0.0 3.0
850 64.0 64.0 1.0 0.0 3.0
851 64.0 64.0 1.0 0.0 3.0
852 64.0 64.0 1.0 0.0 3.0
853 64.0 64.0 1.0 0.0 3.0
854 64.0 64.0 1.0 0.0 3.0
855 64.0 64.0 1.0 0.0 3.0
856 64.0 64.0 1.0 0.0 3.0
857 64.0 64.0 1.0 0.0 3.0
858 64.0 64.0 1.0 0.0 3.0
859 64.0 64.0 1.0 0.0 3.0
860 64.0 64.0 1.0 0.0 3.0
861 64.0 64.0 1.0 0.0 3.0
862 64.0 64.0 1.0 0.0 3.0
863 64.0 64.0 1.0 0.0 3.0
864 64.0 64.0 1.0 0.0 3.0
865 64.0 64.0 1.0 0.0 3.0
866 64.0 64.0 1.0 0.0 3.0
867 64.0 64.0 1.0 0.0 3.0
868 64.0 64.0 1.0 0.0 3.0
869 64.0 64.0 1.0 0.0 3.0
870 64.0 64.0 1.0 0.0 3.0
871 64.0 64.0 1.0 0.0 3.0
872 64.0 64.0 1.0 0.0 3.0
873 64.0 64.0 1.0 0.0 3.0
874 64.0 64.0 1.0 0.0 3.0
875 64.0 64.0 1.0 0.0 3.0
876 64.0 64.0 1.0 0.0 3.0
877 64.0 64.0 1.0 0.0 3.0
878 64.0 64.0 1.0 0.0 3.0
879 64.0 64.0 1.0 0.0 3.0
880 64.0 64.0 1.0 0.0 3.0
881 64.0 64.0 1.0 0.0 3.0
882 64.0 64.0 1.0 0.0 3.0
883 64.0 64.0 1.0 0.0 3.0
884 64.0 64.0 1.0 0.0 3.0
885 64.0 64.0 1.0 0.0 3.0
886 64.0 64.0 1.0 0.0 3.0
887 64.0 64.0 1.0 0.0 3.0
888 64.0 64.0 1.0 0.0 3.0
889 64.0 64.0 1.0 0.0 3.0
890 64.0 64.0 1.0 0.0 3.0
891 64.0 64.0 1.0 0.0 3.0
892 64.0 64.0 1.0 0.0 3.0
893 64.0 64.0 1.0 0.0 3.0
894 64.0 64.0 1.0 0.0 3.0
895 64.0 64.0 1.0 0.0 3.0
896 64.0 64.0 1.0 0.0 3.0
897 64.0 64.0 1.0 0.0 3.0
898 64.0 64.0 1.0 0.0 3.0
899 64.0 64.0 1.0 0.0 3.0
900 64.0 64.0 1.0 0.0 3.0
901 64.0 64.0 1.0 0.0 3.0
902 64.0 64.0 1.0 0.0 3.0
903 64.0 64.0 1.0 0.0 3.0
904 64.0 64.0 1.0 0.0 3.0
905 64.0 64.0 1.0 0.0 3.0
906 64.0 64.0 1.0 0.0 3.0
907 64.0 64.0 1.0 0.0 3.0
908 64.0 64.0 1.0 0.0 3.0
909 64.0 64.0 1.0 0.0 3.0
910 64.0 64.0 1.0 0.0 3.0
911 64.0 64.0 1.0 0.0 3.0
912 64.0 64.0 1.0 0.0 3.0
913 64.0 64.0 1.0 0.0 3.0
914 64.0 64.0 1.0 0.0 3.0
915 64.0 64.0 1.0 0.0 3.0
916 64.0 64.0 1.0 0.0 3.0
917 64.0 64.0 1.0 0.0 3.0
918 64.0 64.0 1.0 0.0 3.0
919 64.0 64.0 1.0 0.0 3.0
920 64.0 64.0 1.0 0.0 3.0
921 64.0 64.0 1.0 0.0 3.0
922 64.0 64.0 1.0 0.0 3.0
923 64.0 64.0 1.0 0.0 3.0
924 64.0 64.0 1.0 0.0 3.0
925 64.0 64.0 1.0 0.0 3.0
926 64.0 64.0 1.0 0.0 3.0
927 64.0 64.0 1.0 0.0 3.0
928 64.0 64.0 1.0 0.0 3.0
929 64.0 64.0 1.0 0.0 3.0
930 64.0 64.0 1.0 0.0 3.0
931 64.0 64.0 1.0 0.0 3.0
932 64.0 64.0 1.0 0.0 3.0
933 64.0 64.0 1.0 0.0 3.0
934 64.0 64.0 1.0 0.0 3.0
935 64.0 64.0 1.0 0.0 3.0
936 64.0 64.0 1.0 0.0 3.0
937 64.0 64.0 1.0 0.0 3.0
938 64.0 64.0 1.0 0.0 3.0
939 64.0 64.0 1.0 0.0 3.0
940 64.0 64.0 1.0 0.0 3.0
941 64.0 64.0 1.0 0.0 3.0
942 64.0 64.0 1.0 0.0 3.0
943 64.0 64.0 1.0 0.0 3.0
944 64.0 64.0 1.0 0.0 3.0
945 64.0 64.0 1.0 0.0 3.0
946 64.0 64.0 1.0 0.0 3.0
947 64.0 64.0 1.0 0.0 3.0
948 64.0 64.0 1.0 0.0 3.0
949 64.0 64.0 1.0 0.0 3.0
950 64.0 64.0 1.0 0.0 3.0
951 64.0 64.0 1.0 0.0 3.0
952 64.0 64.0 1.0 0.0 3.0
953 64.0 64.0 1.0 0.0 3.0
954 64.0 64.0 1.0 0.0 3.0
955 64.0 64.0 1.0 0.0 3.0
956 64.0 64.0 1.0 0.0 3.0
957 64.0 64.0 1.0 0.0 3.0
958 64.0 64.0 1.0 0.0 3.0
959 64.0 64.0 1.0 0.0 3.0
960 64.0 64.0 1.0 0.0 3.0
961 64.0 64.0 1.0 0.0 3.0
962 64.0 64.0 1.0 0.0 3.0
963 64.0 64.0 1.0 0.0 3.0
964 64.0 64.0 1.0 0.0 3.0
965 64.0 64.0 1.0 0.0 3.0
966 64.0 64.0 1.0 0.0 3.0
967 64.0 64.0 1.0 0.0 3.0
968 64.0 64.0 1.0 0.0 3.0
969 64.0 64.0 1.0 0.0 3.0
970 64.0 64.0 1.0 0.0 3.0
971 64.0 64.0 1.0 0.0 3.0
972 64.0 64.0 1.0 0.0 3.0
973 64.0 64.0 1.0 0.0 3.0
974 64.0 64.0 1.0 0.0 3.0
975 64.0 64.0 1.0 0.0 3.0
976 64.0 64.0 1.0 0.0 3.0
977 64.0 64.0 1.0 0.0 3.0
978 64.0 64.0 1.0 0.0 3.0
979 64.0 64.0 1.0 0.0 3.0
980 64.0 64.0 1.0 0.0 3.0
981 64.0 64.0 1.0 0.0 3.0
982 64.0 64.0 1.0 0.0 3.0
983 64.0 64.0 1.0 0.0 3.0
984 64.0 64.0 1.0 0.0 3.0
985 64.0 64.0 1.0 0.0 3.0
986 64.0 64.0 1.0 0.0 3.0
987 64.0 64.0 1.0 0.0 3.0
988 64.0 64.0 1.0 0.0 3.0
989 64.0 64.0 1.0 0.0 3.0
990 64.0 64.0 1.0 0.0 3.0
991 64.0 64.0 1.0 0.0 3.0
992 64.0 64.0 1.0 0.0 3.0
993 64.0 64.0 1.0 0.0 3.0
994 64.0 64.0 1.0 0.0 3.0
995 64.0 64.0 1.0 0.0 3.0
996 64.0 64.0 1.0 0.0 3.0
997 64.0 64.0 1.0 0.0 3.0
998 64.0 64.0 1.0 0.0 3.0
999 64.0 64.0 1.0 0.0 3.0
1000 64.0 64.0 1.0 0.0 3.0
