gen HV HVnoDiscount fitness_notKilledMutants notKilledNonEqMutants fitness_testSuiteSize
1 0.0 0.0 10.0 7.0 3.0
2 0.0 0.0 10.0 7.0 3.0
3 18.0 18.0 7.0 4.0 4.0
4 18.0 18.0 7.0 4.0 4.0
5 18.0 18.0 7.0 4.0 4.0
6 18.0 18.0 7.0 4.0 4.0
7 18.0 18.0 7.0 4.0 4.0
8 18.0 18.0 7.0 4.0 4.0
9 18.0 18.0 7.0 4.0 4.0
10 18.0 18.0 7.0 4.0 4.0
11 18.0 18.0 7.0 4.0 4.0
12 18.0 18.0 7.0 4.0 4.0
13 18.0 18.0 7.0 4.0 4.0
14 18.0 18.0 7.0 4.0 4.0
15 18.0 18.0 7.0 4.0 4.0
16 18.0 18.0 7.0 4.0 4.0
17 18.0 18.0 7.0 4.0 4.0
18 18.0 18.0 7.0 4.0 4.0
19 18.0 18.0 7.0 4.0 4.0
20 18.0 18.0 7.0 4.0 4.0
21 18.0 18.0 7.0 4.0 4.0
22 18.0 18.0 7.0 4.0 4.0
23 18.0 18.0 7.0 4.0 4.0
24 18.0 18.0 7.0 4.0 4.0
25 18.0 18.0 7.0 4.0 4.0
26 18.0 18.0 7.0 4.0 4.0
27 24.0 24.0 6.0 3.0 4.0
28 24.0 24.0 6.0 3.0 4.0
29 24.0 24.0 6.0 3.0 4.0
30 24.0 24.0 6.0 3.0 4.0
31 24.0 24.0 6.0 3.0 4.0
32 24.0 24.0 6.0 3.0 4.0
33 24.0 24.0 6.0 3.0 4.0
34 24.0 24.0 6.0 3.0 4.0
35 24.0 24.0 6.0 3.0 4.0
36 24.0 24.0 6.0 3.0 4.0
37 24.0 24.0 6.0 3.0 4.0
38 24.0 24.0 6.0 3.0 4.0
39 24.0 24.0 6.0 3.0 4.0
40 24.0 24.0 6.0 3.0 4.0
41 24.0 24.0 6.0 3.0 4.0
42 24.0 24.0 6.0 3.0 4.0
43 24.0 24.0 6.0 3.0 4.0
44 24.0 24.0 6.0 3.0 4.0
45 24.0 24.0 6.0 3.0 4.0
46 24.0 24.0 6.0 3.0 4.0
47 24.0 24.0 6.0 3.0 4.0
48 24.0 24.0 6.0 3.0 4.0
49 24.0 24.0 6.0 3.0 4.0
50 24.0 24.0 6.0 3.0 4.0
51 24.0 24.0 6.0 3.0 4.0
52 24.0 24.0 6.0 3.0 4.0
53 24.0 24.0 6.0 3.0 4.0
54 24.0 24.0 6.0 3.0 4.0
55 24.0 24.0 6.0 3.0 4.0
56 24.0 24.0 6.0 3.0 4.0
57 24.0 24.0 6.0 3.0 4.0
58 24.0 24.0 6.0 3.0 4.0
59 24.0 24.0 6.0 3.0 4.0
60 24.0 24.0 6.0 3.0 4.0
61 24.0 24.0 6.0 3.0 4.0
62 24.0 24.0 6.0 3.0 4.0
63 24.0 24.0 6.0 3.0 4.0
64 24.0 24.0 6.0 3.0 4.0
65 24.0 24.0 6.0 3.0 4.0
66 24.0 24.0 6.0 3.0 4.0
67 24.0 24.0 6.0 3.0 4.0
68 24.0 24.0 6.0 3.0 4.0
69 24.0 24.0 6.0 3.0 4.0
70 24.0 24.0 6.0 3.0 4.0
71 24.0 24.0 6.0 3.0 4.0
72 24.0 24.0 6.0 3.0 4.0
73 24.0 24.0 6.0 3.0 4.0
74 24.0 24.0 6.0 3.0 4.0
75 24.0 24.0 6.0 3.0 4.0
76 25.0 25.0 6.0 3.0 4.0
77 25.0 25.0 6.0 3.0 4.0
78 25.0 25.0 6.0 3.0 4.0
79 25.0 25.0 6.0 3.0 4.0
80 25.0 25.0 6.0 3.0 4.0
81 25.0 25.0 6.0 3.0 4.0
82 25.0 25.0 6.0 3.0 4.0
83 25.0 25.0 6.0 3.0 4.0
84 25.0 25.0 6.0 3.0 4.0
85 25.0 25.0 6.0 3.0 4.0
86 25.0 25.0 6.0 3.0 4.0
87 25.0 25.0 6.0 3.0 4.0
88 25.0 25.0 6.0 3.0 4.0
89 25.0 25.0 6.0 3.0 4.0
90 25.0 25.0 6.0 3.0 4.0
91 25.0 25.0 6.0 3.0 4.0
92 25.0 25.0 6.0 3.0 4.0
93 25.0 25.0 6.0 3.0 4.0
94 25.0 25.0 6.0 3.0 4.0
95 25.0 25.0 6.0 3.0 4.0
96 25.0 25.0 6.0 3.0 4.0
97 25.0 25.0 6.0 3.0 4.0
98 25.0 25.0 6.0 3.0 4.0
99 25.0 25.0 6.0 3.0 4.0
100 25.0 25.0 6.0 3.0 4.0
101 25.0 25.0 6.0 3.0 4.0
102 25.0 25.0 6.0 3.0 4.0
103 25.0 25.0 6.0 3.0 4.0
104 25.0 25.0 6.0 3.0 4.0
105 25.0 25.0 6.0 3.0 4.0
106 25.0 25.0 6.0 3.0 4.0
107 25.0 25.0 6.0 3.0 4.0
108 25.0 25.0 6.0 3.0 4.0
109 25.0 25.0 6.0 3.0 4.0
110 25.0 25.0 6.0 3.0 4.0
111 25.0 25.0 6.0 3.0 4.0
112 25.0 25.0 6.0 3.0 4.0
113 25.0 25.0 6.0 3.0 4.0
114 25.0 25.0 6.0 3.0 4.0
115 25.0 25.0 6.0 3.0 4.0
116 25.0 25.0 6.0 3.0 4.0
117 25.0 25.0 6.0 3.0 4.0
118 25.0 25.0 6.0 3.0 4.0
119 25.0 25.0 6.0 3.0 4.0
120 25.0 25.0 6.0 3.0 4.0
121 25.0 25.0 6.0 3.0 4.0
122 25.0 25.0 6.0 3.0 4.0
123 25.0 25.0 6.0 3.0 4.0
124 25.0 25.0 6.0 3.0 4.0
125 25.0 25.0 6.0 3.0 4.0
126 25.0 25.0 6.0 3.0 4.0
127 36.0 36.0 4.0 1.0 4.0
128 36.0 36.0 4.0 1.0 4.0
129 36.0 36.0 4.0 1.0 4.0
130 36.0 36.0 4.0 1.0 4.0
131 36.0 36.0 4.0 1.0 4.0
132 36.0 36.0 4.0 1.0 4.0
133 36.0 36.0 4.0 1.0 4.0
134 36.0 36.0 4.0 1.0 4.0
135 36.0 36.0 4.0 1.0 4.0
136 36.0 36.0 4.0 1.0 4.0
137 36.0 36.0 4.0 1.0 4.0
138 36.0 36.0 4.0 1.0 4.0
139 36.0 36.0 4.0 1.0 4.0
140 36.0 36.0 4.0 1.0 4.0
141 36.0 36.0 4.0 1.0 4.0
142 36.0 36.0 4.0 1.0 4.0
143 36.0 36.0 4.0 1.0 4.0
144 36.0 36.0 4.0 1.0 4.0
145 36.0 36.0 4.0 1.0 4.0
146 36.0 36.0 4.0 1.0 4.0
147 36.0 36.0 4.0 1.0 4.0
148 36.0 36.0 4.0 1.0 4.0
149 36.0 36.0 4.0 1.0 4.0
150 36.0 36.0 4.0 1.0 4.0
151 36.0 36.0 4.0 1.0 4.0
152 36.0 36.0 4.0 1.0 4.0
153 36.0 36.0 4.0 1.0 4.0
154 36.0 36.0 4.0 1.0 4.0
155 36.0 36.0 4.0 1.0 4.0
156 36.0 36.0 4.0 1.0 4.0
157 36.0 36.0 4.0 1.0 4.0
158 36.0 36.0 4.0 1.0 4.0
159 36.0 36.0 4.0 1.0 4.0
160 36.0 36.0 4.0 1.0 4.0
161 36.0 36.0 4.0 1.0 4.0
162 36.0 36.0 4.0 1.0 4.0
163 36.0 36.0 4.0 1.0 4.0
164 36.0 36.0 4.0 1.0 4.0
165 36.0 36.0 4.0 1.0 4.0
166 36.0 36.0 4.0 1.0 4.0
167 36.0 36.0 4.0 1.0 4.0
168 36.0 36.0 4.0 1.0 4.0
169 36.0 36.0 4.0 1.0 4.0
170 36.0 36.0 4.0 1.0 4.0
171 36.0 36.0 4.0 1.0 4.0
172 36.0 36.0 4.0 1.0 4.0
173 36.0 36.0 4.0 1.0 4.0
174 36.0 36.0 4.0 1.0 4.0
175 36.0 36.0 4.0 1.0 4.0
176 36.0 36.0 4.0 1.0 4.0
177 36.0 36.0 4.0 1.0 4.0
178 36.0 36.0 4.0 1.0 4.0
179 36.0 36.0 4.0 1.0 4.0
180 36.0 36.0 4.0 1.0 4.0
181 36.0 36.0 4.0 1.0 4.0
182 36.0 36.0 4.0 1.0 4.0
183 36.0 36.0 4.0 1.0 4.0
184 36.0 36.0 4.0 1.0 4.0
185 36.0 36.0 4.0 1.0 4.0
186 36.0 36.0 4.0 1.0 4.0
187 36.0 36.0 4.0 1.0 4.0
188 36.0 36.0 4.0 1.0 4.0
189 36.0 36.0 4.0 1.0 4.0
190 36.0 36.0 4.0 1.0 4.0
191 36.0 36.0 4.0 1.0 4.0
192 36.0 36.0 4.0 1.0 4.0
193 36.0 36.0 4.0 1.0 4.0
194 36.0 36.0 4.0 1.0 4.0
195 36.0 36.0 4.0 1.0 4.0
196 36.0 36.0 4.0 1.0 4.0
197 36.0 36.0 4.0 1.0 4.0
198 36.0 36.0 4.0 1.0 4.0
199 36.0 36.0 4.0 1.0 4.0
200 36.0 36.0 4.0 1.0 4.0
201 36.0 36.0 4.0 1.0 4.0
202 36.0 36.0 4.0 1.0 4.0
203 36.0 36.0 4.0 1.0 4.0
204 36.0 36.0 4.0 1.0 4.0
205 36.0 36.0 4.0 1.0 4.0
206 36.0 36.0 4.0 1.0 4.0
207 36.0 36.0 4.0 1.0 4.0
208 36.0 36.0 4.0 1.0 4.0
209 36.0 36.0 4.0 1.0 4.0
210 36.0 36.0 4.0 1.0 4.0
211 36.0 36.0 4.0 1.0 4.0
212 36.0 36.0 4.0 1.0 4.0
213 36.0 36.0 4.0 1.0 4.0
214 36.0 36.0 4.0 1.0 4.0
215 36.0 36.0 4.0 1.0 4.0
216 36.0 36.0 4.0 1.0 4.0
217 36.0 36.0 4.0 1.0 4.0
218 36.0 36.0 4.0 1.0 4.0
219 36.0 36.0 4.0 1.0 4.0
220 36.0 36.0 4.0 1.0 4.0
221 36.0 36.0 4.0 1.0 4.0
222 36.0 36.0 4.0 1.0 4.0
223 36.0 36.0 4.0 1.0 4.0
224 36.0 36.0 4.0 1.0 4.0
225 36.0 36.0 4.0 1.0 4.0
226 36.0 36.0 4.0 1.0 4.0
227 36.0 36.0 4.0 1.0 4.0
228 36.0 36.0 4.0 1.0 4.0
229 36.0 36.0 4.0 1.0 4.0
230 36.0 36.0 4.0 1.0 4.0
231 36.0 36.0 4.0 1.0 4.0
232 36.0 36.0 4.0 1.0 4.0
233 36.0 36.0 4.0 1.0 4.0
234 36.0 36.0 4.0 1.0 4.0
235 36.0 36.0 4.0 1.0 4.0
236 36.0 36.0 4.0 1.0 4.0
237 36.0 36.0 4.0 1.0 4.0
238 36.0 36.0 4.0 1.0 4.0
239 36.0 36.0 4.0 1.0 4.0
240 36.0 36.0 4.0 1.0 4.0
241 36.0 36.0 4.0 1.0 4.0
242 36.0 36.0 4.0 1.0 4.0
243 36.0 36.0 4.0 1.0 4.0
244 36.0 36.0 4.0 1.0 4.0
245 36.0 36.0 4.0 1.0 4.0
246 36.0 36.0 4.0 1.0 4.0
247 36.0 36.0 4.0 1.0 4.0
248 36.0 36.0 4.0 1.0 4.0
249 36.0 36.0 4.0 1.0 4.0
250 36.0 36.0 4.0 1.0 4.0
251 36.0 36.0 4.0 1.0 4.0
252 36.0 36.0 4.0 1.0 4.0
253 36.0 36.0 4.0 1.0 4.0
254 36.0 36.0 4.0 1.0 4.0
255 36.0 36.0 4.0 1.0 4.0
256 36.0 36.0 4.0 1.0 4.0
257 36.0 36.0 4.0 1.0 4.0
258 36.0 36.0 4.0 1.0 4.0
259 36.0 36.0 4.0 1.0 4.0
260 36.0 36.0 4.0 1.0 4.0
261 36.0 36.0 4.0 1.0 4.0
262 36.0 36.0 4.0 1.0 4.0
263 36.0 36.0 4.0 1.0 4.0
264 36.0 36.0 4.0 1.0 4.0
265 36.0 36.0 4.0 1.0 4.0
266 36.0 36.0 4.0 1.0 4.0
267 36.0 36.0 4.0 1.0 4.0
268 36.0 36.0 4.0 1.0 4.0
269 36.0 36.0 4.0 1.0 4.0
270 36.0 36.0 4.0 1.0 4.0
271 36.0 36.0 4.0 1.0 4.0
272 36.0 36.0 4.0 1.0 4.0
273 36.0 36.0 4.0 1.0 4.0
274 36.0 36.0 4.0 1.0 4.0
275 36.0 36.0 4.0 1.0 4.0
276 36.0 36.0 4.0 1.0 4.0
277 36.0 36.0 4.0 1.0 4.0
278 36.0 36.0 4.0 1.0 4.0
279 36.0 36.0 4.0 1.0 4.0
280 36.0 36.0 4.0 1.0 4.0
281 36.0 36.0 4.0 1.0 4.0
282 36.0 36.0 4.0 1.0 4.0
283 36.0 36.0 4.0 1.0 4.0
284 36.0 36.0 4.0 1.0 4.0
285 36.0 36.0 4.0 1.0 4.0
286 36.0 36.0 4.0 1.0 4.0
287 36.0 36.0 4.0 1.0 4.0
288 36.0 36.0 4.0 1.0 4.0
289 36.0 36.0 4.0 1.0 4.0
290 36.0 36.0 4.0 1.0 4.0
291 36.0 36.0 4.0 1.0 4.0
292 36.0 36.0 4.0 1.0 4.0
293 36.0 36.0 4.0 1.0 4.0
294 36.0 36.0 4.0 1.0 4.0
295 36.0 36.0 4.0 1.0 4.0
296 36.0 36.0 4.0 1.0 4.0
297 36.0 36.0 4.0 1.0 4.0
298 36.0 36.0 4.0 1.0 4.0
299 36.0 36.0 4.0 1.0 4.0
300 36.0 36.0 4.0 1.0 4.0
301 36.0 36.0 4.0 1.0 4.0
302 36.0 36.0 4.0 1.0 4.0
303 36.0 36.0 4.0 1.0 4.0
304 36.0 36.0 4.0 1.0 4.0
305 36.0 36.0 4.0 1.0 4.0
306 36.0 36.0 4.0 1.0 4.0
307 36.0 36.0 4.0 1.0 4.0
308 36.0 36.0 4.0 1.0 4.0
309 36.0 36.0 4.0 1.0 4.0
310 36.0 36.0 4.0 1.0 4.0
311 36.0 36.0 4.0 1.0 4.0
312 36.0 36.0 4.0 1.0 4.0
313 36.0 36.0 4.0 1.0 4.0
314 36.0 36.0 4.0 1.0 4.0
315 36.0 36.0 4.0 1.0 4.0
316 36.0 36.0 4.0 1.0 4.0
317 36.0 36.0 4.0 1.0 4.0
318 36.0 36.0 4.0 1.0 4.0
319 36.0 36.0 4.0 1.0 4.0
320 36.0 36.0 4.0 1.0 4.0
321 36.0 36.0 4.0 1.0 4.0
322 36.0 36.0 4.0 1.0 4.0
323 36.0 36.0 4.0 1.0 4.0
324 36.0 36.0 4.0 1.0 4.0
325 36.0 36.0 4.0 1.0 4.0
326 36.0 36.0 4.0 1.0 4.0
327 36.0 36.0 4.0 1.0 4.0
328 36.0 36.0 4.0 1.0 4.0
329 36.0 36.0 4.0 1.0 4.0
330 36.0 36.0 4.0 1.0 4.0
331 36.0 36.0 4.0 1.0 4.0
332 36.0 36.0 4.0 1.0 4.0
333 36.0 36.0 4.0 1.0 4.0
334 36.0 36.0 4.0 1.0 4.0
335 36.0 36.0 4.0 1.0 4.0
336 36.0 36.0 4.0 1.0 4.0
337 36.0 36.0 4.0 1.0 4.0
338 36.0 36.0 4.0 1.0 4.0
339 36.0 36.0 4.0 1.0 4.0
340 36.0 36.0 4.0 1.0 4.0
341 36.0 36.0 4.0 1.0 4.0
342 36.0 36.0 4.0 1.0 4.0
343 36.0 36.0 4.0 1.0 4.0
344 36.0 36.0 4.0 1.0 4.0
345 36.0 36.0 4.0 1.0 4.0
346 36.0 36.0 4.0 1.0 4.0
347 36.0 36.0 4.0 1.0 4.0
348 36.0 36.0 4.0 1.0 4.0
349 36.0 36.0 4.0 1.0 4.0
350 36.0 36.0 4.0 1.0 4.0
351 36.0 36.0 4.0 1.0 4.0
352 36.0 36.0 4.0 1.0 4.0
353 36.0 36.0 4.0 1.0 4.0
354 36.0 36.0 4.0 1.0 4.0
355 36.0 36.0 4.0 1.0 4.0
356 36.0 36.0 4.0 1.0 4.0
357 36.0 36.0 4.0 1.0 4.0
358 36.0 36.0 4.0 1.0 4.0
359 36.0 36.0 4.0 1.0 4.0
360 36.0 36.0 4.0 1.0 4.0
361 36.0 36.0 4.0 1.0 4.0
362 36.0 36.0 4.0 1.0 4.0
363 36.0 36.0 4.0 1.0 4.0
364 36.0 36.0 4.0 1.0 4.0
365 36.0 36.0 4.0 1.0 4.0
366 36.0 36.0 4.0 1.0 4.0
367 36.0 36.0 4.0 1.0 4.0
368 36.0 36.0 4.0 1.0 4.0
369 36.0 36.0 4.0 1.0 4.0
370 36.0 36.0 4.0 1.0 4.0
371 36.0 36.0 4.0 1.0 4.0
372 36.0 36.0 4.0 1.0 4.0
373 36.0 36.0 4.0 1.0 4.0
374 36.0 36.0 4.0 1.0 4.0
375 36.0 36.0 4.0 1.0 4.0
376 36.0 36.0 4.0 1.0 4.0
377 36.0 36.0 4.0 1.0 4.0
378 36.0 36.0 4.0 1.0 4.0
379 36.0 36.0 4.0 1.0 4.0
380 36.0 36.0 4.0 1.0 4.0
381 36.0 36.0 4.0 1.0 4.0
382 36.0 36.0 4.0 1.0 4.0
383 36.0 36.0 4.0 1.0 4.0
384 36.0 36.0 4.0 1.0 4.0
385 36.0 36.0 4.0 1.0 4.0
386 36.0 36.0 4.0 1.0 4.0
387 36.0 36.0 4.0 1.0 4.0
388 36.0 36.0 4.0 1.0 4.0
389 36.0 36.0 4.0 1.0 4.0
390 36.0 36.0 4.0 1.0 4.0
391 36.0 36.0 4.0 1.0 4.0
392 36.0 36.0 4.0 1.0 4.0
393 36.0 36.0 4.0 1.0 4.0
394 36.0 36.0 4.0 1.0 4.0
395 36.0 36.0 4.0 1.0 4.0
396 36.0 36.0 4.0 1.0 4.0
397 36.0 36.0 4.0 1.0 4.0
398 36.0 36.0 4.0 1.0 4.0
399 36.0 36.0 4.0 1.0 4.0
400 36.0 36.0 4.0 1.0 4.0
401 36.0 36.0 4.0 1.0 4.0
402 36.0 36.0 4.0 1.0 4.0
403 36.0 36.0 4.0 1.0 4.0
404 36.0 36.0 4.0 1.0 4.0
405 36.0 36.0 4.0 1.0 4.0
406 36.0 36.0 4.0 1.0 4.0
407 36.0 36.0 4.0 1.0 4.0
408 36.0 36.0 4.0 1.0 4.0
409 36.0 36.0 4.0 1.0 4.0
410 36.0 36.0 4.0 1.0 4.0
411 36.0 36.0 4.0 1.0 4.0
412 36.0 36.0 4.0 1.0 4.0
413 37.0 37.0 4.0 1.0 4.0
414 37.0 37.0 4.0 1.0 4.0
415 37.0 37.0 4.0 1.0 4.0
416 37.0 37.0 4.0 1.0 4.0
417 37.0 37.0 4.0 1.0 4.0
418 37.0 37.0 4.0 1.0 4.0
419 37.0 37.0 4.0 1.0 4.0
420 37.0 37.0 4.0 1.0 4.0
421 37.0 37.0 4.0 1.0 4.0
422 37.0 37.0 4.0 1.0 4.0
423 37.0 37.0 4.0 1.0 4.0
424 37.0 37.0 4.0 1.0 4.0
425 37.0 37.0 4.0 1.0 4.0
426 37.0 37.0 4.0 1.0 4.0
427 37.0 37.0 4.0 1.0 4.0
428 37.0 37.0 4.0 1.0 4.0
429 37.0 37.0 4.0 1.0 4.0
430 37.0 37.0 4.0 1.0 4.0
431 37.0 37.0 4.0 1.0 4.0
432 37.0 37.0 4.0 1.0 4.0
433 37.0 37.0 4.0 1.0 4.0
434 37.0 37.0 4.0 1.0 4.0
435 37.0 37.0 4.0 1.0 4.0
436 37.0 37.0 4.0 1.0 4.0
437 37.0 37.0 4.0 1.0 4.0
438 37.0 37.0 4.0 1.0 4.0
439 37.0 37.0 4.0 1.0 4.0
440 37.0 37.0 4.0 1.0 4.0
441 37.0 37.0 4.0 1.0 4.0
442 37.0 37.0 4.0 1.0 4.0
443 37.0 37.0 4.0 1.0 4.0
444 37.0 37.0 4.0 1.0 4.0
445 37.0 37.0 4.0 1.0 4.0
446 37.0 37.0 4.0 1.0 4.0
447 37.0 37.0 4.0 1.0 4.0
448 37.0 37.0 4.0 1.0 4.0
449 37.0 37.0 4.0 1.0 4.0
450 37.0 37.0 4.0 1.0 4.0
451 37.0 37.0 4.0 1.0 4.0
452 37.0 37.0 4.0 1.0 4.0
453 42.0 42.0 4.0 1.0 3.0
454 42.0 42.0 4.0 1.0 3.0
455 42.0 42.0 4.0 1.0 3.0
456 42.0 42.0 4.0 1.0 3.0
457 42.0 42.0 4.0 1.0 3.0
458 42.0 42.0 4.0 1.0 3.0
459 42.0 42.0 4.0 1.0 3.0
460 42.0 42.0 4.0 1.0 3.0
461 42.0 42.0 4.0 1.0 3.0
462 42.0 42.0 4.0 1.0 3.0
463 42.0 42.0 4.0 1.0 3.0
464 42.0 42.0 4.0 1.0 3.0
465 42.0 42.0 4.0 1.0 3.0
466 42.0 42.0 4.0 1.0 3.0
467 42.0 42.0 4.0 1.0 3.0
468 42.0 42.0 4.0 1.0 3.0
469 42.0 42.0 4.0 1.0 3.0
470 42.0 42.0 4.0 1.0 3.0
471 42.0 42.0 4.0 1.0 3.0
472 42.0 42.0 4.0 1.0 3.0
473 42.0 42.0 4.0 1.0 3.0
474 42.0 42.0 4.0 1.0 3.0
475 42.0 42.0 4.0 1.0 3.0
476 42.0 42.0 4.0 1.0 3.0
477 42.0 42.0 4.0 1.0 3.0
478 42.0 42.0 4.0 1.0 3.0
479 42.0 42.0 4.0 1.0 3.0
480 42.0 42.0 4.0 1.0 3.0
481 42.0 42.0 4.0 1.0 3.0
482 42.0 42.0 4.0 1.0 3.0
483 42.0 42.0 4.0 1.0 3.0
484 42.0 42.0 4.0 1.0 3.0
485 42.0 42.0 4.0 1.0 3.0
486 42.0 42.0 4.0 1.0 3.0
487 42.0 42.0 4.0 1.0 3.0
488 42.0 42.0 4.0 1.0 3.0
489 42.0 42.0 4.0 1.0 3.0
490 42.0 42.0 4.0 1.0 3.0
491 42.0 42.0 4.0 1.0 3.0
492 42.0 42.0 4.0 1.0 3.0
493 42.0 42.0 4.0 1.0 3.0
494 42.0 42.0 4.0 1.0 3.0
495 42.0 42.0 4.0 1.0 3.0
496 42.0 42.0 4.0 1.0 3.0
497 42.0 42.0 4.0 1.0 3.0
498 42.0 42.0 4.0 1.0 3.0
499 42.0 42.0 4.0 1.0 3.0
500 42.0 42.0 4.0 1.0 3.0
501 42.0 42.0 4.0 1.0 3.0
502 42.0 42.0 4.0 1.0 3.0
503 42.0 42.0 4.0 1.0 3.0
504 42.0 42.0 4.0 1.0 3.0
505 42.0 42.0 4.0 1.0 3.0
506 42.0 42.0 4.0 1.0 3.0
507 42.0 42.0 4.0 1.0 3.0
508 42.0 42.0 4.0 1.0 3.0
509 42.0 42.0 4.0 1.0 3.0
510 42.0 42.0 4.0 1.0 3.0
511 42.0 42.0 4.0 1.0 3.0
512 42.0 42.0 4.0 1.0 3.0
513 42.0 42.0 4.0 1.0 3.0
514 42.0 42.0 4.0 1.0 3.0
515 42.0 42.0 4.0 1.0 3.0
516 42.0 42.0 4.0 1.0 3.0
517 42.0 42.0 4.0 1.0 3.0
518 42.0 42.0 4.0 1.0 3.0
519 42.0 42.0 4.0 1.0 3.0
520 42.0 42.0 4.0 1.0 3.0
521 42.0 42.0 4.0 1.0 3.0
522 42.0 42.0 4.0 1.0 3.0
523 42.0 42.0 4.0 1.0 3.0
524 42.0 42.0 4.0 1.0 3.0
525 42.0 42.0 4.0 1.0 3.0
526 42.0 42.0 4.0 1.0 3.0
527 42.0 42.0 4.0 1.0 3.0
528 42.0 42.0 4.0 1.0 3.0
529 42.0 42.0 4.0 1.0 3.0
530 42.0 42.0 4.0 1.0 3.0
531 42.0 42.0 4.0 1.0 3.0
532 42.0 42.0 4.0 1.0 3.0
533 42.0 42.0 4.0 1.0 3.0
534 42.0 42.0 4.0 1.0 3.0
535 42.0 42.0 4.0 1.0 3.0
536 42.0 42.0 4.0 1.0 3.0
537 42.0 42.0 4.0 1.0 3.0
538 42.0 42.0 4.0 1.0 3.0
539 42.0 42.0 4.0 1.0 3.0
540 42.0 42.0 4.0 1.0 3.0
541 51.0 51.0 3.0 0.0 3.0
542 51.0 51.0 3.0 0.0 3.0
543 51.0 51.0 3.0 0.0 3.0
544 51.0 51.0 3.0 0.0 3.0
545 51.0 51.0 3.0 0.0 3.0
546 51.0 51.0 3.0 0.0 3.0
547 51.0 51.0 3.0 0.0 3.0
548 51.0 51.0 3.0 0.0 3.0
549 51.0 51.0 3.0 0.0 3.0
550 51.0 51.0 3.0 0.0 3.0
551 51.0 51.0 3.0 0.0 3.0
552 51.0 51.0 3.0 0.0 3.0
553 51.0 51.0 3.0 0.0 3.0
554 51.0 51.0 3.0 0.0 3.0
555 51.0 51.0 3.0 0.0 3.0
556 51.0 51.0 3.0 0.0 3.0
557 51.0 51.0 3.0 0.0 3.0
558 51.0 51.0 3.0 0.0 3.0
559 51.0 51.0 3.0 0.0 3.0
560 51.0 51.0 3.0 0.0 3.0
561 51.0 51.0 3.0 0.0 3.0
562 51.0 51.0 3.0 0.0 3.0
563 51.0 51.0 3.0 0.0 3.0
564 51.0 51.0 3.0 0.0 3.0
565 51.0 51.0 3.0 0.0 3.0
566 51.0 51.0 3.0 0.0 3.0
567 51.0 51.0 3.0 0.0 3.0
568 51.0 51.0 3.0 0.0 3.0
569 51.0 51.0 3.0 0.0 3.0
570 51.0 51.0 3.0 0.0 3.0
571 51.0 51.0 3.0 0.0 3.0
572 51.0 51.0 3.0 0.0 3.0
573 51.0 51.0 3.0 0.0 3.0
574 51.0 51.0 3.0 0.0 3.0
575 51.0 51.0 3.0 0.0 3.0
576 51.0 51.0 3.0 0.0 3.0
577 51.0 51.0 3.0 0.0 3.0
578 51.0 51.0 3.0 0.0 3.0
579 51.0 51.0 3.0 0.0 3.0
580 51.0 51.0 3.0 0.0 3.0
581 51.0 51.0 3.0 0.0 3.0
582 51.0 51.0 3.0 0.0 3.0
583 51.0 51.0 3.0 0.0 3.0
584 51.0 51.0 3.0 0.0 3.0
585 51.0 51.0 3.0 0.0 3.0
586 51.0 51.0 3.0 0.0 3.0
587 51.0 51.0 3.0 0.0 3.0
588 51.0 51.0 3.0 0.0 3.0
589 51.0 51.0 3.0 0.0 3.0
590 51.0 51.0 3.0 0.0 3.0
591 51.0 51.0 3.0 0.0 3.0
592 51.0 51.0 3.0 0.0 3.0
593 51.0 51.0 3.0 0.0 3.0
594 51.0 51.0 3.0 0.0 3.0
595 51.0 51.0 3.0 0.0 3.0
596 51.0 51.0 3.0 0.0 3.0
597 51.0 51.0 3.0 0.0 3.0
598 51.0 51.0 3.0 0.0 3.0
599 51.0 51.0 3.0 0.0 3.0
600 51.0 51.0 3.0 0.0 3.0
601 51.0 51.0 3.0 0.0 3.0
602 51.0 51.0 3.0 0.0 3.0
603 51.0 51.0 3.0 0.0 3.0
604 51.0 51.0 3.0 0.0 3.0
605 51.0 51.0 3.0 0.0 3.0
606 51.0 51.0 3.0 0.0 3.0
607 51.0 51.0 3.0 0.0 3.0
608 51.0 51.0 3.0 0.0 3.0
609 51.0 51.0 3.0 0.0 3.0
610 51.0 51.0 3.0 0.0 3.0
611 51.0 51.0 3.0 0.0 3.0
612 51.0 51.0 3.0 0.0 3.0
613 51.0 51.0 3.0 0.0 3.0
614 51.0 51.0 3.0 0.0 3.0
615 51.0 51.0 3.0 0.0 3.0
616 51.0 51.0 3.0 0.0 3.0
617 51.0 51.0 3.0 0.0 3.0
618 51.0 51.0 3.0 0.0 3.0
619 51.0 51.0 3.0 0.0 3.0
620 51.0 51.0 3.0 0.0 3.0
621 51.0 51.0 3.0 0.0 3.0
622 51.0 51.0 3.0 0.0 3.0
623 51.0 51.0 3.0 0.0 3.0
624 51.0 51.0 3.0 0.0 3.0
625 51.0 51.0 3.0 0.0 3.0
626 51.0 51.0 3.0 0.0 3.0
627 51.0 51.0 3.0 0.0 3.0
628 51.0 51.0 3.0 0.0 3.0
629 51.0 51.0 3.0 0.0 3.0
630 51.0 51.0 3.0 0.0 3.0
631 51.0 51.0 3.0 0.0 3.0
632 51.0 51.0 3.0 0.0 3.0
633 51.0 51.0 3.0 0.0 3.0
634 51.0 51.0 3.0 0.0 3.0
635 51.0 51.0 3.0 0.0 3.0
636 51.0 51.0 3.0 0.0 3.0
637 51.0 51.0 3.0 0.0 3.0
638 51.0 51.0 3.0 0.0 3.0
639 51.0 51.0 3.0 0.0 3.0
640 51.0 51.0 3.0 0.0 3.0
641 51.0 51.0 3.0 0.0 3.0
642 51.0 51.0 3.0 0.0 3.0
643 51.0 51.0 3.0 0.0 3.0
644 51.0 51.0 3.0 0.0 3.0
645 51.0 51.0 3.0 0.0 3.0
646 51.0 51.0 3.0 0.0 3.0
647 51.0 51.0 3.0 0.0 3.0
648 51.0 51.0 3.0 0.0 3.0
649 51.0 51.0 3.0 0.0 3.0
650 51.0 51.0 3.0 0.0 3.0
651 51.0 51.0 3.0 0.0 3.0
652 51.0 51.0 3.0 0.0 3.0
653 51.0 51.0 3.0 0.0 3.0
654 51.0 51.0 3.0 0.0 3.0
655 51.0 51.0 3.0 0.0 3.0
656 51.0 51.0 3.0 0.0 3.0
657 51.0 51.0 3.0 0.0 3.0
658 51.0 51.0 3.0 0.0 3.0
659 51.0 51.0 3.0 0.0 3.0
660 51.0 51.0 3.0 0.0 3.0
661 51.0 51.0 3.0 0.0 3.0
662 51.0 51.0 3.0 0.0 3.0
663 51.0 51.0 3.0 0.0 3.0
664 51.0 51.0 3.0 0.0 3.0
665 51.0 51.0 3.0 0.0 3.0
666 51.0 51.0 3.0 0.0 3.0
667 51.0 51.0 3.0 0.0 3.0
668 51.0 51.0 3.0 0.0 3.0
669 51.0 51.0 3.0 0.0 3.0
670 51.0 51.0 3.0 0.0 3.0
671 51.0 51.0 3.0 0.0 3.0
672 51.0 51.0 3.0 0.0 3.0
673 51.0 51.0 3.0 0.0 3.0
674 51.0 51.0 3.0 0.0 3.0
675 51.0 51.0 3.0 0.0 3.0
676 51.0 51.0 3.0 0.0 3.0
677 51.0 51.0 3.0 0.0 3.0
678 51.0 51.0 3.0 0.0 3.0
679 51.0 51.0 3.0 0.0 3.0
680 51.0 51.0 3.0 0.0 3.0
681 51.0 51.0 3.0 0.0 3.0
682 51.0 51.0 3.0 0.0 3.0
683 51.0 51.0 3.0 0.0 3.0
684 51.0 51.0 3.0 0.0 3.0
685 51.0 51.0 3.0 0.0 3.0
686 51.0 51.0 3.0 0.0 3.0
687 51.0 51.0 3.0 0.0 3.0
688 51.0 51.0 3.0 0.0 3.0
689 51.0 51.0 3.0 0.0 3.0
690 51.0 51.0 3.0 0.0 3.0
691 51.0 51.0 3.0 0.0 3.0
692 51.0 51.0 3.0 0.0 3.0
693 51.0 51.0 3.0 0.0 3.0
694 51.0 51.0 3.0 0.0 3.0
695 51.0 51.0 3.0 0.0 3.0
696 51.0 51.0 3.0 0.0 3.0
697 51.0 51.0 3.0 0.0 3.0
698 51.0 51.0 3.0 0.0 3.0
699 51.0 51.0 3.0 0.0 3.0
700 51.0 51.0 3.0 0.0 3.0
701 51.0 51.0 3.0 0.0 3.0
702 51.0 51.0 3.0 0.0 3.0
703 51.0 51.0 3.0 0.0 3.0
704 51.0 51.0 3.0 0.0 3.0
705 51.0 51.0 3.0 0.0 3.0
706 51.0 51.0 3.0 0.0 3.0
707 51.0 51.0 3.0 0.0 3.0
708 51.0 51.0 3.0 0.0 3.0
709 51.0 51.0 3.0 0.0 3.0
710 51.0 51.0 3.0 0.0 3.0
711 51.0 51.0 3.0 0.0 3.0
712 51.0 51.0 3.0 0.0 3.0
713 51.0 51.0 3.0 0.0 3.0
714 51.0 51.0 3.0 0.0 3.0
715 51.0 51.0 3.0 0.0 3.0
716 51.0 51.0 3.0 0.0 3.0
717 51.0 51.0 3.0 0.0 3.0
718 51.0 51.0 3.0 0.0 3.0
719 51.0 51.0 3.0 0.0 3.0
720 51.0 51.0 3.0 0.0 3.0
721 51.0 51.0 3.0 0.0 3.0
722 51.0 51.0 3.0 0.0 3.0
723 51.0 51.0 3.0 0.0 3.0
724 51.0 51.0 3.0 0.0 3.0
725 51.0 51.0 3.0 0.0 3.0
726 51.0 51.0 3.0 0.0 3.0
727 51.0 51.0 3.0 0.0 3.0
728 51.0 51.0 3.0 0.0 3.0
729 51.0 51.0 3.0 0.0 3.0
730 51.0 51.0 3.0 0.0 3.0
731 51.0 51.0 3.0 0.0 3.0
732 51.0 51.0 3.0 0.0 3.0
733 51.0 51.0 3.0 0.0 3.0
734 51.0 51.0 3.0 0.0 3.0
735 51.0 51.0 3.0 0.0 3.0
736 51.0 51.0 3.0 0.0 3.0
737 51.0 51.0 3.0 0.0 3.0
738 51.0 51.0 3.0 0.0 3.0
739 51.0 51.0 3.0 0.0 3.0
740 51.0 51.0 3.0 0.0 3.0
741 51.0 51.0 3.0 0.0 3.0
742 51.0 51.0 3.0 0.0 3.0
743 51.0 51.0 3.0 0.0 3.0
744 51.0 51.0 3.0 0.0 3.0
745 51.0 51.0 3.0 0.0 3.0
746 51.0 51.0 3.0 0.0 3.0
747 51.0 51.0 3.0 0.0 3.0
748 51.0 51.0 3.0 0.0 3.0
749 51.0 51.0 3.0 0.0 3.0
750 51.0 51.0 3.0 0.0 3.0
751 51.0 51.0 3.0 0.0 3.0
752 51.0 51.0 3.0 0.0 3.0
753 51.0 51.0 3.0 0.0 3.0
754 51.0 51.0 3.0 0.0 3.0
755 51.0 51.0 3.0 0.0 3.0
756 51.0 51.0 3.0 0.0 3.0
757 51.0 51.0 3.0 0.0 3.0
758 51.0 51.0 3.0 0.0 3.0
759 51.0 51.0 3.0 0.0 3.0
760 51.0 51.0 3.0 0.0 3.0
761 51.0 51.0 3.0 0.0 3.0
762 51.0 51.0 3.0 0.0 3.0
763 51.0 51.0 3.0 0.0 3.0
764 51.0 51.0 3.0 0.0 3.0
765 51.0 51.0 3.0 0.0 3.0
766 51.0 51.0 3.0 0.0 3.0
767 51.0 51.0 3.0 0.0 3.0
768 51.0 51.0 3.0 0.0 3.0
769 51.0 51.0 3.0 0.0 3.0
770 51.0 51.0 3.0 0.0 3.0
771 51.0 51.0 3.0 0.0 3.0
772 51.0 51.0 3.0 0.0 3.0
773 51.0 51.0 3.0 0.0 3.0
774 51.0 51.0 3.0 0.0 3.0
775 51.0 51.0 3.0 0.0 3.0
776 51.0 51.0 3.0 0.0 3.0
777 51.0 51.0 3.0 0.0 3.0
778 51.0 51.0 3.0 0.0 3.0
779 51.0 51.0 3.0 0.0 3.0
780 51.0 51.0 3.0 0.0 3.0
781 51.0 51.0 3.0 0.0 3.0
782 56.0 56.0 3.0 0.0 2.0
783 57.0 57.0 3.0 0.0 2.0
784 57.0 57.0 3.0 0.0 2.0
785 57.0 57.0 3.0 0.0 2.0
786 57.0 57.0 3.0 0.0 2.0
787 57.0 57.0 3.0 0.0 2.0
788 57.0 57.0 3.0 0.0 2.0
789 57.0 57.0 3.0 0.0 2.0
790 57.0 57.0 3.0 0.0 2.0
791 57.0 57.0 3.0 0.0 2.0
792 57.0 57.0 3.0 0.0 2.0
793 57.0 57.0 3.0 0.0 2.0
794 57.0 57.0 3.0 0.0 2.0
795 57.0 57.0 3.0 0.0 2.0
796 57.0 57.0 3.0 0.0 2.0
797 57.0 57.0 3.0 0.0 2.0
798 57.0 57.0 3.0 0.0 2.0
799 57.0 57.0 3.0 0.0 2.0
800 57.0 57.0 3.0 0.0 2.0
801 57.0 57.0 3.0 0.0 2.0
802 57.0 57.0 3.0 0.0 2.0
803 57.0 57.0 3.0 0.0 2.0
804 57.0 57.0 3.0 0.0 2.0
805 57.0 57.0 3.0 0.0 2.0
806 57.0 57.0 3.0 0.0 2.0
807 57.0 57.0 3.0 0.0 2.0
808 57.0 57.0 3.0 0.0 2.0
809 57.0 57.0 3.0 0.0 2.0
810 57.0 57.0 3.0 0.0 2.0
811 57.0 57.0 3.0 0.0 2.0
812 57.0 57.0 3.0 0.0 2.0
813 57.0 57.0 3.0 0.0 2.0
814 57.0 57.0 3.0 0.0 2.0
815 57.0 57.0 3.0 0.0 2.0
816 57.0 57.0 3.0 0.0 2.0
817 57.0 57.0 3.0 0.0 2.0
818 57.0 57.0 3.0 0.0 2.0
819 57.0 57.0 3.0 0.0 2.0
820 57.0 57.0 3.0 0.0 2.0
821 57.0 57.0 3.0 0.0 2.0
822 57.0 57.0 3.0 0.0 2.0
823 57.0 57.0 3.0 0.0 2.0
824 57.0 57.0 3.0 0.0 2.0
825 57.0 57.0 3.0 0.0 2.0
826 57.0 57.0 3.0 0.0 2.0
827 57.0 57.0 3.0 0.0 2.0
828 57.0 57.0 3.0 0.0 2.0
829 57.0 57.0 3.0 0.0 2.0
830 57.0 57.0 3.0 0.0 2.0
831 57.0 57.0 3.0 0.0 2.0
832 57.0 57.0 3.0 0.0 2.0
833 57.0 57.0 3.0 0.0 2.0
834 57.0 57.0 3.0 0.0 2.0
835 57.0 57.0 3.0 0.0 2.0
836 57.0 57.0 3.0 0.0 2.0
837 57.0 57.0 3.0 0.0 2.0
838 57.0 57.0 3.0 0.0 2.0
839 57.0 57.0 3.0 0.0 2.0
840 57.0 57.0 3.0 0.0 2.0
841 57.0 57.0 3.0 0.0 2.0
842 57.0 57.0 3.0 0.0 2.0
843 57.0 57.0 3.0 0.0 2.0
844 57.0 57.0 3.0 0.0 2.0
845 57.0 57.0 3.0 0.0 2.0
846 57.0 57.0 3.0 0.0 2.0
847 57.0 57.0 3.0 0.0 2.0
848 57.0 57.0 3.0 0.0 2.0
849 57.0 57.0 3.0 0.0 2.0
850 57.0 57.0 3.0 0.0 2.0
851 57.0 57.0 3.0 0.0 2.0
852 57.0 57.0 3.0 0.0 2.0
853 57.0 57.0 3.0 0.0 2.0
854 57.0 57.0 3.0 0.0 2.0
855 57.0 57.0 3.0 0.0 2.0
856 57.0 57.0 3.0 0.0 2.0
857 57.0 57.0 3.0 0.0 2.0
858 57.0 57.0 3.0 0.0 2.0
859 57.0 57.0 3.0 0.0 2.0
860 57.0 57.0 3.0 0.0 2.0
861 57.0 57.0 3.0 0.0 2.0
862 57.0 57.0 3.0 0.0 2.0
863 57.0 57.0 3.0 0.0 2.0
864 57.0 57.0 3.0 0.0 2.0
865 57.0 57.0 3.0 0.0 2.0
866 57.0 57.0 3.0 0.0 2.0
867 57.0 57.0 3.0 0.0 2.0
868 57.0 57.0 3.0 0.0 2.0
869 57.0 57.0 3.0 0.0 2.0
870 57.0 57.0 3.0 0.0 2.0
871 57.0 57.0 3.0 0.0 2.0
872 57.0 57.0 3.0 0.0 2.0
873 57.0 57.0 3.0 0.0 2.0
874 57.0 57.0 3.0 0.0 2.0
875 57.0 57.0 3.0 0.0 2.0
876 57.0 57.0 3.0 0.0 2.0
877 57.0 57.0 3.0 0.0 2.0
878 57.0 57.0 3.0 0.0 2.0
879 57.0 57.0 3.0 0.0 2.0
880 57.0 57.0 3.0 0.0 2.0
881 57.0 57.0 3.0 0.0 2.0
882 57.0 57.0 3.0 0.0 2.0
883 57.0 57.0 3.0 0.0 2.0
884 57.0 57.0 3.0 0.0 2.0
885 57.0 57.0 3.0 0.0 2.0
886 57.0 57.0 3.0 0.0 2.0
887 57.0 57.0 3.0 0.0 2.0
888 57.0 57.0 3.0 0.0 2.0
889 57.0 57.0 3.0 0.0 2.0
890 57.0 57.0 3.0 0.0 2.0
891 57.0 57.0 3.0 0.0 2.0
892 57.0 57.0 3.0 0.0 2.0
893 57.0 57.0 3.0 0.0 2.0
894 57.0 57.0 3.0 0.0 2.0
895 57.0 57.0 3.0 0.0 2.0
896 57.0 57.0 3.0 0.0 2.0
897 57.0 57.0 3.0 0.0 2.0
898 57.0 57.0 3.0 0.0 2.0
899 57.0 57.0 3.0 0.0 2.0
900 57.0 57.0 3.0 0.0 2.0
901 57.0 57.0 3.0 0.0 2.0
902 57.0 57.0 3.0 0.0 2.0
903 57.0 57.0 3.0 0.0 2.0
904 57.0 57.0 3.0 0.0 2.0
905 57.0 57.0 3.0 0.0 2.0
906 57.0 57.0 3.0 0.0 2.0
907 57.0 57.0 3.0 0.0 2.0
908 57.0 57.0 3.0 0.0 2.0
909 57.0 57.0 3.0 0.0 2.0
910 57.0 57.0 3.0 0.0 2.0
911 57.0 57.0 3.0 0.0 2.0
912 57.0 57.0 3.0 0.0 2.0
913 57.0 57.0 3.0 0.0 2.0
914 57.0 57.0 3.0 0.0 2.0
915 57.0 57.0 3.0 0.0 2.0
916 57.0 57.0 3.0 0.0 2.0
917 57.0 57.0 3.0 0.0 2.0
918 57.0 57.0 3.0 0.0 2.0
919 57.0 57.0 3.0 0.0 2.0
920 57.0 57.0 3.0 0.0 2.0
921 57.0 57.0 3.0 0.0 2.0
922 57.0 57.0 3.0 0.0 2.0
923 57.0 57.0 3.0 0.0 2.0
924 57.0 57.0 3.0 0.0 2.0
925 57.0 57.0 3.0 0.0 2.0
926 57.0 57.0 3.0 0.0 2.0
927 57.0 57.0 3.0 0.0 2.0
928 57.0 57.0 3.0 0.0 2.0
929 57.0 57.0 3.0 0.0 2.0
930 57.0 57.0 3.0 0.0 2.0
931 57.0 57.0 3.0 0.0 2.0
932 57.0 57.0 3.0 0.0 2.0
933 57.0 57.0 3.0 0.0 2.0
934 57.0 57.0 3.0 0.0 2.0
935 57.0 57.0 3.0 0.0 2.0
936 57.0 57.0 3.0 0.0 2.0
937 57.0 57.0 3.0 0.0 2.0
938 57.0 57.0 3.0 0.0 2.0
939 57.0 57.0 3.0 0.0 2.0
940 57.0 57.0 3.0 0.0 2.0
941 57.0 57.0 3.0 0.0 2.0
942 57.0 57.0 3.0 0.0 2.0
943 57.0 57.0 3.0 0.0 2.0
944 57.0 57.0 3.0 0.0 2.0
945 57.0 57.0 3.0 0.0 2.0
946 57.0 57.0 3.0 0.0 2.0
947 57.0 57.0 3.0 0.0 2.0
948 57.0 57.0 3.0 0.0 2.0
949 57.0 57.0 3.0 0.0 2.0
950 57.0 57.0 3.0 0.0 2.0
951 57.0 57.0 3.0 0.0 2.0
952 57.0 57.0 3.0 0.0 2.0
953 57.0 57.0 3.0 0.0 2.0
954 57.0 57.0 3.0 0.0 2.0
955 57.0 57.0 3.0 0.0 2.0
956 57.0 57.0 3.0 0.0 2.0
957 57.0 57.0 3.0 0.0 2.0
958 57.0 57.0 3.0 0.0 2.0
959 57.0 57.0 3.0 0.0 2.0
960 57.0 57.0 3.0 0.0 2.0
961 57.0 57.0 3.0 0.0 2.0
962 57.0 57.0 3.0 0.0 2.0
963 57.0 57.0 3.0 0.0 2.0
964 57.0 57.0 3.0 0.0 2.0
965 57.0 57.0 3.0 0.0 2.0
966 57.0 57.0 3.0 0.0 2.0
967 57.0 57.0 3.0 0.0 2.0
968 57.0 57.0 3.0 0.0 2.0
969 57.0 57.0 3.0 0.0 2.0
970 57.0 57.0 3.0 0.0 2.0
971 57.0 57.0 3.0 0.0 2.0
972 57.0 57.0 3.0 0.0 2.0
973 57.0 57.0 3.0 0.0 2.0
974 57.0 57.0 3.0 0.0 2.0
975 57.0 57.0 3.0 0.0 2.0
976 57.0 57.0 3.0 0.0 2.0
977 57.0 57.0 3.0 0.0 2.0
978 57.0 57.0 3.0 0.0 2.0
979 57.0 57.0 3.0 0.0 2.0
980 57.0 57.0 3.0 0.0 2.0
981 57.0 57.0 3.0 0.0 2.0
982 57.0 57.0 3.0 0.0 2.0
983 57.0 57.0 3.0 0.0 2.0
984 57.0 57.0 3.0 0.0 2.0
985 57.0 57.0 3.0 0.0 2.0
986 57.0 57.0 3.0 0.0 2.0
987 57.0 57.0 3.0 0.0 2.0
988 57.0 57.0 3.0 0.0 2.0
989 57.0 57.0 3.0 0.0 2.0
990 57.0 57.0 3.0 0.0 2.0
991 57.0 57.0 3.0 0.0 2.0
992 57.0 57.0 3.0 0.0 2.0
993 57.0 57.0 3.0 0.0 2.0
994 57.0 57.0 3.0 0.0 2.0
995 57.0 57.0 3.0 0.0 2.0
996 57.0 57.0 3.0 0.0 2.0
997 57.0 57.0 3.0 0.0 2.0
998 57.0 57.0 3.0 0.0 2.0
999 57.0 57.0 3.0 0.0 2.0
1000 57.0 57.0 3.0 0.0 2.0
