gen testSuiteSize notKilledMutants number_of_tests no_discount_objective no_equiv_mut_not_killed no_equiv_mut_not_killed_perc
1 3 8.5546875 37 10 7 1.0
1 4 8.4375 40 10 7 1.0
2 3 7.96875 65 10 7 1.0
2 5 2.203125 68 3 0 0.0
3 2 8.98046875 87 10 7 1.0
3 3 8.79296875 103 10 7 1.0
4 6 7.69921875 111 9 6 0.8571428571428571
4 3 8.44140625 133 10 7 1.0
4 5 8.4296875 134 10 7 1.0
5 3 8.30078125 145 10 7 1.0
5 4 8.20703125 153 10 7 1.0
6 5 7.078125 164 9 6 0.8571428571428571
6 3 8.04296875 167 10 7 1.0
6 4 8.0078125 170 10 7 1.0
7 1 7.85546875 183 10 7 1.0
7 3 7.83203125 185 10 7 1.0
7 4 0.8203125 186 3 0 0.0
8 2 7.80859375 187 10 7 1.0
8 3 7.75 192 10 7 1.0
8 4 7.73828125 193 10 7 1.0
9 4 0.65625 200 3 0 0.0
9 2 7.64453125 201 10 7 1.0
10 7 5.59765625 205 8 5 0.7142857142857143
10 4 7.4921875 214 10 7 1.0
10 6 7.48046875 215 10 7 1.0
11 6 0.4453125 218 3 0 0.0
11 2 7.3984375 222 10 7 1.0
12 6 6.3515625 226 9 6 0.8571428571428571
12 3 7.3515625 226 10 7 1.0
13 6 5.31640625 229 8 5 0.7142857142857143
13 3 7.3046875 230 10 7 1.0
13 4 7.2578125 234 10 7 1.0
14 7 5.234375 236 8 5 0.7142857142857143
14 2 7.1875 240 10 7 1.0
14 5 7.17578125 241 10 7 1.0
15 3 7.1640625 242 10 7 1.0
15 5 0.1640625 242 3 0 0.0
16 2 7.12890625 245 10 7 1.0
17 6 5.1171875 246 8 5 0.7142857142857143
17 2 7.1171875 246 10 7 1.0
17 3 6.1171875 246 9 6 0.8571428571428571
18 2 7.1171875 246 10 7 1.0
19 2 7.08203125 249 10 7 1.0
20 1 7.08203125 249 10 7 1.0
20 3 5.08203125 249 8 5 0.7142857142857143
21 4 7.08203125 249 10 7 1.0
21 5 0.08203125 249 3 0 0.0
22 4 5.08203125 249 8 5 0.7142857142857143
22 3 6.0703125 250 9 6 0.8571428571428571
23 2 7.05859375 251 10 7 1.0
23 8 6.05859375 251 9 6 0.8571428571428571
24 3 5.05859375 251 8 5 0.7142857142857143
24 2 7.05859375 251 10 7 1.0
25 3 6.05859375 251 9 6 0.8571428571428571
26 4 6.05859375 251 9 6 0.8571428571428571
27 2 7.046875 252 10 7 1.0
27 3 7.03515625 253 10 7 1.0
28 8 0.0234375 254 3 0 0.0
28 2 7.0234375 254 10 7 1.0
29 3 7.0234375 254 10 7 1.0
30 2 7.0234375 254 10 7 1.0
31 2 7.0234375 254 10 7 1.0
31 7 0.0234375 254 3 0 0.0
32 2 7.0234375 254 10 7 1.0
32 5 0.0234375 254 3 0 0.0
33 1 7.0234375 254 10 7 1.0
34 1 7.01171875 255 10 7 1.0
35 3 7.01171875 255 10 7 1.0
35 5 0.01171875 255 3 0 0.0
36 2 7 256 10 7 1.0
36 4 6 256 9 6 0.8571428571428571
37 2 7 256 10 7 1.0
37 6 5 256 8 5 0.7142857142857143
38 2 7 256 10 7 1.0
39 4 7 256 10 7 1.0
40 5 5 256 8 5 0.7142857142857143
40 2 7 256 10 7 1.0
41 2 7 256 10 7 1.0
41 7 5 256 8 5 0.7142857142857143
42 4 5 256 8 5 0.7142857142857143
42 0 7 256 10 7 1.0
42 6 0 256 3 0 0.0
43 3 7 256 10 7 1.0
43 5 5 256 8 5 0.7142857142857143
44 3 0 256 3 0 0.0
45 5 6 256 9 6 0.8571428571428571
45 2 7 256 10 7 1.0
46 7 5 256 8 5 0.7142857142857143
46 1 7 256 10 7 1.0
47 2 6 256 9 6 0.8571428571428571
48 3 7 256 10 7 1.0
48 4 5 256 8 5 0.7142857142857143
49 6 0 256 3 0 0.0
49 4 7 256 10 7 1.0
50 0 7 256 10 7 1.0
51 3 7 256 10 7 1.0
51 5 6 256 9 6 0.8571428571428571
52 4 7 256 10 7 1.0
53 5 6 256 9 6 0.8571428571428571
53 4 7 256 10 7 1.0
54 4 6 256 9 6 0.8571428571428571
55 4 7 256 10 7 1.0
55 6 5 256 8 5 0.7142857142857143
56 3 7 256 10 7 1.0
57 7 5 256 8 5 0.7142857142857143
57 3 7 256 10 7 1.0
57 5 6 256 9 6 0.8571428571428571
58 7 5 256 8 5 0.7142857142857143
58 3 7 256 10 7 1.0
59 3 7 256 10 7 1.0
59 6 4 256 7 4 0.5714285714285714
60 2 7 256 10 7 1.0
60 8 0 256 3 0 0.0
61 3 7 256 10 7 1.0
62 3 7 256 10 7 1.0
62 4 0 256 3 0 0.0
63 3 7 256 10 7 1.0
64 4 0 256 3 0 0.0
65 3 7 256 10 7 1.0
66 4 7 256 10 7 1.0
67 3 7 256 10 7 1.0
68 3 7 256 10 7 1.0
69 7 4 256 7 4 0.5714285714285714
69 3 7 256 10 7 1.0
69 5 5 256 8 5 0.7142857142857143
70 3 7 256 10 7 1.0
71 3 6 256 9 6 0.8571428571428571
72 1 7 256 10 7 1.0
72 4 0 256 3 0 0.0
73 1 7 256 10 7 1.0
73 7 5 256 8 5 0.7142857142857143
74 5 6 256 9 6 0.8571428571428571
74 8 5 256 8 5 0.7142857142857143
75 4 7 256 10 7 1.0
76 4 7 256 10 7 1.0
76 8 6 256 9 6 0.8571428571428571
77 3 7 256 10 7 1.0
78 2 5 256 8 5 0.7142857142857143
79 3 7 256 10 7 1.0
80 2 7 256 10 7 1.0
81 4 7 256 10 7 1.0
81 6 0 256 3 0 0.0
82 3 7 256 10 7 1.0
82 4 0 256 3 0 0.0
83 5 5 256 8 5 0.7142857142857143
83 2 7 256 10 7 1.0
84 3 6 256 9 6 0.8571428571428571
84 4 5 256 8 5 0.7142857142857143
85 4 0 256 3 0 0.0
86 2 7 256 10 7 1.0
86 4 5 256 8 5 0.7142857142857143
87 3 7 256 10 7 1.0
87 7 6 256 9 6 0.8571428571428571
88 2 5 256 8 5 0.7142857142857143
89 2 7 256 10 7 1.0
89 6 0 256 3 0 0.0
90 4 7 256 10 7 1.0
91 3 7 256 10 7 1.0
92 5 6 256 9 6 0.8571428571428571
92 2 7 256 10 7 1.0
93 0 7 256 10 7 1.0
93 4 5 256 8 5 0.7142857142857143
94 2 7 256 10 7 1.0
95 4 7 256 10 7 1.0
95 5 5 256 8 5 0.7142857142857143
96 6 6 256 9 6 0.8571428571428571
96 3 7 256 10 7 1.0
97 0 7 256 10 7 1.0
97 6 0 256 3 0 0.0
98 1 7 256 10 7 1.0
99 2 7 256 10 7 1.0
100 2 7 256 10 7 1.0
100 3 6 256 9 6 0.8571428571428571
101 3 7 256 10 7 1.0
102 2 7 256 10 7 1.0
103 3 7 256 10 7 1.0
104 3 7 256 10 7 1.0
105 3 7 256 10 7 1.0
106 5 7 256 10 7 1.0
107 4 0 256 3 0 0.0
107 2 7 256 10 7 1.0
108 1 7 256 10 7 1.0
109 3 7 256 10 7 1.0
110 2 7 256 10 7 1.0
111 4 6 256 9 6 0.8571428571428571
111 2 7 256 10 7 1.0
112 3 7 256 10 7 1.0
113 1 7 256 10 7 1.0
114 2 7 256 10 7 1.0
115 4 7 256 10 7 1.0
116 3 7 256 10 7 1.0
117 2 7 256 10 7 1.0
118 3 7 256 10 7 1.0
119 6 5 256 8 5 0.7142857142857143
119 3 7 256 10 7 1.0
120 5 6 256 9 6 0.8571428571428571
120 3 7 256 10 7 1.0
121 5 6 256 9 6 0.8571428571428571
121 3 7 256 10 7 1.0
122 3 7 256 10 7 1.0
123 2 7 256 10 7 1.0
123 3 6 256 9 6 0.8571428571428571
124 3 6 256 9 6 0.8571428571428571
125 6 6 256 9 6 0.8571428571428571
125 2 7 256 10 7 1.0
126 3 7 256 10 7 1.0
126 6 0 256 3 0 0.0
127 2 7 256 10 7 1.0
128 2 7 256 10 7 1.0
129 6 6 256 9 6 0.8571428571428571
129 1 7 256 10 7 1.0
130 2 6 256 9 6 0.8571428571428571
131 3 0 256 3 0 0.0
132 2 7 256 10 7 1.0
133 1 7 256 10 7 1.0
134 8 6 256 9 6 0.8571428571428571
134 1 7 256 10 7 1.0
135 5 6 256 9 6 0.8571428571428571
135 3 7 256 10 7 1.0
136 3 7 256 10 7 1.0
136 7 6 256 9 6 0.8571428571428571
137 4 0 256 3 0 0.0
137 3 7 256 10 7 1.0
138 4 5 256 8 5 0.7142857142857143
138 2 6 256 9 6 0.8571428571428571
139 4 6 256 9 6 0.8571428571428571
139 3 7 256 10 7 1.0
140 4 7 256 10 7 1.0
141 1 7 256 10 7 1.0
141 4 5 256 8 5 0.7142857142857143
142 2 7 256 10 7 1.0
143 5 5 256 8 5 0.7142857142857143
143 2 7 256 10 7 1.0
143 9 4 256 7 4 0.5714285714285714
144 3 7 256 10 7 1.0
145 3 7 256 10 7 1.0
145 5 5 256 8 5 0.7142857142857143
146 3 7 256 10 7 1.0
147 5 0 256 3 0 0.0
147 4 6 256 9 6 0.8571428571428571
147 1 7 256 10 7 1.0
148 4 7 256 10 7 1.0
149 2 7 256 10 7 1.0
149 5 0 256 3 0 0.0
150 2 5 256 8 5 0.7142857142857143
150 1 7 256 10 7 1.0
151 3 7 256 10 7 1.0
151 6 6 256 9 6 0.8571428571428571
152 3 7 256 10 7 1.0
153 4 7 256 10 7 1.0
153 6 0 256 3 0 0.0
154 3 5 256 8 5 0.7142857142857143
155 4 7 256 10 7 1.0
156 4 5 256 8 5 0.7142857142857143
157 2 7 256 10 7 1.0
157 7 5 256 8 5 0.7142857142857143
157 9 4 256 7 4 0.5714285714285714
158 2 7 256 10 7 1.0
159 5 5 256 8 5 0.7142857142857143
159 2 7 256 10 7 1.0
160 1 7 256 10 7 1.0
161 4 7 256 10 7 1.0
162 7 5 256 8 5 0.7142857142857143
162 3 7 256 10 7 1.0
163 3 7 256 10 7 1.0
163 5 6 256 9 6 0.8571428571428571
164 3 7 256 10 7 1.0
165 4 7 256 10 7 1.0
166 3 7 256 10 7 1.0
166 8 6 256 9 6 0.8571428571428571
167 4 5 256 8 5 0.7142857142857143
168 3 7 256 10 7 1.0
168 9 5 256 8 5 0.7142857142857143
169 2 7 256 10 7 1.0
169 5 5 256 8 5 0.7142857142857143
170 4 7 256 10 7 1.0
170 5 0 256 3 0 0.0
171 3 7 256 10 7 1.0
172 2 7 256 10 7 1.0
172 6 0 256 3 0 0.0
173 3 7 256 10 7 1.0
173 4 6 256 9 6 0.8571428571428571
174 4 7 256 10 7 1.0
174 5 6 256 9 6 0.8571428571428571
175 3 7 256 10 7 1.0
175 6 6 256 9 6 0.8571428571428571
176 2 7 256 10 7 1.0
177 4 6 256 9 6 0.8571428571428571
177 2 7 256 10 7 1.0
178 3 7 256 10 7 1.0
178 8 0 256 3 0 0.0
179 3 7 256 10 7 1.0
179 6 5 256 8 5 0.7142857142857143
180 3 7 256 10 7 1.0
181 5 5 256 8 5 0.7142857142857143
181 2 7 256 10 7 1.0
181 7 0 256 3 0 0.0
182 5 5 256 8 5 0.7142857142857143
182 2 7 256 10 7 1.0
183 6 6 256 9 6 0.8571428571428571
183 2 7 256 10 7 1.0
184 4 7 256 10 7 1.0
184 6 5 256 8 5 0.7142857142857143
185 4 7 256 10 7 1.0
186 2 7 256 10 7 1.0
187 6 6 256 9 6 0.8571428571428571
187 2 7 256 10 7 1.0
188 5 0 256 3 0 0.0
188 3 7 256 10 7 1.0
189 2 7 256 10 7 1.0
189 6 0 256 3 0 0.0
190 4 6 256 9 6 0.8571428571428571
190 6 5 256 8 5 0.7142857142857143
191 7 0 256 3 0 0.0
191 3 7 256 10 7 1.0
192 7 6 256 9 6 0.8571428571428571
192 0 7 256 10 7 1.0
193 4 6 256 9 6 0.8571428571428571
193 2 7 256 10 7 1.0
194 4 5 256 8 5 0.7142857142857143
194 2 7 256 10 7 1.0
195 4 7 256 10 7 1.0
195 6 6 256 9 6 0.8571428571428571
196 3 7 256 10 7 1.0
196 5 0 256 3 0 0.0
197 4 7 256 10 7 1.0
197 6 5 256 8 5 0.7142857142857143
197 5 6 256 9 6 0.8571428571428571
198 2 6 256 9 6 0.8571428571428571
198 7 5 256 8 5 0.7142857142857143
199 3 7 256 10 7 1.0
199 7 6 256 9 6 0.8571428571428571
200 4 5 256 8 5 0.7142857142857143
201 2 7 256 10 7 1.0
201 7 0 256 3 0 0.0
202 3 7 256 10 7 1.0
203 2 7 256 10 7 1.0
204 6 6 256 9 6 0.8571428571428571
204 3 7 256 10 7 1.0
205 2 7 256 10 7 1.0
206 6 0 256 3 0 0.0
206 4 7 256 10 7 1.0
207 2 7 256 10 7 1.0
207 6 5 256 8 5 0.7142857142857143
208 4 7 256 10 7 1.0
208 5 6 256 9 6 0.8571428571428571
209 2 7 256 10 7 1.0
209 4 5 256 8 5 0.7142857142857143
210 3 7 256 10 7 1.0
211 5 7 256 10 7 1.0
211 7 5 256 8 5 0.7142857142857143
212 2 7 256 10 7 1.0
213 4 7 256 10 7 1.0
213 6 0 256 3 0 0.0
214 4 5 256 8 5 0.7142857142857143
215 4 7 256 10 7 1.0
216 4 7 256 10 7 1.0
216 6 6 256 9 6 0.8571428571428571
217 2 7 256 10 7 1.0
217 3 6 256 9 6 0.8571428571428571
218 6 5 256 8 5 0.7142857142857143
218 2 7 256 10 7 1.0
219 0 7 256 10 7 1.0
220 6 6 256 9 6 0.8571428571428571
220 3 7 256 10 7 1.0
221 4 0 256 3 0 0.0
222 2 7 256 10 7 1.0
223 6 6 256 9 6 0.8571428571428571
223 2 7 256 10 7 1.0
224 4 0 256 3 0 0.0
225 4 7 256 10 7 1.0
225 6 4 256 7 4 0.5714285714285714
226 1 7 256 10 7 1.0
227 5 0 256 3 0 0.0
227 1 7 256 10 7 1.0
228 3 7 256 10 7 1.0
228 5 6 256 9 6 0.8571428571428571
229 1 7 256 10 7 1.0
230 3 7 256 10 7 1.0
231 3 7 256 10 7 1.0
232 3 7 256 10 7 1.0
232 5 5 256 8 5 0.7142857142857143
233 7 6 256 9 6 0.8571428571428571
233 4 7 256 10 7 1.0
234 2 7 256 10 7 1.0
235 5 6 256 9 6 0.8571428571428571
235 3 7 256 10 7 1.0
236 4 5 256 8 5 0.7142857142857143
237 4 0 256 3 0 0.0
237 1 7 256 10 7 1.0
237 3 6 256 9 6 0.8571428571428571
238 3 7 256 10 7 1.0
238 4 6 256 9 6 0.8571428571428571
239 1 7 256 10 7 1.0
240 2 7 256 10 7 1.0
240 4 6 256 9 6 0.8571428571428571
241 2 7 256 10 7 1.0
241 7 6 256 9 6 0.8571428571428571
242 4 0 256 3 0 0.0
242 3 7 256 10 7 1.0
243 2 7 256 10 7 1.0
244 6 6 256 9 6 0.8571428571428571
244 3 7 256 10 7 1.0
245 4 7 256 10 7 1.0
246 3 7 256 10 7 1.0
247 4 7 256 10 7 1.0
247 7 5 256 8 5 0.7142857142857143
247 5 6 256 9 6 0.8571428571428571
248 4 0 256 3 0 0.0
248 3 7 256 10 7 1.0
249 4 7 256 10 7 1.0
250 3 7 256 10 7 1.0
251 3 7 256 10 7 1.0
252 7 5 256 8 5 0.7142857142857143
252 2 7 256 10 7 1.0
253 2 6 256 9 6 0.8571428571428571
254 3 7 256 10 7 1.0
255 1 7 256 10 7 1.0
256 3 7 256 10 7 1.0
257 3 7 256 10 7 1.0
257 4 6 256 9 6 0.8571428571428571
258 3 7 256 10 7 1.0
259 4 5 256 8 5 0.7142857142857143
259 2 7 256 10 7 1.0
260 4 6 256 9 6 0.8571428571428571
260 3 7 256 10 7 1.0
261 2 7 256 10 7 1.0
262 2 7 256 10 7 1.0
262 6 0 256 3 0 0.0
263 4 0 256 3 0 0.0
263 2 7 256 10 7 1.0
264 3 7 256 10 7 1.0
264 4 5 256 8 5 0.7142857142857143
265 2 7 256 10 7 1.0
266 2 7 256 10 7 1.0
267 2 7 256 10 7 1.0
267 7 0 256 3 0 0.0
267 4 4 256 7 4 0.5714285714285714
268 4 7 256 10 7 1.0
268 5 5 256 8 5 0.7142857142857143
269 3 7 256 10 7 1.0
270 2 7 256 10 7 1.0
270 6 5 256 8 5 0.7142857142857143
271 3 7 256 10 7 1.0
272 2 7 256 10 7 1.0
273 3 7 256 10 7 1.0
273 5 0 256 3 0 0.0
273 4 6 256 9 6 0.8571428571428571
274 3 7 256 10 7 1.0
275 3 7 256 10 7 1.0
275 6 5 256 8 5 0.7142857142857143
276 3 0 256 3 0 0.0
277 4 7 256 10 7 1.0
277 7 4 256 7 4 0.5714285714285714
278 4 5 256 8 5 0.7142857142857143
278 2 7 256 10 7 1.0
279 5 0 256 3 0 0.0
279 4 7 256 10 7 1.0
280 4 7 256 10 7 1.0
280 7 6 256 9 6 0.8571428571428571
281 5 5 256 8 5 0.7142857142857143
281 2 7 256 10 7 1.0
282 3 7 256 10 7 1.0
283 2 7 256 10 7 1.0
284 7 6 256 9 6 0.8571428571428571
284 2 7 256 10 7 1.0
285 2 7 256 10 7 1.0
286 3 7 256 10 7 1.0
287 2 7 256 10 7 1.0
288 2 7 256 10 7 1.0
289 4 7 256 10 7 1.0
290 2 7 256 10 7 1.0
291 3 7 256 10 7 1.0
292 3 5 256 8 5 0.7142857142857143
293 3 7 256 10 7 1.0
294 3 7 256 10 7 1.0
295 2 7 256 10 7 1.0
295 8 5 256 8 5 0.7142857142857143
295 6 6 256 9 6 0.8571428571428571
296 2 7 256 10 7 1.0
296 6 0 256 3 0 0.0
297 5 5 256 8 5 0.7142857142857143
297 3 6 256 9 6 0.8571428571428571
298 3 7 256 10 7 1.0
299 3 7 256 10 7 1.0
300 4 7 256 10 7 1.0
301 3 7 256 10 7 1.0
301 5 6 256 9 6 0.8571428571428571
302 1 7 256 10 7 1.0
302 3 0 256 3 0 0.0
303 9 5 256 8 5 0.7142857142857143
303 2 7 256 10 7 1.0
304 1 7 256 10 7 1.0
304 5 6 256 9 6 0.8571428571428571
305 4 7 256 10 7 1.0
305 5 0 256 3 0 0.0
306 2 7 256 10 7 1.0
307 2 7 256 10 7 1.0
307 5 6 256 9 6 0.8571428571428571
308 2 7 256 10 7 1.0
309 4 7 256 10 7 1.0
309 5 5 256 8 5 0.7142857142857143
310 2 7 256 10 7 1.0
311 2 7 256 10 7 1.0
312 4 7 256 10 7 1.0
312 5 0 256 3 0 0.0
313 4 7 256 10 7 1.0
314 5 5 256 8 5 0.7142857142857143
314 2 7 256 10 7 1.0
315 3 7 256 10 7 1.0
315 6 6 256 9 6 0.8571428571428571
316 3 7 256 10 7 1.0
317 7 5 256 8 5 0.7142857142857143
317 3 7 256 10 7 1.0
318 3 7 256 10 7 1.0
319 5 6 256 9 6 0.8571428571428571
319 3 7 256 10 7 1.0
320 3 6 256 9 6 0.8571428571428571
320 1 7 256 10 7 1.0
321 7 6 256 9 6 0.8571428571428571
321 2 7 256 10 7 1.0
322 2 7 256 10 7 1.0
323 3 7 256 10 7 1.0
323 7 5 256 8 5 0.7142857142857143
324 4 7 256 10 7 1.0
324 5 6 256 9 6 0.8571428571428571
324 6 0 256 3 0 0.0
325 4 7 256 10 7 1.0
326 1 7 256 10 7 1.0
327 1 7 256 10 7 1.0
327 6 6 256 9 6 0.8571428571428571
328 7 0 256 3 0 0.0
328 4 7 256 10 7 1.0
329 1 7 256 10 7 1.0
330 5 5 256 8 5 0.7142857142857143
330 4 6 256 9 6 0.8571428571428571
330 3 7 256 10 7 1.0
331 5 6 256 9 6 0.8571428571428571
331 1 7 256 10 7 1.0
332 3 7 256 10 7 1.0
332 7 5 256 8 5 0.7142857142857143
333 3 5 256 8 5 0.7142857142857143
334 2 7 256 10 7 1.0
334 3 6 256 9 6 0.8571428571428571
335 7 6 256 9 6 0.8571428571428571
335 2 7 256 10 7 1.0
336 8 5 256 8 5 0.7142857142857143
336 3 7 256 10 7 1.0
337 2 7 256 10 7 1.0
337 5 5 256 8 5 0.7142857142857143
338 3 7 256 10 7 1.0
339 4 7 256 10 7 1.0
340 8 6 256 9 6 0.8571428571428571
340 1 7 256 10 7 1.0
341 5 6 256 9 6 0.8571428571428571
341 4 7 256 10 7 1.0
342 3 7 256 10 7 1.0
343 4 7 256 10 7 1.0
343 5 6 256 9 6 0.8571428571428571
344 3 0 256 3 0 0.0
345 2 7 256 10 7 1.0
346 4 7 256 10 7 1.0
347 4 5 256 8 5 0.7142857142857143
347 1 7 256 10 7 1.0
348 3 7 256 10 7 1.0
348 6 6 256 9 6 0.8571428571428571
349 5 5 256 8 5 0.7142857142857143
349 2 7 256 10 7 1.0
349 4 6 256 9 6 0.8571428571428571
350 3 7 256 10 7 1.0
350 6 5 256 8 5 0.7142857142857143
350 9 0 256 3 0 0.0
351 4 7 256 10 7 1.0
352 2 7 256 10 7 1.0
352 5 6 256 9 6 0.8571428571428571
353 5 0 256 3 0 0.0
353 3 7 256 10 7 1.0
354 4 7 256 10 7 1.0
354 5 5 256 8 5 0.7142857142857143
355 2 7 256 10 7 1.0
355 3 6 256 9 6 0.8571428571428571
356 1 7 256 10 7 1.0
356 3 6 256 9 6 0.8571428571428571
357 5 6 256 9 6 0.8571428571428571
357 3 7 256 10 7 1.0
358 3 7 256 10 7 1.0
358 4 6 256 9 6 0.8571428571428571
359 6 6 256 9 6 0.8571428571428571
359 3 7 256 10 7 1.0
360 2 7 256 10 7 1.0
360 6 6 256 9 6 0.8571428571428571
361 3 0 256 3 0 0.0
362 3 7 256 10 7 1.0
363 7 0 256 3 0 0.0
363 3 7 256 10 7 1.0
364 3 7 256 10 7 1.0
364 6 6 256 9 6 0.8571428571428571
365 1 7 256 10 7 1.0
366 4 5 256 8 5 0.7142857142857143
367 8 5 256 8 5 0.7142857142857143
367 2 7 256 10 7 1.0
368 3 7 256 10 7 1.0
368 4 6 256 9 6 0.8571428571428571
369 3 7 256 10 7 1.0
369 6 6 256 9 6 0.8571428571428571
370 2 7 256 10 7 1.0
370 9 5 256 8 5 0.7142857142857143
371 2 7 256 10 7 1.0
371 3 6 256 9 6 0.8571428571428571
371 8 0 256 3 0 0.0
372 1 7 256 10 7 1.0
373 3 7 256 10 7 1.0
373 5 5 256 8 5 0.7142857142857143
374 1 7 256 10 7 1.0
374 8 6 256 9 6 0.8571428571428571
375 2 7 256 10 7 1.0
376 3 7 256 10 7 1.0
376 6 5 256 8 5 0.7142857142857143
377 6 5 256 8 5 0.7142857142857143
377 3 7 256 10 7 1.0
378 5 0 256 3 0 0.0
378 4 7 256 10 7 1.0
379 2 7 256 10 7 1.0
380 1 7 256 10 7 1.0
381 3 7 256 10 7 1.0
381 7 5 256 8 5 0.7142857142857143
382 7 5 256 8 5 0.7142857142857143
382 2 7 256 10 7 1.0
383 6 0 256 3 0 0.0
383 3 7 256 10 7 1.0
384 2 7 256 10 7 1.0
384 6 6 256 9 6 0.8571428571428571
385 3 7 256 10 7 1.0
385 8 0 256 3 0 0.0
385 4 6 256 9 6 0.8571428571428571
386 1 5 256 8 5 0.7142857142857143
387 7 0 256 3 0 0.0
387 3 6 256 9 6 0.8571428571428571
387 2 7 256 10 7 1.0
388 5 0 256 3 0 0.0
388 1 7 256 10 7 1.0
389 7 6 256 9 6 0.8571428571428571
389 1 7 256 10 7 1.0
390 7 0 256 3 0 0.0
390 3 7 256 10 7 1.0
391 1 7 256 10 7 1.0
391 7 5 256 8 5 0.7142857142857143
392 3 7 256 10 7 1.0
393 5 5 256 8 5 0.7142857142857143
393 4 7 256 10 7 1.0
394 3 7 256 10 7 1.0
394 5 5 256 8 5 0.7142857142857143
395 3 7 256 10 7 1.0
395 4 5 256 8 5 0.7142857142857143
396 2 7 256 10 7 1.0
397 2 7 256 10 7 1.0
397 3 6 256 9 6 0.8571428571428571
398 3 7 256 10 7 1.0
399 3 7 256 10 7 1.0
399 4 5 256 8 5 0.7142857142857143
400 3 6 256 9 6 0.8571428571428571
400 2 7 256 10 7 1.0
401 3 7 256 10 7 1.0
401 4 6 256 9 6 0.8571428571428571
402 3 7 256 10 7 1.0
402 7 5 256 8 5 0.7142857142857143
403 2 7 256 10 7 1.0
403 5 5 256 8 5 0.7142857142857143
404 3 7 256 10 7 1.0
405 4 7 256 10 7 1.0
406 6 5 256 8 5 0.7142857142857143
406 4 6 256 9 6 0.8571428571428571
407 6 5 256 8 5 0.7142857142857143
407 4 7 256 10 7 1.0
407 5 6 256 9 6 0.8571428571428571
408 6 6 256 9 6 0.8571428571428571
408 3 7 256 10 7 1.0
409 2 7 256 10 7 1.0
410 4 7 256 10 7 1.0
411 1 7 256 10 7 1.0
411 7 6 256 9 6 0.8571428571428571
412 1 7 256 10 7 1.0
412 5 6 256 9 6 0.8571428571428571
413 4 6 256 9 6 0.8571428571428571
413 3 7 256 10 7 1.0
413 8 0 256 3 0 0.0
414 4 5 256 8 5 0.7142857142857143
415 7 5 256 8 5 0.7142857142857143
415 3 6 256 9 6 0.8571428571428571
416 2 7 256 10 7 1.0
416 7 5 256 8 5 0.7142857142857143
417 2 7 256 10 7 1.0
418 6 5 256 8 5 0.7142857142857143
418 3 7 256 10 7 1.0
419 1 7 256 10 7 1.0
419 7 4 256 7 4 0.5714285714285714
420 2 7 256 10 7 1.0
420 6 0 256 3 0 0.0
421 1 7 256 10 7 1.0
421 5 5 256 8 5 0.7142857142857143
422 3 0 256 3 0 0.0
423 3 7 256 10 7 1.0
423 8 0 256 3 0 0.0
423 4 5 256 8 5 0.7142857142857143
424 3 7 256 10 7 1.0
425 3 6 256 9 6 0.8571428571428571
426 3 7 256 10 7 1.0
427 5 5 256 8 5 0.7142857142857143
427 3 7 256 10 7 1.0
428 2 7 256 10 7 1.0
429 3 7 256 10 7 1.0
430 4 5 256 8 5 0.7142857142857143
430 1 6 256 9 6 0.8571428571428571
431 5 6 256 9 6 0.8571428571428571
431 3 7 256 10 7 1.0
432 6 0 256 3 0 0.0
432 1 7 256 10 7 1.0
433 6 5 256 8 5 0.7142857142857143
433 2 7 256 10 7 1.0
434 6 5 256 8 5 0.7142857142857143
434 2 7 256 10 7 1.0
435 3 7 256 10 7 1.0
435 8 5 256 8 5 0.7142857142857143
436 3 7 256 10 7 1.0
437 3 7 256 10 7 1.0
438 4 7 256 10 7 1.0
438 7 6 256 9 6 0.8571428571428571
439 3 7 256 10 7 1.0
440 2 7 256 10 7 1.0
441 3 7 256 10 7 1.0
441 6 5 256 8 5 0.7142857142857143
442 3 7 256 10 7 1.0
442 6 6 256 9 6 0.8571428571428571
443 7 5 256 8 5 0.7142857142857143
443 3 7 256 10 7 1.0
444 1 5 256 8 5 0.7142857142857143
445 4 7 256 10 7 1.0
446 3 7 256 10 7 1.0
446 8 0 256 3 0 0.0
447 3 7 256 10 7 1.0
447 7 0 256 3 0 0.0
448 2 7 256 10 7 1.0
448 4 6 256 9 6 0.8571428571428571
449 6 0 256 3 0 0.0
449 2 7 256 10 7 1.0
450 2 7 256 10 7 1.0
450 6 6 256 9 6 0.8571428571428571
451 3 7 256 10 7 1.0
451 6 0 256 3 0 0.0
451 4 6 256 9 6 0.8571428571428571
452 4 7 256 10 7 1.0
453 3 7 256 10 7 1.0
454 9 5 256 8 5 0.7142857142857143
454 3 7 256 10 7 1.0
454 6 6 256 9 6 0.8571428571428571
455 4 7 256 10 7 1.0
455 8 0 256 3 0 0.0
456 3 7 256 10 7 1.0
457 3 5 256 8 5 0.7142857142857143
458 3 6 256 9 6 0.8571428571428571
458 2 7 256 10 7 1.0
459 4 6 256 9 6 0.8571428571428571
459 6 0 256 3 0 0.0
460 4 7 256 10 7 1.0
461 3 7 256 10 7 1.0
461 7 5 256 8 5 0.7142857142857143
461 5 6 256 9 6 0.8571428571428571
462 7 6 256 9 6 0.8571428571428571
462 4 7 256 10 7 1.0
463 2 7 256 10 7 1.0
463 6 5 256 8 5 0.7142857142857143
464 2 7 256 10 7 1.0
464 5 5 256 8 5 0.7142857142857143
465 3 7 256 10 7 1.0
466 5 6 256 9 6 0.8571428571428571
466 3 7 256 10 7 1.0
467 3 7 256 10 7 1.0
467 6 0 256 3 0 0.0
468 1 7 256 10 7 1.0
468 5 6 256 9 6 0.8571428571428571
469 5 0 256 3 0 0.0
470 5 4 256 7 4 0.5714285714285714
470 2 7 256 10 7 1.0
471 4 6 256 9 6 0.8571428571428571
471 3 7 256 10 7 1.0
472 3 7 256 10 7 1.0
473 5 6 256 9 6 0.8571428571428571
473 2 7 256 10 7 1.0
474 7 6 256 9 6 0.8571428571428571
474 2 7 256 10 7 1.0
475 3 7 256 10 7 1.0
476 1 7 256 10 7 1.0
477 2 7 256 10 7 1.0
478 1 7 256 10 7 1.0
479 5 6 256 9 6 0.8571428571428571
479 1 7 256 10 7 1.0
480 4 7 256 10 7 1.0
481 3 7 256 10 7 1.0
481 5 5 256 8 5 0.7142857142857143
482 4 7 256 10 7 1.0
483 3 0 256 3 0 0.0
484 4 0 256 3 0 0.0
484 2 7 256 10 7 1.0
485 5 6 256 9 6 0.8571428571428571
485 2 7 256 10 7 1.0
486 4 6 256 9 6 0.8571428571428571
486 6 0 256 3 0 0.0
487 4 7 256 10 7 1.0
488 3 7 256 10 7 1.0
488 5 5 256 8 5 0.7142857142857143
489 3 7 256 10 7 1.0
489 6 6 256 9 6 0.8571428571428571
490 5 6 256 9 6 0.8571428571428571
490 2 7 256 10 7 1.0
491 2 7 256 10 7 1.0
491 7 6 256 9 6 0.8571428571428571
492 5 5 256 8 5 0.7142857142857143
492 2 7 256 10 7 1.0
493 3 7 256 10 7 1.0
493 5 5 256 8 5 0.7142857142857143
494 2 7 256 10 7 1.0
494 6 6 256 9 6 0.8571428571428571
495 1 7 256 10 7 1.0
496 2 7 256 10 7 1.0
496 5 6 256 9 6 0.8571428571428571
497 6 6 256 9 6 0.8571428571428571
497 2 7 256 10 7 1.0
498 5 5 256 8 5 0.7142857142857143
498 3 7 256 10 7 1.0
499 2 7 256 10 7 1.0
499 6 0 256 3 0 0.0
500 6 5 256 8 5 0.7142857142857143
500 3 7 256 10 7 1.0
501 2 7 256 10 7 1.0
502 3 7 256 10 7 1.0
502 6 5 256 8 5 0.7142857142857143
503 5 5 256 8 5 0.7142857142857143
503 1 7 256 10 7 1.0
503 4 6 256 9 6 0.8571428571428571
504 3 7 256 10 7 1.0
504 4 5 256 8 5 0.7142857142857143
505 4 7 256 10 7 1.0
506 4 7 256 10 7 1.0
507 2 7 256 10 7 1.0
507 3 6 256 9 6 0.8571428571428571
508 4 5 256 8 5 0.7142857142857143
508 3 7 256 10 7 1.0
509 4 7 256 10 7 1.0
510 2 7 256 10 7 1.0
510 6 6 256 9 6 0.8571428571428571
511 3 7 256 10 7 1.0
511 5 5 256 8 5 0.7142857142857143
512 3 7 256 10 7 1.0
512 4 5 256 8 5 0.7142857142857143
513 4 7 256 10 7 1.0
514 7 6 256 9 6 0.8571428571428571
514 2 7 256 10 7 1.0
515 7 0 256 3 0 0.0
515 3 7 256 10 7 1.0
516 5 5 256 8 5 0.7142857142857143
516 2 7 256 10 7 1.0
517 2 7 256 10 7 1.0
517 8 5 256 8 5 0.7142857142857143
517 5 6 256 9 6 0.8571428571428571
518 4 6 256 9 6 0.8571428571428571
518 1 7 256 10 7 1.0
519 3 7 256 10 7 1.0
520 3 7 256 10 7 1.0
520 7 5 256 8 5 0.7142857142857143
521 5 6 256 9 6 0.8571428571428571
521 2 7 256 10 7 1.0
522 9 6 256 9 6 0.8571428571428571
522 2 7 256 10 7 1.0
523 3 7 256 10 7 1.0
524 4 6 256 9 6 0.8571428571428571
524 3 7 256 10 7 1.0
525 3 7 256 10 7 1.0
525 5 6 256 9 6 0.8571428571428571
525 6 0 256 3 0 0.0
526 2 7 256 10 7 1.0
526 5 6 256 9 6 0.8571428571428571
526 6 5 256 8 5 0.7142857142857143
527 4 7 256 10 7 1.0
528 4 6 256 9 6 0.8571428571428571
529 2 7 256 10 7 1.0
530 3 7 256 10 7 1.0
531 3 7 256 10 7 1.0
531 4 5 256 8 5 0.7142857142857143
532 4 7 256 10 7 1.0
532 5 5 256 8 5 0.7142857142857143
533 3 7 256 10 7 1.0
533 5 5 256 8 5 0.7142857142857143
534 4 7 256 10 7 1.0
534 5 6 256 9 6 0.8571428571428571
535 5 0 256 3 0 0.0
535 4 7 256 10 7 1.0
536 4 7 256 10 7 1.0
537 3 7 256 10 7 1.0
538 2 6 256 9 6 0.8571428571428571
538 0 7 256 10 7 1.0
539 3 7 256 10 7 1.0
540 3 7 256 10 7 1.0
541 2 7 256 10 7 1.0
541 5 5 256 8 5 0.7142857142857143
542 1 7 256 10 7 1.0
542 5 5 256 8 5 0.7142857142857143
543 1 7 256 10 7 1.0
544 3 7 256 10 7 1.0
545 2 7 256 10 7 1.0
546 6 5 256 8 5 0.7142857142857143
546 3 7 256 10 7 1.0
547 3 7 256 10 7 1.0
547 5 5 256 8 5 0.7142857142857143
548 3 7 256 10 7 1.0
548 4 6 256 9 6 0.8571428571428571
549 5 4 256 7 4 0.5714285714285714
549 2 7 256 10 7 1.0
550 3 7 256 10 7 1.0
551 3 7 256 10 7 1.0
551 7 0 256 3 0 0.0
552 1 7 256 10 7 1.0
552 5 6 256 9 6 0.8571428571428571
553 6 6 256 9 6 0.8571428571428571
553 1 7 256 10 7 1.0
554 2 7 256 10 7 1.0
554 4 5 256 8 5 0.7142857142857143
555 3 7 256 10 7 1.0
556 3 6 256 9 6 0.8571428571428571
556 6 5 256 8 5 0.7142857142857143
557 3 7 256 10 7 1.0
557 7 5 256 8 5 0.7142857142857143
558 4 7 256 10 7 1.0
558 6 5 256 8 5 0.7142857142857143
559 5 5 256 8 5 0.7142857142857143
560 7 0 256 3 0 0.0
560 4 7 256 10 7 1.0
561 6 5 256 8 5 0.7142857142857143
561 2 7 256 10 7 1.0
562 1 0 256 3 0 0.0
563 1 7 256 10 7 1.0
564 2 7 256 10 7 1.0
564 6 0 256 3 0 0.0
565 2 7 256 10 7 1.0
566 3 7 256 10 7 1.0
566 7 5 256 8 5 0.7142857142857143
566 6 6 256 9 6 0.8571428571428571
567 1 7 256 10 7 1.0
567 5 6 256 9 6 0.8571428571428571
568 7 5 256 8 5 0.7142857142857143
568 4 7 256 10 7 1.0
569 4 7 256 10 7 1.0
569 8 0 256 3 0 0.0
570 4 7 256 10 7 1.0
571 3 7 256 10 7 1.0
571 7 0 256 3 0 0.0
571 5 6 256 9 6 0.8571428571428571
572 6 6 256 9 6 0.8571428571428571
572 3 7 256 10 7 1.0
573 5 5 256 8 5 0.7142857142857143
573 4 7 256 10 7 1.0
574 4 5 256 8 5 0.7142857142857143
575 2 7 256 10 7 1.0
575 5 6 256 9 6 0.8571428571428571
576 3 7 256 10 7 1.0
577 3 5 256 8 5 0.7142857142857143
578 2 7 256 10 7 1.0
578 8 5 256 8 5 0.7142857142857143
579 4 5 256 8 5 0.7142857142857143
579 2 7 256 10 7 1.0
580 3 7 256 10 7 1.0
581 2 7 256 10 7 1.0
582 3 7 256 10 7 1.0
583 3 7 256 10 7 1.0
584 4 7 256 10 7 1.0
585 3 7 256 10 7 1.0
585 4 6 256 9 6 0.8571428571428571
586 5 6 256 9 6 0.8571428571428571
586 4 7 256 10 7 1.0
587 2 7 256 10 7 1.0
588 4 7 256 10 7 1.0
589 2 7 256 10 7 1.0
589 5 0 256 3 0 0.0
590 7 0 256 3 0 0.0
590 3 7 256 10 7 1.0
591 3 7 256 10 7 1.0
591 5 5 256 8 5 0.7142857142857143
592 1 7 256 10 7 1.0
592 2 0 256 3 0 0.0
593 5 6 256 9 6 0.8571428571428571
593 3 7 256 10 7 1.0
594 3 7 256 10 7 1.0
594 5 0 256 3 0 0.0
595 6 5 256 8 5 0.7142857142857143
595 3 7 256 10 7 1.0
596 4 7 256 10 7 1.0
597 2 7 256 10 7 1.0
598 4 5 256 8 5 0.7142857142857143
598 3 7 256 10 7 1.0
599 3 7 256 10 7 1.0
600 7 0 256 3 0 0.0
600 4 7 256 10 7 1.0
600 5 6 256 9 6 0.8571428571428571
601 4 0 256 3 0 0.0
602 3 7 256 10 7 1.0
602 6 6 256 9 6 0.8571428571428571
603 6 6 256 9 6 0.8571428571428571
603 2 7 256 10 7 1.0
604 3 7 256 10 7 1.0
605 7 6 256 9 6 0.8571428571428571
605 4 7 256 10 7 1.0
606 3 7 256 10 7 1.0
606 4 5 256 8 5 0.7142857142857143
607 3 7 256 10 7 1.0
608 2 7 256 10 7 1.0
609 2 7 256 10 7 1.0
609 5 5 256 8 5 0.7142857142857143
610 5 5 256 8 5 0.7142857142857143
610 2 7 256 10 7 1.0
610 6 0 256 3 0 0.0
611 3 0 256 3 0 0.0
612 4 6 256 9 6 0.8571428571428571
612 5 5 256 8 5 0.7142857142857143
612 2 7 256 10 7 1.0
613 3 7 256 10 7 1.0
614 4 7 256 10 7 1.0
614 8 5 256 8 5 0.7142857142857143
615 3 5 256 8 5 0.7142857142857143
616 3 7 256 10 7 1.0
616 6 6 256 9 6 0.8571428571428571
617 3 7 256 10 7 1.0
617 7 6 256 9 6 0.8571428571428571
618 5 5 256 8 5 0.7142857142857143
618 4 7 256 10 7 1.0
619 3 7 256 10 7 1.0
620 3 7 256 10 7 1.0
620 4 6 256 9 6 0.8571428571428571
621 2 7 256 10 7 1.0
622 1 7 256 10 7 1.0
623 4 6 256 9 6 0.8571428571428571
623 3 7 256 10 7 1.0
624 2 5 256 8 5 0.7142857142857143
625 7 5 256 8 5 0.7142857142857143
625 3 7 256 10 7 1.0
626 6 6 256 9 6 0.8571428571428571
626 1 7 256 10 7 1.0
627 3 7 256 10 7 1.0
628 3 7 256 10 7 1.0
628 5 0 256 3 0 0.0
629 9 6 256 9 6 0.8571428571428571
629 2 7 256 10 7 1.0
630 4 0 256 3 0 0.0
631 4 7 256 10 7 1.0
631 5 6 256 9 6 0.8571428571428571
631 6 5 256 8 5 0.7142857142857143
632 8 5 256 8 5 0.7142857142857143
632 1 7 256 10 7 1.0
633 3 7 256 10 7 1.0
633 4 6 256 9 6 0.8571428571428571
633 9 5 256 8 5 0.7142857142857143
634 2 7 256 10 7 1.0
634 5 0 256 3 0 0.0
635 5 4 256 7 4 0.5714285714285714
635 2 7 256 10 7 1.0
636 3 7 256 10 7 1.0
636 7 6 256 9 6 0.8571428571428571
637 2 7 256 10 7 1.0
638 4 7 256 10 7 1.0
639 1 7 256 10 7 1.0
640 2 7 256 10 7 1.0
640 3 6 256 9 6 0.8571428571428571
641 3 7 256 10 7 1.0
641 5 5 256 8 5 0.7142857142857143
642 2 7 256 10 7 1.0
643 3 7 256 10 7 1.0
643 7 0 256 3 0 0.0
643 6 6 256 9 6 0.8571428571428571
644 3 7 256 10 7 1.0
644 4 5 256 8 5 0.7142857142857143
645 7 6 256 9 6 0.8571428571428571
645 3 7 256 10 7 1.0
646 9 6 256 9 6 0.8571428571428571
646 3 7 256 10 7 1.0
647 6 0 256 3 0 0.0
647 3 7 256 10 7 1.0
648 3 5 256 8 5 0.7142857142857143
649 2 7 256 10 7 1.0
649 6 5 256 8 5 0.7142857142857143
650 4 6 256 9 6 0.8571428571428571
650 2 7 256 10 7 1.0
651 2 7 256 10 7 1.0
651 7 5 256 8 5 0.7142857142857143
652 4 5 256 8 5 0.7142857142857143
653 4 7 256 10 7 1.0
654 4 7 256 10 7 1.0
654 7 6 256 9 6 0.8571428571428571
655 2 7 256 10 7 1.0
655 3 6 256 9 6 0.8571428571428571
656 8 0 256 3 0 0.0
656 7 6 256 9 6 0.8571428571428571
656 3 7 256 10 7 1.0
657 5 6 256 9 6 0.8571428571428571
657 4 7 256 10 7 1.0
658 3 7 256 10 7 1.0
658 6 6 256 9 6 0.8571428571428571
659 2 7 256 10 7 1.0
660 5 5 256 8 5 0.7142857142857143
660 3 7 256 10 7 1.0
661 2 7 256 10 7 1.0
661 7 5 256 8 5 0.7142857142857143
662 7 5 256 8 5 0.7142857142857143
662 3 7 256 10 7 1.0
663 6 6 256 9 6 0.8571428571428571
663 2 7 256 10 7 1.0
664 3 5 256 8 5 0.7142857142857143
665 6 5 256 8 5 0.7142857142857143
665 2 7 256 10 7 1.0
666 3 7 256 10 7 1.0
666 6 4 256 7 4 0.5714285714285714
667 2 7 256 10 7 1.0
668 4 6 256 9 6 0.8571428571428571
669 4 7 256 10 7 1.0
670 4 4 256 7 4 0.5714285714285714
671 3 7 256 10 7 1.0
672 4 7 256 10 7 1.0
672 8 5 256 8 5 0.7142857142857143
673 4 5 256 8 5 0.7142857142857143
674 3 7 256 10 7 1.0
674 9 6 256 9 6 0.8571428571428571
675 4 0 256 3 0 0.0
675 3 7 256 10 7 1.0
676 3 0 256 3 0 0.0
677 8 6 256 9 6 0.8571428571428571
677 1 7 256 10 7 1.0
678 6 6 256 9 6 0.8571428571428571
678 2 7 256 10 7 1.0
679 5 0 256 3 0 0.0
679 4 5 256 8 5 0.7142857142857143
680 7 5 256 8 5 0.7142857142857143
680 3 7 256 10 7 1.0
681 4 5 256 8 5 0.7142857142857143
681 3 7 256 10 7 1.0
682 4 7 256 10 7 1.0
682 6 0 256 3 0 0.0
683 3 7 256 10 7 1.0
684 3 5 256 8 5 0.7142857142857143
684 2 7 256 10 7 1.0
685 7 5 256 8 5 0.7142857142857143
685 4 7 256 10 7 1.0
685 5 6 256 9 6 0.8571428571428571
686 3 7 256 10 7 1.0
686 7 6 256 9 6 0.8571428571428571
687 7 5 256 8 5 0.7142857142857143
687 1 7 256 10 7 1.0
688 5 6 256 9 6 0.8571428571428571
688 3 7 256 10 7 1.0
689 5 6 256 9 6 0.8571428571428571
689 3 7 256 10 7 1.0
689 7 0 256 3 0 0.0
690 2 7 256 10 7 1.0
691 3 6 256 9 6 0.8571428571428571
692 3 6 256 9 6 0.8571428571428571
693 2 7 256 10 7 1.0
693 5 5 256 8 5 0.7142857142857143
694 3 0 256 3 0 0.0
694 1 7 256 10 7 1.0
695 5 7 256 10 7 1.0
696 2 7 256 10 7 1.0
696 7 6 256 9 6 0.8571428571428571
697 3 5 256 8 5 0.7142857142857143
698 7 6 256 9 6 0.8571428571428571
698 2 7 256 10 7 1.0
699 1 7 256 10 7 1.0
700 1 7 256 10 7 1.0
701 1 7 256 10 7 1.0
702 4 7 256 10 7 1.0
702 7 5 256 8 5 0.7142857142857143
703 1 7 256 10 7 1.0
704 4 5 256 8 5 0.7142857142857143
705 4 0 256 3 0 0.0
705 3 6 256 9 6 0.8571428571428571
706 2 7 256 10 7 1.0
706 4 6 256 9 6 0.8571428571428571
707 2 7 256 10 7 1.0
708 5 5 256 8 5 0.7142857142857143
708 2 7 256 10 7 1.0
709 3 7 256 10 7 1.0
710 3 7 256 10 7 1.0
710 4 5 256 8 5 0.7142857142857143
711 8 5 256 8 5 0.7142857142857143
711 1 7 256 10 7 1.0
712 4 6 256 9 6 0.8571428571428571
712 2 7 256 10 7 1.0
713 2 7 256 10 7 1.0
713 6 6 256 9 6 0.8571428571428571
714 4 6 256 9 6 0.8571428571428571
715 4 6 256 9 6 0.8571428571428571
715 3 7 256 10 7 1.0
716 6 5 256 8 5 0.7142857142857143
716 2 7 256 10 7 1.0
717 4 6 256 9 6 0.8571428571428571
717 3 7 256 10 7 1.0
718 2 7 256 10 7 1.0
718 6 6 256 9 6 0.8571428571428571
719 3 7 256 10 7 1.0
720 3 7 256 10 7 1.0
720 6 6 256 9 6 0.8571428571428571
721 3 7 256 10 7 1.0
722 3 7 256 10 7 1.0
723 3 6 256 9 6 0.8571428571428571
724 2 7 256 10 7 1.0
725 2 7 256 10 7 1.0
726 1 7 256 10 7 1.0
726 7 5 256 8 5 0.7142857142857143
727 2 7 256 10 7 1.0
728 4 7 256 10 7 1.0
729 3 7 256 10 7 1.0
730 4 7 256 10 7 1.0
731 3 7 256 10 7 1.0
732 2 7 256 10 7 1.0
732 5 6 256 9 6 0.8571428571428571
733 2 7 256 10 7 1.0
733 5 0 256 3 0 0.0
734 3 7 256 10 7 1.0
735 3 7 256 10 7 1.0
736 4 7 256 10 7 1.0
737 3 7 256 10 7 1.0
737 5 0 256 3 0 0.0
738 4 7 256 10 7 1.0
738 6 0 256 3 0 0.0
739 3 7 256 10 7 1.0
739 5 6 256 9 6 0.8571428571428571
740 2 7 256 10 7 1.0
741 2 7 256 10 7 1.0
742 5 5 256 8 5 0.7142857142857143
742 4 7 256 10 7 1.0
743 5 6 256 9 6 0.8571428571428571
743 1 7 256 10 7 1.0
744 2 7 256 10 7 1.0
744 3 6 256 9 6 0.8571428571428571
745 2 7 256 10 7 1.0
745 5 6 256 9 6 0.8571428571428571
746 4 7 256 10 7 1.0
747 2 7 256 10 7 1.0
748 2 7 256 10 7 1.0
748 7 5 256 8 5 0.7142857142857143
749 2 7 256 10 7 1.0
749 6 5 256 8 5 0.7142857142857143
750 3 7 256 10 7 1.0
751 2 7 256 10 7 1.0
752 3 7 256 10 7 1.0
752 8 5 256 8 5 0.7142857142857143
753 3 7 256 10 7 1.0
753 7 6 256 9 6 0.8571428571428571
754 2 7 256 10 7 1.0
754 7 6 256 9 6 0.8571428571428571
755 2 7 256 10 7 1.0
756 9 5 256 8 5 0.7142857142857143
756 2 7 256 10 7 1.0
757 6 6 256 9 6 0.8571428571428571
757 3 7 256 10 7 1.0
758 3 7 256 10 7 1.0
759 4 5 256 8 5 0.7142857142857143
760 1 7 256 10 7 1.0
761 3 7 256 10 7 1.0
761 8 5 256 8 5 0.7142857142857143
762 4 7 256 10 7 1.0
763 2 7 256 10 7 1.0
763 6 6 256 9 6 0.8571428571428571
764 2 7 256 10 7 1.0
765 2 7 256 10 7 1.0
766 4 7 256 10 7 1.0
767 4 7 256 10 7 1.0
767 8 5 256 8 5 0.7142857142857143
768 5 6 256 9 6 0.8571428571428571
768 2 7 256 10 7 1.0
769 4 7 256 10 7 1.0
770 1 7 256 10 7 1.0
771 5 6 256 9 6 0.8571428571428571
771 2 7 256 10 7 1.0
772 2 7 256 10 7 1.0
772 7 6 256 9 6 0.8571428571428571
773 3 7 256 10 7 1.0
774 2 7 256 10 7 1.0
774 5 6 256 9 6 0.8571428571428571
775 1 7 256 10 7 1.0
776 3 6 256 9 6 0.8571428571428571
777 3 7 256 10 7 1.0
777 5 0 256 3 0 0.0
778 4 5 256 8 5 0.7142857142857143
778 3 7 256 10 7 1.0
779 2 7 256 10 7 1.0
779 7 6 256 9 6 0.8571428571428571
780 6 6 256 9 6 0.8571428571428571
780 2 7 256 10 7 1.0
781 3 6 256 9 6 0.8571428571428571
782 4 7 256 10 7 1.0
782 7 5 256 8 5 0.7142857142857143
783 3 7 256 10 7 1.0
784 3 7 256 10 7 1.0
784 4 6 256 9 6 0.8571428571428571
785 4 7 256 10 7 1.0
786 2 7 256 10 7 1.0
786 6 0 256 3 0 0.0
787 2 7 256 10 7 1.0
788 5 5 256 8 5 0.7142857142857143
788 2 7 256 10 7 1.0
789 3 7 256 10 7 1.0
789 4 5 256 8 5 0.7142857142857143
790 4 7 256 10 7 1.0
790 6 6 256 9 6 0.8571428571428571
791 2 7 256 10 7 1.0
791 3 6 256 9 6 0.8571428571428571
792 3 7 256 10 7 1.0
792 4 6 256 9 6 0.8571428571428571
793 4 7 256 10 7 1.0
794 4 6 256 9 6 0.8571428571428571
794 2 7 256 10 7 1.0
794 8 5 256 8 5 0.7142857142857143
795 3 7 256 10 7 1.0
796 3 7 256 10 7 1.0
796 4 0 256 3 0 0.0
797 2 7 256 10 7 1.0
797 5 5 256 8 5 0.7142857142857143
798 2 7 256 10 7 1.0
799 2 7 256 10 7 1.0
799 5 6 256 9 6 0.8571428571428571
800 4 7 256 10 7 1.0
801 4 5 256 8 5 0.7142857142857143
801 2 7 256 10 7 1.0
802 3 7 256 10 7 1.0
802 6 6 256 9 6 0.8571428571428571
802 7 5 256 8 5 0.7142857142857143
803 3 7 256 10 7 1.0
804 3 7 256 10 7 1.0
804 7 6 256 9 6 0.8571428571428571
805 2 7 256 10 7 1.0
806 6 6 256 9 6 0.8571428571428571
806 4 7 256 10 7 1.0
806 7 0 256 3 0 0.0
807 4 7 256 10 7 1.0
808 5 6 256 9 6 0.8571428571428571
808 3 7 256 10 7 1.0
809 1 7 256 10 7 1.0
810 1 7 256 10 7 1.0
810 2 5 256 8 5 0.7142857142857143
811 3 7 256 10 7 1.0
812 2 7 256 10 7 1.0
812 7 5 256 8 5 0.7142857142857143
813 3 7 256 10 7 1.0
814 2 7 256 10 7 1.0
815 1 7 256 10 7 1.0
816 4 7 256 10 7 1.0
817 7 6 256 9 6 0.8571428571428571
817 2 7 256 10 7 1.0
818 3 7 256 10 7 1.0
818 4 0 256 3 0 0.0
819 3 6 256 9 6 0.8571428571428571
820 7 5 256 8 5 0.7142857142857143
820 2 7 256 10 7 1.0
821 3 7 256 10 7 1.0
821 6 0 256 3 0 0.0
822 5 6 256 9 6 0.8571428571428571
822 1 7 256 10 7 1.0
823 2 7 256 10 7 1.0
824 2 7 256 10 7 1.0
824 5 0 256 3 0 0.0
825 6 5 256 8 5 0.7142857142857143
825 3 7 256 10 7 1.0
826 4 5 256 8 5 0.7142857142857143
826 3 7 256 10 7 1.0
827 6 0 256 3 0 0.0
827 1 7 256 10 7 1.0
827 5 5 256 8 5 0.7142857142857143
828 2 7 256 10 7 1.0
828 6 0 256 3 0 0.0
829 3 6 256 9 6 0.8571428571428571
830 5 6 256 9 6 0.8571428571428571
830 3 7 256 10 7 1.0
831 2 7 256 10 7 1.0
832 4 6 256 9 6 0.8571428571428571
832 3 7 256 10 7 1.0
833 1 7 256 10 7 1.0
834 4 6 256 9 6 0.8571428571428571
834 3 7 256 10 7 1.0
835 3 7 256 10 7 1.0
835 6 0 256 3 0 0.0
836 3 7 256 10 7 1.0
837 0 7 256 10 7 1.0
838 6 6 256 9 6 0.8571428571428571
838 3 7 256 10 7 1.0
838 7 5 256 8 5 0.7142857142857143
839 4 7 256 10 7 1.0
840 6 6 256 9 6 0.8571428571428571
840 4 7 256 10 7 1.0
841 4 7 256 10 7 1.0
842 8 6 256 9 6 0.8571428571428571
842 2 7 256 10 7 1.0
843 7 5 256 8 5 0.7142857142857143
843 3 7 256 10 7 1.0
844 2 7 256 10 7 1.0
844 7 6 256 9 6 0.8571428571428571
845 6 6 256 9 6 0.8571428571428571
845 2 7 256 10 7 1.0
846 7 5 256 8 5 0.7142857142857143
846 3 7 256 10 7 1.0
847 3 7 256 10 7 1.0
847 8 6 256 9 6 0.8571428571428571
848 3 7 256 10 7 1.0
848 6 5 256 8 5 0.7142857142857143
849 3 7 256 10 7 1.0
849 5 0 256 3 0 0.0
850 3 7 256 10 7 1.0
850 7 0 256 3 0 0.0
851 5 6 256 9 6 0.8571428571428571
851 2 7 256 10 7 1.0
852 4 3 256 6 3 0.42857142857142855
852 3 7 256 10 7 1.0
853 3 7 256 10 7 1.0
854 4 7 256 10 7 1.0
854 6 4 256 7 4 0.5714285714285714
855 2 7 256 10 7 1.0
856 1 7 256 10 7 1.0
857 2 7 256 10 7 1.0
858 5 6 256 9 6 0.8571428571428571
858 3 7 256 10 7 1.0
859 2 7 256 10 7 1.0
860 2 7 256 10 7 1.0
861 2 7 256 10 7 1.0
862 3 5 256 8 5 0.7142857142857143
862 6 0 256 3 0 0.0
862 2 7 256 10 7 1.0
863 5 6 256 9 6 0.8571428571428571
863 2 7 256 10 7 1.0
864 4 5 256 8 5 0.7142857142857143
865 2 7 256 10 7 1.0
865 4 6 256 9 6 0.8571428571428571
866 2 7 256 10 7 1.0
867 3 0 256 3 0 0.0
868 3 7 256 10 7 1.0
869 6 5 256 8 5 0.7142857142857143
869 3 7 256 10 7 1.0
870 4 0 256 3 0 0.0
870 1 7 256 10 7 1.0
871 7 6 256 9 6 0.8571428571428571
871 2 7 256 10 7 1.0
872 2 7 256 10 7 1.0
873 3 7 256 10 7 1.0
874 5 6 256 9 6 0.8571428571428571
874 6 0 256 3 0 0.0
874 2 7 256 10 7 1.0
875 3 7 256 10 7 1.0
875 4 6 256 9 6 0.8571428571428571
876 4 0 256 3 0 0.0
877 3 7 256 10 7 1.0
877 5 6 256 9 6 0.8571428571428571
878 5 0 256 3 0 0.0
878 3 7 256 10 7 1.0
879 2 7 256 10 7 1.0
879 4 5 256 8 5 0.7142857142857143
880 2 7 256 10 7 1.0
880 4 0 256 3 0 0.0
881 5 5 256 8 5 0.7142857142857143
881 0 7 256 10 7 1.0
882 2 7 256 10 7 1.0
882 5 6 256 9 6 0.8571428571428571
883 3 7 256 10 7 1.0
883 6 5 256 8 5 0.7142857142857143
883 4 6 256 9 6 0.8571428571428571
884 3 5 256 8 5 0.7142857142857143
885 8 0 256 3 0 0.0
885 1 7 256 10 7 1.0
886 4 7 256 10 7 1.0
887 1 7 256 10 7 1.0
887 6 0 256 3 0 0.0
888 4 7 256 10 7 1.0
888 9 6 256 9 6 0.8571428571428571
889 3 7 256 10 7 1.0
889 5 4 256 7 4 0.5714285714285714
890 3 7 256 10 7 1.0
891 3 7 256 10 7 1.0
891 6 5 256 8 5 0.7142857142857143
892 2 7 256 10 7 1.0
893 2 7 256 10 7 1.0
894 8 6 256 9 6 0.8571428571428571
894 3 7 256 10 7 1.0
895 2 7 256 10 7 1.0
895 8 6 256 9 6 0.8571428571428571
896 4 7 256 10 7 1.0
896 5 6 256 9 6 0.8571428571428571
897 2 7 256 10 7 1.0
897 6 6 256 9 6 0.8571428571428571
898 6 6 256 9 6 0.8571428571428571
898 3 7 256 10 7 1.0
899 2 7 256 10 7 1.0
899 4 5 256 8 5 0.7142857142857143
900 8 0 256 3 0 0.0
900 4 5 256 8 5 0.7142857142857143
901 2 7 256 10 7 1.0
901 5 6 256 9 6 0.8571428571428571
901 6 5 256 8 5 0.7142857142857143
902 6 6 256 9 6 0.8571428571428571
902 7 5 256 8 5 0.7142857142857143
902 1 7 256 10 7 1.0
903 3 7 256 10 7 1.0
904 2 7 256 10 7 1.0
904 9 5 256 8 5 0.7142857142857143
905 2 7 256 10 7 1.0
905 5 5 256 8 5 0.7142857142857143
906 3 7 256 10 7 1.0
907 3 7 256 10 7 1.0
907 4 6 256 9 6 0.8571428571428571
907 7 5 256 8 5 0.7142857142857143
908 6 5 256 8 5 0.7142857142857143
908 2 7 256 10 7 1.0
909 4 7 256 10 7 1.0
909 5 0 256 3 0 0.0
910 2 7 256 10 7 1.0
911 4 5 256 8 5 0.7142857142857143
912 6 5 256 8 5 0.7142857142857143
912 4 6 256 9 6 0.8571428571428571
912 1 7 256 10 7 1.0
913 4 6 256 9 6 0.8571428571428571
913 2 7 256 10 7 1.0
914 2 7 256 10 7 1.0
915 6 5 256 8 5 0.7142857142857143
915 3 6 256 9 6 0.8571428571428571
916 3 7 256 10 7 1.0
916 5 6 256 9 6 0.8571428571428571
916 6 5 256 8 5 0.7142857142857143
917 2 7 256 10 7 1.0
918 2 7 256 10 7 1.0
918 4 0 256 3 0 0.0
919 3 7 256 10 7 1.0
919 4 0 256 3 0 0.0
920 3 5 256 8 5 0.7142857142857143
920 2 7 256 10 7 1.0
921 2 7 256 10 7 1.0
922 2 7 256 10 7 1.0
922 8 5 256 8 5 0.7142857142857143
923 3 7 256 10 7 1.0
923 4 0 256 3 0 0.0
924 2 7 256 10 7 1.0
925 3 7 256 10 7 1.0
925 4 0 256 3 0 0.0
926 6 5 256 8 5 0.7142857142857143
926 3 7 256 10 7 1.0
927 2 7 256 10 7 1.0
927 5 5 256 8 5 0.7142857142857143
928 2 7 256 10 7 1.0
929 3 7 256 10 7 1.0
930 3 5 256 8 5 0.7142857142857143
930 1 7 256 10 7 1.0
931 4 7 256 10 7 1.0
931 6 5 256 8 5 0.7142857142857143
932 2 7 256 10 7 1.0
933 2 7 256 10 7 1.0
933 7 6 256 9 6 0.8571428571428571
934 3 7 256 10 7 1.0
934 5 5 256 8 5 0.7142857142857143
935 4 6 256 9 6 0.8571428571428571
936 4 7 256 10 7 1.0
936 5 5 256 8 5 0.7142857142857143
937 6 0 256 3 0 0.0
937 2 7 256 10 7 1.0
938 4 7 256 10 7 1.0
938 6 6 256 9 6 0.8571428571428571
939 3 7 256 10 7 1.0
939 9 6 256 9 6 0.8571428571428571
940 3 7 256 10 7 1.0
940 5 6 256 9 6 0.8571428571428571
941 3 0 256 3 0 0.0
942 7 5 256 8 5 0.7142857142857143
942 3 7 256 10 7 1.0
942 4 6 256 9 6 0.8571428571428571
943 1 7 256 10 7 1.0
944 5 0 256 3 0 0.0
944 3 7 256 10 7 1.0
945 3 7 256 10 7 1.0
945 4 5 256 8 5 0.7142857142857143
946 3 7 256 10 7 1.0
946 5 5 256 8 5 0.7142857142857143
947 1 7 256 10 7 1.0
947 6 5 256 8 5 0.7142857142857143
947 4 6 256 9 6 0.8571428571428571
948 2 7 256 10 7 1.0
948 6 0 256 3 0 0.0
949 3 7 256 10 7 1.0
949 7 6 256 9 6 0.8571428571428571
950 0 7 256 10 7 1.0
951 3 7 256 10 7 1.0
951 8 0 256 3 0 0.0
952 2 6 256 9 6 0.8571428571428571
953 6 0 256 3 0 0.0
953 3 7 256 10 7 1.0
954 4 7 256 10 7 1.0
955 4 7 256 10 7 1.0
956 3 7 256 10 7 1.0
957 1 7 256 10 7 1.0
957 5 6 256 9 6 0.8571428571428571
958 3 6 256 9 6 0.8571428571428571
958 2 7 256 10 7 1.0
959 2 7 256 10 7 1.0
960 3 7 256 10 7 1.0
960 5 5 256 8 5 0.7142857142857143
961 2 7 256 10 7 1.0
961 6 5 256 8 5 0.7142857142857143
962 2 7 256 10 7 1.0
962 6 6 256 9 6 0.8571428571428571
963 3 5 256 8 5 0.7142857142857143
964 4 5 256 8 5 0.7142857142857143
965 4 0 256 3 0 0.0
965 3 7 256 10 7 1.0
966 2 7 256 10 7 1.0
966 7 5 256 8 5 0.7142857142857143
967 3 7 256 10 7 1.0
967 4 5 256 8 5 0.7142857142857143
968 7 0 256 3 0 0.0
968 2 7 256 10 7 1.0
968 4 5 256 8 5 0.7142857142857143
969 5 5 256 8 5 0.7142857142857143
969 2 7 256 10 7 1.0
970 4 7 256 10 7 1.0
970 6 5 256 8 5 0.7142857142857143
971 1 7 256 10 7 1.0
971 6 6 256 9 6 0.8571428571428571
972 3 7 256 10 7 1.0
972 4 6 256 9 6 0.8571428571428571
973 2 7 256 10 7 1.0
973 5 5 256 8 5 0.7142857142857143
974 2 7 256 10 7 1.0
974 5 5 256 8 5 0.7142857142857143
975 3 5 256 8 5 0.7142857142857143
975 1 7 256 10 7 1.0
976 5 7 256 10 7 1.0
977 7 6 256 9 6 0.8571428571428571
977 1 7 256 10 7 1.0
978 5 0 256 3 0 0.0
978 4 7 256 10 7 1.0
979 4 6 256 9 6 0.8571428571428571
979 2 7 256 10 7 1.0
980 6 5 256 8 5 0.7142857142857143
980 4 6 256 9 6 0.8571428571428571
980 3 7 256 10 7 1.0
981 1 7 256 10 7 1.0
982 3 7 256 10 7 1.0
982 4 5 256 8 5 0.7142857142857143
983 3 7 256 10 7 1.0
983 7 6 256 9 6 0.8571428571428571
984 2 7 256 10 7 1.0
984 4 6 256 9 6 0.8571428571428571
985 3 7 256 10 7 1.0
985 4 6 256 9 6 0.8571428571428571
986 3 7 256 10 7 1.0
987 2 7 256 10 7 1.0
987 5 5 256 8 5 0.7142857142857143
988 2 7 256 10 7 1.0
989 5 5 256 8 5 0.7142857142857143
989 1 7 256 10 7 1.0
990 4 3 256 6 3 0.42857142857142855
990 3 7 256 10 7 1.0
991 6 6 256 9 6 0.8571428571428571
991 3 7 256 10 7 1.0
992 3 7 256 10 7 1.0
992 5 0 256 3 0 0.0
993 2 7 256 10 7 1.0
994 4 7 256 10 7 1.0
995 3 7 256 10 7 1.0
995 5 0 256 3 0 0.0
996 4 7 256 10 7 1.0
997 4 0 256 3 0 0.0
998 1 7 256 10 7 1.0
998 8 0 256 3 0 0.0
999 4 5 256 8 5 0.7142857142857143
999 2 7 256 10 7 1.0
1000 2 7 256 10 7 1.0
