gen testSuiteSize notKilledMutants number_of_tests no_discount_objective no_equiv_mut_not_killed no_equiv_mut_not_killed_perc
1 3 9.8828125 3 10 9 1.0
1 4 7.08203125 47 8 7 0.7777777777777778
2 6 6.828125 60 8 7 0.7777777777777778
2 3 8.49609375 77 10 9 1.0
2 4 8.45703125 79 10 9 1.0
3 4 8.203125 92 10 9 1.0
3 5 8.14453125 95 10 9 1.0
3 7 6.86328125 97 8 7 0.7777777777777778
3 1 8.81640625 101 10 9 1.0
4 4 8.4765625 130 10 9 1.0
4 5 8.46484375 131 10 9 1.0
4 7 6.40625 136 8 7 0.7777777777777778
5 3 6.265625 148 8 7 0.7777777777777778
6 1 8.11328125 161 10 9 1.0
6 2 8.078125 164 10 9 1.0
6 3 7.984375 172 10 9 1.0
6 5 7.9375 176 10 9 1.0
7 3 8.546875 186 10 9 1.0
7 6 0.265625 188 1 0 0.0
7 5 8.25 192 9 8 0.8888888888888888
8 6 7.20703125 203 8 7 0.7777777777777778
8 2 9.20703125 203 10 9 1.0
8 5 9.19140625 207 10 9 1.0
9 2 9.16015625 215 10 9 1.0
9 4 7.15625 216 8 7 0.7777777777777778
10 4 9.1328125 222 10 9 1.0
10 7 0.12890625 223 1 0 0.0
10 5 9.12890625 223 10 9 1.0
11 4 8.12109375 225 9 8 0.8888888888888888
11 2 9.1171875 226 10 9 1.0
11 3 9.11328125 227 10 9 1.0
12 6 7.1015625 230 8 7 0.7777777777777778
12 3 9.09765625 231 10 9 1.0
12 4 9.08984375 233 10 9 1.0
13 1 9.0859375 234 10 9 1.0
13 6 0.08203125 235 1 0 0.0
13 3 7.078125 236 8 7 0.7777777777777778
14 5 0.0625 240 1 0 0.0
14 4 8.0625 240 9 8 0.8888888888888888
14 3 9.0625 240 10 9 1.0
15 3 8.0546875 242 9 8 0.8888888888888888
16 8 0.046875 244 1 0 0.0
16 4 7.03125 248 8 7 0.7777777777777778
17 3 9.02734375 249 10 9 1.0
17 6 9.0234375 250 10 9 1.0
18 2 9.0234375 250 10 9 1.0
18 5 9.01953125 251 10 9 1.0
19 2 7.01953125 251 8 7 0.7777777777777778
20 3 7.01953125 251 8 7 0.7777777777777778
20 5 0.015625 252 1 0 0.0
21 2 0.01171875 253 1 0 0.0
22 2 9.01171875 253 10 9 1.0
23 4 9.01171875 253 10 9 1.0
24 5 0.0078125 254 1 0 0.0
24 4 9.0078125 254 10 9 1.0
25 2 9.00390625 255 10 9 1.0
25 4 7.00390625 255 8 7 0.7777777777777778
26 5 7.00390625 255 8 7 0.7777777777777778
26 3 9.00390625 255 10 9 1.0
27 3 9 256 10 9 1.0
28 4 9 256 10 9 1.0
29 3 9 256 10 9 1.0
30 2 9 256 10 9 1.0
31 3 9 256 10 9 1.0
31 7 8 256 9 8 0.8888888888888888
32 3 9 256 10 9 1.0
33 3 7 256 8 7 0.7777777777777778
33 2 9 256 10 9 1.0
34 3 9 256 10 9 1.0
34 7 7 256 8 7 0.7777777777777778
34 5 8 256 9 8 0.8888888888888888
35 5 7 256 8 7 0.7777777777777778
35 3 9 256 10 9 1.0
36 2 9 256 10 9 1.0
36 5 7 256 8 7 0.7777777777777778
37 7 7 256 8 7 0.7777777777777778
37 2 9 256 10 9 1.0
38 5 8 256 9 8 0.8888888888888888
38 2 9 256 10 9 1.0
39 3 9 256 10 9 1.0
39 6 0 256 1 0 0.0
40 3 9 256 10 9 1.0
41 4 7 256 8 7 0.7777777777777778
41 3 8 256 9 8 0.8888888888888888
42 2 9 256 10 9 1.0
43 2 8 256 9 8 0.8888888888888888
43 6 7 256 8 7 0.7777777777777778
44 5 7 256 8 7 0.7777777777777778
44 2 9 256 10 9 1.0
45 3 9 256 10 9 1.0
45 4 7 256 8 7 0.7777777777777778
46 3 9 256 10 9 1.0
46 4 8 256 9 8 0.8888888888888888
47 4 8 256 9 8 0.8888888888888888
47 1 9 256 10 9 1.0
48 3 9 256 10 9 1.0
48 7 0 256 1 0 0.0
49 4 8 256 9 8 0.8888888888888888
49 2 9 256 10 9 1.0
50 4 0 256 1 0 0.0
50 3 9 256 10 9 1.0
51 3 9 256 10 9 1.0
52 2 9 256 10 9 1.0
52 5 8 256 9 8 0.8888888888888888
53 5 7 256 8 7 0.7777777777777778
53 2 9 256 10 9 1.0
54 4 9 256 10 9 1.0
55 5 8 256 9 8 0.8888888888888888
55 4 9 256 10 9 1.0
56 7 8 256 9 8 0.8888888888888888
56 3 9 256 10 9 1.0
57 3 9 256 10 9 1.0
58 5 7 256 8 7 0.7777777777777778
58 4 9 256 10 9 1.0
59 3 9 256 10 9 1.0
60 6 7 256 8 7 0.7777777777777778
60 2 9 256 10 9 1.0
61 6 5 256 6 5 0.5555555555555556
61 1 9 256 10 9 1.0
62 4 8 256 9 8 0.8888888888888888
62 8 7 256 8 7 0.7777777777777778
63 4 0 256 1 0 0.0
63 0 9 256 10 9 1.0
64 1 9 256 10 9 1.0
64 5 8 256 9 8 0.8888888888888888
65 4 9 256 10 9 1.0
65 6 8 256 9 8 0.8888888888888888
66 4 9 256 10 9 1.0
66 8 8 256 9 8 0.8888888888888888
67 3 9 256 10 9 1.0
67 8 8 256 9 8 0.8888888888888888
68 2 9 256 10 9 1.0
69 4 9 256 10 9 1.0
69 8 0 256 1 0 0.0
69 5 7 256 8 7 0.7777777777777778
70 7 0 256 1 0 0.0
70 3 9 256 10 9 1.0
70 6 7 256 8 7 0.7777777777777778
71 2 8 256 9 8 0.8888888888888888
72 3 9 256 10 9 1.0
72 5 0 256 1 0 0.0
73 2 9 256 10 9 1.0
74 6 8 256 9 8 0.8888888888888888
74 1 9 256 10 9 1.0
74 7 7 256 8 7 0.7777777777777778
75 2 9 256 10 9 1.0
75 5 8 256 9 8 0.8888888888888888
76 2 9 256 10 9 1.0
76 6 0 256 1 0 0.0
77 2 9 256 10 9 1.0
77 4 8 256 9 8 0.8888888888888888
78 4 7 256 8 7 0.7777777777777778
78 3 9 256 10 9 1.0
79 5 9 256 10 9 1.0
79 6 7 256 8 7 0.7777777777777778
80 5 7 256 8 7 0.7777777777777778
80 3 9 256 10 9 1.0
81 3 9 256 10 9 1.0
81 5 7 256 8 7 0.7777777777777778
82 3 9 256 10 9 1.0
83 3 9 256 10 9 1.0
84 4 8 256 9 8 0.8888888888888888
84 6 7 256 8 7 0.7777777777777778
84 3 9 256 10 9 1.0
85 3 0 256 1 0 0.0
86 3 9 256 10 9 1.0
87 2 9 256 10 9 1.0
87 8 8 256 9 8 0.8888888888888888
88 3 9 256 10 9 1.0
89 5 7 256 8 7 0.7777777777777778
89 3 8 256 9 8 0.8888888888888888
90 5 8 256 9 8 0.8888888888888888
90 4 9 256 10 9 1.0
91 8 0 256 1 0 0.0
91 3 9 256 10 9 1.0
92 1 9 256 10 9 1.0
92 4 0 256 1 0 0.0
93 2 9 256 10 9 1.0
93 6 0 256 1 0 0.0
94 3 9 256 10 9 1.0
95 5 0 256 1 0 0.0
95 2 9 256 10 9 1.0
96 4 8 256 9 8 0.8888888888888888
96 3 9 256 10 9 1.0
97 1 9 256 10 9 1.0
98 4 7 256 8 7 0.7777777777777778
98 5 0 256 1 0 0.0
98 1 9 256 10 9 1.0
99 2 9 256 10 9 1.0
100 6 8 256 9 8 0.8888888888888888
100 2 9 256 10 9 1.0
101 2 9 256 10 9 1.0
101 7 8 256 9 8 0.8888888888888888
102 2 9 256 10 9 1.0
102 6 5 256 6 5 0.5555555555555556
103 4 0 256 1 0 0.0
104 0 9 256 10 9 1.0
104 5 8 256 9 8 0.8888888888888888
105 2 9 256 10 9 1.0
105 5 7 256 8 7 0.7777777777777778
106 5 9 256 10 9 1.0
106 7 7 256 8 7 0.7777777777777778
107 3 7 256 8 7 0.7777777777777778
108 7 0 256 1 0 0.0
108 3 9 256 10 9 1.0
109 0 9 256 10 9 1.0
109 3 7 256 8 7 0.7777777777777778
110 1 9 256 10 9 1.0
111 5 7 256 8 7 0.7777777777777778
111 3 9 256 10 9 1.0
112 3 0 256 1 0 0.0
113 2 9 256 10 9 1.0
114 5 7 256 8 7 0.7777777777777778
114 2 9 256 10 9 1.0
114 6 0 256 1 0 0.0
115 7 0 256 1 0 0.0
115 5 8 256 9 8 0.8888888888888888
115 3 9 256 10 9 1.0
116 3 9 256 10 9 1.0
116 5 7 256 8 7 0.7777777777777778
116 4 8 256 9 8 0.8888888888888888
117 1 9 256 10 9 1.0
118 2 9 256 10 9 1.0
119 4 7 256 8 7 0.7777777777777778
119 3 9 256 10 9 1.0
120 3 9 256 10 9 1.0
120 7 7 256 8 7 0.7777777777777778
120 4 8 256 9 8 0.8888888888888888
121 3 9 256 10 9 1.0
121 6 0 256 1 0 0.0
121 4 7 256 8 7 0.7777777777777778
122 6 7 256 8 7 0.7777777777777778
122 3 9 256 10 9 1.0
123 5 7 256 8 7 0.7777777777777778
123 4 8 256 9 8 0.8888888888888888
124 2 9 256 10 9 1.0
125 2 9 256 10 9 1.0
126 6 7 256 8 7 0.7777777777777778
126 2 9 256 10 9 1.0
126 3 8 256 9 8 0.8888888888888888
127 7 7 256 8 7 0.7777777777777778
127 5 8 256 9 8 0.8888888888888888
127 2 9 256 10 9 1.0
128 3 9 256 10 9 1.0
128 8 8 256 9 8 0.8888888888888888
129 3 7 256 8 7 0.7777777777777778
130 6 7 256 8 7 0.7777777777777778
130 3 9 256 10 9 1.0
131 2 9 256 10 9 1.0
131 5 8 256 9 8 0.8888888888888888
131 7 0 256 1 0 0.0
132 6 8 256 9 8 0.8888888888888888
132 3 9 256 10 9 1.0
133 5 7 256 8 7 0.7777777777777778
133 2 9 256 10 9 1.0
134 5 0 256 1 0 0.0
134 3 9 256 10 9 1.0
135 7 8 256 9 8 0.8888888888888888
135 3 9 256 10 9 1.0
135 8 7 256 8 7 0.7777777777777778
136 3 9 256 10 9 1.0
136 6 7 256 8 7 0.7777777777777778
136 4 8 256 9 8 0.8888888888888888
137 6 7 256 8 7 0.7777777777777778
137 2 9 256 10 9 1.0
137 5 8 256 9 8 0.8888888888888888
138 6 7 256 8 7 0.7777777777777778
138 4 9 256 10 9 1.0
139 3 8 256 9 8 0.8888888888888888
139 2 9 256 10 9 1.0
140 2 9 256 10 9 1.0
140 5 7 256 8 7 0.7777777777777778
141 3 9 256 10 9 1.0
142 2 9 256 10 9 1.0
142 6 7 256 8 7 0.7777777777777778
143 3 9 256 10 9 1.0
143 6 8 256 9 8 0.8888888888888888
144 3 9 256 10 9 1.0
145 5 6 256 7 6 0.6666666666666666
145 3 9 256 10 9 1.0
146 5 0 256 1 0 0.0
146 3 7 256 8 7 0.7777777777777778
147 1 9 256 10 9 1.0
148 5 8 256 9 8 0.8888888888888888
148 2 9 256 10 9 1.0
149 6 7 256 8 7 0.7777777777777778
149 3 9 256 10 9 1.0
150 2 9 256 10 9 1.0
150 5 7 256 8 7 0.7777777777777778
151 7 7 256 8 7 0.7777777777777778
151 3 9 256 10 9 1.0
152 5 0 256 1 0 0.0
152 4 9 256 10 9 1.0
153 3 9 256 10 9 1.0
154 7 7 256 8 7 0.7777777777777778
154 4 8 256 9 8 0.8888888888888888
154 2 9 256 10 9 1.0
155 3 9 256 10 9 1.0
155 6 8 256 9 8 0.8888888888888888
156 3 9 256 10 9 1.0
156 5 8 256 9 8 0.8888888888888888
157 6 8 256 9 8 0.8888888888888888
157 1 9 256 10 9 1.0
158 3 9 256 10 9 1.0
158 5 7 256 8 7 0.7777777777777778
159 7 8 256 9 8 0.8888888888888888
159 2 9 256 10 9 1.0
160 2 9 256 10 9 1.0
160 5 7 256 8 7 0.7777777777777778
161 3 8 256 9 8 0.8888888888888888
162 4 8 256 9 8 0.8888888888888888
162 2 9 256 10 9 1.0
163 4 7 256 8 7 0.7777777777777778
163 2 9 256 10 9 1.0
164 3 8 256 9 8 0.8888888888888888
164 5 7 256 8 7 0.7777777777777778
164 2 9 256 10 9 1.0
165 1 9 256 10 9 1.0
166 2 9 256 10 9 1.0
167 3 9 256 10 9 1.0
167 4 8 256 9 8 0.8888888888888888
168 7 7 256 8 7 0.7777777777777778
168 2 9 256 10 9 1.0
169 2 9 256 10 9 1.0
169 7 8 256 9 8 0.8888888888888888
170 4 9 256 10 9 1.0
170 6 6 256 7 6 0.6666666666666666
171 5 0 256 1 0 0.0
171 4 6 256 7 6 0.6666666666666666
171 3 9 256 10 9 1.0
172 6 8 256 9 8 0.8888888888888888
172 3 9 256 10 9 1.0
173 5 7 256 8 7 0.7777777777777778
173 2 9 256 10 9 1.0
174 4 7 256 8 7 0.7777777777777778
174 1 9 256 10 9 1.0
175 5 8 256 9 8 0.8888888888888888
175 3 9 256 10 9 1.0
175 6 7 256 8 7 0.7777777777777778
176 8 0 256 1 0 0.0
176 5 7 256 8 7 0.7777777777777778
176 4 8 256 9 8 0.8888888888888888
176 3 9 256 10 9 1.0
177 3 9 256 10 9 1.0
177 5 0 256 1 0 0.0
178 5 0 256 1 0 0.0
178 3 9 256 10 9 1.0
179 7 0 256 1 0 0.0
179 3 9 256 10 9 1.0
180 4 8 256 9 8 0.8888888888888888
180 3 9 256 10 9 1.0
181 3 9 256 10 9 1.0
182 3 9 256 10 9 1.0
182 4 7 256 8 7 0.7777777777777778
183 6 0 256 1 0 0.0
183 2 9 256 10 9 1.0
184 4 0 256 1 0 0.0
184 3 9 256 10 9 1.0
185 3 9 256 10 9 1.0
185 5 0 256 1 0 0.0
186 5 7 256 8 7 0.7777777777777778
187 6 0 256 1 0 0.0
187 3 9 256 10 9 1.0
188 2 9 256 10 9 1.0
188 5 7 256 8 7 0.7777777777777778
189 1 9 256 10 9 1.0
190 4 9 256 10 9 1.0
191 3 9 256 10 9 1.0
191 5 8 256 9 8 0.8888888888888888
191 7 7 256 8 7 0.7777777777777778
192 1 9 256 10 9 1.0
192 5 7 256 8 7 0.7777777777777778
192 7 0 256 1 0 0.0
193 1 9 256 10 9 1.0
193 8 7 256 8 7 0.7777777777777778
194 2 9 256 10 9 1.0
194 6 8 256 9 8 0.8888888888888888
194 7 7 256 8 7 0.7777777777777778
195 2 9 256 10 9 1.0
196 2 9 256 10 9 1.0
196 6 7 256 8 7 0.7777777777777778
197 6 8 256 9 8 0.8888888888888888
197 2 9 256 10 9 1.0
198 2 9 256 10 9 1.0
199 2 9 256 10 9 1.0
199 8 8 256 9 8 0.8888888888888888
200 2 8 256 9 8 0.8888888888888888
201 4 7 256 8 7 0.7777777777777778
201 2 9 256 10 9 1.0
201 7 6 256 7 6 0.6666666666666666
202 6 7 256 8 7 0.7777777777777778
202 2 9 256 10 9 1.0
203 3 9 256 10 9 1.0
203 4 8 256 9 8 0.8888888888888888
204 5 7 256 8 7 0.7777777777777778
204 2 9 256 10 9 1.0
205 2 9 256 10 9 1.0
205 4 8 256 9 8 0.8888888888888888
206 0 9 256 10 9 1.0
207 2 9 256 10 9 1.0
207 4 8 256 9 8 0.8888888888888888
208 0 9 256 10 9 1.0
208 4 7 256 8 7 0.7777777777777778
209 4 9 256 10 9 1.0
209 8 0 256 1 0 0.0
210 2 9 256 10 9 1.0
210 6 0 256 1 0 0.0
211 2 9 256 10 9 1.0
212 4 7 256 8 7 0.7777777777777778
212 9 6 256 7 6 0.6666666666666666
213 3 7 256 8 7 0.7777777777777778
213 7 0 256 1 0 0.0
214 3 7 256 8 7 0.7777777777777778
215 6 0 256 1 0 0.0
215 3 8 256 9 8 0.8888888888888888
215 2 9 256 10 9 1.0
216 2 9 256 10 9 1.0
216 6 7 256 8 7 0.7777777777777778
217 6 8 256 9 8 0.8888888888888888
217 3 9 256 10 9 1.0
218 2 9 256 10 9 1.0
219 4 7 256 8 7 0.7777777777777778
219 2 9 256 10 9 1.0
220 2 9 256 10 9 1.0
220 6 7 256 8 7 0.7777777777777778
221 3 9 256 10 9 1.0
221 6 7 256 8 7 0.7777777777777778
222 3 9 256 10 9 1.0
223 2 9 256 10 9 1.0
224 4 9 256 10 9 1.0
224 7 8 256 9 8 0.8888888888888888
225 2 9 256 10 9 1.0
225 4 8 256 9 8 0.8888888888888888
226 5 0 256 1 0 0.0
226 2 9 256 10 9 1.0
227 2 9 256 10 9 1.0
227 5 0 256 1 0 0.0
228 2 9 256 10 9 1.0
229 5 8 256 9 8 0.8888888888888888
229 3 9 256 10 9 1.0
230 3 9 256 10 9 1.0
231 4 8 256 9 8 0.8888888888888888
232 3 9 256 10 9 1.0
233 4 0 256 1 0 0.0
233 2 9 256 10 9 1.0
234 2 9 256 10 9 1.0
234 6 7 256 8 7 0.7777777777777778
235 5 7 256 8 7 0.7777777777777778
235 3 9 256 10 9 1.0
236 3 9 256 10 9 1.0
237 4 9 256 10 9 1.0
237 5 8 256 9 8 0.8888888888888888
238 3 9 256 10 9 1.0
239 4 8 256 9 8 0.8888888888888888
239 2 9 256 10 9 1.0
240 7 5 256 6 5 0.5555555555555556
240 2 9 256 10 9 1.0
240 6 7 256 8 7 0.7777777777777778
241 3 7 256 8 7 0.7777777777777778
242 3 9 256 10 9 1.0
242 7 7 256 8 7 0.7777777777777778
242 6 8 256 9 8 0.8888888888888888
243 2 9 256 10 9 1.0
244 4 7 256 8 7 0.7777777777777778
244 3 9 256 10 9 1.0
244 6 0 256 1 0 0.0
245 3 9 256 10 9 1.0
246 7 0 256 1 0 0.0
246 2 9 256 10 9 1.0
247 2 8 256 9 8 0.8888888888888888
247 7 7 256 8 7 0.7777777777777778
248 5 7 256 8 7 0.7777777777777778
248 3 9 256 10 9 1.0
249 2 9 256 10 9 1.0
249 5 0 256 1 0 0.0
250 2 9 256 10 9 1.0
251 3 9 256 10 9 1.0
252 3 9 256 10 9 1.0
252 7 7 256 8 7 0.7777777777777778
253 4 9 256 10 9 1.0
254 5 8 256 9 8 0.8888888888888888
254 3 9 256 10 9 1.0
255 3 9 256 10 9 1.0
255 7 7 256 8 7 0.7777777777777778
256 4 9 256 10 9 1.0
257 3 9 256 10 9 1.0
258 2 9 256 10 9 1.0
258 6 7 256 8 7 0.7777777777777778
258 5 8 256 9 8 0.8888888888888888
259 2 9 256 10 9 1.0
259 7 0 256 1 0 0.0
260 2 9 256 10 9 1.0
261 3 7 256 8 7 0.7777777777777778
261 2 9 256 10 9 1.0
262 6 0 256 1 0 0.0
262 4 9 256 10 9 1.0
263 8 7 256 8 7 0.7777777777777778
263 1 9 256 10 9 1.0
264 1 9 256 10 9 1.0
265 3 9 256 10 9 1.0
266 3 9 256 10 9 1.0
267 2 9 256 10 9 1.0
268 4 7 256 8 7 0.7777777777777778
269 6 0 256 1 0 0.0
269 2 9 256 10 9 1.0
269 5 8 256 9 8 0.8888888888888888
270 2 9 256 10 9 1.0
270 5 8 256 9 8 0.8888888888888888
271 2 9 256 10 9 1.0
271 7 7 256 8 7 0.7777777777777778
272 3 8 256 9 8 0.8888888888888888
272 2 9 256 10 9 1.0
272 7 7 256 8 7 0.7777777777777778
273 5 7 256 8 7 0.7777777777777778
273 3 9 256 10 9 1.0
274 4 9 256 10 9 1.0
275 3 9 256 10 9 1.0
276 2 9 256 10 9 1.0
276 5 8 256 9 8 0.8888888888888888
277 5 7 256 8 7 0.7777777777777778
277 3 9 256 10 9 1.0
278 2 9 256 10 9 1.0
278 8 7 256 8 7 0.7777777777777778
279 3 9 256 10 9 1.0
280 4 7 256 8 7 0.7777777777777778
281 3 9 256 10 9 1.0
281 5 7 256 8 7 0.7777777777777778
282 3 9 256 10 9 1.0
283 3 0 256 1 0 0.0
284 4 8 256 9 8 0.8888888888888888
285 6 7 256 8 7 0.7777777777777778
285 2 9 256 10 9 1.0
286 5 8 256 9 8 0.8888888888888888
286 3 9 256 10 9 1.0
287 4 8 256 9 8 0.8888888888888888
287 1 9 256 10 9 1.0
288 4 9 256 10 9 1.0
289 7 8 256 9 8 0.8888888888888888
289 4 9 256 10 9 1.0
290 3 9 256 10 9 1.0
290 7 8 256 9 8 0.8888888888888888
291 3 9 256 10 9 1.0
292 2 9 256 10 9 1.0
293 0 9 256 10 9 1.0
293 4 7 256 8 7 0.7777777777777778
294 5 7 256 8 7 0.7777777777777778
294 3 9 256 10 9 1.0
295 6 7 256 8 7 0.7777777777777778
295 4 9 256 10 9 1.0
296 3 7 256 8 7 0.7777777777777778
296 5 0 256 1 0 0.0
297 4 9 256 10 9 1.0
297 5 7 256 8 7 0.7777777777777778
298 1 9 256 10 9 1.0
298 5 8 256 9 8 0.8888888888888888
299 5 7 256 8 7 0.7777777777777778
299 1 9 256 10 9 1.0
300 4 7 256 8 7 0.7777777777777778
300 2 9 256 10 9 1.0
301 4 9 256 10 9 1.0
301 6 8 256 9 8 0.8888888888888888
302 7 6 256 7 6 0.6666666666666666
302 3 9 256 10 9 1.0
303 1 9 256 10 9 1.0
303 8 8 256 9 8 0.8888888888888888
304 4 8 256 9 8 0.8888888888888888
305 8 0 256 1 0 0.0
305 2 9 256 10 9 1.0
306 3 9 256 10 9 1.0
306 6 7 256 8 7 0.7777777777777778
307 4 8 256 9 8 0.8888888888888888
307 7 7 256 8 7 0.7777777777777778
308 2 9 256 10 9 1.0
308 4 7 256 8 7 0.7777777777777778
309 2 9 256 10 9 1.0
310 5 7 256 8 7 0.7777777777777778
310 4 8 256 9 8 0.8888888888888888
310 1 9 256 10 9 1.0
311 3 9 256 10 9 1.0
312 8 7 256 8 7 0.7777777777777778
312 2 9 256 10 9 1.0
312 6 8 256 9 8 0.8888888888888888
313 6 8 256 9 8 0.8888888888888888
313 4 9 256 10 9 1.0
314 4 7 256 8 7 0.7777777777777778
314 2 9 256 10 9 1.0
314 7 0 256 1 0 0.0
315 3 9 256 10 9 1.0
316 4 9 256 10 9 1.0
316 5 7 256 8 7 0.7777777777777778
317 4 8 256 9 8 0.8888888888888888
318 6 8 256 9 8 0.8888888888888888
318 1 9 256 10 9 1.0
319 5 0 256 1 0 0.0
319 2 9 256 10 9 1.0
320 7 0 256 1 0 0.0
320 4 9 256 10 9 1.0
321 2 9 256 10 9 1.0
322 3 7 256 8 7 0.7777777777777778
323 3 9 256 10 9 1.0
324 2 8 256 9 8 0.8888888888888888
325 8 6 256 7 6 0.6666666666666666
325 2 9 256 10 9 1.0
325 6 7 256 8 7 0.7777777777777778
326 2 9 256 10 9 1.0
327 7 7 256 8 7 0.7777777777777778
327 4 9 256 10 9 1.0
328 5 7 256 8 7 0.7777777777777778
328 3 9 256 10 9 1.0
329 2 9 256 10 9 1.0
330 5 7 256 8 7 0.7777777777777778
330 3 9 256 10 9 1.0
331 5 7 256 8 7 0.7777777777777778
331 1 9 256 10 9 1.0
332 5 5 256 6 5 0.5555555555555556
332 3 9 256 10 9 1.0
332 7 0 256 1 0 0.0
333 2 9 256 10 9 1.0
333 3 0 256 1 0 0.0
334 5 7 256 8 7 0.7777777777777778
334 4 8 256 9 8 0.8888888888888888
334 2 9 256 10 9 1.0
335 4 7 256 8 7 0.7777777777777778
335 3 9 256 10 9 1.0
336 3 9 256 10 9 1.0
336 5 7 256 8 7 0.7777777777777778
337 6 8 256 9 8 0.8888888888888888
337 3 9 256 10 9 1.0
338 2 9 256 10 9 1.0
338 3 7 256 8 7 0.7777777777777778
339 2 9 256 10 9 1.0
339 7 0 256 1 0 0.0
340 1 9 256 10 9 1.0
340 5 0 256 1 0 0.0
341 3 9 256 10 9 1.0
341 6 0 256 1 0 0.0
342 5 0 256 1 0 0.0
342 4 9 256 10 9 1.0
343 7 7 256 8 7 0.7777777777777778
343 1 9 256 10 9 1.0
344 2 9 256 10 9 1.0
344 6 7 256 8 7 0.7777777777777778
344 5 8 256 9 8 0.8888888888888888
345 3 9 256 10 9 1.0
346 3 9 256 10 9 1.0
346 4 0 256 1 0 0.0
347 5 7 256 8 7 0.7777777777777778
347 2 9 256 10 9 1.0
348 2 9 256 10 9 1.0
349 8 6 256 7 6 0.6666666666666666
349 4 7 256 8 7 0.7777777777777778
349 3 9 256 10 9 1.0
350 8 8 256 9 8 0.8888888888888888
350 2 9 256 10 9 1.0
351 3 9 256 10 9 1.0
351 6 8 256 9 8 0.8888888888888888
352 2 7 256 8 7 0.7777777777777778
353 2 9 256 10 9 1.0
353 3 7 256 8 7 0.7777777777777778
354 0 9 256 10 9 1.0
354 6 7 256 8 7 0.7777777777777778
355 5 7 256 8 7 0.7777777777777778
355 2 9 256 10 9 1.0
356 1 9 256 10 9 1.0
357 6 8 256 9 8 0.8888888888888888
357 3 9 256 10 9 1.0
358 7 7 256 8 7 0.7777777777777778
358 5 9 256 10 9 1.0
359 3 9 256 10 9 1.0
359 6 7 256 8 7 0.7777777777777778
360 3 7 256 8 7 0.7777777777777778
361 4 7 256 8 7 0.7777777777777778
361 1 9 256 10 9 1.0
362 3 9 256 10 9 1.0
362 5 7 256 8 7 0.7777777777777778
363 3 9 256 10 9 1.0
363 6 7 256 8 7 0.7777777777777778
364 3 9 256 10 9 1.0
364 5 8 256 9 8 0.8888888888888888
364 7 7 256 8 7 0.7777777777777778
365 4 7 256 8 7 0.7777777777777778
365 3 9 256 10 9 1.0
366 2 9 256 10 9 1.0
367 1 9 256 10 9 1.0
367 4 8 256 9 8 0.8888888888888888
368 3 9 256 10 9 1.0
368 7 7 256 8 7 0.7777777777777778
368 4 8 256 9 8 0.8888888888888888
369 3 9 256 10 9 1.0
369 6 0 256 1 0 0.0
370 6 7 256 8 7 0.7777777777777778
370 3 9 256 10 9 1.0
371 1 9 256 10 9 1.0
372 2 9 256 10 9 1.0
372 5 7 256 8 7 0.7777777777777778
373 3 9 256 10 9 1.0
373 6 8 256 9 8 0.8888888888888888
374 3 7 256 8 7 0.7777777777777778
375 4 7 256 8 7 0.7777777777777778
375 2 9 256 10 9 1.0
376 2 9 256 10 9 1.0
376 5 0 256 1 0 0.0
377 2 9 256 10 9 1.0
377 6 0 256 1 0 0.0
378 8 8 256 9 8 0.8888888888888888
378 4 9 256 10 9 1.0
379 4 8 256 9 8 0.8888888888888888
379 2 9 256 10 9 1.0
380 2 9 256 10 9 1.0
380 5 7 256 8 7 0.7777777777777778
381 2 9 256 10 9 1.0
381 4 0 256 1 0 0.0
382 3 0 256 1 0 0.0
383 2 9 256 10 9 1.0
384 3 9 256 10 9 1.0
384 5 8 256 9 8 0.8888888888888888
385 5 8 256 9 8 0.8888888888888888
385 3 9 256 10 9 1.0
386 5 7 256 8 7 0.7777777777777778
386 2 9 256 10 9 1.0
386 7 0 256 1 0 0.0
387 2 9 256 10 9 1.0
388 3 9 256 10 9 1.0
389 5 7 256 8 7 0.7777777777777778
389 8 6 256 7 6 0.6666666666666666
389 3 8 256 9 8 0.8888888888888888
390 5 8 256 9 8 0.8888888888888888
390 2 9 256 10 9 1.0
391 4 9 256 10 9 1.0
391 7 7 256 8 7 0.7777777777777778
391 5 8 256 9 8 0.8888888888888888
392 6 7 256 8 7 0.7777777777777778
392 1 9 256 10 9 1.0
393 1 9 256 10 9 1.0
394 3 9 256 10 9 1.0
395 4 7 256 8 7 0.7777777777777778
396 5 7 256 8 7 0.7777777777777778
396 0 9 256 10 9 1.0
397 4 8 256 9 8 0.8888888888888888
398 3 9 256 10 9 1.0
399 5 7 256 8 7 0.7777777777777778
399 2 9 256 10 9 1.0
400 3 9 256 10 9 1.0
400 5 7 256 8 7 0.7777777777777778
401 2 9 256 10 9 1.0
401 5 8 256 9 8 0.8888888888888888
402 6 0 256 1 0 0.0
402 3 9 256 10 9 1.0
402 5 7 256 8 7 0.7777777777777778
403 2 7 256 8 7 0.7777777777777778
404 4 9 256 10 9 1.0
405 3 9 256 10 9 1.0
405 5 7 256 8 7 0.7777777777777778
406 4 8 256 9 8 0.8888888888888888
406 0 9 256 10 9 1.0
407 5 7 256 8 7 0.7777777777777778
407 3 9 256 10 9 1.0
408 7 6 256 7 6 0.6666666666666666
408 3 8 256 9 8 0.8888888888888888
409 3 9 256 10 9 1.0
410 6 8 256 9 8 0.8888888888888888
410 0 9 256 10 9 1.0
411 6 0 256 1 0 0.0
411 4 9 256 10 9 1.0
412 5 9 256 10 9 1.0
412 7 8 256 9 8 0.8888888888888888
413 5 7 256 8 7 0.7777777777777778
413 3 9 256 10 9 1.0
414 2 9 256 10 9 1.0
415 2 9 256 10 9 1.0
416 2 9 256 10 9 1.0
417 6 8 256 9 8 0.8888888888888888
417 3 9 256 10 9 1.0
418 6 0 256 1 0 0.0
418 5 7 256 8 7 0.7777777777777778
418 1 9 256 10 9 1.0
419 3 9 256 10 9 1.0
419 7 8 256 9 8 0.8888888888888888
420 3 9 256 10 9 1.0
421 4 8 256 9 8 0.8888888888888888
421 3 9 256 10 9 1.0
422 5 7 256 8 7 0.7777777777777778
422 3 9 256 10 9 1.0
423 7 7 256 8 7 0.7777777777777778
423 4 9 256 10 9 1.0
424 1 9 256 10 9 1.0
424 4 8 256 9 8 0.8888888888888888
424 6 0 256 1 0 0.0
425 2 9 256 10 9 1.0
425 6 0 256 1 0 0.0
426 2 9 256 10 9 1.0
426 3 8 256 9 8 0.8888888888888888
427 6 7 256 8 7 0.7777777777777778
427 9 0 256 1 0 0.0
427 7 6 256 7 6 0.6666666666666666
427 3 9 256 10 9 1.0
428 3 9 256 10 9 1.0
429 6 0 256 1 0 0.0
429 2 9 256 10 9 1.0
430 8 0 256 1 0 0.0
430 3 7 256 8 7 0.7777777777777778
430 2 9 256 10 9 1.0
431 3 9 256 10 9 1.0
432 3 9 256 10 9 1.0
432 5 7 256 8 7 0.7777777777777778
433 4 9 256 10 9 1.0
434 4 7 256 8 7 0.7777777777777778
434 2 9 256 10 9 1.0
435 2 9 256 10 9 1.0
435 7 7 256 8 7 0.7777777777777778
436 3 9 256 10 9 1.0
436 4 7 256 8 7 0.7777777777777778
437 6 7 256 8 7 0.7777777777777778
437 2 9 256 10 9 1.0
438 4 8 256 9 8 0.8888888888888888
438 5 7 256 8 7 0.7777777777777778
439 3 9 256 10 9 1.0
440 3 7 256 8 7 0.7777777777777778
441 2 9 256 10 9 1.0
442 2 9 256 10 9 1.0
442 4 8 256 9 8 0.8888888888888888
442 6 7 256 8 7 0.7777777777777778
443 4 9 256 10 9 1.0
444 2 9 256 10 9 1.0
445 6 6 256 7 6 0.6666666666666666
445 1 9 256 10 9 1.0
446 3 9 256 10 9 1.0
446 5 0 256 1 0 0.0
447 0 9 256 10 9 1.0
447 6 7 256 8 7 0.7777777777777778
448 2 9 256 10 9 1.0
448 6 0 256 1 0 0.0
449 3 7 256 8 7 0.7777777777777778
450 4 8 256 9 8 0.8888888888888888
450 2 9 256 10 9 1.0
450 5 7 256 8 7 0.7777777777777778
451 7 7 256 8 7 0.7777777777777778
451 3 9 256 10 9 1.0
452 3 9 256 10 9 1.0
453 2 8 256 9 8 0.8888888888888888
453 5 7 256 8 7 0.7777777777777778
454 3 9 256 10 9 1.0
455 2 9 256 10 9 1.0
455 3 7 256 8 7 0.7777777777777778
456 3 9 256 10 9 1.0
457 3 9 256 10 9 1.0
457 4 7 256 8 7 0.7777777777777778
458 0 9 256 10 9 1.0
458 7 0 256 1 0 0.0
459 3 9 256 10 9 1.0
459 6 7 256 8 7 0.7777777777777778
460 4 8 256 9 8 0.8888888888888888
460 5 7 256 8 7 0.7777777777777778
460 3 9 256 10 9 1.0
461 4 9 256 10 9 1.0
462 2 9 256 10 9 1.0
463 8 8 256 9 8 0.8888888888888888
463 2 9 256 10 9 1.0
464 5 6 256 7 6 0.6666666666666666
464 2 9 256 10 9 1.0
465 5 0 256 1 0 0.0
465 4 7 256 8 7 0.7777777777777778
465 1 9 256 10 9 1.0
466 2 9 256 10 9 1.0
467 5 7 256 8 7 0.7777777777777778
467 3 9 256 10 9 1.0
467 4 8 256 9 8 0.8888888888888888
468 3 9 256 10 9 1.0
469 3 9 256 10 9 1.0
469 4 7 256 8 7 0.7777777777777778
470 1 9 256 10 9 1.0
471 5 7 256 8 7 0.7777777777777778
471 4 9 256 10 9 1.0
472 3 7 256 8 7 0.7777777777777778
473 4 9 256 10 9 1.0
474 6 7 256 8 7 0.7777777777777778
474 3 9 256 10 9 1.0
475 6 7 256 8 7 0.7777777777777778
475 5 8 256 9 8 0.8888888888888888
475 2 9 256 10 9 1.0
476 3 9 256 10 9 1.0
477 5 7 256 8 7 0.7777777777777778
477 2 9 256 10 9 1.0
478 5 7 256 8 7 0.7777777777777778
478 1 9 256 10 9 1.0
479 4 9 256 10 9 1.0
480 3 9 256 10 9 1.0
481 2 0 256 1 0 0.0
482 3 0 256 1 0 0.0
483 6 8 256 9 8 0.8888888888888888
483 1 9 256 10 9 1.0
484 2 9 256 10 9 1.0
485 3 9 256 10 9 1.0
485 4 7 256 8 7 0.7777777777777778
486 3 9 256 10 9 1.0
486 5 8 256 9 8 0.8888888888888888
487 2 9 256 10 9 1.0
487 5 0 256 1 0 0.0
488 3 7 256 8 7 0.7777777777777778
488 7 0 256 1 0 0.0
489 2 9 256 10 9 1.0
489 6 0 256 1 0 0.0
490 7 7 256 8 7 0.7777777777777778
490 5 8 256 9 8 0.8888888888888888
490 2 9 256 10 9 1.0
491 6 8 256 9 8 0.8888888888888888
491 8 7 256 8 7 0.7777777777777778
491 2 9 256 10 9 1.0
492 3 9 256 10 9 1.0
493 3 8 256 9 8 0.8888888888888888
493 1 9 256 10 9 1.0
494 2 9 256 10 9 1.0
494 5 8 256 9 8 0.8888888888888888
494 6 7 256 8 7 0.7777777777777778
495 3 9 256 10 9 1.0
495 7 7 256 8 7 0.7777777777777778
496 2 7 256 8 7 0.7777777777777778
497 7 0 256 1 0 0.0
497 2 9 256 10 9 1.0
497 4 8 256 9 8 0.8888888888888888
498 3 9 256 10 9 1.0
498 7 7 256 8 7 0.7777777777777778
499 2 9 256 10 9 1.0
500 5 0 256 1 0 0.0
500 3 9 256 10 9 1.0
501 6 8 256 9 8 0.8888888888888888
501 4 9 256 10 9 1.0
502 1 9 256 10 9 1.0
502 4 7 256 8 7 0.7777777777777778
503 2 9 256 10 9 1.0
504 3 9 256 10 9 1.0
504 6 8 256 9 8 0.8888888888888888
505 6 0 256 1 0 0.0
505 2 9 256 10 9 1.0
506 3 7 256 8 7 0.7777777777777778
507 3 9 256 10 9 1.0
507 8 5 256 6 5 0.5555555555555556
508 3 8 256 9 8 0.8888888888888888
509 4 7 256 8 7 0.7777777777777778
509 2 8 256 9 8 0.8888888888888888
510 3 9 256 10 9 1.0
511 4 9 256 10 9 1.0
511 7 0 256 1 0 0.0
512 3 7 256 8 7 0.7777777777777778
513 4 9 256 10 9 1.0
513 6 0 256 1 0 0.0
514 2 9 256 10 9 1.0
514 3 0 256 1 0 0.0
515 2 9 256 10 9 1.0
515 7 7 256 8 7 0.7777777777777778
516 4 8 256 9 8 0.8888888888888888
516 2 9 256 10 9 1.0
517 6 0 256 1 0 0.0
517 3 9 256 10 9 1.0
517 5 7 256 8 7 0.7777777777777778
518 5 0 256 1 0 0.0
518 3 9 256 10 9 1.0
519 2 9 256 10 9 1.0
519 7 8 256 9 8 0.8888888888888888
520 3 7 256 8 7 0.7777777777777778
521 3 7 256 8 7 0.7777777777777778
522 3 9 256 10 9 1.0
523 5 7 256 8 7 0.7777777777777778
523 2 9 256 10 9 1.0
524 5 7 256 8 7 0.7777777777777778
524 2 9 256 10 9 1.0
525 6 7 256 8 7 0.7777777777777778
525 3 9 256 10 9 1.0
525 4 8 256 9 8 0.8888888888888888
526 2 9 256 10 9 1.0
527 1 9 256 10 9 1.0
528 6 0 256 1 0 0.0
528 1 9 256 10 9 1.0
529 3 7 256 8 7 0.7777777777777778
529 2 9 256 10 9 1.0
530 4 9 256 10 9 1.0
530 6 0 256 1 0 0.0
531 5 7 256 8 7 0.7777777777777778
531 2 9 256 10 9 1.0
532 6 7 256 8 7 0.7777777777777778
532 3 9 256 10 9 1.0
533 7 8 256 9 8 0.8888888888888888
533 3 9 256 10 9 1.0
534 2 9 256 10 9 1.0
534 5 8 256 9 8 0.8888888888888888
535 5 0 256 1 0 0.0
535 3 9 256 10 9 1.0
536 3 9 256 10 9 1.0
537 2 9 256 10 9 1.0
538 6 7 256 8 7 0.7777777777777778
538 3 9 256 10 9 1.0
539 3 8 256 9 8 0.8888888888888888
540 5 7 256 8 7 0.7777777777777778
540 4 9 256 10 9 1.0
541 2 9 256 10 9 1.0
541 4 7 256 8 7 0.7777777777777778
542 2 9 256 10 9 1.0
542 3 7 256 8 7 0.7777777777777778
543 3 9 256 10 9 1.0
544 2 9 256 10 9 1.0
545 5 8 256 9 8 0.8888888888888888
545 3 9 256 10 9 1.0
545 6 7 256 8 7 0.7777777777777778
546 4 7 256 8 7 0.7777777777777778
547 5 7 256 8 7 0.7777777777777778
547 2 9 256 10 9 1.0
548 3 9 256 10 9 1.0
549 2 9 256 10 9 1.0
550 2 9 256 10 9 1.0
550 5 6 256 7 6 0.6666666666666666
550 4 8 256 9 8 0.8888888888888888
551 3 7 256 8 7 0.7777777777777778
552 2 9 256 10 9 1.0
553 4 8 256 9 8 0.8888888888888888
553 2 9 256 10 9 1.0
554 4 9 256 10 9 1.0
554 5 8 256 9 8 0.8888888888888888
554 7 7 256 8 7 0.7777777777777778
555 7 0 256 1 0 0.0
555 2 9 256 10 9 1.0
556 5 7 256 8 7 0.7777777777777778
556 3 9 256 10 9 1.0
557 4 9 256 10 9 1.0
557 7 7 256 8 7 0.7777777777777778
558 3 9 256 10 9 1.0
558 7 8 256 9 8 0.8888888888888888
558 8 7 256 8 7 0.7777777777777778
559 2 9 256 10 9 1.0
560 3 9 256 10 9 1.0
560 5 0 256 1 0 0.0
561 5 7 256 8 7 0.7777777777777778
561 3 9 256 10 9 1.0
562 4 9 256 10 9 1.0
563 3 8 256 9 8 0.8888888888888888
564 3 9 256 10 9 1.0
564 4 7 256 8 7 0.7777777777777778
565 3 7 256 8 7 0.7777777777777778
565 2 9 256 10 9 1.0
566 2 9 256 10 9 1.0
567 1 9 256 10 9 1.0
568 3 9 256 10 9 1.0
569 2 9 256 10 9 1.0
569 6 8 256 9 8 0.8888888888888888
570 2 9 256 10 9 1.0
570 5 7 256 8 7 0.7777777777777778
570 3 8 256 9 8 0.8888888888888888
571 2 0 256 1 0 0.0
572 7 6 256 7 6 0.6666666666666666
572 1 9 256 10 9 1.0
572 4 7 256 8 7 0.7777777777777778
573 3 9 256 10 9 1.0
573 4 7 256 8 7 0.7777777777777778
574 2 9 256 10 9 1.0
575 3 9 256 10 9 1.0
575 4 8 256 9 8 0.8888888888888888
576 4 9 256 10 9 1.0
576 8 7 256 8 7 0.7777777777777778
577 3 9 256 10 9 1.0
577 6 8 256 9 8 0.8888888888888888
578 2 9 256 10 9 1.0
578 6 8 256 9 8 0.8888888888888888
579 3 9 256 10 9 1.0
580 5 9 256 10 9 1.0
581 2 9 256 10 9 1.0
581 4 7 256 8 7 0.7777777777777778
582 2 9 256 10 9 1.0
582 5 8 256 9 8 0.8888888888888888
583 4 7 256 8 7 0.7777777777777778
583 2 9 256 10 9 1.0
584 3 9 256 10 9 1.0
585 5 7 256 8 7 0.7777777777777778
585 2 9 256 10 9 1.0
585 6 0 256 1 0 0.0
586 2 9 256 10 9 1.0
586 4 0 256 1 0 0.0
587 1 9 256 10 9 1.0
587 5 8 256 9 8 0.8888888888888888
588 3 9 256 10 9 1.0
589 2 8 256 9 8 0.8888888888888888
589 6 7 256 8 7 0.7777777777777778
590 2 9 256 10 9 1.0
591 4 9 256 10 9 1.0
592 2 9 256 10 9 1.0
593 4 9 256 10 9 1.0
593 8 7 256 8 7 0.7777777777777778
593 5 8 256 9 8 0.8888888888888888
594 2 9 256 10 9 1.0
595 7 7 256 8 7 0.7777777777777778
595 5 8 256 9 8 0.8888888888888888
595 4 9 256 10 9 1.0
596 2 9 256 10 9 1.0
597 3 9 256 10 9 1.0
597 4 8 256 9 8 0.8888888888888888
598 3 7 256 8 7 0.7777777777777778
598 5 0 256 1 0 0.0
599 5 9 256 10 9 1.0
600 4 9 256 10 9 1.0
601 4 9 256 10 9 1.0
601 5 7 256 8 7 0.7777777777777778
602 1 9 256 10 9 1.0
602 4 8 256 9 8 0.8888888888888888
603 3 9 256 10 9 1.0
604 2 9 256 10 9 1.0
605 3 9 256 10 9 1.0
605 4 0 256 1 0 0.0
606 5 9 256 10 9 1.0
606 6 7 256 8 7 0.7777777777777778
607 6 8 256 9 8 0.8888888888888888
607 1 9 256 10 9 1.0
608 4 8 256 9 8 0.8888888888888888
608 5 7 256 8 7 0.7777777777777778
609 2 0 256 1 0 0.0
610 8 7 256 8 7 0.7777777777777778
610 3 9 256 10 9 1.0
611 3 9 256 10 9 1.0
612 4 8 256 9 8 0.8888888888888888
612 2 9 256 10 9 1.0
613 4 9 256 10 9 1.0
614 7 8 256 9 8 0.8888888888888888
614 3 9 256 10 9 1.0
615 5 7 256 8 7 0.7777777777777778
615 3 9 256 10 9 1.0
616 3 9 256 10 9 1.0
616 6 8 256 9 8 0.8888888888888888
617 7 0 256 1 0 0.0
617 1 8 256 9 8 0.8888888888888888
617 4 7 256 8 7 0.7777777777777778
618 3 7 256 8 7 0.7777777777777778
619 2 9 256 10 9 1.0
619 5 5 256 6 5 0.5555555555555556
620 4 9 256 10 9 1.0
620 5 7 256 8 7 0.7777777777777778
621 3 9 256 10 9 1.0
621 4 8 256 9 8 0.8888888888888888
622 1 9 256 10 9 1.0
623 2 9 256 10 9 1.0
624 3 9 256 10 9 1.0
624 5 8 256 9 8 0.8888888888888888
625 4 0 256 1 0 0.0
625 2 9 256 10 9 1.0
626 3 0 256 1 0 0.0
627 2 9 256 10 9 1.0
628 2 9 256 10 9 1.0
629 3 9 256 10 9 1.0
629 4 7 256 8 7 0.7777777777777778
630 6 0 256 1 0 0.0
630 2 9 256 10 9 1.0
631 5 7 256 8 7 0.7777777777777778
631 3 9 256 10 9 1.0
632 4 9 256 10 9 1.0
632 5 7 256 8 7 0.7777777777777778
633 2 9 256 10 9 1.0
633 6 8 256 9 8 0.8888888888888888
634 6 8 256 9 8 0.8888888888888888
634 1 9 256 10 9 1.0
635 7 7 256 8 7 0.7777777777777778
635 1 9 256 10 9 1.0
636 3 7 256 8 7 0.7777777777777778
637 6 8 256 9 8 0.8888888888888888
637 3 9 256 10 9 1.0
638 3 9 256 10 9 1.0
639 6 7 256 8 7 0.7777777777777778
639 3 9 256 10 9 1.0
640 2 9 256 10 9 1.0
641 5 0 256 1 0 0.0
641 1 8 256 9 8 0.8888888888888888
642 7 8 256 9 8 0.8888888888888888
642 1 9 256 10 9 1.0
643 2 9 256 10 9 1.0
643 6 0 256 1 0 0.0
644 5 7 256 8 7 0.7777777777777778
644 3 9 256 10 9 1.0
645 3 9 256 10 9 1.0
646 6 0 256 1 0 0.0
646 2 9 256 10 9 1.0
647 2 9 256 10 9 1.0
648 4 7 256 8 7 0.7777777777777778
648 5 6 256 7 6 0.6666666666666666
648 2 9 256 10 9 1.0
649 4 8 256 9 8 0.8888888888888888
649 6 6 256 7 6 0.6666666666666666
650 3 9 256 10 9 1.0
651 3 0 256 1 0 0.0
652 4 0 256 1 0 0.0
653 3 9 256 10 9 1.0
653 5 7 256 8 7 0.7777777777777778
654 2 9 256 10 9 1.0
655 1 9 256 10 9 1.0
655 4 8 256 9 8 0.8888888888888888
656 7 0 256 1 0 0.0
656 2 9 256 10 9 1.0
657 5 7 256 8 7 0.7777777777777778
657 3 9 256 10 9 1.0
658 6 0 256 1 0 0.0
658 4 9 256 10 9 1.0
659 3 7 256 8 7 0.7777777777777778
659 2 9 256 10 9 1.0
660 2 9 256 10 9 1.0
660 6 7 256 8 7 0.7777777777777778
661 3 9 256 10 9 1.0
661 5 7 256 8 7 0.7777777777777778
662 3 9 256 10 9 1.0
662 4 8 256 9 8 0.8888888888888888
663 5 7 256 8 7 0.7777777777777778
663 1 9 256 10 9 1.0
664 4 7 256 8 7 0.7777777777777778
664 3 9 256 10 9 1.0
665 2 9 256 10 9 1.0
666 3 9 256 10 9 1.0
667 7 7 256 8 7 0.7777777777777778
667 3 8 256 9 8 0.8888888888888888
668 2 9 256 10 9 1.0
668 5 8 256 9 8 0.8888888888888888
669 2 9 256 10 9 1.0
670 5 0 256 1 0 0.0
670 3 9 256 10 9 1.0
671 2 9 256 10 9 1.0
671 7 0 256 1 0 0.0
671 5 8 256 9 8 0.8888888888888888
672 2 9 256 10 9 1.0
672 5 8 256 9 8 0.8888888888888888
673 3 9 256 10 9 1.0
673 6 7 256 8 7 0.7777777777777778
674 2 9 256 10 9 1.0
674 3 8 256 9 8 0.8888888888888888
674 5 0 256 1 0 0.0
675 3 9 256 10 9 1.0
675 5 8 256 9 8 0.8888888888888888
676 2 7 256 8 7 0.7777777777777778
677 2 9 256 10 9 1.0
678 4 7 256 8 7 0.7777777777777778
679 3 8 256 9 8 0.8888888888888888
680 3 9 256 10 9 1.0
681 3 8 256 9 8 0.8888888888888888
682 3 9 256 10 9 1.0
682 4 7 256 8 7 0.7777777777777778
683 0 9 256 10 9 1.0
683 5 8 256 9 8 0.8888888888888888
683 7 7 256 8 7 0.7777777777777778
684 5 0 256 1 0 0.0
684 2 9 256 10 9 1.0
685 3 9 256 10 9 1.0
685 5 8 256 9 8 0.8888888888888888
686 2 9 256 10 9 1.0
687 1 9 256 10 9 1.0
687 6 7 256 8 7 0.7777777777777778
688 3 9 256 10 9 1.0
688 7 7 256 8 7 0.7777777777777778
689 2 9 256 10 9 1.0
689 4 7 256 8 7 0.7777777777777778
690 4 9 256 10 9 1.0
691 5 0 256 1 0 0.0
691 2 9 256 10 9 1.0
692 4 0 256 1 0 0.0
693 3 9 256 10 9 1.0
693 4 7 256 8 7 0.7777777777777778
694 2 9 256 10 9 1.0
694 4 8 256 9 8 0.8888888888888888
695 3 9 256 10 9 1.0
696 3 9 256 10 9 1.0
696 5 0 256 1 0 0.0
697 3 9 256 10 9 1.0
698 3 9 256 10 9 1.0
698 7 0 256 1 0 0.0
699 1 9 256 10 9 1.0
700 4 0 256 1 0 0.0
700 2 9 256 10 9 1.0
701 2 9 256 10 9 1.0
701 6 7 256 8 7 0.7777777777777778
702 6 0 256 1 0 0.0
702 2 9 256 10 9 1.0
703 3 8 256 9 8 0.8888888888888888
703 7 7 256 8 7 0.7777777777777778
703 2 9 256 10 9 1.0
704 3 9 256 10 9 1.0
704 5 7 256 8 7 0.7777777777777778
705 4 9 256 10 9 1.0
705 5 7 256 8 7 0.7777777777777778
706 5 9 256 10 9 1.0
706 6 8 256 9 8 0.8888888888888888
707 3 9 256 10 9 1.0
708 0 9 256 10 9 1.0
709 4 7 256 8 7 0.7777777777777778
709 2 9 256 10 9 1.0
710 5 8 256 9 8 0.8888888888888888
710 3 9 256 10 9 1.0
711 2 9 256 10 9 1.0
711 5 8 256 9 8 0.8888888888888888
712 4 0 256 1 0 0.0
712 3 9 256 10 9 1.0
713 4 7 256 8 7 0.7777777777777778
713 2 9 256 10 9 1.0
713 5 0 256 1 0 0.0
714 4 8 256 9 8 0.8888888888888888
715 2 9 256 10 9 1.0
716 3 8 256 9 8 0.8888888888888888
716 6 6 256 7 6 0.6666666666666666
717 3 9 256 10 9 1.0
717 5 0 256 1 0 0.0
718 6 8 256 9 8 0.8888888888888888
718 3 9 256 10 9 1.0
719 1 9 256 10 9 1.0
720 3 9 256 10 9 1.0
720 4 7 256 8 7 0.7777777777777778
721 4 8 256 9 8 0.8888888888888888
721 5 0 256 1 0 0.0
722 7 6 256 7 6 0.6666666666666666
722 2 9 256 10 9 1.0
723 3 9 256 10 9 1.0
724 3 9 256 10 9 1.0
724 4 7 256 8 7 0.7777777777777778
725 2 9 256 10 9 1.0
725 3 8 256 9 8 0.8888888888888888
725 5 7 256 8 7 0.7777777777777778
726 3 9 256 10 9 1.0
726 6 0 256 1 0 0.0
727 4 9 256 10 9 1.0
728 4 9 256 10 9 1.0
729 2 9 256 10 9 1.0
730 3 9 256 10 9 1.0
730 9 7 256 8 7 0.7777777777777778
731 1 9 256 10 9 1.0
732 3 7 256 8 7 0.7777777777777778
733 4 7 256 8 7 0.7777777777777778
733 5 0 256 1 0 0.0
733 1 9 256 10 9 1.0
734 2 9 256 10 9 1.0
735 2 7 256 8 7 0.7777777777777778
736 7 8 256 9 8 0.8888888888888888
736 3 9 256 10 9 1.0
737 3 8 256 9 8 0.8888888888888888
737 4 7 256 8 7 0.7777777777777778
738 5 7 256 8 7 0.7777777777777778
738 4 8 256 9 8 0.8888888888888888
739 7 0 256 1 0 0.0
739 3 9 256 10 9 1.0
740 6 7 256 8 7 0.7777777777777778
740 4 8 256 9 8 0.8888888888888888
740 2 9 256 10 9 1.0
741 2 7 256 8 7 0.7777777777777778
742 2 0 256 1 0 0.0
743 4 7 256 8 7 0.7777777777777778
743 0 9 256 10 9 1.0
744 5 7 256 8 7 0.7777777777777778
744 4 8 256 9 8 0.8888888888888888
744 3 9 256 10 9 1.0
745 2 9 256 10 9 1.0
745 6 7 256 8 7 0.7777777777777778
746 4 9 256 10 9 1.0
746 7 8 256 9 8 0.8888888888888888
747 3 9 256 10 9 1.0
747 4 8 256 9 8 0.8888888888888888
747 5 0 256 1 0 0.0
748 2 9 256 10 9 1.0
748 5 8 256 9 8 0.8888888888888888
748 6 7 256 8 7 0.7777777777777778
749 5 8 256 9 8 0.8888888888888888
749 2 9 256 10 9 1.0
750 5 7 256 8 7 0.7777777777777778
750 3 9 256 10 9 1.0
751 2 9 256 10 9 1.0
751 7 7 256 8 7 0.7777777777777778
752 4 8 256 9 8 0.8888888888888888
752 1 9 256 10 9 1.0
752 6 0 256 1 0 0.0
752 5 7 256 8 7 0.7777777777777778
753 5 8 256 9 8 0.8888888888888888
753 3 9 256 10 9 1.0
754 3 9 256 10 9 1.0
755 2 7 256 8 7 0.7777777777777778
756 3 9 256 10 9 1.0
757 4 7 256 8 7 0.7777777777777778
757 3 9 256 10 9 1.0
758 4 9 256 10 9 1.0
759 3 9 256 10 9 1.0
759 7 0 256 1 0 0.0
759 6 8 256 9 8 0.8888888888888888
760 5 7 256 8 7 0.7777777777777778
760 2 9 256 10 9 1.0
761 2 9 256 10 9 1.0
761 4 0 256 1 0 0.0
762 1 9 256 10 9 1.0
763 4 7 256 8 7 0.7777777777777778
764 4 7 256 8 7 0.7777777777777778
764 1 9 256 10 9 1.0
765 4 7 256 8 7 0.7777777777777778
765 3 9 256 10 9 1.0
766 6 8 256 9 8 0.8888888888888888
766 3 9 256 10 9 1.0
767 3 9 256 10 9 1.0
768 3 9 256 10 9 1.0
768 6 8 256 9 8 0.8888888888888888
769 6 7 256 8 7 0.7777777777777778
769 2 9 256 10 9 1.0
770 3 9 256 10 9 1.0
770 6 7 256 8 7 0.7777777777777778
771 5 8 256 9 8 0.8888888888888888
771 3 9 256 10 9 1.0
772 2 9 256 10 9 1.0
772 5 7 256 8 7 0.7777777777777778
773 6 8 256 9 8 0.8888888888888888
773 2 9 256 10 9 1.0
774 2 9 256 10 9 1.0
775 5 7 256 8 7 0.7777777777777778
775 4 9 256 10 9 1.0
776 2 9 256 10 9 1.0
777 3 7 256 8 7 0.7777777777777778
778 2 9 256 10 9 1.0
778 5 0 256 1 0 0.0
779 3 9 256 10 9 1.0
780 4 7 256 8 7 0.7777777777777778
780 3 9 256 10 9 1.0
780 6 0 256 1 0 0.0
781 6 7 256 8 7 0.7777777777777778
781 4 9 256 10 9 1.0
782 5 5 256 6 5 0.5555555555555556
782 4 8 256 9 8 0.8888888888888888
782 2 9 256 10 9 1.0
783 4 8 256 9 8 0.8888888888888888
783 3 9 256 10 9 1.0
784 6 8 256 9 8 0.8888888888888888
784 3 9 256 10 9 1.0
785 5 8 256 9 8 0.8888888888888888
785 1 9 256 10 9 1.0
785 8 6 256 7 6 0.6666666666666666
786 0 9 256 10 9 1.0
786 3 7 256 8 7 0.7777777777777778
787 3 9 256 10 9 1.0
788 5 8 256 9 8 0.8888888888888888
788 7 0 256 1 0 0.0
789 6 7 256 8 7 0.7777777777777778
789 2 9 256 10 9 1.0
790 3 9 256 10 9 1.0
790 6 7 256 8 7 0.7777777777777778
791 2 9 256 10 9 1.0
792 2 9 256 10 9 1.0
792 5 8 256 9 8 0.8888888888888888
793 4 7 256 8 7 0.7777777777777778
794 4 9 256 10 9 1.0
795 5 7 256 8 7 0.7777777777777778
795 3 9 256 10 9 1.0
796 4 7 256 8 7 0.7777777777777778
796 3 9 256 10 9 1.0
797 1 8 256 9 8 0.8888888888888888
798 6 8 256 9 8 0.8888888888888888
798 3 9 256 10 9 1.0
799 3 7 256 8 7 0.7777777777777778
799 2 9 256 10 9 1.0
800 3 9 256 10 9 1.0
801 3 9 256 10 9 1.0
801 5 7 256 8 7 0.7777777777777778
802 5 6 256 7 6 0.6666666666666666
802 4 7 256 8 7 0.7777777777777778
803 1 9 256 10 9 1.0
803 7 7 256 8 7 0.7777777777777778
804 6 7 256 8 7 0.7777777777777778
804 3 9 256 10 9 1.0
804 4 8 256 9 8 0.8888888888888888
805 4 9 256 10 9 1.0
805 5 7 256 8 7 0.7777777777777778
805 6 0 256 1 0 0.0
806 3 9 256 10 9 1.0
807 3 9 256 10 9 1.0
807 5 7 256 8 7 0.7777777777777778
808 3 9 256 10 9 1.0
808 5 0 256 1 0 0.0
809 7 8 256 9 8 0.8888888888888888
809 3 9 256 10 9 1.0
810 2 9 256 10 9 1.0
810 9 0 256 1 0 0.0
811 3 7 256 8 7 0.7777777777777778
811 2 9 256 10 9 1.0
812 7 7 256 8 7 0.7777777777777778
812 2 9 256 10 9 1.0
813 4 7 256 8 7 0.7777777777777778
814 2 9 256 10 9 1.0
814 7 0 256 1 0 0.0
814 5 7 256 8 7 0.7777777777777778
815 6 8 256 9 8 0.8888888888888888
815 3 9 256 10 9 1.0
816 3 9 256 10 9 1.0
816 5 7 256 8 7 0.7777777777777778
817 3 7 256 8 7 0.7777777777777778
818 3 0 256 1 0 0.0
819 2 9 256 10 9 1.0
820 3 9 256 10 9 1.0
820 7 7 256 8 7 0.7777777777777778
821 3 9 256 10 9 1.0
821 7 7 256 8 7 0.7777777777777778
822 3 9 256 10 9 1.0
823 2 9 256 10 9 1.0
823 3 7 256 8 7 0.7777777777777778
824 3 9 256 10 9 1.0
824 5 7 256 8 7 0.7777777777777778
825 2 9 256 10 9 1.0
825 4 7 256 8 7 0.7777777777777778
826 4 9 256 10 9 1.0
826 8 8 256 9 8 0.8888888888888888
827 4 9 256 10 9 1.0
827 7 7 256 8 7 0.7777777777777778
828 3 9 256 10 9 1.0
828 4 7 256 8 7 0.7777777777777778
829 1 8 256 9 8 0.8888888888888888
830 5 8 256 9 8 0.8888888888888888
830 4 9 256 10 9 1.0
830 6 7 256 8 7 0.7777777777777778
831 4 8 256 9 8 0.8888888888888888
831 3 9 256 10 9 1.0
832 6 8 256 9 8 0.8888888888888888
832 3 9 256 10 9 1.0
833 1 9 256 10 9 1.0
833 3 0 256 1 0 0.0
834 4 8 256 9 8 0.8888888888888888
835 4 8 256 9 8 0.8888888888888888
835 3 9 256 10 9 1.0
835 5 0 256 1 0 0.0
836 3 9 256 10 9 1.0
837 3 9 256 10 9 1.0
837 5 7 256 8 7 0.7777777777777778
838 4 0 256 1 0 0.0
838 3 9 256 10 9 1.0
839 2 9 256 10 9 1.0
839 4 7 256 8 7 0.7777777777777778
840 4 8 256 9 8 0.8888888888888888
841 3 9 256 10 9 1.0
842 5 8 256 9 8 0.8888888888888888
842 3 9 256 10 9 1.0
843 3 9 256 10 9 1.0
843 4 8 256 9 8 0.8888888888888888
844 6 7 256 8 7 0.7777777777777778
844 7 5 256 6 5 0.5555555555555556
844 3 9 256 10 9 1.0
845 2 8 256 9 8 0.8888888888888888
846 6 7 256 8 7 0.7777777777777778
846 3 9 256 10 9 1.0
847 7 6 256 7 6 0.6666666666666666
847 3 9 256 10 9 1.0
848 1 9 256 10 9 1.0
848 3 0 256 1 0 0.0
849 2 9 256 10 9 1.0
849 4 7 256 8 7 0.7777777777777778
850 6 8 256 9 8 0.8888888888888888
850 3 9 256 10 9 1.0
851 4 9 256 10 9 1.0
852 4 7 256 8 7 0.7777777777777778
852 2 9 256 10 9 1.0
853 3 9 256 10 9 1.0
853 6 8 256 9 8 0.8888888888888888
854 1 9 256 10 9 1.0
854 5 8 256 9 8 0.8888888888888888
854 7 7 256 8 7 0.7777777777777778
855 5 0 256 1 0 0.0
855 2 9 256 10 9 1.0
856 4 9 256 10 9 1.0
856 7 7 256 8 7 0.7777777777777778
857 3 7 256 8 7 0.7777777777777778
857 1 9 256 10 9 1.0
858 3 9 256 10 9 1.0
858 5 0 256 1 0 0.0
859 6 7 256 8 7 0.7777777777777778
859 4 8 256 9 8 0.8888888888888888
859 2 9 256 10 9 1.0
860 2 9 256 10 9 1.0
860 4 8 256 9 8 0.8888888888888888
860 8 7 256 8 7 0.7777777777777778
861 4 8 256 9 8 0.8888888888888888
861 3 9 256 10 9 1.0
862 3 9 256 10 9 1.0
862 7 7 256 8 7 0.7777777777777778
862 6 8 256 9 8 0.8888888888888888
863 0 9 256 10 9 1.0
864 4 9 256 10 9 1.0
864 8 6 256 7 6 0.6666666666666666
864 5 8 256 9 8 0.8888888888888888
865 5 7 256 8 7 0.7777777777777778
865 8 0 256 1 0 0.0
865 3 9 256 10 9 1.0
866 6 7 256 8 7 0.7777777777777778
866 3 9 256 10 9 1.0
866 5 8 256 9 8 0.8888888888888888
867 6 7 256 8 7 0.7777777777777778
867 4 9 256 10 9 1.0
868 5 8 256 9 8 0.8888888888888888
868 7 0 256 1 0 0.0
868 3 9 256 10 9 1.0
869 4 7 256 8 7 0.7777777777777778
869 3 9 256 10 9 1.0
870 3 9 256 10 9 1.0
870 9 8 256 9 8 0.8888888888888888
871 3 9 256 10 9 1.0
872 5 0 256 1 0 0.0
872 3 7 256 8 7 0.7777777777777778
873 4 8 256 9 8 0.8888888888888888
874 5 7 256 8 7 0.7777777777777778
874 2 9 256 10 9 1.0
875 4 7 256 8 7 0.7777777777777778
875 3 9 256 10 9 1.0
876 2 9 256 10 9 1.0
876 3 7 256 8 7 0.7777777777777778
877 2 9 256 10 9 1.0
877 5 7 256 8 7 0.7777777777777778
878 7 0 256 1 0 0.0
878 3 9 256 10 9 1.0
879 1 9 256 10 9 1.0
879 5 0 256 1 0 0.0
879 3 8 256 9 8 0.8888888888888888
880 3 9 256 10 9 1.0
881 3 9 256 10 9 1.0
882 5 8 256 9 8 0.8888888888888888
882 0 9 256 10 9 1.0
883 3 9 256 10 9 1.0
884 3 9 256 10 9 1.0
884 6 7 256 8 7 0.7777777777777778
885 4 7 256 8 7 0.7777777777777778
885 3 9 256 10 9 1.0
886 2 9 256 10 9 1.0
886 4 0 256 1 0 0.0
887 7 8 256 9 8 0.8888888888888888
887 4 9 256 10 9 1.0
888 3 9 256 10 9 1.0
888 5 8 256 9 8 0.8888888888888888
888 6 5 256 6 5 0.5555555555555556
888 8 0 256 1 0 0.0
889 3 0 256 1 0 0.0
890 2 9 256 10 9 1.0
891 5 8 256 9 8 0.8888888888888888
891 3 9 256 10 9 1.0
892 3 9 256 10 9 1.0
893 5 7 256 8 7 0.7777777777777778
893 3 9 256 10 9 1.0
894 3 9 256 10 9 1.0
894 5 8 256 9 8 0.8888888888888888
895 1 9 256 10 9 1.0
895 3 8 256 9 8 0.8888888888888888
896 5 7 256 8 7 0.7777777777777778
896 3 9 256 10 9 1.0
897 2 9 256 10 9 1.0
897 5 0 256 1 0 0.0
898 4 9 256 10 9 1.0
898 6 0 256 1 0 0.0
899 6 7 256 8 7 0.7777777777777778
899 3 9 256 10 9 1.0
899 5 8 256 9 8 0.8888888888888888
900 2 9 256 10 9 1.0
901 2 9 256 10 9 1.0
902 4 7 256 8 7 0.7777777777777778
903 3 9 256 10 9 1.0
903 5 7 256 8 7 0.7777777777777778
904 4 0 256 1 0 0.0
904 3 7 256 8 7 0.7777777777777778
905 4 9 256 10 9 1.0
906 6 7 256 8 7 0.7777777777777778
906 3 9 256 10 9 1.0
907 3 9 256 10 9 1.0
907 5 8 256 9 8 0.8888888888888888
908 2 9 256 10 9 1.0
908 5 6 256 7 6 0.6666666666666666
909 3 9 256 10 9 1.0
910 5 7 256 8 7 0.7777777777777778
910 3 9 256 10 9 1.0
910 6 0 256 1 0 0.0
911 5 9 256 10 9 1.0
912 4 7 256 8 7 0.7777777777777778
913 5 7 256 8 7 0.7777777777777778
913 3 8 256 9 8 0.8888888888888888
914 3 9 256 10 9 1.0
914 6 7 256 8 7 0.7777777777777778
914 5 8 256 9 8 0.8888888888888888
915 2 9 256 10 9 1.0
915 5 7 256 8 7 0.7777777777777778
916 1 9 256 10 9 1.0
917 2 9 256 10 9 1.0
917 4 7 256 8 7 0.7777777777777778
918 5 7 256 8 7 0.7777777777777778
918 2 9 256 10 9 1.0
919 2 9 256 10 9 1.0
920 7 0 256 1 0 0.0
920 3 9 256 10 9 1.0
921 2 9 256 10 9 1.0
921 5 5 256 6 5 0.5555555555555556
922 2 9 256 10 9 1.0
922 5 0 256 1 0 0.0
923 6 0 256 1 0 0.0
923 1 9 256 10 9 1.0
923 3 8 256 9 8 0.8888888888888888
924 3 9 256 10 9 1.0
924 5 7 256 8 7 0.7777777777777778
925 4 9 256 10 9 1.0
926 2 9 256 10 9 1.0
927 4 9 256 10 9 1.0
928 3 9 256 10 9 1.0
929 4 8 256 9 8 0.8888888888888888
929 3 9 256 10 9 1.0
930 2 9 256 10 9 1.0
931 3 9 256 10 9 1.0
932 3 9 256 10 9 1.0
933 4 7 256 8 7 0.7777777777777778
934 2 9 256 10 9 1.0
934 4 8 256 9 8 0.8888888888888888
935 3 9 256 10 9 1.0
935 4 7 256 8 7 0.7777777777777778
936 4 9 256 10 9 1.0
936 5 0 256 1 0 0.0
937 3 9 256 10 9 1.0
937 6 0 256 1 0 0.0
938 3 9 256 10 9 1.0
938 6 8 256 9 8 0.8888888888888888
939 3 0 256 1 0 0.0
940 3 9 256 10 9 1.0
940 5 7 256 8 7 0.7777777777777778
941 4 0 256 1 0 0.0
941 3 9 256 10 9 1.0
942 4 9 256 10 9 1.0
942 5 7 256 8 7 0.7777777777777778
943 6 0 256 1 0 0.0
943 4 8 256 9 8 0.8888888888888888
943 3 9 256 10 9 1.0
944 3 0 256 1 0 0.0
945 2 9 256 10 9 1.0
945 5 8 256 9 8 0.8888888888888888
946 3 8 256 9 8 0.8888888888888888
946 4 0 256 1 0 0.0
947 5 8 256 9 8 0.8888888888888888
947 2 9 256 10 9 1.0
948 4 9 256 10 9 1.0
948 6 0 256 1 0 0.0
949 2 9 256 10 9 1.0
950 2 9 256 10 9 1.0
951 2 9 256 10 9 1.0
952 4 8 256 9 8 0.8888888888888888
952 5 7 256 8 7 0.7777777777777778
952 2 9 256 10 9 1.0
953 4 0 256 1 0 0.0
953 3 7 256 8 7 0.7777777777777778
954 4 9 256 10 9 1.0
955 2 9 256 10 9 1.0
955 6 0 256 1 0 0.0
955 5 7 256 8 7 0.7777777777777778
956 4 0 256 1 0 0.0
957 3 9 256 10 9 1.0
957 6 7 256 8 7 0.7777777777777778
958 5 0 256 1 0 0.0
958 3 9 256 10 9 1.0
959 4 8 256 9 8 0.8888888888888888
960 2 9 256 10 9 1.0
960 7 7 256 8 7 0.7777777777777778
961 3 9 256 10 9 1.0
961 7 8 256 9 8 0.8888888888888888
962 3 9 256 10 9 1.0
962 5 8 256 9 8 0.8888888888888888
963 5 6 256 7 6 0.6666666666666666
963 1 9 256 10 9 1.0
964 3 9 256 10 9 1.0
965 3 9 256 10 9 1.0
965 6 8 256 9 8 0.8888888888888888
966 9 7 256 8 7 0.7777777777777778
966 3 9 256 10 9 1.0
966 8 8 256 9 8 0.8888888888888888
967 2 9 256 10 9 1.0
968 4 7 256 8 7 0.7777777777777778
968 3 9 256 10 9 1.0
969 3 9 256 10 9 1.0
969 6 7 256 8 7 0.7777777777777778
970 7 7 256 8 7 0.7777777777777778
970 1 9 256 10 9 1.0
971 2 9 256 10 9 1.0
971 5 7 256 8 7 0.7777777777777778
972 3 9 256 10 9 1.0
973 3 9 256 10 9 1.0
973 5 0 256 1 0 0.0
974 2 9 256 10 9 1.0
974 5 7 256 8 7 0.7777777777777778
975 6 7 256 8 7 0.7777777777777778
975 3 9 256 10 9 1.0
975 5 8 256 9 8 0.8888888888888888
976 2 9 256 10 9 1.0
976 6 8 256 9 8 0.8888888888888888
977 3 9 256 10 9 1.0
978 3 9 256 10 9 1.0
978 5 8 256 9 8 0.8888888888888888
979 3 9 256 10 9 1.0
979 7 8 256 9 8 0.8888888888888888
980 1 9 256 10 9 1.0
981 3 7 256 8 7 0.7777777777777778
981 1 9 256 10 9 1.0
982 3 9 256 10 9 1.0
982 7 7 256 8 7 0.7777777777777778
983 7 0 256 1 0 0.0
983 4 8 256 9 8 0.8888888888888888
984 4 0 256 1 0 0.0
984 2 9 256 10 9 1.0
985 4 7 256 8 7 0.7777777777777778
986 6 7 256 8 7 0.7777777777777778
986 5 8 256 9 8 0.8888888888888888
986 3 9 256 10 9 1.0
987 2 9 256 10 9 1.0
987 3 7 256 8 7 0.7777777777777778
988 5 0 256 1 0 0.0
988 3 9 256 10 9 1.0
989 3 9 256 10 9 1.0
990 3 9 256 10 9 1.0
991 3 9 256 10 9 1.0
991 4 8 256 9 8 0.8888888888888888
992 2 9 256 10 9 1.0
992 4 7 256 8 7 0.7777777777777778
993 3 7 256 8 7 0.7777777777777778
993 2 9 256 10 9 1.0
994 4 7 256 8 7 0.7777777777777778
995 1 9 256 10 9 1.0
995 8 8 256 9 8 0.8888888888888888
996 2 9 256 10 9 1.0
997 5 8 256 9 8 0.8888888888888888
997 3 9 256 10 9 1.0
998 2 9 256 10 9 1.0
998 7 0 256 1 0 0.0
999 3 9 256 10 9 1.0
1000 3 9 256 10 9 1.0
1000 6 7 256 8 7 0.7777777777777778
1000 4 8 256 9 8 0.8888888888888888
