gen testSuiteSize notKilledMutants number_of_tests no_discount_objective no_equiv_mut_not_killed no_equiv_mut_not_killed_perc
1 4 0 13 0 0 0.0
1 1 1 34 1 1 0.1
2 4 0 65 0 0 0.0
2 2 2 70 2 2 0.2
3 3 1 87 1 1 0.1
3 6 0 106 0 0 0.0
4 4 0 116 0 0 0.0
4 2 1 119 1 1 0.1
5 6 0 138 0 0 0.0
5 2 3 147 3 3 0.3
5 3 1 149 1 1 0.1
6 2 6 162 6 6 0.6
6 5 0 164 0 0 0.0
6 3 1 166 1 1 0.1
7 3 3 172 3 3 0.3
7 5 0 185 0 0 0.0
7 4 1 188 1 1 0.1
8 2 0 188 0 0 0.0
8 1 7 194 7 7 0.7
9 4 2 198 2 2 0.2
9 5 0 198 0 0 0.0
9 3 3 201 3 3 0.3
9 2 5 206 5 5 0.5
10 3 0 215 0 0 0.0
11 1 7 216 7 7 0.7
11 4 0 218 0 0 0.0
11 3 2 219 2 2 0.2
12 3 2 221 2 2 0.2
12 5 0 223 0 0 0.0
12 4 1 231 1 1 0.1
13 2 2 231 2 2 0.2
13 4 1 234 1 1 0.1
13 8 0 235 0 0 0.0
14 3 1 238 1 1 0.1
14 4 0 241 0 0 0.0
14 2 3 242 3 3 0.3
15 3 2 243 2 2 0.2
15 5 0 243 0 0 0.0
16 3 1 245 1 1 0.1
16 4 0 245 0 0 0.0
17 2 3 249 3 3 0.3
17 4 0 250 0 0 0.0
18 4 0 253 0 0 0.0
18 2 4 253 4 4 0.4
19 4 1 253 1 1 0.1
19 3 3 253 3 3 0.3
19 7 0 253 0 0 0.0
20 5 0 254 0 0 0.0
20 4 1 254 1 1 0.1
21 6 0 254 0 0 0.0
21 3 4 254 4 4 0.4
21 2 6 254 6 6 0.6
21 4 1 254 1 1 0.1
22 2 5 254 5 5 0.5
22 3 1 255 1 1 0.1
22 4 0 255 0 0 0.0
23 4 0 255 0 0 0.0
23 3 1 255 1 1 0.1
24 3 2 255 2 2 0.2
24 4 1 255 1 1 0.1
25 4 0 255 0 0 0.0
25 2 4 255 4 4 0.4
26 4 0 255 0 0 0.0
26 3 3 255 3 3 0.3
27 4 0 255 0 0 0.0
27 2 1 255 1 1 0.1
28 2 2 255 2 2 0.2
28 5 0 255 0 0 0.0
29 3 0 255 0 0 0.0
30 6 0 255 0 0 0.0
30 3 2 255 2 2 0.2
30 5 1 255 1 1 0.1
31 5 0 255 0 0 0.0
31 1 4 255 4 4 0.4
31 3 3 255 3 3 0.3
31 4 1 255 1 1 0.1
32 3 2 256 2 2 0.2
32 4 0 256 0 0 0.0
32 1 5 256 5 5 0.5
33 5 0 256 0 0 0.0
33 4 2 256 2 2 0.2
33 3 3 256 3 3 0.3
34 3 1 256 1 1 0.1
34 6 0 256 0 0 0.0
35 4 1 256 1 1 0.1
35 3 2 256 2 2 0.2
36 3 1 256 1 1 0.1
36 4 0 256 0 0 0.0
37 4 0 256 0 0 0.0
37 3 1 256 1 1 0.1
38 5 1 256 1 1 0.1
38 6 0 256 0 0 0.0
38 4 2 256 2 2 0.2
39 3 3 256 3 3 0.3
39 5 0 256 0 0 0.0
39 4 1 256 1 1 0.1
40 3 1 256 1 1 0.1
40 2 2 256 2 2 0.2
40 4 0 256 0 0 0.0
40 1 4 256 4 4 0.4
41 5 0 256 0 0 0.0
41 3 1 256 1 1 0.1
41 0 10 256 10 10 1.0
42 3 1 256 1 1 0.1
42 7 0 256 0 0 0.0
43 6 0 256 0 0 0.0
43 2 1 256 1 1 0.1
44 2 0 256 0 0 0.0
45 5 0 256 0 0 0.0
45 2 4 256 4 4 0.4
46 3 2 256 2 2 0.2
46 4 0 256 0 0 0.0
47 3 0 256 0 0 0.0
48 3 2 256 2 2 0.2
48 4 0 256 0 0 0.0
49 3 1 256 1 1 0.1
49 4 0 256 0 0 0.0
50 4 0 256 0 0 0.0
51 2 0 256 0 0 0.0
52 5 1 256 1 1 0.1
52 3 4 256 4 4 0.4
52 6 0 256 0 0 0.0
53 3 2 256 2 2 0.2
53 4 0 256 0 0 0.0
54 4 0 256 0 0 0.0
55 5 0 256 0 0 0.0
55 3 1 256 1 1 0.1
56 3 3 256 3 3 0.3
56 4 0 256 0 0 0.0
57 3 6 256 6 6 0.6
57 4 1 256 1 1 0.1
57 5 0 256 0 0 0.0
58 2 4 256 4 4 0.4
58 5 0 256 0 0 0.0
59 1 3 256 3 3 0.3
59 3 0 256 0 0 0.0
60 2 0 256 0 0 0.0
61 3 0 256 0 0 0.0
61 2 4 256 4 4 0.4
62 2 4 256 4 4 0.4
62 3 0 256 0 0 0.0
63 4 0 256 0 0 0.0
64 3 0 256 0 0 0.0
64 2 5 256 5 5 0.5
65 5 0 256 0 0 0.0
65 3 1 256 1 1 0.1
65 2 6 256 6 6 0.6
66 3 3 256 3 3 0.3
66 5 0 256 0 0 0.0
67 3 1 256 1 1 0.1
67 4 0 256 0 0 0.0
68 3 2 256 2 2 0.2
68 4 0 256 0 0 0.0
69 4 0 256 0 0 0.0
70 5 0 256 0 0 0.0
70 1 8 256 8 8 0.8
70 4 1 256 1 1 0.1
71 3 4 256 4 4 0.4
71 6 0 256 0 0 0.0
71 4 2 256 2 2 0.2
72 3 4 256 4 4 0.4
72 4 0 256 0 0 0.0
73 2 3 256 3 3 0.3
73 3 0 256 0 0 0.0
74 4 0 256 0 0 0.0
75 5 0 256 0 0 0.0
75 3 1 256 1 1 0.1
76 3 0 256 0 0 0.0
77 4 0 256 0 0 0.0
78 3 0 256 0 0 0.0
79 5 1 256 1 1 0.1
79 4 3 256 3 3 0.3
79 6 0 256 0 0 0.0
79 1 6 256 6 6 0.6
79 3 4 256 4 4 0.4
80 4 0 256 0 0 0.0
80 3 1 256 1 1 0.1
81 3 1 256 1 1 0.1
81 2 5 256 5 5 0.5
81 4 0 256 0 0 0.0
82 2 2 256 2 2 0.2
82 3 0 256 0 0 0.0
83 4 1 256 1 1 0.1
83 1 6 256 6 6 0.6
83 5 0 256 0 0 0.0
84 5 0 256 0 0 0.0
85 3 0 256 0 0 0.0
86 3 1 256 1 1 0.1
86 4 0 256 0 0 0.0
87 2 2 256 2 2 0.2
87 3 0 256 0 0 0.0
88 3 0 256 0 0 0.0
89 4 0 256 0 0 0.0
89 3 3 256 3 3 0.3
90 4 1 256 1 1 0.1
90 5 0 256 0 0 0.0
90 3 2 256 2 2 0.2
91 3 0 256 0 0 0.0
92 3 0 256 0 0 0.0
93 5 0 256 0 0 0.0
93 3 1 256 1 1 0.1
94 5 0 256 0 0 0.0
94 3 2 256 2 2 0.2
94 2 3 256 3 3 0.3
95 4 1 256 1 1 0.1
95 5 0 256 0 0 0.0
96 2 1 256 1 1 0.1
96 5 0 256 0 0 0.0
97 4 0 256 0 0 0.0
97 3 1 256 1 1 0.1
98 3 0 256 0 0 0.0
99 6 0 256 0 0 0.0
99 5 1 256 1 1 0.1
99 3 2 256 2 2 0.2
100 3 7 256 7 7 0.7
100 4 0 256 0 0 0.0
101 4 0 256 0 0 0.0
101 2 2 256 2 2 0.2
101 3 1 256 1 1 0.1
102 4 1 256 1 1 0.1
102 5 0 256 0 0 0.0
103 4 0 256 0 0 0.0
103 3 1 256 1 1 0.1
104 2 5 256 5 5 0.5
104 4 0 256 0 0 0.0
105 2 3 256 3 3 0.3
105 4 0 256 0 0 0.0
105 3 1 256 1 1 0.1
106 2 2 256 2 2 0.2
106 4 1 256 1 1 0.1
106 5 0 256 0 0 0.0
107 5 0 256 0 0 0.0
107 3 1 256 1 1 0.1
108 3 1 256 1 1 0.1
108 2 4 256 4 4 0.4
108 6 0 256 0 0 0.0
109 3 1 256 1 1 0.1
109 5 0 256 0 0 0.0
110 3 1 256 1 1 0.1
110 6 0 256 0 0 0.0
111 5 0 256 0 0 0.0
111 2 1 256 1 1 0.1
112 5 0 256 0 0 0.0
112 3 1 256 1 1 0.1
113 3 3 256 3 3 0.3
113 4 0 256 0 0 0.0
114 4 0 256 0 0 0.0
115 3 3 256 3 3 0.3
115 4 0 256 0 0 0.0
116 4 0 256 0 0 0.0
116 2 2 256 2 2 0.2
117 4 0 256 0 0 0.0
117 3 1 256 1 1 0.1
118 2 4 256 4 4 0.4
118 4 0 256 0 0 0.0
118 3 3 256 3 3 0.3
119 4 0 256 0 0 0.0
120 4 0 256 0 0 0.0
120 3 2 256 2 2 0.2
121 3 1 256 1 1 0.1
121 5 0 256 0 0 0.0
122 3 0 256 0 0 0.0
123 3 0 256 0 0 0.0
124 4 0 256 0 0 0.0
125 3 0 256 0 0 0.0
126 3 1 256 1 1 0.1
126 4 0 256 0 0 0.0
127 7 0 256 0 0 0.0
127 4 1 256 1 1 0.1
127 2 5 256 5 5 0.5
128 2 1 256 1 1 0.1
128 3 0 256 0 0 0.0
129 4 0 256 0 0 0.0
130 4 1 256 1 1 0.1
130 5 0 256 0 0 0.0
131 5 0 256 0 0 0.0
131 3 1 256 1 1 0.1
132 4 0 256 0 0 0.0
133 3 2 256 2 2 0.2
133 4 0 256 0 0 0.0
134 4 0 256 0 0 0.0
135 3 0 256 0 0 0.0
136 3 1 256 1 1 0.1
136 5 0 256 0 0 0.0
137 3 0 256 0 0 0.0
137 2 3 256 3 3 0.3
138 4 1 256 1 1 0.1
138 5 0 256 0 0 0.0
139 4 0 256 0 0 0.0
139 3 3 256 3 3 0.3
140 4 0 256 0 0 0.0
140 2 5 256 5 5 0.5
141 3 0 256 0 0 0.0
142 3 2 256 2 2 0.2
142 4 1 256 1 1 0.1
142 6 0 256 0 0 0.0
143 4 0 256 0 0 0.0
143 3 2 256 2 2 0.2
144 1 3 256 3 3 0.3
144 3 0 256 0 0 0.0
145 4 0 256 0 0 0.0
146 3 3 256 3 3 0.3
146 4 0 256 0 0 0.0
147 2 4 256 4 4 0.4
147 4 0 256 0 0 0.0
148 4 0 256 0 0 0.0
149 5 0 256 0 0 0.0
149 3 2 256 2 2 0.2
149 4 1 256 1 1 0.1
150 3 1 256 1 1 0.1
150 4 0 256 0 0 0.0
151 4 0 256 0 0 0.0
152 6 0 256 0 0 0.0
152 3 1 256 1 1 0.1
153 3 1 256 1 1 0.1
153 4 0 256 0 0 0.0
154 4 0 256 0 0 0.0
155 3 0 256 0 0 0.0
155 2 1 256 1 1 0.1
156 4 0 256 0 0 0.0
156 3 1 256 1 1 0.1
157 5 0 256 0 0 0.0
158 5 0 256 0 0 0.0
158 3 1 256 1 1 0.1
159 5 0 256 0 0 0.0
159 3 1 256 1 1 0.1
160 4 0 256 0 0 0.0
161 4 1 256 1 1 0.1
161 5 0 256 0 0 0.0
161 2 3 256 3 3 0.3
162 4 0 256 0 0 0.0
163 2 5 256 5 5 0.5
163 5 0 256 0 0 0.0
164 3 0 256 0 0 0.0
165 3 0 256 0 0 0.0
166 2 3 256 3 3 0.3
166 4 0 256 0 0 0.0
167 5 0 256 0 0 0.0
167 3 1 256 1 1 0.1
168 2 4 256 4 4 0.4
168 4 0 256 0 0 0.0
169 3 0 256 0 0 0.0
170 4 1 256 1 1 0.1
170 5 0 256 0 0 0.0
170 2 2 256 2 2 0.2
171 4 0 256 0 0 0.0
172 4 0 256 0 0 0.0
172 3 1 256 1 1 0.1
173 4 0 256 0 0 0.0
174 4 0 256 0 0 0.0
174 2 2 256 2 2 0.2
174 3 1 256 1 1 0.1
175 2 3 256 3 3 0.3
175 3 0 256 0 0 0.0
176 7 0 256 0 0 0.0
176 3 1 256 1 1 0.1
177 0 10 256 10 10 1.0
177 6 0 256 0 0 0.0
177 3 1 256 1 1 0.1
178 4 0 256 0 0 0.0
178 3 1 256 1 1 0.1
179 4 0 256 0 0 0.0
180 3 0 256 0 0 0.0
181 5 0 256 0 0 0.0
181 4 2 256 2 2 0.2
182 4 0 256 0 0 0.0
182 3 3 256 3 3 0.3
183 2 3 256 3 3 0.3
183 4 0 256 0 0 0.0
184 2 5 256 5 5 0.5
184 3 2 256 2 2 0.2
184 5 0 256 0 0 0.0
185 4 1 256 1 1 0.1
185 5 0 256 0 0 0.0
185 1 4 256 4 4 0.4
185 3 2 256 2 2 0.2
186 5 0 256 0 0 0.0
186 4 1 256 1 1 0.1
186 2 4 256 4 4 0.4
187 4 0 256 0 0 0.0
187 3 1 256 1 1 0.1
188 1 4 256 4 4 0.4
188 2 2 256 2 2 0.2
188 4 0 256 0 0 0.0
189 3 1 256 1 1 0.1
189 4 0 256 0 0 0.0
190 3 1 256 1 1 0.1
190 6 0 256 0 0 0.0
191 3 0 256 0 0 0.0
191 2 1 256 1 1 0.1
192 4 0 256 0 0 0.0
192 2 1 256 1 1 0.1
193 4 3 256 3 3 0.3
193 5 0 256 0 0 0.0
194 3 0 256 0 0 0.0
194 2 1 256 1 1 0.1
195 2 1 256 1 1 0.1
195 5 0 256 0 0 0.0
196 4 0 256 0 0 0.0
196 1 5 256 5 5 0.5
196 3 1 256 1 1 0.1
197 1 4 256 4 4 0.4
197 4 0 256 0 0 0.0
198 4 1 256 1 1 0.1
198 5 0 256 0 0 0.0
199 3 3 256 3 3 0.3
199 6 0 256 0 0 0.0
199 4 1 256 1 1 0.1
199 2 7 256 7 7 0.7
200 2 1 256 1 1 0.1
200 4 0 256 0 0 0.0
201 3 1 256 1 1 0.1
201 5 0 256 0 0 0.0
202 4 0 256 0 0 0.0
203 5 0 256 0 0 0.0
203 3 2 256 2 2 0.2
203 2 3 256 3 3 0.3
204 2 5 256 5 5 0.5
204 3 0 256 0 0 0.0
205 3 1 256 1 1 0.1
205 4 0 256 0 0 0.0
205 1 6 256 6 6 0.6
206 4 0 256 0 0 0.0
207 3 2 256 2 2 0.2
207 4 0 256 0 0 0.0
208 4 1 256 1 1 0.1
208 5 0 256 0 0 0.0
209 3 0 256 0 0 0.0
210 0 10 256 10 10 1.0
210 4 0 256 0 0 0.0
211 5 0 256 0 0 0.0
211 3 1 256 1 1 0.1
212 3 1 256 1 1 0.1
212 4 0 256 0 0 0.0
213 4 0 256 0 0 0.0
213 3 1 256 1 1 0.1
214 4 3 256 3 3 0.3
214 5 0 256 0 0 0.0
215 2 1 256 1 1 0.1
215 6 0 256 0 0 0.0
216 5 0 256 0 0 0.0
216 1 2 256 2 2 0.2
216 3 1 256 1 1 0.1
217 3 0 256 0 0 0.0
218 5 0 256 0 0 0.0
218 4 1 256 1 1 0.1
219 2 1 256 1 1 0.1
219 4 0 256 0 0 0.0
220 3 0 256 0 0 0.0
221 3 0 256 0 0 0.0
222 5 1 256 1 1 0.1
222 2 5 256 5 5 0.5
222 4 2 256 2 2 0.2
222 6 0 256 0 0 0.0
223 4 1 256 1 1 0.1
223 5 0 256 0 0 0.0
223 3 4 256 4 4 0.4
223 2 5 256 5 5 0.5
224 3 3 256 3 3 0.3
224 4 0 256 0 0 0.0
225 3 0 256 0 0 0.0
226 6 0 256 0 0 0.0
226 4 1 256 1 1 0.1
227 4 0 256 0 0 0.0
227 3 1 256 1 1 0.1
228 4 0 256 0 0 0.0
228 2 5 256 5 5 0.5
228 3 1 256 1 1 0.1
229 3 0 256 0 0 0.0
230 6 0 256 0 0 0.0
230 3 2 256 2 2 0.2
230 5 1 256 1 1 0.1
231 2 0 256 0 0 0.0
232 4 0 256 0 0 0.0
233 6 0 256 0 0 0.0
233 3 2 256 2 2 0.2
234 1 5 256 5 5 0.5
234 3 0 256 0 0 0.0
235 5 0 256 0 0 0.0
235 3 1 256 1 1 0.1
236 3 2 256 2 2 0.2
236 4 0 256 0 0 0.0
237 1 4 256 4 4 0.4
237 3 0 256 0 0 0.0
238 3 0 256 0 0 0.0
239 5 0 256 0 0 0.0
239 1 5 256 5 5 0.5
239 3 1 256 1 1 0.1
240 2 1 256 1 1 0.1
240 3 0 256 0 0 0.0
241 4 0 256 0 0 0.0
241 3 1 256 1 1 0.1
242 6 0 256 0 0 0.0
242 2 1 256 1 1 0.1
243 3 1 256 1 1 0.1
243 2 3 256 3 3 0.3
243 5 0 256 0 0 0.0
244 4 1 256 1 1 0.1
244 5 0 256 0 0 0.0
245 3 1 256 1 1 0.1
245 4 0 256 0 0 0.0
245 2 2 256 2 2 0.2
246 2 0 256 0 0 0.0
247 3 2 256 2 2 0.2
247 6 0 256 0 0 0.0
247 1 8 256 8 8 0.8
248 5 0 256 0 0 0.0
249 4 0 256 0 0 0.0
249 3 2 256 2 2 0.2
250 2 0 256 0 0 0.0
251 3 1 256 1 1 0.1
251 4 0 256 0 0 0.0
252 5 0 256 0 0 0.0
252 2 1 256 1 1 0.1
253 4 0 256 0 0 0.0
253 3 2 256 2 2 0.2
254 6 0 256 0 0 0.0
254 4 1 256 1 1 0.1
255 3 0 256 0 0 0.0
256 3 1 256 1 1 0.1
256 5 0 256 0 0 0.0
257 2 2 256 2 2 0.2
257 3 0 256 0 0 0.0
258 3 3 256 3 3 0.3
258 4 0 256 0 0 0.0
259 3 0 256 0 0 0.0
260 4 0 256 0 0 0.0
260 3 2 256 2 2 0.2
260 2 3 256 3 3 0.3
261 5 0 256 0 0 0.0
262 2 2 256 2 2 0.2
262 4 0 256 0 0 0.0
263 5 0 256 0 0 0.0
263 3 2 256 2 2 0.2
264 2 3 256 3 3 0.3
264 5 1 256 1 1 0.1
264 6 0 256 0 0 0.0
264 3 2 256 2 2 0.2
265 5 0 256 0 0 0.0
265 4 2 256 2 2 0.2
266 5 0 256 0 0 0.0
267 6 0 256 0 0 0.0
267 5 1 256 1 1 0.1
267 1 5 256 5 5 0.5
268 5 0 256 0 0 0.0
269 4 0 256 0 0 0.0
269 3 1 256 1 1 0.1
270 3 1 256 1 1 0.1
270 4 0 256 0 0 0.0
271 1 7 256 7 7 0.7
271 4 1 256 1 1 0.1
271 5 0 256 0 0 0.0
272 3 0 256 0 0 0.0
273 3 1 256 1 1 0.1
273 5 0 256 0 0 0.0
274 4 1 256 1 1 0.1
274 5 0 256 0 0 0.0
274 2 6 256 6 6 0.6
274 3 3 256 3 3 0.3
275 5 0 256 0 0 0.0
275 4 1 256 1 1 0.1
275 2 3 256 3 3 0.3
276 4 0 256 0 0 0.0
276 3 2 256 2 2 0.2
277 4 0 256 0 0 0.0
278 3 0 256 0 0 0.0
279 3 1 256 1 1 0.1
279 4 0 256 0 0 0.0
280 4 0 256 0 0 0.0
281 3 0 256 0 0 0.0
282 3 1 256 1 1 0.1
282 2 5 256 5 5 0.5
282 6 0 256 0 0 0.0
283 3 0 256 0 0 0.0
284 4 0 256 0 0 0.0
284 3 2 256 2 2 0.2
285 3 0 256 0 0 0.0
286 4 0 256 0 0 0.0
286 3 1 256 1 1 0.1
287 3 1 256 1 1 0.1
287 5 0 256 0 0 0.0
288 3 2 256 2 2 0.2
288 4 0 256 0 0 0.0
289 4 0 256 0 0 0.0
290 6 0 256 0 0 0.0
290 5 1 256 1 1 0.1
290 3 2 256 2 2 0.2
291 4 0 256 0 0 0.0
292 4 0 256 0 0 0.0
292 2 2 256 2 2 0.2
293 4 0 256 0 0 0.0
293 1 3 256 3 3 0.3
294 2 2 256 2 2 0.2
294 1 3 256 3 3 0.3
294 4 1 256 1 1 0.1
294 5 0 256 0 0 0.0
295 2 3 256 3 3 0.3
295 6 0 256 0 0 0.0
295 3 1 256 1 1 0.1
296 4 1 256 1 1 0.1
296 3 2 256 2 2 0.2
296 5 0 256 0 0 0.0
297 4 0 256 0 0 0.0
297 3 4 256 4 4 0.4
298 4 0 256 0 0 0.0
299 2 1 256 1 1 0.1
299 3 0 256 0 0 0.0
300 4 0 256 0 0 0.0
300 3 3 256 3 3 0.3
301 2 0 256 0 0 0.0
302 4 1 256 1 1 0.1
302 5 0 256 0 0 0.0
303 4 0 256 0 0 0.0
304 1 7 256 7 7 0.7
304 3 0 256 0 0 0.0
305 4 1 256 1 1 0.1
305 3 2 256 2 2 0.2
305 5 0 256 0 0 0.0
306 5 0 256 0 0 0.0
306 4 1 256 1 1 0.1
306 3 2 256 2 2 0.2
306 2 3 256 3 3 0.3
307 2 2 256 2 2 0.2
307 5 0 256 0 0 0.0
308 2 4 256 4 4 0.4
308 3 0 256 0 0 0.0
309 4 0 256 0 0 0.0
309 2 2 256 2 2 0.2
309 3 1 256 1 1 0.1
309 1 7 256 7 7 0.7
310 5 1 256 1 1 0.1
310 6 0 256 0 0 0.0
310 1 5 256 5 5 0.5
311 3 1 256 1 1 0.1
311 6 0 256 0 0 0.0
312 3 0 256 0 0 0.0
313 4 0 256 0 0 0.0
313 3 2 256 2 2 0.2
314 3 1 256 1 1 0.1
314 5 0 256 0 0 0.0
314 2 2 256 2 2 0.2
315 4 1 256 1 1 0.1
315 5 0 256 0 0 0.0
315 2 2 256 2 2 0.2
316 2 3 256 3 3 0.3
316 3 1 256 1 1 0.1
316 4 0 256 0 0 0.0
317 4 0 256 0 0 0.0
318 3 0 256 0 0 0.0
319 4 0 256 0 0 0.0
319 3 1 256 1 1 0.1
320 3 1 256 1 1 0.1
320 4 0 256 0 0 0.0
320 2 4 256 4 4 0.4
321 3 2 256 2 2 0.2
321 5 0 256 0 0 0.0
322 3 0 256 0 0 0.0
323 4 1 256 1 1 0.1
323 5 0 256 0 0 0.0
324 4 0 256 0 0 0.0
325 4 0 256 0 0 0.0
325 3 3 256 3 3 0.3
326 5 0 256 0 0 0.0
326 4 1 256 1 1 0.1
327 3 0 256 0 0 0.0
328 2 0 256 0 0 0.0
329 1 4 256 4 4 0.4
329 2 0 256 0 0 0.0
330 6 0 256 0 0 0.0
330 4 1 256 1 1 0.1
330 2 2 256 2 2 0.2
331 5 0 256 0 0 0.0
331 1 4 256 4 4 0.4
331 4 3 256 3 3 0.3
332 4 0 256 0 0 0.0
332 3 3 256 3 3 0.3
333 3 4 256 4 4 0.4
333 4 0 256 0 0 0.0
334 4 0 256 0 0 0.0
334 2 1 256 1 1 0.1
335 4 0 256 0 0 0.0
335 3 3 256 3 3 0.3
336 4 2 256 2 2 0.2
336 7 0 256 0 0 0.0
336 6 1 256 1 1 0.1
337 4 0 256 0 0 0.0
337 3 1 256 1 1 0.1
338 2 7 256 7 7 0.7
338 3 0 256 0 0 0.0
339 3 0 256 0 0 0.0
340 5 0 256 0 0 0.0
340 2 4 256 4 4 0.4
340 3 1 256 1 1 0.1
341 5 1 256 1 1 0.1
341 7 0 256 0 0 0.0
341 3 2 256 2 2 0.2
342 3 1 256 1 1 0.1
342 4 0 256 0 0 0.0
343 4 0 256 0 0 0.0
343 3 1 256 1 1 0.1
344 3 1 256 1 1 0.1
344 4 0 256 0 0 0.0
345 3 2 256 2 2 0.2
345 4 0 256 0 0 0.0
346 3 1 256 1 1 0.1
346 4 0 256 0 0 0.0
346 2 7 256 7 7 0.7
347 3 0 256 0 0 0.0
347 2 4 256 4 4 0.4
348 1 7 256 7 7 0.7
348 4 0 256 0 0 0.0
349 4 0 256 0 0 0.0
350 4 0 256 0 0 0.0
350 2 4 256 4 4 0.4
351 5 0 256 0 0 0.0
351 3 1 256 1 1 0.1
352 7 0 256 0 0 0.0
352 4 1 256 1 1 0.1
353 1 0 256 0 0 0.0
354 3 0 256 0 0 0.0
355 4 0 256 0 0 0.0
355 3 2 256 2 2 0.2
356 2 0 256 0 0 0.0
357 4 0 256 0 0 0.0
357 1 6 256 6 6 0.6
357 2 2 256 2 2 0.2
358 3 3 256 3 3 0.3
358 4 1 256 1 1 0.1
358 5 0 256 0 0 0.0
358 2 4 256 4 4 0.4
359 5 0 256 0 0 0.0
359 4 2 256 2 2 0.2
359 2 4 256 4 4 0.4
359 1 5 256 5 5 0.5
360 0 10 256 10 10 1.0
360 4 0 256 0 0 0.0
360 3 1 256 1 1 0.1
360 2 5 256 5 5 0.5
361 5 0 256 0 0 0.0
361 4 3 256 3 3 0.3
362 3 1 256 1 1 0.1
362 5 0 256 0 0 0.0
363 4 1 256 1 1 0.1
363 5 0 256 0 0 0.0
364 1 5 256 5 5 0.5
364 3 1 256 1 1 0.1
364 5 0 256 0 0 0.0
365 4 0 256 0 0 0.0
366 6 0 256 0 0 0.0
366 3 1 256 1 1 0.1
366 2 3 256 3 3 0.3
367 3 0 256 0 0 0.0
368 4 0 256 0 0 0.0
369 4 2 256 2 2 0.2
369 5 0 256 0 0 0.0
369 3 5 256 5 5 0.5
370 6 0 256 0 0 0.0
370 3 1 256 1 1 0.1
371 3 3 256 3 3 0.3
371 4 0 256 0 0 0.0
372 3 5 256 5 5 0.5
372 4 1 256 1 1 0.1
372 5 0 256 0 0 0.0
373 4 0 256 0 0 0.0
373 2 1 256 1 1 0.1
374 1 5 256 5 5 0.5
374 2 4 256 4 4 0.4
374 4 0 256 0 0 0.0
375 0 10 256 10 10 1.0
375 5 0 256 0 0 0.0
375 3 3 256 3 3 0.3
375 2 6 256 6 6 0.6
375 4 1 256 1 1 0.1
376 5 0 256 0 0 0.0
376 3 3 256 3 3 0.3
376 2 6 256 6 6 0.6
377 2 5 256 5 5 0.5
377 4 0 256 0 0 0.0
378 2 4 256 4 4 0.4
378 3 0 256 0 0 0.0
379 2 3 256 3 3 0.3
379 5 1 256 1 1 0.1
379 6 0 256 0 0 0.0
380 5 0 256 0 0 0.0
380 3 1 256 1 1 0.1
381 3 4 256 4 4 0.4
381 4 0 256 0 0 0.0
382 3 0 256 0 0 0.0
382 1 7 256 7 7 0.7
383 5 0 256 0 0 0.0
383 4 1 256 1 1 0.1
384 4 1 256 1 1 0.1
384 2 3 256 3 3 0.3
384 6 0 256 0 0 0.0
385 5 0 256 0 0 0.0
385 3 1 256 1 1 0.1
385 2 2 256 2 2 0.2
386 5 0 256 0 0 0.0
386 3 1 256 1 1 0.1
387 3 0 256 0 0 0.0
387 2 2 256 2 2 0.2
388 3 0 256 0 0 0.0
389 2 0 256 0 0 0.0
390 4 1 256 1 1 0.1
390 6 0 256 0 0 0.0
391 2 4 256 4 4 0.4
391 5 0 256 0 0 0.0
391 3 1 256 1 1 0.1
392 2 1 256 1 1 0.1
392 5 0 256 0 0 0.0
393 2 4 256 4 4 0.4
393 3 0 256 0 0 0.0
394 5 0 256 0 0 0.0
394 3 1 256 1 1 0.1
395 2 3 256 3 3 0.3
395 5 0 256 0 0 0.0
396 4 0 256 0 0 0.0
396 2 3 256 3 3 0.3
397 3 0 256 0 0 0.0
398 2 6 256 6 6 0.6
398 4 0 256 0 0 0.0
398 3 3 256 3 3 0.3
399 3 1 256 1 1 0.1
399 4 0 256 0 0 0.0
400 3 0 256 0 0 0.0
400 2 1 256 1 1 0.1
401 2 6 256 6 6 0.6
401 4 0 256 0 0 0.0
402 3 2 256 2 2 0.2
402 4 0 256 0 0 0.0
403 1 3 256 3 3 0.3
403 2 2 256 2 2 0.2
403 5 0 256 0 0 0.0
404 4 0 256 0 0 0.0
405 3 3 256 3 3 0.3
405 4 0 256 0 0 0.0
406 4 0 256 0 0 0.0
406 3 6 256 6 6 0.6
407 3 1 256 1 1 0.1
407 5 0 256 0 0 0.0
408 3 2 256 2 2 0.2
408 5 0 256 0 0 0.0
409 5 0 256 0 0 0.0
409 4 1 256 1 1 0.1
409 3 2 256 2 2 0.2
410 2 6 256 6 6 0.6
410 3 2 256 2 2 0.2
410 6 0 256 0 0 0.0
410 4 1 256 1 1 0.1
411 3 0 256 0 0 0.0
411 1 5 256 5 5 0.5
412 5 0 256 0 0 0.0
412 4 1 256 1 1 0.1
413 5 0 256 0 0 0.0
413 3 1 256 1 1 0.1
414 1 4 256 4 4 0.4
414 3 0 256 0 0 0.0
415 2 1 256 1 1 0.1
415 5 0 256 0 0 0.0
416 2 3 256 3 3 0.3
416 6 0 256 0 0 0.0
416 3 1 256 1 1 0.1
417 3 6 256 6 6 0.6
417 4 0 256 0 0 0.0
418 3 0 256 0 0 0.0
419 5 0 256 0 0 0.0
420 2 2 256 2 2 0.2
420 5 0 256 0 0 0.0
421 5 0 256 0 0 0.0
421 3 1 256 1 1 0.1
422 4 0 256 0 0 0.0
423 2 4 256 4 4 0.4
423 3 0 256 0 0 0.0
424 4 0 256 0 0 0.0
424 3 3 256 3 3 0.3
425 4 0 256 0 0 0.0
426 5 0 256 0 0 0.0
426 3 2 256 2 2 0.2
427 3 0 256 0 0 0.0
428 8 0 256 0 0 0.0
428 4 2 256 2 2 0.2
428 5 1 256 1 1 0.1
428 2 4 256 4 4 0.4
429 1 6 256 6 6 0.6
429 4 1 256 1 1 0.1
429 6 0 256 0 0 0.0
430 2 1 256 1 1 0.1
430 1 7 256 7 7 0.7
430 5 0 256 0 0 0.0
431 3 1 256 1 1 0.1
431 4 0 256 0 0 0.0
431 2 2 256 2 2 0.2
432 4 0 256 0 0 0.0
432 3 1 256 1 1 0.1
433 2 4 256 4 4 0.4
433 5 0 256 0 0 0.0
433 4 1 256 1 1 0.1
434 4 1 256 1 1 0.1
434 6 0 256 0 0 0.0
435 3 2 256 2 2 0.2
435 4 0 256 0 0 0.0
436 2 0 256 0 0 0.0
437 4 1 256 1 1 0.1
437 1 4 256 4 4 0.4
437 6 0 256 0 0 0.0
438 5 0 256 0 0 0.0
438 3 1 256 1 1 0.1
438 0 10 256 10 10 1.0
439 5 0 256 0 0 0.0
439 3 1 256 1 1 0.1
439 2 4 256 4 4 0.4
440 2 0 256 0 0 0.0
441 4 1 256 1 1 0.1
441 5 0 256 0 0 0.0
442 3 0 256 0 0 0.0
442 2 3 256 3 3 0.3
443 3 4 256 4 4 0.4
443 4 0 256 0 0 0.0
444 3 0 256 0 0 0.0
444 2 1 256 1 1 0.1
445 3 6 256 6 6 0.6
445 4 1 256 1 1 0.1
445 6 0 256 0 0 0.0
446 4 0 256 0 0 0.0
446 2 2 256 2 2 0.2
447 3 0 256 0 0 0.0
448 5 0 256 0 0 0.0
448 4 1 256 1 1 0.1
448 3 2 256 2 2 0.2
449 5 0 256 0 0 0.0
449 3 2 256 2 2 0.2
449 2 4 256 4 4 0.4
450 5 0 256 0 0 0.0
450 4 1 256 1 1 0.1
450 3 2 256 2 2 0.2
451 3 0 256 0 0 0.0
451 2 2 256 2 2 0.2
452 5 0 256 0 0 0.0
452 4 1 256 1 1 0.1
452 3 5 256 5 5 0.5
453 3 0 256 0 0 0.0
454 4 0 256 0 0 0.0
454 3 4 256 4 4 0.4
455 2 1 256 1 1 0.1
455 5 0 256 0 0 0.0
456 4 0 256 0 0 0.0
456 2 3 256 3 3 0.3
457 4 0 256 0 0 0.0
457 1 5 256 5 5 0.5
458 4 0 256 0 0 0.0
458 2 5 256 5 5 0.5
459 4 0 256 0 0 0.0
459 3 1 256 1 1 0.1
460 4 0 256 0 0 0.0
460 3 3 256 3 3 0.3
461 4 0 256 0 0 0.0
461 3 4 256 4 4 0.4
462 5 0 256 0 0 0.0
462 4 3 256 3 3 0.3
462 3 6 256 6 6 0.6
463 4 0 256 0 0 0.0
463 2 2 256 2 2 0.2
464 5 0 256 0 0 0.0
464 3 1 256 1 1 0.1
465 4 0 256 0 0 0.0
465 3 2 256 2 2 0.2
466 2 2 256 2 2 0.2
466 5 0 256 0 0 0.0
466 3 1 256 1 1 0.1
467 3 0 256 0 0 0.0
467 1 7 256 7 7 0.7
468 3 2 256 2 2 0.2
468 2 4 256 4 4 0.4
468 4 0 256 0 0 0.0
469 3 1 256 1 1 0.1
469 4 0 256 0 0 0.0
470 3 0 256 0 0 0.0
471 3 0 256 0 0 0.0
472 3 2 256 2 2 0.2
472 4 1 256 1 1 0.1
472 5 0 256 0 0 0.0
473 3 0 256 0 0 0.0
474 2 0 256 0 0 0.0
475 5 0 256 0 0 0.0
475 3 1 256 1 1 0.1
476 5 0 256 0 0 0.0
476 3 1 256 1 1 0.1
477 1 2 256 2 2 0.2
477 4 0 256 0 0 0.0
478 2 1 256 1 1 0.1
478 5 0 256 0 0 0.0
479 5 0 256 0 0 0.0
479 0 10 256 10 10 1.0
479 4 2 256 2 2 0.2
480 5 0 256 0 0 0.0
480 2 1 256 1 1 0.1
481 4 0 256 0 0 0.0
481 3 1 256 1 1 0.1
482 4 0 256 0 0 0.0
483 4 0 256 0 0 0.0
483 1 5 256 5 5 0.5
484 2 4 256 4 4 0.4
484 3 0 256 0 0 0.0
485 3 1 256 1 1 0.1
485 4 0 256 0 0 0.0
486 3 2 256 2 2 0.2
486 5 0 256 0 0 0.0
487 4 2 256 2 2 0.2
487 5 0 256 0 0 0.0
487 3 4 256 4 4 0.4
488 4 0 256 0 0 0.0
488 2 2 256 2 2 0.2
489 3 0 256 0 0 0.0
489 2 2 256 2 2 0.2
490 4 0 256 0 0 0.0
490 3 2 256 2 2 0.2
490 2 7 256 7 7 0.7
491 3 1 256 1 1 0.1
491 5 0 256 0 0 0.0
492 6 0 256 0 0 0.0
492 3 4 256 4 4 0.4
492 4 1 256 1 1 0.1
493 4 1 256 1 1 0.1
493 5 0 256 0 0 0.0
494 5 0 256 0 0 0.0
494 3 1 256 1 1 0.1
495 4 0 256 0 0 0.0
495 3 1 256 1 1 0.1
495 2 2 256 2 2 0.2
496 3 0 256 0 0 0.0
497 4 0 256 0 0 0.0
497 1 6 256 6 6 0.6
497 3 4 256 4 4 0.4
498 4 0 256 0 0 0.0
499 3 1 256 1 1 0.1
499 2 2 256 2 2 0.2
499 4 0 256 0 0 0.0
500 3 0 256 0 0 0.0
501 3 1 256 1 1 0.1
501 4 0 256 0 0 0.0
502 5 0 256 0 0 0.0
502 2 1 256 1 1 0.1
503 4 1 256 1 1 0.1
503 5 0 256 0 0 0.0
503 3 2 256 2 2 0.2
504 4 0 256 0 0 0.0
505 6 0 256 0 0 0.0
505 4 1 256 1 1 0.1
506 2 1 256 1 1 0.1
506 3 0 256 0 0 0.0
507 1 4 256 4 4 0.4
507 2 0 256 0 0 0.0
508 3 2 256 2 2 0.2
508 4 0 256 0 0 0.0
509 3 2 256 2 2 0.2
509 4 0 256 0 0 0.0
510 5 0 256 0 0 0.0
510 3 2 256 2 2 0.2
510 4 1 256 1 1 0.1
511 3 0 256 0 0 0.0
511 2 4 256 4 4 0.4
512 3 0 256 0 0 0.0
513 4 1 256 1 1 0.1
513 2 2 256 2 2 0.2
513 5 0 256 0 0 0.0
514 5 0 256 0 0 0.0
514 3 2 256 2 2 0.2
514 1 7 256 7 7 0.7
514 4 1 256 1 1 0.1
515 5 0 256 0 0 0.0
515 4 1 256 1 1 0.1
515 2 4 256 4 4 0.4
516 1 3 256 3 3 0.3
516 5 1 256 1 1 0.1
516 7 0 256 0 0 0.0
516 4 2 256 2 2 0.2
517 3 0 256 0 0 0.0
517 2 4 256 4 4 0.4
518 3 0 256 0 0 0.0
519 4 0 256 0 0 0.0
519 3 1 256 1 1 0.1
520 4 0 256 0 0 0.0
521 3 0 256 0 0 0.0
522 3 1 256 1 1 0.1
522 4 0 256 0 0 0.0
523 4 0 256 0 0 0.0
524 3 3 256 3 3 0.3
524 6 0 256 0 0 0.0
524 5 1 256 1 1 0.1
525 3 1 256 1 1 0.1
525 5 0 256 0 0 0.0
526 6 0 256 0 0 0.0
526 2 5 256 5 5 0.5
526 4 1 256 1 1 0.1
526 3 2 256 2 2 0.2
527 3 1 256 1 1 0.1
527 6 0 256 0 0 0.0
528 2 1 256 1 1 0.1
528 4 0 256 0 0 0.0
529 3 0 256 0 0 0.0
529 2 1 256 1 1 0.1
530 5 0 256 0 0 0.0
530 3 2 256 2 2 0.2
531 3 0 256 0 0 0.0
531 2 1 256 1 1 0.1
532 3 1 256 1 1 0.1
532 5 0 256 0 0 0.0
533 3 0 256 0 0 0.0
533 2 8 256 8 8 0.8
534 2 4 256 4 4 0.4
534 3 0 256 0 0 0.0
535 6 0 256 0 0 0.0
535 4 1 256 1 1 0.1
536 3 2 256 2 2 0.2
536 5 0 256 0 0 0.0
536 4 1 256 1 1 0.1
537 4 0 256 0 0 0.0
538 2 0 256 0 0 0.0
539 2 4 256 4 4 0.4
539 3 0 256 0 0 0.0
540 3 1 256 1 1 0.1
540 4 0 256 0 0 0.0
541 4 0 256 0 0 0.0
542 4 1 256 1 1 0.1
542 3 3 256 3 3 0.3
542 5 0 256 0 0 0.0
542 1 5 256 5 5 0.5
543 5 0 256 0 0 0.0
543 3 4 256 4 4 0.4
544 4 0 256 0 0 0.0
544 3 2 256 2 2 0.2
545 3 0 256 0 0 0.0
546 5 0 256 0 0 0.0
546 2 1 256 1 1 0.1
547 6 0 256 0 0 0.0
547 3 1 256 1 1 0.1
548 3 1 256 1 1 0.1
548 4 0 256 0 0 0.0
549 4 0 256 0 0 0.0
549 3 1 256 1 1 0.1
550 3 0 256 0 0 0.0
550 1 7 256 7 7 0.7
551 3 4 256 4 4 0.4
551 4 1 256 1 1 0.1
551 5 0 256 0 0 0.0
552 3 0 256 0 0 0.0
552 2 1 256 1 1 0.1
553 3 1 256 1 1 0.1
554 3 1 256 1 1 0.1
554 4 0 256 0 0 0.0
555 3 1 256 1 1 0.1
555 4 0 256 0 0 0.0
556 2 4 256 4 4 0.4
556 3 0 256 0 0 0.0
557 4 0 256 0 0 0.0
557 3 2 256 2 2 0.2
558 2 3 256 3 3 0.3
558 5 0 256 0 0 0.0
559 2 2 256 2 2 0.2
559 4 0 256 0 0 0.0
560 2 1 256 1 1 0.1
560 4 0 256 0 0 0.0
561 4 0 256 0 0 0.0
561 3 3 256 3 3 0.3
562 2 0 256 0 0 0.0
563 3 1 256 1 1 0.1
563 5 0 256 0 0 0.0
564 2 1 256 1 1 0.1
564 4 0 256 0 0 0.0
565 3 0 256 0 0 0.0
566 3 0 256 0 0 0.0
567 2 5 256 5 5 0.5
567 3 2 256 2 2 0.2
567 4 0 256 0 0 0.0
568 2 7 256 7 7 0.7
568 3 0 256 0 0 0.0
569 6 0 256 0 0 0.0
569 4 1 256 1 1 0.1
569 2 5 256 5 5 0.5
570 3 3 256 3 3 0.3
570 2 5 256 5 5 0.5
570 4 0 256 0 0 0.0
571 3 2 256 2 2 0.2
571 4 0 256 0 0 0.0
572 4 0 256 0 0 0.0
572 3 1 256 1 1 0.1
573 2 3 256 3 3 0.3
573 4 2 256 2 2 0.2
573 5 0 256 0 0 0.0
574 3 3 256 3 3 0.3
574 4 0 256 0 0 0.0
575 2 2 256 2 2 0.2
575 4 1 256 1 1 0.1
575 5 0 256 0 0 0.0
576 6 0 256 0 0 0.0
576 3 1 256 1 1 0.1
577 2 4 256 4 4 0.4
577 4 0 256 0 0 0.0
578 5 0 256 0 0 0.0
578 3 1 256 1 1 0.1
579 2 1 256 1 1 0.1
580 3 1 256 1 1 0.1
580 4 0 256 0 0 0.0
581 6 0 256 0 0 0.0
581 4 2 256 2 2 0.2
581 2 5 256 5 5 0.5
582 4 1 256 1 1 0.1
582 7 0 256 0 0 0.0
583 4 0 256 0 0 0.0
584 5 0 256 0 0 0.0
584 1 4 256 4 4 0.4
584 3 1 256 1 1 0.1
585 4 0 256 0 0 0.0
585 3 2 256 2 2 0.2
586 4 0 256 0 0 0.0
586 2 1 256 1 1 0.1
587 5 0 256 0 0 0.0
587 3 1 256 1 1 0.1
588 4 0 256 0 0 0.0
588 2 1 256 1 1 0.1
589 3 0 256 0 0 0.0
590 3 0 256 0 0 0.0
591 3 0 256 0 0 0.0
592 3 2 256 2 2 0.2
592 5 0 256 0 0 0.0
593 5 0 256 0 0 0.0
593 2 1 256 1 1 0.1
594 3 0 256 0 0 0.0
594 2 6 256 6 6 0.6
595 3 2 256 2 2 0.2
595 5 0 256 0 0 0.0
596 6 0 256 0 0 0.0
596 4 1 256 1 1 0.1
597 2 4 256 4 4 0.4
597 4 0 256 0 0 0.0
598 2 3 256 3 3 0.3
598 4 0 256 0 0 0.0
598 3 1 256 1 1 0.1
599 3 2 256 2 2 0.2
599 4 0 256 0 0 0.0
600 5 0 256 0 0 0.0
600 3 3 256 3 3 0.3
600 4 1 256 1 1 0.1
601 4 0 256 0 0 0.0
601 3 1 256 1 1 0.1
602 3 0 256 0 0 0.0
602 2 1 256 1 1 0.1
603 4 0 256 0 0 0.0
603 3 1 256 1 1 0.1
604 2 5 256 5 5 0.5
604 3 1 256 1 1 0.1
604 4 0 256 0 0 0.0
605 4 0 256 0 0 0.0
606 3 2 256 2 2 0.2
606 4 0 256 0 0 0.0
607 4 1 256 1 1 0.1
607 3 2 256 2 2 0.2
607 5 0 256 0 0 0.0
607 2 5 256 5 5 0.5
608 3 1 256 1 1 0.1
608 5 0 256 0 0 0.0
608 2 5 256 5 5 0.5
609 3 1 256 1 1 0.1
609 2 2 256 2 2 0.2
609 6 0 256 0 0 0.0
610 6 0 256 0 0 0.0
610 3 1 256 1 1 0.1
611 1 7 256 7 7 0.7
611 4 1 256 1 1 0.1
611 5 0 256 0 0 0.0
612 3 3 256 3 3 0.3
612 6 0 256 0 0 0.0
612 5 1 256 1 1 0.1
613 2 6 256 6 6 0.6
613 3 1 256 1 1 0.1
613 4 0 256 0 0 0.0
614 4 0 256 0 0 0.0
614 3 2 256 2 2 0.2
615 6 0 256 0 0 0.0
615 4 1 256 1 1 0.1
616 4 0 256 0 0 0.0
616 2 4 256 4 4 0.4
617 2 4 256 4 4 0.4
617 5 0 256 0 0 0.0
617 4 3 256 3 3 0.3
618 3 3 256 3 3 0.3
618 4 0 256 0 0 0.0
619 2 4 256 4 4 0.4
619 1 8 256 8 8 0.8
619 4 0 256 0 0 0.0
620 4 0 256 0 0 0.0
621 3 2 256 2 2 0.2
621 4 0 256 0 0 0.0
622 5 0 256 0 0 0.0
622 3 3 256 3 3 0.3
623 5 0 256 0 0 0.0
624 5 0 256 0 0 0.0
624 4 1 256 1 1 0.1
625 3 0 256 0 0 0.0
626 5 0 256 0 0 0.0
626 3 1 256 1 1 0.1
627 4 0 256 0 0 0.0
628 4 0 256 0 0 0.0
628 3 2 256 2 2 0.2
628 2 5 256 5 5 0.5
629 5 0 256 0 0 0.0
629 4 1 256 1 1 0.1
629 3 2 256 2 2 0.2
630 3 0 256 0 0 0.0
631 4 1 256 1 1 0.1
631 5 0 256 0 0 0.0
632 5 0 256 0 0 0.0
633 6 0 256 0 0 0.0
633 3 2 256 2 2 0.2
633 4 1 256 1 1 0.1
634 4 0 256 0 0 0.0
634 3 1 256 1 1 0.1
634 2 4 256 4 4 0.4
635 2 2 256 2 2 0.2
635 4 0 256 0 0 0.0
636 5 0 256 0 0 0.0
636 3 1 256 1 1 0.1
637 2 4 256 4 4 0.4
637 4 1 256 1 1 0.1
637 6 0 256 0 0 0.0
638 3 1 256 1 1 0.1
638 4 0 256 0 0 0.0
639 2 1 256 1 1 0.1
639 5 0 256 0 0 0.0
640 4 0 256 0 0 0.0
640 3 4 256 4 4 0.4
641 5 0 256 0 0 0.0
641 2 3 256 3 3 0.3
642 3 1 256 1 1 0.1
642 5 0 256 0 0 0.0
643 5 0 256 0 0 0.0
643 4 2 256 2 2 0.2
644 2 1 256 1 1 0.1
644 5 0 256 0 0 0.0
645 5 0 256 0 0 0.0
645 4 1 256 1 1 0.1
646 4 0 256 0 0 0.0
646 1 2 256 2 2 0.2
647 5 0 256 0 0 0.0
647 1 6 256 6 6 0.6
647 4 3 256 3 3 0.3
648 3 0 256 0 0 0.0
648 2 3 256 3 3 0.3
649 3 1 256 1 1 0.1
649 4 0 256 0 0 0.0
650 3 1 256 1 1 0.1
650 4 0 256 0 0 0.0
651 4 0 256 0 0 0.0
651 2 4 256 4 4 0.4
651 3 2 256 2 2 0.2
652 5 1 256 1 1 0.1
652 7 0 256 0 0 0.0
653 5 1 256 1 1 0.1
653 3 2 256 2 2 0.2
653 7 0 256 0 0 0.0
654 4 0 256 0 0 0.0
654 2 3 256 3 3 0.3
654 3 2 256 2 2 0.2
654 0 10 256 10 10 1.0
655 4 0 256 0 0 0.0
655 1 5 256 5 5 0.5
656 4 0 256 0 0 0.0
656 2 1 256 1 1 0.1
657 3 0 256 0 0 0.0
657 2 3 256 3 3 0.3
658 2 5 256 5 5 0.5
658 4 1 256 1 1 0.1
658 6 0 256 0 0 0.0
658 3 2 256 2 2 0.2
659 4 0 256 0 0 0.0
660 4 0 256 0 0 0.0
660 1 5 256 5 5 0.5
660 3 2 256 2 2 0.2
661 3 3 256 3 3 0.3
661 4 0 256 0 0 0.0
662 1 6 256 6 6 0.6
662 4 0 256 0 0 0.0
662 2 2 256 2 2 0.2
663 4 1 256 1 1 0.1
663 5 0 256 0 0 0.0
663 2 6 256 6 6 0.6
664 5 0 256 0 0 0.0
664 4 2 256 2 2 0.2
665 4 0 256 0 0 0.0
666 5 0 256 0 0 0.0
666 2 1 256 1 1 0.1
667 3 3 256 3 3 0.3
667 4 1 256 1 1 0.1
667 5 0 256 0 0 0.0
668 2 5 256 5 5 0.5
668 5 0 256 0 0 0.0
668 4 1 256 1 1 0.1
668 3 4 256 4 4 0.4
669 3 1 256 1 1 0.1
669 2 5 256 5 5 0.5
669 4 0 256 0 0 0.0
670 3 1 256 1 1 0.1
671 3 5 256 5 5 0.5
671 4 0 256 0 0 0.0
672 3 1 256 1 1 0.1
672 4 0 256 0 0 0.0
673 5 0 256 0 0 0.0
673 4 1 256 1 1 0.1
673 3 2 256 2 2 0.2
674 4 0 256 0 0 0.0
674 3 1 256 1 1 0.1
675 2 1 256 1 1 0.1
675 5 0 256 0 0 0.0
676 3 3 256 3 3 0.3
676 4 0 256 0 0 0.0
676 1 4 256 4 4 0.4
677 2 4 256 4 4 0.4
677 3 0 256 0 0 0.0
678 6 0 256 0 0 0.0
678 3 1 256 1 1 0.1
679 2 1 256 1 1 0.1
679 6 0 256 0 0 0.0
680 5 0 256 0 0 0.0
680 3 2 256 2 2 0.2
680 4 1 256 1 1 0.1
681 5 0 256 0 0 0.0
681 3 1 256 1 1 0.1
682 4 0 256 0 0 0.0
683 4 0 256 0 0 0.0
683 2 1 256 1 1 0.1
684 3 1 256 1 1 0.1
684 6 0 256 0 0 0.0
685 1 5 256 5 5 0.5
685 3 0 256 0 0 0.0
686 5 0 256 0 0 0.0
686 2 5 256 5 5 0.5
686 4 1 256 1 1 0.1
687 3 0 256 0 0 0.0
688 3 1 256 1 1 0.1
688 4 0 256 0 0 0.0
689 2 3 256 3 3 0.3
689 3 0 256 0 0 0.0
690 2 4 256 4 4 0.4
690 3 1 256 1 1 0.1
690 5 0 256 0 0 0.0
691 3 3 256 3 3 0.3
691 4 0 256 0 0 0.0
692 3 2 256 2 2 0.2
692 5 0 256 0 0 0.0
693 3 0 256 0 0 0.0
694 4 0 256 0 0 0.0
695 2 4 256 4 4 0.4
695 5 0 256 0 0 0.0
696 1 3 256 3 3 0.3
696 4 1 256 1 1 0.1
696 5 0 256 0 0 0.0
697 3 3 256 3 3 0.3
697 4 0 256 0 0 0.0
698 2 5 256 5 5 0.5
698 3 0 256 0 0 0.0
699 4 0 256 0 0 0.0
699 2 2 256 2 2 0.2
700 6 0 256 0 0 0.0
700 4 2 256 2 2 0.2
700 2 4 256 4 4 0.4
701 2 2 256 2 2 0.2
701 4 0 256 0 0 0.0
702 2 2 256 2 2 0.2
702 6 0 256 0 0 0.0
702 1 5 256 5 5 0.5
702 3 1 256 1 1 0.1
703 3 2 256 2 2 0.2
703 4 0 256 0 0 0.0
704 4 0 256 0 0 0.0
704 2 1 256 1 1 0.1
705 5 0 256 0 0 0.0
705 3 1 256 1 1 0.1
706 3 0 256 0 0 0.0
707 4 0 256 0 0 0.0
708 3 0 256 0 0 0.0
709 3 0 256 0 0 0.0
710 2 4 256 4 4 0.4
710 3 0 256 0 0 0.0
711 3 0 256 0 0 0.0
712 3 3 256 3 3 0.3
712 5 0 256 0 0 0.0
713 4 0 256 0 0 0.0
713 2 2 256 2 2 0.2
714 2 0 256 0 0 0.0
715 5 0 256 0 0 0.0
715 2 3 256 3 3 0.3
715 3 1 256 1 1 0.1
716 3 1 256 1 1 0.1
717 7 0 256 0 0 0.0
717 3 1 256 1 1 0.1
718 3 2 256 2 2 0.2
718 5 0 256 0 0 0.0
719 3 2 256 2 2 0.2
719 2 4 256 4 4 0.4
719 4 0 256 0 0 0.0
720 3 1 256 1 1 0.1
720 8 0 256 0 0 0.0
721 2 2 256 2 2 0.2
721 4 0 256 0 0 0.0
722 6 0 256 0 0 0.0
722 2 4 256 4 4 0.4
722 4 1 256 1 1 0.1
722 3 3 256 3 3 0.3
723 5 0 256 0 0 0.0
723 1 5 256 5 5 0.5
723 2 4 256 4 4 0.4
723 3 1 256 1 1 0.1
724 3 0 256 0 0 0.0
725 5 0 256 0 0 0.0
725 4 1 256 1 1 0.1
725 3 2 256 2 2 0.2
726 4 0 256 0 0 0.0
727 3 1 256 1 1 0.1
727 7 0 256 0 0 0.0
727 2 4 256 4 4 0.4
728 5 0 256 0 0 0.0
728 4 3 256 3 3 0.3
728 1 5 256 5 5 0.5
729 3 1 256 1 1 0.1
729 6 0 256 0 0 0.0
730 4 0 256 0 0 0.0
731 3 0 256 0 0 0.0
732 3 2 256 2 2 0.2
732 4 0 256 0 0 0.0
733 5 0 256 0 0 0.0
733 3 2 256 2 2 0.2
734 2 2 256 2 2 0.2
734 6 0 256 0 0 0.0
734 3 1 256 1 1 0.1
734 1 7 256 7 7 0.7
735 3 2 256 2 2 0.2
735 5 0 256 0 0 0.0
736 5 0 256 0 0 0.0
736 3 1 256 1 1 0.1
737 5 0 256 0 0 0.0
737 4 2 256 2 2 0.2
737 3 3 256 3 3 0.3
737 2 4 256 4 4 0.4
738 5 0 256 0 0 0.0
738 4 1 256 1 1 0.1
739 6 0 256 0 0 0.0
739 4 1 256 1 1 0.1
740 3 1 256 1 1 0.1
740 4 0 256 0 0 0.0
741 4 1 256 1 1 0.1
741 5 0 256 0 0 0.0
741 2 2 256 2 2 0.2
742 5 0 256 0 0 0.0
742 4 1 256 1 1 0.1
743 3 1 256 1 1 0.1
743 4 0 256 0 0 0.0
744 4 0 256 0 0 0.0
745 3 1 256 1 1 0.1
745 2 2 256 2 2 0.2
745 4 0 256 0 0 0.0
746 4 0 256 0 0 0.0
747 3 0 256 0 0 0.0
748 3 2 256 2 2 0.2
748 5 0 256 0 0 0.0
749 4 0 256 0 0 0.0
750 4 0 256 0 0 0.0
751 4 0 256 0 0 0.0
751 2 2 256 2 2 0.2
752 4 1 256 1 1 0.1
752 2 4 256 4 4 0.4
752 5 0 256 0 0 0.0
753 4 0 256 0 0 0.0
754 2 1 256 1 1 0.1
754 4 0 256 0 0 0.0
755 5 0 256 0 0 0.0
755 3 2 256 2 2 0.2
756 4 0 256 0 0 0.0
756 1 6 256 6 6 0.6
756 3 1 256 1 1 0.1
757 4 0 256 0 0 0.0
758 3 2 256 2 2 0.2
758 6 0 256 0 0 0.0
759 5 0 256 0 0 0.0
759 3 2 256 2 2 0.2
760 3 0 256 0 0 0.0
761 3 0 256 0 0 0.0
762 2 6 256 6 6 0.6
762 4 0 256 0 0 0.0
763 4 0 256 0 0 0.0
764 4 0 256 0 0 0.0
764 3 1 256 1 1 0.1
764 2 2 256 2 2 0.2
765 3 0 256 0 0 0.0
766 4 0 256 0 0 0.0
767 5 0 256 0 0 0.0
767 2 1 256 1 1 0.1
768 3 1 256 1 1 0.1
768 4 0 256 0 0 0.0
769 5 0 256 0 0 0.0
769 2 1 256 1 1 0.1
770 4 1 256 1 1 0.1
770 5 0 256 0 0 0.0
770 2 4 256 4 4 0.4
771 2 2 256 2 2 0.2
771 3 0 256 0 0 0.0
772 3 0 256 0 0 0.0
773 3 0 256 0 0 0.0
774 3 0 256 0 0 0.0
774 2 2 256 2 2 0.2
775 4 0 256 0 0 0.0
775 2 5 256 5 5 0.5
776 5 0 256 0 0 0.0
776 3 4 256 4 4 0.4
777 4 0 256 0 0 0.0
777 2 6 256 6 6 0.6
777 3 2 256 2 2 0.2
778 4 0 256 0 0 0.0
778 1 4 256 4 4 0.4
778 3 1 256 1 1 0.1
779 2 3 256 3 3 0.3
779 4 0 256 0 0 0.0
780 3 0 256 0 0 0.0
781 5 0 256 0 0 0.0
781 3 3 256 3 3 0.3
782 4 0 256 0 0 0.0
782 3 1 256 1 1 0.1
783 3 0 256 0 0 0.0
783 2 5 256 5 5 0.5
784 6 0 256 0 0 0.0
784 2 3 256 3 3 0.3
784 3 1 256 1 1 0.1
785 3 0 256 0 0 0.0
786 4 0 256 0 0 0.0
787 3 0 256 0 0 0.0
788 4 0 256 0 0 0.0
789 4 0 256 0 0 0.0
789 2 2 256 2 2 0.2
790 3 2 256 2 2 0.2
790 5 0 256 0 0 0.0
791 1 3 256 3 3 0.3
791 3 0 256 0 0 0.0
792 2 2 256 2 2 0.2
792 5 0 256 0 0 0.0
793 4 0 256 0 0 0.0
794 4 0 256 0 0 0.0
794 3 4 256 4 4 0.4
795 4 0 256 0 0 0.0
795 3 2 256 2 2 0.2
796 3 0 256 0 0 0.0
797 1 5 256 5 5 0.5
797 3 0 256 0 0 0.0
798 1 0 256 0 0 0.0
799 4 0 256 0 0 0.0
799 2 4 256 4 4 0.4
800 3 0 256 0 0 0.0
801 5 0 256 0 0 0.0
801 3 3 256 3 3 0.3
801 4 1 256 1 1 0.1
802 4 0 256 0 0 0.0
803 2 1 256 1 1 0.1
803 4 0 256 0 0 0.0
804 3 0 256 0 0 0.0
805 4 0 256 0 0 0.0
805 3 1 256 1 1 0.1
806 5 0 256 0 0 0.0
806 2 2 256 2 2 0.2
807 4 0 256 0 0 0.0
807 3 4 256 4 4 0.4
808 4 0 256 0 0 0.0
809 3 1 256 1 1 0.1
809 5 0 256 0 0 0.0
809 2 3 256 3 3 0.3
810 6 0 256 0 0 0.0
810 4 2 256 2 2 0.2
810 3 3 256 3 3 0.3
811 3 0 256 0 0 0.0
811 1 7 256 7 7 0.7
812 3 1 256 1 1 0.1
812 4 0 256 0 0 0.0
813 3 0 256 0 0 0.0
814 3 0 256 0 0 0.0
814 1 5 256 5 5 0.5
815 2 1 256 1 1 0.1
815 4 0 256 0 0 0.0
816 4 0 256 0 0 0.0
816 3 4 256 4 4 0.4
817 2 1 256 1 1 0.1
817 3 0 256 0 0 0.0
818 4 0 256 0 0 0.0
818 3 1 256 1 1 0.1
819 3 1 256 1 1 0.1
819 4 0 256 0 0 0.0
819 2 4 256 4 4 0.4
820 3 1 256 1 1 0.1
820 4 0 256 0 0 0.0
821 5 0 256 0 0 0.0
821 4 1 256 1 1 0.1
821 3 5 256 5 5 0.5
822 4 0 256 0 0 0.0
822 3 1 256 1 1 0.1
823 4 0 256 0 0 0.0
823 3 2 256 2 2 0.2
824 4 1 256 1 1 0.1
824 5 0 256 0 0 0.0
825 2 4 256 4 4 0.4
825 1 5 256 5 5 0.5
825 5 0 256 0 0 0.0
826 5 0 256 0 0 0.0
826 2 1 256 1 1 0.1
827 3 2 256 2 2 0.2
827 5 0 256 0 0 0.0
828 4 0 256 0 0 0.0
828 1 5 256 5 5 0.5
829 5 0 256 0 0 0.0
829 3 1 256 1 1 0.1
830 5 0 256 0 0 0.0
830 3 1 256 1 1 0.1
831 7 0 256 0 0 0.0
831 4 1 256 1 1 0.1
832 3 3 256 3 3 0.3
832 4 0 256 0 0 0.0
832 2 5 256 5 5 0.5
833 2 2 256 2 2 0.2
833 3 0 256 0 0 0.0
833 1 7 256 7 7 0.7
834 4 1 256 1 1 0.1
834 3 2 256 2 2 0.2
834 5 0 256 0 0 0.0
835 5 0 256 0 0 0.0
835 3 1 256 1 1 0.1
836 4 1 256 1 1 0.1
836 2 2 256 2 2 0.2
836 6 0 256 0 0 0.0
837 3 0 256 0 0 0.0
838 4 0 256 0 0 0.0
838 3 2 256 2 2 0.2
839 4 1 256 1 1 0.1
839 5 0 256 0 0 0.0
839 3 3 256 3 3 0.3
840 3 1 256 1 1 0.1
840 6 0 256 0 0 0.0
841 4 0 256 0 0 0.0
842 5 0 256 0 0 0.0
842 2 1 256 1 1 0.1
843 3 0 256 0 0 0.0
844 3 0 256 0 0 0.0
845 4 0 256 0 0 0.0
845 3 3 256 3 3 0.3
846 5 0 256 0 0 0.0
846 2 1 256 1 1 0.1
847 5 0 256 0 0 0.0
847 3 1 256 1 1 0.1
847 2 4 256 4 4 0.4
848 3 1 256 1 1 0.1
848 2 2 256 2 2 0.2
848 5 0 256 0 0 0.0
849 4 0 256 0 0 0.0
850 3 0 256 0 0 0.0
850 1 6 256 6 6 0.6
851 3 4 256 4 4 0.4
851 4 0 256 0 0 0.0
852 2 0 256 0 0 0.0
853 5 0 256 0 0 0.0
853 4 2 256 2 2 0.2
854 5 0 256 0 0 0.0
854 2 1 256 1 1 0.1
855 6 0 256 0 0 0.0
855 2 1 256 1 1 0.1
856 2 0 256 0 0 0.0
857 4 0 256 0 0 0.0
857 3 4 256 4 4 0.4
858 7 0 256 0 0 0.0
858 4 1 256 1 1 0.1
859 4 0 256 0 0 0.0
859 2 3 256 3 3 0.3
860 7 0 256 0 0 0.0
860 4 1 256 1 1 0.1
861 4 1 256 1 1 0.1
861 5 0 256 0 0 0.0
862 4 0 256 0 0 0.0
863 2 2 256 2 2 0.2
863 5 0 256 0 0 0.0
864 4 0 256 0 0 0.0
865 3 2 256 2 2 0.2
865 4 0 256 0 0 0.0
866 4 0 256 0 0 0.0
866 3 2 256 2 2 0.2
866 1 3 256 3 3 0.3
867 3 3 256 3 3 0.3
867 1 7 256 7 7 0.7
867 4 0 256 0 0 0.0
868 7 0 256 0 0 0.0
868 3 2 256 2 2 0.2
868 4 1 256 1 1 0.1
868 2 3 256 3 3 0.3
869 1 6 256 6 6 0.6
869 3 1 256 1 1 0.1
869 6 0 256 0 0 0.0
870 1 2 256 2 2 0.2
870 4 0 256 0 0 0.0
871 6 0 256 0 0 0.0
871 4 1 256 1 1 0.1
872 3 0 256 0 0 0.0
872 2 5 256 5 5 0.5
873 5 0 256 0 0 0.0
873 3 2 256 2 2 0.2
874 4 0 256 0 0 0.0
874 3 1 256 1 1 0.1
875 5 0 256 0 0 0.0
875 3 1 256 1 1 0.1
876 2 2 256 2 2 0.2
876 4 0 256 0 0 0.0
877 3 0 256 0 0 0.0
878 6 0 256 0 0 0.0
878 5 1 256 1 1 0.1
878 4 3 256 3 3 0.3
879 4 0 256 0 0 0.0
880 3 0 256 0 0 0.0
881 4 0 256 0 0 0.0
881 3 1 256 1 1 0.1
882 4 3 256 3 3 0.3
882 6 0 256 0 0 0.0
882 5 1 256 1 1 0.1
882 2 7 256 7 7 0.7
883 2 2 256 2 2 0.2
883 4 0 256 0 0 0.0
884 3 2 256 2 2 0.2
884 5 0 256 0 0 0.0
884 2 3 256 3 3 0.3
885 4 0 256 0 0 0.0
885 3 2 256 2 2 0.2
886 3 0 256 0 0 0.0
887 3 0 256 0 0 0.0
888 5 0 256 0 0 0.0
888 3 1 256 1 1 0.1
889 4 1 256 1 1 0.1
889 3 2 256 2 2 0.2
889 5 0 256 0 0 0.0
890 3 2 256 2 2 0.2
890 5 0 256 0 0 0.0
891 1 5 256 5 5 0.5
891 4 0 256 0 0 0.0
891 3 1 256 1 1 0.1
892 3 1 256 1 1 0.1
892 5 0 256 0 0 0.0
893 3 1 256 1 1 0.1
893 5 0 256 0 0 0.0
893 2 2 256 2 2 0.2
894 3 2 256 2 2 0.2
894 4 0 256 0 0 0.0
894 1 4 256 4 4 0.4
895 7 0 256 0 0 0.0
895 2 2 256 2 2 0.2
895 4 1 256 1 1 0.1
896 5 0 256 0 0 0.0
896 4 1 256 1 1 0.1
897 4 1 256 1 1 0.1
897 5 0 256 0 0 0.0
898 3 3 256 3 3 0.3
898 4 1 256 1 1 0.1
898 5 0 256 0 0 0.0
899 4 0 256 0 0 0.0
900 2 2 256 2 2 0.2
900 4 0 256 0 0 0.0
900 0 10 256 10 10 1.0
901 5 0 256 0 0 0.0
901 3 1 256 1 1 0.1
901 2 3 256 3 3 0.3
902 3 0 256 0 0 0.0
903 4 0 256 0 0 0.0
903 1 7 256 7 7 0.7
904 5 0 256 0 0 0.0
904 2 1 256 1 1 0.1
905 5 0 256 0 0 0.0
905 2 4 256 4 4 0.4
905 3 1 256 1 1 0.1
906 3 0 256 0 0 0.0
907 5 0 256 0 0 0.0
907 4 1 256 1 1 0.1
908 3 0 256 0 0 0.0
909 4 0 256 0 0 0.0
909 3 2 256 2 2 0.2
909 1 5 256 5 5 0.5
910 3 6 256 6 6 0.6
910 4 0 256 0 0 0.0
911 5 0 256 0 0 0.0
911 4 3 256 3 3 0.3
912 3 1 256 1 1 0.1
912 1 7 256 7 7 0.7
912 4 0 256 0 0 0.0
913 5 0 256 0 0 0.0
913 4 1 256 1 1 0.1
914 3 1 256 1 1 0.1
914 5 0 256 0 0 0.0
915 4 0 256 0 0 0.0
915 3 1 256 1 1 0.1
916 4 0 256 0 0 0.0
916 3 2 256 2 2 0.2
916 2 3 256 3 3 0.3
917 1 3 256 3 3 0.3
917 3 0 256 0 0 0.0
918 5 0 256 0 0 0.0
918 3 2 256 2 2 0.2
919 1 3 256 3 3 0.3
919 4 0 256 0 0 0.0
920 4 0 256 0 0 0.0
920 2 2 256 2 2 0.2
921 4 2 256 2 2 0.2
921 5 1 256 1 1 0.1
921 7 0 256 0 0 0.0
921 1 4 256 4 4 0.4
922 4 0 256 0 0 0.0
923 5 0 256 0 0 0.0
923 3 2 256 2 2 0.2
924 4 0 256 0 0 0.0
924 2 2 256 2 2 0.2
925 3 1 256 1 1 0.1
925 6 0 256 0 0 0.0
926 3 1 256 1 1 0.1
926 5 0 256 0 0 0.0
927 4 0 256 0 0 0.0
927 2 4 256 4 4 0.4
927 3 1 256 1 1 0.1
928 3 3 256 3 3 0.3
928 4 0 256 0 0 0.0
929 5 0 256 0 0 0.0
929 3 2 256 2 2 0.2
929 4 1 256 1 1 0.1
930 6 0 256 0 0 0.0
930 3 1 256 1 1 0.1
931 4 1 256 1 1 0.1
931 5 0 256 0 0 0.0
932 3 0 256 0 0 0.0
933 3 1 256 1 1 0.1
933 2 5 256 5 5 0.5
933 6 0 256 0 0 0.0
934 3 0 256 0 0 0.0
935 3 0 256 0 0 0.0
936 5 0 256 0 0 0.0
936 3 3 256 3 3 0.3
936 2 4 256 4 4 0.4
936 4 2 256 2 2 0.2
937 2 0 256 0 0 0.0
938 4 0 256 0 0 0.0
939 2 0 256 0 0 0.0
940 4 0 256 0 0 0.0
941 4 1 256 1 1 0.1
941 3 2 256 2 2 0.2
941 6 0 256 0 0 0.0
942 3 0 256 0 0 0.0
943 2 3 256 3 3 0.3
943 3 0 256 0 0 0.0
944 5 0 256 0 0 0.0
944 4 1 256 1 1 0.1
945 2 4 256 4 4 0.4
945 1 6 256 6 6 0.6
945 3 0 256 0 0 0.0
946 3 1 256 1 1 0.1
946 6 0 256 0 0 0.0
947 3 1 256 1 1 0.1
947 4 0 256 0 0 0.0
948 4 1 256 1 1 0.1
948 2 3 256 3 3 0.3
948 3 2 256 2 2 0.2
948 5 0 256 0 0 0.0
949 2 0 256 0 0 0.0
950 2 3 256 3 3 0.3
950 4 0 256 0 0 0.0
951 2 0 256 0 0 0.0
952 3 0 256 0 0 0.0
952 2 2 256 2 2 0.2
953 4 0 256 0 0 0.0
953 3 1 256 1 1 0.1
954 6 0 256 0 0 0.0
954 4 2 256 2 2 0.2
954 1 4 256 4 4 0.4
954 5 1 256 1 1 0.1
955 5 0 256 0 0 0.0
955 3 2 256 2 2 0.2
956 4 1 256 1 1 0.1
956 3 4 256 4 4 0.4
956 5 0 256 0 0 0.0
957 3 6 256 6 6 0.6
957 4 0 256 0 0 0.0
958 2 0 256 0 0 0.0
959 5 0 256 0 0 0.0
959 2 2 256 2 2 0.2
960 6 0 256 0 0 0.0
960 2 2 256 2 2 0.2
960 3 1 256 1 1 0.1
961 1 7 256 7 7 0.7
961 3 0 256 0 0 0.0
962 2 3 256 3 3 0.3
962 4 0 256 0 0 0.0
963 6 0 256 0 0 0.0
963 3 1 256 1 1 0.1
964 4 0 256 0 0 0.0
964 2 1 256 1 1 0.1
965 3 1 256 1 1 0.1
965 5 0 256 0 0 0.0
966 4 0 256 0 0 0.0
966 2 1 256 1 1 0.1
967 4 1 256 1 1 0.1
967 6 0 256 0 0 0.0
967 3 3 256 3 3 0.3
968 4 0 256 0 0 0.0
969 2 3 256 3 3 0.3
969 4 0 256 0 0 0.0
970 5 0 256 0 0 0.0
970 2 3 256 3 3 0.3
971 4 0 256 0 0 0.0
971 3 2 256 2 2 0.2
972 5 0 256 0 0 0.0
972 2 3 256 3 3 0.3
972 4 1 256 1 1 0.1
972 3 2 256 2 2 0.2
973 3 3 256 3 3 0.3
973 5 0 256 0 0 0.0
974 4 1 256 1 1 0.1
974 2 5 256 5 5 0.5
974 5 0 256 0 0 0.0
975 2 2 256 2 2 0.2
975 4 0 256 0 0 0.0
976 2 2 256 2 2 0.2
976 5 0 256 0 0 0.0
977 3 2 256 2 2 0.2
977 4 1 256 1 1 0.1
977 5 0 256 0 0 0.0
978 4 0 256 0 0 0.0
979 5 0 256 0 0 0.0
979 1 6 256 6 6 0.6
979 4 2 256 2 2 0.2
979 3 5 256 5 5 0.5
980 4 0 256 0 0 0.0
980 2 1 256 1 1 0.1
981 5 0 256 0 0 0.0
981 3 1 256 1 1 0.1
982 3 1 256 1 1 0.1
982 1 3 256 3 3 0.3
982 6 0 256 0 0 0.0
983 4 1 256 1 1 0.1
983 3 2 256 2 2 0.2
983 1 4 256 4 4 0.4
984 4 2 256 2 2 0.2
984 6 0 256 0 0 0.0
984 5 1 256 1 1 0.1
985 5 1 256 1 1 0.1
985 3 2 256 2 2 0.2
985 6 0 256 0 0 0.0
986 3 0 256 0 0 0.0
987 5 0 256 0 0 0.0
987 2 3 256 3 3 0.3
987 4 1 256 1 1 0.1
988 4 0 256 0 0 0.0
988 2 5 256 5 5 0.5
989 2 0 256 0 0 0.0
990 3 0 256 0 0 0.0
991 3 0 256 0 0 0.0
991 2 7 256 7 7 0.7
992 5 0 256 0 0 0.0
993 3 1 256 1 1 0.1
993 5 0 256 0 0 0.0
994 5 0 256 0 0 0.0
994 4 1 256 1 1 0.1
995 6 0 256 0 0 0.0
995 3 1 256 1 1 0.1
996 6 0 256 0 0 0.0
996 2 6 256 6 6 0.6
996 5 1 256 1 1 0.1
996 3 3 256 3 3 0.3
997 3 6 256 6 6 0.6
997 4 0 256 0 0 0.0
998 4 0 256 0 0 0.0
999 5 0 256 0 0 0.0
999 2 4 256 4 4 0.4
1000 3 1 256 1 1 0.1
1000 5 0 256 0 0 0.0
