gen testSuiteSize notKilledMutants number_of_tests no_discount_objective no_equiv_mut_not_killed no_equiv_mut_not_killed_perc
1 4 0 23 0 0 0.0
1 2 3 38 3 3 0.3
2 3 1 73 1 1 0.1
2 7 0 80 0 0 0.0
3 6 0 89 0 0 0.0
3 4 3 92 3 3 0.3
3 3 4 94 4 4 0.4
3 5 1 114 1 1 0.1
4 6 0 137 0 0 0.0
4 3 1 138 1 1 0.1
5 3 1 148 1 1 0.1
5 4 0 151 0 0 0.0
5 2 4 163 4 4 0.4
6 4 0 166 0 0 0.0
7 4 4 185 4 4 0.4
7 5 0 185 0 0 0.0
7 1 5 186 5 5 0.5
8 4 1 192 1 1 0.1
8 5 0 198 0 0 0.0
9 2 7 208 7 7 0.7
9 5 1 211 1 1 0.1
9 4 6 211 6 6 0.6
9 6 0 212 0 0 0.0
10 5 0 213 0 0 0.0
10 2 4 213 4 4 0.4
10 3 1 217 1 1 0.1
11 3 0 218 0 0 0.0
12 3 2 221 2 2 0.2
12 5 0 227 0 0 0.0
13 3 1 227 1 1 0.1
13 4 0 232 0 0 0.0
14 2 3 232 3 3 0.3
14 4 0 233 0 0 0.0
15 2 1 236 1 1 0.1
15 3 0 236 0 0 0.0
16 2 4 237 4 4 0.4
16 5 0 238 0 0 0.0
16 3 2 239 2 2 0.2
16 4 1 240 1 1 0.1
17 5 0 240 0 0 0.0
17 1 1 240 1 1 0.1
18 3 2 243 2 2 0.2
18 4 0 244 0 0 0.0
19 4 0 247 0 0 0.0
20 4 0 251 0 0 0.0
21 4 0 254 0 0 0.0
21 1 2 254 2 2 0.2
22 5 0 254 0 0 0.0
22 3 3 254 3 3 0.3
23 5 1 255 1 1 0.1
23 6 0 255 0 0 0.0
24 4 1 255 1 1 0.1
24 5 0 255 0 0 0.0
24 2 2 255 2 2 0.2
25 4 2 256 2 2 0.2
25 5 0 256 0 0 0.0
25 3 3 256 3 3 0.3
26 5 0 256 0 0 0.0
26 3 1 256 1 1 0.1
27 0 10 256 10 10 1.0
27 5 0 256 0 0 0.0
27 2 2 256 2 2 0.2
28 4 1 256 1 1 0.1
28 5 0 256 0 0 0.0
29 2 3 256 3 3 0.3
29 5 0 256 0 0 0.0
29 3 2 256 2 2 0.2
30 5 0 256 0 0 0.0
30 2 4 256 4 4 0.4
30 3 2 256 2 2 0.2
31 3 1 256 1 1 0.1
31 4 0 256 0 0 0.0
32 3 0 256 0 0 0.0
33 3 1 256 1 1 0.1
33 5 0 256 0 0 0.0
34 6 0 256 0 0 0.0
34 4 1 256 1 1 0.1
35 3 3 256 3 3 0.3
35 4 1 256 1 1 0.1
35 6 0 256 0 0 0.0
36 4 0 256 0 0 0.0
37 4 0 256 0 0 0.0
37 2 3 256 3 3 0.3
38 3 2 256 2 2 0.2
38 4 1 256 1 1 0.1
39 3 2 256 2 2 0.2
39 4 0 256 0 0 0.0
40 4 0 256 0 0 0.0
41 3 0 256 0 0 0.0
42 4 0 256 0 0 0.0
43 2 1 256 1 1 0.1
43 3 0 256 0 0 0.0
44 2 1 256 1 1 0.1
44 3 0 256 0 0 0.0
45 5 0 256 0 0 0.0
45 2 1 256 1 1 0.1
46 5 0 256 0 0 0.0
46 1 3 256 3 3 0.3
47 2 3 256 3 3 0.3
47 4 0 256 0 0 0.0
47 3 2 256 2 2 0.2
48 3 0 256 0 0 0.0
49 4 0 256 0 0 0.0
50 2 0 256 0 0 0.0
51 3 2 256 2 2 0.2
51 4 0 256 0 0 0.0
52 5 0 256 0 0 0.0
52 4 1 256 1 1 0.1
53 5 0 256 0 0 0.0
54 2 4 256 4 4 0.4
54 4 0 256 0 0 0.0
55 2 6 256 6 6 0.6
55 4 0 256 0 0 0.0
56 2 5 256 5 5 0.5
56 4 1 256 1 1 0.1
56 5 0 256 0 0 0.0
57 5 0 256 0 0 0.0
57 3 2 256 2 2 0.2
58 4 2 256 2 2 0.2
58 5 0 256 0 0 0.0
59 3 1 256 1 1 0.1
59 4 0 256 0 0 0.0
60 2 3 256 3 3 0.3
60 5 0 256 0 0 0.0
61 1 5 256 5 5 0.5
61 4 1 256 1 1 0.1
61 5 0 256 0 0 0.0
62 2 1 256 1 1 0.1
62 4 0 256 0 0 0.0
63 4 1 256 1 1 0.1
63 2 2 256 2 2 0.2
63 5 0 256 0 0 0.0
64 3 0 256 0 0 0.0
65 3 1 256 1 1 0.1
65 5 0 256 0 0 0.0
66 6 0 256 0 0 0.0
66 5 2 256 2 2 0.2
66 3 3 256 3 3 0.3
67 2 0 256 0 0 0.0
68 4 0 256 0 0 0.0
69 4 0 256 0 0 0.0
69 2 1 256 1 1 0.1
70 5 0 256 0 0 0.0
70 4 2 256 2 2 0.2
71 2 0 256 0 0 0.0
72 3 0 256 0 0 0.0
73 6 0 256 0 0 0.0
73 2 1 256 1 1 0.1
74 5 0 256 0 0 0.0
74 4 1 256 1 1 0.1
74 2 4 256 4 4 0.4
75 5 0 256 0 0 0.0
75 3 1 256 1 1 0.1
76 3 1 256 1 1 0.1
76 4 0 256 0 0 0.0
77 4 0 256 0 0 0.0
77 3 4 256 4 4 0.4
78 4 0 256 0 0 0.0
78 3 1 256 1 1 0.1
78 1 6 256 6 6 0.6
79 4 0 256 0 0 0.0
80 6 0 256 0 0 0.0
80 3 3 256 3 3 0.3
80 4 1 256 1 1 0.1
80 2 7 256 7 7 0.7
81 1 7 256 7 7 0.7
81 2 0 256 0 0 0.0
82 5 0 256 0 0 0.0
82 4 1 256 1 1 0.1
82 3 2 256 2 2 0.2
83 3 0 256 0 0 0.0
84 3 1 256 1 1 0.1
84 5 0 256 0 0 0.0
85 6 0 256 0 0 0.0
85 2 1 256 1 1 0.1
86 5 0 256 0 0 0.0
86 3 1 256 1 1 0.1
86 1 2 256 2 2 0.2
87 3 3 256 3 3 0.3
87 4 0 256 0 0 0.0
88 2 3 256 3 3 0.3
88 4 0 256 0 0 0.0
89 5 1 256 1 1 0.1
89 7 0 256 0 0 0.0
90 1 7 256 7 7 0.7
90 2 2 256 2 2 0.2
90 5 0 256 0 0 0.0
90 3 1 256 1 1 0.1
91 4 0 256 0 0 0.0
91 3 2 256 2 2 0.2
91 0 10 256 10 10 1.0
92 4 1 256 1 1 0.1
92 2 2 256 2 2 0.2
92 6 0 256 0 0 0.0
93 3 1 256 1 1 0.1
93 5 0 256 0 0 0.0
94 3 3 256 3 3 0.3
94 4 0 256 0 0 0.0
95 6 0 256 0 0 0.0
95 3 1 256 1 1 0.1
96 4 0 256 0 0 0.0
97 3 0 256 0 0 0.0
98 4 1 256 1 1 0.1
98 5 0 256 0 0 0.0
98 1 5 256 5 5 0.5
99 5 0 256 0 0 0.0
99 3 1 256 1 1 0.1
99 2 3 256 3 3 0.3
100 4 0 256 0 0 0.0
101 2 3 256 3 3 0.3
101 5 0 256 0 0 0.0
101 3 1 256 1 1 0.1
102 5 0 256 0 0 0.0
102 2 2 256 2 2 0.2
102 4 1 256 1 1 0.1
103 5 0 256 0 0 0.0
103 4 1 256 1 1 0.1
103 2 2 256 2 2 0.2
104 3 0 256 0 0 0.0
105 2 3 256 3 3 0.3
105 3 0 256 0 0 0.0
106 4 0 256 0 0 0.0
107 2 3 256 3 3 0.3
107 4 0 256 0 0 0.0
108 5 0 256 0 0 0.0
108 3 2 256 2 2 0.2
109 4 2 256 2 2 0.2
109 5 0 256 0 0 0.0
110 4 0 256 0 0 0.0
111 4 0 256 0 0 0.0
112 4 0 256 0 0 0.0
112 3 3 256 3 3 0.3
113 2 0 256 0 0 0.0
114 4 0 256 0 0 0.0
115 3 0 256 0 0 0.0
115 2 3 256 3 3 0.3
116 3 0 256 0 0 0.0
117 2 5 256 5 5 0.5
117 4 0 256 0 0 0.0
117 3 2 256 2 2 0.2
118 4 1 256 1 1 0.1
118 2 2 256 2 2 0.2
118 5 0 256 0 0 0.0
119 4 1 256 1 1 0.1
119 5 0 256 0 0 0.0
120 3 0 256 0 0 0.0
121 5 0 256 0 0 0.0
121 3 1 256 1 1 0.1
121 2 4 256 4 4 0.4
122 1 4 256 4 4 0.4
122 4 0 256 0 0 0.0
123 3 1 256 1 1 0.1
123 4 0 256 0 0 0.0
124 2 4 256 4 4 0.4
124 4 0 256 0 0 0.0
125 3 0 256 0 0 0.0
126 3 1 256 1 1 0.1
126 1 5 256 5 5 0.5
126 4 0 256 0 0 0.0
127 5 0 256 0 0 0.0
127 4 1 256 1 1 0.1
128 5 0 256 0 0 0.0
128 3 2 256 2 2 0.2
128 4 1 256 1 1 0.1
129 1 4 256 4 4 0.4
129 3 1 256 1 1 0.1
129 5 0 256 0 0 0.0
130 3 2 256 2 2 0.2
130 5 0 256 0 0 0.0
131 3 0 256 0 0 0.0
132 4 0 256 0 0 0.0
132 1 4 256 4 4 0.4
132 3 1 256 1 1 0.1
133 2 4 256 4 4 0.4
133 4 0 256 0 0 0.0
133 3 1 256 1 1 0.1
134 2 1 256 1 1 0.1
134 5 0 256 0 0 0.0
135 3 2 256 2 2 0.2
135 2 3 256 3 3 0.3
135 4 0 256 0 0 0.0
136 4 0 256 0 0 0.0
136 3 4 256 4 4 0.4
137 2 5 256 5 5 0.5
137 4 0 256 0 0 0.0
137 3 2 256 2 2 0.2
138 5 0 256 0 0 0.0
138 3 1 256 1 1 0.1
139 3 2 256 2 2 0.2
139 5 0 256 0 0 0.0
139 4 1 256 1 1 0.1
140 3 1 256 1 1 0.1
140 1 6 256 6 6 0.6
140 4 0 256 0 0 0.0
141 4 0 256 0 0 0.0
142 4 1 256 1 1 0.1
142 5 0 256 0 0 0.0
143 4 1 256 1 1 0.1
143 6 0 256 0 0 0.0
143 3 2 256 2 2 0.2
144 2 0 256 0 0 0.0
145 5 0 256 0 0 0.0
145 3 2 256 2 2 0.2
146 3 0 256 0 0 0.0
146 2 5 256 5 5 0.5
146 1 6 256 6 6 0.6
147 4 0 256 0 0 0.0
148 3 0 256 0 0 0.0
149 1 6 256 6 6 0.6
149 3 3 256 3 3 0.3
149 4 0 256 0 0 0.0
150 3 1 256 1 1 0.1
150 5 0 256 0 0 0.0
151 3 0 256 0 0 0.0
152 4 0 256 0 0 0.0
152 2 3 256 3 3 0.3
153 4 1 256 1 1 0.1
153 5 0 256 0 0 0.0
154 3 0 256 0 0 0.0
155 3 0 256 0 0 0.0
155 2 2 256 2 2 0.2
156 2 1 256 1 1 0.1
156 5 0 256 0 0 0.0
157 4 0 256 0 0 0.0
157 1 4 256 4 4 0.4
158 6 0 256 0 0 0.0
158 3 2 256 2 2 0.2
158 5 1 256 1 1 0.1
158 2 5 256 5 5 0.5
159 3 0 256 0 0 0.0
160 3 1 256 1 1 0.1
160 4 0 256 0 0 0.0
161 3 1 256 1 1 0.1
161 2 5 256 5 5 0.5
161 4 0 256 0 0 0.0
162 4 0 256 0 0 0.0
162 2 1 256 1 1 0.1
163 5 0 256 0 0 0.0
163 3 1 256 1 1 0.1
164 2 3 256 3 3 0.3
164 4 0 256 0 0 0.0
164 3 2 256 2 2 0.2
165 2 3 256 3 3 0.3
165 3 1 256 1 1 0.1
165 4 0 256 0 0 0.0
166 3 1 256 1 1 0.1
166 5 0 256 0 0 0.0
167 2 0 256 0 0 0.0
168 3 3 256 3 3 0.3
168 4 0 256 0 0 0.0
169 3 0 256 0 0 0.0
170 2 0 256 0 0 0.0
171 3 0 256 0 0 0.0
172 6 0 256 0 0 0.0
172 1 3 256 3 3 0.3
172 5 1 256 1 1 0.1
172 3 2 256 2 2 0.2
173 5 0 256 0 0 0.0
173 3 2 256 2 2 0.2
173 4 1 256 1 1 0.1
174 4 1 256 1 1 0.1
174 3 4 256 4 4 0.4
174 5 0 256 0 0 0.0
175 3 0 256 0 0 0.0
176 3 0 256 0 0 0.0
176 1 5 256 5 5 0.5
177 4 0 256 0 0 0.0
177 1 6 256 6 6 0.6
178 4 1 256 1 1 0.1
178 5 0 256 0 0 0.0
179 5 0 256 0 0 0.0
179 2 1 256 1 1 0.1
180 4 0 256 0 0 0.0
180 3 3 256 3 3 0.3
181 4 0 256 0 0 0.0
181 3 1 256 1 1 0.1
181 2 2 256 2 2 0.2
182 4 1 256 1 1 0.1
182 5 0 256 0 0 0.0
182 3 4 256 4 4 0.4
183 2 3 256 3 3 0.3
183 3 0 256 0 0 0.0
184 2 3 256 3 3 0.3
184 5 0 256 0 0 0.0
184 3 2 256 2 2 0.2
185 2 2 256 2 2 0.2
185 5 0 256 0 0 0.0
186 3 1 256 1 1 0.1
186 4 0 256 0 0 0.0
187 4 0 256 0 0 0.0
188 1 3 256 3 3 0.3
188 3 0 256 0 0 0.0
189 4 0 256 0 0 0.0
189 3 1 256 1 1 0.1
190 3 1 256 1 1 0.1
190 5 0 256 0 0 0.0
191 3 3 256 3 3 0.3
191 4 0 256 0 0 0.0
192 4 1 256 1 1 0.1
192 5 0 256 0 0 0.0
192 3 2 256 2 2 0.2
193 2 0 256 0 0 0.0
194 3 0 256 0 0 0.0
194 2 4 256 4 4 0.4
195 4 0 256 0 0 0.0
196 2 1 256 1 1 0.1
196 5 0 256 0 0 0.0
197 2 3 256 3 3 0.3
197 3 0 256 0 0 0.0
198 4 0 256 0 0 0.0
199 2 3 256 3 3 0.3
199 3 0 256 0 0 0.0
200 4 0 256 0 0 0.0
200 3 3 256 3 3 0.3
201 2 1 256 1 1 0.1
201 3 0 256 0 0 0.0
202 2 1 256 1 1 0.1
202 4 0 256 0 0 0.0
203 4 0 256 0 0 0.0
204 2 2 256 2 2 0.2
204 4 0 256 0 0 0.0
205 4 0 256 0 0 0.0
205 3 1 256 1 1 0.1
206 4 0 256 0 0 0.0
207 3 2 256 2 2 0.2
207 4 1 256 1 1 0.1
207 5 0 256 0 0 0.0
208 2 5 256 5 5 0.5
208 3 0 256 0 0 0.0
209 3 2 256 2 2 0.2
209 5 0 256 0 0 0.0
209 4 1 256 1 1 0.1
210 3 2 256 2 2 0.2
210 1 6 256 6 6 0.6
210 5 0 256 0 0 0.0
211 3 0 256 0 0 0.0
212 4 1 256 1 1 0.1
212 5 0 256 0 0 0.0
213 3 0 256 0 0 0.0
214 6 0 256 0 0 0.0
214 3 1 256 1 1 0.1
215 5 0 256 0 0 0.0
215 2 1 256 1 1 0.1
216 3 0 256 0 0 0.0
217 3 3 256 3 3 0.3
217 7 0 256 0 0 0.0
217 4 1 256 1 1 0.1
217 1 5 256 5 5 0.5
218 5 0 256 0 0 0.0
218 4 1 256 1 1 0.1
219 5 0 256 0 0 0.0
219 1 3 256 3 3 0.3
220 4 0 256 0 0 0.0
221 4 1 256 1 1 0.1
221 5 0 256 0 0 0.0
222 4 2 256 2 2 0.2
222 6 0 256 0 0 0.0
222 5 1 256 1 1 0.1
222 2 4 256 4 4 0.4
223 3 2 256 2 2 0.2
223 5 0 256 0 0 0.0
223 4 1 256 1 1 0.1
224 6 0 256 0 0 0.0
224 4 2 256 2 2 0.2
224 5 1 256 1 1 0.1
225 4 2 256 2 2 0.2
225 5 0 256 0 0 0.0
225 3 5 256 5 5 0.5
226 2 2 256 2 2 0.2
226 4 0 256 0 0 0.0
227 1 3 256 3 3 0.3
227 4 0 256 0 0 0.0
228 2 0 256 0 0 0.0
229 3 3 256 3 3 0.3
229 4 0 256 0 0 0.0
230 5 0 256 0 0 0.0
230 4 1 256 1 1 0.1
230 2 3 256 3 3 0.3
231 2 0 256 0 0 0.0
232 4 1 256 1 1 0.1
232 6 0 256 0 0 0.0
233 3 2 256 2 2 0.2
233 5 0 256 0 0 0.0
234 3 3 256 3 3 0.3
234 4 1 256 1 1 0.1
234 5 0 256 0 0 0.0
235 3 1 256 1 1 0.1
235 5 0 256 0 0 0.0
236 3 0 256 0 0 0.0
237 2 6 256 6 6 0.6
237 3 0 256 0 0 0.0
238 3 0 256 0 0 0.0
239 6 0 256 0 0 0.0
239 2 2 256 2 2 0.2
240 2 4 256 4 4 0.4
240 4 0 256 0 0 0.0
240 3 1 256 1 1 0.1
241 2 4 256 4 4 0.4
241 4 0 256 0 0 0.0
242 3 0 256 0 0 0.0
242 2 2 256 2 2 0.2
243 4 1 256 1 1 0.1
243 5 0 256 0 0 0.0
244 3 0 256 0 0 0.0
245 1 6 256 6 6 0.6
245 3 0 256 0 0 0.0
246 5 0 256 0 0 0.0
246 3 2 256 2 2 0.2
247 4 0 256 0 0 0.0
248 5 0 256 0 0 0.0
248 2 1 256 1 1 0.1
249 3 0 256 0 0 0.0
249 2 2 256 2 2 0.2
250 5 0 256 0 0 0.0
250 3 4 256 4 4 0.4
250 4 1 256 1 1 0.1
251 2 3 256 3 3 0.3
251 4 0 256 0 0 0.0
252 3 2 256 2 2 0.2
252 4 0 256 0 0 0.0
252 2 4 256 4 4 0.4
253 5 0 256 0 0 0.0
253 3 1 256 1 1 0.1
253 2 4 256 4 4 0.4
254 4 0 256 0 0 0.0
255 3 1 256 1 1 0.1
255 5 0 256 0 0 0.0
256 4 0 256 0 0 0.0
256 2 5 256 5 5 0.5
257 5 0 256 0 0 0.0
257 3 1 256 1 1 0.1
258 4 1 256 1 1 0.1
258 3 2 256 2 2 0.2
258 6 0 256 0 0 0.0
259 5 0 256 0 0 0.0
259 4 1 256 1 1 0.1
259 2 4 256 4 4 0.4
260 4 0 256 0 0 0.0
261 2 5 256 5 5 0.5
261 3 2 256 2 2 0.2
261 4 0 256 0 0 0.0
262 3 0 256 0 0 0.0
263 2 1 256 1 1 0.1
263 3 0 256 0 0 0.0
264 5 0 256 0 0 0.0
264 3 1 256 1 1 0.1
264 2 4 256 4 4 0.4
265 3 2 256 2 2 0.2
265 7 0 256 0 0 0.0
265 4 1 256 1 1 0.1
265 2 3 256 3 3 0.3
266 1 6 256 6 6 0.6
266 2 3 256 3 3 0.3
266 6 0 256 0 0 0.0
266 5 1 256 1 1 0.1
267 5 0 256 0 0 0.0
267 3 1 256 1 1 0.1
268 5 0 256 0 0 0.0
268 3 2 256 2 2 0.2
268 1 7 256 7 7 0.7
269 6 0 256 0 0 0.0
269 2 1 256 1 1 0.1
270 4 1 256 1 1 0.1
270 6 0 256 0 0 0.0
270 2 3 256 3 3 0.3
271 3 0 256 0 0 0.0
272 3 1 256 1 1 0.1
272 6 0 256 0 0 0.0
273 2 2 256 2 2 0.2
273 4 1 256 1 1 0.1
273 5 0 256 0 0 0.0
274 4 0 256 0 0 0.0
274 3 2 256 2 2 0.2
275 5 0 256 0 0 0.0
275 3 1 256 1 1 0.1
276 4 1 256 1 1 0.1
276 5 0 256 0 0 0.0
276 3 2 256 2 2 0.2
276 1 4 256 4 4 0.4
277 3 3 256 3 3 0.3
277 4 0 256 0 0 0.0
278 4 0 256 0 0 0.0
278 3 1 256 1 1 0.1
279 4 0 256 0 0 0.0
279 2 4 256 4 4 0.4
280 4 0 256 0 0 0.0
280 2 4 256 4 4 0.4
281 4 0 256 0 0 0.0
281 3 3 256 3 3 0.3
282 3 0 256 0 0 0.0
283 3 4 256 4 4 0.4
283 4 0 256 0 0 0.0
284 4 1 256 1 1 0.1
284 3 4 256 4 4 0.4
284 5 0 256 0 0 0.0
285 3 1 256 1 1 0.1
285 4 0 256 0 0 0.0
286 4 0 256 0 0 0.0
286 3 2 256 2 2 0.2
287 4 0 256 0 0 0.0
287 3 1 256 1 1 0.1
288 4 0 256 0 0 0.0
288 3 1 256 1 1 0.1
289 3 0 256 0 0 0.0
290 2 2 256 2 2 0.2
290 5 0 256 0 0 0.0
291 4 0 256 0 0 0.0
291 3 2 256 2 2 0.2
292 4 1 256 1 1 0.1
292 5 0 256 0 0 0.0
292 2 2 256 2 2 0.2
293 3 0 256 0 0 0.0
293 2 6 256 6 6 0.6
294 4 0 256 0 0 0.0
294 2 5 256 5 5 0.5
295 5 0 256 0 0 0.0
295 3 1 256 1 1 0.1
296 3 0 256 0 0 0.0
296 2 4 256 4 4 0.4
297 2 5 256 5 5 0.5
297 4 1 256 1 1 0.1
297 5 0 256 0 0 0.0
298 4 0 256 0 0 0.0
299 4 1 256 1 1 0.1
299 5 0 256 0 0 0.0
300 5 0 256 0 0 0.0
301 3 0 256 0 0 0.0
301 1 7 256 7 7 0.7
301 2 1 256 1 1 0.1
302 3 4 256 4 4 0.4
302 4 2 256 2 2 0.2
302 5 0 256 0 0 0.0
303 4 0 256 0 0 0.0
303 3 3 256 3 3 0.3
304 4 0 256 0 0 0.0
304 2 2 256 2 2 0.2
305 2 1 256 1 1 0.1
306 7 0 256 0 0 0.0
306 3 1 256 1 1 0.1
307 3 1 256 1 1 0.1
307 6 0 256 0 0 0.0
308 2 2 256 2 2 0.2
308 4 0 256 0 0 0.0
309 2 6 256 6 6 0.6
309 3 0 256 0 0 0.0
310 3 1 256 1 1 0.1
310 4 0 256 0 0 0.0
311 7 0 256 0 0 0.0
311 2 1 256 1 1 0.1
312 4 2 256 2 2 0.2
312 5 0 256 0 0 0.0
312 3 4 256 4 4 0.4
313 4 1 256 1 1 0.1
313 5 0 256 0 0 0.0
313 2 3 256 3 3 0.3
314 2 6 256 6 6 0.6
314 3 2 256 2 2 0.2
314 5 0 256 0 0 0.0
315 5 0 256 0 0 0.0
315 4 2 256 2 2 0.2
316 3 1 256 1 1 0.1
316 4 0 256 0 0 0.0
317 3 0 256 0 0 0.0
318 4 1 256 1 1 0.1
318 2 6 256 6 6 0.6
319 3 1 256 1 1 0.1
319 5 0 256 0 0 0.0
320 2 2 256 2 2 0.2
320 5 0 256 0 0 0.0
321 2 4 256 4 4 0.4
321 4 0 256 0 0 0.0
321 3 3 256 3 3 0.3
322 3 0 256 0 0 0.0
322 2 2 256 2 2 0.2
323 3 0 256 0 0 0.0
324 6 1 256 1 1 0.1
324 7 0 256 0 0 0.0
325 3 1 256 1 1 0.1
325 6 0 256 0 0 0.0
326 4 0 256 0 0 0.0
326 2 1 256 1 1 0.1
327 4 0 256 0 0 0.0
327 3 2 256 2 2 0.2
328 2 2 256 2 2 0.2
328 4 0 256 0 0 0.0
328 1 7 256 7 7 0.7
328 3 1 256 1 1 0.1
329 1 3 256 3 3 0.3
329 5 0 256 0 0 0.0
330 4 1 256 1 1 0.1
330 5 0 256 0 0 0.0
330 3 2 256 2 2 0.2
331 4 0 256 0 0 0.0
332 3 1 256 1 1 0.1
332 5 0 256 0 0 0.0
332 2 3 256 3 3 0.3
333 3 0 256 0 0 0.0
334 5 0 256 0 0 0.0
334 3 3 256 3 3 0.3
334 2 7 256 7 7 0.7
335 5 0 256 0 0 0.0
335 4 1 256 1 1 0.1
335 2 4 256 4 4 0.4
336 2 2 256 2 2 0.2
336 5 0 256 0 0 0.0
337 4 1 256 1 1 0.1
337 5 0 256 0 0 0.0
337 1 4 256 4 4 0.4
338 3 1 256 1 1 0.1
338 4 0 256 0 0 0.0
339 4 0 256 0 0 0.0
339 3 2 256 2 2 0.2
340 2 5 256 5 5 0.5
340 4 0 256 0 0 0.0
340 3 1 256 1 1 0.1
341 5 0 256 0 0 0.0
341 4 2 256 2 2 0.2
342 4 0 256 0 0 0.0
342 3 3 256 3 3 0.3
343 3 1 256 1 1 0.1
343 5 0 256 0 0 0.0
344 3 1 256 1 1 0.1
344 5 0 256 0 0 0.0
345 5 0 256 0 0 0.0
345 4 1 256 1 1 0.1
346 3 0 256 0 0 0.0
347 3 0 256 0 0 0.0
348 5 0 256 0 0 0.0
348 4 1 256 1 1 0.1
348 1 3 256 3 3 0.3
349 3 0 256 0 0 0.0
349 2 4 256 4 4 0.4
350 3 0 256 0 0 0.0
351 2 5 256 5 5 0.5
351 3 1 256 1 1 0.1
351 5 0 256 0 0 0.0
352 4 0 256 0 0 0.0
352 3 2 256 2 2 0.2
353 3 3 256 3 3 0.3
353 4 0 256 0 0 0.0
354 3 0 256 0 0 0.0
354 1 3 256 3 3 0.3
355 4 0 256 0 0 0.0
356 2 2 256 2 2 0.2
356 4 0 256 0 0 0.0
357 2 1 256 1 1 0.1
357 5 0 256 0 0 0.0
358 5 0 256 0 0 0.0
358 3 1 256 1 1 0.1
358 2 5 256 5 5 0.5
359 5 0 256 0 0 0.0
359 3 1 256 1 1 0.1
360 5 1 256 1 1 0.1
360 6 0 256 0 0 0.0
360 2 3 256 3 3 0.3
360 3 2 256 2 2 0.2
361 3 2 256 2 2 0.2
361 5 0 256 0 0 0.0
362 6 0 256 0 0 0.0
362 3 1 256 1 1 0.1
363 5 0 256 0 0 0.0
363 2 5 256 5 5 0.5
363 4 1 256 1 1 0.1
364 3 2 256 2 2 0.2
364 4 0 256 0 0 0.0
365 3 1 256 1 1 0.1
365 4 0 256 0 0 0.0
366 3 2 256 2 2 0.2
366 4 0 256 0 0 0.0
367 2 0 256 0 0 0.0
368 2 4 256 4 4 0.4
368 6 0 256 0 0 0.0
368 4 1 256 1 1 0.1
369 2 1 256 1 1 0.1
369 5 0 256 0 0 0.0
370 3 1 256 1 1 0.1
370 6 0 256 0 0 0.0
371 2 1 256 1 1 0.1
371 4 0 256 0 0 0.0
372 3 3 256 3 3 0.3
372 4 0 256 0 0 0.0
373 4 1 256 1 1 0.1
373 3 2 256 2 2 0.2
373 5 0 256 0 0 0.0
374 4 0 256 0 0 0.0
375 2 0 256 0 0 0.0
376 4 0 256 0 0 0.0
377 4 0 256 0 0 0.0
378 3 3 256 3 3 0.3
378 4 0 256 0 0 0.0
379 1 7 256 7 7 0.7
379 4 1 256 1 1 0.1
379 6 0 256 0 0 0.0
379 3 4 256 4 4 0.4
380 5 0 256 0 0 0.0
380 2 1 256 1 1 0.1
381 3 0 256 0 0 0.0
381 2 3 256 3 3 0.3
382 5 0 256 0 0 0.0
382 3 1 256 1 1 0.1
383 5 0 256 0 0 0.0
383 2 1 256 1 1 0.1
384 6 0 256 0 0 0.0
384 4 1 256 1 1 0.1
385 2 1 256 1 1 0.1
385 5 0 256 0 0 0.0
386 5 0 256 0 0 0.0
386 2 2 256 2 2 0.2
386 3 1 256 1 1 0.1
387 3 1 256 1 1 0.1
387 4 0 256 0 0 0.0
388 4 0 256 0 0 0.0
389 1 3 256 3 3 0.3
389 3 0 256 0 0 0.0
390 4 1 256 1 1 0.1
390 5 0 256 0 0 0.0
390 3 4 256 4 4 0.4
391 4 0 256 0 0 0.0
392 2 6 256 6 6 0.6
392 5 0 256 0 0 0.0
392 3 1 256 1 1 0.1
393 6 0 256 0 0 0.0
393 3 1 256 1 1 0.1
394 4 0 256 0 0 0.0
394 2 4 256 4 4 0.4
395 2 2 256 2 2 0.2
395 4 0 256 0 0 0.0
396 4 0 256 0 0 0.0
396 3 3 256 3 3 0.3
397 5 0 256 0 0 0.0
397 3 2 256 2 2 0.2
398 4 1 256 1 1 0.1
398 5 0 256 0 0 0.0
399 5 1 256 1 1 0.1
399 6 0 256 0 0 0.0
399 2 4 256 4 4 0.4
400 1 6 256 6 6 0.6
400 3 1 256 1 1 0.1
400 4 0 256 0 0 0.0
401 3 0 256 0 0 0.0
402 2 3 256 3 3 0.3
402 3 2 256 2 2 0.2
402 4 0 256 0 0 0.0
403 5 0 256 0 0 0.0
403 4 2 256 2 2 0.2
404 3 0 256 0 0 0.0
405 3 0 256 0 0 0.0
406 3 1 256 1 1 0.1
406 4 0 256 0 0 0.0
407 2 0 256 0 0 0.0
408 3 0 256 0 0 0.0
408 2 1 256 1 1 0.1
409 4 0 256 0 0 0.0
409 1 4 256 4 4 0.4
409 2 3 256 3 3 0.3
410 4 0 256 0 0 0.0
410 3 3 256 3 3 0.3
411 3 3 256 3 3 0.3
411 5 0 256 0 0 0.0
411 4 1 256 1 1 0.1
412 4 0 256 0 0 0.0
412 3 1 256 1 1 0.1
413 5 0 256 0 0 0.0
413 2 4 256 4 4 0.4
413 3 1 256 1 1 0.1
414 7 0 256 0 0 0.0
414 3 1 256 1 1 0.1
415 7 0 256 0 0 0.0
415 2 3 256 3 3 0.3
415 3 1 256 1 1 0.1
416 3 3 256 3 3 0.3
416 4 0 256 0 0 0.0
417 4 2 256 2 2 0.2
417 5 0 256 0 0 0.0
418 5 0 256 0 0 0.0
418 3 3 256 3 3 0.3
418 4 2 256 2 2 0.2
419 2 2 256 2 2 0.2
419 5 0 256 0 0 0.0
420 3 0 256 0 0 0.0
420 2 4 256 4 4 0.4
421 3 2 256 2 2 0.2
421 5 0 256 0 0 0.0
422 3 3 256 3 3 0.3
422 4 0 256 0 0 0.0
423 4 0 256 0 0 0.0
424 2 5 256 5 5 0.5
424 4 0 256 0 0 0.0
424 3 2 256 2 2 0.2
425 2 2 256 2 2 0.2
425 4 1 256 1 1 0.1
425 5 0 256 0 0 0.0
426 4 1 256 1 1 0.1
426 3 2 256 2 2 0.2
426 5 0 256 0 0 0.0
426 2 5 256 5 5 0.5
427 2 3 256 3 3 0.3
427 3 2 256 2 2 0.2
427 5 0 256 0 0 0.0
427 4 1 256 1 1 0.1
428 5 0 256 0 0 0.0
428 3 1 256 1 1 0.1
429 5 0 256 0 0 0.0
429 4 3 256 3 3 0.3
430 4 0 256 0 0 0.0
430 3 1 256 1 1 0.1
430 2 4 256 4 4 0.4
431 4 0 256 0 0 0.0
431 2 1 256 1 1 0.1
432 5 0 256 0 0 0.0
432 4 1 256 1 1 0.1
432 3 4 256 4 4 0.4
433 3 0 256 0 0 0.0
433 2 3 256 3 3 0.3
434 5 0 256 0 0 0.0
435 4 1 256 1 1 0.1
435 5 0 256 0 0 0.0
436 4 0 256 0 0 0.0
436 3 2 256 2 2 0.2
437 3 1 256 1 1 0.1
437 5 0 256 0 0 0.0
438 2 1 256 1 1 0.1
438 5 0 256 0 0 0.0
439 5 0 256 0 0 0.0
439 2 3 256 3 3 0.3
440 4 1 256 1 1 0.1
440 3 3 256 3 3 0.3
440 5 0 256 0 0 0.0
441 3 2 256 2 2 0.2
441 2 4 256 4 4 0.4
441 4 0 256 0 0 0.0
442 2 1 256 1 1 0.1
442 4 0 256 0 0 0.0
443 3 0 256 0 0 0.0
444 3 1 256 1 1 0.1
444 5 0 256 0 0 0.0
445 3 0 256 0 0 0.0
445 0 10 256 10 10 1.0
446 6 0 256 0 0 0.0
446 1 8 256 8 8 0.8
446 5 1 256 1 1 0.1
447 3 0 256 0 0 0.0
447 2 5 256 5 5 0.5
448 3 0 256 0 0 0.0
448 1 8 256 8 8 0.8
449 3 1 256 1 1 0.1
449 5 0 256 0 0 0.0
450 2 4 256 4 4 0.4
450 5 0 256 0 0 0.0
450 3 1 256 1 1 0.1
451 3 0 256 0 0 0.0
451 2 3 256 3 3 0.3
452 2 6 256 6 6 0.6
452 3 2 256 2 2 0.2
452 5 0 256 0 0 0.0
452 4 1 256 1 1 0.1
453 4 1 256 1 1 0.1
453 3 4 256 4 4 0.4
453 7 0 256 0 0 0.0
454 4 0 256 0 0 0.0
455 4 0 256 0 0 0.0
455 2 3 256 3 3 0.3
456 6 0 256 0 0 0.0
456 4 1 256 1 1 0.1
456 2 2 256 2 2 0.2
457 3 1 256 1 1 0.1
457 2 2 256 2 2 0.2
457 4 0 256 0 0 0.0
458 3 0 256 0 0 0.0
459 4 0 256 0 0 0.0
459 2 3 256 3 3 0.3
459 3 1 256 1 1 0.1
460 5 0 256 0 0 0.0
460 3 3 256 3 3 0.3
460 4 1 256 1 1 0.1
461 3 0 256 0 0 0.0
462 5 0 256 0 0 0.0
462 3 1 256 1 1 0.1
462 2 3 256 3 3 0.3
462 1 5 256 5 5 0.5
463 4 0 256 0 0 0.0
463 2 1 256 1 1 0.1
464 3 0 256 0 0 0.0
465 4 0 256 0 0 0.0
465 2 1 256 1 1 0.1
466 3 2 256 2 2 0.2
466 4 0 256 0 0 0.0
466 2 3 256 3 3 0.3
467 3 2 256 2 2 0.2
467 4 1 256 1 1 0.1
467 5 0 256 0 0 0.0
468 2 0 256 0 0 0.0
469 3 0 256 0 0 0.0
470 1 6 256 6 6 0.6
470 3 3 256 3 3 0.3
470 4 1 256 1 1 0.1
470 5 0 256 0 0 0.0
471 4 0 256 0 0 0.0
471 3 1 256 1 1 0.1
472 3 0 256 0 0 0.0
473 3 1 256 1 1 0.1
473 5 0 256 0 0 0.0
474 5 0 256 0 0 0.0
474 2 4 256 4 4 0.4
474 4 1 256 1 1 0.1
475 3 0 256 0 0 0.0
475 1 5 256 5 5 0.5
476 3 0 256 0 0 0.0
476 1 4 256 4 4 0.4
477 4 0 256 0 0 0.0
477 1 3 256 3 3 0.3
477 3 2 256 2 2 0.2
478 3 0 256 0 0 0.0
479 2 4 256 4 4 0.4
479 5 0 256 0 0 0.0
479 3 1 256 1 1 0.1
480 5 0 256 0 0 0.0
481 4 0 256 0 0 0.0
481 2 1 256 1 1 0.1
482 4 0 256 0 0 0.0
482 3 3 256 3 3 0.3
483 4 0 256 0 0 0.0
483 3 1 256 1 1 0.1
484 4 0 256 0 0 0.0
484 2 3 256 3 3 0.3
485 4 2 256 2 2 0.2
485 5 0 256 0 0 0.0
486 4 0 256 0 0 0.0
486 3 2 256 2 2 0.2
487 4 0 256 0 0 0.0
488 4 0 256 0 0 0.0
488 3 1 256 1 1 0.1
488 2 4 256 4 4 0.4
489 5 0 256 0 0 0.0
489 2 1 256 1 1 0.1
490 5 0 256 0 0 0.0
490 3 1 256 1 1 0.1
491 4 0 256 0 0 0.0
492 5 0 256 0 0 0.0
492 4 1 256 1 1 0.1
492 3 3 256 3 3 0.3
493 6 0 256 0 0 0.0
493 2 2 256 2 2 0.2
493 4 1 256 1 1 0.1
494 4 0 256 0 0 0.0
494 2 2 256 2 2 0.2
495 4 0 256 0 0 0.0
496 3 0 256 0 0 0.0
497 3 1 256 1 1 0.1
497 4 0 256 0 0 0.0
498 4 0 256 0 0 0.0
499 4 0 256 0 0 0.0
500 3 0 256 0 0 0.0
500 2 1 256 1 1 0.1
501 3 1 256 1 1 0.1
501 2 4 256 4 4 0.4
501 6 0 256 0 0 0.0
502 4 0 256 0 0 0.0
502 3 3 256 3 3 0.3
503 3 1 256 1 1 0.1
503 5 0 256 0 0 0.0
503 2 5 256 5 5 0.5
504 5 0 256 0 0 0.0
504 3 2 256 2 2 0.2
505 7 0 256 0 0 0.0
505 2 1 256 1 1 0.1
506 3 5 256 5 5 0.5
506 4 0 256 0 0 0.0
507 2 3 256 3 3 0.3
507 6 0 256 0 0 0.0
507 3 1 256 1 1 0.1
508 4 0 256 0 0 0.0
508 2 1 256 1 1 0.1
509 3 0 256 0 0 0.0
510 5 0 256 0 0 0.0
510 3 1 256 1 1 0.1
511 4 1 256 1 1 0.1
511 3 2 256 2 2 0.2
511 5 0 256 0 0 0.0
512 5 0 256 0 0 0.0
512 4 2 256 2 2 0.2
512 3 3 256 3 3 0.3
513 6 0 256 0 0 0.0
513 4 3 256 3 3 0.3
513 1 7 256 7 7 0.7
513 5 2 256 2 2 0.2
514 3 2 256 2 2 0.2
514 4 0 256 0 0 0.0
515 3 2 256 2 2 0.2
515 6 0 256 0 0 0.0
515 2 3 256 3 3 0.3
516 3 0 256 0 0 0.0
517 3 0 256 0 0 0.0
517 2 5 256 5 5 0.5
518 3 1 256 1 1 0.1
518 4 0 256 0 0 0.0
518 2 2 256 2 2 0.2
519 4 0 256 0 0 0.0
520 2 1 256 1 1 0.1
520 3 0 256 0 0 0.0
521 3 1 256 1 1 0.1
521 4 0 256 0 0 0.0
522 4 0 256 0 0 0.0
523 2 0 256 0 0 0.0
524 4 0 256 0 0 0.0
524 3 3 256 3 3 0.3
525 5 0 256 0 0 0.0
525 2 1 256 1 1 0.1
526 3 0 256 0 0 0.0
527 4 0 256 0 0 0.0
528 3 2 256 2 2 0.2
528 4 0 256 0 0 0.0
528 2 3 256 3 3 0.3
529 4 2 256 2 2 0.2
529 5 0 256 0 0 0.0
530 2 3 256 3 3 0.3
530 5 0 256 0 0 0.0
531 6 0 256 0 0 0.0
531 1 3 256 3 3 0.3
531 3 1 256 1 1 0.1
532 2 1 256 1 1 0.1
532 3 0 256 0 0 0.0
533 4 0 256 0 0 0.0
534 4 0 256 0 0 0.0
535 2 0 256 0 0 0.0
536 4 0 256 0 0 0.0
536 1 5 256 5 5 0.5
536 3 2 256 2 2 0.2
537 4 0 256 0 0 0.0
537 3 3 256 3 3 0.3
538 4 0 256 0 0 0.0
538 3 7 256 7 7 0.7
539 3 0 256 0 0 0.0
539 2 1 256 1 1 0.1
540 3 0 256 0 0 0.0
541 4 0 256 0 0 0.0
542 6 0 256 0 0 0.0
542 2 2 256 2 2 0.2
542 4 1 256 1 1 0.1
543 3 3 256 3 3 0.3
543 4 0 256 0 0 0.0
544 4 0 256 0 0 0.0
544 3 1 256 1 1 0.1
545 4 0 256 0 0 0.0
546 4 0 256 0 0 0.0
546 3 4 256 4 4 0.4
547 3 0 256 0 0 0.0
547 1 1 256 1 1 0.1
548 5 0 256 0 0 0.0
549 3 2 256 2 2 0.2
549 6 0 256 0 0 0.0
550 4 0 256 0 0 0.0
550 1 4 256 4 4 0.4
551 4 0 256 0 0 0.0
551 3 2 256 2 2 0.2
552 2 3 256 3 3 0.3
552 3 0 256 0 0 0.0
553 4 1 256 1 1 0.1
553 6 0 256 0 0 0.0
553 2 3 256 3 3 0.3
554 5 0 256 0 0 0.0
554 3 1 256 1 1 0.1
555 2 0 256 0 0 0.0
556 6 0 256 0 0 0.0
556 2 4 256 4 4 0.4
556 3 2 256 2 2 0.2
556 5 1 256 1 1 0.1
557 3 1 256 1 1 0.1
557 6 0 256 0 0 0.0
558 3 2 256 2 2 0.2
558 1 5 256 5 5 0.5
558 5 0 256 0 0 0.0
559 3 0 256 0 0 0.0
560 1 0 256 0 0 0.0
561 6 0 256 0 0 0.0
561 3 1 256 1 1 0.1
562 1 5 256 5 5 0.5
562 3 0 256 0 0 0.0
563 2 0 256 0 0 0.0
564 5 0 256 0 0 0.0
564 4 1 256 1 1 0.1
564 2 4 256 4 4 0.4
565 2 2 256 2 2 0.2
565 5 0 256 0 0 0.0
565 4 1 256 1 1 0.1
566 3 0 256 0 0 0.0
567 3 0 256 0 0 0.0
568 6 0 256 0 0 0.0
568 3 1 256 1 1 0.1
568 2 3 256 3 3 0.3
569 7 0 256 0 0 0.0
569 2 2 256 2 2 0.2
569 3 1 256 1 1 0.1
570 3 0 256 0 0 0.0
571 4 0 256 0 0 0.0
571 3 1 256 1 1 0.1
572 3 1 256 1 1 0.1
572 6 0 256 0 0 0.0
573 5 0 256 0 0 0.0
573 2 3 256 3 3 0.3
573 4 1 256 1 1 0.1
573 0 10 256 10 10 1.0
574 3 0 256 0 0 0.0
575 6 0 256 0 0 0.0
575 3 1 256 1 1 0.1
576 3 2 256 2 2 0.2
576 5 0 256 0 0 0.0
577 3 0 256 0 0 0.0
578 6 0 256 0 0 0.0
578 3 1 256 1 1 0.1
579 10 0 256 0 0 0.0
579 4 1 256 1 1 0.1
579 3 3 256 3 3 0.3
580 2 3 256 3 3 0.3
580 3 0 256 0 0 0.0
581 2 2 256 2 2 0.2
581 3 0 256 0 0 0.0
582 3 1 256 1 1 0.1
582 4 0 256 0 0 0.0
583 3 0 256 0 0 0.0
584 5 0 256 0 0 0.0
584 4 1 256 1 1 0.1
584 3 2 256 2 2 0.2
585 4 0 256 0 0 0.0
585 1 3 256 3 3 0.3
586 6 0 256 0 0 0.0
586 2 6 256 6 6 0.6
586 3 1 256 1 1 0.1
587 3 1 256 1 1 0.1
587 4 0 256 0 0 0.0
588 5 0 256 0 0 0.0
588 2 4 256 4 4 0.4
588 4 1 256 1 1 0.1
589 4 0 256 0 0 0.0
589 3 3 256 3 3 0.3
590 4 1 256 1 1 0.1
590 5 0 256 0 0 0.0
591 3 0 256 0 0 0.0
591 1 4 256 4 4 0.4
592 3 2 256 2 2 0.2
592 4 0 256 0 0 0.0
593 4 2 256 2 2 0.2
593 5 0 256 0 0 0.0
593 3 4 256 4 4 0.4
594 2 0 256 0 0 0.0
595 3 1 256 1 1 0.1
595 4 0 256 0 0 0.0
596 4 0 256 0 0 0.0
597 4 0 256 0 0 0.0
598 4 1 256 1 1 0.1
598 3 4 256 4 4 0.4
598 5 0 256 0 0 0.0
599 4 0 256 0 0 0.0
600 3 4 256 4 4 0.4
600 4 0 256 0 0 0.0
601 4 0 256 0 0 0.0
601 2 2 256 2 2 0.2
602 4 0 256 0 0 0.0
603 3 0 256 0 0 0.0
604 2 0 256 0 0 0.0
605 2 2 256 2 2 0.2
605 5 0 256 0 0 0.0
605 4 1 256 1 1 0.1
606 5 0 256 0 0 0.0
606 3 5 256 5 5 0.5
606 4 1 256 1 1 0.1
607 5 0 256 0 0 0.0
607 2 3 256 3 3 0.3
607 3 2 256 2 2 0.2
608 6 0 256 0 0 0.0
608 3 1 256 1 1 0.1
609 3 0 256 0 0 0.0
610 3 1 256 1 1 0.1
610 4 0 256 0 0 0.0
611 3 1 256 1 1 0.1
611 4 0 256 0 0 0.0
612 5 0 256 0 0 0.0
612 4 1 256 1 1 0.1
612 2 3 256 3 3 0.3
613 5 0 256 0 0 0.0
613 4 2 256 2 2 0.2
614 3 1 256 1 1 0.1
614 5 0 256 0 0 0.0
615 4 0 256 0 0 0.0
616 3 1 256 1 1 0.1
616 7 0 256 0 0 0.0
616 2 2 256 2 2 0.2
617 3 2 256 2 2 0.2
617 4 0 256 0 0 0.0
618 7 0 256 0 0 0.0
618 3 1 256 1 1 0.1
619 3 2 256 2 2 0.2
619 2 3 256 3 3 0.3
619 4 0 256 0 0 0.0
620 4 0 256 0 0 0.0
621 5 0 256 0 0 0.0
621 1 6 256 6 6 0.6
621 4 1 256 1 1 0.1
621 2 3 256 3 3 0.3
622 4 0 256 0 0 0.0
622 2 2 256 2 2 0.2
623 4 0 256 0 0 0.0
623 3 3 256 3 3 0.3
624 2 1 256 1 1 0.1
624 5 0 256 0 0 0.0
625 2 4 256 4 4 0.4
625 3 3 256 3 3 0.3
625 5 0 256 0 0 0.0
625 4 1 256 1 1 0.1
626 3 2 256 2 2 0.2
626 4 0 256 0 0 0.0
627 2 0 256 0 0 0.0
628 6 0 256 0 0 0.0
628 3 1 256 1 1 0.1
629 3 2 256 2 2 0.2
629 6 0 256 0 0 0.0
629 5 1 256 1 1 0.1
630 5 0 256 0 0 0.0
630 4 1 256 1 1 0.1
631 3 1 256 1 1 0.1
631 4 0 256 0 0 0.0
632 3 0 256 0 0 0.0
632 1 3 256 3 3 0.3
633 3 0 256 0 0 0.0
634 5 0 256 0 0 0.0
634 4 1 256 1 1 0.1
634 2 2 256 2 2 0.2
635 3 0 256 0 0 0.0
636 3 0 256 0 0 0.0
637 4 0 256 0 0 0.0
638 3 0 256 0 0 0.0
639 1 7 256 7 7 0.7
639 4 0 256 0 0 0.0
640 5 0 256 0 0 0.0
640 4 1 256 1 1 0.1
640 3 2 256 2 2 0.2
641 3 2 256 2 2 0.2
641 5 0 256 0 0 0.0
641 4 1 256 1 1 0.1
642 6 0 256 0 0 0.0
642 2 4 256 4 4 0.4
642 4 1 256 1 1 0.1
642 3 3 256 3 3 0.3
643 5 0 256 0 0 0.0
643 4 2 256 2 2 0.2
644 3 1 256 1 1 0.1
644 4 0 256 0 0 0.0
645 3 1 256 1 1 0.1
645 0 10 256 10 10 1.0
645 5 0 256 0 0 0.0
646 4 0 256 0 0 0.0
646 3 3 256 3 3 0.3
647 3 0 256 0 0 0.0
648 3 0 256 0 0 0.0
648 2 2 256 2 2 0.2
649 3 0 256 0 0 0.0
649 1 6 256 6 6 0.6
650 2 0 256 0 0 0.0
651 4 0 256 0 0 0.0
652 3 1 256 1 1 0.1
652 6 0 256 0 0 0.0
653 4 1 256 1 1 0.1
653 3 3 256 3 3 0.3
653 5 0 256 0 0 0.0
654 4 0 256 0 0 0.0
654 3 1 256 1 1 0.1
655 3 2 256 2 2 0.2
655 5 0 256 0 0 0.0
655 2 3 256 3 3 0.3
656 4 0 256 0 0 0.0
656 3 1 256 1 1 0.1
657 2 3 256 3 3 0.3
657 3 1 256 1 1 0.1
657 4 0 256 0 0 0.0
658 5 0 256 0 0 0.0
658 3 1 256 1 1 0.1
659 4 0 256 0 0 0.0
660 4 0 256 0 0 0.0
661 4 0 256 0 0 0.0
661 3 5 256 5 5 0.5
662 4 0 256 0 0 0.0
662 3 1 256 1 1 0.1
663 4 0 256 0 0 0.0
664 2 5 256 5 5 0.5
664 4 0 256 0 0 0.0
665 4 0 256 0 0 0.0
665 3 6 256 6 6 0.6
666 4 0 256 0 0 0.0
667 3 1 256 1 1 0.1
667 2 7 256 7 7 0.7
667 7 0 256 0 0 0.0
668 2 4 256 4 4 0.4
668 3 0 256 0 0 0.0
669 1 5 256 5 5 0.5
669 4 1 256 1 1 0.1
669 5 0 256 0 0 0.0
670 4 1 256 1 1 0.1
670 3 3 256 3 3 0.3
670 6 0 256 0 0 0.0
671 3 1 256 1 1 0.1
671 6 0 256 0 0 0.0
672 5 0 256 0 0 0.0
672 2 2 256 2 2 0.2
673 5 0 256 0 0 0.0
673 4 1 256 1 1 0.1
673 3 2 256 2 2 0.2
674 2 3 256 3 3 0.3
674 4 2 256 2 2 0.2
674 5 0 256 0 0 0.0
675 5 2 256 2 2 0.2
675 7 0 256 0 0 0.0
675 3 3 256 3 3 0.3
676 3 0 256 0 0 0.0
676 2 4 256 4 4 0.4
677 4 0 256 0 0 0.0
677 2 2 256 2 2 0.2
677 3 1 256 1 1 0.1
678 5 0 256 0 0 0.0
678 1 3 256 3 3 0.3
678 4 1 256 1 1 0.1
679 4 0 256 0 0 0.0
679 3 1 256 1 1 0.1
680 5 0 256 0 0 0.0
680 2 3 256 3 3 0.3
680 0 10 256 10 10 1.0
681 3 0 256 0 0 0.0
682 5 0 256 0 0 0.0
682 2 1 256 1 1 0.1
683 1 3 256 3 3 0.3
683 3 2 256 2 2 0.2
683 5 0 256 0 0 0.0
684 3 2 256 2 2 0.2
684 5 0 256 0 0 0.0
684 1 6 256 6 6 0.6
685 4 1 256 1 1 0.1
685 5 0 256 0 0 0.0
685 3 2 256 2 2 0.2
686 5 0 256 0 0 0.0
686 4 1 256 1 1 0.1
687 3 0 256 0 0 0.0
688 3 0 256 0 0 0.0
688 2 3 256 3 3 0.3
689 4 0 256 0 0 0.0
689 3 1 256 1 1 0.1
689 2 3 256 3 3 0.3
690 3 1 256 1 1 0.1
690 5 0 256 0 0 0.0
691 5 0 256 0 0 0.0
691 2 3 256 3 3 0.3
691 4 2 256 2 2 0.2
692 6 0 256 0 0 0.0
692 3 2 256 2 2 0.2
692 2 4 256 4 4 0.4
692 4 1 256 1 1 0.1
693 1 3 256 3 3 0.3
693 4 0 256 0 0 0.0
694 1 4 256 4 4 0.4
694 3 1 256 1 1 0.1
694 4 0 256 0 0 0.0
695 4 1 256 1 1 0.1
695 3 2 256 2 2 0.2
695 5 0 256 0 0 0.0
696 3 2 256 2 2 0.2
696 5 0 256 0 0 0.0
697 4 0 256 0 0 0.0
697 2 4 256 4 4 0.4
698 4 0 256 0 0 0.0
699 7 0 256 0 0 0.0
699 3 1 256 1 1 0.1
700 5 0 256 0 0 0.0
700 3 1 256 1 1 0.1
700 2 6 256 6 6 0.6
701 1 8 256 8 8 0.8
701 3 0 256 0 0 0.0
702 4 1 256 1 1 0.1
702 5 0 256 0 0 0.0
703 5 0 256 0 0 0.0
703 3 1 256 1 1 0.1
704 3 0 256 0 0 0.0
704 1 7 256 7 7 0.7
705 2 0 256 0 0 0.0
706 5 0 256 0 0 0.0
706 3 1 256 1 1 0.1
707 5 0 256 0 0 0.0
707 3 1 256 1 1 0.1
708 4 0 256 0 0 0.0
708 3 2 256 2 2 0.2
709 5 0 256 0 0 0.0
709 3 2 256 2 2 0.2
709 4 1 256 1 1 0.1
710 2 3 256 3 3 0.3
710 3 0 256 0 0 0.0
711 5 0 256 0 0 0.0
711 3 1 256 1 1 0.1
712 2 2 256 2 2 0.2
712 3 1 256 1 1 0.1
712 4 0 256 0 0 0.0
713 4 2 256 2 2 0.2
713 5 0 256 0 0 0.0
714 3 2 256 2 2 0.2
714 5 0 256 0 0 0.0
715 3 1 256 1 1 0.1
715 4 0 256 0 0 0.0
716 5 0 256 0 0 0.0
716 4 1 256 1 1 0.1
716 1 7 256 7 7 0.7
717 4 0 256 0 0 0.0
717 2 2 256 2 2 0.2
718 4 0 256 0 0 0.0
718 2 2 256 2 2 0.2
718 1 5 256 5 5 0.5
719 4 1 256 1 1 0.1
719 5 0 256 0 0 0.0
720 4 0 256 0 0 0.0
721 3 3 256 3 3 0.3
721 4 0 256 0 0 0.0
722 2 5 256 5 5 0.5
722 3 1 256 1 1 0.1
722 5 0 256 0 0 0.0
723 2 1 256 1 1 0.1
723 4 0 256 0 0 0.0
724 4 0 256 0 0 0.0
724 2 1 256 1 1 0.1
725 4 1 256 1 1 0.1
725 2 6 256 6 6 0.6
725 6 0 256 0 0 0.0
726 3 2 256 2 2 0.2
726 6 0 256 0 0 0.0
726 5 1 256 1 1 0.1
727 2 0 256 0 0 0.0
728 3 0 256 0 0 0.0
729 3 0 256 0 0 0.0
729 2 4 256 4 4 0.4
730 4 0 256 0 0 0.0
730 3 2 256 2 2 0.2
730 2 4 256 4 4 0.4
731 8 0 256 0 0 0.0
731 1 4 256 4 4 0.4
731 4 1 256 1 1 0.1
732 5 0 256 0 0 0.0
732 2 6 256 6 6 0.6
732 4 2 256 2 2 0.2
733 6 0 256 0 0 0.0
733 4 1 256 1 1 0.1
733 3 2 256 2 2 0.2
734 6 0 256 0 0 0.0
734 3 1 256 1 1 0.1
735 4 0 256 0 0 0.0
735 3 2 256 2 2 0.2
736 3 1 256 1 1 0.1
736 5 0 256 0 0 0.0
737 5 0 256 0 0 0.0
737 2 2 256 2 2 0.2
738 3 0 256 0 0 0.0
739 2 1 256 1 1 0.1
739 6 0 256 0 0 0.0
740 3 0 256 0 0 0.0
741 5 0 256 0 0 0.0
741 2 4 256 4 4 0.4
741 3 1 256 1 1 0.1
742 3 0 256 0 0 0.0
743 4 0 256 0 0 0.0
743 2 6 256 6 6 0.6
743 3 3 256 3 3 0.3
744 4 0 256 0 0 0.0
745 3 0 256 0 0 0.0
746 2 3 256 3 3 0.3
746 3 0 256 0 0 0.0
747 3 0 256 0 0 0.0
748 3 0 256 0 0 0.0
749 3 2 256 2 2 0.2
749 5 0 256 0 0 0.0
749 2 4 256 4 4 0.4
750 2 0 256 0 0 0.0
751 3 1 256 1 1 0.1
751 4 0 256 0 0 0.0
752 4 0 256 0 0 0.0
752 3 3 256 3 3 0.3
753 4 1 256 1 1 0.1
753 6 0 256 0 0 0.0
754 4 0 256 0 0 0.0
754 2 1 256 1 1 0.1
755 4 0 256 0 0 0.0
756 5 0 256 0 0 0.0
756 1 4 256 4 4 0.4
756 3 1 256 1 1 0.1
757 4 0 256 0 0 0.0
757 3 2 256 2 2 0.2
757 2 5 256 5 5 0.5
758 2 0 256 0 0 0.0
759 3 2 256 2 2 0.2
759 5 0 256 0 0 0.0
760 5 0 256 0 0 0.0
760 2 4 256 4 4 0.4
760 3 1 256 1 1 0.1
761 3 0 256 0 0 0.0
762 1 6 256 6 6 0.6
762 2 4 256 4 4 0.4
762 3 0 256 0 0 0.0
763 4 0 256 0 0 0.0
763 2 6 256 6 6 0.6
764 6 0 256 0 0 0.0
764 3 1 256 1 1 0.1
765 6 0 256 0 0 0.0
765 4 1 256 1 1 0.1
766 1 5 256 5 5 0.5
766 4 0 256 0 0 0.0
767 3 1 256 1 1 0.1
767 5 0 256 0 0 0.0
768 6 0 256 0 0 0.0
768 3 1 256 1 1 0.1
769 4 0 256 0 0 0.0
770 5 0 256 0 0 0.0
770 3 2 256 2 2 0.2
770 2 5 256 5 5 0.5
771 3 0 256 0 0 0.0
772 3 2 256 2 2 0.2
772 4 0 256 0 0 0.0
773 6 0 256 0 0 0.0
773 4 1 256 1 1 0.1
773 2 4 256 4 4 0.4
774 2 2 256 2 2 0.2
774 4 0 256 0 0 0.0
775 2 1 256 1 1 0.1
775 4 0 256 0 0 0.0
776 5 0 256 0 0 0.0
776 3 1 256 1 1 0.1
776 2 5 256 5 5 0.5
777 3 3 256 3 3 0.3
777 4 0 256 0 0 0.0
778 4 0 256 0 0 0.0
778 2 1 256 1 1 0.1
779 3 0 256 0 0 0.0
780 3 0 256 0 0 0.0
781 5 1 256 1 1 0.1
781 6 0 256 0 0 0.0
781 4 3 256 3 3 0.3
782 2 6 256 6 6 0.6
782 3 0 256 0 0 0.0
783 5 0 256 0 0 0.0
783 3 3 256 3 3 0.3
784 4 0 256 0 0 0.0
784 3 2 256 2 2 0.2
785 3 0 256 0 0 0.0
786 4 0 256 0 0 0.0
786 3 2 256 2 2 0.2
787 4 0 256 0 0 0.0
787 3 1 256 1 1 0.1
788 4 0 256 0 0 0.0
788 3 1 256 1 1 0.1
789 2 3 256 3 3 0.3
789 4 0 256 0 0 0.0
790 3 0 256 0 0 0.0
791 4 0 256 0 0 0.0
791 1 4 256 4 4 0.4
792 2 2 256 2 2 0.2
792 4 0 256 0 0 0.0
793 3 3 256 3 3 0.3
793 4 0 256 0 0 0.0
794 4 0 256 0 0 0.0
794 3 3 256 3 3 0.3
795 4 0 256 0 0 0.0
796 3 0 256 0 0 0.0
797 3 1 256 1 1 0.1
797 4 0 256 0 0 0.0
798 3 5 256 5 5 0.5
798 4 0 256 0 0 0.0
799 4 0 256 0 0 0.0
799 3 7 256 7 7 0.7
800 4 0 256 0 0 0.0
800 3 1 256 1 1 0.1
801 4 0 256 0 0 0.0
801 3 1 256 1 1 0.1
802 5 1 256 1 1 0.1
802 6 0 256 0 0 0.0
802 4 2 256 2 2 0.2
803 4 1 256 1 1 0.1
803 5 0 256 0 0 0.0
804 4 0 256 0 0 0.0
805 3 1 256 1 1 0.1
805 2 4 256 4 4 0.4
805 4 0 256 0 0 0.0
806 4 0 256 0 0 0.0
807 4 0 256 0 0 0.0
807 3 1 256 1 1 0.1
808 4 1 256 1 1 0.1
808 5 0 256 0 0 0.0
809 5 0 256 0 0 0.0
809 3 1 256 1 1 0.1
810 4 1 256 1 1 0.1
810 5 0 256 0 0 0.0
811 3 1 256 1 1 0.1
811 6 0 256 0 0 0.0
812 4 0 256 0 0 0.0
813 3 2 256 2 2 0.2
813 5 0 256 0 0 0.0
814 4 0 256 0 0 0.0
814 3 1 256 1 1 0.1
815 1 6 256 6 6 0.6
815 2 4 256 4 4 0.4
815 5 0 256 0 0 0.0
816 5 0 256 0 0 0.0
816 4 1 256 1 1 0.1
817 5 0 256 0 0 0.0
817 1 1 256 1 1 0.1
818 2 0 256 0 0 0.0
819 4 0 256 0 0 0.0
819 2 2 256 2 2 0.2
820 5 0 256 0 0 0.0
820 4 2 256 2 2 0.2
821 4 0 256 0 0 0.0
821 2 1 256 1 1 0.1
822 4 1 256 1 1 0.1
822 5 0 256 0 0 0.0
822 3 2 256 2 2 0.2
823 6 0 256 0 0 0.0
823 4 1 256 1 1 0.1
823 2 2 256 2 2 0.2
824 4 0 256 0 0 0.0
824 3 2 256 2 2 0.2
825 3 1 256 1 1 0.1
825 2 2 256 2 2 0.2
825 4 0 256 0 0 0.0
826 4 0 256 0 0 0.0
826 3 3 256 3 3 0.3
827 4 0 256 0 0 0.0
827 1 2 256 2 2 0.2
828 3 0 256 0 0 0.0
829 6 0 256 0 0 0.0
829 4 2 256 2 2 0.2
829 5 1 256 1 1 0.1
829 2 3 256 3 3 0.3
830 3 0 256 0 0 0.0
830 2 2 256 2 2 0.2
831 4 1 256 1 1 0.1
831 5 0 256 0 0 0.0
832 4 0 256 0 0 0.0
833 7 0 256 0 0 0.0
833 3 1 256 1 1 0.1
834 3 0 256 0 0 0.0
835 4 0 256 0 0 0.0
835 2 2 256 2 2 0.2
836 0 10 256 10 10 1.0
836 3 1 256 1 1 0.1
836 2 5 256 5 5 0.5
836 5 0 256 0 0 0.0
837 2 1 256 1 1 0.1
837 3 0 256 0 0 0.0
838 5 0 256 0 0 0.0
838 4 2 256 2 2 0.2
839 4 0 256 0 0 0.0
839 3 3 256 3 3 0.3
840 4 0 256 0 0 0.0
841 5 0 256 0 0 0.0
841 4 1 256 1 1 0.1
842 3 3 256 3 3 0.3
842 4 0 256 0 0 0.0
842 1 6 256 6 6 0.6
843 4 0 256 0 0 0.0
844 4 0 256 0 0 0.0
845 4 0 256 0 0 0.0
846 4 0 256 0 0 0.0
847 5 0 256 0 0 0.0
847 1 5 256 5 5 0.5
847 3 1 256 1 1 0.1
848 4 0 256 0 0 0.0
848 3 1 256 1 1 0.1
848 2 2 256 2 2 0.2
849 4 0 256 0 0 0.0
850 2 3 256 3 3 0.3
850 3 1 256 1 1 0.1
850 6 0 256 0 0 0.0
851 4 1 256 1 1 0.1
851 2 4 256 4 4 0.4
851 6 0 256 0 0 0.0
852 5 0 256 0 0 0.0
852 3 1 256 1 1 0.1
853 7 0 256 0 0 0.0
853 4 1 256 1 1 0.1
854 3 3 256 3 3 0.3
854 4 0 256 0 0 0.0
855 6 0 256 0 0 0.0
855 2 1 256 1 1 0.1
856 2 0 256 0 0 0.0
857 3 1 256 1 1 0.1
857 5 0 256 0 0 0.0
858 4 0 256 0 0 0.0
858 2 4 256 4 4 0.4
859 3 1 256 1 1 0.1
859 4 0 256 0 0 0.0
860 3 0 256 0 0 0.0
861 2 3 256 3 3 0.3
861 5 0 256 0 0 0.0
862 5 0 256 0 0 0.0
862 3 2 256 2 2 0.2
863 3 1 256 1 1 0.1
863 4 0 256 0 0 0.0
864 3 2 256 2 2 0.2
864 4 0 256 0 0 0.0
865 7 0 256 0 0 0.0
865 2 4 256 4 4 0.4
865 4 1 256 1 1 0.1
865 3 2 256 2 2 0.2
866 3 2 256 2 2 0.2
866 4 0 256 0 0 0.0
867 3 0 256 0 0 0.0
868 4 1 256 1 1 0.1
868 5 0 256 0 0 0.0
869 3 2 256 2 2 0.2
869 5 0 256 0 0 0.0
869 2 3 256 3 3 0.3
870 4 0 256 0 0 0.0
871 2 4 256 4 4 0.4
871 6 0 256 0 0 0.0
871 4 1 256 1 1 0.1
872 3 3 256 3 3 0.3
872 5 0 256 0 0 0.0
872 4 1 256 1 1 0.1
873 5 0 256 0 0 0.0
873 4 1 256 1 1 0.1
873 1 7 256 7 7 0.7
874 1 4 256 4 4 0.4
874 5 0 256 0 0 0.0
874 3 1 256 1 1 0.1
875 3 3 256 3 3 0.3
875 6 0 256 0 0 0.0
875 1 5 256 5 5 0.5
876 3 0 256 0 0 0.0
877 4 0 256 0 0 0.0
877 2 4 256 4 4 0.4
877 3 1 256 1 1 0.1
878 3 0 256 0 0 0.0
879 4 0 256 0 0 0.0
879 3 1 256 1 1 0.1
880 5 0 256 0 0 0.0
880 3 3 256 3 3 0.3
881 3 0 256 0 0 0.0
882 3 0 256 0 0 0.0
883 2 0 256 0 0 0.0
884 3 0 256 0 0 0.0
885 5 1 256 1 1 0.1
885 7 0 256 0 0 0.0
885 1 5 256 5 5 0.5
886 2 1 256 1 1 0.1
886 5 0 256 0 0 0.0
887 3 0 256 0 0 0.0
888 4 0 256 0 0 0.0
889 4 1 256 1 1 0.1
889 6 0 256 0 0 0.0
890 4 0 256 0 0 0.0
890 3 1 256 1 1 0.1
890 2 3 256 3 3 0.3
891 4 0 256 0 0 0.0
891 3 2 256 2 2 0.2
892 3 0 256 0 0 0.0
893 3 1 256 1 1 0.1
893 5 0 256 0 0 0.0
894 5 0 256 0 0 0.0
894 1 4 256 4 4 0.4
894 3 2 256 2 2 0.2
895 4 1 256 1 1 0.1
895 3 3 256 3 3 0.3
895 5 0 256 0 0 0.0
896 4 0 256 0 0 0.0
897 3 2 256 2 2 0.2
897 4 1 256 1 1 0.1
897 7 0 256 0 0 0.0
898 3 0 256 0 0 0.0
898 2 4 256 4 4 0.4
899 2 2 256 2 2 0.2
899 4 0 256 0 0 0.0
900 3 1 256 1 1 0.1
900 5 0 256 0 0 0.0
901 4 1 256 1 1 0.1
901 5 0 256 0 0 0.0
902 2 5 256 5 5 0.5
902 5 0 256 0 0 0.0
902 4 1 256 1 1 0.1
902 3 2 256 2 2 0.2
903 6 0 256 0 0 0.0
903 3 1 256 1 1 0.1
904 2 0 256 0 0 0.0
905 5 0 256 0 0 0.0
905 2 3 256 3 3 0.3
905 3 1 256 1 1 0.1
906 4 1 256 1 1 0.1
906 2 4 256 4 4 0.4
906 6 0 256 0 0 0.0
907 6 0 256 0 0 0.0
907 4 1 256 1 1 0.1
908 5 0 256 0 0 0.0
908 3 2 256 2 2 0.2
909 5 0 256 0 0 0.0
909 2 7 256 7 7 0.7
909 3 3 256 3 3 0.3
910 3 1 256 1 1 0.1
910 4 0 256 0 0 0.0
911 5 0 256 0 0 0.0
911 2 5 256 5 5 0.5
911 4 1 256 1 1 0.1
912 4 0 256 0 0 0.0
912 2 2 256 2 2 0.2
912 3 1 256 1 1 0.1
913 6 0 256 0 0 0.0
913 3 1 256 1 1 0.1
914 3 0 256 0 0 0.0
915 1 1 256 1 1 0.1
915 6 0 256 0 0 0.0
916 4 0 256 0 0 0.0
917 6 0 256 0 0 0.0
917 3 1 256 1 1 0.1
918 3 0 256 0 0 0.0
918 2 4 256 4 4 0.4
919 5 0 256 0 0 0.0
919 3 1 256 1 1 0.1
919 2 2 256 2 2 0.2
920 4 0 256 0 0 0.0
921 4 0 256 0 0 0.0
921 3 4 256 4 4 0.4
922 3 1 256 1 1 0.1
922 5 0 256 0 0 0.0
923 3 0 256 0 0 0.0
923 2 3 256 3 3 0.3
924 4 2 256 2 2 0.2
924 2 3 256 3 3 0.3
924 5 0 256 0 0 0.0
925 4 0 256 0 0 0.0
926 4 0 256 0 0 0.0
927 2 5 256 5 5 0.5
927 4 0 256 0 0 0.0
927 3 1 256 1 1 0.1
928 3 2 256 2 2 0.2
928 4 0 256 0 0 0.0
929 4 0 256 0 0 0.0
929 3 4 256 4 4 0.4
930 3 2 256 2 2 0.2
930 4 0 256 0 0 0.0
930 2 5 256 5 5 0.5
931 2 4 256 4 4 0.4
931 4 0 256 0 0 0.0
932 1 3 256 3 3 0.3
932 3 0 256 0 0 0.0
933 3 3 256 3 3 0.3
933 4 0 256 0 0 0.0
934 3 0 256 0 0 0.0
935 3 1 256 1 1 0.1
935 4 0 256 0 0 0.0
936 3 1 256 1 1 0.1
936 7 0 256 0 0 0.0
936 1 8 256 8 8 0.8
937 5 1 256 1 1 0.1
937 3 3 256 3 3 0.3
937 6 0 256 0 0 0.0
938 4 0 256 0 0 0.0
939 2 2 256 2 2 0.2
939 5 0 256 0 0 0.0
939 3 1 256 1 1 0.1
940 5 0 256 0 0 0.0
940 3 1 256 1 1 0.1
941 4 1 256 1 1 0.1
941 3 5 256 5 5 0.5
941 5 0 256 0 0 0.0
942 3 0 256 0 0 0.0
943 5 0 256 0 0 0.0
943 4 1 256 1 1 0.1
944 4 0 256 0 0 0.0
945 4 0 256 0 0 0.0
945 1 2 256 2 2 0.2
946 4 0 256 0 0 0.0
946 3 3 256 3 3 0.3
947 5 0 256 0 0 0.0
947 3 2 256 2 2 0.2
947 4 1 256 1 1 0.1
947 2 3 256 3 3 0.3
948 3 1 256 1 1 0.1
948 6 0 256 0 0 0.0
949 1 6 256 6 6 0.6
949 5 0 256 0 0 0.0
949 3 1 256 1 1 0.1
950 4 1 256 1 1 0.1
950 3 3 256 3 3 0.3
950 5 0 256 0 0 0.0
951 4 0 256 0 0 0.0
951 3 4 256 4 4 0.4
952 3 0 256 0 0 0.0
953 2 4 256 4 4 0.4
953 5 0 256 0 0 0.0
954 4 0 256 0 0 0.0
954 1 5 256 5 5 0.5
955 3 0 256 0 0 0.0
956 5 0 256 0 0 0.0
956 3 1 256 1 1 0.1
956 2 6 256 6 6 0.6
957 4 0 256 0 0 0.0
958 2 4 256 4 4 0.4
958 5 0 256 0 0 0.0
958 3 1 256 1 1 0.1
959 3 0 256 0 0 0.0
959 1 2 256 2 2 0.2
960 3 0 256 0 0 0.0
960 2 5 256 5 5 0.5
961 5 0 256 0 0 0.0
961 3 2 256 2 2 0.2
962 4 0 256 0 0 0.0
963 3 1 256 1 1 0.1
963 4 0 256 0 0 0.0
964 4 0 256 0 0 0.0
964 3 1 256 1 1 0.1
965 4 0 256 0 0 0.0
965 3 1 256 1 1 0.1
966 3 1 256 1 1 0.1
966 4 0 256 0 0 0.0
967 3 0 256 0 0 0.0
968 3 2 256 2 2 0.2
968 5 0 256 0 0 0.0
968 2 4 256 4 4 0.4
969 4 0 256 0 0 0.0
969 2 1 256 1 1 0.1
970 4 2 256 2 2 0.2
970 5 0 256 0 0 0.0
971 3 0 256 0 0 0.0
971 2 6 256 6 6 0.6
972 4 1 256 1 1 0.1
972 5 0 256 0 0 0.0
972 2 2 256 2 2 0.2
973 4 0 256 0 0 0.0
974 2 3 256 3 3 0.3
974 0 10 256 10 10 1.0
974 5 0 256 0 0 0.0
975 5 0 256 0 0 0.0
975 2 2 256 2 2 0.2
976 3 0 256 0 0 0.0
977 1 3 256 3 3 0.3
977 2 0 256 0 0 0.0
978 2 0 256 0 0 0.0
979 3 0 256 0 0 0.0
979 2 2 256 2 2 0.2
980 4 0 256 0 0 0.0
980 2 3 256 3 3 0.3
981 5 0 256 0 0 0.0
981 4 1 256 1 1 0.1
981 2 4 256 4 4 0.4
982 5 0 256 0 0 0.0
982 1 8 256 8 8 0.8
982 4 2 256 2 2 0.2
983 4 0 256 0 0 0.0
984 4 0 256 0 0 0.0
984 2 1 256 1 1 0.1
985 5 0 256 0 0 0.0
985 4 1 256 1 1 0.1
985 3 2 256 2 2 0.2
985 1 4 256 4 4 0.4
986 3 2 256 2 2 0.2
986 4 0 256 0 0 0.0
987 2 1 256 1 1 0.1
987 4 0 256 0 0 0.0
988 2 1 256 1 1 0.1
988 6 0 256 0 0 0.0
989 4 0 256 0 0 0.0
989 2 5 256 5 5 0.5
990 3 2 256 2 2 0.2
990 6 0 256 0 0 0.0
991 3 0 256 0 0 0.0
992 3 3 256 3 3 0.3
992 5 0 256 0 0 0.0
993 3 0 256 0 0 0.0
993 2 2 256 2 2 0.2
994 5 0 256 0 0 0.0
994 3 2 256 2 2 0.2
994 4 1 256 1 1 0.1
995 3 1 256 1 1 0.1
995 4 0 256 0 0 0.0
996 2 3 256 3 3 0.3
996 3 0 256 0 0 0.0
997 1 1 256 1 1 0.1
997 5 0 256 0 0 0.0
998 1 7 256 7 7 0.7
998 3 0 256 0 0 0.0
999 2 3 256 3 3 0.3
999 4 0 256 0 0 0.0
999 3 1 256 1 1 0.1
1000 2 1 256 1 1 0.1
1000 3 0 256 0 0 0.0
