gen HV HVnoDiscount fitness_notKilledMutants notKilledNonEqMutants fitness_testSuiteSize
1 2.87109375 0.0 9.51171875 7.0 5.0
2 10.2607421875 7.0 8.5341796875 6.0 3.0
3 12.1396484375 8.0 8.4814453125 6.0 3.0
4 12.2890625 8.0 8.4638671875 6.0 2.0
5 13.1767578125 8.0 8.419921875 6.0 2.0
6 13.1767578125 8.0 8.419921875 6.0 2.0
7 13.1767578125 8.0 8.3935546875 6.0 2.0
8 13.1767578125 8.0 8.3935546875 6.0 2.0
9 13.1767578125 8.0 8.3671875 6.0 2.0
10 13.1767578125 8.0 8.3671875 6.0 2.0
11 13.34375 8.0 8.33203125 6.0 2.0
12 13.34375 8.0 8.33203125 6.0 2.0
13 13.625 8.0 8.296875 6.0 2.0
14 13.625 8.0 8.296875 6.0 2.0
15 13.765625 8.0 8.279296875 6.0 2.0
16 13.765625 8.0 8.279296875 6.0 2.0
17 14.1171875 8.0 8.2353515625 6.0 2.0
18 14.1171875 8.0 8.2353515625 6.0 2.0
19 14.328125 8.0 8.208984375 6.0 2.0
20 14.328125 8.0 8.208984375 6.0 2.0
21 14.609375 8.0 8.173828125 6.0 2.0
22 14.609375 8.0 8.173828125 6.0 2.0
23 14.8203125 8.0 8.1474609375 6.0 2.0
24 14.8203125 8.0 8.1474609375 6.0 2.0
25 14.890625 8.0 8.138671875 6.0 2.0
26 14.890625 8.0 8.138671875 6.0 2.0
27 14.890625 8.0 8.138671875 6.0 2.0
28 15.171875 8.0 8.103515625 6.0 2.0
29 15.171875 8.0 8.103515625 6.0 2.0
30 15.453125 8.0 8.068359375 6.0 2.0
31 15.453125 8.0 8.068359375 6.0 2.0
32 15.6640625 8.0 8.0419921875 6.0 2.0
33 15.6640625 8.0 8.0419921875 6.0 2.0
34 15.8046875 8.0 8.0244140625 6.0 2.0
35 15.8046875 8.0 8.0244140625 6.0 2.0
36 15.9453125 8.0 8.0068359375 6.0 2.0
37 15.9453125 8.0 8.0068359375 6.0 2.0
38 16.15625 8.0 7.98046875 6.0 2.0
39 16.15625 8.0 7.98046875 6.0 2.0
40 16.3671875 8.0 7.9541015625 6.0 2.0
41 16.3671875 8.0 7.9541015625 6.0 2.0
42 16.71875 8.0 7.91015625 6.0 2.0
43 16.71875 8.0 7.91015625 6.0 2.0
44 16.7890625 8.0 7.9013671875 6.0 2.0
45 16.7890625 8.0 7.9013671875 6.0 2.0
46 17.140625 8.0 7.857421875 6.0 2.0
47 17.140625 8.0 7.857421875 6.0 2.0
48 17.3515625 8.0 7.8310546875 6.0 2.0
49 17.3515625 8.0 7.8310546875 6.0 2.0
50 17.5625 8.0 7.8046875 6.0 2.0
51 17.5625 8.0 7.8046875 6.0 2.0
52 17.7734375 8.0 7.7783203125 6.0 2.0
53 17.7734375 8.0 7.7783203125 6.0 2.0
54 18.0546875 8.0 7.7431640625 6.0 2.0
55 25.1318359375 16.0 7.015625 5.0 2.0
56 25.1318359375 16.0 7.015625 5.0 2.0
57 25.1318359375 16.0 7.015625 5.0 2.0
58 25.1318359375 16.0 7.015625 5.0 2.0
59 25.1318359375 16.0 7.015625 5.0 2.0
60 25.1318359375 16.0 7.015625 5.0 2.0
61 25.1318359375 16.0 7.015625 5.0 2.0
62 25.1318359375 16.0 7.015625 5.0 2.0
63 25.1318359375 16.0 7.015625 5.0 2.0
64 25.1318359375 16.0 7.015625 5.0 2.0
65 25.1318359375 16.0 7.015625 5.0 2.0
66 25.1318359375 16.0 7.015625 5.0 2.0
67 25.1318359375 16.0 7.015625 5.0 2.0
68 25.1318359375 16.0 7.015625 5.0 2.0
69 25.1318359375 16.0 7.015625 5.0 2.0
70 25.1318359375 16.0 7.015625 5.0 2.0
71 25.1318359375 16.0 7.015625 5.0 2.0
72 25.1318359375 16.0 7.015625 5.0 2.0
73 25.1318359375 16.0 7.015625 5.0 2.0
74 25.1318359375 16.0 7.015625 5.0 2.0
75 25.1318359375 16.0 7.015625 5.0 2.0
76 25.1318359375 16.0 7.015625 5.0 2.0
77 25.1318359375 16.0 7.015625 5.0 2.0
78 25.1318359375 16.0 7.015625 5.0 2.0
79 25.1318359375 16.0 7.015625 5.0 2.0
80 25.1318359375 16.0 7.015625 5.0 2.0
81 25.1318359375 16.0 7.015625 5.0 2.0
82 25.1318359375 16.0 7.015625 5.0 2.0
83 25.1318359375 16.0 7.015625 5.0 2.0
84 26.28125 16.0 6.71484375 5.0 2.0
85 26.28125 16.0 6.71484375 5.0 2.0
86 26.4453125 16.0 6.6943359375 5.0 2.0
87 26.4453125 16.0 6.6943359375 5.0 2.0
88 26.609375 16.0 6.673828125 5.0 2.0
89 26.609375 16.0 6.673828125 5.0 2.0
90 26.7734375 16.0 6.6533203125 5.0 2.0
91 26.7734375 16.0 6.6533203125 5.0 2.0
92 26.8828125 16.0 6.6396484375 5.0 2.0
93 26.8828125 16.0 6.6396484375 5.0 2.0
94 27.15625 16.0 6.60546875 5.0 2.0
95 27.15625 16.0 6.60546875 5.0 2.0
96 27.484375 16.0 6.564453125 5.0 2.0
97 27.484375 16.0 6.564453125 5.0 2.0
98 30.974609375 18.0 6.5576171875 5.0 2.0
99 32.6220703125 18.0 6.537109375 5.0 1.0
100 32.6220703125 18.0 6.537109375 5.0 1.0
101 32.6220703125 18.0 6.5234375 5.0 1.0
102 32.6220703125 18.0 6.5234375 5.0 1.0
103 32.6220703125 18.0 6.49609375 5.0 1.0
104 32.6220703125 18.0 6.49609375 5.0 1.0
105 32.6220703125 18.0 6.4892578125 5.0 1.0
106 32.6220703125 18.0 6.4892578125 5.0 1.0
107 32.6220703125 18.0 6.4755859375 5.0 1.0
108 32.6220703125 18.0 6.4755859375 5.0 1.0
109 32.6220703125 18.0 6.4619140625 5.0 1.0
110 32.6220703125 18.0 6.4619140625 5.0 1.0
111 32.6220703125 18.0 6.455078125 5.0 1.0
112 32.6220703125 18.0 6.455078125 5.0 1.0
113 32.6220703125 18.0 6.455078125 5.0 1.0
114 32.6220703125 18.0 6.44140625 5.0 1.0
115 32.6220703125 18.0 6.44140625 5.0 1.0
116 33.7158203125 18.0 6.427734375 5.0 1.0
117 33.7158203125 18.0 6.427734375 5.0 1.0
118 33.7158203125 18.0 6.427734375 5.0 1.0
119 33.7158203125 18.0 6.427734375 5.0 1.0
120 33.7158203125 18.0 6.4208984375 5.0 1.0
121 33.7158203125 18.0 6.4208984375 5.0 1.0
122 33.7158203125 18.0 6.4208984375 5.0 1.0
123 33.7158203125 18.0 6.4072265625 5.0 1.0
124 33.7158203125 18.0 6.4072265625 5.0 1.0
125 33.7158203125 18.0 6.400390625 5.0 1.0
126 33.7158203125 18.0 6.400390625 5.0 1.0
127 33.7158203125 18.0 6.400390625 5.0 1.0
128 33.7158203125 18.0 6.400390625 5.0 1.0
129 33.7158203125 18.0 6.400390625 5.0 1.0
130 33.7158203125 18.0 6.400390625 5.0 1.0
131 33.7158203125 18.0 6.400390625 5.0 1.0
132 33.7158203125 18.0 6.400390625 5.0 1.0
133 33.7158203125 18.0 6.400390625 5.0 1.0
134 33.7158203125 18.0 6.400390625 5.0 1.0
135 33.7158203125 18.0 6.400390625 5.0 1.0
136 33.7158203125 18.0 6.400390625 5.0 1.0
137 33.7158203125 18.0 6.400390625 5.0 1.0
138 33.7158203125 18.0 6.400390625 5.0 1.0
139 33.7158203125 18.0 6.400390625 5.0 1.0
140 33.7158203125 18.0 6.400390625 5.0 1.0
141 33.7158203125 18.0 6.400390625 5.0 1.0
142 33.7158203125 18.0 6.400390625 5.0 1.0
143 33.7158203125 18.0 6.400390625 5.0 1.0
144 33.7158203125 18.0 6.400390625 5.0 1.0
145 33.7158203125 18.0 6.400390625 5.0 1.0
146 33.7158203125 18.0 6.400390625 5.0 1.0
147 33.7158203125 18.0 6.400390625 5.0 1.0
148 33.7158203125 18.0 6.400390625 5.0 1.0
149 33.7158203125 18.0 6.400390625 5.0 1.0
150 33.7158203125 18.0 6.400390625 5.0 1.0
151 33.7158203125 18.0 6.400390625 5.0 1.0
152 33.7158203125 18.0 6.400390625 5.0 1.0
153 33.7158203125 18.0 6.400390625 5.0 1.0
154 33.7158203125 18.0 6.400390625 5.0 1.0
155 33.7158203125 18.0 6.400390625 5.0 1.0
156 33.7158203125 18.0 6.400390625 5.0 1.0
157 33.7158203125 18.0 6.400390625 5.0 1.0
158 33.7158203125 18.0 6.400390625 5.0 1.0
159 33.7158203125 18.0 6.400390625 5.0 1.0
160 33.7158203125 18.0 6.400390625 5.0 1.0
161 33.7158203125 18.0 6.400390625 5.0 1.0
162 33.7158203125 18.0 6.400390625 5.0 1.0
163 33.7158203125 18.0 6.400390625 5.0 1.0
164 33.7158203125 18.0 6.400390625 5.0 1.0
165 33.7158203125 18.0 6.400390625 5.0 1.0
166 33.7158203125 18.0 6.400390625 5.0 1.0
167 33.7158203125 18.0 6.400390625 5.0 1.0
168 33.7158203125 18.0 6.400390625 5.0 1.0
169 33.7158203125 18.0 6.400390625 5.0 1.0
170 33.7158203125 18.0 6.400390625 5.0 1.0
171 33.7158203125 18.0 6.400390625 5.0 1.0
172 33.7158203125 18.0 6.400390625 5.0 1.0
173 33.7158203125 18.0 6.400390625 5.0 1.0
174 33.7158203125 18.0 6.400390625 5.0 1.0
175 33.7158203125 18.0 6.400390625 5.0 1.0
176 33.7158203125 18.0 6.400390625 5.0 1.0
177 33.7158203125 18.0 6.400390625 5.0 1.0
178 33.7158203125 18.0 6.400390625 5.0 1.0
179 33.7158203125 18.0 6.400390625 5.0 1.0
180 33.7158203125 18.0 6.400390625 5.0 1.0
181 33.7158203125 18.0 6.400390625 5.0 1.0
182 33.7158203125 18.0 6.400390625 5.0 1.0
183 33.7158203125 18.0 6.400390625 5.0 1.0
184 33.7158203125 18.0 6.400390625 5.0 1.0
185 33.7158203125 18.0 6.400390625 5.0 1.0
186 33.7158203125 18.0 6.400390625 5.0 1.0
187 33.7158203125 18.0 6.400390625 5.0 1.0
188 33.7158203125 18.0 6.400390625 5.0 1.0
189 33.7158203125 18.0 6.400390625 5.0 1.0
190 33.7158203125 18.0 6.400390625 5.0 1.0
191 33.7158203125 18.0 6.400390625 5.0 1.0
192 33.7158203125 18.0 6.400390625 5.0 1.0
193 33.7158203125 18.0 6.400390625 5.0 1.0
194 33.7158203125 18.0 6.400390625 5.0 1.0
195 33.7158203125 18.0 6.400390625 5.0 1.0
196 33.7158203125 18.0 6.400390625 5.0 1.0
197 33.7158203125 18.0 6.400390625 5.0 1.0
198 33.7158203125 18.0 6.400390625 5.0 1.0
199 33.7158203125 18.0 6.400390625 5.0 1.0
200 33.7158203125 18.0 6.400390625 5.0 1.0
201 33.7158203125 18.0 6.400390625 5.0 1.0
202 33.7158203125 18.0 6.400390625 5.0 1.0
203 33.7158203125 18.0 6.400390625 5.0 1.0
204 33.7158203125 18.0 6.400390625 5.0 1.0
205 33.7158203125 18.0 6.400390625 5.0 1.0
206 33.7158203125 18.0 6.400390625 5.0 1.0
207 33.7158203125 18.0 6.400390625 5.0 1.0
208 33.7158203125 18.0 6.400390625 5.0 1.0
209 33.7158203125 18.0 6.400390625 5.0 1.0
210 33.7158203125 18.0 6.400390625 5.0 1.0
211 33.7158203125 18.0 6.400390625 5.0 1.0
212 33.7158203125 18.0 6.400390625 5.0 1.0
213 33.7158203125 18.0 6.400390625 5.0 1.0
214 33.7158203125 18.0 6.400390625 5.0 1.0
215 33.7158203125 18.0 6.400390625 5.0 1.0
216 33.7158203125 18.0 6.400390625 5.0 1.0
217 33.7158203125 18.0 6.400390625 5.0 1.0
218 33.7158203125 18.0 6.400390625 5.0 1.0
219 33.7158203125 18.0 6.400390625 5.0 1.0
220 33.7158203125 18.0 6.400390625 5.0 1.0
221 33.7158203125 18.0 6.400390625 5.0 1.0
222 33.7158203125 18.0 6.400390625 5.0 1.0
223 33.7158203125 18.0 6.400390625 5.0 1.0
224 33.7158203125 18.0 6.400390625 5.0 1.0
225 33.7158203125 18.0 6.400390625 5.0 1.0
226 33.7158203125 18.0 6.400390625 5.0 1.0
227 37.7421875 27.0 5.92578125 4.0 1.0
228 37.7421875 27.0 5.92578125 4.0 1.0
229 37.7421875 27.0 5.92578125 4.0 1.0
230 37.7421875 27.0 5.92578125 4.0 1.0
231 37.7421875 27.0 5.92578125 4.0 1.0
232 37.7421875 27.0 5.92578125 4.0 1.0
233 37.7421875 27.0 5.92578125 4.0 1.0
234 37.7421875 27.0 5.92578125 4.0 1.0
235 37.7421875 27.0 5.92578125 4.0 1.0
236 37.7421875 27.0 5.92578125 4.0 1.0
237 37.7421875 27.0 5.92578125 4.0 1.0
238 38.0546875 27.0 5.89453125 4.0 1.0
239 38.0546875 27.0 5.89453125 4.0 1.0
240 38.0546875 27.0 5.89453125 4.0 1.0
241 38.0546875 27.0 5.89453125 4.0 1.0
242 38.0546875 27.0 5.89453125 4.0 1.0
243 38.0546875 27.0 5.89453125 4.0 1.0
244 38.0546875 27.0 5.89453125 4.0 1.0
245 38.0546875 27.0 5.89453125 4.0 1.0
246 38.0546875 27.0 5.89453125 4.0 1.0
247 38.0546875 27.0 5.89453125 4.0 1.0
248 38.0546875 27.0 5.89453125 4.0 1.0
249 38.0546875 27.0 5.89453125 4.0 1.0
250 38.0546875 27.0 5.89453125 4.0 1.0
251 38.0546875 27.0 5.89453125 4.0 1.0
252 38.0546875 27.0 5.89453125 4.0 1.0
253 38.0546875 27.0 5.89453125 4.0 1.0
254 38.0546875 27.0 5.89453125 4.0 1.0
255 38.0546875 27.0 5.89453125 4.0 1.0
256 38.0546875 27.0 5.89453125 4.0 1.0
257 38.0546875 27.0 5.89453125 4.0 1.0
258 38.0546875 27.0 5.89453125 4.0 1.0
259 38.0546875 27.0 5.89453125 4.0 1.0
260 38.0546875 27.0 5.89453125 4.0 1.0
261 38.0546875 27.0 5.89453125 4.0 1.0
262 38.0546875 27.0 5.89453125 4.0 1.0
263 38.0546875 27.0 5.89453125 4.0 1.0
264 38.0546875 27.0 5.89453125 4.0 1.0
265 38.0546875 27.0 5.89453125 4.0 1.0
266 38.0546875 27.0 5.89453125 4.0 1.0
267 38.0546875 27.0 5.89453125 4.0 1.0
268 38.0546875 27.0 5.89453125 4.0 1.0
269 38.0546875 27.0 5.89453125 4.0 1.0
270 38.0546875 27.0 5.89453125 4.0 1.0
271 38.0546875 27.0 5.89453125 4.0 1.0
272 38.0546875 27.0 5.89453125 4.0 1.0
273 38.0546875 27.0 5.89453125 4.0 1.0
274 38.0546875 27.0 5.89453125 4.0 1.0
275 38.0546875 27.0 5.89453125 4.0 1.0
276 38.0546875 27.0 5.89453125 4.0 1.0
277 38.0546875 27.0 5.89453125 4.0 1.0
278 38.0546875 27.0 5.89453125 4.0 1.0
279 38.0546875 27.0 5.89453125 4.0 1.0
280 38.0546875 27.0 5.89453125 4.0 1.0
281 38.0546875 27.0 5.89453125 4.0 1.0
282 38.0546875 27.0 5.89453125 4.0 1.0
283 38.0546875 27.0 5.89453125 4.0 1.0
284 38.0546875 27.0 5.89453125 4.0 1.0
285 38.0546875 27.0 5.89453125 4.0 1.0
286 38.0546875 27.0 5.89453125 4.0 1.0
287 38.0546875 27.0 5.89453125 4.0 1.0
288 38.0546875 27.0 5.89453125 4.0 1.0
289 38.0546875 27.0 5.89453125 4.0 1.0
290 38.0546875 27.0 5.89453125 4.0 1.0
291 38.0546875 27.0 5.89453125 4.0 1.0
292 38.0546875 27.0 5.89453125 4.0 1.0
293 38.0546875 27.0 5.89453125 4.0 1.0
294 38.0546875 27.0 5.89453125 4.0 1.0
295 38.0546875 27.0 5.89453125 4.0 1.0
296 38.0546875 27.0 5.89453125 4.0 1.0
297 38.0546875 27.0 5.89453125 4.0 1.0
298 38.0546875 27.0 5.89453125 4.0 1.0
299 38.0546875 27.0 5.89453125 4.0 1.0
300 38.0546875 27.0 5.89453125 4.0 1.0
301 38.0546875 27.0 5.89453125 4.0 1.0
302 38.0546875 27.0 5.89453125 4.0 1.0
303 38.0546875 27.0 5.89453125 4.0 1.0
304 38.0546875 27.0 5.89453125 4.0 1.0
305 38.0546875 27.0 5.89453125 4.0 1.0
306 38.0546875 27.0 5.89453125 4.0 1.0
307 38.0546875 27.0 5.89453125 4.0 1.0
308 38.0546875 27.0 5.89453125 4.0 1.0
309 38.0546875 27.0 5.89453125 4.0 1.0
310 38.0546875 27.0 5.89453125 4.0 1.0
311 38.0546875 27.0 5.89453125 4.0 1.0
312 38.0546875 27.0 5.89453125 4.0 1.0
313 38.0546875 27.0 5.89453125 4.0 1.0
314 38.0546875 27.0 5.89453125 4.0 1.0
315 38.0546875 27.0 5.89453125 4.0 1.0
316 38.0546875 27.0 5.89453125 4.0 1.0
317 38.0546875 27.0 5.89453125 4.0 1.0
318 38.0546875 27.0 5.89453125 4.0 1.0
319 38.0546875 27.0 5.89453125 4.0 1.0
320 38.0546875 27.0 5.89453125 4.0 1.0
321 38.0546875 27.0 5.89453125 4.0 1.0
322 38.0546875 27.0 5.89453125 4.0 1.0
323 38.0546875 27.0 5.89453125 4.0 1.0
324 38.0546875 27.0 5.89453125 4.0 1.0
325 38.0546875 27.0 5.89453125 4.0 1.0
326 38.0546875 27.0 5.89453125 4.0 1.0
327 38.0546875 27.0 5.89453125 4.0 1.0
328 38.0546875 27.0 5.89453125 4.0 1.0
329 38.0546875 27.0 5.89453125 4.0 1.0
330 38.0546875 27.0 5.89453125 4.0 1.0
331 38.0546875 27.0 5.89453125 4.0 1.0
332 38.0546875 27.0 5.89453125 4.0 1.0
333 38.0546875 27.0 5.89453125 4.0 1.0
334 38.0546875 27.0 5.89453125 4.0 1.0
335 38.0546875 27.0 5.89453125 4.0 1.0
336 38.0546875 27.0 5.89453125 4.0 1.0
337 38.0546875 27.0 5.89453125 4.0 1.0
338 38.0546875 27.0 5.89453125 4.0 1.0
339 38.0546875 27.0 5.89453125 4.0 1.0
340 38.0546875 27.0 5.89453125 4.0 1.0
341 38.0546875 27.0 5.89453125 4.0 1.0
342 38.0546875 27.0 5.89453125 4.0 1.0
343 38.0546875 27.0 5.89453125 4.0 1.0
344 65.734375 56.0 2.0859375 0.0 2.0
345 65.734375 56.0 2.0859375 0.0 2.0
346 65.734375 56.0 2.0859375 0.0 2.0
347 65.734375 56.0 2.0859375 0.0 2.0
348 65.734375 56.0 2.0859375 0.0 2.0
349 65.734375 56.0 2.0859375 0.0 2.0
350 65.734375 56.0 2.0859375 0.0 2.0
351 65.734375 56.0 2.0859375 0.0 2.0
352 65.734375 56.0 2.0859375 0.0 2.0
353 65.734375 56.0 2.0859375 0.0 2.0
354 65.734375 56.0 2.0859375 0.0 2.0
355 65.734375 56.0 2.0859375 0.0 2.0
356 65.734375 56.0 2.0859375 0.0 2.0
357 65.734375 56.0 2.0859375 0.0 2.0
358 65.734375 56.0 2.0859375 0.0 2.0
359 65.734375 56.0 2.0859375 0.0 2.0
360 65.734375 56.0 2.0859375 0.0 2.0
361 65.734375 56.0 2.0859375 0.0 2.0
362 65.734375 56.0 2.0859375 0.0 2.0
363 65.734375 56.0 2.0859375 0.0 2.0
364 65.734375 56.0 2.0859375 0.0 2.0
365 65.734375 56.0 2.0859375 0.0 2.0
366 65.734375 56.0 2.0859375 0.0 2.0
367 65.734375 56.0 2.0859375 0.0 2.0
368 65.734375 56.0 2.0859375 0.0 2.0
369 65.734375 56.0 2.0859375 0.0 2.0
370 65.734375 56.0 2.0859375 0.0 2.0
371 65.734375 56.0 2.0859375 0.0 2.0
372 65.734375 56.0 2.0859375 0.0 2.0
373 65.734375 56.0 2.0859375 0.0 2.0
374 65.734375 56.0 2.0859375 0.0 2.0
375 65.734375 56.0 2.0859375 0.0 2.0
376 65.734375 56.0 2.0859375 0.0 2.0
377 65.734375 56.0 2.0859375 0.0 2.0
378 65.734375 56.0 2.0859375 0.0 2.0
379 65.734375 56.0 2.0859375 0.0 2.0
380 65.734375 56.0 2.0859375 0.0 2.0
381 65.734375 56.0 2.0859375 0.0 2.0
382 65.734375 56.0 2.0859375 0.0 2.0
383 65.734375 56.0 2.0859375 0.0 2.0
384 65.734375 56.0 2.0859375 0.0 2.0
385 65.734375 56.0 2.0859375 0.0 2.0
386 65.734375 56.0 2.0859375 0.0 2.0
387 65.734375 56.0 2.0859375 0.0 2.0
388 65.734375 56.0 2.0859375 0.0 2.0
389 65.734375 56.0 2.0859375 0.0 2.0
390 65.734375 56.0 2.0859375 0.0 2.0
391 65.734375 56.0 2.0859375 0.0 2.0
392 65.734375 56.0 2.0859375 0.0 2.0
393 65.734375 56.0 2.0859375 0.0 2.0
394 65.734375 56.0 2.0859375 0.0 2.0
395 65.734375 56.0 2.0859375 0.0 2.0
396 65.734375 56.0 2.0859375 0.0 2.0
397 65.734375 56.0 2.0859375 0.0 2.0
398 65.734375 56.0 2.0859375 0.0 2.0
399 65.734375 56.0 2.0859375 0.0 2.0
400 65.734375 56.0 2.0859375 0.0 2.0
401 65.734375 56.0 2.0859375 0.0 2.0
402 65.734375 56.0 2.0859375 0.0 2.0
403 65.734375 56.0 2.0859375 0.0 2.0
404 65.734375 56.0 2.0859375 0.0 2.0
405 65.734375 56.0 2.0859375 0.0 2.0
406 65.734375 56.0 2.0859375 0.0 2.0
407 65.734375 56.0 2.0859375 0.0 2.0
408 65.734375 56.0 2.0859375 0.0 2.0
409 65.734375 56.0 2.0859375 0.0 2.0
410 65.734375 56.0 2.0859375 0.0 2.0
411 65.734375 56.0 2.0859375 0.0 2.0
412 65.734375 56.0 2.0859375 0.0 2.0
413 65.734375 56.0 2.0859375 0.0 2.0
414 65.734375 56.0 2.0859375 0.0 2.0
415 65.734375 56.0 2.0859375 0.0 2.0
416 65.734375 56.0 2.0859375 0.0 2.0
417 65.734375 56.0 2.0859375 0.0 2.0
418 65.734375 56.0 2.0859375 0.0 2.0
419 65.734375 56.0 2.0859375 0.0 2.0
420 65.734375 56.0 2.0859375 0.0 2.0
421 65.734375 56.0 2.0859375 0.0 2.0
422 65.734375 56.0 2.0859375 0.0 2.0
423 65.734375 56.0 2.0859375 0.0 2.0
424 65.734375 56.0 2.0859375 0.0 2.0
425 65.734375 56.0 2.0859375 0.0 2.0
426 72.609375 63.0 2.0390625 0.0 1.0
427 72.609375 63.0 2.0390625 0.0 1.0
428 72.609375 63.0 2.0390625 0.0 1.0
429 72.609375 63.0 2.0390625 0.0 1.0
430 72.609375 63.0 2.0390625 0.0 1.0
431 72.609375 63.0 2.0390625 0.0 1.0
432 72.609375 63.0 2.0390625 0.0 1.0
433 72.609375 63.0 2.0390625 0.0 1.0
434 72.609375 63.0 2.0390625 0.0 1.0
435 72.609375 63.0 2.0390625 0.0 1.0
436 72.609375 63.0 2.0390625 0.0 1.0
437 72.609375 63.0 2.0390625 0.0 1.0
438 72.609375 63.0 2.0390625 0.0 1.0
439 72.609375 63.0 2.0390625 0.0 1.0
440 72.609375 63.0 2.0390625 0.0 1.0
441 72.609375 63.0 2.0390625 0.0 1.0
442 72.609375 63.0 2.0390625 0.0 1.0
443 72.609375 63.0 2.0390625 0.0 1.0
444 72.609375 63.0 2.0390625 0.0 1.0
445 72.609375 63.0 2.0390625 0.0 1.0
446 72.609375 63.0 2.0390625 0.0 1.0
447 72.609375 63.0 2.0390625 0.0 1.0
448 72.609375 63.0 2.0390625 0.0 1.0
449 72.609375 63.0 2.0390625 0.0 1.0
450 72.609375 63.0 2.0390625 0.0 1.0
451 72.609375 63.0 2.0390625 0.0 1.0
452 72.609375 63.0 2.0390625 0.0 1.0
453 72.609375 63.0 2.0390625 0.0 1.0
454 72.609375 63.0 2.0390625 0.0 1.0
455 72.609375 63.0 2.0390625 0.0 1.0
456 72.609375 63.0 2.0390625 0.0 1.0
457 72.609375 63.0 2.0390625 0.0 1.0
458 72.609375 63.0 2.0390625 0.0 1.0
459 72.609375 63.0 2.0390625 0.0 1.0
460 72.609375 63.0 2.0390625 0.0 1.0
461 72.609375 63.0 2.0390625 0.0 1.0
462 72.609375 63.0 2.0390625 0.0 1.0
463 72.609375 63.0 2.0390625 0.0 1.0
464 72.609375 63.0 2.0390625 0.0 1.0
465 72.609375 63.0 2.0390625 0.0 1.0
466 72.609375 63.0 2.0390625 0.0 1.0
467 72.609375 63.0 2.0390625 0.0 1.0
468 72.609375 63.0 2.0390625 0.0 1.0
469 72.609375 63.0 2.0390625 0.0 1.0
470 72.609375 63.0 2.0390625 0.0 1.0
471 72.609375 63.0 2.0390625 0.0 1.0
472 72.609375 63.0 2.0390625 0.0 1.0
473 72.609375 63.0 2.0390625 0.0 1.0
474 72.609375 63.0 2.0390625 0.0 1.0
475 72.609375 63.0 2.0390625 0.0 1.0
476 72.609375 63.0 2.0390625 0.0 1.0
477 72.609375 63.0 2.0390625 0.0 1.0
478 72.609375 63.0 2.0390625 0.0 1.0
479 72.609375 63.0 2.0390625 0.0 1.0
480 72.609375 63.0 2.0390625 0.0 1.0
481 72.609375 63.0 2.0390625 0.0 1.0
482 72.609375 63.0 2.0390625 0.0 1.0
483 72.609375 63.0 2.0390625 0.0 1.0
484 72.609375 63.0 2.0390625 0.0 1.0
485 72.609375 63.0 2.0390625 0.0 1.0
486 72.609375 63.0 2.0390625 0.0 1.0
487 72.609375 63.0 2.0390625 0.0 1.0
488 72.609375 63.0 2.0390625 0.0 1.0
489 72.609375 63.0 2.0390625 0.0 1.0
490 72.609375 63.0 2.0390625 0.0 1.0
491 72.609375 63.0 2.0390625 0.0 1.0
492 72.609375 63.0 2.0390625 0.0 1.0
493 72.609375 63.0 2.0390625 0.0 1.0
494 72.609375 63.0 2.0390625 0.0 1.0
495 72.609375 63.0 2.0390625 0.0 1.0
496 72.609375 63.0 2.0390625 0.0 1.0
497 72.609375 63.0 2.0390625 0.0 1.0
498 72.609375 63.0 2.0390625 0.0 1.0
499 72.609375 63.0 2.0390625 0.0 1.0
500 72.609375 63.0 2.0390625 0.0 1.0
501 72.609375 63.0 2.0390625 0.0 1.0
502 72.609375 63.0 2.0390625 0.0 1.0
503 72.609375 63.0 2.0390625 0.0 1.0
504 72.609375 63.0 2.0390625 0.0 1.0
505 72.609375 63.0 2.0390625 0.0 1.0
506 72.609375 63.0 2.0390625 0.0 1.0
507 72.609375 63.0 2.0390625 0.0 1.0
508 72.609375 63.0 2.0390625 0.0 1.0
509 72.609375 63.0 2.0390625 0.0 1.0
510 72.609375 63.0 2.0390625 0.0 1.0
511 72.609375 63.0 2.0390625 0.0 1.0
512 72.609375 63.0 2.0390625 0.0 1.0
513 72.609375 63.0 2.0390625 0.0 1.0
514 72.609375 63.0 2.0390625 0.0 1.0
515 72.609375 63.0 2.0390625 0.0 1.0
516 72.609375 63.0 2.0390625 0.0 1.0
517 72.609375 63.0 2.0390625 0.0 1.0
518 72.609375 63.0 2.0390625 0.0 1.0
519 72.609375 63.0 2.0390625 0.0 1.0
520 72.609375 63.0 2.0390625 0.0 1.0
521 72.609375 63.0 2.0390625 0.0 1.0
522 72.609375 63.0 2.0390625 0.0 1.0
523 72.609375 63.0 2.0390625 0.0 1.0
524 72.609375 63.0 2.0390625 0.0 1.0
525 72.609375 63.0 2.0390625 0.0 1.0
526 72.609375 63.0 2.0390625 0.0 1.0
527 72.609375 63.0 2.0390625 0.0 1.0
528 72.609375 63.0 2.0390625 0.0 1.0
529 72.609375 63.0 2.0390625 0.0 1.0
530 72.609375 63.0 2.0390625 0.0 1.0
531 72.609375 63.0 2.0390625 0.0 1.0
532 72.609375 63.0 2.0390625 0.0 1.0
533 72.609375 63.0 2.0390625 0.0 1.0
534 72.609375 63.0 2.0390625 0.0 1.0
535 72.609375 63.0 2.0390625 0.0 1.0
536 72.609375 63.0 2.0390625 0.0 1.0
537 72.609375 63.0 2.0390625 0.0 1.0
538 72.609375 63.0 2.0390625 0.0 1.0
539 72.609375 63.0 2.0390625 0.0 1.0
540 72.609375 63.0 2.0390625 0.0 1.0
541 72.609375 63.0 2.0390625 0.0 1.0
542 73.078125 63.0 1.9921875 0.0 1.0
543 73.078125 63.0 1.9921875 0.0 1.0
544 73.078125 63.0 1.9921875 0.0 1.0
545 73.078125 63.0 1.9921875 0.0 1.0
546 73.078125 63.0 1.9921875 0.0 1.0
547 73.078125 63.0 1.9921875 0.0 1.0
548 73.078125 63.0 1.9921875 0.0 1.0
549 73.078125 63.0 1.9921875 0.0 1.0
550 73.078125 63.0 1.9921875 0.0 1.0
551 73.078125 63.0 1.9921875 0.0 1.0
552 73.078125 63.0 1.9921875 0.0 1.0
553 73.078125 63.0 1.9921875 0.0 1.0
554 73.078125 63.0 1.9921875 0.0 1.0
555 73.078125 63.0 1.9921875 0.0 1.0
556 73.078125 63.0 1.9921875 0.0 1.0
557 73.078125 63.0 1.9921875 0.0 1.0
558 73.078125 63.0 1.9921875 0.0 1.0
559 73.078125 63.0 1.9921875 0.0 1.0
560 73.078125 63.0 1.9921875 0.0 1.0
561 73.078125 63.0 1.9921875 0.0 1.0
562 73.078125 63.0 1.9921875 0.0 1.0
563 73.078125 63.0 1.9921875 0.0 1.0
564 73.078125 63.0 1.9921875 0.0 1.0
565 73.078125 63.0 1.9921875 0.0 1.0
566 73.078125 63.0 1.9921875 0.0 1.0
567 73.078125 63.0 1.9921875 0.0 1.0
568 73.078125 63.0 1.9921875 0.0 1.0
569 73.078125 63.0 1.9921875 0.0 1.0
570 73.078125 63.0 1.9921875 0.0 1.0
571 73.078125 63.0 1.9921875 0.0 1.0
572 73.078125 63.0 1.9921875 0.0 1.0
573 73.078125 63.0 1.9921875 0.0 1.0
574 73.078125 63.0 1.9921875 0.0 1.0
575 73.078125 63.0 1.9921875 0.0 1.0
576 73.1953125 63.0 1.98046875 0.0 1.0
577 73.1953125 63.0 1.98046875 0.0 1.0
578 73.1953125 63.0 1.98046875 0.0 1.0
579 73.1953125 63.0 1.98046875 0.0 1.0
580 73.1953125 63.0 1.98046875 0.0 1.0
581 73.1953125 63.0 1.98046875 0.0 1.0
582 73.1953125 63.0 1.98046875 0.0 1.0
583 73.1953125 63.0 1.98046875 0.0 1.0
584 73.1953125 63.0 1.98046875 0.0 1.0
585 73.1953125 63.0 1.98046875 0.0 1.0
586 73.1953125 63.0 1.98046875 0.0 1.0
587 73.1953125 63.0 1.98046875 0.0 1.0
588 73.1953125 63.0 1.98046875 0.0 1.0
589 73.1953125 63.0 1.98046875 0.0 1.0
590 73.1953125 63.0 1.98046875 0.0 1.0
591 73.1953125 63.0 1.98046875 0.0 1.0
592 73.1953125 63.0 1.98046875 0.0 1.0
593 73.1953125 63.0 1.98046875 0.0 1.0
594 73.1953125 63.0 1.98046875 0.0 1.0
595 73.1953125 63.0 1.98046875 0.0 1.0
596 73.1953125 63.0 1.98046875 0.0 1.0
597 73.1953125 63.0 1.98046875 0.0 1.0
598 73.1953125 63.0 1.98046875 0.0 1.0
599 73.1953125 63.0 1.98046875 0.0 1.0
600 73.1953125 63.0 1.98046875 0.0 1.0
601 73.1953125 63.0 1.98046875 0.0 1.0
602 73.1953125 63.0 1.98046875 0.0 1.0
603 73.1953125 63.0 1.98046875 0.0 1.0
604 73.1953125 63.0 1.98046875 0.0 1.0
605 73.1953125 63.0 1.98046875 0.0 1.0
606 73.1953125 63.0 1.98046875 0.0 1.0
607 73.1953125 63.0 1.98046875 0.0 1.0
608 73.1953125 63.0 1.98046875 0.0 1.0
609 73.1953125 63.0 1.98046875 0.0 1.0
610 73.1953125 63.0 1.98046875 0.0 1.0
611 73.1953125 63.0 1.98046875 0.0 1.0
612 73.1953125 63.0 1.98046875 0.0 1.0
613 73.1953125 63.0 1.98046875 0.0 1.0
614 73.1953125 63.0 1.98046875 0.0 1.0
615 73.1953125 63.0 1.98046875 0.0 1.0
616 73.1953125 63.0 1.98046875 0.0 1.0
617 73.1953125 63.0 1.98046875 0.0 1.0
618 73.1953125 63.0 1.98046875 0.0 1.0
619 73.1953125 63.0 1.98046875 0.0 1.0
620 73.1953125 63.0 1.98046875 0.0 1.0
621 73.1953125 63.0 1.98046875 0.0 1.0
622 73.1953125 63.0 1.98046875 0.0 1.0
623 73.1953125 63.0 1.98046875 0.0 1.0
624 73.1953125 63.0 1.98046875 0.0 1.0
625 73.1953125 63.0 1.98046875 0.0 1.0
626 73.1953125 63.0 1.98046875 0.0 1.0
627 73.1953125 63.0 1.98046875 0.0 1.0
628 73.1953125 63.0 1.98046875 0.0 1.0
629 73.1953125 63.0 1.98046875 0.0 1.0
630 73.1953125 63.0 1.98046875 0.0 1.0
631 73.1953125 63.0 1.98046875 0.0 1.0
632 73.1953125 63.0 1.98046875 0.0 1.0
633 73.1953125 63.0 1.98046875 0.0 1.0
634 73.1953125 63.0 1.98046875 0.0 1.0
635 73.1953125 63.0 1.98046875 0.0 1.0
636 73.1953125 63.0 1.98046875 0.0 1.0
637 73.1953125 63.0 1.98046875 0.0 1.0
638 73.1953125 63.0 1.98046875 0.0 1.0
639 73.1953125 63.0 1.98046875 0.0 1.0
640 73.1953125 63.0 1.98046875 0.0 1.0
641 73.1953125 63.0 1.98046875 0.0 1.0
642 73.1953125 63.0 1.98046875 0.0 1.0
643 73.1953125 63.0 1.98046875 0.0 1.0
644 73.1953125 63.0 1.98046875 0.0 1.0
645 73.1953125 63.0 1.98046875 0.0 1.0
646 73.1953125 63.0 1.98046875 0.0 1.0
647 73.1953125 63.0 1.98046875 0.0 1.0
648 73.1953125 63.0 1.98046875 0.0 1.0
649 73.1953125 63.0 1.98046875 0.0 1.0
650 73.1953125 63.0 1.98046875 0.0 1.0
651 73.1953125 63.0 1.98046875 0.0 1.0
652 73.1953125 63.0 1.98046875 0.0 1.0
653 73.1953125 63.0 1.98046875 0.0 1.0
654 73.1953125 63.0 1.98046875 0.0 1.0
655 73.1953125 63.0 1.98046875 0.0 1.0
656 73.1953125 63.0 1.98046875 0.0 1.0
657 73.1953125 63.0 1.98046875 0.0 1.0
658 73.1953125 63.0 1.98046875 0.0 1.0
659 73.1953125 63.0 1.98046875 0.0 1.0
660 73.1953125 63.0 1.98046875 0.0 1.0
661 73.1953125 63.0 1.98046875 0.0 1.0
662 73.1953125 63.0 1.98046875 0.0 1.0
663 73.1953125 63.0 1.98046875 0.0 1.0
664 73.1953125 63.0 1.98046875 0.0 1.0
665 73.1953125 63.0 1.98046875 0.0 1.0
666 73.1953125 63.0 1.98046875 0.0 1.0
667 73.1953125 63.0 1.98046875 0.0 1.0
668 73.1953125 63.0 1.98046875 0.0 1.0
669 73.1953125 63.0 1.98046875 0.0 1.0
670 73.1953125 63.0 1.98046875 0.0 1.0
671 73.1953125 63.0 1.98046875 0.0 1.0
672 73.1953125 63.0 1.98046875 0.0 1.0
673 73.1953125 63.0 1.98046875 0.0 1.0
674 73.1953125 63.0 1.98046875 0.0 1.0
675 73.1953125 63.0 1.98046875 0.0 1.0
676 73.1953125 63.0 1.98046875 0.0 1.0
677 73.1953125 63.0 1.98046875 0.0 1.0
678 73.1953125 63.0 1.98046875 0.0 1.0
679 73.1953125 63.0 1.98046875 0.0 1.0
680 73.1953125 63.0 1.98046875 0.0 1.0
681 73.1953125 63.0 1.98046875 0.0 1.0
682 73.1953125 63.0 1.98046875 0.0 1.0
683 73.1953125 63.0 1.98046875 0.0 1.0
684 73.1953125 63.0 1.98046875 0.0 1.0
685 73.1953125 63.0 1.98046875 0.0 1.0
686 73.1953125 63.0 1.98046875 0.0 1.0
687 73.1953125 63.0 1.98046875 0.0 1.0
688 73.1953125 63.0 1.98046875 0.0 1.0
689 73.1953125 63.0 1.98046875 0.0 1.0
690 73.1953125 63.0 1.98046875 0.0 1.0
691 73.1953125 63.0 1.98046875 0.0 1.0
692 73.1953125 63.0 1.98046875 0.0 1.0
693 73.1953125 63.0 1.98046875 0.0 1.0
694 73.1953125 63.0 1.98046875 0.0 1.0
695 73.1953125 63.0 1.98046875 0.0 1.0
696 73.1953125 63.0 1.98046875 0.0 1.0
697 73.1953125 63.0 1.98046875 0.0 1.0
698 73.1953125 63.0 1.98046875 0.0 1.0
699 73.1953125 63.0 1.98046875 0.0 1.0
700 73.1953125 63.0 1.98046875 0.0 1.0
701 73.1953125 63.0 1.98046875 0.0 1.0
702 73.1953125 63.0 1.98046875 0.0 1.0
703 73.1953125 63.0 1.98046875 0.0 1.0
704 73.1953125 63.0 1.98046875 0.0 1.0
705 73.1953125 63.0 1.98046875 0.0 1.0
706 73.1953125 63.0 1.98046875 0.0 1.0
707 73.1953125 63.0 1.98046875 0.0 1.0
708 73.1953125 63.0 1.98046875 0.0 1.0
709 73.1953125 63.0 1.98046875 0.0 1.0
710 73.1953125 63.0 1.98046875 0.0 1.0
711 73.1953125 63.0 1.98046875 0.0 1.0
712 73.1953125 63.0 1.98046875 0.0 1.0
713 73.1953125 63.0 1.98046875 0.0 1.0
714 73.1953125 63.0 1.98046875 0.0 1.0
715 73.1953125 63.0 1.98046875 0.0 1.0
716 73.1953125 63.0 1.98046875 0.0 1.0
717 73.1953125 63.0 1.98046875 0.0 1.0
718 73.1953125 63.0 1.98046875 0.0 1.0
719 73.1953125 63.0 1.98046875 0.0 1.0
720 73.1953125 63.0 1.98046875 0.0 1.0
721 73.1953125 63.0 1.98046875 0.0 1.0
722 73.1953125 63.0 1.98046875 0.0 1.0
723 73.1953125 63.0 1.98046875 0.0 1.0
724 73.1953125 63.0 1.98046875 0.0 1.0
725 73.1953125 63.0 1.98046875 0.0 1.0
726 73.1953125 63.0 1.98046875 0.0 1.0
727 73.1953125 63.0 1.98046875 0.0 1.0
728 73.1953125 63.0 1.98046875 0.0 1.0
729 73.1953125 63.0 1.98046875 0.0 1.0
730 73.1953125 63.0 1.98046875 0.0 1.0
731 73.1953125 63.0 1.98046875 0.0 1.0
732 73.1953125 63.0 1.98046875 0.0 1.0
733 73.1953125 63.0 1.98046875 0.0 1.0
734 73.1953125 63.0 1.98046875 0.0 1.0
735 73.1953125 63.0 1.98046875 0.0 1.0
736 73.1953125 63.0 1.98046875 0.0 1.0
737 73.1953125 63.0 1.98046875 0.0 1.0
738 73.1953125 63.0 1.98046875 0.0 1.0
739 73.1953125 63.0 1.98046875 0.0 1.0
740 73.1953125 63.0 1.98046875 0.0 1.0
741 73.1953125 63.0 1.98046875 0.0 1.0
742 73.1953125 63.0 1.98046875 0.0 1.0
743 73.1953125 63.0 1.98046875 0.0 1.0
744 73.1953125 63.0 1.98046875 0.0 1.0
745 73.1953125 63.0 1.98046875 0.0 1.0
746 73.1953125 63.0 1.98046875 0.0 1.0
747 73.1953125 63.0 1.98046875 0.0 1.0
748 73.1953125 63.0 1.98046875 0.0 1.0
749 73.1953125 63.0 1.98046875 0.0 1.0
750 73.1953125 63.0 1.98046875 0.0 1.0
751 73.1953125 63.0 1.98046875 0.0 1.0
752 73.1953125 63.0 1.98046875 0.0 1.0
753 73.1953125 63.0 1.98046875 0.0 1.0
754 73.1953125 63.0 1.98046875 0.0 1.0
755 73.1953125 63.0 1.98046875 0.0 1.0
756 73.1953125 63.0 1.98046875 0.0 1.0
757 73.1953125 63.0 1.98046875 0.0 1.0
758 73.1953125 63.0 1.98046875 0.0 1.0
759 73.1953125 63.0 1.98046875 0.0 1.0
760 73.1953125 63.0 1.98046875 0.0 1.0
761 73.1953125 63.0 1.98046875 0.0 1.0
762 73.1953125 63.0 1.98046875 0.0 1.0
763 73.1953125 63.0 1.98046875 0.0 1.0
764 73.1953125 63.0 1.98046875 0.0 1.0
765 73.1953125 63.0 1.98046875 0.0 1.0
766 73.1953125 63.0 1.98046875 0.0 1.0
767 73.1953125 63.0 1.98046875 0.0 1.0
768 73.1953125 63.0 1.98046875 0.0 1.0
769 73.1953125 63.0 1.98046875 0.0 1.0
770 73.1953125 63.0 1.98046875 0.0 1.0
771 73.1953125 63.0 1.98046875 0.0 1.0
772 73.1953125 63.0 1.98046875 0.0 1.0
773 73.1953125 63.0 1.98046875 0.0 1.0
774 73.1953125 63.0 1.98046875 0.0 1.0
775 73.1953125 63.0 1.98046875 0.0 1.0
776 73.1953125 63.0 1.98046875 0.0 1.0
777 73.1953125 63.0 1.98046875 0.0 1.0
778 73.1953125 63.0 1.98046875 0.0 1.0
779 73.1953125 63.0 1.98046875 0.0 1.0
780 73.1953125 63.0 1.98046875 0.0 1.0
781 73.1953125 63.0 1.98046875 0.0 1.0
782 73.1953125 63.0 1.98046875 0.0 1.0
783 73.1953125 63.0 1.98046875 0.0 1.0
784 73.1953125 63.0 1.98046875 0.0 1.0
785 73.1953125 63.0 1.98046875 0.0 1.0
786 73.1953125 63.0 1.98046875 0.0 1.0
787 73.1953125 63.0 1.98046875 0.0 1.0
788 73.1953125 63.0 1.98046875 0.0 1.0
789 73.1953125 63.0 1.98046875 0.0 1.0
790 73.1953125 63.0 1.98046875 0.0 1.0
791 73.1953125 63.0 1.98046875 0.0 1.0
792 73.1953125 63.0 1.98046875 0.0 1.0
793 73.1953125 63.0 1.98046875 0.0 1.0
794 73.1953125 63.0 1.98046875 0.0 1.0
795 73.1953125 63.0 1.98046875 0.0 1.0
796 73.1953125 63.0 1.98046875 0.0 1.0
797 73.1953125 63.0 1.98046875 0.0 1.0
798 73.1953125 63.0 1.98046875 0.0 1.0
799 73.1953125 63.0 1.98046875 0.0 1.0
800 73.1953125 63.0 1.98046875 0.0 1.0
801 73.1953125 63.0 1.98046875 0.0 1.0
802 73.1953125 63.0 1.98046875 0.0 1.0
803 73.1953125 63.0 1.98046875 0.0 1.0
804 73.1953125 63.0 1.98046875 0.0 1.0
805 73.1953125 63.0 1.98046875 0.0 1.0
806 73.1953125 63.0 1.98046875 0.0 1.0
807 73.1953125 63.0 1.98046875 0.0 1.0
808 73.1953125 63.0 1.98046875 0.0 1.0
809 73.1953125 63.0 1.98046875 0.0 1.0
810 73.1953125 63.0 1.98046875 0.0 1.0
811 73.1953125 63.0 1.98046875 0.0 1.0
812 73.1953125 63.0 1.98046875 0.0 1.0
813 73.1953125 63.0 1.98046875 0.0 1.0
814 73.1953125 63.0 1.98046875 0.0 1.0
815 73.1953125 63.0 1.98046875 0.0 1.0
816 73.1953125 63.0 1.98046875 0.0 1.0
817 73.1953125 63.0 1.98046875 0.0 1.0
818 73.1953125 63.0 1.98046875 0.0 1.0
819 73.1953125 63.0 1.98046875 0.0 1.0
820 73.1953125 63.0 1.98046875 0.0 1.0
821 73.1953125 63.0 1.98046875 0.0 1.0
822 73.1953125 63.0 1.98046875 0.0 1.0
823 73.1953125 63.0 1.98046875 0.0 1.0
824 73.1953125 63.0 1.98046875 0.0 1.0
825 73.1953125 63.0 1.98046875 0.0 1.0
826 73.1953125 63.0 1.98046875 0.0 1.0
827 73.1953125 63.0 1.98046875 0.0 1.0
828 73.1953125 63.0 1.98046875 0.0 1.0
829 73.1953125 63.0 1.98046875 0.0 1.0
830 73.1953125 63.0 1.98046875 0.0 1.0
831 73.1953125 63.0 1.98046875 0.0 1.0
832 73.1953125 63.0 1.98046875 0.0 1.0
833 73.1953125 63.0 1.98046875 0.0 1.0
834 73.1953125 63.0 1.98046875 0.0 1.0
835 73.1953125 63.0 1.98046875 0.0 1.0
836 73.1953125 63.0 1.98046875 0.0 1.0
837 73.1953125 63.0 1.98046875 0.0 1.0
838 73.1953125 63.0 1.98046875 0.0 1.0
839 73.1953125 63.0 1.98046875 0.0 1.0
840 73.1953125 63.0 1.98046875 0.0 1.0
841 73.1953125 63.0 1.98046875 0.0 1.0
842 73.1953125 63.0 1.98046875 0.0 1.0
843 73.1953125 63.0 1.98046875 0.0 1.0
844 73.1953125 63.0 1.98046875 0.0 1.0
845 73.1953125 63.0 1.98046875 0.0 1.0
846 73.1953125 63.0 1.98046875 0.0 1.0
847 73.1953125 63.0 1.98046875 0.0 1.0
848 73.1953125 63.0 1.98046875 0.0 1.0
849 73.1953125 63.0 1.98046875 0.0 1.0
850 73.1953125 63.0 1.98046875 0.0 1.0
851 73.1953125 63.0 1.98046875 0.0 1.0
852 73.1953125 63.0 1.98046875 0.0 1.0
853 73.1953125 63.0 1.98046875 0.0 1.0
854 73.1953125 63.0 1.98046875 0.0 1.0
855 73.1953125 63.0 1.98046875 0.0 1.0
856 73.1953125 63.0 1.98046875 0.0 1.0
857 73.1953125 63.0 1.98046875 0.0 1.0
858 73.1953125 63.0 1.98046875 0.0 1.0
859 73.1953125 63.0 1.98046875 0.0 1.0
860 73.1953125 63.0 1.98046875 0.0 1.0
861 73.1953125 63.0 1.98046875 0.0 1.0
862 73.1953125 63.0 1.98046875 0.0 1.0
863 73.1953125 63.0 1.98046875 0.0 1.0
864 73.1953125 63.0 1.98046875 0.0 1.0
865 73.1953125 63.0 1.98046875 0.0 1.0
866 73.1953125 63.0 1.98046875 0.0 1.0
867 73.1953125 63.0 1.98046875 0.0 1.0
868 73.1953125 63.0 1.98046875 0.0 1.0
869 73.1953125 63.0 1.98046875 0.0 1.0
870 73.1953125 63.0 1.98046875 0.0 1.0
871 73.1953125 63.0 1.98046875 0.0 1.0
872 73.1953125 63.0 1.98046875 0.0 1.0
873 73.1953125 63.0 1.98046875 0.0 1.0
874 73.1953125 63.0 1.98046875 0.0 1.0
875 73.1953125 63.0 1.98046875 0.0 1.0
876 73.1953125 63.0 1.98046875 0.0 1.0
877 73.1953125 63.0 1.98046875 0.0 1.0
878 73.1953125 63.0 1.98046875 0.0 1.0
879 73.1953125 63.0 1.98046875 0.0 1.0
880 73.1953125 63.0 1.98046875 0.0 1.0
881 73.1953125 63.0 1.98046875 0.0 1.0
882 73.1953125 63.0 1.98046875 0.0 1.0
883 73.1953125 63.0 1.98046875 0.0 1.0
884 73.1953125 63.0 1.98046875 0.0 1.0
885 73.1953125 63.0 1.98046875 0.0 1.0
886 73.1953125 63.0 1.98046875 0.0 1.0
887 73.1953125 63.0 1.98046875 0.0 1.0
888 73.1953125 63.0 1.98046875 0.0 1.0
889 73.1953125 63.0 1.98046875 0.0 1.0
890 73.1953125 63.0 1.98046875 0.0 1.0
891 73.1953125 63.0 1.98046875 0.0 1.0
892 73.1953125 63.0 1.98046875 0.0 1.0
893 73.1953125 63.0 1.98046875 0.0 1.0
894 73.1953125 63.0 1.98046875 0.0 1.0
895 73.1953125 63.0 1.98046875 0.0 1.0
896 73.1953125 63.0 1.98046875 0.0 1.0
897 73.1953125 63.0 1.98046875 0.0 1.0
898 73.1953125 63.0 1.98046875 0.0 1.0
899 73.1953125 63.0 1.98046875 0.0 1.0
900 73.1953125 63.0 1.98046875 0.0 1.0
901 73.1953125 63.0 1.98046875 0.0 1.0
902 73.1953125 63.0 1.98046875 0.0 1.0
903 73.1953125 63.0 1.98046875 0.0 1.0
904 73.1953125 63.0 1.98046875 0.0 1.0
905 73.1953125 63.0 1.98046875 0.0 1.0
906 73.1953125 63.0 1.98046875 0.0 1.0
907 74.337890625 63.0 1.8662109375 0.0 1.0
908 74.337890625 63.0 1.8662109375 0.0 1.0
909 74.337890625 63.0 1.8662109375 0.0 1.0
910 74.337890625 63.0 1.8662109375 0.0 1.0
911 74.337890625 63.0 1.8662109375 0.0 1.0
912 74.337890625 63.0 1.8662109375 0.0 1.0
913 74.337890625 63.0 1.8662109375 0.0 1.0
914 74.337890625 63.0 1.8662109375 0.0 1.0
915 74.337890625 63.0 1.8662109375 0.0 1.0
916 74.337890625 63.0 1.8662109375 0.0 1.0
917 74.337890625 63.0 1.8662109375 0.0 1.0
918 74.337890625 63.0 1.8662109375 0.0 1.0
919 74.337890625 63.0 1.8662109375 0.0 1.0
920 74.337890625 63.0 1.8662109375 0.0 1.0
921 74.337890625 63.0 1.8662109375 0.0 1.0
922 74.337890625 63.0 1.8662109375 0.0 1.0
923 74.337890625 63.0 1.8662109375 0.0 1.0
924 74.337890625 63.0 1.8662109375 0.0 1.0
925 74.337890625 63.0 1.8662109375 0.0 1.0
926 74.337890625 63.0 1.8662109375 0.0 1.0
927 74.337890625 63.0 1.8662109375 0.0 1.0
928 74.337890625 63.0 1.8662109375 0.0 1.0
929 74.337890625 63.0 1.8662109375 0.0 1.0
930 74.337890625 63.0 1.8662109375 0.0 1.0
931 74.337890625 63.0 1.8662109375 0.0 1.0
932 74.337890625 63.0 1.8662109375 0.0 1.0
933 74.337890625 63.0 1.8662109375 0.0 1.0
934 74.337890625 63.0 1.8662109375 0.0 1.0
935 74.337890625 63.0 1.8662109375 0.0 1.0
936 74.337890625 63.0 1.8662109375 0.0 1.0
937 74.337890625 63.0 1.8662109375 0.0 1.0
938 74.337890625 63.0 1.8662109375 0.0 1.0
939 74.337890625 63.0 1.8662109375 0.0 1.0
940 74.337890625 63.0 1.8662109375 0.0 1.0
941 74.337890625 63.0 1.8662109375 0.0 1.0
942 74.337890625 63.0 1.8662109375 0.0 1.0
943 74.337890625 63.0 1.8662109375 0.0 1.0
944 74.337890625 63.0 1.8662109375 0.0 1.0
945 74.337890625 63.0 1.8662109375 0.0 1.0
946 74.337890625 63.0 1.8662109375 0.0 1.0
947 74.337890625 63.0 1.8662109375 0.0 1.0
948 74.337890625 63.0 1.8662109375 0.0 1.0
949 74.337890625 63.0 1.8662109375 0.0 1.0
950 74.337890625 63.0 1.8662109375 0.0 1.0
951 74.337890625 63.0 1.8662109375 0.0 1.0
952 74.337890625 63.0 1.8662109375 0.0 1.0
953 74.337890625 63.0 1.8662109375 0.0 1.0
954 74.337890625 63.0 1.8662109375 0.0 1.0
955 74.337890625 63.0 1.8662109375 0.0 1.0
956 74.337890625 63.0 1.8662109375 0.0 1.0
957 74.337890625 63.0 1.8662109375 0.0 1.0
958 74.337890625 63.0 1.8662109375 0.0 1.0
959 74.337890625 63.0 1.8662109375 0.0 1.0
960 74.337890625 63.0 1.8662109375 0.0 1.0
961 74.337890625 63.0 1.8662109375 0.0 1.0
962 74.337890625 63.0 1.8662109375 0.0 1.0
963 74.337890625 63.0 1.8662109375 0.0 1.0
964 74.337890625 63.0 1.8662109375 0.0 1.0
965 74.337890625 63.0 1.8662109375 0.0 1.0
966 74.337890625 63.0 1.8662109375 0.0 1.0
967 74.337890625 63.0 1.8662109375 0.0 1.0
968 74.337890625 63.0 1.8662109375 0.0 1.0
969 74.337890625 63.0 1.8662109375 0.0 1.0
970 74.337890625 63.0 1.8662109375 0.0 1.0
971 74.337890625 63.0 1.8662109375 0.0 1.0
972 74.337890625 63.0 1.8662109375 0.0 1.0
973 74.337890625 63.0 1.8662109375 0.0 1.0
974 74.337890625 63.0 1.8662109375 0.0 1.0
975 74.337890625 63.0 1.8662109375 0.0 1.0
976 74.337890625 63.0 1.8662109375 0.0 1.0
977 74.337890625 63.0 1.8662109375 0.0 1.0
978 74.337890625 63.0 1.8662109375 0.0 1.0
979 74.337890625 63.0 1.8662109375 0.0 1.0
980 74.337890625 63.0 1.8662109375 0.0 1.0
981 74.337890625 63.0 1.8662109375 0.0 1.0
982 74.337890625 63.0 1.8662109375 0.0 1.0
983 74.513671875 63.0 1.8486328125 0.0 1.0
984 74.513671875 63.0 1.8486328125 0.0 1.0
985 74.513671875 63.0 1.8486328125 0.0 1.0
986 74.513671875 63.0 1.8486328125 0.0 1.0
987 74.513671875 63.0 1.8486328125 0.0 1.0
988 74.513671875 63.0 1.8486328125 0.0 1.0
989 74.513671875 63.0 1.8486328125 0.0 1.0
990 74.513671875 63.0 1.8486328125 0.0 1.0
991 74.513671875 63.0 1.8486328125 0.0 1.0
992 74.513671875 63.0 1.8486328125 0.0 1.0
993 74.513671875 63.0 1.8486328125 0.0 1.0
994 74.513671875 63.0 1.8486328125 0.0 1.0
995 74.513671875 63.0 1.8486328125 0.0 1.0
996 74.513671875 63.0 1.8486328125 0.0 1.0
997 74.513671875 63.0 1.8486328125 0.0 1.0
998 74.513671875 63.0 1.8486328125 0.0 1.0
999 74.513671875 63.0 1.8486328125 0.0 1.0
1000 74.513671875 63.0 1.8486328125 0.0 1.0
