gen HV HVnoDiscount fitness_notKilledMutants notKilledNonEqMutants fitness_testSuiteSize
1 11.1484375 10.0 7.9140625 7.0 5.0
2 11.9140625 10.0 7.6171875 7.0 5.0
3 11.9140625 10.0 7.6171875 7.0 5.0
4 16.8115234375 15.0 6.6376953125 6.0 5.0
5 16.8115234375 15.0 6.6376953125 6.0 5.0
6 16.8115234375 15.0 6.6376953125 6.0 5.0
7 23.28125 21.0 5.630859375 5.0 6.0
8 23.28125 21.0 5.630859375 5.0 6.0
9 23.28125 21.0 5.560546875 5.0 6.0
10 23.28125 21.0 5.560546875 5.0 6.0
11 23.28125 21.0 5.54296875 5.0 6.0
12 23.28125 21.0 5.54296875 5.0 6.0
13 23.28125 21.0 5.54296875 5.0 6.0
14 23.28125 21.0 5.54296875 5.0 6.0
15 23.28125 21.0 5.54296875 5.0 6.0
16 23.28125 21.0 5.4873046875 5.0 6.0
17 23.28125 21.0 5.4873046875 5.0 6.0
18 23.28125 21.0 5.4873046875 5.0 6.0
19 23.28125 21.0 5.4873046875 5.0 6.0
20 23.28125 21.0 5.4287109375 5.0 6.0
21 23.28125 21.0 5.4287109375 5.0 6.0
22 36.3671875 32.0 5.4287109375 5.0 6.0
23 36.3671875 32.0 5.4287109375 5.0 6.0
24 36.3671875 32.0 5.4287109375 5.0 6.0
25 36.3671875 32.0 5.4287109375 5.0 6.0
26 36.3671875 32.0 4.6103515625 4.0 6.0
27 36.3671875 32.0 4.6103515625 4.0 6.0
28 36.3671875 32.0 4.6103515625 4.0 6.0
29 36.3671875 32.0 4.6103515625 4.0 6.0
30 36.3671875 32.0 4.6103515625 4.0 6.0
31 36.3671875 32.0 4.6103515625 4.0 6.0
32 36.3671875 32.0 4.6103515625 4.0 6.0
33 36.3671875 32.0 4.6103515625 4.0 6.0
34 36.3671875 32.0 4.6103515625 4.0 6.0
35 36.3671875 32.0 4.6103515625 4.0 6.0
36 36.3671875 32.0 4.6103515625 4.0 6.0
37 36.3671875 32.0 4.6103515625 4.0 6.0
38 36.3671875 32.0 4.6103515625 4.0 6.0
39 36.3671875 32.0 4.6103515625 4.0 6.0
40 36.3671875 32.0 4.6103515625 4.0 6.0
41 36.3671875 32.0 4.6103515625 4.0 6.0
42 36.3671875 32.0 4.6103515625 4.0 6.0
43 36.3671875 32.0 4.6103515625 4.0 6.0
44 36.3671875 32.0 4.6103515625 4.0 6.0
45 36.3671875 32.0 4.6103515625 4.0 6.0
46 36.3671875 32.0 4.6103515625 4.0 6.0
47 36.3671875 32.0 4.6103515625 4.0 6.0
48 36.3671875 32.0 4.6103515625 4.0 6.0
49 36.3671875 32.0 4.6103515625 4.0 6.0
50 36.3671875 32.0 4.6103515625 4.0 6.0
51 36.3671875 32.0 4.6103515625 4.0 6.0
52 36.3671875 32.0 4.6103515625 4.0 6.0
53 36.3671875 32.0 4.6103515625 4.0 6.0
54 36.3671875 32.0 4.6103515625 4.0 6.0
55 36.3671875 32.0 4.6103515625 4.0 6.0
56 36.3671875 32.0 4.6103515625 4.0 6.0
57 36.3671875 32.0 4.6103515625 4.0 6.0
58 36.3671875 32.0 4.6103515625 4.0 6.0
59 36.3671875 32.0 4.6103515625 4.0 6.0
60 36.3671875 32.0 4.6103515625 4.0 6.0
61 36.3671875 32.0 4.6103515625 4.0 6.0
62 36.3671875 32.0 4.6103515625 4.0 6.0
63 36.3671875 32.0 4.6103515625 4.0 6.0
64 36.3671875 32.0 4.6103515625 4.0 6.0
65 36.3671875 32.0 4.6103515625 4.0 6.0
66 36.3671875 32.0 4.6103515625 4.0 6.0
67 36.3671875 32.0 4.6103515625 4.0 6.0
68 36.3671875 32.0 4.6103515625 4.0 6.0
69 36.3671875 32.0 4.6103515625 4.0 6.0
70 36.3671875 32.0 4.6103515625 4.0 6.0
71 36.3671875 32.0 4.6103515625 4.0 6.0
72 36.3671875 32.0 4.6103515625 4.0 6.0
73 36.3671875 32.0 4.6103515625 4.0 6.0
74 36.3671875 32.0 4.6103515625 4.0 6.0
75 36.3671875 32.0 4.6103515625 4.0 6.0
76 36.3671875 32.0 4.6103515625 4.0 6.0
77 36.3671875 32.0 4.6103515625 4.0 6.0
78 36.3671875 32.0 4.6103515625 4.0 6.0
79 36.3671875 32.0 4.6103515625 4.0 6.0
80 36.3671875 32.0 4.6103515625 4.0 6.0
81 36.3671875 32.0 4.6103515625 4.0 6.0
82 36.3671875 32.0 4.6103515625 4.0 6.0
83 36.3671875 32.0 4.6103515625 4.0 6.0
84 36.3671875 32.0 4.6103515625 4.0 6.0
85 36.3671875 32.0 4.6103515625 4.0 6.0
86 36.3671875 32.0 4.6103515625 4.0 6.0
87 36.3671875 32.0 4.6103515625 4.0 6.0
88 36.3671875 32.0 4.6103515625 4.0 6.0
89 36.3671875 32.0 4.6103515625 4.0 6.0
90 36.3671875 32.0 4.6103515625 4.0 6.0
91 36.3671875 32.0 4.6103515625 4.0 6.0
92 36.3671875 32.0 4.6103515625 4.0 6.0
93 36.3671875 32.0 4.6103515625 4.0 6.0
94 36.3671875 32.0 4.6103515625 4.0 6.0
95 36.3671875 32.0 4.6103515625 4.0 6.0
96 36.3671875 32.0 4.6103515625 4.0 6.0
97 36.3671875 32.0 4.6103515625 4.0 6.0
98 36.3671875 32.0 4.6103515625 4.0 6.0
99 36.3671875 32.0 4.6103515625 4.0 6.0
100 36.3671875 32.0 4.6103515625 4.0 6.0
101 36.3671875 32.0 4.6103515625 4.0 6.0
102 36.3671875 32.0 4.6103515625 4.0 6.0
103 36.3671875 32.0 4.6103515625 4.0 6.0
104 36.3671875 32.0 4.6103515625 4.0 6.0
105 36.3671875 32.0 4.6103515625 4.0 6.0
106 36.3671875 32.0 4.6103515625 4.0 6.0
107 36.3671875 32.0 4.6103515625 4.0 6.0
108 36.3671875 32.0 4.6103515625 4.0 6.0
109 36.3671875 32.0 4.6103515625 4.0 6.0
110 36.3671875 32.0 4.6103515625 4.0 6.0
111 36.3671875 32.0 4.6103515625 4.0 6.0
112 36.3671875 32.0 4.6103515625 4.0 6.0
113 36.3671875 32.0 4.6103515625 4.0 6.0
114 36.3671875 32.0 4.6103515625 4.0 6.0
115 36.3671875 32.0 4.6103515625 4.0 6.0
116 36.3671875 32.0 4.6103515625 4.0 6.0
117 36.3671875 32.0 4.6103515625 4.0 6.0
118 36.3671875 32.0 4.6103515625 4.0 6.0
119 36.3671875 32.0 4.6103515625 4.0 6.0
120 36.3671875 32.0 4.6103515625 4.0 6.0
121 36.3671875 32.0 4.6103515625 4.0 6.0
122 36.3671875 32.0 4.6103515625 4.0 6.0
123 36.3671875 32.0 4.6103515625 4.0 6.0
124 36.3671875 32.0 4.6103515625 4.0 6.0
125 36.3671875 32.0 4.6103515625 4.0 6.0
126 36.3671875 32.0 4.6103515625 4.0 6.0
127 36.3671875 32.0 4.6103515625 4.0 6.0
128 36.3671875 32.0 4.6103515625 4.0 6.0
129 36.3671875 32.0 4.6103515625 4.0 6.0
130 36.3671875 32.0 4.6103515625 4.0 6.0
131 36.3671875 32.0 4.6103515625 4.0 6.0
132 36.3671875 32.0 4.6103515625 4.0 6.0
133 36.3671875 32.0 4.6103515625 4.0 6.0
134 36.3671875 32.0 4.6103515625 4.0 6.0
135 36.3671875 32.0 4.6103515625 4.0 6.0
136 36.3671875 32.0 4.6103515625 4.0 6.0
137 36.3671875 32.0 4.6103515625 4.0 6.0
138 36.3671875 32.0 4.6103515625 4.0 6.0
139 36.3671875 32.0 4.6103515625 4.0 6.0
140 36.3671875 32.0 4.6103515625 4.0 6.0
141 36.3671875 32.0 4.6103515625 4.0 6.0
142 36.3671875 32.0 4.6103515625 4.0 6.0
143 36.3671875 32.0 4.6103515625 4.0 6.0
144 36.3671875 32.0 4.6103515625 4.0 6.0
145 36.3671875 32.0 4.6103515625 4.0 6.0
146 36.3671875 32.0 4.6103515625 4.0 6.0
147 36.3671875 32.0 4.6103515625 4.0 6.0
148 36.3671875 32.0 4.404296875 4.0 6.0
149 36.3671875 32.0 4.404296875 4.0 6.0
150 36.3671875 32.0 4.400390625 4.0 6.0
151 36.3671875 32.0 4.400390625 4.0 6.0
152 36.3671875 32.0 4.39453125 4.0 6.0
153 36.3671875 32.0 4.39453125 4.0 6.0
154 36.3671875 32.0 4.38671875 4.0 6.0
155 36.3671875 32.0 4.38671875 4.0 6.0
156 36.3671875 32.0 4.380859375 4.0 6.0
157 36.3671875 32.0 4.380859375 4.0 6.0
158 36.3671875 32.0 4.37109375 4.0 6.0
159 36.3671875 32.0 4.37109375 4.0 6.0
160 40.5869140625 39.0 0.6826171875 0.0 6.0
161 40.5869140625 39.0 0.6826171875 0.0 6.0
162 40.5869140625 39.0 0.6826171875 0.0 6.0
163 40.5869140625 39.0 0.6826171875 0.0 6.0
164 40.5869140625 39.0 0.6826171875 0.0 6.0
165 40.5869140625 39.0 0.6826171875 0.0 6.0
166 40.5869140625 39.0 0.6826171875 0.0 6.0
167 40.5869140625 39.0 0.6826171875 0.0 6.0
168 40.5869140625 39.0 0.6826171875 0.0 6.0
169 40.5869140625 39.0 0.6826171875 0.0 6.0
170 40.5869140625 39.0 0.6826171875 0.0 6.0
171 40.5869140625 39.0 0.6826171875 0.0 6.0
172 40.5869140625 39.0 0.6826171875 0.0 6.0
173 40.5869140625 39.0 0.6826171875 0.0 6.0
174 40.5869140625 39.0 0.6826171875 0.0 6.0
175 40.5869140625 39.0 0.6826171875 0.0 6.0
176 40.5869140625 39.0 0.6826171875 0.0 6.0
177 40.5869140625 39.0 0.6826171875 0.0 6.0
178 40.5869140625 39.0 0.6826171875 0.0 6.0
179 40.5869140625 39.0 0.6826171875 0.0 6.0
180 40.5869140625 39.0 0.6826171875 0.0 6.0
181 40.5869140625 39.0 0.6826171875 0.0 6.0
182 40.5869140625 39.0 0.6826171875 0.0 6.0
183 40.5869140625 39.0 0.6826171875 0.0 6.0
184 40.5869140625 39.0 0.6826171875 0.0 6.0
185 40.5869140625 39.0 0.6826171875 0.0 6.0
186 40.5869140625 39.0 0.6826171875 0.0 6.0
187 40.5869140625 39.0 0.6826171875 0.0 6.0
188 40.5869140625 39.0 0.6826171875 0.0 6.0
189 40.5869140625 39.0 0.6826171875 0.0 6.0
190 40.5869140625 39.0 0.6826171875 0.0 6.0
191 40.5869140625 39.0 0.6826171875 0.0 6.0
192 40.5869140625 39.0 0.6826171875 0.0 6.0
193 40.5869140625 39.0 0.6826171875 0.0 6.0
194 40.5869140625 39.0 0.6826171875 0.0 6.0
195 40.5869140625 39.0 0.6826171875 0.0 6.0
196 40.5869140625 39.0 0.6826171875 0.0 6.0
197 40.5869140625 39.0 0.6826171875 0.0 6.0
198 40.5869140625 39.0 0.6826171875 0.0 6.0
199 40.5869140625 39.0 0.6826171875 0.0 6.0
200 40.5869140625 39.0 0.6826171875 0.0 6.0
201 40.5869140625 39.0 0.6826171875 0.0 6.0
202 40.5869140625 39.0 0.6826171875 0.0 6.0
203 40.5869140625 39.0 0.6826171875 0.0 6.0
204 40.5869140625 39.0 0.6826171875 0.0 6.0
205 40.5869140625 39.0 0.6826171875 0.0 6.0
206 40.5869140625 39.0 0.6826171875 0.0 6.0
207 40.5869140625 39.0 0.6826171875 0.0 6.0
208 40.5869140625 39.0 0.6826171875 0.0 6.0
209 40.5869140625 39.0 0.6826171875 0.0 6.0
210 40.5869140625 39.0 0.6826171875 0.0 6.0
211 40.5869140625 39.0 0.6826171875 0.0 6.0
212 40.5869140625 39.0 0.6826171875 0.0 6.0
213 40.5869140625 39.0 0.6826171875 0.0 6.0
214 40.5869140625 39.0 0.6826171875 0.0 6.0
215 40.5869140625 39.0 0.6826171875 0.0 6.0
216 40.5869140625 39.0 0.6826171875 0.0 6.0
217 40.5869140625 39.0 0.6826171875 0.0 6.0
218 40.5869140625 39.0 0.6826171875 0.0 6.0
219 40.5869140625 39.0 0.6826171875 0.0 6.0
220 40.5869140625 39.0 0.6826171875 0.0 6.0
221 40.5869140625 39.0 0.6826171875 0.0 6.0
222 40.5869140625 39.0 0.6826171875 0.0 6.0
223 40.5869140625 39.0 0.6826171875 0.0 6.0
224 40.5869140625 39.0 0.6826171875 0.0 6.0
225 40.5869140625 39.0 0.6826171875 0.0 6.0
226 40.5869140625 39.0 0.6826171875 0.0 6.0
227 40.5869140625 39.0 0.6826171875 0.0 6.0
228 40.5869140625 39.0 0.6826171875 0.0 6.0
229 40.5869140625 39.0 0.6826171875 0.0 6.0
230 40.5869140625 39.0 0.6826171875 0.0 6.0
231 40.5869140625 39.0 0.6826171875 0.0 6.0
232 40.5869140625 39.0 0.6826171875 0.0 6.0
233 40.5869140625 39.0 0.6826171875 0.0 6.0
234 40.5869140625 39.0 0.6826171875 0.0 6.0
235 40.5869140625 39.0 0.6826171875 0.0 6.0
236 40.5869140625 39.0 0.6826171875 0.0 6.0
237 40.5869140625 39.0 0.6826171875 0.0 6.0
238 40.5869140625 39.0 0.6826171875 0.0 6.0
239 40.5869140625 39.0 0.6826171875 0.0 6.0
240 40.5869140625 39.0 0.6826171875 0.0 6.0
241 40.5869140625 39.0 0.6826171875 0.0 6.0
242 75.40234375 72.0 0.6220703125 0.0 2.0
243 75.40234375 72.0 0.6220703125 0.0 2.0
244 75.40234375 72.0 0.6220703125 0.0 2.0
245 75.40234375 72.0 0.6220703125 0.0 2.0
246 75.40234375 72.0 0.6220703125 0.0 2.0
247 75.40234375 72.0 0.6220703125 0.0 2.0
248 75.40234375 72.0 0.6220703125 0.0 2.0
249 75.40234375 72.0 0.6220703125 0.0 2.0
250 75.40234375 72.0 0.6220703125 0.0 2.0
251 75.40234375 72.0 0.6220703125 0.0 2.0
252 75.40234375 72.0 0.6220703125 0.0 2.0
253 75.40234375 72.0 0.6220703125 0.0 2.0
254 75.40234375 72.0 0.6220703125 0.0 2.0
255 75.40234375 72.0 0.6220703125 0.0 2.0
256 75.40234375 72.0 0.6220703125 0.0 2.0
257 75.40234375 72.0 0.6220703125 0.0 2.0
258 75.40234375 72.0 0.6220703125 0.0 2.0
259 75.40234375 72.0 0.6220703125 0.0 2.0
260 75.40234375 72.0 0.6220703125 0.0 2.0
261 75.40234375 72.0 0.6220703125 0.0 2.0
262 75.40234375 72.0 0.6220703125 0.0 2.0
263 75.40234375 72.0 0.6220703125 0.0 2.0
264 75.40234375 72.0 0.6220703125 0.0 2.0
265 75.40234375 72.0 0.6220703125 0.0 2.0
266 75.40234375 72.0 0.6220703125 0.0 2.0
267 75.40234375 72.0 0.6220703125 0.0 2.0
268 75.40234375 72.0 0.6220703125 0.0 2.0
269 75.40234375 72.0 0.6220703125 0.0 2.0
270 75.40234375 72.0 0.6220703125 0.0 2.0
271 75.40234375 72.0 0.6220703125 0.0 2.0
272 75.40234375 72.0 0.6220703125 0.0 2.0
273 75.40234375 72.0 0.6220703125 0.0 2.0
274 75.40234375 72.0 0.6220703125 0.0 2.0
275 75.40234375 72.0 0.6220703125 0.0 2.0
276 75.40234375 72.0 0.6220703125 0.0 2.0
277 75.40234375 72.0 0.6220703125 0.0 2.0
278 75.40234375 72.0 0.6220703125 0.0 2.0
279 75.40234375 72.0 0.6220703125 0.0 2.0
280 75.40234375 72.0 0.6220703125 0.0 2.0
281 75.40234375 72.0 0.6220703125 0.0 2.0
282 75.40234375 72.0 0.6220703125 0.0 2.0
283 75.40234375 72.0 0.6220703125 0.0 2.0
284 75.40234375 72.0 0.6220703125 0.0 2.0
285 75.40234375 72.0 0.6220703125 0.0 2.0
286 75.40234375 72.0 0.6220703125 0.0 2.0
287 75.40234375 72.0 0.6220703125 0.0 2.0
288 75.40234375 72.0 0.6220703125 0.0 2.0
289 75.40234375 72.0 0.6220703125 0.0 2.0
290 75.40234375 72.0 0.6220703125 0.0 2.0
291 75.40234375 72.0 0.6220703125 0.0 2.0
292 75.40234375 72.0 0.6220703125 0.0 2.0
293 75.40234375 72.0 0.6220703125 0.0 2.0
294 75.40234375 72.0 0.6220703125 0.0 2.0
295 75.40234375 72.0 0.6220703125 0.0 2.0
296 75.40234375 72.0 0.6220703125 0.0 2.0
297 75.40234375 72.0 0.6220703125 0.0 2.0
298 75.40234375 72.0 0.6220703125 0.0 2.0
299 75.40234375 72.0 0.6220703125 0.0 2.0
300 75.40234375 72.0 0.6220703125 0.0 2.0
301 75.40234375 72.0 0.6220703125 0.0 2.0
302 75.40234375 72.0 0.6220703125 0.0 2.0
303 75.40234375 72.0 0.6220703125 0.0 2.0
304 75.40234375 72.0 0.6220703125 0.0 2.0
305 75.40234375 72.0 0.6220703125 0.0 2.0
306 75.40234375 72.0 0.6220703125 0.0 2.0
307 75.40234375 72.0 0.6220703125 0.0 2.0
308 75.40234375 72.0 0.6220703125 0.0 2.0
309 75.40234375 72.0 0.6220703125 0.0 2.0
310 75.40234375 72.0 0.6220703125 0.0 2.0
311 75.40234375 72.0 0.6220703125 0.0 2.0
312 75.40234375 72.0 0.6220703125 0.0 2.0
313 75.40234375 72.0 0.6220703125 0.0 2.0
314 75.40234375 72.0 0.6220703125 0.0 2.0
315 75.40234375 72.0 0.6220703125 0.0 2.0
316 75.40234375 72.0 0.6220703125 0.0 2.0
317 75.40234375 72.0 0.6220703125 0.0 2.0
318 75.40234375 72.0 0.6220703125 0.0 2.0
319 75.40234375 72.0 0.6220703125 0.0 2.0
320 75.40234375 72.0 0.6220703125 0.0 2.0
321 75.40234375 72.0 0.6220703125 0.0 2.0
322 75.40234375 72.0 0.6220703125 0.0 2.0
323 75.40234375 72.0 0.6220703125 0.0 2.0
324 75.40234375 72.0 0.6220703125 0.0 2.0
325 75.40234375 72.0 0.6220703125 0.0 2.0
326 75.40234375 72.0 0.6220703125 0.0 2.0
327 75.40234375 72.0 0.6220703125 0.0 2.0
328 75.40234375 72.0 0.6220703125 0.0 2.0
329 75.40234375 72.0 0.6220703125 0.0 2.0
330 75.40234375 72.0 0.6220703125 0.0 2.0
331 75.40234375 72.0 0.6220703125 0.0 2.0
332 75.40234375 72.0 0.6220703125 0.0 2.0
333 75.40234375 72.0 0.6220703125 0.0 2.0
334 75.40234375 72.0 0.6220703125 0.0 2.0
335 75.40234375 72.0 0.6220703125 0.0 2.0
336 75.40234375 72.0 0.6220703125 0.0 2.0
337 75.40234375 72.0 0.6220703125 0.0 2.0
338 75.40234375 72.0 0.6220703125 0.0 2.0
339 75.40234375 72.0 0.6220703125 0.0 2.0
340 75.40234375 72.0 0.6220703125 0.0 2.0
341 75.40234375 72.0 0.6220703125 0.0 2.0
342 75.40234375 72.0 0.6220703125 0.0 2.0
343 75.40234375 72.0 0.6220703125 0.0 2.0
344 75.40234375 72.0 0.6220703125 0.0 2.0
345 75.40234375 72.0 0.6220703125 0.0 2.0
346 75.40234375 72.0 0.6220703125 0.0 2.0
347 75.40234375 72.0 0.6220703125 0.0 2.0
348 75.40234375 72.0 0.6220703125 0.0 2.0
349 75.40234375 72.0 0.6220703125 0.0 2.0
350 75.40234375 72.0 0.6220703125 0.0 2.0
351 75.40234375 72.0 0.6220703125 0.0 2.0
352 75.40234375 72.0 0.6220703125 0.0 2.0
353 75.40234375 72.0 0.6220703125 0.0 2.0
354 75.40234375 72.0 0.6220703125 0.0 2.0
355 75.40234375 72.0 0.6220703125 0.0 2.0
356 76.1484375 72.0 0.5390625 0.0 2.0
357 76.1484375 72.0 0.5390625 0.0 2.0
358 76.1484375 72.0 0.5390625 0.0 2.0
359 76.1484375 72.0 0.5390625 0.0 2.0
360 76.1484375 72.0 0.5390625 0.0 2.0
361 76.1484375 72.0 0.5390625 0.0 2.0
362 76.1484375 72.0 0.5390625 0.0 2.0
363 76.1484375 72.0 0.5390625 0.0 2.0
364 76.1484375 72.0 0.5390625 0.0 2.0
365 76.1484375 72.0 0.5390625 0.0 2.0
366 76.1484375 72.0 0.5390625 0.0 2.0
367 76.1484375 72.0 0.5390625 0.0 2.0
368 76.1484375 72.0 0.5390625 0.0 2.0
369 76.1484375 72.0 0.5390625 0.0 2.0
370 76.1484375 72.0 0.5390625 0.0 2.0
371 76.1484375 72.0 0.5390625 0.0 2.0
372 76.1484375 72.0 0.5390625 0.0 2.0
373 76.1484375 72.0 0.5390625 0.0 2.0
374 76.1484375 72.0 0.5390625 0.0 2.0
375 76.1484375 72.0 0.5390625 0.0 2.0
376 76.1484375 72.0 0.5390625 0.0 2.0
377 76.1484375 72.0 0.5390625 0.0 2.0
378 76.1484375 72.0 0.5390625 0.0 2.0
379 76.1484375 72.0 0.5390625 0.0 2.0
380 76.1484375 72.0 0.5390625 0.0 2.0
381 76.1484375 72.0 0.5390625 0.0 2.0
382 76.1484375 72.0 0.5390625 0.0 2.0
383 76.1484375 72.0 0.5390625 0.0 2.0
384 76.1484375 72.0 0.5390625 0.0 2.0
385 76.1484375 72.0 0.5390625 0.0 2.0
386 76.1484375 72.0 0.5390625 0.0 2.0
387 76.1484375 72.0 0.5390625 0.0 2.0
388 76.1484375 72.0 0.5390625 0.0 2.0
389 76.1484375 72.0 0.5390625 0.0 2.0
390 76.1484375 72.0 0.5390625 0.0 2.0
391 76.1484375 72.0 0.5390625 0.0 2.0
392 76.1484375 72.0 0.5390625 0.0 2.0
393 76.1484375 72.0 0.5390625 0.0 2.0
394 76.1484375 72.0 0.5390625 0.0 2.0
395 76.1484375 72.0 0.5390625 0.0 2.0
396 76.1484375 72.0 0.5390625 0.0 2.0
397 76.1484375 72.0 0.5390625 0.0 2.0
398 76.1484375 72.0 0.5390625 0.0 2.0
399 76.1484375 72.0 0.5390625 0.0 2.0
400 76.1484375 72.0 0.5390625 0.0 2.0
401 76.1484375 72.0 0.5390625 0.0 2.0
402 76.1484375 72.0 0.5390625 0.0 2.0
403 76.1484375 72.0 0.5390625 0.0 2.0
404 76.1484375 72.0 0.5390625 0.0 2.0
405 76.46484375 72.0 0.50390625 0.0 2.0
406 76.46484375 72.0 0.50390625 0.0 2.0
407 76.46484375 72.0 0.50390625 0.0 2.0
408 76.46484375 72.0 0.50390625 0.0 2.0
409 76.46484375 72.0 0.50390625 0.0 2.0
410 76.46484375 72.0 0.50390625 0.0 2.0
411 76.46484375 72.0 0.50390625 0.0 2.0
412 76.46484375 72.0 0.50390625 0.0 2.0
413 76.46484375 72.0 0.50390625 0.0 2.0
414 76.46484375 72.0 0.50390625 0.0 2.0
415 76.46484375 72.0 0.50390625 0.0 2.0
416 76.46484375 72.0 0.50390625 0.0 2.0
417 76.46484375 72.0 0.50390625 0.0 2.0
418 76.46484375 72.0 0.50390625 0.0 2.0
419 76.46484375 72.0 0.50390625 0.0 2.0
420 76.46484375 72.0 0.50390625 0.0 2.0
421 76.46484375 72.0 0.50390625 0.0 2.0
422 76.46484375 72.0 0.50390625 0.0 2.0
423 76.46484375 72.0 0.50390625 0.0 2.0
424 76.46484375 72.0 0.50390625 0.0 2.0
425 76.46484375 72.0 0.50390625 0.0 2.0
426 76.46484375 72.0 0.50390625 0.0 2.0
427 76.46484375 72.0 0.50390625 0.0 2.0
428 76.46484375 72.0 0.50390625 0.0 2.0
429 76.46484375 72.0 0.50390625 0.0 2.0
430 76.46484375 72.0 0.50390625 0.0 2.0
431 76.46484375 72.0 0.50390625 0.0 2.0
432 76.46484375 72.0 0.50390625 0.0 2.0
433 76.46484375 72.0 0.50390625 0.0 2.0
434 76.46484375 72.0 0.50390625 0.0 2.0
435 76.46484375 72.0 0.50390625 0.0 2.0
436 76.46484375 72.0 0.50390625 0.0 2.0
437 76.46484375 72.0 0.50390625 0.0 2.0
438 76.46484375 72.0 0.50390625 0.0 2.0
439 76.46484375 72.0 0.50390625 0.0 2.0
440 76.46484375 72.0 0.50390625 0.0 2.0
441 76.46484375 72.0 0.50390625 0.0 2.0
442 76.46484375 72.0 0.50390625 0.0 2.0
443 76.46484375 72.0 0.50390625 0.0 2.0
444 76.46484375 72.0 0.50390625 0.0 2.0
445 76.46484375 72.0 0.50390625 0.0 2.0
446 76.46484375 72.0 0.50390625 0.0 2.0
447 76.46484375 72.0 0.50390625 0.0 2.0
448 76.46484375 72.0 0.50390625 0.0 2.0
449 76.46484375 72.0 0.50390625 0.0 2.0
450 76.46484375 72.0 0.50390625 0.0 2.0
451 76.46484375 72.0 0.50390625 0.0 2.0
452 76.46484375 72.0 0.50390625 0.0 2.0
453 76.46484375 72.0 0.50390625 0.0 2.0
454 76.46484375 72.0 0.50390625 0.0 2.0
455 76.46484375 72.0 0.50390625 0.0 2.0
456 76.46484375 72.0 0.50390625 0.0 2.0
457 76.46484375 72.0 0.50390625 0.0 2.0
458 76.46484375 72.0 0.50390625 0.0 2.0
459 76.46484375 72.0 0.50390625 0.0 2.0
460 76.46484375 72.0 0.50390625 0.0 2.0
461 76.46484375 72.0 0.50390625 0.0 2.0
462 76.46484375 72.0 0.50390625 0.0 2.0
463 76.46484375 72.0 0.50390625 0.0 2.0
464 76.46484375 72.0 0.50390625 0.0 2.0
465 76.46484375 72.0 0.50390625 0.0 2.0
466 76.46484375 72.0 0.50390625 0.0 2.0
467 76.46484375 72.0 0.50390625 0.0 2.0
468 76.46484375 72.0 0.50390625 0.0 2.0
469 76.46484375 72.0 0.50390625 0.0 2.0
470 76.46484375 72.0 0.50390625 0.0 2.0
471 76.46484375 72.0 0.50390625 0.0 2.0
472 76.46484375 72.0 0.50390625 0.0 2.0
473 76.46484375 72.0 0.50390625 0.0 2.0
474 76.46484375 72.0 0.50390625 0.0 2.0
475 76.46484375 72.0 0.50390625 0.0 2.0
476 76.46484375 72.0 0.50390625 0.0 2.0
477 76.46484375 72.0 0.50390625 0.0 2.0
478 76.46484375 72.0 0.50390625 0.0 2.0
479 76.46484375 72.0 0.50390625 0.0 2.0
480 76.46484375 72.0 0.50390625 0.0 2.0
481 76.46484375 72.0 0.50390625 0.0 2.0
482 76.46484375 72.0 0.50390625 0.0 2.0
483 76.46484375 72.0 0.50390625 0.0 2.0
484 76.46484375 72.0 0.50390625 0.0 2.0
485 76.46484375 72.0 0.50390625 0.0 2.0
486 76.46484375 72.0 0.50390625 0.0 2.0
487 76.46484375 72.0 0.50390625 0.0 2.0
488 76.46484375 72.0 0.50390625 0.0 2.0
489 76.46484375 72.0 0.50390625 0.0 2.0
490 76.46484375 72.0 0.50390625 0.0 2.0
491 76.46484375 72.0 0.50390625 0.0 2.0
492 76.46484375 72.0 0.50390625 0.0 2.0
493 76.46484375 72.0 0.50390625 0.0 2.0
494 76.46484375 72.0 0.50390625 0.0 2.0
495 76.46484375 72.0 0.50390625 0.0 2.0
496 76.46484375 72.0 0.50390625 0.0 2.0
497 76.46484375 72.0 0.50390625 0.0 2.0
498 76.46484375 72.0 0.50390625 0.0 2.0
499 76.46484375 72.0 0.50390625 0.0 2.0
500 76.46484375 72.0 0.50390625 0.0 2.0
501 76.46484375 72.0 0.50390625 0.0 2.0
502 76.46484375 72.0 0.50390625 0.0 2.0
503 76.46484375 72.0 0.50390625 0.0 2.0
504 76.46484375 72.0 0.50390625 0.0 2.0
505 76.46484375 72.0 0.50390625 0.0 2.0
506 76.46484375 72.0 0.50390625 0.0 2.0
507 76.46484375 72.0 0.50390625 0.0 2.0
508 76.46484375 72.0 0.50390625 0.0 2.0
509 76.46484375 72.0 0.50390625 0.0 2.0
510 76.46484375 72.0 0.50390625 0.0 2.0
511 76.46484375 72.0 0.50390625 0.0 2.0
512 76.46484375 72.0 0.50390625 0.0 2.0
513 76.46484375 72.0 0.50390625 0.0 2.0
514 76.46484375 72.0 0.50390625 0.0 2.0
515 76.46484375 72.0 0.50390625 0.0 2.0
516 76.46484375 72.0 0.50390625 0.0 2.0
517 76.46484375 72.0 0.50390625 0.0 2.0
518 76.46484375 72.0 0.50390625 0.0 2.0
519 76.46484375 72.0 0.50390625 0.0 2.0
520 76.46484375 72.0 0.50390625 0.0 2.0
521 76.46484375 72.0 0.50390625 0.0 2.0
522 76.46484375 72.0 0.50390625 0.0 2.0
523 76.46484375 72.0 0.50390625 0.0 2.0
524 76.46484375 72.0 0.50390625 0.0 2.0
525 76.46484375 72.0 0.50390625 0.0 2.0
526 76.9130859375 72.0 0.4541015625 0.0 2.0
527 76.9130859375 72.0 0.4541015625 0.0 2.0
528 76.9130859375 72.0 0.4541015625 0.0 2.0
529 76.9130859375 72.0 0.4541015625 0.0 2.0
530 76.9130859375 72.0 0.4541015625 0.0 2.0
531 76.9130859375 72.0 0.4541015625 0.0 2.0
532 76.9130859375 72.0 0.4541015625 0.0 2.0
533 76.9130859375 72.0 0.4541015625 0.0 2.0
534 76.9130859375 72.0 0.4541015625 0.0 2.0
535 76.9130859375 72.0 0.4541015625 0.0 2.0
536 76.9130859375 72.0 0.4541015625 0.0 2.0
537 76.9130859375 72.0 0.4541015625 0.0 2.0
538 76.9130859375 72.0 0.4541015625 0.0 2.0
539 76.9130859375 72.0 0.4541015625 0.0 2.0
540 76.9130859375 72.0 0.4541015625 0.0 2.0
541 76.9130859375 72.0 0.4541015625 0.0 2.0
542 76.9130859375 72.0 0.4541015625 0.0 2.0
543 76.9130859375 72.0 0.4541015625 0.0 2.0
544 76.9130859375 72.0 0.4541015625 0.0 2.0
545 76.9130859375 72.0 0.4541015625 0.0 2.0
546 76.9130859375 72.0 0.4541015625 0.0 2.0
547 76.9130859375 72.0 0.4541015625 0.0 2.0
548 76.9130859375 72.0 0.4541015625 0.0 2.0
549 76.9130859375 72.0 0.4541015625 0.0 2.0
550 76.9130859375 72.0 0.4541015625 0.0 2.0
551 76.9130859375 72.0 0.4541015625 0.0 2.0
552 76.9130859375 72.0 0.4541015625 0.0 2.0
553 76.9130859375 72.0 0.4541015625 0.0 2.0
554 76.9130859375 72.0 0.4541015625 0.0 2.0
555 76.9130859375 72.0 0.4541015625 0.0 2.0
556 76.9130859375 72.0 0.4541015625 0.0 2.0
557 76.9130859375 72.0 0.4541015625 0.0 2.0
558 76.9130859375 72.0 0.4541015625 0.0 2.0
559 76.9130859375 72.0 0.4541015625 0.0 2.0
560 76.9130859375 72.0 0.4541015625 0.0 2.0
561 76.9130859375 72.0 0.4541015625 0.0 2.0
562 76.9130859375 72.0 0.4541015625 0.0 2.0
563 76.9130859375 72.0 0.4541015625 0.0 2.0
564 76.9130859375 72.0 0.4541015625 0.0 2.0
565 76.9130859375 72.0 0.4541015625 0.0 2.0
566 76.9130859375 72.0 0.4541015625 0.0 2.0
567 76.9130859375 72.0 0.4541015625 0.0 2.0
568 76.9130859375 72.0 0.4541015625 0.0 2.0
569 76.9130859375 72.0 0.4541015625 0.0 2.0
570 76.9130859375 72.0 0.4541015625 0.0 2.0
571 76.9130859375 72.0 0.4541015625 0.0 2.0
572 76.9130859375 72.0 0.4541015625 0.0 2.0
573 76.9130859375 72.0 0.4541015625 0.0 2.0
574 76.9130859375 72.0 0.4541015625 0.0 2.0
575 76.9130859375 72.0 0.4541015625 0.0 2.0
576 76.9130859375 72.0 0.4541015625 0.0 2.0
577 76.9130859375 72.0 0.4541015625 0.0 2.0
578 76.9130859375 72.0 0.4541015625 0.0 2.0
579 76.9130859375 72.0 0.4541015625 0.0 2.0
580 76.9130859375 72.0 0.4541015625 0.0 2.0
581 76.9130859375 72.0 0.4541015625 0.0 2.0
582 76.9130859375 72.0 0.4541015625 0.0 2.0
583 76.9130859375 72.0 0.4541015625 0.0 2.0
584 76.9130859375 72.0 0.4541015625 0.0 2.0
585 76.9130859375 72.0 0.4541015625 0.0 2.0
586 76.9130859375 72.0 0.4541015625 0.0 2.0
587 76.9130859375 72.0 0.4541015625 0.0 2.0
588 76.9130859375 72.0 0.4541015625 0.0 2.0
589 76.9130859375 72.0 0.4541015625 0.0 2.0
590 76.9130859375 72.0 0.4541015625 0.0 2.0
591 76.9130859375 72.0 0.4541015625 0.0 2.0
592 76.9130859375 72.0 0.4541015625 0.0 2.0
593 76.9130859375 72.0 0.4541015625 0.0 2.0
594 77.1416015625 72.0 0.4287109375 0.0 2.0
595 77.1416015625 72.0 0.4287109375 0.0 2.0
596 77.1416015625 72.0 0.4287109375 0.0 2.0
597 77.1416015625 72.0 0.4287109375 0.0 2.0
598 77.1416015625 72.0 0.4287109375 0.0 2.0
599 77.1416015625 72.0 0.4287109375 0.0 2.0
600 77.1416015625 72.0 0.4287109375 0.0 2.0
601 77.1416015625 72.0 0.4287109375 0.0 2.0
602 77.1416015625 72.0 0.4287109375 0.0 2.0
603 77.1416015625 72.0 0.4287109375 0.0 2.0
604 77.1416015625 72.0 0.4287109375 0.0 2.0
605 77.1416015625 72.0 0.4287109375 0.0 2.0
606 77.1416015625 72.0 0.4287109375 0.0 2.0
607 77.1416015625 72.0 0.4287109375 0.0 2.0
608 77.1416015625 72.0 0.4287109375 0.0 2.0
609 77.1416015625 72.0 0.4287109375 0.0 2.0
610 77.1416015625 72.0 0.4287109375 0.0 2.0
611 77.1416015625 72.0 0.4287109375 0.0 2.0
612 77.1416015625 72.0 0.4287109375 0.0 2.0
613 77.1416015625 72.0 0.4287109375 0.0 2.0
614 77.1416015625 72.0 0.4287109375 0.0 2.0
615 77.1416015625 72.0 0.4287109375 0.0 2.0
616 77.1416015625 72.0 0.4287109375 0.0 2.0
617 77.1416015625 72.0 0.4287109375 0.0 2.0
618 77.1416015625 72.0 0.4287109375 0.0 2.0
619 77.1416015625 72.0 0.4287109375 0.0 2.0
620 77.1416015625 72.0 0.4287109375 0.0 2.0
621 77.1416015625 72.0 0.4287109375 0.0 2.0
622 77.1416015625 72.0 0.4287109375 0.0 2.0
623 77.1416015625 72.0 0.4287109375 0.0 2.0
624 77.1416015625 72.0 0.4287109375 0.0 2.0
625 77.1416015625 72.0 0.4287109375 0.0 2.0
626 77.1416015625 72.0 0.4287109375 0.0 2.0
627 77.1416015625 72.0 0.4287109375 0.0 2.0
628 77.1416015625 72.0 0.4287109375 0.0 2.0
629 77.1416015625 72.0 0.4287109375 0.0 2.0
630 77.1416015625 72.0 0.4287109375 0.0 2.0
631 77.1416015625 72.0 0.4287109375 0.0 2.0
632 77.1416015625 72.0 0.4287109375 0.0 2.0
633 77.1416015625 72.0 0.4287109375 0.0 2.0
634 77.1416015625 72.0 0.4287109375 0.0 2.0
635 77.1416015625 72.0 0.4287109375 0.0 2.0
636 77.1416015625 72.0 0.4287109375 0.0 2.0
637 77.1416015625 72.0 0.4287109375 0.0 2.0
638 77.1416015625 72.0 0.4287109375 0.0 2.0
639 77.1416015625 72.0 0.4287109375 0.0 2.0
640 77.1416015625 72.0 0.4287109375 0.0 2.0
641 77.1416015625 72.0 0.4287109375 0.0 2.0
642 77.1416015625 72.0 0.4287109375 0.0 2.0
643 77.1416015625 72.0 0.4287109375 0.0 2.0
644 77.1416015625 72.0 0.4287109375 0.0 2.0
645 77.1416015625 72.0 0.4287109375 0.0 2.0
646 77.1416015625 72.0 0.4287109375 0.0 2.0
647 77.1416015625 72.0 0.4287109375 0.0 2.0
648 77.1416015625 72.0 0.4287109375 0.0 2.0
649 77.1416015625 72.0 0.4287109375 0.0 2.0
650 77.1416015625 72.0 0.4287109375 0.0 2.0
651 77.1416015625 72.0 0.4287109375 0.0 2.0
652 77.1416015625 72.0 0.4287109375 0.0 2.0
653 77.1416015625 72.0 0.4287109375 0.0 2.0
654 77.1416015625 72.0 0.4287109375 0.0 2.0
655 77.1416015625 72.0 0.4287109375 0.0 2.0
656 77.1416015625 72.0 0.4287109375 0.0 2.0
657 77.1416015625 72.0 0.4287109375 0.0 2.0
658 77.1416015625 72.0 0.4287109375 0.0 2.0
659 77.1416015625 72.0 0.4287109375 0.0 2.0
660 77.1416015625 72.0 0.4287109375 0.0 2.0
661 77.1416015625 72.0 0.4287109375 0.0 2.0
662 77.1416015625 72.0 0.4287109375 0.0 2.0
663 77.1416015625 72.0 0.4287109375 0.0 2.0
664 77.1416015625 72.0 0.4287109375 0.0 2.0
665 77.1416015625 72.0 0.4287109375 0.0 2.0
666 77.1416015625 72.0 0.4287109375 0.0 2.0
667 77.1416015625 72.0 0.4287109375 0.0 2.0
668 77.1416015625 72.0 0.4287109375 0.0 2.0
669 77.1416015625 72.0 0.4287109375 0.0 2.0
670 77.1416015625 72.0 0.4287109375 0.0 2.0
671 77.1416015625 72.0 0.4287109375 0.0 2.0
672 77.1416015625 72.0 0.4287109375 0.0 2.0
673 77.1416015625 72.0 0.4287109375 0.0 2.0
674 77.1416015625 72.0 0.4287109375 0.0 2.0
675 77.1416015625 72.0 0.4287109375 0.0 2.0
676 77.1416015625 72.0 0.4287109375 0.0 2.0
677 77.1416015625 72.0 0.4287109375 0.0 2.0
678 77.1416015625 72.0 0.4287109375 0.0 2.0
679 77.361328125 72.0 0.404296875 0.0 2.0
680 77.361328125 72.0 0.404296875 0.0 2.0
681 77.361328125 72.0 0.404296875 0.0 2.0
682 77.361328125 72.0 0.404296875 0.0 2.0
683 77.361328125 72.0 0.404296875 0.0 2.0
684 77.361328125 72.0 0.404296875 0.0 2.0
685 77.361328125 72.0 0.404296875 0.0 2.0
686 77.361328125 72.0 0.404296875 0.0 2.0
687 77.361328125 72.0 0.404296875 0.0 2.0
688 77.361328125 72.0 0.404296875 0.0 2.0
689 77.361328125 72.0 0.404296875 0.0 2.0
690 77.361328125 72.0 0.404296875 0.0 2.0
691 77.361328125 72.0 0.404296875 0.0 2.0
692 77.361328125 72.0 0.404296875 0.0 2.0
693 77.361328125 72.0 0.404296875 0.0 2.0
694 77.361328125 72.0 0.404296875 0.0 2.0
695 77.361328125 72.0 0.404296875 0.0 2.0
696 77.361328125 72.0 0.404296875 0.0 2.0
697 77.361328125 72.0 0.404296875 0.0 2.0
698 77.361328125 72.0 0.404296875 0.0 2.0
699 77.361328125 72.0 0.404296875 0.0 2.0
700 77.361328125 72.0 0.404296875 0.0 2.0
701 77.361328125 72.0 0.404296875 0.0 2.0
702 77.361328125 72.0 0.404296875 0.0 2.0
703 77.361328125 72.0 0.404296875 0.0 2.0
704 77.361328125 72.0 0.404296875 0.0 2.0
705 77.361328125 72.0 0.404296875 0.0 2.0
706 77.361328125 72.0 0.404296875 0.0 2.0
707 77.361328125 72.0 0.404296875 0.0 2.0
708 77.361328125 72.0 0.404296875 0.0 2.0
709 77.361328125 72.0 0.404296875 0.0 2.0
710 77.361328125 72.0 0.404296875 0.0 2.0
711 77.361328125 72.0 0.404296875 0.0 2.0
712 77.361328125 72.0 0.404296875 0.0 2.0
713 77.361328125 72.0 0.404296875 0.0 2.0
714 77.361328125 72.0 0.404296875 0.0 2.0
715 77.361328125 72.0 0.404296875 0.0 2.0
716 77.361328125 72.0 0.404296875 0.0 2.0
717 77.361328125 72.0 0.404296875 0.0 2.0
718 77.361328125 72.0 0.404296875 0.0 2.0
719 77.361328125 72.0 0.404296875 0.0 2.0
720 77.361328125 72.0 0.404296875 0.0 2.0
721 77.361328125 72.0 0.404296875 0.0 2.0
722 77.361328125 72.0 0.404296875 0.0 2.0
723 77.361328125 72.0 0.404296875 0.0 2.0
724 77.361328125 72.0 0.404296875 0.0 2.0
725 77.361328125 72.0 0.404296875 0.0 2.0
726 77.361328125 72.0 0.404296875 0.0 2.0
727 77.361328125 72.0 0.404296875 0.0 2.0
728 77.361328125 72.0 0.404296875 0.0 2.0
729 77.361328125 72.0 0.404296875 0.0 2.0
730 77.361328125 72.0 0.404296875 0.0 2.0
731 77.361328125 72.0 0.404296875 0.0 2.0
732 77.361328125 72.0 0.404296875 0.0 2.0
733 77.361328125 72.0 0.404296875 0.0 2.0
734 77.361328125 72.0 0.404296875 0.0 2.0
735 77.361328125 72.0 0.404296875 0.0 2.0
736 77.361328125 72.0 0.404296875 0.0 2.0
737 77.361328125 72.0 0.404296875 0.0 2.0
738 77.361328125 72.0 0.404296875 0.0 2.0
739 77.361328125 72.0 0.404296875 0.0 2.0
740 77.361328125 72.0 0.404296875 0.0 2.0
741 77.361328125 72.0 0.404296875 0.0 2.0
742 77.361328125 72.0 0.404296875 0.0 2.0
743 77.361328125 72.0 0.404296875 0.0 2.0
744 77.361328125 72.0 0.404296875 0.0 2.0
745 77.361328125 72.0 0.404296875 0.0 2.0
746 77.361328125 72.0 0.404296875 0.0 2.0
747 77.361328125 72.0 0.404296875 0.0 2.0
748 77.361328125 72.0 0.404296875 0.0 2.0
749 77.361328125 72.0 0.404296875 0.0 2.0
750 77.361328125 72.0 0.404296875 0.0 2.0
751 77.361328125 72.0 0.404296875 0.0 2.0
752 77.361328125 72.0 0.404296875 0.0 2.0
753 77.361328125 72.0 0.404296875 0.0 2.0
754 77.361328125 72.0 0.404296875 0.0 2.0
755 77.361328125 72.0 0.404296875 0.0 2.0
756 77.361328125 72.0 0.404296875 0.0 2.0
757 77.361328125 72.0 0.404296875 0.0 2.0
758 77.361328125 72.0 0.404296875 0.0 2.0
759 77.361328125 72.0 0.404296875 0.0 2.0
760 77.361328125 72.0 0.404296875 0.0 2.0
761 77.361328125 72.0 0.404296875 0.0 2.0
762 77.361328125 72.0 0.404296875 0.0 2.0
763 77.361328125 72.0 0.404296875 0.0 2.0
764 77.361328125 72.0 0.404296875 0.0 2.0
765 77.361328125 72.0 0.404296875 0.0 2.0
766 77.361328125 72.0 0.404296875 0.0 2.0
767 77.361328125 72.0 0.404296875 0.0 2.0
768 77.361328125 72.0 0.404296875 0.0 2.0
769 77.361328125 72.0 0.404296875 0.0 2.0
770 77.361328125 72.0 0.404296875 0.0 2.0
771 77.361328125 72.0 0.404296875 0.0 2.0
772 77.361328125 72.0 0.404296875 0.0 2.0
773 77.361328125 72.0 0.404296875 0.0 2.0
774 77.361328125 72.0 0.404296875 0.0 2.0
775 77.361328125 72.0 0.404296875 0.0 2.0
776 77.361328125 72.0 0.404296875 0.0 2.0
777 77.361328125 72.0 0.404296875 0.0 2.0
778 77.361328125 72.0 0.404296875 0.0 2.0
779 77.361328125 72.0 0.404296875 0.0 2.0
780 77.361328125 72.0 0.404296875 0.0 2.0
781 77.361328125 72.0 0.404296875 0.0 2.0
782 77.361328125 72.0 0.404296875 0.0 2.0
783 77.361328125 72.0 0.404296875 0.0 2.0
784 77.361328125 72.0 0.404296875 0.0 2.0
785 77.361328125 72.0 0.404296875 0.0 2.0
786 77.361328125 72.0 0.404296875 0.0 2.0
787 77.361328125 72.0 0.404296875 0.0 2.0
788 77.361328125 72.0 0.404296875 0.0 2.0
789 77.361328125 72.0 0.404296875 0.0 2.0
790 77.361328125 72.0 0.404296875 0.0 2.0
791 77.361328125 72.0 0.404296875 0.0 2.0
792 77.361328125 72.0 0.404296875 0.0 2.0
793 77.361328125 72.0 0.404296875 0.0 2.0
794 77.361328125 72.0 0.404296875 0.0 2.0
795 77.361328125 72.0 0.404296875 0.0 2.0
796 77.361328125 72.0 0.404296875 0.0 2.0
797 77.361328125 72.0 0.404296875 0.0 2.0
798 77.361328125 72.0 0.404296875 0.0 2.0
799 77.361328125 72.0 0.404296875 0.0 2.0
800 77.361328125 72.0 0.404296875 0.0 2.0
801 77.361328125 72.0 0.404296875 0.0 2.0
802 77.361328125 72.0 0.404296875 0.0 2.0
803 77.361328125 72.0 0.404296875 0.0 2.0
804 77.361328125 72.0 0.404296875 0.0 2.0
805 77.361328125 72.0 0.404296875 0.0 2.0
806 77.361328125 72.0 0.404296875 0.0 2.0
807 77.361328125 72.0 0.404296875 0.0 2.0
808 77.361328125 72.0 0.404296875 0.0 2.0
809 77.361328125 72.0 0.404296875 0.0 2.0
810 77.361328125 72.0 0.404296875 0.0 2.0
811 77.361328125 72.0 0.404296875 0.0 2.0
812 77.361328125 72.0 0.404296875 0.0 2.0
813 77.361328125 72.0 0.404296875 0.0 2.0
814 77.361328125 72.0 0.404296875 0.0 2.0
815 77.361328125 72.0 0.404296875 0.0 2.0
816 77.361328125 72.0 0.404296875 0.0 2.0
817 77.361328125 72.0 0.404296875 0.0 2.0
818 77.361328125 72.0 0.404296875 0.0 2.0
819 77.361328125 72.0 0.404296875 0.0 2.0
820 77.361328125 72.0 0.404296875 0.0 2.0
821 77.361328125 72.0 0.404296875 0.0 2.0
822 77.361328125 72.0 0.404296875 0.0 2.0
823 77.361328125 72.0 0.404296875 0.0 2.0
824 77.361328125 72.0 0.404296875 0.0 2.0
825 77.361328125 72.0 0.404296875 0.0 2.0
826 77.361328125 72.0 0.404296875 0.0 2.0
827 77.361328125 72.0 0.404296875 0.0 2.0
828 77.361328125 72.0 0.404296875 0.0 2.0
829 77.361328125 72.0 0.404296875 0.0 2.0
830 77.361328125 72.0 0.404296875 0.0 2.0
831 77.361328125 72.0 0.404296875 0.0 2.0
832 77.361328125 72.0 0.404296875 0.0 2.0
833 77.361328125 72.0 0.404296875 0.0 2.0
834 77.361328125 72.0 0.404296875 0.0 2.0
835 77.361328125 72.0 0.3681640625 0.0 2.0
836 77.361328125 72.0 0.3681640625 0.0 2.0
837 77.6875 72.0 0.3681640625 0.0 2.0
838 77.6875 72.0 0.3662109375 0.0 2.0
839 77.6875 72.0 0.3662109375 0.0 2.0
840 77.6875 72.0 0.3662109375 0.0 2.0
841 77.6875 72.0 0.365234375 0.0 2.0
842 77.6875 72.0 0.365234375 0.0 2.0
843 77.6875 72.0 0.365234375 0.0 2.0
844 77.6875 72.0 0.365234375 0.0 2.0
845 77.6875 72.0 0.365234375 0.0 2.0
846 77.712890625 72.0 0.365234375 0.0 2.0
847 77.720703125 72.0 0.3642578125 0.0 2.0
848 77.720703125 72.0 0.3642578125 0.0 2.0
849 77.7216796875 72.0 0.3642578125 0.0 2.0
850 77.7216796875 72.0 0.3642578125 0.0 2.0
851 77.7216796875 72.0 0.3642578125 0.0 2.0
852 77.7216796875 72.0 0.3642578125 0.0 2.0
853 77.7216796875 72.0 0.3642578125 0.0 2.0
854 77.7216796875 72.0 0.3642578125 0.0 2.0
855 77.7216796875 72.0 0.36328125 0.0 2.0
856 77.7216796875 72.0 0.36328125 0.0 2.0
857 77.7216796875 72.0 0.36328125 0.0 2.0
858 77.7392578125 72.0 0.3623046875 0.0 2.0
859 77.7392578125 72.0 0.3623046875 0.0 2.0
860 77.7392578125 72.0 0.3623046875 0.0 2.0
861 77.7392578125 72.0 0.3623046875 0.0 2.0
862 77.7392578125 72.0 0.3623046875 0.0 2.0
863 77.7392578125 72.0 0.3623046875 0.0 2.0
864 77.7392578125 72.0 0.3623046875 0.0 2.0
865 77.7392578125 72.0 0.3623046875 0.0 2.0
866 77.7392578125 72.0 0.3623046875 0.0 2.0
867 77.7392578125 72.0 0.3623046875 0.0 2.0
868 77.7392578125 72.0 0.3623046875 0.0 2.0
869 77.7392578125 72.0 0.3623046875 0.0 2.0
870 77.7392578125 72.0 0.3623046875 0.0 2.0
871 77.7392578125 72.0 0.3623046875 0.0 2.0
872 77.7392578125 72.0 0.3623046875 0.0 2.0
873 77.7392578125 72.0 0.3623046875 0.0 2.0
874 77.7392578125 72.0 0.3623046875 0.0 2.0
875 77.7392578125 72.0 0.3623046875 0.0 2.0
876 77.7392578125 72.0 0.3623046875 0.0 2.0
877 77.7392578125 72.0 0.361328125 0.0 2.0
878 77.7392578125 72.0 0.361328125 0.0 2.0
879 77.7568359375 72.0 0.3603515625 0.0 2.0
880 77.7724609375 72.0 0.3583984375 0.0 2.0
881 77.7724609375 72.0 0.3583984375 0.0 2.0
882 77.7724609375 72.0 0.357421875 0.0 2.0
883 77.7724609375 72.0 0.357421875 0.0 2.0
884 77.7724609375 72.0 0.3564453125 0.0 2.0
885 77.7724609375 72.0 0.3564453125 0.0 2.0
886 77.7724609375 72.0 0.3564453125 0.0 2.0
887 77.7724609375 72.0 0.353515625 0.0 2.0
888 77.7724609375 72.0 0.353515625 0.0 2.0
889 77.7724609375 72.0 0.3515625 0.0 2.0
890 77.7724609375 72.0 0.3515625 0.0 2.0
891 77.7724609375 72.0 0.349609375 0.0 2.0
892 77.7724609375 72.0 0.349609375 0.0 2.0
893 77.7724609375 72.0 0.349609375 0.0 2.0
894 77.7724609375 72.0 0.3486328125 0.0 2.0
895 77.7724609375 72.0 0.3486328125 0.0 2.0
896 77.7724609375 72.0 0.34765625 0.0 2.0
897 77.7724609375 72.0 0.34765625 0.0 2.0
898 77.7724609375 72.0 0.34765625 0.0 2.0
899 77.87109375 72.0 0.34765625 0.0 2.0
900 77.87109375 72.0 0.3466796875 0.0 2.0
901 77.87109375 72.0 0.3466796875 0.0 2.0
902 77.8798828125 72.0 0.3466796875 0.0 2.0
903 77.8798828125 72.0 0.345703125 0.0 2.0
904 77.8798828125 72.0 0.345703125 0.0 2.0
905 77.8798828125 72.0 0.345703125 0.0 2.0
906 77.888671875 72.0 0.345703125 0.0 2.0
907 77.888671875 72.0 0.345703125 0.0 2.0
908 77.888671875 72.0 0.3447265625 0.0 2.0
909 77.888671875 72.0 0.3447265625 0.0 2.0
910 77.8974609375 72.0 0.3447265625 0.0 2.0
911 77.8974609375 72.0 0.3447265625 0.0 2.0
912 77.8974609375 72.0 0.3427734375 0.0 2.0
913 77.8974609375 72.0 0.3427734375 0.0 2.0
914 77.8974609375 72.0 0.341796875 0.0 2.0
915 77.8974609375 72.0 0.341796875 0.0 2.0
916 77.8974609375 72.0 0.3388671875 0.0 2.0
917 77.8974609375 72.0 0.3388671875 0.0 2.0
918 77.8974609375 72.0 0.337890625 0.0 2.0
919 77.8974609375 72.0 0.337890625 0.0 2.0
920 77.8974609375 72.0 0.333984375 0.0 2.0
921 77.8974609375 72.0 0.333984375 0.0 2.0
922 77.994140625 72.0 0.333984375 0.0 2.0
923 77.994140625 72.0 0.333984375 0.0 2.0
924 77.994140625 72.0 0.333984375 0.0 2.0
925 77.994140625 72.0 0.333984375 0.0 2.0
926 77.994140625 72.0 0.333984375 0.0 2.0
927 77.994140625 72.0 0.333984375 0.0 2.0
928 77.994140625 72.0 0.33203125 0.0 2.0
929 77.994140625 72.0 0.33203125 0.0 2.0
930 77.994140625 72.0 0.33203125 0.0 2.0
931 78.01171875 72.0 0.33203125 0.0 2.0
932 78.01171875 72.0 0.330078125 0.0 2.0
933 78.01171875 72.0 0.330078125 0.0 2.0
934 78.01171875 72.0 0.328125 0.0 2.0
935 78.01171875 72.0 0.328125 0.0 2.0
936 78.01171875 72.0 0.328125 0.0 2.0
937 78.01171875 72.0 0.328125 0.0 2.0
938 78.046875 72.0 0.328125 0.0 2.0
939 78.0625 72.0 0.326171875 0.0 2.0
940 78.0625 72.0 0.326171875 0.0 2.0
941 78.0625 72.0 0.32421875 0.0 2.0
942 78.0625 72.0 0.32421875 0.0 2.0
943 78.099609375 72.0 0.322265625 0.0 2.0
944 78.099609375 72.0 0.322265625 0.0 2.0
945 78.099609375 72.0 0.3212890625 0.0 3.0
946 78.099609375 72.0 0.3212890625 0.0 3.0
947 78.099609375 72.0 0.3203125 0.0 3.0
948 78.099609375 72.0 0.3203125 0.0 3.0
949 78.099609375 72.0 0.3203125 0.0 3.0
950 78.099609375 72.0 0.3203125 0.0 3.0
951 78.099609375 72.0 0.3203125 0.0 3.0
952 78.099609375 72.0 0.3203125 0.0 3.0
953 78.099609375 72.0 0.3203125 0.0 3.0
954 78.099609375 72.0 0.3203125 0.0 3.0
955 78.099609375 72.0 0.3203125 0.0 3.0
956 78.099609375 72.0 0.3193359375 0.0 3.0
957 78.099609375 72.0 0.3193359375 0.0 3.0
958 78.099609375 72.0 0.3193359375 0.0 3.0
959 78.099609375 72.0 0.3154296875 0.0 3.0
960 78.1611328125 72.0 0.3154296875 0.0 2.0
961 78.1611328125 72.0 0.3154296875 0.0 2.0
962 78.1611328125 72.0 0.3154296875 0.0 2.0
963 78.1611328125 72.0 0.3154296875 0.0 2.0
964 78.1611328125 72.0 0.314453125 0.0 2.0
965 78.1611328125 72.0 0.314453125 0.0 2.0
966 78.1865234375 72.0 0.3125 0.0 2.0
967 78.1865234375 72.0 0.3125 0.0 2.0
968 78.1865234375 72.0 0.3095703125 0.0 2.0
969 78.1865234375 72.0 0.3095703125 0.0 2.0
970 78.1865234375 72.0 0.30859375 0.0 2.0
971 78.1865234375 72.0 0.30859375 0.0 2.0
972 78.1865234375 72.0 0.3056640625 0.0 2.0
973 78.1865234375 72.0 0.3056640625 0.0 2.0
974 78.1865234375 72.0 0.3037109375 0.0 2.0
975 78.1865234375 72.0 0.3037109375 0.0 2.0
976 78.1865234375 72.0 0.302734375 0.0 2.0
977 78.1865234375 72.0 0.302734375 0.0 2.0
978 78.1865234375 72.0 0.3017578125 0.0 2.0
979 78.1865234375 72.0 0.3017578125 0.0 2.0
980 78.1865234375 72.0 0.3017578125 0.0 2.0
981 78.1865234375 72.0 0.3017578125 0.0 2.0
982 78.1865234375 72.0 0.3017578125 0.0 2.0
983 78.3017578125 72.0 0.2998046875 0.0 2.0
984 78.3017578125 72.0 0.2998046875 0.0 2.0
985 78.3017578125 72.0 0.2998046875 0.0 2.0
986 78.318359375 72.0 0.2978515625 0.0 2.0
987 78.318359375 72.0 0.2978515625 0.0 2.0
988 78.3623046875 72.0 0.29296875 0.0 2.0
989 78.3623046875 72.0 0.29296875 0.0 2.0
990 78.3623046875 72.0 0.2919921875 0.0 2.0
991 78.3623046875 72.0 0.2919921875 0.0 2.0
992 78.3623046875 72.0 0.2900390625 0.0 2.0
993 78.3623046875 72.0 0.2900390625 0.0 2.0
994 78.3623046875 72.0 0.2900390625 0.0 2.0
995 78.3623046875 72.0 0.2900390625 0.0 2.0
996 78.3623046875 72.0 0.2900390625 0.0 2.0
997 78.3623046875 72.0 0.2890625 0.0 2.0
998 78.3623046875 72.0 0.2890625 0.0 2.0
999 78.3623046875 72.0 0.2880859375 0.0 2.0
1000 78.3623046875 72.0 0.2880859375 0.0 2.0
