gen HV HVnoDiscount fitness_notKilledMutants notKilledNonEqMutants fitness_testSuiteSize
1 30.58203125 30.0 3.92578125 3.0 5.0
2 30.58203125 30.0 3.92578125 3.0 5.0
3 30.87890625 30.0 3.82421875 3.0 5.0
4 30.87890625 30.0 3.82421875 3.0 5.0
5 30.9521484375 30.0 3.8095703125 3.0 5.0
6 30.9521484375 30.0 3.8095703125 3.0 5.0
7 34.30078125 33.0 3.783203125 3.0 5.0
8 34.30078125 33.0 3.783203125 3.0 5.0
9 34.30078125 33.0 3.783203125 3.0 5.0
10 34.30078125 33.0 3.748046875 3.0 5.0
11 34.30078125 33.0 3.748046875 3.0 5.0
12 34.30078125 33.0 3.7275390625 3.0 5.0
13 34.30078125 33.0 3.7275390625 3.0 5.0
14 34.30078125 33.0 3.7275390625 3.0 5.0
15 34.30078125 33.0 3.701171875 3.0 5.0
16 34.30078125 33.0 3.701171875 3.0 5.0
17 34.30078125 33.0 3.701171875 3.0 5.0
18 34.30078125 33.0 3.701171875 3.0 5.0
19 34.30078125 33.0 3.701171875 3.0 5.0
20 34.30078125 33.0 3.701171875 3.0 5.0
21 34.30078125 33.0 3.701171875 3.0 5.0
22 34.30078125 33.0 3.701171875 3.0 5.0
23 34.30078125 33.0 3.701171875 3.0 5.0
24 34.30078125 33.0 3.701171875 3.0 5.0
25 34.30078125 33.0 3.701171875 3.0 5.0
26 34.30078125 33.0 3.701171875 3.0 5.0
27 34.30078125 33.0 3.701171875 3.0 5.0
28 34.30078125 33.0 3.701171875 3.0 5.0
29 34.30078125 33.0 3.701171875 3.0 5.0
30 34.30078125 33.0 3.701171875 3.0 5.0
31 34.30078125 33.0 3.701171875 3.0 5.0
32 34.30078125 33.0 3.701171875 3.0 5.0
33 34.30078125 33.0 3.701171875 3.0 5.0
34 34.30078125 33.0 3.701171875 3.0 5.0
35 34.30078125 33.0 3.701171875 3.0 5.0
36 34.30078125 33.0 3.701171875 3.0 5.0
37 34.30078125 33.0 3.701171875 3.0 5.0
38 34.30078125 33.0 3.701171875 3.0 5.0
39 34.30078125 33.0 3.701171875 3.0 5.0
40 34.30078125 33.0 3.701171875 3.0 5.0
41 34.30078125 33.0 3.701171875 3.0 5.0
42 34.30078125 33.0 3.701171875 3.0 5.0
43 34.30078125 33.0 3.701171875 3.0 5.0
44 34.30078125 33.0 3.701171875 3.0 5.0
45 34.30078125 33.0 3.701171875 3.0 5.0
46 34.30078125 33.0 3.701171875 3.0 5.0
47 34.30078125 33.0 3.701171875 3.0 5.0
48 34.30078125 33.0 3.701171875 3.0 5.0
49 34.30078125 33.0 3.701171875 3.0 5.0
50 34.30078125 33.0 3.701171875 3.0 5.0
51 34.30078125 33.0 3.701171875 3.0 5.0
52 34.30078125 33.0 3.701171875 3.0 5.0
53 34.30078125 33.0 3.701171875 3.0 5.0
54 34.30078125 33.0 3.701171875 3.0 5.0
55 34.30078125 33.0 3.701171875 3.0 5.0
56 34.30078125 33.0 3.701171875 3.0 5.0
57 34.30078125 33.0 3.701171875 3.0 5.0
58 34.30078125 33.0 3.701171875 3.0 5.0
59 34.30078125 33.0 3.701171875 3.0 5.0
60 34.30078125 33.0 3.701171875 3.0 5.0
61 34.30078125 33.0 3.701171875 3.0 5.0
62 34.30078125 33.0 3.701171875 3.0 5.0
63 34.30078125 33.0 3.701171875 3.0 5.0
64 34.30078125 33.0 3.701171875 3.0 5.0
65 34.5703125 33.0 3.701171875 3.0 5.0
66 34.591796875 33.0 3.701171875 3.0 5.0
67 34.591796875 33.0 3.701171875 3.0 5.0
68 34.591796875 33.0 3.701171875 3.0 5.0
69 34.6376953125 33.0 3.701171875 3.0 5.0
70 34.6376953125 33.0 3.701171875 3.0 5.0
71 34.6376953125 33.0 3.701171875 3.0 5.0
72 34.6376953125 33.0 3.701171875 3.0 5.0
73 34.6376953125 33.0 3.701171875 3.0 5.0
74 34.6376953125 33.0 3.701171875 3.0 5.0
75 34.6376953125 33.0 3.701171875 3.0 5.0
76 34.6376953125 33.0 3.6982421875 3.0 5.0
77 34.6376953125 33.0 3.6982421875 3.0 5.0
78 34.6376953125 33.0 3.6982421875 3.0 5.0
79 34.6376953125 33.0 3.6923828125 3.0 5.0
80 42.1748046875 40.0 3.689453125 3.0 4.0
81 42.1748046875 40.0 3.689453125 3.0 4.0
82 42.201171875 40.0 3.685546875 3.0 4.0
83 67.546875 65.0 0.681640625 0.0 3.0
84 67.546875 65.0 0.6796875 0.0 3.0
85 67.546875 65.0 0.6796875 0.0 3.0
86 67.546875 65.0 0.6748046875 0.0 3.0
87 67.546875 65.0 0.6748046875 0.0 3.0
88 67.546875 65.0 0.6728515625 0.0 3.0
89 67.625 65.0 0.671875 0.0 3.0
90 67.625 65.0 0.671875 0.0 3.0
91 67.625 65.0 0.6640625 0.0 3.0
92 67.625 65.0 0.6640625 0.0 3.0
93 67.625 65.0 0.6611328125 0.0 3.0
94 67.625 65.0 0.6611328125 0.0 3.0
95 67.625 65.0 0.6591796875 0.0 3.0
96 67.625 65.0 0.6591796875 0.0 3.0
97 67.625 65.0 0.658203125 0.0 3.0
98 67.625 65.0 0.658203125 0.0 3.0
99 67.625 65.0 0.65625 0.0 3.0
100 67.625 65.0 0.65625 0.0 3.0
101 67.625 65.0 0.6533203125 0.0 3.0
102 67.625 65.0 0.6533203125 0.0 3.0
103 67.625 65.0 0.650390625 0.0 3.0
104 67.625 65.0 0.650390625 0.0 3.0
105 67.625 65.0 0.6455078125 0.0 3.0
106 67.625 65.0 0.6455078125 0.0 3.0
107 67.625 65.0 0.6435546875 0.0 3.0
108 67.625 65.0 0.6435546875 0.0 3.0
109 67.625 65.0 0.6416015625 0.0 3.0
110 67.625 65.0 0.6416015625 0.0 3.0
111 67.625 65.0 0.6376953125 0.0 3.0
112 67.625 65.0 0.6376953125 0.0 3.0
113 67.625 65.0 0.6376953125 0.0 3.0
114 67.625 65.0 0.634765625 0.0 3.0
115 67.625 65.0 0.634765625 0.0 3.0
116 67.625 65.0 0.6337890625 0.0 3.0
117 76.3134765625 73.0 0.6318359375 0.0 2.0
118 76.3134765625 73.0 0.6318359375 0.0 2.0
119 76.3134765625 73.0 0.6279296875 0.0 2.0
120 76.3134765625 73.0 0.6279296875 0.0 2.0
121 76.3134765625 73.0 0.6240234375 0.0 2.0
122 76.3134765625 73.0 0.6240234375 0.0 2.0
123 76.3134765625 73.0 0.619140625 0.0 2.0
124 76.3134765625 73.0 0.619140625 0.0 2.0
125 76.3134765625 73.0 0.6142578125 0.0 2.0
126 76.3134765625 73.0 0.6142578125 0.0 2.0
127 76.49609375 73.0 0.611328125 0.0 3.0
128 76.49609375 73.0 0.6103515625 0.0 2.0
129 76.49609375 73.0 0.6103515625 0.0 2.0
130 76.5146484375 73.0 0.609375 0.0 2.0
131 76.5146484375 73.0 0.609375 0.0 2.0
132 76.55078125 73.0 0.60546875 0.0 2.0
133 76.55078125 73.0 0.60546875 0.0 2.0
134 76.55078125 73.0 0.60546875 0.0 2.0
135 76.55078125 73.0 0.6044921875 0.0 2.0
136 76.55078125 73.0 0.6044921875 0.0 2.0
137 76.6015625 73.0 0.599609375 0.0 2.0
138 76.6015625 73.0 0.599609375 0.0 2.0
139 76.6015625 73.0 0.591796875 0.0 2.0
140 76.6015625 73.0 0.591796875 0.0 2.0
141 76.6015625 73.0 0.5859375 0.0 2.0
142 76.6015625 73.0 0.5859375 0.0 2.0
143 76.6015625 73.0 0.5830078125 0.0 2.0
144 76.6015625 73.0 0.5830078125 0.0 2.0
145 76.6015625 73.0 0.58203125 0.0 2.0
146 76.6015625 73.0 0.58203125 0.0 2.0
147 76.6015625 73.0 0.578125 0.0 2.0
148 76.6015625 73.0 0.578125 0.0 2.0
149 76.6015625 73.0 0.5751953125 0.0 2.0
150 76.6015625 73.0 0.5751953125 0.0 2.0
151 76.6015625 73.0 0.5732421875 0.0 2.0
152 76.6015625 73.0 0.5732421875 0.0 2.0
153 76.6015625 73.0 0.5703125 0.0 2.0
154 76.6015625 73.0 0.5703125 0.0 2.0
155 76.6015625 73.0 0.568359375 0.0 2.0
156 76.6015625 73.0 0.568359375 0.0 2.0
157 76.6015625 73.0 0.564453125 0.0 2.0
158 76.6015625 73.0 0.564453125 0.0 2.0
159 76.6015625 73.0 0.5615234375 0.0 2.0
160 76.6015625 73.0 0.5615234375 0.0 2.0
161 76.6015625 73.0 0.5595703125 0.0 2.0
162 76.6015625 73.0 0.5595703125 0.0 2.0
163 76.6015625 73.0 0.55859375 0.0 2.0
164 76.6015625 73.0 0.55859375 0.0 2.0
165 76.6015625 73.0 0.55859375 0.0 2.0
166 76.6015625 73.0 0.556640625 0.0 2.0
167 76.6015625 73.0 0.556640625 0.0 2.0
168 76.6015625 73.0 0.5546875 0.0 2.0
169 76.6015625 73.0 0.5546875 0.0 2.0
170 76.6015625 73.0 0.5517578125 0.0 2.0
171 76.6015625 73.0 0.5517578125 0.0 2.0
172 76.6015625 73.0 0.548828125 0.0 2.0
173 76.6015625 73.0 0.548828125 0.0 2.0
174 76.6015625 73.0 0.548828125 0.0 2.0
175 76.6015625 73.0 0.5478515625 0.0 2.0
176 76.6015625 73.0 0.5478515625 0.0 2.0
177 76.6015625 73.0 0.5458984375 0.0 2.0
178 76.6015625 73.0 0.5458984375 0.0 2.0
179 76.6015625 73.0 0.5458984375 0.0 2.0
180 76.6015625 73.0 0.5439453125 0.0 2.0
181 76.6015625 73.0 0.5439453125 0.0 2.0
182 76.6015625 73.0 0.541015625 0.0 2.0
183 76.6015625 73.0 0.541015625 0.0 2.0
184 76.6015625 73.0 0.5400390625 0.0 2.0
185 76.6015625 73.0 0.5400390625 0.0 2.0
186 76.6015625 73.0 0.5390625 0.0 2.0
187 76.6015625 73.0 0.5390625 0.0 2.0
188 76.6015625 73.0 0.537109375 0.0 2.0
189 76.6015625 73.0 0.537109375 0.0 2.0
190 76.6015625 73.0 0.53125 0.0 2.0
191 76.6015625 73.0 0.53125 0.0 2.0
192 76.6015625 73.0 0.5302734375 0.0 2.0
193 76.6015625 73.0 0.5302734375 0.0 2.0
194 76.6015625 73.0 0.5302734375 0.0 2.0
195 76.6015625 73.0 0.5302734375 0.0 2.0
196 76.6015625 73.0 0.5302734375 0.0 2.0
197 76.6015625 73.0 0.5302734375 0.0 2.0
198 76.6015625 73.0 0.5302734375 0.0 2.0
199 76.6015625 73.0 0.52734375 0.0 2.0
200 76.6015625 73.0 0.52734375 0.0 2.0
201 76.6015625 73.0 0.5263671875 0.0 2.0
202 76.6015625 73.0 0.5263671875 0.0 2.0
203 76.6015625 73.0 0.525390625 0.0 2.0
204 76.6015625 73.0 0.525390625 0.0 2.0
205 76.6015625 73.0 0.525390625 0.0 2.0
206 76.6015625 73.0 0.525390625 0.0 2.0
207 76.6015625 73.0 0.525390625 0.0 2.0
208 76.6015625 73.0 0.525390625 0.0 2.0
209 76.6015625 73.0 0.5224609375 0.0 2.0
210 76.6015625 73.0 0.5224609375 0.0 2.0
211 76.6015625 73.0 0.5224609375 0.0 2.0
212 76.6015625 73.0 0.5224609375 0.0 2.0
213 76.6015625 73.0 0.5224609375 0.0 2.0
214 76.6015625 73.0 0.521484375 0.0 2.0
215 76.6015625 73.0 0.521484375 0.0 2.0
216 76.6015625 73.0 0.51953125 0.0 2.0
217 76.6015625 73.0 0.51953125 0.0 2.0
218 76.6015625 73.0 0.515625 0.0 2.0
219 76.6015625 73.0 0.515625 0.0 2.0
220 76.6015625 73.0 0.515625 0.0 2.0
221 76.6015625 73.0 0.515625 0.0 2.0
222 76.6015625 73.0 0.5146484375 0.0 2.0
223 76.6015625 73.0 0.5146484375 0.0 2.0
224 76.6015625 73.0 0.5107421875 0.0 2.0
225 76.6015625 73.0 0.5107421875 0.0 2.0
226 76.6015625 73.0 0.509765625 0.0 2.0
227 76.6015625 73.0 0.509765625 0.0 2.0
228 76.6015625 73.0 0.5078125 0.0 2.0
229 76.6015625 73.0 0.5078125 0.0 2.0
230 76.6015625 73.0 0.505859375 0.0 2.0
231 76.6015625 73.0 0.505859375 0.0 2.0
232 76.6015625 73.0 0.501953125 0.0 2.0
233 76.6015625 73.0 0.501953125 0.0 2.0
234 76.6015625 73.0 0.5 0.0 2.0
235 76.6015625 73.0 0.5 0.0 2.0
236 76.6015625 73.0 0.4990234375 0.0 2.0
237 76.6015625 73.0 0.4990234375 0.0 2.0
238 76.6015625 73.0 0.4990234375 0.0 2.0
239 76.6015625 73.0 0.498046875 0.0 2.0
240 76.6015625 73.0 0.498046875 0.0 2.0
241 76.6015625 73.0 0.49609375 0.0 2.0
242 76.6015625 73.0 0.49609375 0.0 2.0
243 76.6015625 73.0 0.4921875 0.0 2.0
244 76.6015625 73.0 0.4921875 0.0 2.0
245 76.6015625 73.0 0.4912109375 0.0 2.0
246 76.6015625 73.0 0.4912109375 0.0 2.0
247 76.6015625 73.0 0.4912109375 0.0 2.0
248 76.6015625 73.0 0.490234375 0.0 2.0
249 76.6015625 73.0 0.490234375 0.0 2.0
250 76.6015625 73.0 0.490234375 0.0 2.0
251 76.6015625 73.0 0.486328125 0.0 2.0
252 76.6015625 73.0 0.486328125 0.0 2.0
253 76.630859375 73.0 0.4853515625 0.0 2.0
254 76.630859375 73.0 0.4853515625 0.0 2.0
255 76.658203125 73.0 0.482421875 0.0 2.0
256 76.658203125 73.0 0.482421875 0.0 2.0
257 76.658203125 73.0 0.4814453125 0.0 2.0
258 76.658203125 73.0 0.4814453125 0.0 2.0
259 76.6845703125 73.0 0.4794921875 0.0 2.0
260 76.6845703125 73.0 0.4794921875 0.0 2.0
261 76.6943359375 73.0 0.478515625 0.0 2.0
262 76.6943359375 73.0 0.478515625 0.0 2.0
263 76.6943359375 73.0 0.4765625 0.0 2.0
264 76.6943359375 73.0 0.4765625 0.0 2.0
265 76.6943359375 73.0 0.4765625 0.0 2.0
266 76.6943359375 73.0 0.4755859375 0.0 2.0
267 76.6943359375 73.0 0.4755859375 0.0 2.0
268 76.7451171875 73.0 0.47265625 0.0 2.0
269 76.7451171875 73.0 0.47265625 0.0 2.0
270 76.7548828125 73.0 0.4716796875 0.0 2.0
271 76.7548828125 73.0 0.4716796875 0.0 2.0
272 76.7548828125 73.0 0.4697265625 0.0 2.0
273 76.7548828125 73.0 0.4697265625 0.0 2.0
274 76.7890625 73.0 0.4677734375 0.0 2.0
275 76.7890625 73.0 0.4677734375 0.0 2.0
276 76.8056640625 73.0 0.4658203125 0.0 2.0
277 76.8056640625 73.0 0.4658203125 0.0 2.0
278 76.81640625 73.0 0.46484375 0.0 2.0
279 76.81640625 73.0 0.46484375 0.0 2.0
280 76.81640625 73.0 0.46484375 0.0 2.0
281 76.81640625 73.0 0.4619140625 0.0 2.0
282 76.81640625 73.0 0.4619140625 0.0 2.0
283 76.81640625 73.0 0.4619140625 0.0 2.0
284 76.859375 73.0 0.4599609375 0.0 2.0
285 76.859375 73.0 0.4599609375 0.0 2.0
286 76.8603515625 73.0 0.4599609375 0.0 2.0
287 76.8603515625 73.0 0.4599609375 0.0 2.0
288 76.8603515625 73.0 0.4599609375 0.0 2.0
289 76.8603515625 73.0 0.4599609375 0.0 2.0
290 76.8603515625 73.0 0.458984375 0.0 2.0
291 76.8603515625 73.0 0.458984375 0.0 2.0
292 76.8779296875 73.0 0.4580078125 0.0 2.0
293 76.8779296875 73.0 0.4580078125 0.0 2.0
294 76.8779296875 73.0 0.4580078125 0.0 2.0
295 76.8779296875 73.0 0.4580078125 0.0 2.0
296 76.8779296875 73.0 0.4580078125 0.0 2.0
297 76.8779296875 73.0 0.4580078125 0.0 2.0
298 76.8779296875 73.0 0.4580078125 0.0 2.0
299 76.8779296875 73.0 0.45703125 0.0 2.0
300 76.8779296875 73.0 0.45703125 0.0 2.0
301 76.8779296875 73.0 0.45703125 0.0 2.0
302 76.8779296875 73.0 0.45703125 0.0 2.0
303 76.9130859375 73.0 0.4541015625 0.0 2.0
304 76.9130859375 73.0 0.4541015625 0.0 2.0
305 76.9130859375 73.0 0.4501953125 0.0 2.0
306 76.9130859375 73.0 0.4501953125 0.0 2.0
307 76.9130859375 73.0 0.44921875 0.0 2.0
308 76.9130859375 73.0 0.44921875 0.0 2.0
309 76.96484375 73.0 0.4482421875 0.0 2.0
310 76.96484375 73.0 0.4482421875 0.0 2.0
311 76.96484375 73.0 0.4482421875 0.0 2.0
312 76.9658203125 73.0 0.4482421875 0.0 2.0
313 76.9658203125 73.0 0.4482421875 0.0 2.0
314 76.9658203125 73.0 0.4462890625 0.0 2.0
315 76.9658203125 73.0 0.4462890625 0.0 2.0
316 76.9921875 73.0 0.4453125 0.0 2.0
317 76.9921875 73.0 0.4453125 0.0 2.0
318 76.9921875 73.0 0.4443359375 0.0 2.0
319 76.9921875 73.0 0.4443359375 0.0 2.0
320 76.9921875 73.0 0.4443359375 0.0 2.0
321 77.009765625 73.0 0.443359375 0.0 2.0
322 77.009765625 73.0 0.443359375 0.0 2.0
323 77.009765625 73.0 0.443359375 0.0 2.0
324 77.009765625 73.0 0.443359375 0.0 2.0
325 77.009765625 73.0 0.443359375 0.0 2.0
326 77.009765625 73.0 0.4423828125 0.0 2.0
327 77.009765625 73.0 0.4423828125 0.0 2.0
328 77.009765625 73.0 0.4423828125 0.0 2.0
329 77.009765625 73.0 0.4423828125 0.0 2.0
330 77.009765625 73.0 0.4423828125 0.0 2.0
331 77.009765625 73.0 0.4423828125 0.0 2.0
332 77.009765625 73.0 0.4423828125 0.0 2.0
333 77.009765625 73.0 0.439453125 0.0 2.0
334 77.009765625 73.0 0.439453125 0.0 2.0
335 77.009765625 73.0 0.439453125 0.0 2.0
336 77.009765625 73.0 0.4375 0.0 2.0
337 77.009765625 73.0 0.4375 0.0 2.0
338 77.0888671875 73.0 0.4345703125 0.0 2.0
339 77.0888671875 73.0 0.4345703125 0.0 2.0
340 77.0888671875 73.0 0.43359375 0.0 2.0
341 77.0888671875 73.0 0.43359375 0.0 2.0
342 77.0888671875 73.0 0.431640625 0.0 2.0
343 77.0888671875 73.0 0.431640625 0.0 2.0
344 77.0888671875 73.0 0.431640625 0.0 2.0
345 77.0888671875 73.0 0.4306640625 0.0 2.0
346 77.0888671875 73.0 0.4306640625 0.0 2.0
347 77.0888671875 73.0 0.4296875 0.0 2.0
348 77.0888671875 73.0 0.4296875 0.0 2.0
349 77.0888671875 73.0 0.4296875 0.0 2.0
350 77.0888671875 73.0 0.4296875 0.0 2.0
351 77.0888671875 73.0 0.4296875 0.0 2.0
352 77.1494140625 73.0 0.427734375 0.0 2.0
353 77.1494140625 73.0 0.427734375 0.0 2.0
354 77.1494140625 73.0 0.4248046875 0.0 2.0
355 77.1494140625 73.0 0.4248046875 0.0 2.0
356 77.1767578125 73.0 0.4248046875 0.0 2.0
357 77.1767578125 73.0 0.4248046875 0.0 2.0
358 77.1767578125 73.0 0.4248046875 0.0 2.0
359 77.1767578125 73.0 0.423828125 0.0 2.0
360 77.1767578125 73.0 0.423828125 0.0 2.0
361 77.1767578125 73.0 0.421875 0.0 2.0
362 77.1767578125 73.0 0.421875 0.0 2.0
363 77.1767578125 73.0 0.421875 0.0 2.0
364 77.220703125 73.0 0.419921875 0.0 2.0
365 77.220703125 73.0 0.419921875 0.0 2.0
366 77.220703125 73.0 0.419921875 0.0 2.0
367 77.236328125 73.0 0.41796875 0.0 2.0
368 77.236328125 73.0 0.41796875 0.0 2.0
369 77.2470703125 73.0 0.4169921875 0.0 2.0
370 77.2470703125 73.0 0.4169921875 0.0 2.0
371 77.2470703125 73.0 0.4169921875 0.0 2.0
372 77.2470703125 73.0 0.416015625 0.0 2.0
373 77.2470703125 73.0 0.416015625 0.0 2.0
374 77.2470703125 73.0 0.416015625 0.0 2.0
375 77.263671875 73.0 0.4150390625 0.0 2.0
376 77.263671875 73.0 0.4150390625 0.0 2.0
377 77.263671875 73.0 0.4140625 0.0 2.0
378 77.263671875 73.0 0.4140625 0.0 2.0
379 77.263671875 73.0 0.4140625 0.0 2.0
380 77.2822265625 73.0 0.4130859375 0.0 2.0
381 77.2822265625 73.0 0.4130859375 0.0 2.0
382 77.2822265625 73.0 0.4130859375 0.0 2.0
383 77.2822265625 73.0 0.4130859375 0.0 2.0
384 86.2822265625 81.0 0.4130859375 0.0 1.0
385 86.869140625 81.0 0.4130859375 0.0 1.0
386 86.87890625 81.0 0.412109375 0.0 1.0
387 86.87890625 81.0 0.412109375 0.0 1.0
388 86.87890625 81.0 0.412109375 0.0 1.0
389 86.87890625 81.0 0.412109375 0.0 1.0
390 86.87890625 81.0 0.412109375 0.0 1.0
391 86.87890625 81.0 0.412109375 0.0 1.0
392 86.87890625 81.0 0.412109375 0.0 1.0
393 86.87890625 81.0 0.412109375 0.0 1.0
394 86.87890625 81.0 0.412109375 0.0 1.0
395 86.8876953125 81.0 0.4111328125 0.0 1.0
396 86.8876953125 81.0 0.4111328125 0.0 1.0
397 86.8876953125 81.0 0.4091796875 0.0 1.0
398 86.8876953125 81.0 0.4091796875 0.0 1.0
399 86.908203125 81.0 0.4091796875 0.0 1.0
400 86.908203125 81.0 0.4091796875 0.0 1.0
401 86.908203125 81.0 0.4091796875 0.0 1.0
402 86.908203125 81.0 0.4091796875 0.0 1.0
403 86.908203125 81.0 0.4091796875 0.0 1.0
404 86.908203125 81.0 0.4091796875 0.0 1.0
405 86.908203125 81.0 0.4091796875 0.0 1.0
406 86.908203125 81.0 0.4091796875 0.0 1.0
407 86.908203125 81.0 0.4091796875 0.0 1.0
408 86.908203125 81.0 0.4091796875 0.0 1.0
409 86.908203125 81.0 0.4091796875 0.0 1.0
410 86.908203125 81.0 0.4091796875 0.0 1.0
411 86.908203125 81.0 0.4091796875 0.0 1.0
412 86.908203125 81.0 0.4091796875 0.0 1.0
413 86.908203125 81.0 0.4091796875 0.0 1.0
414 86.908203125 81.0 0.4091796875 0.0 1.0
415 86.908203125 81.0 0.4091796875 0.0 1.0
416 86.908203125 81.0 0.4091796875 0.0 1.0
417 86.908203125 81.0 0.4091796875 0.0 1.0
418 86.908203125 81.0 0.4091796875 0.0 1.0
419 86.908203125 81.0 0.4091796875 0.0 1.0
420 86.908203125 81.0 0.4091796875 0.0 1.0
421 86.908203125 81.0 0.4091796875 0.0 1.0
422 86.908203125 81.0 0.4091796875 0.0 1.0
423 86.908203125 81.0 0.4091796875 0.0 1.0
424 86.908203125 81.0 0.4091796875 0.0 1.0
425 86.908203125 81.0 0.4091796875 0.0 1.0
426 86.908203125 81.0 0.4091796875 0.0 1.0
427 86.908203125 81.0 0.4091796875 0.0 1.0
428 86.908203125 81.0 0.4091796875 0.0 1.0
429 86.91796875 81.0 0.408203125 0.0 1.0
430 86.91796875 81.0 0.408203125 0.0 1.0
431 86.91796875 81.0 0.4072265625 0.0 1.0
432 86.91796875 81.0 0.4072265625 0.0 1.0
433 86.91796875 81.0 0.4072265625 0.0 1.0
434 86.927734375 81.0 0.4072265625 0.0 1.0
435 86.927734375 81.0 0.4072265625 0.0 1.0
436 86.927734375 81.0 0.40625 0.0 1.0
437 86.927734375 81.0 0.40625 0.0 1.0
438 86.927734375 81.0 0.4052734375 0.0 1.0
439 86.927734375 81.0 0.4052734375 0.0 1.0
440 86.927734375 81.0 0.4052734375 0.0 1.0
441 86.927734375 81.0 0.4052734375 0.0 1.0
442 86.927734375 81.0 0.4052734375 0.0 1.0
443 86.927734375 81.0 0.4052734375 0.0 1.0
444 86.927734375 81.0 0.4052734375 0.0 1.0
445 86.927734375 81.0 0.4052734375 0.0 1.0
446 86.927734375 81.0 0.4052734375 0.0 1.0
447 86.927734375 81.0 0.4052734375 0.0 1.0
448 86.927734375 81.0 0.404296875 0.0 1.0
449 86.927734375 81.0 0.404296875 0.0 1.0
450 86.927734375 81.0 0.404296875 0.0 1.0
451 86.927734375 81.0 0.404296875 0.0 1.0
452 86.927734375 81.0 0.404296875 0.0 1.0
453 86.927734375 81.0 0.404296875 0.0 1.0
454 86.927734375 81.0 0.404296875 0.0 1.0
455 86.927734375 81.0 0.404296875 0.0 1.0
456 86.927734375 81.0 0.404296875 0.0 1.0
457 86.927734375 81.0 0.404296875 0.0 1.0
458 86.927734375 81.0 0.404296875 0.0 1.0
459 86.927734375 81.0 0.404296875 0.0 1.0
460 86.927734375 81.0 0.404296875 0.0 1.0
461 86.927734375 81.0 0.404296875 0.0 1.0
462 86.927734375 81.0 0.404296875 0.0 1.0
463 86.927734375 81.0 0.404296875 0.0 1.0
464 86.927734375 81.0 0.404296875 0.0 1.0
465 86.927734375 81.0 0.404296875 0.0 1.0
466 86.927734375 81.0 0.404296875 0.0 1.0
467 86.927734375 81.0 0.404296875 0.0 1.0
468 86.927734375 81.0 0.404296875 0.0 1.0
469 86.927734375 81.0 0.404296875 0.0 1.0
470 86.927734375 81.0 0.404296875 0.0 1.0
471 86.927734375 81.0 0.404296875 0.0 1.0
472 86.927734375 81.0 0.404296875 0.0 1.0
473 86.927734375 81.0 0.404296875 0.0 1.0
474 86.927734375 81.0 0.404296875 0.0 1.0
475 86.927734375 81.0 0.404296875 0.0 1.0
476 86.927734375 81.0 0.404296875 0.0 1.0
477 86.927734375 81.0 0.404296875 0.0 1.0
478 86.927734375 81.0 0.404296875 0.0 1.0
479 86.927734375 81.0 0.404296875 0.0 1.0
480 86.927734375 81.0 0.404296875 0.0 1.0
481 86.927734375 81.0 0.404296875 0.0 1.0
482 86.927734375 81.0 0.404296875 0.0 1.0
483 86.927734375 81.0 0.404296875 0.0 1.0
484 86.927734375 81.0 0.404296875 0.0 1.0
485 86.927734375 81.0 0.404296875 0.0 1.0
486 86.927734375 81.0 0.404296875 0.0 1.0
487 86.927734375 81.0 0.404296875 0.0 1.0
488 86.927734375 81.0 0.404296875 0.0 1.0
489 86.927734375 81.0 0.404296875 0.0 1.0
490 86.927734375 81.0 0.404296875 0.0 1.0
491 86.927734375 81.0 0.404296875 0.0 1.0
492 86.927734375 81.0 0.404296875 0.0 1.0
493 86.927734375 81.0 0.404296875 0.0 1.0
494 86.927734375 81.0 0.404296875 0.0 1.0
495 86.927734375 81.0 0.404296875 0.0 1.0
496 86.927734375 81.0 0.404296875 0.0 1.0
497 86.927734375 81.0 0.404296875 0.0 1.0
498 86.927734375 81.0 0.404296875 0.0 1.0
499 86.927734375 81.0 0.404296875 0.0 1.0
500 86.927734375 81.0 0.404296875 0.0 1.0
501 86.927734375 81.0 0.404296875 0.0 1.0
502 86.927734375 81.0 0.404296875 0.0 1.0
503 86.927734375 81.0 0.404296875 0.0 1.0
504 86.927734375 81.0 0.404296875 0.0 1.0
505 86.927734375 81.0 0.404296875 0.0 1.0
506 86.927734375 81.0 0.404296875 0.0 1.0
507 86.927734375 81.0 0.404296875 0.0 1.0
508 86.927734375 81.0 0.404296875 0.0 1.0
509 86.927734375 81.0 0.404296875 0.0 1.0
510 86.927734375 81.0 0.404296875 0.0 1.0
511 86.927734375 81.0 0.404296875 0.0 1.0
512 86.927734375 81.0 0.404296875 0.0 1.0
513 86.927734375 81.0 0.404296875 0.0 1.0
514 86.927734375 81.0 0.40234375 0.0 1.0
515 86.927734375 81.0 0.40234375 0.0 1.0
516 86.9765625 81.0 0.40234375 0.0 1.0
517 86.9765625 81.0 0.40234375 0.0 1.0
518 86.9765625 81.0 0.40234375 0.0 1.0
519 86.9765625 81.0 0.40234375 0.0 1.0
520 86.9765625 81.0 0.40234375 0.0 1.0
521 86.9765625 81.0 0.40234375 0.0 1.0
522 86.9765625 81.0 0.40234375 0.0 1.0
523 86.9765625 81.0 0.40234375 0.0 1.0
524 86.9765625 81.0 0.40234375 0.0 1.0
525 86.9765625 81.0 0.40234375 0.0 1.0
526 86.9765625 81.0 0.40234375 0.0 1.0
527 86.9765625 81.0 0.40234375 0.0 1.0
528 86.9765625 81.0 0.40234375 0.0 1.0
529 86.9765625 81.0 0.40234375 0.0 1.0
530 86.9765625 81.0 0.40234375 0.0 1.0
531 86.9765625 81.0 0.4013671875 0.0 1.0
532 86.9765625 81.0 0.4013671875 0.0 1.0
533 86.9765625 81.0 0.4013671875 0.0 1.0
534 86.9765625 81.0 0.4013671875 0.0 1.0
535 86.9765625 81.0 0.4013671875 0.0 1.0
536 86.986328125 81.0 0.4013671875 0.0 1.0
537 86.986328125 81.0 0.4013671875 0.0 1.0
538 86.986328125 81.0 0.4013671875 0.0 1.0
539 86.986328125 81.0 0.4013671875 0.0 1.0
540 86.986328125 81.0 0.400390625 0.0 1.0
541 86.986328125 81.0 0.400390625 0.0 1.0
542 87.005859375 81.0 0.3994140625 0.0 1.0
543 87.005859375 81.0 0.3994140625 0.0 1.0
544 87.005859375 81.0 0.3994140625 0.0 1.0
545 87.005859375 81.0 0.3994140625 0.0 1.0
546 87.005859375 81.0 0.3994140625 0.0 1.0
547 87.005859375 81.0 0.3994140625 0.0 1.0
548 87.005859375 81.0 0.3994140625 0.0 1.0
549 87.005859375 81.0 0.3994140625 0.0 1.0
550 87.005859375 81.0 0.3994140625 0.0 1.0
551 87.005859375 81.0 0.3994140625 0.0 1.0
552 87.005859375 81.0 0.3994140625 0.0 1.0
553 87.005859375 81.0 0.3994140625 0.0 1.0
554 87.015625 81.0 0.3984375 0.0 1.0
555 87.015625 81.0 0.3984375 0.0 1.0
556 87.015625 81.0 0.3984375 0.0 1.0
557 87.015625 81.0 0.3984375 0.0 1.0
558 87.015625 81.0 0.3984375 0.0 1.0
559 87.015625 81.0 0.3984375 0.0 1.0
560 87.015625 81.0 0.3984375 0.0 1.0
561 87.015625 81.0 0.3984375 0.0 1.0
562 87.025390625 81.0 0.3974609375 0.0 1.0
563 87.025390625 81.0 0.3974609375 0.0 1.0
564 87.025390625 81.0 0.3974609375 0.0 1.0
565 87.025390625 81.0 0.3974609375 0.0 1.0
566 87.025390625 81.0 0.396484375 0.0 1.0
567 87.025390625 81.0 0.396484375 0.0 1.0
568 87.025390625 81.0 0.396484375 0.0 1.0
569 87.025390625 81.0 0.396484375 0.0 1.0
570 87.025390625 81.0 0.396484375 0.0 1.0
571 87.025390625 81.0 0.396484375 0.0 1.0
572 87.025390625 81.0 0.396484375 0.0 1.0
573 87.025390625 81.0 0.396484375 0.0 1.0
574 87.025390625 81.0 0.396484375 0.0 1.0
575 87.025390625 81.0 0.396484375 0.0 1.0
576 87.025390625 81.0 0.396484375 0.0 1.0
577 87.025390625 81.0 0.396484375 0.0 1.0
578 87.025390625 81.0 0.396484375 0.0 1.0
579 87.025390625 81.0 0.396484375 0.0 1.0
580 87.025390625 81.0 0.396484375 0.0 1.0
581 87.025390625 81.0 0.396484375 0.0 1.0
582 87.025390625 81.0 0.396484375 0.0 1.0
583 87.025390625 81.0 0.396484375 0.0 1.0
584 87.025390625 81.0 0.396484375 0.0 1.0
585 87.025390625 81.0 0.396484375 0.0 1.0
586 87.025390625 81.0 0.396484375 0.0 1.0
587 87.025390625 81.0 0.396484375 0.0 1.0
588 87.025390625 81.0 0.396484375 0.0 1.0
589 87.025390625 81.0 0.396484375 0.0 1.0
590 87.025390625 81.0 0.396484375 0.0 1.0
591 87.025390625 81.0 0.396484375 0.0 1.0
592 87.025390625 81.0 0.396484375 0.0 1.0
593 87.025390625 81.0 0.396484375 0.0 1.0
594 87.025390625 81.0 0.396484375 0.0 1.0
595 87.025390625 81.0 0.396484375 0.0 1.0
596 87.025390625 81.0 0.396484375 0.0 1.0
597 87.025390625 81.0 0.396484375 0.0 1.0
598 87.025390625 81.0 0.396484375 0.0 1.0
599 87.025390625 81.0 0.396484375 0.0 1.0
600 87.025390625 81.0 0.396484375 0.0 1.0
601 87.025390625 81.0 0.396484375 0.0 1.0
602 87.025390625 81.0 0.396484375 0.0 1.0
603 87.025390625 81.0 0.3955078125 0.0 1.0
604 87.025390625 81.0 0.3955078125 0.0 1.0
605 87.025390625 81.0 0.3955078125 0.0 1.0
606 87.025390625 81.0 0.3935546875 0.0 2.0
607 87.025390625 81.0 0.3935546875 0.0 2.0
608 87.025390625 81.0 0.3935546875 0.0 2.0
609 87.025390625 81.0 0.3916015625 0.0 2.0
610 87.025390625 81.0 0.3916015625 0.0 2.0
611 87.025390625 81.0 0.3916015625 0.0 2.0
612 87.025390625 81.0 0.3916015625 0.0 2.0
613 87.025390625 81.0 0.3916015625 0.0 2.0
614 87.025390625 81.0 0.3916015625 0.0 2.0
615 87.025390625 81.0 0.3916015625 0.0 2.0
616 87.025390625 81.0 0.3916015625 0.0 2.0
617 87.025390625 81.0 0.3916015625 0.0 2.0
618 87.025390625 81.0 0.3916015625 0.0 2.0
619 87.025390625 81.0 0.3916015625 0.0 2.0
620 87.025390625 81.0 0.3896484375 0.0 2.0
621 87.025390625 81.0 0.3896484375 0.0 2.0
622 87.025390625 81.0 0.388671875 0.0 2.0
623 87.025390625 81.0 0.388671875 0.0 2.0
624 87.025390625 81.0 0.388671875 0.0 2.0
625 87.025390625 81.0 0.388671875 0.0 2.0
626 87.025390625 81.0 0.388671875 0.0 2.0
627 87.025390625 81.0 0.388671875 0.0 2.0
628 87.025390625 81.0 0.388671875 0.0 2.0
629 87.025390625 81.0 0.388671875 0.0 2.0
630 87.025390625 81.0 0.388671875 0.0 2.0
631 87.025390625 81.0 0.3876953125 0.0 2.0
632 87.025390625 81.0 0.3876953125 0.0 2.0
633 87.025390625 81.0 0.3876953125 0.0 2.0
634 87.025390625 81.0 0.3857421875 0.0 2.0
635 87.025390625 81.0 0.3857421875 0.0 2.0
636 87.025390625 81.0 0.3857421875 0.0 2.0
637 87.025390625 81.0 0.3857421875 0.0 2.0
638 87.025390625 81.0 0.3857421875 0.0 2.0
639 87.025390625 81.0 0.3857421875 0.0 2.0
640 87.025390625 81.0 0.3857421875 0.0 2.0
641 87.025390625 81.0 0.3857421875 0.0 2.0
642 87.025390625 81.0 0.3857421875 0.0 2.0
643 87.025390625 81.0 0.3857421875 0.0 2.0
644 87.025390625 81.0 0.3857421875 0.0 2.0
645 87.025390625 81.0 0.3857421875 0.0 2.0
646 87.025390625 81.0 0.3857421875 0.0 2.0
647 87.025390625 81.0 0.3857421875 0.0 2.0
648 87.025390625 81.0 0.3837890625 0.0 2.0
649 87.025390625 81.0 0.3837890625 0.0 2.0
650 87.025390625 81.0 0.3837890625 0.0 2.0
651 87.025390625 81.0 0.3837890625 0.0 2.0
652 87.025390625 81.0 0.3837890625 0.0 2.0
653 87.025390625 81.0 0.3837890625 0.0 2.0
654 87.025390625 81.0 0.3837890625 0.0 1.0
655 87.025390625 81.0 0.3837890625 0.0 1.0
656 87.025390625 81.0 0.3837890625 0.0 1.0
657 87.025390625 81.0 0.3837890625 0.0 1.0
658 87.025390625 81.0 0.3837890625 0.0 1.0
659 87.025390625 81.0 0.3837890625 0.0 1.0
660 87.025390625 81.0 0.3837890625 0.0 1.0
661 87.025390625 81.0 0.3837890625 0.0 1.0
662 87.025390625 81.0 0.3837890625 0.0 1.0
663 87.025390625 81.0 0.3837890625 0.0 1.0
664 87.025390625 81.0 0.3837890625 0.0 1.0
665 87.025390625 81.0 0.3837890625 0.0 1.0
666 87.025390625 81.0 0.3837890625 0.0 1.0
667 87.025390625 81.0 0.3837890625 0.0 1.0
668 87.025390625 81.0 0.3837890625 0.0 1.0
669 87.025390625 81.0 0.3837890625 0.0 1.0
670 87.025390625 81.0 0.3828125 0.0 1.0
671 87.025390625 81.0 0.3828125 0.0 1.0
672 87.025390625 81.0 0.3828125 0.0 1.0
673 87.181640625 81.0 0.3818359375 0.0 1.0
674 87.181640625 81.0 0.3818359375 0.0 1.0
675 87.181640625 81.0 0.3818359375 0.0 1.0
676 87.181640625 81.0 0.3818359375 0.0 1.0
677 87.181640625 81.0 0.3818359375 0.0 1.0
678 87.181640625 81.0 0.3818359375 0.0 1.0
679 87.181640625 81.0 0.3818359375 0.0 1.0
680 87.181640625 81.0 0.3818359375 0.0 1.0
681 87.181640625 81.0 0.3818359375 0.0 1.0
682 87.181640625 81.0 0.3818359375 0.0 1.0
683 87.181640625 81.0 0.3818359375 0.0 1.0
684 87.181640625 81.0 0.3818359375 0.0 1.0
685 87.181640625 81.0 0.3818359375 0.0 1.0
686 87.181640625 81.0 0.3818359375 0.0 1.0
687 87.181640625 81.0 0.3818359375 0.0 1.0
688 87.181640625 81.0 0.3818359375 0.0 1.0
689 87.181640625 81.0 0.3818359375 0.0 1.0
690 87.181640625 81.0 0.3818359375 0.0 1.0
691 87.181640625 81.0 0.3818359375 0.0 1.0
692 87.181640625 81.0 0.3818359375 0.0 1.0
693 87.181640625 81.0 0.3818359375 0.0 1.0
694 87.181640625 81.0 0.3818359375 0.0 1.0
695 87.181640625 81.0 0.3818359375 0.0 1.0
696 87.181640625 81.0 0.3818359375 0.0 1.0
697 87.181640625 81.0 0.3818359375 0.0 1.0
698 87.181640625 81.0 0.3818359375 0.0 1.0
699 87.181640625 81.0 0.3818359375 0.0 1.0
700 87.181640625 81.0 0.3818359375 0.0 1.0
701 87.181640625 81.0 0.3818359375 0.0 1.0
702 87.181640625 81.0 0.3818359375 0.0 1.0
703 87.181640625 81.0 0.3818359375 0.0 1.0
704 87.181640625 81.0 0.3818359375 0.0 1.0
705 87.181640625 81.0 0.380859375 0.0 1.0
706 87.181640625 81.0 0.380859375 0.0 1.0
707 87.181640625 81.0 0.380859375 0.0 1.0
708 87.181640625 81.0 0.380859375 0.0 1.0
709 87.181640625 81.0 0.380859375 0.0 1.0
710 87.181640625 81.0 0.380859375 0.0 1.0
711 87.181640625 81.0 0.380859375 0.0 1.0
712 87.181640625 81.0 0.380859375 0.0 1.0
713 87.201171875 81.0 0.3798828125 0.0 1.0
714 87.201171875 81.0 0.3798828125 0.0 1.0
715 87.201171875 81.0 0.3798828125 0.0 1.0
716 87.201171875 81.0 0.3798828125 0.0 1.0
717 87.201171875 81.0 0.3798828125 0.0 1.0
718 87.2109375 81.0 0.37890625 0.0 1.0
719 87.2109375 81.0 0.37890625 0.0 1.0
720 87.2109375 81.0 0.37890625 0.0 1.0
721 87.2109375 81.0 0.37890625 0.0 1.0
722 87.2109375 81.0 0.37890625 0.0 1.0
723 87.2109375 81.0 0.37890625 0.0 1.0
724 87.2109375 81.0 0.3779296875 0.0 1.0
725 87.2109375 81.0 0.3779296875 0.0 1.0
726 87.2109375 81.0 0.3779296875 0.0 1.0
727 87.2109375 81.0 0.3779296875 0.0 1.0
728 87.2109375 81.0 0.3779296875 0.0 1.0
729 87.23046875 81.0 0.376953125 0.0 1.0
730 87.23046875 81.0 0.376953125 0.0 1.0
731 87.23046875 81.0 0.375 0.0 2.0
732 87.23046875 81.0 0.375 0.0 2.0
733 87.23046875 81.0 0.375 0.0 2.0
734 87.23046875 81.0 0.3740234375 0.0 2.0
735 87.23046875 81.0 0.3740234375 0.0 2.0
736 87.23046875 81.0 0.3740234375 0.0 1.0
737 87.23046875 81.0 0.3740234375 0.0 1.0
738 87.23046875 81.0 0.3740234375 0.0 1.0
739 87.23046875 81.0 0.3740234375 0.0 1.0
740 87.23046875 81.0 0.3740234375 0.0 1.0
741 87.23046875 81.0 0.3740234375 0.0 1.0
742 87.23046875 81.0 0.3740234375 0.0 1.0
743 87.23046875 81.0 0.3740234375 0.0 1.0
744 87.23046875 81.0 0.3740234375 0.0 1.0
745 87.23046875 81.0 0.3740234375 0.0 1.0
746 87.23046875 81.0 0.3740234375 0.0 1.0
747 87.23046875 81.0 0.3740234375 0.0 1.0
748 87.23046875 81.0 0.3740234375 0.0 1.0
749 87.23046875 81.0 0.3740234375 0.0 1.0
750 87.23046875 81.0 0.3740234375 0.0 1.0
751 87.23046875 81.0 0.3740234375 0.0 1.0
752 87.23046875 81.0 0.3740234375 0.0 1.0
753 87.23046875 81.0 0.3740234375 0.0 1.0
754 87.23046875 81.0 0.3740234375 0.0 1.0
755 87.23046875 81.0 0.3740234375 0.0 1.0
756 87.23046875 81.0 0.3740234375 0.0 1.0
757 87.23046875 81.0 0.3740234375 0.0 1.0
758 87.23046875 81.0 0.3740234375 0.0 1.0
759 87.23046875 81.0 0.3740234375 0.0 1.0
760 87.23046875 81.0 0.3740234375 0.0 1.0
761 87.23046875 81.0 0.3740234375 0.0 1.0
762 87.23046875 81.0 0.3740234375 0.0 1.0
763 87.23046875 81.0 0.3740234375 0.0 1.0
764 87.23046875 81.0 0.3740234375 0.0 1.0
765 87.23046875 81.0 0.3740234375 0.0 1.0
766 87.23046875 81.0 0.3740234375 0.0 1.0
767 87.23046875 81.0 0.3740234375 0.0 1.0
768 87.23046875 81.0 0.3740234375 0.0 1.0
769 87.23046875 81.0 0.3740234375 0.0 1.0
770 87.23046875 81.0 0.3740234375 0.0 1.0
771 87.23046875 81.0 0.3740234375 0.0 1.0
772 87.23046875 81.0 0.373046875 0.0 1.0
773 87.23046875 81.0 0.373046875 0.0 1.0
774 87.23046875 81.0 0.373046875 0.0 1.0
775 87.23046875 81.0 0.373046875 0.0 1.0
776 87.23046875 81.0 0.373046875 0.0 1.0
777 87.23046875 81.0 0.373046875 0.0 1.0
778 87.23046875 81.0 0.373046875 0.0 1.0
779 87.23046875 81.0 0.373046875 0.0 1.0
780 87.23046875 81.0 0.373046875 0.0 1.0
781 87.23046875 81.0 0.373046875 0.0 1.0
782 87.23046875 81.0 0.373046875 0.0 1.0
783 87.23046875 81.0 0.373046875 0.0 1.0
784 87.23046875 81.0 0.373046875 0.0 1.0
785 87.23046875 81.0 0.373046875 0.0 1.0
786 87.23046875 81.0 0.373046875 0.0 1.0
787 87.23046875 81.0 0.373046875 0.0 1.0
788 87.23046875 81.0 0.373046875 0.0 1.0
789 87.23046875 81.0 0.373046875 0.0 1.0
790 87.23046875 81.0 0.373046875 0.0 1.0
791 87.23046875 81.0 0.373046875 0.0 1.0
792 87.23046875 81.0 0.373046875 0.0 1.0
793 87.23046875 81.0 0.373046875 0.0 1.0
794 87.23046875 81.0 0.373046875 0.0 1.0
795 87.23046875 81.0 0.373046875 0.0 1.0
796 87.23046875 81.0 0.373046875 0.0 1.0
797 87.279296875 81.0 0.3720703125 0.0 1.0
798 87.279296875 81.0 0.3720703125 0.0 1.0
799 87.279296875 81.0 0.3720703125 0.0 1.0
800 87.279296875 81.0 0.3720703125 0.0 1.0
801 87.279296875 81.0 0.3720703125 0.0 1.0
802 87.279296875 81.0 0.3720703125 0.0 1.0
803 87.279296875 81.0 0.3720703125 0.0 1.0
804 87.279296875 81.0 0.37109375 0.0 1.0
805 87.279296875 81.0 0.37109375 0.0 1.0
806 87.279296875 81.0 0.37109375 0.0 1.0
807 87.279296875 81.0 0.37109375 0.0 1.0
808 87.279296875 81.0 0.37109375 0.0 1.0
809 87.279296875 81.0 0.37109375 0.0 1.0
810 87.279296875 81.0 0.37109375 0.0 1.0
811 87.279296875 81.0 0.37109375 0.0 1.0
812 87.279296875 81.0 0.37109375 0.0 1.0
813 87.279296875 81.0 0.37109375 0.0 1.0
814 87.279296875 81.0 0.37109375 0.0 1.0
815 87.279296875 81.0 0.37109375 0.0 1.0
816 87.279296875 81.0 0.37109375 0.0 1.0
817 87.279296875 81.0 0.37109375 0.0 1.0
818 87.279296875 81.0 0.37109375 0.0 1.0
819 87.279296875 81.0 0.37109375 0.0 1.0
820 87.279296875 81.0 0.37109375 0.0 1.0
821 87.279296875 81.0 0.37109375 0.0 1.0
822 87.279296875 81.0 0.37109375 0.0 1.0
823 87.279296875 81.0 0.37109375 0.0 1.0
824 87.279296875 81.0 0.37109375 0.0 1.0
825 87.30859375 81.0 0.369140625 0.0 1.0
826 87.30859375 81.0 0.369140625 0.0 1.0
827 87.30859375 81.0 0.369140625 0.0 1.0
828 87.30859375 81.0 0.369140625 0.0 1.0
829 87.30859375 81.0 0.369140625 0.0 1.0
830 87.30859375 81.0 0.369140625 0.0 1.0
831 87.30859375 81.0 0.369140625 0.0 1.0
832 87.3173828125 81.0 0.3681640625 0.0 1.0
833 87.3173828125 81.0 0.3681640625 0.0 1.0
834 87.3173828125 81.0 0.3681640625 0.0 1.0
835 87.3173828125 81.0 0.3681640625 0.0 1.0
836 87.318359375 81.0 0.3681640625 0.0 1.0
837 87.318359375 81.0 0.3681640625 0.0 1.0
838 87.318359375 81.0 0.3681640625 0.0 1.0
839 87.318359375 81.0 0.3671875 0.0 1.0
840 87.318359375 81.0 0.3671875 0.0 1.0
841 87.328125 81.0 0.3671875 0.0 1.0
842 87.328125 81.0 0.3671875 0.0 1.0
843 87.328125 81.0 0.3671875 0.0 1.0
844 87.328125 81.0 0.3671875 0.0 1.0
845 87.328125 81.0 0.3671875 0.0 1.0
846 87.328125 81.0 0.3671875 0.0 1.0
847 87.328125 81.0 0.3671875 0.0 1.0
848 87.328125 81.0 0.3671875 0.0 1.0
849 87.328125 81.0 0.3671875 0.0 1.0
850 87.328125 81.0 0.3671875 0.0 1.0
851 87.328125 81.0 0.3671875 0.0 1.0
852 87.328125 81.0 0.3671875 0.0 1.0
853 87.328125 81.0 0.3671875 0.0 1.0
854 87.328125 81.0 0.3671875 0.0 1.0
855 87.328125 81.0 0.3671875 0.0 1.0
856 87.328125 81.0 0.3671875 0.0 1.0
857 87.328125 81.0 0.3671875 0.0 1.0
858 87.328125 81.0 0.3671875 0.0 1.0
859 87.328125 81.0 0.3671875 0.0 1.0
860 87.328125 81.0 0.3671875 0.0 1.0
861 87.328125 81.0 0.3671875 0.0 1.0
862 87.328125 81.0 0.3671875 0.0 1.0
863 87.328125 81.0 0.3671875 0.0 1.0
864 87.328125 81.0 0.3671875 0.0 1.0
865 87.328125 81.0 0.3671875 0.0 1.0
866 87.3291015625 81.0 0.3671875 0.0 1.0
867 87.337890625 81.0 0.3662109375 0.0 1.0
868 87.337890625 81.0 0.3662109375 0.0 1.0
869 87.337890625 81.0 0.3662109375 0.0 1.0
870 87.337890625 81.0 0.3662109375 0.0 1.0
871 87.337890625 81.0 0.3662109375 0.0 1.0
872 87.337890625 81.0 0.3662109375 0.0 1.0
873 87.337890625 81.0 0.3662109375 0.0 1.0
874 87.337890625 81.0 0.3662109375 0.0 1.0
875 87.337890625 81.0 0.3662109375 0.0 1.0
876 87.337890625 81.0 0.3662109375 0.0 1.0
877 87.337890625 81.0 0.3662109375 0.0 1.0
878 87.337890625 81.0 0.3662109375 0.0 1.0
879 87.337890625 81.0 0.3662109375 0.0 1.0
880 87.337890625 81.0 0.3662109375 0.0 1.0
881 87.337890625 81.0 0.3662109375 0.0 1.0
882 87.337890625 81.0 0.3662109375 0.0 1.0
883 87.337890625 81.0 0.3662109375 0.0 1.0
884 87.337890625 81.0 0.3662109375 0.0 1.0
885 87.337890625 81.0 0.3662109375 0.0 1.0
886 87.337890625 81.0 0.3662109375 0.0 1.0
887 87.337890625 81.0 0.3662109375 0.0 1.0
888 87.337890625 81.0 0.3662109375 0.0 1.0
889 87.337890625 81.0 0.3662109375 0.0 1.0
890 87.337890625 81.0 0.3662109375 0.0 1.0
891 87.337890625 81.0 0.3662109375 0.0 1.0
892 87.337890625 81.0 0.3662109375 0.0 1.0
893 87.337890625 81.0 0.3662109375 0.0 1.0
894 87.337890625 81.0 0.3662109375 0.0 1.0
895 87.337890625 81.0 0.3662109375 0.0 1.0
896 87.337890625 81.0 0.3662109375 0.0 1.0
897 87.337890625 81.0 0.3662109375 0.0 1.0
898 87.337890625 81.0 0.3662109375 0.0 1.0
899 87.337890625 81.0 0.3662109375 0.0 1.0
900 87.337890625 81.0 0.3662109375 0.0 1.0
901 87.337890625 81.0 0.3662109375 0.0 1.0
902 87.337890625 81.0 0.3662109375 0.0 1.0
903 87.337890625 81.0 0.3662109375 0.0 1.0
904 87.337890625 81.0 0.3662109375 0.0 1.0
905 87.337890625 81.0 0.3662109375 0.0 1.0
906 87.337890625 81.0 0.3662109375 0.0 1.0
907 87.337890625 81.0 0.3662109375 0.0 1.0
908 87.337890625 81.0 0.3662109375 0.0 1.0
909 87.337890625 81.0 0.3662109375 0.0 1.0
910 87.337890625 81.0 0.3662109375 0.0 1.0
911 87.337890625 81.0 0.3662109375 0.0 1.0
912 87.337890625 81.0 0.3662109375 0.0 1.0
913 87.337890625 81.0 0.3662109375 0.0 1.0
914 87.337890625 81.0 0.3662109375 0.0 1.0
915 87.337890625 81.0 0.3662109375 0.0 1.0
916 87.337890625 81.0 0.3662109375 0.0 1.0
917 87.337890625 81.0 0.3662109375 0.0 1.0
918 87.337890625 81.0 0.3662109375 0.0 1.0
919 87.337890625 81.0 0.3662109375 0.0 1.0
920 87.337890625 81.0 0.3662109375 0.0 1.0
921 87.337890625 81.0 0.3662109375 0.0 1.0
922 87.337890625 81.0 0.3662109375 0.0 1.0
923 87.337890625 81.0 0.3662109375 0.0 1.0
924 87.337890625 81.0 0.3662109375 0.0 1.0
925 87.337890625 81.0 0.3662109375 0.0 1.0
926 87.337890625 81.0 0.3662109375 0.0 1.0
927 87.337890625 81.0 0.3662109375 0.0 1.0
928 87.337890625 81.0 0.3662109375 0.0 1.0
929 87.337890625 81.0 0.3662109375 0.0 1.0
930 87.337890625 81.0 0.3662109375 0.0 1.0
931 87.337890625 81.0 0.3662109375 0.0 1.0
932 87.337890625 81.0 0.3662109375 0.0 1.0
933 87.337890625 81.0 0.3662109375 0.0 1.0
934 87.337890625 81.0 0.3662109375 0.0 1.0
935 87.337890625 81.0 0.3662109375 0.0 1.0
936 87.337890625 81.0 0.3662109375 0.0 1.0
937 87.337890625 81.0 0.3662109375 0.0 1.0
938 87.337890625 81.0 0.3662109375 0.0 1.0
939 87.337890625 81.0 0.3662109375 0.0 1.0
940 87.337890625 81.0 0.365234375 0.0 1.0
941 87.337890625 81.0 0.365234375 0.0 1.0
942 87.337890625 81.0 0.365234375 0.0 1.0
943 87.337890625 81.0 0.365234375 0.0 1.0
944 87.337890625 81.0 0.365234375 0.0 1.0
945 87.337890625 81.0 0.365234375 0.0 1.0
946 87.337890625 81.0 0.365234375 0.0 1.0
947 87.337890625 81.0 0.365234375 0.0 1.0
948 87.357421875 81.0 0.3642578125 0.0 1.0
949 87.357421875 81.0 0.3642578125 0.0 1.0
950 87.357421875 81.0 0.3642578125 0.0 1.0
951 87.357421875 81.0 0.3642578125 0.0 1.0
952 87.357421875 81.0 0.3642578125 0.0 1.0
953 87.357421875 81.0 0.3642578125 0.0 1.0
954 87.3671875 81.0 0.36328125 0.0 1.0
955 87.3671875 81.0 0.36328125 0.0 1.0
956 87.3671875 81.0 0.36328125 0.0 1.0
957 87.3671875 81.0 0.36328125 0.0 1.0
958 87.3671875 81.0 0.36328125 0.0 1.0
959 87.3671875 81.0 0.36328125 0.0 1.0
960 87.3671875 81.0 0.36328125 0.0 1.0
961 87.3671875 81.0 0.36328125 0.0 1.0
962 87.3671875 81.0 0.36328125 0.0 1.0
963 87.3671875 81.0 0.36328125 0.0 1.0
964 87.3671875 81.0 0.36328125 0.0 1.0
965 87.3671875 81.0 0.36328125 0.0 1.0
966 87.3671875 81.0 0.36328125 0.0 1.0
967 87.3671875 81.0 0.36328125 0.0 1.0
968 87.3671875 81.0 0.36328125 0.0 1.0
969 87.3671875 81.0 0.3623046875 0.0 1.0
970 87.3671875 81.0 0.3623046875 0.0 1.0
971 87.3671875 81.0 0.3623046875 0.0 1.0
972 87.3671875 81.0 0.3623046875 0.0 1.0
973 87.3671875 81.0 0.3623046875 0.0 1.0
974 87.3671875 81.0 0.3623046875 0.0 1.0
975 87.3671875 81.0 0.3623046875 0.0 1.0
976 87.3671875 81.0 0.3623046875 0.0 1.0
977 87.3671875 81.0 0.3623046875 0.0 1.0
978 87.3671875 81.0 0.3623046875 0.0 1.0
979 87.3671875 81.0 0.3623046875 0.0 1.0
980 87.3671875 81.0 0.3623046875 0.0 1.0
981 87.3671875 81.0 0.3623046875 0.0 1.0
982 87.3671875 81.0 0.3623046875 0.0 1.0
983 87.3671875 81.0 0.3623046875 0.0 1.0
984 87.3671875 81.0 0.3623046875 0.0 1.0
985 87.3671875 81.0 0.3623046875 0.0 1.0
986 87.3671875 81.0 0.3623046875 0.0 1.0
987 87.3671875 81.0 0.3623046875 0.0 1.0
988 87.3671875 81.0 0.3623046875 0.0 1.0
989 87.3671875 81.0 0.3623046875 0.0 1.0
990 87.3671875 81.0 0.3623046875 0.0 1.0
991 87.38671875 81.0 0.361328125 0.0 1.0
992 87.38671875 81.0 0.361328125 0.0 1.0
993 87.38671875 81.0 0.361328125 0.0 1.0
994 87.38671875 81.0 0.361328125 0.0 1.0
995 87.38671875 81.0 0.361328125 0.0 1.0
996 87.38671875 81.0 0.361328125 0.0 1.0
997 87.38671875 81.0 0.361328125 0.0 1.0
998 87.38671875 81.0 0.361328125 0.0 1.0
999 87.38671875 81.0 0.361328125 0.0 1.0
1000 87.38671875 81.0 0.361328125 0.0 1.0
