gen HV HVnoDiscount fitness_notKilledMutants notKilledNonEqMutants fitness_testSuiteSize
1 6.01953125 5.0 8.9296875 6.0 5.0
2 9.5703125 7.0 8.6328125 6.0 3.0
3 9.6796875 7.0 8.6171875 6.0 3.0
4 9.84375 7.0 8.59375 6.0 3.0
5 9.953125 7.0 8.578125 6.0 3.0
6 10.2265625 7.0 8.5390625 6.0 3.0
7 10.609375 7.0 8.484375 6.0 3.0
8 10.828125 7.0 8.453125 6.0 3.0
9 10.9921875 7.0 8.4296875 6.0 3.0
10 11.2109375 7.0 8.3984375 6.0 3.0
11 11.3203125 7.0 8.3828125 6.0 3.0
12 11.375 7.0 8.375 6.0 3.0
13 11.703125 7.0 8.328125 6.0 3.0
14 11.7578125 7.0 8.3203125 6.0 3.0
15 12.03125 7.0 8.28125 6.0 3.0
16 12.25 7.0 8.25 6.0 3.0
17 18.375 13.0 7.234375 5.0 4.0
18 18.375 13.0 7.1953125 5.0 4.0
19 18.375 13.0 7.1953125 5.0 4.0
20 18.9453125 13.0 7.1484375 5.0 4.0
21 18.9453125 13.0 7.1484375 5.0 4.0
22 18.9453125 13.0 7.1484375 5.0 4.0
23 19.2890625 13.0 7.1015625 5.0 4.0
24 19.2890625 13.0 7.1015625 5.0 4.0
25 19.2890625 13.0 7.0546875 5.0 4.0
26 19.2890625 13.0 7.0546875 5.0 4.0
27 19.2890625 13.0 7.0546875 5.0 4.0
28 20.1015625 13.0 6.984375 5.0 4.0
29 20.1015625 13.0 6.984375 5.0 4.0
30 20.1015625 13.0 6.984375 5.0 4.0
31 20.1015625 13.0 6.953125 5.0 4.0
32 20.1015625 13.0 6.953125 5.0 4.0
33 22.84765625 17.0 6.04296875 4.0 5.0
34 22.84765625 17.0 6.04296875 4.0 5.0
35 22.84765625 17.0 6.04296875 4.0 5.0
36 22.84765625 17.0 6.04296875 4.0 5.0
37 22.84765625 17.0 6.04296875 4.0 5.0
38 22.84765625 17.0 6.04296875 4.0 5.0
39 22.84765625 17.0 6.04296875 4.0 5.0
40 22.84765625 17.0 6.04296875 4.0 5.0
41 22.84765625 17.0 6.04296875 4.0 5.0
42 22.84765625 17.0 6.04296875 4.0 5.0
43 23.5625 17.0 5.90625 4.0 5.0
44 23.5625 17.0 5.90625 4.0 5.0
45 23.5625 17.0 5.90625 4.0 5.0
46 23.5625 17.0 5.90625 4.0 5.0
47 23.5625 17.0 5.90625 4.0 5.0
48 23.5625 17.0 5.90625 4.0 5.0
49 23.5625 17.0 5.90625 4.0 5.0
50 23.5625 17.0 5.90625 4.0 5.0
51 23.5625 17.0 5.8984375 4.0 5.0
52 23.5625 17.0 5.8984375 4.0 5.0
53 23.5625 17.0 5.8984375 4.0 5.0
54 24.974609375 17.0 5.857421875 4.0 5.0
55 24.974609375 17.0 5.857421875 4.0 5.0
56 24.974609375 17.0 5.83984375 4.0 5.0
57 24.974609375 17.0 5.83984375 4.0 5.0
58 24.974609375 17.0 5.81640625 4.0 5.0
59 24.974609375 17.0 5.81640625 4.0 5.0
60 24.974609375 17.0 5.81640625 4.0 5.0
61 24.974609375 17.0 5.78125 4.0 5.0
62 24.974609375 17.0 5.78125 4.0 5.0
63 24.974609375 17.0 5.78125 4.0 5.0
64 24.974609375 17.0 5.78125 4.0 5.0
65 24.974609375 17.0 5.6875 4.0 5.0
66 24.974609375 17.0 5.6875 4.0 5.0
67 24.974609375 17.0 5.646484375 4.0 5.0
68 24.974609375 17.0 5.646484375 4.0 5.0
69 24.974609375 17.0 5.599609375 4.0 5.0
70 24.974609375 17.0 5.599609375 4.0 5.0
71 24.974609375 17.0 5.5703125 4.0 5.0
72 24.974609375 17.0 5.5703125 4.0 5.0
73 25.75390625 17.0 5.541015625 4.0 5.0
74 25.75390625 17.0 5.541015625 4.0 5.0
75 25.923828125 17.0 5.51171875 4.0 5.0
76 25.923828125 17.0 5.51171875 4.0 5.0
77 25.923828125 17.0 5.48828125 4.0 5.0
78 25.923828125 17.0 5.48828125 4.0 5.0
79 26.3515625 17.0 5.44140625 4.0 5.0
80 26.3515625 17.0 5.44140625 4.0 5.0
81 26.515625 17.0 5.412109375 4.0 5.0
82 26.515625 17.0 5.412109375 4.0 5.0
83 27.591796875 18.0 5.400390625 4.0 5.0
84 27.591796875 18.0 5.400390625 4.0 5.0
85 27.591796875 18.0 5.3828125 4.0 5.0
86 27.591796875 18.0 5.3828125 4.0 5.0
87 27.591796875 18.0 5.376953125 4.0 5.0
88 27.591796875 18.0 5.376953125 4.0 5.0
89 27.87890625 18.0 5.353515625 4.0 4.0
90 27.87890625 18.0 5.353515625 4.0 4.0
91 27.87890625 18.0 5.353515625 4.0 4.0
92 27.87890625 18.0 5.353515625 4.0 4.0
93 27.87890625 18.0 5.353515625 4.0 4.0
94 27.87890625 18.0 5.353515625 4.0 4.0
95 27.87890625 18.0 5.353515625 4.0 4.0
96 27.87890625 18.0 5.353515625 4.0 4.0
97 27.87890625 18.0 5.353515625 4.0 4.0
98 27.87890625 18.0 5.353515625 4.0 4.0
99 27.87890625 18.0 5.353515625 4.0 4.0
100 27.87890625 18.0 5.353515625 4.0 4.0
101 27.87890625 18.0 5.353515625 4.0 4.0
102 56.708984375 49.0 2.109375 0.0 3.0
103 56.708984375 49.0 2.109375 0.0 3.0
104 56.708984375 49.0 2.109375 0.0 3.0
105 56.708984375 49.0 2.109375 0.0 3.0
106 56.708984375 49.0 2.109375 0.0 3.0
107 56.708984375 49.0 2.109375 0.0 3.0
108 56.708984375 49.0 2.109375 0.0 3.0
109 56.708984375 49.0 2.109375 0.0 3.0
110 56.708984375 49.0 2.109375 0.0 3.0
111 56.708984375 49.0 2.109375 0.0 3.0
112 56.708984375 49.0 2.109375 0.0 3.0
113 56.708984375 49.0 2.109375 0.0 3.0
114 56.708984375 49.0 2.0419921875 0.0 3.0
115 56.708984375 49.0 2.0419921875 0.0 3.0
116 56.708984375 49.0 2.0419921875 0.0 3.0
117 56.708984375 49.0 2.0419921875 0.0 3.0
118 56.708984375 49.0 2.0419921875 0.0 3.0
119 56.708984375 49.0 2.0419921875 0.0 3.0
120 56.708984375 49.0 2.0419921875 0.0 3.0
121 56.708984375 49.0 2.0419921875 0.0 3.0
122 56.708984375 49.0 2.0419921875 0.0 3.0
123 56.708984375 49.0 2.0419921875 0.0 3.0
124 56.708984375 49.0 2.0419921875 0.0 3.0
125 56.708984375 49.0 2.0419921875 0.0 3.0
126 56.708984375 49.0 2.0419921875 0.0 3.0
127 56.708984375 49.0 2.0419921875 0.0 3.0
128 56.708984375 49.0 2.0419921875 0.0 3.0
129 56.708984375 49.0 2.0419921875 0.0 3.0
130 56.708984375 49.0 2.0419921875 0.0 3.0
131 56.708984375 49.0 2.0419921875 0.0 3.0
132 56.708984375 49.0 2.0419921875 0.0 3.0
133 56.708984375 49.0 2.0419921875 0.0 3.0
134 56.708984375 49.0 2.0419921875 0.0 3.0
135 56.708984375 49.0 2.0419921875 0.0 3.0
136 56.708984375 49.0 2.0419921875 0.0 3.0
137 56.708984375 49.0 2.0419921875 0.0 3.0
138 56.708984375 49.0 2.0419921875 0.0 3.0
139 56.708984375 49.0 2.0419921875 0.0 3.0
140 56.708984375 49.0 2.0419921875 0.0 3.0
141 56.708984375 49.0 2.0419921875 0.0 3.0
142 56.708984375 49.0 2.0419921875 0.0 3.0
143 56.708984375 49.0 2.0419921875 0.0 3.0
144 56.708984375 49.0 2.0419921875 0.0 3.0
145 56.708984375 49.0 2.0419921875 0.0 3.0
146 56.708984375 49.0 2.0419921875 0.0 3.0
147 56.708984375 49.0 2.0419921875 0.0 3.0
148 56.708984375 49.0 2.0419921875 0.0 3.0
149 56.708984375 49.0 2.0419921875 0.0 3.0
150 56.708984375 49.0 2.0419921875 0.0 3.0
151 56.708984375 49.0 2.0419921875 0.0 3.0
152 56.708984375 49.0 2.0419921875 0.0 3.0
153 56.708984375 49.0 2.0419921875 0.0 3.0
154 56.708984375 49.0 2.0419921875 0.0 3.0
155 56.708984375 49.0 2.0419921875 0.0 3.0
156 56.708984375 49.0 2.0419921875 0.0 3.0
157 56.708984375 49.0 2.0419921875 0.0 3.0
158 56.708984375 49.0 2.0419921875 0.0 3.0
159 56.708984375 49.0 2.0419921875 0.0 3.0
160 56.708984375 49.0 2.0419921875 0.0 3.0
161 57.28515625 49.0 1.81640625 0.0 3.0
162 57.28515625 49.0 1.81640625 0.0 3.0
163 58.5390625 49.0 1.8076171875 0.0 3.0
164 58.5390625 49.0 1.8076171875 0.0 3.0
165 58.5390625 49.0 1.798828125 0.0 3.0
166 58.5390625 49.0 1.798828125 0.0 3.0
167 58.5390625 49.0 1.79296875 0.0 3.0
168 58.5390625 49.0 1.79296875 0.0 3.0
169 58.5390625 49.0 1.7841796875 0.0 3.0
170 58.5390625 49.0 1.7841796875 0.0 3.0
171 58.5390625 49.0 1.7783203125 0.0 3.0
172 58.5390625 49.0 1.7783203125 0.0 3.0
173 58.5390625 49.0 1.76953125 0.0 3.0
174 58.5390625 49.0 1.76953125 0.0 3.0
175 58.955078125 49.0 1.7548828125 0.0 3.0
176 58.955078125 49.0 1.7548828125 0.0 3.0
177 58.955078125 49.0 1.7490234375 0.0 3.0
178 58.955078125 49.0 1.7490234375 0.0 3.0
179 59.0986328125 49.0 1.7373046875 0.0 3.0
180 59.0986328125 49.0 1.7373046875 0.0 3.0
181 59.166015625 49.0 1.728515625 0.0 3.0
182 59.166015625 49.0 1.728515625 0.0 3.0
183 59.166015625 49.0 1.716796875 0.0 3.0
184 59.166015625 49.0 1.716796875 0.0 3.0
185 59.166015625 49.0 1.7138671875 0.0 3.0
186 59.166015625 49.0 1.7138671875 0.0 3.0
187 59.166015625 49.0 1.7138671875 0.0 3.0
188 59.166015625 49.0 1.705078125 0.0 3.0
189 59.166015625 49.0 1.705078125 0.0 3.0
190 59.166015625 49.0 1.693359375 0.0 3.0
191 59.166015625 49.0 1.693359375 0.0 3.0
192 59.4970703125 49.0 1.6875 0.0 3.0
193 59.4970703125 49.0 1.6875 0.0 3.0
194 59.5673828125 49.0 1.6787109375 0.0 3.0
195 59.5673828125 49.0 1.6787109375 0.0 3.0
196 59.5673828125 49.0 1.6669921875 0.0 3.0
197 59.5673828125 49.0 1.6669921875 0.0 3.0
198 59.7373046875 49.0 1.658203125 0.0 3.0
199 59.7373046875 49.0 1.658203125 0.0 3.0
200 59.7578125 49.0 1.6552734375 0.0 3.0
201 59.7578125 49.0 1.6552734375 0.0 3.0
202 59.7578125 49.0 1.6552734375 0.0 3.0
203 59.7578125 49.0 1.6494140625 0.0 3.0
204 59.7578125 49.0 1.6494140625 0.0 3.0
205 59.7578125 49.0 1.646484375 0.0 3.0
206 59.7578125 49.0 1.646484375 0.0 3.0
207 59.7578125 49.0 1.6376953125 0.0 3.0
208 59.7578125 49.0 1.6376953125 0.0 3.0
209 59.7578125 49.0 1.634765625 0.0 3.0
210 59.7578125 49.0 1.634765625 0.0 3.0
211 59.9658203125 49.0 1.62890625 0.0 3.0
212 59.9658203125 49.0 1.62890625 0.0 3.0
213 59.9921875 49.0 1.6259765625 0.0 3.0
214 59.9921875 49.0 1.6259765625 0.0 3.0
215 60.0595703125 49.0 1.6171875 0.0 3.0
216 60.0595703125 49.0 1.6171875 0.0 3.0
217 60.1064453125 49.0 1.611328125 0.0 3.0
218 60.1064453125 49.0 1.611328125 0.0 3.0
219 60.1064453125 49.0 1.5966796875 0.0 3.0
220 60.1064453125 49.0 1.5966796875 0.0 3.0
221 60.2265625 49.0 1.5966796875 0.0 3.0
222 60.2265625 49.0 1.5966796875 0.0 3.0
223 60.2265625 49.0 1.59375 0.0 3.0
224 60.2265625 49.0 1.59375 0.0 3.0
225 60.2265625 49.0 1.5908203125 0.0 3.0
226 60.2265625 49.0 1.5908203125 0.0 3.0
227 60.3583984375 49.0 1.5791015625 0.0 3.0
228 60.3583984375 49.0 1.5791015625 0.0 3.0
229 60.3583984375 49.0 1.5791015625 0.0 3.0
230 60.3583984375 49.0 1.5791015625 0.0 3.0
231 60.3583984375 49.0 1.5703125 0.0 3.0
232 60.3583984375 49.0 1.5703125 0.0 3.0
233 60.4609375 49.0 1.5673828125 0.0 3.0
234 60.4609375 49.0 1.5673828125 0.0 3.0
235 60.4609375 49.0 1.5615234375 0.0 3.0
236 60.4609375 49.0 1.5615234375 0.0 3.0
237 60.5546875 49.0 1.5556640625 0.0 3.0
238 60.5546875 49.0 1.5556640625 0.0 3.0
239 60.578125 49.0 1.552734375 0.0 3.0
240 60.578125 49.0 1.552734375 0.0 3.0
241 60.578125 49.0 1.546875 0.0 3.0
242 60.578125 49.0 1.546875 0.0 3.0
243 60.6455078125 49.0 1.5439453125 0.0 3.0
244 60.6455078125 49.0 1.5439453125 0.0 3.0
245 60.6455078125 49.0 1.541015625 0.0 4.0
246 60.6455078125 49.0 1.541015625 0.0 4.0
247 60.6455078125 49.0 1.5380859375 0.0 4.0
248 60.6455078125 49.0 1.5380859375 0.0 4.0
249 60.6455078125 49.0 1.5380859375 0.0 4.0
250 60.6455078125 49.0 1.53515625 0.0 4.0
251 60.6455078125 49.0 1.53515625 0.0 4.0
252 60.6455078125 49.0 1.529296875 0.0 5.0
253 60.6455078125 49.0 1.529296875 0.0 5.0
254 60.6455078125 49.0 1.517578125 0.0 5.0
255 60.6455078125 49.0 1.517578125 0.0 5.0
256 60.6455078125 49.0 1.5146484375 0.0 5.0
257 60.6455078125 49.0 1.5146484375 0.0 5.0
258 60.6455078125 49.0 1.5087890625 0.0 5.0
259 60.6455078125 49.0 1.5087890625 0.0 5.0
260 60.6455078125 49.0 1.5087890625 0.0 5.0
261 60.6455078125 49.0 1.5087890625 0.0 5.0
262 60.6455078125 49.0 1.5029296875 0.0 5.0
263 60.6455078125 49.0 1.5029296875 0.0 5.0
264 60.6455078125 49.0 1.4912109375 0.0 5.0
265 60.6455078125 49.0 1.4912109375 0.0 5.0
266 60.6455078125 49.0 1.4912109375 0.0 5.0
267 60.6455078125 49.0 1.4736328125 0.0 5.0
268 60.6455078125 49.0 1.4736328125 0.0 5.0
269 60.6455078125 49.0 1.4677734375 0.0 5.0
270 60.6455078125 49.0 1.4677734375 0.0 5.0
271 60.6455078125 49.0 1.4619140625 0.0 5.0
272 60.6455078125 49.0 1.4619140625 0.0 5.0
273 60.6455078125 49.0 1.453125 0.0 5.0
274 60.6455078125 49.0 1.453125 0.0 5.0
275 60.6455078125 49.0 1.4501953125 0.0 4.0
276 60.6455078125 49.0 1.4501953125 0.0 4.0
277 60.6455078125 49.0 1.4443359375 0.0 4.0
278 60.6455078125 49.0 1.4443359375 0.0 4.0
279 60.6455078125 49.0 1.4384765625 0.0 4.0
280 60.6455078125 49.0 1.4384765625 0.0 4.0
281 60.6455078125 49.0 1.4384765625 0.0 4.0
282 60.6455078125 49.0 1.4296875 0.0 4.0
283 60.6455078125 49.0 1.4296875 0.0 4.0
284 60.6455078125 49.0 1.4296875 0.0 4.0
285 60.6455078125 49.0 1.4296875 0.0 4.0
286 60.6455078125 49.0 1.4267578125 0.0 4.0
287 60.6455078125 49.0 1.4267578125 0.0 4.0
288 60.6455078125 49.0 1.41796875 0.0 4.0
289 60.6455078125 49.0 1.41796875 0.0 4.0
290 60.6455078125 49.0 1.412109375 0.0 4.0
291 60.6455078125 49.0 1.412109375 0.0 4.0
292 60.6455078125 49.0 1.412109375 0.0 4.0
293 60.6455078125 49.0 1.4091796875 0.0 4.0
294 60.6455078125 49.0 1.4091796875 0.0 4.0
295 60.6455078125 49.0 1.4033203125 0.0 4.0
296 60.6455078125 49.0 1.4033203125 0.0 4.0
297 60.6455078125 49.0 1.400390625 0.0 4.0
298 60.6455078125 49.0 1.400390625 0.0 4.0
299 60.6455078125 49.0 1.400390625 0.0 4.0
300 60.6455078125 49.0 1.3916015625 0.0 4.0
301 60.6455078125 49.0 1.3916015625 0.0 4.0
302 60.6455078125 49.0 1.388671875 0.0 4.0
303 60.6455078125 49.0 1.388671875 0.0 4.0
304 60.6455078125 49.0 1.3798828125 0.0 4.0
305 60.6455078125 49.0 1.3798828125 0.0 4.0
306 60.6455078125 49.0 1.3798828125 0.0 4.0
307 60.6455078125 49.0 1.376953125 0.0 4.0
308 60.6455078125 49.0 1.376953125 0.0 4.0
309 60.6455078125 49.0 1.37109375 0.0 3.0
310 60.6455078125 49.0 1.37109375 0.0 3.0
311 60.6455078125 49.0 1.359375 0.0 3.0
312 60.6455078125 49.0 1.359375 0.0 3.0
313 60.6455078125 49.0 1.353515625 0.0 3.0
314 60.6455078125 49.0 1.353515625 0.0 3.0
315 62.1953125 49.0 1.3505859375 0.0 3.0
316 62.1953125 49.0 1.3505859375 0.0 3.0
317 62.1953125 49.0 1.3505859375 0.0 3.0
318 62.1953125 49.0 1.3505859375 0.0 3.0
319 62.2392578125 49.0 1.3447265625 0.0 3.0
320 62.2392578125 49.0 1.3447265625 0.0 3.0
321 62.2392578125 49.0 1.3447265625 0.0 3.0
322 62.2392578125 49.0 1.3388671875 0.0 3.0
323 62.2392578125 49.0 1.3388671875 0.0 3.0
324 62.2392578125 49.0 1.3388671875 0.0 3.0
325 62.3330078125 49.0 1.3330078125 0.0 3.0
326 62.3330078125 49.0 1.3330078125 0.0 3.0
327 62.3330078125 49.0 1.3330078125 0.0 3.0
328 62.3359375 49.0 1.3330078125 0.0 3.0
329 62.359375 49.0 1.330078125 0.0 3.0
330 62.359375 49.0 1.330078125 0.0 3.0
331 62.40625 49.0 1.32421875 0.0 3.0
332 62.40625 49.0 1.32421875 0.0 3.0
333 62.40625 49.0 1.32421875 0.0 3.0
334 62.40625 49.0 1.32421875 0.0 3.0
335 62.40625 49.0 1.32421875 0.0 3.0
336 62.40625 49.0 1.3212890625 0.0 3.0
337 62.40625 49.0 1.3212890625 0.0 3.0
338 69.4296875 56.0 1.3212890625 0.0 2.0
339 69.4296875 56.0 1.3212890625 0.0 2.0
340 71.134765625 56.0 1.318359375 0.0 2.0
341 71.134765625 56.0 1.318359375 0.0 2.0
342 71.1611328125 56.0 1.3154296875 0.0 2.0
343 71.1611328125 56.0 1.3154296875 0.0 2.0
344 71.1611328125 56.0 1.3125 0.0 2.0
345 71.1611328125 56.0 1.3125 0.0 2.0
346 71.1611328125 56.0 1.3125 0.0 2.0
347 71.1611328125 56.0 1.3125 0.0 2.0
348 71.1611328125 56.0 1.3125 0.0 2.0
349 71.240234375 56.0 1.306640625 0.0 2.0
350 71.240234375 56.0 1.306640625 0.0 2.0
351 71.240234375 56.0 1.306640625 0.0 2.0
352 71.240234375 56.0 1.306640625 0.0 2.0
353 71.240234375 56.0 1.306640625 0.0 2.0
354 71.240234375 56.0 1.306640625 0.0 2.0
355 71.240234375 56.0 1.3037109375 0.0 2.0
356 71.240234375 56.0 1.3037109375 0.0 2.0
357 71.240234375 56.0 1.2978515625 0.0 2.0
358 71.240234375 56.0 1.2978515625 0.0 2.0
359 71.369140625 56.0 1.2919921875 0.0 2.0
360 71.369140625 56.0 1.2919921875 0.0 2.0
361 71.4248046875 56.0 1.2861328125 0.0 2.0
362 71.4248046875 56.0 1.2861328125 0.0 2.0
363 71.4248046875 56.0 1.2802734375 0.0 2.0
364 71.4248046875 56.0 1.2802734375 0.0 2.0
365 71.4248046875 56.0 1.2802734375 0.0 2.0
366 71.5009765625 56.0 1.27734375 0.0 2.0
367 71.5009765625 56.0 1.27734375 0.0 2.0
368 71.5009765625 56.0 1.27734375 0.0 2.0
369 71.5009765625 56.0 1.27734375 0.0 2.0
370 71.52734375 56.0 1.2744140625 0.0 2.0
371 71.52734375 56.0 1.2744140625 0.0 2.0
372 71.52734375 56.0 1.2685546875 0.0 2.0
373 71.52734375 56.0 1.2685546875 0.0 2.0
374 71.52734375 56.0 1.265625 0.0 2.0
375 71.52734375 56.0 1.265625 0.0 2.0
376 71.52734375 56.0 1.2626953125 0.0 2.0
377 71.52734375 56.0 1.2626953125 0.0 2.0
378 71.71484375 56.0 1.25390625 0.0 2.0
379 71.71484375 56.0 1.25390625 0.0 2.0
380 71.71484375 56.0 1.25390625 0.0 2.0
381 71.71484375 56.0 1.25390625 0.0 2.0
382 71.7646484375 56.0 1.248046875 0.0 2.0
383 71.7646484375 56.0 1.248046875 0.0 2.0
384 71.8466796875 56.0 1.2392578125 0.0 2.0
385 71.8466796875 56.0 1.2392578125 0.0 2.0
386 71.8466796875 56.0 1.2392578125 0.0 2.0
387 71.8466796875 56.0 1.2392578125 0.0 2.0
388 71.8466796875 56.0 1.236328125 0.0 2.0
389 71.8466796875 56.0 1.236328125 0.0 2.0
390 71.8466796875 56.0 1.236328125 0.0 2.0
391 71.8466796875 56.0 1.2333984375 0.0 2.0
392 71.8466796875 56.0 1.2333984375 0.0 2.0
393 71.8466796875 56.0 1.23046875 0.0 2.0
394 71.8466796875 56.0 1.23046875 0.0 2.0
395 71.8466796875 56.0 1.23046875 0.0 2.0
396 71.8466796875 56.0 1.23046875 0.0 2.0
397 71.8466796875 56.0 1.2216796875 0.0 2.0
398 71.8466796875 56.0 1.2216796875 0.0 2.0
399 71.8466796875 56.0 1.2216796875 0.0 2.0
400 71.8466796875 56.0 1.2216796875 0.0 2.0
401 72.0283203125 56.0 1.21875 0.0 2.0
402 72.0283203125 56.0 1.21875 0.0 2.0
403 72.0283203125 56.0 1.212890625 0.0 2.0
404 72.0283203125 56.0 1.212890625 0.0 2.0
405 72.1103515625 56.0 1.2099609375 0.0 2.0
406 73.1103515625 57.0 1.2099609375 0.0 2.0
407 73.1103515625 57.0 1.2099609375 0.0 2.0
408 73.1103515625 57.0 1.2041015625 0.0 2.0
409 73.1103515625 57.0 1.2041015625 0.0 2.0
410 73.1103515625 57.0 1.2041015625 0.0 2.0
411 73.1103515625 57.0 1.201171875 0.0 2.0
412 73.1103515625 57.0 1.201171875 0.0 2.0
413 73.1103515625 57.0 1.1953125 0.0 2.0
414 73.1103515625 57.0 1.1953125 0.0 2.0
415 73.1103515625 57.0 1.1923828125 0.0 2.0
416 73.1103515625 57.0 1.1923828125 0.0 2.0
417 73.1103515625 57.0 1.1865234375 0.0 2.0
418 73.1103515625 57.0 1.1865234375 0.0 2.0
419 73.1103515625 57.0 1.1865234375 0.0 2.0
420 73.1103515625 57.0 1.1806640625 0.0 2.0
421 73.1103515625 57.0 1.1806640625 0.0 2.0
422 73.1103515625 57.0 1.1806640625 0.0 2.0
423 73.1103515625 57.0 1.177734375 0.0 2.0
424 73.1103515625 57.0 1.177734375 0.0 2.0
425 73.1103515625 57.0 1.171875 0.0 2.0
426 73.1103515625 57.0 1.171875 0.0 2.0
427 73.1103515625 57.0 1.171875 0.0 2.0
428 73.1103515625 57.0 1.171875 0.0 2.0
429 73.1103515625 57.0 1.171875 0.0 2.0
430 73.1103515625 57.0 1.166015625 0.0 2.0
431 73.1103515625 57.0 1.166015625 0.0 2.0
432 73.1103515625 57.0 1.1630859375 0.0 2.0
433 73.1103515625 57.0 1.1630859375 0.0 2.0
434 73.1103515625 57.0 1.16015625 0.0 2.0
435 73.1103515625 57.0 1.16015625 0.0 2.0
436 73.1103515625 57.0 1.16015625 0.0 2.0
437 73.1103515625 57.0 1.16015625 0.0 2.0
438 73.1103515625 57.0 1.16015625 0.0 2.0
439 73.1103515625 57.0 1.16015625 0.0 2.0
440 73.1103515625 57.0 1.16015625 0.0 2.0
441 73.1103515625 57.0 1.16015625 0.0 2.0
442 73.1103515625 57.0 1.16015625 0.0 2.0
443 73.1103515625 57.0 1.16015625 0.0 2.0
444 73.1103515625 57.0 1.16015625 0.0 2.0
445 73.1103515625 57.0 1.16015625 0.0 2.0
446 73.1103515625 57.0 1.16015625 0.0 2.0
447 73.1103515625 57.0 1.16015625 0.0 2.0
448 73.1103515625 57.0 1.16015625 0.0 2.0
449 73.1103515625 57.0 1.16015625 0.0 2.0
450 73.1103515625 57.0 1.1572265625 0.0 2.0
451 73.1103515625 57.0 1.1572265625 0.0 2.0
452 73.1103515625 57.0 1.1572265625 0.0 2.0
453 73.1103515625 57.0 1.1513671875 0.0 2.0
454 73.1103515625 57.0 1.1513671875 0.0 2.0
455 73.1103515625 57.0 1.1484375 0.0 2.0
456 73.1103515625 57.0 1.1484375 0.0 2.0
457 73.1103515625 57.0 1.1455078125 0.0 2.0
458 73.1103515625 57.0 1.1455078125 0.0 2.0
459 73.1103515625 57.0 1.1396484375 0.0 2.0
460 73.1103515625 57.0 1.1396484375 0.0 2.0
461 73.1103515625 57.0 1.13671875 0.0 2.0
462 73.1103515625 57.0 1.13671875 0.0 2.0
463 73.1103515625 57.0 1.130859375 0.0 2.0
464 73.1103515625 57.0 1.130859375 0.0 2.0
465 73.1103515625 57.0 1.130859375 0.0 2.0
466 73.1103515625 57.0 1.130859375 0.0 2.0
467 73.1103515625 57.0 1.125 0.0 3.0
468 73.1103515625 57.0 1.125 0.0 3.0
469 73.1103515625 57.0 1.119140625 0.0 2.0
470 73.1103515625 57.0 1.119140625 0.0 2.0
471 73.1103515625 57.0 1.1162109375 0.0 2.0
472 73.1103515625 57.0 1.1162109375 0.0 2.0
473 73.1103515625 57.0 1.11328125 0.0 2.0
474 73.1103515625 57.0 1.11328125 0.0 2.0
475 73.1103515625 57.0 1.11328125 0.0 2.0
476 73.1103515625 57.0 1.1103515625 0.0 2.0
477 73.1103515625 57.0 1.1103515625 0.0 2.0
478 73.1103515625 57.0 1.107421875 0.0 2.0
479 73.1103515625 57.0 1.107421875 0.0 2.0
480 73.1103515625 57.0 1.107421875 0.0 2.0
481 73.1103515625 57.0 1.1044921875 0.0 2.0
482 73.1103515625 57.0 1.1044921875 0.0 2.0
483 73.1103515625 57.0 1.1044921875 0.0 2.0
484 73.1103515625 57.0 1.1044921875 0.0 2.0
485 73.1123046875 57.0 1.0986328125 0.0 2.0
486 73.1123046875 57.0 1.0986328125 0.0 2.0
487 73.1123046875 57.0 1.0986328125 0.0 2.0
488 73.1123046875 57.0 1.0986328125 0.0 2.0
489 73.138671875 57.0 1.095703125 0.0 2.0
490 73.138671875 57.0 1.095703125 0.0 2.0
491 73.138671875 57.0 1.0927734375 0.0 2.0
492 73.138671875 57.0 1.0927734375 0.0 2.0
493 73.138671875 57.0 1.08984375 0.0 2.0
494 73.138671875 57.0 1.08984375 0.0 2.0
495 73.244140625 57.0 1.083984375 0.0 2.0
496 73.244140625 57.0 1.083984375 0.0 2.0
497 73.244140625 57.0 1.0810546875 0.0 2.0
498 73.244140625 57.0 1.0810546875 0.0 2.0
499 73.296875 57.0 1.078125 0.0 2.0
500 73.296875 57.0 1.078125 0.0 2.0
501 73.296875 57.0 1.078125 0.0 2.0
502 73.296875 57.0 1.078125 0.0 2.0
503 73.296875 57.0 1.0751953125 0.0 2.0
504 73.296875 57.0 1.0751953125 0.0 2.0
505 73.3759765625 57.0 1.0693359375 0.0 2.0
506 73.3759765625 57.0 1.0693359375 0.0 2.0
507 73.3994140625 57.0 1.06640625 0.0 2.0
508 73.3994140625 57.0 1.06640625 0.0 2.0
509 73.3994140625 57.0 1.0634765625 0.0 2.0
510 73.3994140625 57.0 1.0634765625 0.0 2.0
511 73.455078125 57.0 1.060546875 0.0 2.0
512 73.455078125 57.0 1.060546875 0.0 2.0
513 73.455078125 57.0 1.060546875 0.0 2.0
514 73.455078125 57.0 1.060546875 0.0 2.0
515 73.455078125 57.0 1.060546875 0.0 2.0
516 73.455078125 57.0 1.060546875 0.0 2.0
517 73.455078125 57.0 1.060546875 0.0 2.0
518 73.455078125 57.0 1.0576171875 0.0 2.0
519 73.455078125 57.0 1.0576171875 0.0 2.0
520 73.455078125 57.0 1.0576171875 0.0 2.0
521 73.455078125 57.0 1.0576171875 0.0 2.0
522 73.455078125 57.0 1.0576171875 0.0 2.0
523 73.455078125 57.0 1.0576171875 0.0 2.0
524 73.455078125 57.0 1.0576171875 0.0 2.0
525 73.455078125 57.0 1.0517578125 0.0 2.0
526 73.455078125 57.0 1.0517578125 0.0 2.0
527 73.455078125 57.0 1.048828125 0.0 2.0
528 73.455078125 57.0 1.048828125 0.0 2.0
529 73.455078125 57.0 1.0400390625 0.0 2.0
530 73.455078125 57.0 1.0400390625 0.0 2.0
531 73.6396484375 57.0 1.0400390625 0.0 2.0
532 73.6396484375 57.0 1.0400390625 0.0 2.0
533 73.6396484375 57.0 1.0400390625 0.0 2.0
534 73.6396484375 57.0 1.037109375 0.0 2.0
535 73.6396484375 57.0 1.037109375 0.0 2.0
536 73.6923828125 57.0 1.0341796875 0.0 2.0
537 73.6923828125 57.0 1.0341796875 0.0 2.0
538 73.6923828125 57.0 1.0283203125 0.0 2.0
539 73.6923828125 57.0 1.0283203125 0.0 2.0
540 73.6923828125 57.0 1.0166015625 0.0 2.0
541 73.6923828125 57.0 1.0166015625 0.0 2.0
542 73.900390625 57.0 1.0107421875 0.0 2.0
543 73.900390625 57.0 1.0107421875 0.0 2.0
544 73.900390625 57.0 1.0107421875 0.0 2.0
545 73.900390625 57.0 1.0078125 0.0 2.0
546 73.900390625 57.0 1.0078125 0.0 2.0
547 73.900390625 57.0 1.0048828125 0.0 2.0
548 73.900390625 57.0 1.0048828125 0.0 2.0
549 73.900390625 57.0 1.0048828125 0.0 2.0
550 73.900390625 57.0 1.001953125 0.0 2.0
551 73.900390625 57.0 1.001953125 0.0 2.0
552 73.900390625 57.0 1.001953125 0.0 2.0
553 73.900390625 57.0 1.001953125 0.0 2.0
554 73.900390625 57.0 1.001953125 0.0 2.0
555 73.900390625 57.0 0.9990234375 0.0 2.0
556 73.900390625 57.0 0.9990234375 0.0 2.0
557 73.900390625 57.0 0.99609375 0.0 2.0
558 73.900390625 57.0 0.99609375 0.0 2.0
559 73.900390625 57.0 0.990234375 0.0 2.0
560 73.900390625 57.0 0.990234375 0.0 2.0
561 73.900390625 57.0 0.990234375 0.0 2.0
562 73.900390625 57.0 0.984375 0.0 2.0
563 73.900390625 57.0 0.984375 0.0 2.0
564 74.140625 57.0 0.984375 0.0 2.0
565 74.140625 57.0 0.984375 0.0 2.0
566 74.140625 57.0 0.9814453125 0.0 2.0
567 74.140625 57.0 0.9814453125 0.0 2.0
568 74.140625 57.0 0.97265625 0.0 2.0
569 74.140625 57.0 0.97265625 0.0 2.0
570 74.140625 57.0 0.966796875 0.0 2.0
571 74.140625 57.0 0.966796875 0.0 2.0
572 74.140625 57.0 0.966796875 0.0 2.0
573 74.3251953125 57.0 0.9638671875 0.0 2.0
574 74.3251953125 57.0 0.9638671875 0.0 2.0
575 74.3515625 57.0 0.9609375 0.0 2.0
576 74.3515625 57.0 0.9609375 0.0 2.0
577 74.3515625 57.0 0.9609375 0.0 2.0
578 74.3515625 57.0 0.9609375 0.0 2.0
579 74.3515625 57.0 0.9580078125 0.0 2.0
580 74.3515625 57.0 0.9580078125 0.0 2.0
581 74.3515625 57.0 0.9521484375 0.0 2.0
582 74.3515625 57.0 0.9521484375 0.0 2.0
583 74.3515625 57.0 0.94921875 0.0 2.0
584 74.3515625 57.0 0.94921875 0.0 2.0
585 74.45703125 57.0 0.94921875 0.0 2.0
586 74.45703125 57.0 0.94921875 0.0 2.0
587 74.45703125 57.0 0.94921875 0.0 2.0
588 74.45703125 57.0 0.94921875 0.0 2.0
589 74.48046875 57.0 0.9462890625 0.0 2.0
590 74.48046875 57.0 0.9462890625 0.0 2.0
591 74.48046875 57.0 0.9404296875 0.0 2.0
592 74.48046875 57.0 0.9404296875 0.0 2.0
593 74.48046875 57.0 0.9404296875 0.0 2.0
594 74.48046875 57.0 0.9375 0.0 2.0
595 74.48046875 57.0 0.9375 0.0 2.0
596 74.48046875 57.0 0.931640625 0.0 2.0
597 74.48046875 57.0 0.931640625 0.0 2.0
598 74.615234375 57.0 0.931640625 0.0 2.0
599 74.6416015625 57.0 0.9287109375 0.0 2.0
600 74.6416015625 57.0 0.9287109375 0.0 2.0
601 74.6416015625 57.0 0.9287109375 0.0 2.0
602 74.6650390625 57.0 0.92578125 0.0 2.0
603 74.6650390625 57.0 0.92578125 0.0 2.0
604 74.69140625 57.0 0.9228515625 0.0 2.0
605 74.69140625 57.0 0.9228515625 0.0 2.0
606 74.69140625 57.0 0.9228515625 0.0 2.0
607 74.6943359375 57.0 0.9228515625 0.0 2.0
608 74.6943359375 57.0 0.919921875 0.0 2.0
609 74.6943359375 57.0 0.919921875 0.0 2.0
610 74.6943359375 57.0 0.9140625 0.0 2.0
611 74.6943359375 57.0 0.9140625 0.0 2.0
612 74.6943359375 57.0 0.9111328125 0.0 2.0
613 74.6943359375 57.0 0.9111328125 0.0 2.0
614 74.6943359375 57.0 0.9111328125 0.0 2.0
615 74.6943359375 57.0 0.908203125 0.0 2.0
616 74.6943359375 57.0 0.908203125 0.0 2.0
617 74.6943359375 57.0 0.908203125 0.0 2.0
618 74.6943359375 57.0 0.908203125 0.0 2.0
619 74.826171875 57.0 0.908203125 0.0 2.0
620 74.826171875 57.0 0.90234375 0.0 2.0
621 74.826171875 57.0 0.90234375 0.0 2.0
622 74.87890625 57.0 0.90234375 0.0 2.0
623 74.87890625 57.0 0.90234375 0.0 2.0
624 74.87890625 57.0 0.90234375 0.0 2.0
625 74.87890625 57.0 0.90234375 0.0 2.0
626 74.9052734375 57.0 0.8994140625 0.0 2.0
627 74.9052734375 57.0 0.8994140625 0.0 2.0
628 74.9052734375 57.0 0.896484375 0.0 2.0
629 74.9052734375 57.0 0.896484375 0.0 2.0
630 74.9052734375 57.0 0.890625 0.0 2.0
631 74.9052734375 57.0 0.890625 0.0 2.0
632 74.9052734375 57.0 0.8876953125 0.0 2.0
633 74.9052734375 57.0 0.8876953125 0.0 2.0
634 75.0341796875 57.0 0.884765625 0.0 2.0
635 75.0341796875 57.0 0.884765625 0.0 2.0
636 75.0341796875 57.0 0.8818359375 0.0 2.0
637 75.0341796875 57.0 0.8818359375 0.0 2.0
638 75.0341796875 57.0 0.87890625 0.0 2.0
639 75.0341796875 57.0 0.87890625 0.0 2.0
640 75.08984375 57.0 0.87890625 0.0 2.0
641 75.08984375 57.0 0.873046875 0.0 2.0
642 75.08984375 57.0 0.873046875 0.0 2.0
643 75.08984375 57.0 0.8701171875 0.0 2.0
644 75.08984375 57.0 0.8701171875 0.0 2.0
645 75.21875 57.0 0.8642578125 0.0 2.0
646 75.21875 57.0 0.8642578125 0.0 2.0
647 75.2216796875 57.0 0.8642578125 0.0 2.0
648 75.2216796875 57.0 0.8642578125 0.0 2.0
649 75.2216796875 57.0 0.8642578125 0.0 2.0
650 75.2216796875 57.0 0.8642578125 0.0 2.0
651 75.2216796875 57.0 0.8642578125 0.0 2.0
652 75.2216796875 57.0 0.861328125 0.0 2.0
653 75.2216796875 57.0 0.861328125 0.0 2.0
654 75.2744140625 57.0 0.8583984375 0.0 2.0
655 75.2744140625 57.0 0.8583984375 0.0 2.0
656 75.2744140625 57.0 0.8583984375 0.0 2.0
657 75.2744140625 57.0 0.85546875 0.0 2.0
658 75.2744140625 57.0 0.85546875 0.0 2.0
659 75.2744140625 57.0 0.85546875 0.0 2.0
660 75.2744140625 57.0 0.85546875 0.0 2.0
661 75.2744140625 57.0 0.85546875 0.0 2.0
662 75.2744140625 57.0 0.85546875 0.0 2.0
663 75.2744140625 57.0 0.849609375 0.0 2.0
664 75.2744140625 57.0 0.849609375 0.0 2.0
665 75.353515625 57.0 0.849609375 0.0 2.0
666 75.353515625 57.0 0.849609375 0.0 2.0
667 75.3798828125 57.0 0.8466796875 0.0 2.0
668 75.3798828125 57.0 0.8466796875 0.0 2.0
669 75.3798828125 57.0 0.8466796875 0.0 2.0
670 75.4033203125 57.0 0.84375 0.0 2.0
671 75.4033203125 57.0 0.84375 0.0 2.0
672 75.4033203125 57.0 0.84375 0.0 2.0
673 75.4033203125 57.0 0.8408203125 0.0 2.0
674 75.4033203125 57.0 0.8408203125 0.0 2.0
675 75.4033203125 57.0 0.8408203125 0.0 2.0
676 75.4033203125 57.0 0.8408203125 0.0 2.0
677 75.4033203125 57.0 0.837890625 0.0 2.0
678 75.4033203125 57.0 0.837890625 0.0 2.0
679 75.458984375 57.0 0.837890625 0.0 2.0
680 75.458984375 57.0 0.837890625 0.0 2.0
681 75.4619140625 57.0 0.837890625 0.0 2.0
682 75.51171875 57.0 0.83203125 0.0 2.0
683 75.51171875 57.0 0.83203125 0.0 2.0
684 75.51171875 57.0 0.83203125 0.0 2.0
685 75.51171875 57.0 0.83203125 0.0 2.0
686 75.51171875 57.0 0.83203125 0.0 2.0
687 75.51171875 57.0 0.83203125 0.0 2.0
688 75.5380859375 57.0 0.8291015625 0.0 2.0
689 75.5380859375 57.0 0.8291015625 0.0 2.0
690 75.5380859375 57.0 0.8232421875 0.0 2.0
691 75.5380859375 57.0 0.8232421875 0.0 2.0
692 75.669921875 57.0 0.814453125 0.0 2.0
693 75.669921875 57.0 0.814453125 0.0 2.0
694 75.669921875 57.0 0.814453125 0.0 2.0
695 75.669921875 57.0 0.814453125 0.0 2.0
696 75.669921875 57.0 0.814453125 0.0 2.0
697 75.669921875 57.0 0.814453125 0.0 2.0
698 75.669921875 57.0 0.814453125 0.0 2.0
699 75.669921875 57.0 0.814453125 0.0 2.0
700 75.669921875 57.0 0.814453125 0.0 2.0
701 75.669921875 57.0 0.814453125 0.0 2.0
702 75.669921875 57.0 0.814453125 0.0 2.0
703 75.669921875 57.0 0.814453125 0.0 2.0
704 75.669921875 57.0 0.814453125 0.0 2.0
705 75.72265625 57.0 0.80859375 0.0 2.0
706 75.72265625 57.0 0.80859375 0.0 2.0
707 75.72265625 57.0 0.80859375 0.0 2.0
708 75.72265625 57.0 0.8056640625 0.0 2.0
709 75.72265625 57.0 0.8056640625 0.0 2.0
710 75.72265625 57.0 0.802734375 0.0 2.0
711 75.72265625 57.0 0.802734375 0.0 2.0
712 75.72265625 57.0 0.802734375 0.0 2.0
713 75.72265625 57.0 0.802734375 0.0 2.0
714 75.72265625 57.0 0.802734375 0.0 2.0
715 75.72265625 57.0 0.802734375 0.0 2.0
716 75.72265625 57.0 0.802734375 0.0 2.0
717 75.72265625 57.0 0.802734375 0.0 2.0
718 75.72265625 57.0 0.802734375 0.0 2.0
719 75.72265625 57.0 0.796875 0.0 2.0
720 75.72265625 57.0 0.796875 0.0 2.0
721 75.72265625 57.0 0.796875 0.0 2.0
722 75.72265625 57.0 0.7939453125 0.0 2.0
723 75.72265625 57.0 0.7939453125 0.0 2.0
724 75.72265625 57.0 0.7939453125 0.0 2.0
725 75.72265625 57.0 0.7939453125 0.0 2.0
726 75.72265625 57.0 0.7939453125 0.0 2.0
727 75.880859375 57.0 0.791015625 0.0 2.0
728 75.880859375 57.0 0.791015625 0.0 2.0
729 75.93359375 57.0 0.78515625 0.0 2.0
730 75.93359375 57.0 0.78515625 0.0 2.0
731 75.93359375 57.0 0.78515625 0.0 2.0
732 75.93359375 57.0 0.78515625 0.0 2.0
733 75.93359375 57.0 0.78515625 0.0 2.0
734 75.93359375 57.0 0.78515625 0.0 2.0
735 75.93359375 57.0 0.78515625 0.0 2.0
736 75.93359375 57.0 0.7734375 0.0 2.0
737 75.93359375 57.0 0.7734375 0.0 2.0
738 75.93359375 57.0 0.7734375 0.0 2.0
739 76.0654296875 57.0 0.7705078125 0.0 2.0
740 76.0654296875 57.0 0.7705078125 0.0 2.0
741 76.0654296875 57.0 0.7705078125 0.0 2.0
742 76.0654296875 57.0 0.7705078125 0.0 2.0
743 76.0654296875 57.0 0.7705078125 0.0 2.0
744 76.0654296875 57.0 0.767578125 0.0 2.0
745 76.0654296875 57.0 0.767578125 0.0 2.0
746 76.0654296875 57.0 0.767578125 0.0 2.0
747 76.0654296875 57.0 0.767578125 0.0 2.0
748 76.0654296875 57.0 0.767578125 0.0 2.0
749 76.0654296875 57.0 0.7646484375 0.0 2.0
750 76.0654296875 57.0 0.7646484375 0.0 2.0
751 76.0654296875 57.0 0.7646484375 0.0 2.0
752 76.14453125 57.0 0.76171875 0.0 2.0
753 76.14453125 57.0 0.76171875 0.0 2.0
754 76.14453125 57.0 0.76171875 0.0 2.0
755 76.14453125 57.0 0.76171875 0.0 2.0
756 76.14453125 57.0 0.76171875 0.0 2.0
757 76.14453125 57.0 0.76171875 0.0 2.0
758 76.1708984375 57.0 0.7587890625 0.0 2.0
759 76.1708984375 57.0 0.7587890625 0.0 2.0
760 76.1708984375 57.0 0.7529296875 0.0 2.0
761 76.1708984375 57.0 0.7529296875 0.0 2.0
762 76.2236328125 57.0 0.7529296875 0.0 2.0
763 76.2236328125 57.0 0.7529296875 0.0 2.0
764 76.2236328125 57.0 0.7529296875 0.0 2.0
765 76.2470703125 57.0 0.75 0.0 2.0
766 76.2470703125 57.0 0.75 0.0 2.0
767 76.2470703125 57.0 0.7470703125 0.0 2.0
768 76.2470703125 57.0 0.7470703125 0.0 2.0
769 76.2470703125 57.0 0.744140625 0.0 2.0
770 76.2470703125 57.0 0.744140625 0.0 2.0
771 76.2470703125 57.0 0.744140625 0.0 2.0
772 76.2470703125 57.0 0.7412109375 0.0 2.0
773 76.2470703125 57.0 0.7412109375 0.0 2.0
774 76.2470703125 57.0 0.7353515625 0.0 2.0
775 76.2470703125 57.0 0.7353515625 0.0 2.0
776 76.2470703125 57.0 0.732421875 0.0 2.0
777 76.2470703125 57.0 0.732421875 0.0 2.0
778 76.2470703125 57.0 0.732421875 0.0 2.0
779 76.2470703125 57.0 0.732421875 0.0 2.0
780 76.2470703125 57.0 0.732421875 0.0 2.0
781 76.2470703125 57.0 0.732421875 0.0 2.0
782 76.2470703125 57.0 0.732421875 0.0 2.0
783 76.2470703125 57.0 0.732421875 0.0 2.0
784 76.2470703125 57.0 0.732421875 0.0 2.0
785 76.2470703125 57.0 0.7294921875 0.0 2.0
786 76.2470703125 57.0 0.7294921875 0.0 2.0
787 76.2470703125 57.0 0.7294921875 0.0 2.0
788 76.2470703125 57.0 0.7294921875 0.0 2.0
789 76.2470703125 57.0 0.7294921875 0.0 2.0
790 76.4873046875 57.0 0.7236328125 0.0 2.0
791 76.4873046875 57.0 0.7236328125 0.0 2.0
792 76.4873046875 57.0 0.7236328125 0.0 2.0
793 76.4873046875 57.0 0.7236328125 0.0 2.0
794 76.4873046875 57.0 0.7236328125 0.0 2.0
795 76.513671875 57.0 0.720703125 0.0 2.0
796 76.513671875 57.0 0.720703125 0.0 2.0
797 76.513671875 57.0 0.720703125 0.0 2.0
798 76.513671875 57.0 0.720703125 0.0 2.0
799 76.513671875 57.0 0.720703125 0.0 2.0
800 76.5400390625 57.0 0.7177734375 0.0 2.0
801 76.5400390625 57.0 0.7177734375 0.0 2.0
802 76.5400390625 57.0 0.71484375 0.0 2.0
803 76.5400390625 57.0 0.71484375 0.0 2.0
804 76.5927734375 57.0 0.7119140625 0.0 2.0
805 76.5927734375 57.0 0.7119140625 0.0 2.0
806 76.5927734375 57.0 0.708984375 0.0 2.0
807 76.5927734375 57.0 0.708984375 0.0 2.0
808 76.5927734375 57.0 0.708984375 0.0 2.0
809 76.5927734375 57.0 0.708984375 0.0 2.0
810 76.5927734375 57.0 0.7060546875 0.0 2.0
811 76.5927734375 57.0 0.7060546875 0.0 2.0
812 76.5927734375 57.0 0.7060546875 0.0 2.0
813 76.5927734375 57.0 0.7060546875 0.0 2.0
814 76.5927734375 57.0 0.7060546875 0.0 2.0
815 76.671875 57.0 0.703125 0.0 2.0
816 76.671875 57.0 0.703125 0.0 2.0
817 76.671875 57.0 0.703125 0.0 2.0
818 76.671875 57.0 0.703125 0.0 2.0
819 76.671875 57.0 0.703125 0.0 2.0
820 76.671875 57.0 0.703125 0.0 2.0
821 76.671875 57.0 0.703125 0.0 2.0
822 76.671875 57.0 0.703125 0.0 2.0
823 76.671875 57.0 0.703125 0.0 2.0
824 76.671875 57.0 0.703125 0.0 2.0
825 76.671875 57.0 0.703125 0.0 2.0
826 76.671875 57.0 0.703125 0.0 2.0
827 76.671875 57.0 0.703125 0.0 2.0
828 76.671875 57.0 0.703125 0.0 2.0
829 76.671875 57.0 0.703125 0.0 2.0
830 76.671875 57.0 0.703125 0.0 2.0
831 76.671875 57.0 0.703125 0.0 2.0
832 76.6982421875 57.0 0.7001953125 0.0 2.0
833 76.6982421875 57.0 0.7001953125 0.0 2.0
834 76.6982421875 57.0 0.697265625 0.0 2.0
835 76.6982421875 57.0 0.697265625 0.0 2.0
836 76.6982421875 57.0 0.697265625 0.0 2.0
837 76.6982421875 57.0 0.697265625 0.0 2.0
838 77.724609375 57.0 0.697265625 0.0 2.0
839 77.724609375 57.0 0.697265625 0.0 2.0
840 77.724609375 57.0 0.6943359375 0.0 2.0
841 77.724609375 57.0 0.6943359375 0.0 2.0
842 77.724609375 57.0 0.6943359375 0.0 2.0
843 77.7509765625 57.0 0.6943359375 0.0 2.0
844 77.7509765625 57.0 0.6943359375 0.0 2.0
845 77.7509765625 57.0 0.6943359375 0.0 2.0
846 77.7509765625 57.0 0.6943359375 0.0 2.0
847 77.7509765625 57.0 0.6943359375 0.0 2.0
848 77.7509765625 57.0 0.6943359375 0.0 2.0
849 77.7509765625 57.0 0.6943359375 0.0 2.0
850 77.7509765625 57.0 0.6943359375 0.0 2.0
851 77.7509765625 57.0 0.6943359375 0.0 2.0
852 77.7509765625 57.0 0.6884765625 0.0 2.0
853 77.7509765625 57.0 0.6884765625 0.0 2.0
854 77.7509765625 57.0 0.6826171875 0.0 3.0
855 77.7509765625 57.0 0.6826171875 0.0 3.0
856 77.7509765625 57.0 0.6826171875 0.0 3.0
857 77.7509765625 57.0 0.6796875 0.0 3.0
858 77.7509765625 57.0 0.6796875 0.0 3.0
859 77.7509765625 57.0 0.673828125 0.0 3.0
860 77.7509765625 57.0 0.673828125 0.0 3.0
861 77.7509765625 57.0 0.673828125 0.0 3.0
862 77.7509765625 57.0 0.673828125 0.0 3.0
863 77.7509765625 57.0 0.6708984375 0.0 3.0
864 77.7509765625 57.0 0.6708984375 0.0 3.0
865 77.7509765625 57.0 0.6708984375 0.0 3.0
866 77.7509765625 57.0 0.6708984375 0.0 3.0
867 77.7509765625 57.0 0.6708984375 0.0 3.0
868 77.7509765625 57.0 0.6708984375 0.0 3.0
869 77.7509765625 57.0 0.66796875 0.0 2.0
870 77.7509765625 57.0 0.66796875 0.0 2.0
871 77.7509765625 57.0 0.6650390625 0.0 2.0
872 77.7509765625 57.0 0.6650390625 0.0 2.0
873 77.7509765625 57.0 0.6591796875 0.0 2.0
874 77.7509765625 57.0 0.6591796875 0.0 2.0
875 77.7509765625 57.0 0.65625 0.0 2.0
876 77.7509765625 57.0 0.65625 0.0 2.0
877 77.7509765625 57.0 0.65625 0.0 2.0
878 77.7509765625 57.0 0.65625 0.0 2.0
879 77.7509765625 57.0 0.65625 0.0 2.0
880 77.7509765625 57.0 0.650390625 0.0 2.0
881 77.7509765625 57.0 0.650390625 0.0 2.0
882 77.7509765625 57.0 0.6474609375 0.0 2.0
883 77.7509765625 57.0 0.6474609375 0.0 2.0
884 77.7509765625 57.0 0.6474609375 0.0 2.0
885 77.7509765625 57.0 0.6474609375 0.0 2.0
886 77.7509765625 57.0 0.6474609375 0.0 2.0
887 77.7509765625 57.0 0.6474609375 0.0 2.0
888 77.7509765625 57.0 0.6474609375 0.0 2.0
889 77.7509765625 57.0 0.6474609375 0.0 2.0
890 77.7509765625 57.0 0.6474609375 0.0 2.0
891 77.7509765625 57.0 0.6474609375 0.0 2.0
892 77.7509765625 57.0 0.6474609375 0.0 2.0
893 77.7509765625 57.0 0.6474609375 0.0 2.0
894 77.7509765625 57.0 0.6474609375 0.0 2.0
895 77.7509765625 57.0 0.6474609375 0.0 2.0
896 77.7509765625 57.0 0.6474609375 0.0 2.0
897 77.7509765625 57.0 0.6474609375 0.0 2.0
898 77.7509765625 57.0 0.6416015625 0.0 2.0
899 77.7509765625 57.0 0.6416015625 0.0 2.0
900 77.7509765625 57.0 0.638671875 0.0 2.0
901 77.7509765625 57.0 0.638671875 0.0 2.0
902 77.7509765625 57.0 0.638671875 0.0 2.0
903 77.7509765625 57.0 0.638671875 0.0 2.0
904 77.7509765625 57.0 0.638671875 0.0 2.0
905 77.7509765625 57.0 0.638671875 0.0 2.0
906 77.7509765625 57.0 0.6357421875 0.0 2.0
907 77.7509765625 57.0 0.6357421875 0.0 2.0
908 77.7509765625 57.0 0.6357421875 0.0 2.0
909 77.7509765625 57.0 0.6357421875 0.0 2.0
910 77.7509765625 57.0 0.6328125 0.0 2.0
911 77.7509765625 57.0 0.6328125 0.0 2.0
912 77.7509765625 57.0 0.6328125 0.0 2.0
913 77.7509765625 57.0 0.6298828125 0.0 2.0
914 77.7509765625 57.0 0.6298828125 0.0 2.0
915 77.7509765625 57.0 0.6298828125 0.0 2.0
916 77.7509765625 57.0 0.6298828125 0.0 2.0
917 77.7509765625 57.0 0.6298828125 0.0 2.0
918 77.7509765625 57.0 0.6298828125 0.0 2.0
919 77.7509765625 57.0 0.626953125 0.0 2.0
920 77.7509765625 57.0 0.626953125 0.0 2.0
921 77.7509765625 57.0 0.626953125 0.0 2.0
922 77.7509765625 57.0 0.626953125 0.0 2.0
923 77.7509765625 57.0 0.626953125 0.0 2.0
924 77.7509765625 57.0 0.62109375 0.0 2.0
925 77.7509765625 57.0 0.62109375 0.0 2.0
926 77.7509765625 57.0 0.6181640625 0.0 2.0
927 77.7509765625 57.0 0.6181640625 0.0 2.0
928 77.7509765625 57.0 0.6181640625 0.0 2.0
929 77.7509765625 57.0 0.6123046875 0.0 2.0
930 77.7509765625 57.0 0.6123046875 0.0 2.0
931 77.7509765625 57.0 0.609375 0.0 2.0
932 77.7509765625 57.0 0.609375 0.0 2.0
933 77.7509765625 57.0 0.6064453125 0.0 2.0
934 77.7509765625 57.0 0.6064453125 0.0 2.0
935 77.7509765625 57.0 0.6064453125 0.0 2.0
936 77.7509765625 57.0 0.6064453125 0.0 2.0
937 77.7509765625 57.0 0.603515625 0.0 2.0
938 77.7509765625 57.0 0.603515625 0.0 2.0
939 77.7509765625 57.0 0.6005859375 0.0 2.0
940 77.7509765625 57.0 0.6005859375 0.0 2.0
941 77.7509765625 57.0 0.6005859375 0.0 2.0
942 77.7509765625 57.0 0.59765625 0.0 2.0
943 77.7509765625 57.0 0.59765625 0.0 2.0
944 77.7509765625 57.0 0.59765625 0.0 2.0
945 77.7509765625 57.0 0.59765625 0.0 2.0
946 77.7509765625 57.0 0.5947265625 0.0 2.0
947 77.7509765625 57.0 0.5947265625 0.0 2.0
948 77.7509765625 57.0 0.5947265625 0.0 2.0
949 77.7509765625 57.0 0.5888671875 0.0 2.0
950 77.7509765625 57.0 0.5888671875 0.0 2.0
951 77.7509765625 57.0 0.5888671875 0.0 2.0
952 77.7509765625 57.0 0.5859375 0.0 2.0
953 77.7509765625 57.0 0.5859375 0.0 2.0
954 77.7509765625 57.0 0.5830078125 0.0 2.0
955 77.7509765625 57.0 0.5830078125 0.0 2.0
956 77.7529296875 57.0 0.5830078125 0.0 2.0
957 77.779296875 57.0 0.580078125 0.0 2.0
958 77.779296875 57.0 0.580078125 0.0 2.0
959 77.779296875 57.0 0.580078125 0.0 2.0
960 77.779296875 57.0 0.580078125 0.0 2.0
961 77.8056640625 57.0 0.5771484375 0.0 2.0
962 77.8056640625 57.0 0.5771484375 0.0 2.0
963 77.8056640625 57.0 0.5771484375 0.0 2.0
964 77.8056640625 57.0 0.57421875 0.0 2.0
965 77.8056640625 57.0 0.57421875 0.0 2.0
966 77.8583984375 57.0 0.5712890625 0.0 2.0
967 77.8583984375 57.0 0.5712890625 0.0 2.0
968 77.8583984375 57.0 0.568359375 0.0 2.0
969 77.8583984375 57.0 0.568359375 0.0 2.0
970 77.884765625 57.0 0.568359375 0.0 2.0
971 77.884765625 57.0 0.568359375 0.0 2.0
972 77.884765625 57.0 0.568359375 0.0 2.0
973 77.884765625 57.0 0.568359375 0.0 2.0
974 77.9111328125 57.0 0.5654296875 0.0 2.0
975 77.9111328125 57.0 0.5654296875 0.0 2.0
976 77.9111328125 57.0 0.5654296875 0.0 2.0
977 77.9111328125 57.0 0.5625 0.0 2.0
978 77.9111328125 57.0 0.5625 0.0 2.0
979 77.9111328125 57.0 0.5625 0.0 2.0
980 77.9111328125 57.0 0.556640625 0.0 2.0
981 77.9111328125 57.0 0.556640625 0.0 2.0
982 77.990234375 57.0 0.556640625 0.0 2.0
983 77.990234375 57.0 0.5537109375 0.0 2.0
984 77.990234375 57.0 0.5537109375 0.0 2.0
985 77.990234375 57.0 0.5537109375 0.0 2.0
986 78.0166015625 57.0 0.5537109375 0.0 2.0
987 78.0166015625 57.0 0.5537109375 0.0 2.0
988 78.0166015625 57.0 0.5537109375 0.0 2.0
989 78.0166015625 57.0 0.5537109375 0.0 2.0
990 78.04296875 57.0 0.55078125 0.0 2.0
991 78.04296875 57.0 0.55078125 0.0 2.0
992 78.04296875 57.0 0.5478515625 0.0 2.0
993 78.04296875 57.0 0.5478515625 0.0 2.0
994 78.04296875 57.0 0.5478515625 0.0 2.0
995 78.04296875 57.0 0.5478515625 0.0 2.0
996 78.04296875 57.0 0.544921875 0.0 2.0
997 78.04296875 57.0 0.544921875 0.0 2.0
998 78.04296875 57.0 0.5390625 0.0 2.0
999 78.04296875 57.0 0.5390625 0.0 2.0
1000 78.04296875 57.0 0.5390625 0.0 2.0
