gen HV HVnoDiscount fitness_notKilledMutants notKilledNonEqMutants fitness_testSuiteSize
1 24.919921875 24.0 5.87109375 5.0 4.0
2 25.65234375 24.0 5.724609375 5.0 4.0
3 25.65234375 24.0 5.724609375 5.0 4.0
4 30.15625 28.0 5.689453125 5.0 4.0
5 30.21484375 28.0 5.68359375 5.0 3.0
6 30.654296875 28.0 5.666015625 5.0 3.0
7 30.654296875 28.0 5.666015625 5.0 3.0
8 30.654296875 28.0 5.63671875 5.0 3.0
9 30.654296875 28.0 5.63671875 5.0 3.0
10 30.748046875 28.0 5.607421875 5.0 3.0
11 30.748046875 28.0 5.607421875 5.0 3.0
12 30.830078125 28.0 5.595703125 5.0 3.0
13 30.830078125 28.0 5.595703125 5.0 3.0
14 30.830078125 28.0 5.595703125 5.0 3.0
15 32.416015625 29.0 5.572265625 5.0 3.0
16 32.416015625 29.0 5.572265625 5.0 3.0
17 35.515625 32.0 5.560546875 5.0 2.0
18 35.515625 32.0 5.560546875 5.0 2.0
19 36.107421875 32.0 5.54296875 5.0 2.0
20 36.107421875 32.0 5.54296875 5.0 2.0
21 36.306640625 32.0 5.51953125 5.0 3.0
22 36.306640625 32.0 5.51953125 5.0 3.0
23 36.306640625 32.0 5.484375 5.0 2.0
24 36.306640625 32.0 5.484375 5.0 2.0
25 36.306640625 32.0 5.47265625 5.0 2.0
26 36.306640625 32.0 5.47265625 5.0 2.0
27 36.40625 32.0 5.44921875 5.0 2.0
28 36.40625 32.0 5.44921875 5.0 2.0
29 37.009765625 32.0 5.443359375 5.0 2.0
30 37.009765625 32.0 5.443359375 5.0 2.0
31 37.009765625 32.0 5.42578125 5.0 2.0
32 37.009765625 32.0 5.42578125 5.0 2.0
33 37.361328125 32.0 5.40234375 5.0 2.0
34 37.361328125 32.0 5.40234375 5.0 2.0
35 37.361328125 32.0 5.37890625 5.0 2.0
36 37.361328125 32.0 5.37890625 5.0 2.0
37 49.6796875 46.0 3.56640625 3.0 3.0
38 49.6796875 46.0 3.56640625 3.0 3.0
39 49.6796875 46.0 3.56640625 3.0 3.0
40 49.6796875 46.0 3.56640625 3.0 3.0
41 49.6796875 46.0 3.56640625 3.0 3.0
42 49.6796875 46.0 3.56640625 3.0 3.0
43 49.6796875 46.0 3.56640625 3.0 3.0
44 49.6796875 46.0 3.56640625 3.0 3.0
45 49.6796875 46.0 3.56640625 3.0 3.0
46 49.6796875 46.0 3.56640625 3.0 3.0
47 49.6796875 46.0 3.56640625 3.0 3.0
48 49.6796875 46.0 3.56640625 3.0 3.0
49 49.6796875 46.0 3.56640625 3.0 3.0
50 49.6796875 46.0 3.56640625 3.0 3.0
51 49.6796875 46.0 3.56640625 3.0 3.0
52 49.6796875 46.0 3.56640625 3.0 3.0
53 49.6796875 46.0 3.56640625 3.0 3.0
54 49.6796875 46.0 3.56640625 3.0 3.0
55 49.6796875 46.0 3.56640625 3.0 3.0
56 49.6796875 46.0 3.56640625 3.0 3.0
57 49.6796875 46.0 3.56640625 3.0 3.0
58 49.6796875 46.0 3.56640625 3.0 3.0
59 49.6796875 46.0 3.56640625 3.0 3.0
60 49.6796875 46.0 3.56640625 3.0 3.0
61 49.6796875 46.0 3.56640625 3.0 3.0
62 49.6796875 46.0 3.56640625 3.0 3.0
63 49.6796875 46.0 3.56640625 3.0 3.0
64 49.6796875 46.0 3.56640625 3.0 3.0
65 49.6796875 46.0 3.56640625 3.0 3.0
66 49.6796875 46.0 3.56640625 3.0 3.0
67 49.6796875 46.0 3.56640625 3.0 3.0
68 49.6796875 46.0 3.56640625 3.0 3.0
69 49.6796875 46.0 3.56640625 3.0 3.0
70 73.6728515625 72.0 0.84765625 0.0 2.0
71 73.6728515625 72.0 0.84765625 0.0 2.0
72 73.6728515625 72.0 0.84765625 0.0 2.0
73 73.6728515625 72.0 0.84765625 0.0 2.0
74 73.6728515625 72.0 0.84765625 0.0 2.0
75 73.6728515625 72.0 0.84765625 0.0 2.0
76 73.6728515625 72.0 0.84765625 0.0 2.0
77 73.6728515625 72.0 0.84765625 0.0 2.0
78 73.6728515625 72.0 0.84765625 0.0 2.0
79 73.6728515625 72.0 0.84765625 0.0 2.0
80 73.6728515625 72.0 0.84765625 0.0 2.0
81 73.6728515625 72.0 0.84765625 0.0 2.0
82 73.6728515625 72.0 0.84765625 0.0 2.0
83 73.6728515625 72.0 0.84765625 0.0 2.0
84 73.6728515625 72.0 0.84765625 0.0 2.0
85 73.6728515625 72.0 0.84765625 0.0 2.0
86 73.6728515625 72.0 0.84765625 0.0 2.0
87 73.6728515625 72.0 0.84765625 0.0 2.0
88 73.6728515625 72.0 0.84765625 0.0 2.0
89 73.6728515625 72.0 0.84765625 0.0 2.0
90 73.6728515625 72.0 0.84765625 0.0 2.0
91 73.6728515625 72.0 0.84765625 0.0 2.0
92 73.6728515625 72.0 0.84765625 0.0 2.0
93 73.6728515625 72.0 0.84765625 0.0 2.0
94 73.6728515625 72.0 0.84765625 0.0 2.0
95 73.6728515625 72.0 0.84765625 0.0 2.0
96 73.6728515625 72.0 0.84765625 0.0 2.0
97 73.6728515625 72.0 0.84765625 0.0 2.0
98 73.6728515625 72.0 0.84765625 0.0 2.0
99 73.6728515625 72.0 0.84765625 0.0 2.0
100 73.6728515625 72.0 0.84765625 0.0 2.0
101 73.6728515625 72.0 0.84765625 0.0 2.0
102 73.6728515625 72.0 0.84765625 0.0 2.0
103 73.6728515625 72.0 0.84765625 0.0 2.0
104 73.6728515625 72.0 0.84765625 0.0 2.0
105 73.6728515625 72.0 0.84765625 0.0 2.0
106 73.6728515625 72.0 0.84765625 0.0 2.0
107 73.6728515625 72.0 0.84765625 0.0 2.0
108 73.6728515625 72.0 0.84765625 0.0 2.0
109 73.6728515625 72.0 0.84765625 0.0 2.0
110 73.6728515625 72.0 0.84765625 0.0 2.0
111 73.6728515625 72.0 0.84765625 0.0 2.0
112 73.6728515625 72.0 0.84765625 0.0 2.0
113 73.6728515625 72.0 0.84765625 0.0 2.0
114 73.6728515625 72.0 0.84765625 0.0 2.0
115 73.6728515625 72.0 0.84765625 0.0 2.0
116 73.6728515625 72.0 0.84765625 0.0 2.0
117 73.6728515625 72.0 0.84765625 0.0 2.0
118 73.6728515625 72.0 0.84765625 0.0 2.0
119 73.6728515625 72.0 0.84765625 0.0 2.0
120 73.6728515625 72.0 0.84765625 0.0 2.0
121 73.6728515625 72.0 0.84765625 0.0 2.0
122 73.6728515625 72.0 0.84765625 0.0 2.0
123 73.6728515625 72.0 0.84765625 0.0 2.0
124 73.6728515625 72.0 0.84765625 0.0 2.0
125 73.6728515625 72.0 0.84765625 0.0 2.0
126 73.6728515625 72.0 0.84765625 0.0 2.0
127 73.6728515625 72.0 0.84765625 0.0 2.0
128 73.6728515625 72.0 0.84765625 0.0 2.0
129 73.6728515625 72.0 0.84765625 0.0 2.0
130 73.6728515625 72.0 0.84765625 0.0 2.0
131 73.6728515625 72.0 0.84765625 0.0 2.0
132 73.6728515625 72.0 0.84765625 0.0 2.0
133 73.6728515625 72.0 0.84765625 0.0 2.0
134 73.6728515625 72.0 0.84765625 0.0 2.0
135 73.6728515625 72.0 0.84765625 0.0 2.0
136 73.9873046875 72.0 0.779296875 0.0 2.0
137 73.9873046875 72.0 0.779296875 0.0 2.0
138 73.9873046875 72.0 0.779296875 0.0 2.0
139 73.9873046875 72.0 0.779296875 0.0 2.0
140 73.9873046875 72.0 0.779296875 0.0 2.0
141 73.9873046875 72.0 0.779296875 0.0 2.0
142 73.9873046875 72.0 0.779296875 0.0 2.0
143 73.9873046875 72.0 0.779296875 0.0 2.0
144 73.9873046875 72.0 0.779296875 0.0 2.0
145 73.9873046875 72.0 0.779296875 0.0 2.0
146 73.9873046875 72.0 0.779296875 0.0 2.0
147 73.9873046875 72.0 0.779296875 0.0 2.0
148 73.9873046875 72.0 0.779296875 0.0 2.0
149 73.9873046875 72.0 0.779296875 0.0 2.0
150 73.9873046875 72.0 0.779296875 0.0 2.0
151 73.9873046875 72.0 0.779296875 0.0 2.0
152 73.9873046875 72.0 0.779296875 0.0 2.0
153 73.9873046875 72.0 0.779296875 0.0 2.0
154 73.9873046875 72.0 0.779296875 0.0 2.0
155 73.9873046875 72.0 0.779296875 0.0 2.0
156 73.9873046875 72.0 0.779296875 0.0 2.0
157 73.9873046875 72.0 0.779296875 0.0 2.0
158 73.9873046875 72.0 0.779296875 0.0 2.0
159 73.9873046875 72.0 0.779296875 0.0 2.0
160 73.9873046875 72.0 0.779296875 0.0 2.0
161 73.9873046875 72.0 0.779296875 0.0 2.0
162 73.9873046875 72.0 0.779296875 0.0 2.0
163 73.9873046875 72.0 0.779296875 0.0 2.0
164 73.9873046875 72.0 0.779296875 0.0 2.0
165 73.9873046875 72.0 0.779296875 0.0 2.0
166 73.9873046875 72.0 0.779296875 0.0 2.0
167 73.9873046875 72.0 0.779296875 0.0 2.0
168 73.9873046875 72.0 0.779296875 0.0 2.0
169 73.9873046875 72.0 0.779296875 0.0 2.0
170 73.9873046875 72.0 0.779296875 0.0 2.0
171 73.9873046875 72.0 0.779296875 0.0 2.0
172 73.9873046875 72.0 0.779296875 0.0 2.0
173 73.9873046875 72.0 0.779296875 0.0 2.0
174 73.9873046875 72.0 0.779296875 0.0 2.0
175 73.9873046875 72.0 0.779296875 0.0 2.0
176 73.9873046875 72.0 0.779296875 0.0 2.0
177 73.9873046875 72.0 0.779296875 0.0 2.0
178 73.9873046875 72.0 0.779296875 0.0 2.0
179 73.9873046875 72.0 0.779296875 0.0 2.0
180 73.9873046875 72.0 0.779296875 0.0 2.0
181 73.9873046875 72.0 0.779296875 0.0 2.0
182 73.9873046875 72.0 0.779296875 0.0 2.0
183 73.9873046875 72.0 0.779296875 0.0 2.0
184 73.9873046875 72.0 0.779296875 0.0 2.0
185 73.9873046875 72.0 0.779296875 0.0 2.0
186 73.9873046875 72.0 0.779296875 0.0 2.0
187 73.9873046875 72.0 0.779296875 0.0 2.0
188 73.9873046875 72.0 0.779296875 0.0 2.0
189 73.9873046875 72.0 0.779296875 0.0 2.0
190 73.9873046875 72.0 0.779296875 0.0 2.0
191 73.9873046875 72.0 0.779296875 0.0 2.0
192 73.9873046875 72.0 0.779296875 0.0 2.0
193 73.9873046875 72.0 0.779296875 0.0 2.0
194 73.9873046875 72.0 0.779296875 0.0 2.0
195 73.9873046875 72.0 0.779296875 0.0 2.0
196 73.9873046875 72.0 0.779296875 0.0 2.0
197 73.9873046875 72.0 0.779296875 0.0 2.0
198 73.9873046875 72.0 0.779296875 0.0 2.0
199 73.9873046875 72.0 0.779296875 0.0 2.0
200 73.9873046875 72.0 0.779296875 0.0 2.0
201 73.9873046875 72.0 0.779296875 0.0 2.0
202 73.9873046875 72.0 0.779296875 0.0 2.0
203 73.9873046875 72.0 0.779296875 0.0 2.0
204 73.9873046875 72.0 0.779296875 0.0 2.0
205 73.9873046875 72.0 0.779296875 0.0 2.0
206 73.9873046875 72.0 0.779296875 0.0 2.0
207 73.9873046875 72.0 0.779296875 0.0 2.0
208 73.9873046875 72.0 0.779296875 0.0 2.0
209 73.9873046875 72.0 0.779296875 0.0 2.0
210 73.9873046875 72.0 0.779296875 0.0 2.0
211 73.9873046875 72.0 0.779296875 0.0 2.0
212 73.9873046875 72.0 0.779296875 0.0 2.0
213 73.9873046875 72.0 0.779296875 0.0 2.0
214 73.9873046875 72.0 0.779296875 0.0 2.0
215 73.9873046875 72.0 0.779296875 0.0 2.0
216 73.9873046875 72.0 0.779296875 0.0 2.0
217 73.9873046875 72.0 0.779296875 0.0 2.0
218 73.9873046875 72.0 0.779296875 0.0 2.0
219 73.9873046875 72.0 0.779296875 0.0 2.0
220 73.9873046875 72.0 0.779296875 0.0 2.0
221 73.9873046875 72.0 0.779296875 0.0 2.0
222 73.9873046875 72.0 0.779296875 0.0 2.0
223 73.9873046875 72.0 0.779296875 0.0 2.0
224 73.9873046875 72.0 0.779296875 0.0 2.0
225 73.9873046875 72.0 0.779296875 0.0 2.0
226 73.9873046875 72.0 0.779296875 0.0 2.0
227 73.9873046875 72.0 0.779296875 0.0 2.0
228 73.9873046875 72.0 0.779296875 0.0 2.0
229 73.9873046875 72.0 0.779296875 0.0 2.0
230 73.9873046875 72.0 0.779296875 0.0 2.0
231 73.9873046875 72.0 0.779296875 0.0 2.0
232 73.9873046875 72.0 0.779296875 0.0 2.0
233 73.9873046875 72.0 0.779296875 0.0 2.0
234 73.9873046875 72.0 0.779296875 0.0 2.0
235 73.9873046875 72.0 0.779296875 0.0 2.0
236 73.9873046875 72.0 0.779296875 0.0 2.0
237 73.9873046875 72.0 0.779296875 0.0 2.0
238 73.9873046875 72.0 0.779296875 0.0 2.0
239 73.9873046875 72.0 0.779296875 0.0 2.0
240 73.9873046875 72.0 0.779296875 0.0 2.0
241 73.9873046875 72.0 0.779296875 0.0 2.0
242 73.9873046875 72.0 0.779296875 0.0 2.0
243 73.9873046875 72.0 0.779296875 0.0 2.0
244 73.9873046875 72.0 0.779296875 0.0 2.0
245 73.9873046875 72.0 0.779296875 0.0 2.0
246 73.9873046875 72.0 0.779296875 0.0 2.0
247 73.9873046875 72.0 0.779296875 0.0 2.0
248 73.9873046875 72.0 0.779296875 0.0 2.0
249 73.9873046875 72.0 0.779296875 0.0 2.0
250 73.9873046875 72.0 0.779296875 0.0 2.0
251 73.9873046875 72.0 0.779296875 0.0 2.0
252 73.9873046875 72.0 0.779296875 0.0 2.0
253 73.9873046875 72.0 0.779296875 0.0 2.0
254 73.9873046875 72.0 0.779296875 0.0 2.0
255 73.9873046875 72.0 0.779296875 0.0 2.0
256 73.9873046875 72.0 0.779296875 0.0 2.0
257 73.9873046875 72.0 0.779296875 0.0 2.0
258 73.9873046875 72.0 0.779296875 0.0 2.0
259 73.9873046875 72.0 0.779296875 0.0 2.0
260 73.9873046875 72.0 0.779296875 0.0 2.0
261 73.9873046875 72.0 0.779296875 0.0 2.0
262 73.9873046875 72.0 0.779296875 0.0 2.0
263 73.9873046875 72.0 0.779296875 0.0 2.0
264 73.9873046875 72.0 0.779296875 0.0 2.0
265 73.9873046875 72.0 0.779296875 0.0 2.0
266 73.9873046875 72.0 0.779296875 0.0 2.0
267 73.9873046875 72.0 0.779296875 0.0 2.0
268 73.9873046875 72.0 0.779296875 0.0 2.0
269 73.9873046875 72.0 0.779296875 0.0 2.0
270 73.9873046875 72.0 0.779296875 0.0 2.0
271 73.9873046875 72.0 0.779296875 0.0 2.0
272 73.9873046875 72.0 0.779296875 0.0 2.0
273 73.9873046875 72.0 0.779296875 0.0 2.0
274 73.9873046875 72.0 0.779296875 0.0 2.0
275 73.9873046875 72.0 0.779296875 0.0 2.0
276 73.9873046875 72.0 0.779296875 0.0 2.0
277 73.9873046875 72.0 0.779296875 0.0 2.0
278 73.9873046875 72.0 0.779296875 0.0 2.0
279 73.9873046875 72.0 0.779296875 0.0 2.0
280 73.9873046875 72.0 0.779296875 0.0 2.0
281 73.9873046875 72.0 0.779296875 0.0 2.0
282 73.9873046875 72.0 0.779296875 0.0 2.0
283 73.9873046875 72.0 0.779296875 0.0 2.0
284 73.9873046875 72.0 0.779296875 0.0 2.0
285 73.9873046875 72.0 0.779296875 0.0 2.0
286 73.9873046875 72.0 0.779296875 0.0 2.0
287 73.9873046875 72.0 0.779296875 0.0 2.0
288 73.9873046875 72.0 0.779296875 0.0 2.0
289 73.9873046875 72.0 0.779296875 0.0 2.0
290 73.9873046875 72.0 0.779296875 0.0 2.0
291 73.9873046875 72.0 0.779296875 0.0 2.0
292 73.9873046875 72.0 0.779296875 0.0 2.0
293 73.9873046875 72.0 0.779296875 0.0 2.0
294 73.9873046875 72.0 0.779296875 0.0 2.0
295 73.9873046875 72.0 0.779296875 0.0 2.0
296 73.9873046875 72.0 0.779296875 0.0 2.0
297 73.9873046875 72.0 0.779296875 0.0 2.0
298 73.9873046875 72.0 0.779296875 0.0 2.0
299 73.9873046875 72.0 0.779296875 0.0 2.0
300 73.9873046875 72.0 0.779296875 0.0 2.0
301 73.9873046875 72.0 0.779296875 0.0 2.0
302 73.9873046875 72.0 0.779296875 0.0 2.0
303 73.9873046875 72.0 0.779296875 0.0 2.0
304 73.9873046875 72.0 0.779296875 0.0 2.0
305 73.9873046875 72.0 0.779296875 0.0 2.0
306 73.9873046875 72.0 0.779296875 0.0 2.0
307 73.9873046875 72.0 0.779296875 0.0 2.0
308 73.9873046875 72.0 0.779296875 0.0 2.0
309 73.9873046875 72.0 0.779296875 0.0 2.0
310 73.9873046875 72.0 0.779296875 0.0 2.0
311 73.9873046875 72.0 0.779296875 0.0 2.0
312 73.9873046875 72.0 0.779296875 0.0 2.0
313 73.9873046875 72.0 0.779296875 0.0 2.0
314 73.9873046875 72.0 0.779296875 0.0 2.0
315 73.9873046875 72.0 0.779296875 0.0 2.0
316 73.9873046875 72.0 0.779296875 0.0 2.0
317 73.9873046875 72.0 0.779296875 0.0 2.0
318 73.9873046875 72.0 0.779296875 0.0 2.0
319 73.9873046875 72.0 0.779296875 0.0 2.0
320 73.9873046875 72.0 0.779296875 0.0 2.0
321 73.9873046875 72.0 0.779296875 0.0 2.0
322 73.9873046875 72.0 0.779296875 0.0 2.0
323 73.9873046875 72.0 0.779296875 0.0 2.0
324 73.9873046875 72.0 0.779296875 0.0 2.0
325 73.9873046875 72.0 0.779296875 0.0 2.0
326 73.9873046875 72.0 0.779296875 0.0 2.0
327 73.9873046875 72.0 0.779296875 0.0 2.0
328 73.9873046875 72.0 0.779296875 0.0 2.0
329 73.9873046875 72.0 0.779296875 0.0 2.0
330 73.9873046875 72.0 0.779296875 0.0 2.0
331 73.9873046875 72.0 0.779296875 0.0 2.0
332 73.9873046875 72.0 0.779296875 0.0 2.0
333 73.9873046875 72.0 0.779296875 0.0 2.0
334 73.9873046875 72.0 0.779296875 0.0 2.0
335 73.9873046875 72.0 0.779296875 0.0 2.0
336 73.9873046875 72.0 0.779296875 0.0 2.0
337 73.9873046875 72.0 0.779296875 0.0 2.0
338 73.9873046875 72.0 0.779296875 0.0 2.0
339 73.9873046875 72.0 0.779296875 0.0 2.0
340 73.9873046875 72.0 0.779296875 0.0 2.0
341 73.9873046875 72.0 0.779296875 0.0 2.0
342 73.9873046875 72.0 0.779296875 0.0 2.0
343 73.9873046875 72.0 0.779296875 0.0 2.0
344 73.9873046875 72.0 0.779296875 0.0 2.0
345 73.9873046875 72.0 0.779296875 0.0 2.0
346 73.9873046875 72.0 0.779296875 0.0 2.0
347 73.9873046875 72.0 0.779296875 0.0 2.0
348 73.9873046875 72.0 0.779296875 0.0 2.0
349 73.9873046875 72.0 0.779296875 0.0 2.0
350 73.9873046875 72.0 0.779296875 0.0 2.0
351 73.9873046875 72.0 0.779296875 0.0 2.0
352 73.9873046875 72.0 0.779296875 0.0 2.0
353 73.9873046875 72.0 0.779296875 0.0 2.0
354 73.9873046875 72.0 0.779296875 0.0 2.0
355 73.9873046875 72.0 0.779296875 0.0 2.0
356 73.9873046875 72.0 0.779296875 0.0 2.0
357 73.9873046875 72.0 0.779296875 0.0 2.0
358 73.9873046875 72.0 0.779296875 0.0 2.0
359 73.9873046875 72.0 0.779296875 0.0 2.0
360 73.9873046875 72.0 0.779296875 0.0 2.0
361 73.9873046875 72.0 0.779296875 0.0 2.0
362 73.9873046875 72.0 0.779296875 0.0 2.0
363 73.9873046875 72.0 0.779296875 0.0 2.0
364 73.9873046875 72.0 0.779296875 0.0 2.0
365 73.9873046875 72.0 0.779296875 0.0 2.0
366 73.9873046875 72.0 0.779296875 0.0 2.0
367 73.9873046875 72.0 0.779296875 0.0 2.0
368 73.9873046875 72.0 0.779296875 0.0 2.0
369 73.9873046875 72.0 0.779296875 0.0 2.0
370 73.9873046875 72.0 0.779296875 0.0 2.0
371 73.9873046875 72.0 0.779296875 0.0 2.0
372 73.9873046875 72.0 0.779296875 0.0 2.0
373 73.9873046875 72.0 0.779296875 0.0 2.0
374 73.9873046875 72.0 0.779296875 0.0 2.0
375 73.9873046875 72.0 0.779296875 0.0 2.0
376 73.9873046875 72.0 0.779296875 0.0 2.0
377 73.9873046875 72.0 0.779296875 0.0 2.0
378 73.9873046875 72.0 0.779296875 0.0 2.0
379 73.9873046875 72.0 0.779296875 0.0 2.0
380 73.9873046875 72.0 0.779296875 0.0 2.0
381 73.9873046875 72.0 0.779296875 0.0 2.0
382 73.9873046875 72.0 0.779296875 0.0 2.0
383 73.9873046875 72.0 0.779296875 0.0 2.0
384 73.9873046875 72.0 0.779296875 0.0 2.0
385 73.9873046875 72.0 0.779296875 0.0 2.0
386 73.9873046875 72.0 0.779296875 0.0 2.0
387 73.9873046875 72.0 0.779296875 0.0 2.0
388 73.9873046875 72.0 0.779296875 0.0 2.0
389 73.9873046875 72.0 0.779296875 0.0 2.0
390 73.9873046875 72.0 0.779296875 0.0 2.0
391 73.9873046875 72.0 0.779296875 0.0 2.0
392 75.3232421875 72.0 0.630859375 0.0 2.0
393 75.3232421875 72.0 0.630859375 0.0 2.0
394 75.3232421875 72.0 0.630859375 0.0 2.0
395 75.3232421875 72.0 0.630859375 0.0 2.0
396 75.3232421875 72.0 0.630859375 0.0 2.0
397 75.3232421875 72.0 0.630859375 0.0 2.0
398 75.3232421875 72.0 0.630859375 0.0 2.0
399 75.3232421875 72.0 0.630859375 0.0 2.0
400 75.3232421875 72.0 0.630859375 0.0 2.0
401 75.3232421875 72.0 0.630859375 0.0 2.0
402 75.3232421875 72.0 0.630859375 0.0 2.0
403 75.3232421875 72.0 0.630859375 0.0 2.0
404 75.3232421875 72.0 0.630859375 0.0 2.0
405 75.3232421875 72.0 0.630859375 0.0 2.0
406 75.3232421875 72.0 0.630859375 0.0 2.0
407 75.3232421875 72.0 0.630859375 0.0 2.0
408 75.3232421875 72.0 0.630859375 0.0 2.0
409 75.3232421875 72.0 0.630859375 0.0 2.0
410 75.3232421875 72.0 0.630859375 0.0 2.0
411 75.3232421875 72.0 0.630859375 0.0 2.0
412 75.3232421875 72.0 0.630859375 0.0 2.0
413 75.3232421875 72.0 0.630859375 0.0 2.0
414 75.3232421875 72.0 0.630859375 0.0 2.0
415 75.3232421875 72.0 0.630859375 0.0 2.0
416 75.3232421875 72.0 0.630859375 0.0 2.0
417 75.3232421875 72.0 0.630859375 0.0 2.0
418 75.3232421875 72.0 0.630859375 0.0 2.0
419 75.3232421875 72.0 0.630859375 0.0 2.0
420 75.3232421875 72.0 0.630859375 0.0 2.0
421 75.3232421875 72.0 0.630859375 0.0 2.0
422 75.3232421875 72.0 0.630859375 0.0 2.0
423 75.3232421875 72.0 0.630859375 0.0 2.0
424 75.3232421875 72.0 0.630859375 0.0 2.0
425 75.3232421875 72.0 0.630859375 0.0 2.0
426 75.3232421875 72.0 0.630859375 0.0 2.0
427 75.3232421875 72.0 0.630859375 0.0 2.0
428 75.3232421875 72.0 0.630859375 0.0 2.0
429 75.3232421875 72.0 0.630859375 0.0 2.0
430 75.3232421875 72.0 0.630859375 0.0 2.0
431 75.3232421875 72.0 0.630859375 0.0 2.0
432 75.3232421875 72.0 0.630859375 0.0 2.0
433 75.3232421875 72.0 0.630859375 0.0 2.0
434 75.3232421875 72.0 0.630859375 0.0 2.0
435 75.3232421875 72.0 0.630859375 0.0 2.0
436 75.3232421875 72.0 0.630859375 0.0 2.0
437 75.3232421875 72.0 0.630859375 0.0 2.0
438 75.455078125 72.0 0.6162109375 0.0 2.0
439 75.455078125 72.0 0.6162109375 0.0 2.0
440 75.455078125 72.0 0.6162109375 0.0 2.0
441 75.455078125 72.0 0.6162109375 0.0 2.0
442 75.455078125 72.0 0.6162109375 0.0 2.0
443 75.455078125 72.0 0.6162109375 0.0 2.0
444 75.455078125 72.0 0.6162109375 0.0 2.0
445 75.455078125 72.0 0.6162109375 0.0 2.0
446 75.455078125 72.0 0.6162109375 0.0 2.0
447 75.455078125 72.0 0.6162109375 0.0 2.0
448 75.455078125 72.0 0.6162109375 0.0 2.0
449 75.455078125 72.0 0.6162109375 0.0 2.0
450 75.455078125 72.0 0.6162109375 0.0 2.0
451 75.455078125 72.0 0.6162109375 0.0 2.0
452 75.455078125 72.0 0.6162109375 0.0 2.0
453 75.455078125 72.0 0.6162109375 0.0 2.0
454 75.455078125 72.0 0.6162109375 0.0 2.0
455 75.455078125 72.0 0.6162109375 0.0 2.0
456 75.455078125 72.0 0.6162109375 0.0 2.0
457 75.455078125 72.0 0.6162109375 0.0 2.0
458 75.455078125 72.0 0.6162109375 0.0 2.0
459 75.455078125 72.0 0.6162109375 0.0 2.0
460 75.455078125 72.0 0.6162109375 0.0 2.0
461 75.455078125 72.0 0.6162109375 0.0 2.0
462 75.455078125 72.0 0.6162109375 0.0 2.0
463 75.455078125 72.0 0.6162109375 0.0 2.0
464 75.455078125 72.0 0.6162109375 0.0 2.0
465 75.455078125 72.0 0.6162109375 0.0 2.0
466 75.455078125 72.0 0.6162109375 0.0 2.0
467 75.455078125 72.0 0.6162109375 0.0 2.0
468 75.455078125 72.0 0.6162109375 0.0 2.0
469 75.455078125 72.0 0.6162109375 0.0 2.0
470 75.455078125 72.0 0.6162109375 0.0 2.0
471 75.455078125 72.0 0.6162109375 0.0 2.0
472 75.455078125 72.0 0.6162109375 0.0 2.0
473 75.455078125 72.0 0.6162109375 0.0 2.0
474 75.455078125 72.0 0.6162109375 0.0 2.0
475 75.455078125 72.0 0.6162109375 0.0 2.0
476 75.455078125 72.0 0.6162109375 0.0 2.0
477 75.455078125 72.0 0.6162109375 0.0 2.0
478 75.455078125 72.0 0.6162109375 0.0 2.0
479 75.455078125 72.0 0.6162109375 0.0 2.0
480 75.455078125 72.0 0.6162109375 0.0 2.0
481 75.455078125 72.0 0.6162109375 0.0 2.0
482 75.455078125 72.0 0.6162109375 0.0 2.0
483 75.455078125 72.0 0.6162109375 0.0 2.0
484 75.455078125 72.0 0.6162109375 0.0 2.0
485 75.455078125 72.0 0.6162109375 0.0 2.0
486 75.455078125 72.0 0.6162109375 0.0 2.0
487 75.455078125 72.0 0.6162109375 0.0 2.0
488 75.455078125 72.0 0.6162109375 0.0 2.0
489 75.455078125 72.0 0.6162109375 0.0 2.0
490 75.455078125 72.0 0.6162109375 0.0 2.0
491 75.455078125 72.0 0.6162109375 0.0 2.0
492 75.455078125 72.0 0.6162109375 0.0 2.0
493 75.455078125 72.0 0.6162109375 0.0 2.0
494 75.455078125 72.0 0.6162109375 0.0 2.0
495 75.455078125 72.0 0.6162109375 0.0 2.0
496 75.455078125 72.0 0.6162109375 0.0 2.0
497 75.455078125 72.0 0.6162109375 0.0 2.0
498 75.455078125 72.0 0.6162109375 0.0 2.0
499 75.455078125 72.0 0.6162109375 0.0 2.0
500 75.455078125 72.0 0.6162109375 0.0 2.0
501 75.455078125 72.0 0.6162109375 0.0 2.0
502 75.455078125 72.0 0.6162109375 0.0 2.0
503 75.455078125 72.0 0.6162109375 0.0 2.0
504 75.455078125 72.0 0.6162109375 0.0 2.0
505 75.455078125 72.0 0.6162109375 0.0 2.0
506 75.455078125 72.0 0.6162109375 0.0 2.0
507 75.455078125 72.0 0.6162109375 0.0 2.0
508 75.455078125 72.0 0.6162109375 0.0 2.0
509 75.455078125 72.0 0.6162109375 0.0 2.0
510 75.455078125 72.0 0.6162109375 0.0 2.0
511 75.455078125 72.0 0.6162109375 0.0 2.0
512 75.455078125 72.0 0.6162109375 0.0 2.0
513 75.455078125 72.0 0.6162109375 0.0 2.0
514 75.455078125 72.0 0.6162109375 0.0 2.0
515 75.455078125 72.0 0.6162109375 0.0 2.0
516 75.455078125 72.0 0.6162109375 0.0 2.0
517 75.455078125 72.0 0.6162109375 0.0 2.0
518 75.455078125 72.0 0.6162109375 0.0 2.0
519 75.455078125 72.0 0.6162109375 0.0 2.0
520 75.455078125 72.0 0.6162109375 0.0 2.0
521 75.455078125 72.0 0.6162109375 0.0 2.0
522 75.455078125 72.0 0.6162109375 0.0 2.0
523 75.455078125 72.0 0.6162109375 0.0 2.0
524 75.455078125 72.0 0.6162109375 0.0 2.0
525 75.455078125 72.0 0.6162109375 0.0 2.0
526 75.455078125 72.0 0.6162109375 0.0 2.0
527 75.455078125 72.0 0.6162109375 0.0 2.0
528 75.455078125 72.0 0.6162109375 0.0 2.0
529 75.455078125 72.0 0.6162109375 0.0 2.0
530 75.455078125 72.0 0.6162109375 0.0 2.0
531 75.455078125 72.0 0.6162109375 0.0 2.0
532 75.455078125 72.0 0.6162109375 0.0 2.0
533 75.455078125 72.0 0.6162109375 0.0 2.0
534 75.455078125 72.0 0.6162109375 0.0 2.0
535 75.455078125 72.0 0.6162109375 0.0 2.0
536 75.455078125 72.0 0.6162109375 0.0 2.0
537 75.455078125 72.0 0.6162109375 0.0 2.0
538 75.455078125 72.0 0.6162109375 0.0 2.0
539 75.455078125 72.0 0.6162109375 0.0 2.0
540 75.455078125 72.0 0.6162109375 0.0 2.0
541 75.455078125 72.0 0.6162109375 0.0 2.0
542 75.455078125 72.0 0.6162109375 0.0 2.0
543 75.455078125 72.0 0.6162109375 0.0 2.0
544 75.455078125 72.0 0.6162109375 0.0 2.0
545 75.455078125 72.0 0.6162109375 0.0 2.0
546 75.455078125 72.0 0.6162109375 0.0 2.0
547 75.455078125 72.0 0.6162109375 0.0 2.0
548 75.455078125 72.0 0.6162109375 0.0 2.0
549 75.455078125 72.0 0.6162109375 0.0 2.0
550 75.455078125 72.0 0.6162109375 0.0 2.0
551 75.455078125 72.0 0.6162109375 0.0 2.0
552 75.455078125 72.0 0.6162109375 0.0 2.0
553 75.455078125 72.0 0.6162109375 0.0 2.0
554 75.455078125 72.0 0.6162109375 0.0 2.0
555 75.455078125 72.0 0.6162109375 0.0 2.0
556 75.455078125 72.0 0.6162109375 0.0 2.0
557 75.455078125 72.0 0.6162109375 0.0 2.0
558 75.455078125 72.0 0.6162109375 0.0 2.0
559 75.455078125 72.0 0.6162109375 0.0 2.0
560 75.455078125 72.0 0.6162109375 0.0 2.0
561 75.455078125 72.0 0.6162109375 0.0 2.0
562 75.455078125 72.0 0.6162109375 0.0 2.0
563 75.814453125 72.0 0.576171875 0.0 2.0
564 75.814453125 72.0 0.576171875 0.0 2.0
565 75.814453125 72.0 0.576171875 0.0 2.0
566 75.814453125 72.0 0.576171875 0.0 2.0
567 75.814453125 72.0 0.576171875 0.0 2.0
568 75.814453125 72.0 0.576171875 0.0 2.0
569 75.814453125 72.0 0.576171875 0.0 2.0
570 75.814453125 72.0 0.576171875 0.0 2.0
571 75.814453125 72.0 0.576171875 0.0 2.0
572 75.814453125 72.0 0.576171875 0.0 2.0
573 75.814453125 72.0 0.576171875 0.0 2.0
574 75.814453125 72.0 0.576171875 0.0 2.0
575 75.814453125 72.0 0.576171875 0.0 2.0
576 75.814453125 72.0 0.576171875 0.0 2.0
577 75.814453125 72.0 0.576171875 0.0 2.0
578 75.814453125 72.0 0.576171875 0.0 2.0
579 75.814453125 72.0 0.576171875 0.0 2.0
580 75.814453125 72.0 0.576171875 0.0 2.0
581 75.814453125 72.0 0.576171875 0.0 2.0
582 75.814453125 72.0 0.576171875 0.0 2.0
583 75.814453125 72.0 0.576171875 0.0 2.0
584 75.814453125 72.0 0.576171875 0.0 2.0
585 75.814453125 72.0 0.576171875 0.0 2.0
586 75.814453125 72.0 0.576171875 0.0 2.0
587 75.814453125 72.0 0.576171875 0.0 2.0
588 75.814453125 72.0 0.576171875 0.0 2.0
589 75.814453125 72.0 0.576171875 0.0 2.0
590 75.814453125 72.0 0.576171875 0.0 2.0
591 75.814453125 72.0 0.576171875 0.0 2.0
592 75.814453125 72.0 0.576171875 0.0 2.0
593 75.814453125 72.0 0.576171875 0.0 2.0
594 75.814453125 72.0 0.576171875 0.0 2.0
595 75.8935546875 72.0 0.5673828125 0.0 2.0
596 75.8935546875 72.0 0.5673828125 0.0 2.0
597 75.8935546875 72.0 0.5673828125 0.0 2.0
598 75.8935546875 72.0 0.5673828125 0.0 2.0
599 75.8935546875 72.0 0.5673828125 0.0 2.0
600 75.8935546875 72.0 0.5673828125 0.0 2.0
601 75.8935546875 72.0 0.5673828125 0.0 2.0
602 75.8935546875 72.0 0.5673828125 0.0 2.0
603 75.8935546875 72.0 0.5673828125 0.0 2.0
604 75.8935546875 72.0 0.5673828125 0.0 2.0
605 75.8935546875 72.0 0.5673828125 0.0 2.0
606 75.8935546875 72.0 0.5673828125 0.0 2.0
607 75.8935546875 72.0 0.5673828125 0.0 2.0
608 75.8935546875 72.0 0.5673828125 0.0 2.0
609 75.8935546875 72.0 0.5673828125 0.0 2.0
610 75.8935546875 72.0 0.5673828125 0.0 2.0
611 75.8935546875 72.0 0.5673828125 0.0 2.0
612 75.8935546875 72.0 0.5673828125 0.0 2.0
613 75.8935546875 72.0 0.5673828125 0.0 2.0
614 75.8935546875 72.0 0.5673828125 0.0 2.0
615 75.8935546875 72.0 0.5673828125 0.0 2.0
616 75.8935546875 72.0 0.5673828125 0.0 2.0
617 75.8935546875 72.0 0.5673828125 0.0 2.0
618 75.8935546875 72.0 0.5673828125 0.0 2.0
619 75.8935546875 72.0 0.5673828125 0.0 2.0
620 75.8935546875 72.0 0.5673828125 0.0 2.0
621 75.8935546875 72.0 0.5673828125 0.0 2.0
622 75.8935546875 72.0 0.560546875 0.0 3.0
623 75.8935546875 72.0 0.560546875 0.0 3.0
624 75.8935546875 72.0 0.560546875 0.0 3.0
625 75.8935546875 72.0 0.560546875 0.0 3.0
626 75.8935546875 72.0 0.560546875 0.0 3.0
627 75.8935546875 72.0 0.560546875 0.0 3.0
628 75.8935546875 72.0 0.560546875 0.0 3.0
629 75.8935546875 72.0 0.560546875 0.0 3.0
630 75.8935546875 72.0 0.560546875 0.0 3.0
631 75.8935546875 72.0 0.560546875 0.0 3.0
632 75.8935546875 72.0 0.560546875 0.0 3.0
633 75.8935546875 72.0 0.560546875 0.0 3.0
634 75.8935546875 72.0 0.560546875 0.0 3.0
635 75.8935546875 72.0 0.560546875 0.0 3.0
636 75.8935546875 72.0 0.560546875 0.0 3.0
637 75.8935546875 72.0 0.560546875 0.0 3.0
638 75.8935546875 72.0 0.560546875 0.0 3.0
639 75.8935546875 72.0 0.560546875 0.0 3.0
640 75.8935546875 72.0 0.560546875 0.0 3.0
641 75.8935546875 72.0 0.560546875 0.0 3.0
642 75.8935546875 72.0 0.560546875 0.0 3.0
643 75.8935546875 72.0 0.560546875 0.0 3.0
644 75.8935546875 72.0 0.560546875 0.0 3.0
645 75.8935546875 72.0 0.560546875 0.0 3.0
646 75.8935546875 72.0 0.560546875 0.0 3.0
647 75.8935546875 72.0 0.560546875 0.0 3.0
648 75.8935546875 72.0 0.560546875 0.0 3.0
649 75.8935546875 72.0 0.560546875 0.0 3.0
650 75.8935546875 72.0 0.560546875 0.0 3.0
651 75.8935546875 72.0 0.560546875 0.0 3.0
652 75.8935546875 72.0 0.560546875 0.0 3.0
653 75.8935546875 72.0 0.560546875 0.0 3.0
654 75.8935546875 72.0 0.560546875 0.0 3.0
655 75.8935546875 72.0 0.560546875 0.0 3.0
656 75.8935546875 72.0 0.560546875 0.0 3.0
657 75.8935546875 72.0 0.560546875 0.0 3.0
658 75.8935546875 72.0 0.560546875 0.0 3.0
659 75.8935546875 72.0 0.560546875 0.0 3.0
660 75.8935546875 72.0 0.560546875 0.0 3.0
661 75.8935546875 72.0 0.560546875 0.0 3.0
662 75.8935546875 72.0 0.560546875 0.0 3.0
663 75.8935546875 72.0 0.560546875 0.0 3.0
664 75.8935546875 72.0 0.560546875 0.0 3.0
665 75.8935546875 72.0 0.560546875 0.0 3.0
666 75.8935546875 72.0 0.560546875 0.0 3.0
667 75.8935546875 72.0 0.560546875 0.0 3.0
668 75.8935546875 72.0 0.560546875 0.0 3.0
669 75.8935546875 72.0 0.560546875 0.0 3.0
670 75.8935546875 72.0 0.560546875 0.0 3.0
671 75.8935546875 72.0 0.560546875 0.0 3.0
672 75.8935546875 72.0 0.560546875 0.0 3.0
673 75.8935546875 72.0 0.560546875 0.0 3.0
674 75.8935546875 72.0 0.560546875 0.0 3.0
675 75.8935546875 72.0 0.560546875 0.0 3.0
676 75.8935546875 72.0 0.560546875 0.0 3.0
677 75.8935546875 72.0 0.560546875 0.0 3.0
678 75.8935546875 72.0 0.560546875 0.0 3.0
679 75.8935546875 72.0 0.560546875 0.0 3.0
680 75.8935546875 72.0 0.560546875 0.0 3.0
681 75.8935546875 72.0 0.560546875 0.0 3.0
682 75.8935546875 72.0 0.560546875 0.0 3.0
683 75.8935546875 72.0 0.560546875 0.0 3.0
684 75.8935546875 72.0 0.560546875 0.0 3.0
685 75.8935546875 72.0 0.560546875 0.0 3.0
686 75.8935546875 72.0 0.560546875 0.0 3.0
687 75.8935546875 72.0 0.560546875 0.0 3.0
688 75.8935546875 72.0 0.560546875 0.0 3.0
689 75.8935546875 72.0 0.560546875 0.0 3.0
690 75.8935546875 72.0 0.560546875 0.0 3.0
691 75.8935546875 72.0 0.560546875 0.0 3.0
692 75.8935546875 72.0 0.560546875 0.0 3.0
693 75.8935546875 72.0 0.560546875 0.0 3.0
694 75.8935546875 72.0 0.560546875 0.0 3.0
695 75.8935546875 72.0 0.560546875 0.0 3.0
696 75.8935546875 72.0 0.560546875 0.0 3.0
697 75.8935546875 72.0 0.560546875 0.0 3.0
698 75.8935546875 72.0 0.560546875 0.0 3.0
699 75.8935546875 72.0 0.560546875 0.0 3.0
700 75.8935546875 72.0 0.560546875 0.0 3.0
701 75.8935546875 72.0 0.560546875 0.0 3.0
702 75.8935546875 72.0 0.560546875 0.0 3.0
703 75.8935546875 72.0 0.560546875 0.0 3.0
704 75.8935546875 72.0 0.560546875 0.0 3.0
705 75.8935546875 72.0 0.560546875 0.0 3.0
706 75.8935546875 72.0 0.560546875 0.0 3.0
707 75.8935546875 72.0 0.560546875 0.0 3.0
708 75.8935546875 72.0 0.560546875 0.0 3.0
709 75.8935546875 72.0 0.560546875 0.0 3.0
710 75.8935546875 72.0 0.560546875 0.0 3.0
711 75.8935546875 72.0 0.560546875 0.0 3.0
712 75.8935546875 72.0 0.560546875 0.0 3.0
713 75.8935546875 72.0 0.560546875 0.0 3.0
714 75.8935546875 72.0 0.560546875 0.0 3.0
715 75.8935546875 72.0 0.560546875 0.0 3.0
716 75.8935546875 72.0 0.560546875 0.0 3.0
717 75.8935546875 72.0 0.560546875 0.0 3.0
718 75.8935546875 72.0 0.560546875 0.0 3.0
719 75.8935546875 72.0 0.560546875 0.0 3.0
720 75.8935546875 72.0 0.560546875 0.0 3.0
721 75.8935546875 72.0 0.560546875 0.0 3.0
722 75.8935546875 72.0 0.560546875 0.0 3.0
723 75.8935546875 72.0 0.560546875 0.0 3.0
724 75.8935546875 72.0 0.560546875 0.0 3.0
725 75.8935546875 72.0 0.560546875 0.0 3.0
726 75.8935546875 72.0 0.560546875 0.0 3.0
727 75.8935546875 72.0 0.560546875 0.0 3.0
728 75.8935546875 72.0 0.560546875 0.0 3.0
729 75.8935546875 72.0 0.560546875 0.0 3.0
730 75.8935546875 72.0 0.560546875 0.0 3.0
731 75.8935546875 72.0 0.560546875 0.0 3.0
732 75.8935546875 72.0 0.560546875 0.0 3.0
733 75.8935546875 72.0 0.560546875 0.0 3.0
734 75.8935546875 72.0 0.560546875 0.0 3.0
735 75.8935546875 72.0 0.560546875 0.0 3.0
736 75.8935546875 72.0 0.560546875 0.0 3.0
737 75.8935546875 72.0 0.560546875 0.0 3.0
738 75.8935546875 72.0 0.560546875 0.0 3.0
739 75.8935546875 72.0 0.560546875 0.0 3.0
740 75.8935546875 72.0 0.560546875 0.0 3.0
741 75.8935546875 72.0 0.560546875 0.0 3.0
742 75.8935546875 72.0 0.560546875 0.0 3.0
743 75.8935546875 72.0 0.560546875 0.0 3.0
744 75.8935546875 72.0 0.560546875 0.0 3.0
745 75.8935546875 72.0 0.560546875 0.0 3.0
746 75.8935546875 72.0 0.560546875 0.0 3.0
747 75.8935546875 72.0 0.560546875 0.0 3.0
748 75.8935546875 72.0 0.560546875 0.0 3.0
749 75.8935546875 72.0 0.560546875 0.0 3.0
750 75.8935546875 72.0 0.560546875 0.0 3.0
751 75.8935546875 72.0 0.560546875 0.0 3.0
752 75.8935546875 72.0 0.560546875 0.0 3.0
753 75.8935546875 72.0 0.560546875 0.0 3.0
754 75.8935546875 72.0 0.560546875 0.0 3.0
755 75.8935546875 72.0 0.560546875 0.0 3.0
756 75.8935546875 72.0 0.560546875 0.0 3.0
757 75.8935546875 72.0 0.560546875 0.0 3.0
758 75.8935546875 72.0 0.560546875 0.0 3.0
759 75.8935546875 72.0 0.560546875 0.0 3.0
760 75.8935546875 72.0 0.560546875 0.0 3.0
761 75.8935546875 72.0 0.560546875 0.0 3.0
762 75.8935546875 72.0 0.560546875 0.0 3.0
763 75.8935546875 72.0 0.560546875 0.0 3.0
764 75.8935546875 72.0 0.560546875 0.0 3.0
765 75.8935546875 72.0 0.560546875 0.0 3.0
766 75.8935546875 72.0 0.560546875 0.0 3.0
767 75.8935546875 72.0 0.560546875 0.0 3.0
768 75.8935546875 72.0 0.560546875 0.0 3.0
769 75.8935546875 72.0 0.560546875 0.0 3.0
770 75.8935546875 72.0 0.560546875 0.0 3.0
771 75.8935546875 72.0 0.560546875 0.0 3.0
772 75.8935546875 72.0 0.560546875 0.0 3.0
773 75.8935546875 72.0 0.560546875 0.0 3.0
774 75.8935546875 72.0 0.560546875 0.0 3.0
775 75.8935546875 72.0 0.560546875 0.0 3.0
776 75.8935546875 72.0 0.560546875 0.0 3.0
777 75.8935546875 72.0 0.560546875 0.0 3.0
778 75.8935546875 72.0 0.560546875 0.0 3.0
779 75.8935546875 72.0 0.560546875 0.0 3.0
780 75.8935546875 72.0 0.560546875 0.0 3.0
781 75.8935546875 72.0 0.560546875 0.0 3.0
782 75.8935546875 72.0 0.560546875 0.0 3.0
783 75.8935546875 72.0 0.560546875 0.0 3.0
784 75.8935546875 72.0 0.560546875 0.0 3.0
785 75.8935546875 72.0 0.560546875 0.0 3.0
786 75.8935546875 72.0 0.560546875 0.0 3.0
787 75.8935546875 72.0 0.560546875 0.0 3.0
788 75.8935546875 72.0 0.560546875 0.0 3.0
789 75.8935546875 72.0 0.560546875 0.0 3.0
790 75.8935546875 72.0 0.560546875 0.0 3.0
791 75.8935546875 72.0 0.560546875 0.0 3.0
792 75.8935546875 72.0 0.560546875 0.0 3.0
793 75.8935546875 72.0 0.560546875 0.0 3.0
794 75.8935546875 72.0 0.560546875 0.0 3.0
795 75.8935546875 72.0 0.560546875 0.0 3.0
796 75.8935546875 72.0 0.560546875 0.0 3.0
797 75.8935546875 72.0 0.560546875 0.0 3.0
798 75.8935546875 72.0 0.560546875 0.0 3.0
799 75.8935546875 72.0 0.560546875 0.0 3.0
800 75.8935546875 72.0 0.560546875 0.0 3.0
801 75.8935546875 72.0 0.560546875 0.0 3.0
802 75.8935546875 72.0 0.560546875 0.0 3.0
803 75.8935546875 72.0 0.560546875 0.0 3.0
804 75.8935546875 72.0 0.560546875 0.0 3.0
805 75.8935546875 72.0 0.560546875 0.0 3.0
806 75.8935546875 72.0 0.560546875 0.0 3.0
807 75.8935546875 72.0 0.560546875 0.0 3.0
808 75.8935546875 72.0 0.560546875 0.0 3.0
809 75.8935546875 72.0 0.560546875 0.0 3.0
810 75.8935546875 72.0 0.560546875 0.0 3.0
811 75.8935546875 72.0 0.560546875 0.0 3.0
812 75.8935546875 72.0 0.560546875 0.0 3.0
813 75.8935546875 72.0 0.560546875 0.0 3.0
814 75.8935546875 72.0 0.560546875 0.0 3.0
815 75.8935546875 72.0 0.560546875 0.0 3.0
816 75.8935546875 72.0 0.560546875 0.0 3.0
817 75.8935546875 72.0 0.560546875 0.0 3.0
818 75.8935546875 72.0 0.560546875 0.0 3.0
819 75.8935546875 72.0 0.560546875 0.0 3.0
820 75.8935546875 72.0 0.560546875 0.0 3.0
821 75.8935546875 72.0 0.560546875 0.0 3.0
822 75.8935546875 72.0 0.560546875 0.0 3.0
823 75.8935546875 72.0 0.560546875 0.0 3.0
824 75.8935546875 72.0 0.560546875 0.0 3.0
825 75.8935546875 72.0 0.560546875 0.0 3.0
826 75.8935546875 72.0 0.560546875 0.0 3.0
827 75.8935546875 72.0 0.560546875 0.0 3.0
828 75.8935546875 72.0 0.560546875 0.0 3.0
829 75.8935546875 72.0 0.560546875 0.0 3.0
830 75.8935546875 72.0 0.560546875 0.0 3.0
831 75.8935546875 72.0 0.560546875 0.0 3.0
832 75.8935546875 72.0 0.560546875 0.0 3.0
833 75.8935546875 72.0 0.560546875 0.0 3.0
834 75.8935546875 72.0 0.560546875 0.0 3.0
835 75.8935546875 72.0 0.560546875 0.0 3.0
836 75.8935546875 72.0 0.560546875 0.0 3.0
837 75.8935546875 72.0 0.560546875 0.0 3.0
838 75.8935546875 72.0 0.560546875 0.0 3.0
839 75.8935546875 72.0 0.560546875 0.0 3.0
840 75.8935546875 72.0 0.560546875 0.0 3.0
841 75.8935546875 72.0 0.560546875 0.0 3.0
842 75.8935546875 72.0 0.560546875 0.0 3.0
843 75.8935546875 72.0 0.560546875 0.0 3.0
844 75.8935546875 72.0 0.560546875 0.0 3.0
845 75.8935546875 72.0 0.560546875 0.0 3.0
846 75.8935546875 72.0 0.560546875 0.0 3.0
847 75.8935546875 72.0 0.560546875 0.0 3.0
848 75.8935546875 72.0 0.560546875 0.0 3.0
849 75.8935546875 72.0 0.560546875 0.0 3.0
850 75.8935546875 72.0 0.560546875 0.0 3.0
851 75.8935546875 72.0 0.560546875 0.0 3.0
852 75.8935546875 72.0 0.560546875 0.0 3.0
853 75.8935546875 72.0 0.560546875 0.0 3.0
854 75.8935546875 72.0 0.560546875 0.0 3.0
855 75.8935546875 72.0 0.560546875 0.0 3.0
856 75.8935546875 72.0 0.560546875 0.0 3.0
857 75.8935546875 72.0 0.560546875 0.0 3.0
858 75.8935546875 72.0 0.560546875 0.0 3.0
859 75.8935546875 72.0 0.560546875 0.0 3.0
860 75.8935546875 72.0 0.560546875 0.0 3.0
861 75.8935546875 72.0 0.560546875 0.0 3.0
862 75.8935546875 72.0 0.560546875 0.0 3.0
863 75.8935546875 72.0 0.560546875 0.0 3.0
864 75.8935546875 72.0 0.560546875 0.0 3.0
865 75.8935546875 72.0 0.560546875 0.0 3.0
866 75.8935546875 72.0 0.560546875 0.0 3.0
867 75.8935546875 72.0 0.560546875 0.0 3.0
868 75.8935546875 72.0 0.560546875 0.0 3.0
869 75.8935546875 72.0 0.560546875 0.0 3.0
870 75.8935546875 72.0 0.560546875 0.0 3.0
871 75.8935546875 72.0 0.560546875 0.0 3.0
872 75.8935546875 72.0 0.560546875 0.0 3.0
873 75.8935546875 72.0 0.560546875 0.0 3.0
874 75.8935546875 72.0 0.560546875 0.0 3.0
875 76.482421875 72.0 0.501953125 0.0 2.0
876 76.482421875 72.0 0.501953125 0.0 2.0
877 76.482421875 72.0 0.501953125 0.0 2.0
878 76.482421875 72.0 0.501953125 0.0 2.0
879 76.482421875 72.0 0.501953125 0.0 2.0
880 76.482421875 72.0 0.5009765625 0.0 3.0
881 76.482421875 72.0 0.5009765625 0.0 3.0
882 76.482421875 72.0 0.5009765625 0.0 3.0
883 76.482421875 72.0 0.5009765625 0.0 3.0
884 76.482421875 72.0 0.5009765625 0.0 3.0
885 76.482421875 72.0 0.5009765625 0.0 3.0
886 76.482421875 72.0 0.5009765625 0.0 3.0
887 76.482421875 72.0 0.5009765625 0.0 3.0
888 76.482421875 72.0 0.5009765625 0.0 3.0
889 76.482421875 72.0 0.5009765625 0.0 3.0
890 76.482421875 72.0 0.5009765625 0.0 3.0
891 76.482421875 72.0 0.5009765625 0.0 3.0
892 76.482421875 72.0 0.5009765625 0.0 3.0
893 76.482421875 72.0 0.5009765625 0.0 3.0
894 76.482421875 72.0 0.5009765625 0.0 3.0
895 76.482421875 72.0 0.5009765625 0.0 3.0
896 76.482421875 72.0 0.5009765625 0.0 3.0
897 76.482421875 72.0 0.5009765625 0.0 3.0
898 76.482421875 72.0 0.5009765625 0.0 3.0
899 76.482421875 72.0 0.5009765625 0.0 3.0
900 76.482421875 72.0 0.5009765625 0.0 3.0
901 76.482421875 72.0 0.5009765625 0.0 3.0
902 76.482421875 72.0 0.5009765625 0.0 3.0
903 76.482421875 72.0 0.5009765625 0.0 3.0
904 76.482421875 72.0 0.5009765625 0.0 3.0
905 76.482421875 72.0 0.5009765625 0.0 3.0
906 76.482421875 72.0 0.5009765625 0.0 3.0
907 76.482421875 72.0 0.5009765625 0.0 3.0
908 76.5703125 72.0 0.4921875 0.0 2.0
909 76.5703125 72.0 0.4921875 0.0 2.0
910 76.5703125 72.0 0.4921875 0.0 2.0
911 76.5703125 72.0 0.4921875 0.0 2.0
912 76.5703125 72.0 0.4921875 0.0 2.0
913 76.5703125 72.0 0.4921875 0.0 2.0
914 76.5703125 72.0 0.4921875 0.0 2.0
915 76.5703125 72.0 0.4921875 0.0 2.0
916 76.5703125 72.0 0.4921875 0.0 2.0
917 76.5703125 72.0 0.4921875 0.0 2.0
918 76.5703125 72.0 0.4921875 0.0 2.0
919 76.5703125 72.0 0.4921875 0.0 2.0
920 76.5703125 72.0 0.4921875 0.0 2.0
921 76.5703125 72.0 0.4921875 0.0 2.0
922 76.5703125 72.0 0.4921875 0.0 2.0
923 76.5703125 72.0 0.4921875 0.0 2.0
924 76.5703125 72.0 0.4921875 0.0 2.0
925 76.5703125 72.0 0.4921875 0.0 2.0
926 76.5703125 72.0 0.4921875 0.0 2.0
927 76.5703125 72.0 0.4921875 0.0 2.0
928 76.5703125 72.0 0.4921875 0.0 2.0
929 76.5703125 72.0 0.4921875 0.0 2.0
930 76.5703125 72.0 0.4921875 0.0 2.0
931 76.5703125 72.0 0.4921875 0.0 2.0
932 76.5703125 72.0 0.4921875 0.0 2.0
933 76.5703125 72.0 0.4921875 0.0 2.0
934 76.5703125 72.0 0.4921875 0.0 2.0
935 76.5703125 72.0 0.4921875 0.0 2.0
936 76.5703125 72.0 0.4921875 0.0 2.0
937 76.5703125 72.0 0.4921875 0.0 2.0
938 76.5703125 72.0 0.4921875 0.0 2.0
939 76.5703125 72.0 0.4921875 0.0 2.0
940 76.5703125 72.0 0.4921875 0.0 2.0
941 76.5703125 72.0 0.4921875 0.0 2.0
942 76.5703125 72.0 0.4921875 0.0 2.0
943 76.5703125 72.0 0.4921875 0.0 2.0
944 76.5703125 72.0 0.4921875 0.0 2.0
945 76.5703125 72.0 0.4921875 0.0 2.0
946 76.5703125 72.0 0.4921875 0.0 2.0
947 76.5703125 72.0 0.4921875 0.0 2.0
948 76.5703125 72.0 0.4921875 0.0 2.0
949 76.5703125 72.0 0.4921875 0.0 2.0
950 76.5703125 72.0 0.4921875 0.0 2.0
951 76.5703125 72.0 0.4921875 0.0 2.0
952 76.5703125 72.0 0.4921875 0.0 2.0
953 76.5703125 72.0 0.4921875 0.0 2.0
954 76.5703125 72.0 0.4921875 0.0 2.0
955 76.5703125 72.0 0.4921875 0.0 2.0
956 76.5703125 72.0 0.4921875 0.0 2.0
957 76.5703125 72.0 0.4921875 0.0 2.0
958 76.5703125 72.0 0.4921875 0.0 2.0
959 76.5703125 72.0 0.4921875 0.0 2.0
960 76.5703125 72.0 0.4921875 0.0 2.0
961 76.5703125 72.0 0.4921875 0.0 2.0
962 76.5703125 72.0 0.4921875 0.0 2.0
963 76.5703125 72.0 0.4921875 0.0 2.0
964 76.5703125 72.0 0.4921875 0.0 2.0
965 76.5703125 72.0 0.4921875 0.0 2.0
966 76.5703125 72.0 0.4921875 0.0 2.0
967 76.5703125 72.0 0.4921875 0.0 2.0
968 76.5703125 72.0 0.4921875 0.0 2.0
969 76.5703125 72.0 0.4921875 0.0 2.0
970 76.5703125 72.0 0.4921875 0.0 2.0
971 76.5703125 72.0 0.4921875 0.0 2.0
972 76.5703125 72.0 0.4921875 0.0 2.0
973 76.5703125 72.0 0.4921875 0.0 2.0
974 76.5703125 72.0 0.4921875 0.0 2.0
975 76.5703125 72.0 0.4921875 0.0 2.0
976 76.5703125 72.0 0.4921875 0.0 2.0
977 76.5703125 72.0 0.4921875 0.0 2.0
978 76.5703125 72.0 0.4921875 0.0 2.0
979 76.5703125 72.0 0.4921875 0.0 2.0
980 76.5703125 72.0 0.4921875 0.0 2.0
981 76.5703125 72.0 0.4921875 0.0 2.0
982 76.5703125 72.0 0.4921875 0.0 2.0
983 76.5703125 72.0 0.4921875 0.0 2.0
984 76.5703125 72.0 0.4921875 0.0 2.0
985 76.5703125 72.0 0.4921875 0.0 2.0
986 76.5703125 72.0 0.4921875 0.0 2.0
987 76.5703125 72.0 0.4921875 0.0 2.0
988 76.5703125 72.0 0.4921875 0.0 2.0
989 76.5703125 72.0 0.4921875 0.0 2.0
990 76.5703125 72.0 0.4921875 0.0 2.0
991 76.5703125 72.0 0.4921875 0.0 2.0
992 76.5703125 72.0 0.4921875 0.0 2.0
993 76.5703125 72.0 0.4921875 0.0 2.0
994 76.5703125 72.0 0.4921875 0.0 2.0
995 76.5703125 72.0 0.4921875 0.0 2.0
996 76.5703125 72.0 0.4921875 0.0 2.0
997 76.5703125 72.0 0.4921875 0.0 2.0
998 76.5703125 72.0 0.4921875 0.0 2.0
999 76.5703125 72.0 0.4921875 0.0 2.0
1000 76.5703125 72.0 0.4921875 0.0 2.0
