gen HV HVnoDiscount fitness_notKilledMutants notKilledNonEqMutants fitness_testSuiteSize
1 21.783203125 21.0 5.8671875 6.0 6.0
2 21.783203125 21.0 5.8671875 6.0 6.0
3 21.783203125 21.0 5.8671875 6.0 6.0
4 22.544921875 22.0 4.890625 5.0 6.0
5 22.544921875 22.0 4.890625 5.0 6.0
6 28.0 28.0 3.0 3.0 6.0
7 28.0 28.0 3.0 3.0 6.0
8 28.0 28.0 3.0 3.0 6.0
9 28.0 28.0 3.0 3.0 6.0
10 28.0 28.0 3.0 3.0 6.0
11 38.0 38.0 3.0 3.0 5.0
12 38.0 38.0 3.0 3.0 5.0
13 38.0 38.0 3.0 3.0 5.0
14 38.0 38.0 3.0 3.0 5.0
15 38.0 38.0 3.0 3.0 5.0
16 38.0 38.0 3.0 3.0 5.0
17 38.0 38.0 3.0 3.0 5.0
18 50.0 50.0 0.0 0.0 5.0
19 50.0 50.0 0.0 0.0 5.0
20 50.0 50.0 0.0 0.0 5.0
21 51.0 51.0 0.0 0.0 5.0
22 51.0 51.0 0.0 0.0 5.0
23 51.0 51.0 0.0 0.0 5.0
24 51.0 51.0 0.0 0.0 5.0
25 60.0 60.0 0.0 0.0 4.0
26 60.0 60.0 0.0 0.0 4.0
27 60.0 60.0 0.0 0.0 4.0
28 60.0 60.0 0.0 0.0 4.0
29 60.0 60.0 0.0 0.0 4.0
30 60.0 60.0 0.0 0.0 4.0
31 60.0 60.0 0.0 0.0 4.0
32 60.0 60.0 0.0 0.0 4.0
33 60.0 60.0 0.0 0.0 4.0
34 60.0 60.0 0.0 0.0 4.0
35 60.0 60.0 0.0 0.0 4.0
36 60.0 60.0 0.0 0.0 4.0
37 60.0 60.0 0.0 0.0 4.0
38 60.0 60.0 0.0 0.0 4.0
39 60.0 60.0 0.0 0.0 4.0
40 60.0 60.0 0.0 0.0 4.0
41 60.0 60.0 0.0 0.0 4.0
42 60.0 60.0 0.0 0.0 4.0
43 60.0 60.0 0.0 0.0 4.0
44 60.0 60.0 0.0 0.0 4.0
45 60.0 60.0 0.0 0.0 4.0
46 60.0 60.0 0.0 0.0 4.0
47 66.0 66.0 0.0 0.0 4.0
48 66.0 66.0 0.0 0.0 4.0
49 66.0 66.0 0.0 0.0 4.0
50 66.0 66.0 0.0 0.0 4.0
51 66.0 66.0 0.0 0.0 4.0
52 66.0 66.0 0.0 0.0 4.0
53 66.0 66.0 0.0 0.0 4.0
54 66.0 66.0 0.0 0.0 4.0
55 66.0 66.0 0.0 0.0 4.0
56 66.0 66.0 0.0 0.0 4.0
57 66.0 66.0 0.0 0.0 4.0
58 66.0 66.0 0.0 0.0 4.0
59 66.0 66.0 0.0 0.0 4.0
60 66.0 66.0 0.0 0.0 4.0
61 66.0 66.0 0.0 0.0 4.0
62 66.0 66.0 0.0 0.0 4.0
63 66.0 66.0 0.0 0.0 4.0
64 70.0 70.0 0.0 0.0 3.0
65 71.0 71.0 0.0 0.0 3.0
66 71.0 71.0 0.0 0.0 3.0
67 71.0 71.0 0.0 0.0 3.0
68 71.0 71.0 0.0 0.0 3.0
69 71.0 71.0 0.0 0.0 3.0
70 71.0 71.0 0.0 0.0 3.0
71 71.0 71.0 0.0 0.0 3.0
72 71.0 71.0 0.0 0.0 3.0
73 71.0 71.0 0.0 0.0 3.0
74 71.0 71.0 0.0 0.0 3.0
75 71.0 71.0 0.0 0.0 3.0
76 71.0 71.0 0.0 0.0 3.0
77 71.0 71.0 0.0 0.0 3.0
78 71.0 71.0 0.0 0.0 3.0
79 71.0 71.0 0.0 0.0 3.0
80 71.0 71.0 0.0 0.0 3.0
81 71.0 71.0 0.0 0.0 3.0
82 71.0 71.0 0.0 0.0 3.0
83 71.0 71.0 0.0 0.0 3.0
84 71.0 71.0 0.0 0.0 3.0
85 71.0 71.0 0.0 0.0 3.0
86 71.0 71.0 0.0 0.0 3.0
87 71.0 71.0 0.0 0.0 3.0
88 71.0 71.0 0.0 0.0 3.0
89 71.0 71.0 0.0 0.0 3.0
90 71.0 71.0 0.0 0.0 3.0
91 71.0 71.0 0.0 0.0 3.0
92 71.0 71.0 0.0 0.0 3.0
93 71.0 71.0 0.0 0.0 3.0
94 71.0 71.0 0.0 0.0 3.0
95 71.0 71.0 0.0 0.0 3.0
96 71.0 71.0 0.0 0.0 3.0
97 71.0 71.0 0.0 0.0 3.0
98 71.0 71.0 0.0 0.0 3.0
99 71.0 71.0 0.0 0.0 3.0
100 71.0 71.0 0.0 0.0 3.0
101 71.0 71.0 0.0 0.0 3.0
102 71.0 71.0 0.0 0.0 3.0
103 71.0 71.0 0.0 0.0 3.0
104 71.0 71.0 0.0 0.0 3.0
105 71.0 71.0 0.0 0.0 3.0
106 71.0 71.0 0.0 0.0 3.0
107 71.0 71.0 0.0 0.0 3.0
108 71.0 71.0 0.0 0.0 3.0
109 77.0 77.0 0.0 0.0 3.0
110 77.0 77.0 0.0 0.0 3.0
111 77.0 77.0 0.0 0.0 3.0
112 77.0 77.0 0.0 0.0 3.0
113 77.0 77.0 0.0 0.0 3.0
114 77.0 77.0 0.0 0.0 3.0
115 77.0 77.0 0.0 0.0 3.0
116 77.0 77.0 0.0 0.0 3.0
117 77.0 77.0 0.0 0.0 3.0
118 77.0 77.0 0.0 0.0 3.0
119 77.0 77.0 0.0 0.0 3.0
120 77.0 77.0 0.0 0.0 3.0
121 77.0 77.0 0.0 0.0 3.0
122 77.0 77.0 0.0 0.0 3.0
123 77.0 77.0 0.0 0.0 3.0
124 77.0 77.0 0.0 0.0 3.0
125 77.0 77.0 0.0 0.0 3.0
126 77.0 77.0 0.0 0.0 3.0
127 77.0 77.0 0.0 0.0 3.0
128 77.0 77.0 0.0 0.0 3.0
129 77.0 77.0 0.0 0.0 3.0
130 77.0 77.0 0.0 0.0 3.0
131 77.0 77.0 0.0 0.0 3.0
132 77.0 77.0 0.0 0.0 3.0
133 77.0 77.0 0.0 0.0 3.0
134 77.0 77.0 0.0 0.0 3.0
135 77.0 77.0 0.0 0.0 3.0
136 77.0 77.0 0.0 0.0 3.0
137 77.0 77.0 0.0 0.0 3.0
138 77.0 77.0 0.0 0.0 3.0
139 77.0 77.0 0.0 0.0 3.0
140 77.0 77.0 0.0 0.0 3.0
141 80.0 80.0 0.0 0.0 2.0
142 80.0 80.0 0.0 0.0 2.0
143 80.0 80.0 0.0 0.0 2.0
144 80.0 80.0 0.0 0.0 2.0
145 80.0 80.0 0.0 0.0 2.0
146 80.0 80.0 0.0 0.0 2.0
147 80.0 80.0 0.0 0.0 2.0
148 80.0 80.0 0.0 0.0 2.0
149 80.0 80.0 0.0 0.0 2.0
150 80.0 80.0 0.0 0.0 2.0
151 80.0 80.0 0.0 0.0 2.0
152 80.0 80.0 0.0 0.0 2.0
153 80.0 80.0 0.0 0.0 2.0
154 80.0 80.0 0.0 0.0 2.0
155 80.0 80.0 0.0 0.0 2.0
156 80.0 80.0 0.0 0.0 2.0
157 80.0 80.0 0.0 0.0 2.0
158 80.0 80.0 0.0 0.0 2.0
159 80.0 80.0 0.0 0.0 2.0
160 80.0 80.0 0.0 0.0 2.0
161 80.0 80.0 0.0 0.0 2.0
162 80.0 80.0 0.0 0.0 2.0
163 80.0 80.0 0.0 0.0 2.0
164 80.0 80.0 0.0 0.0 2.0
165 80.0 80.0 0.0 0.0 2.0
166 80.0 80.0 0.0 0.0 2.0
167 80.0 80.0 0.0 0.0 2.0
168 80.0 80.0 0.0 0.0 2.0
169 80.0 80.0 0.0 0.0 2.0
170 80.0 80.0 0.0 0.0 2.0
171 80.0 80.0 0.0 0.0 2.0
172 80.0 80.0 0.0 0.0 2.0
173 80.0 80.0 0.0 0.0 2.0
174 80.0 80.0 0.0 0.0 2.0
175 80.0 80.0 0.0 0.0 2.0
176 80.0 80.0 0.0 0.0 2.0
177 80.0 80.0 0.0 0.0 2.0
178 80.0 80.0 0.0 0.0 2.0
179 80.0 80.0 0.0 0.0 2.0
180 80.0 80.0 0.0 0.0 2.0
181 80.0 80.0 0.0 0.0 2.0
182 80.0 80.0 0.0 0.0 2.0
183 80.0 80.0 0.0 0.0 2.0
184 80.0 80.0 0.0 0.0 2.0
185 80.0 80.0 0.0 0.0 2.0
186 80.0 80.0 0.0 0.0 2.0
187 80.0 80.0 0.0 0.0 2.0
188 80.0 80.0 0.0 0.0 2.0
189 80.0 80.0 0.0 0.0 2.0
190 80.0 80.0 0.0 0.0 2.0
191 80.0 80.0 0.0 0.0 2.0
192 80.0 80.0 0.0 0.0 2.0
193 80.0 80.0 0.0 0.0 2.0
194 80.0 80.0 0.0 0.0 2.0
195 80.0 80.0 0.0 0.0 2.0
196 80.0 80.0 0.0 0.0 2.0
197 80.0 80.0 0.0 0.0 2.0
198 80.0 80.0 0.0 0.0 2.0
199 80.0 80.0 0.0 0.0 2.0
200 80.0 80.0 0.0 0.0 2.0
201 80.0 80.0 0.0 0.0 2.0
202 80.0 80.0 0.0 0.0 2.0
203 80.0 80.0 0.0 0.0 2.0
204 80.0 80.0 0.0 0.0 2.0
205 80.0 80.0 0.0 0.0 2.0
206 80.0 80.0 0.0 0.0 2.0
207 80.0 80.0 0.0 0.0 2.0
208 80.0 80.0 0.0 0.0 2.0
209 80.0 80.0 0.0 0.0 2.0
210 80.0 80.0 0.0 0.0 2.0
211 80.0 80.0 0.0 0.0 2.0
212 80.0 80.0 0.0 0.0 2.0
213 80.0 80.0 0.0 0.0 2.0
214 80.0 80.0 0.0 0.0 2.0
215 80.0 80.0 0.0 0.0 2.0
216 80.0 80.0 0.0 0.0 2.0
217 80.0 80.0 0.0 0.0 2.0
218 80.0 80.0 0.0 0.0 2.0
219 80.0 80.0 0.0 0.0 2.0
220 80.0 80.0 0.0 0.0 2.0
221 80.0 80.0 0.0 0.0 2.0
222 80.0 80.0 0.0 0.0 2.0
223 80.0 80.0 0.0 0.0 2.0
224 80.0 80.0 0.0 0.0 2.0
225 80.0 80.0 0.0 0.0 2.0
226 80.0 80.0 0.0 0.0 2.0
227 80.0 80.0 0.0 0.0 2.0
228 80.0 80.0 0.0 0.0 2.0
229 80.0 80.0 0.0 0.0 2.0
230 80.0 80.0 0.0 0.0 2.0
231 80.0 80.0 0.0 0.0 2.0
232 80.0 80.0 0.0 0.0 2.0
233 80.0 80.0 0.0 0.0 2.0
234 80.0 80.0 0.0 0.0 2.0
235 80.0 80.0 0.0 0.0 2.0
236 80.0 80.0 0.0 0.0 2.0
237 80.0 80.0 0.0 0.0 2.0
238 80.0 80.0 0.0 0.0 2.0
239 80.0 80.0 0.0 0.0 2.0
240 80.0 80.0 0.0 0.0 2.0
241 82.0 82.0 0.0 0.0 2.0
242 82.0 82.0 0.0 0.0 2.0
243 82.0 82.0 0.0 0.0 2.0
244 82.0 82.0 0.0 0.0 2.0
245 82.0 82.0 0.0 0.0 2.0
246 82.0 82.0 0.0 0.0 2.0
247 82.0 82.0 0.0 0.0 2.0
248 82.0 82.0 0.0 0.0 2.0
249 82.0 82.0 0.0 0.0 2.0
250 82.0 82.0 0.0 0.0 2.0
251 82.0 82.0 0.0 0.0 2.0
252 82.0 82.0 0.0 0.0 2.0
253 82.0 82.0 0.0 0.0 2.0
254 82.0 82.0 0.0 0.0 2.0
255 82.0 82.0 0.0 0.0 2.0
256 82.0 82.0 0.0 0.0 2.0
257 82.0 82.0 0.0 0.0 2.0
258 82.0 82.0 0.0 0.0 2.0
259 82.0 82.0 0.0 0.0 2.0
260 82.0 82.0 0.0 0.0 2.0
261 82.0 82.0 0.0 0.0 2.0
262 82.0 82.0 0.0 0.0 2.0
263 82.0 82.0 0.0 0.0 2.0
264 82.0 82.0 0.0 0.0 2.0
265 82.0 82.0 0.0 0.0 2.0
266 82.0 82.0 0.0 0.0 2.0
267 82.0 82.0 0.0 0.0 2.0
268 82.0 82.0 0.0 0.0 2.0
269 82.0 82.0 0.0 0.0 2.0
270 82.0 82.0 0.0 0.0 2.0
271 82.0 82.0 0.0 0.0 2.0
272 82.0 82.0 0.0 0.0 2.0
273 82.0 82.0 0.0 0.0 2.0
274 82.0 82.0 0.0 0.0 2.0
275 82.0 82.0 0.0 0.0 2.0
276 82.0 82.0 0.0 0.0 2.0
277 82.0 82.0 0.0 0.0 2.0
278 82.0 82.0 0.0 0.0 2.0
279 82.0 82.0 0.0 0.0 2.0
280 82.0 82.0 0.0 0.0 2.0
281 82.0 82.0 0.0 0.0 2.0
282 82.0 82.0 0.0 0.0 2.0
283 82.0 82.0 0.0 0.0 2.0
284 82.0 82.0 0.0 0.0 2.0
285 82.0 82.0 0.0 0.0 2.0
286 82.0 82.0 0.0 0.0 2.0
287 82.0 82.0 0.0 0.0 2.0
288 82.0 82.0 0.0 0.0 2.0
289 82.0 82.0 0.0 0.0 2.0
290 82.0 82.0 0.0 0.0 2.0
291 82.0 82.0 0.0 0.0 2.0
292 82.0 82.0 0.0 0.0 2.0
293 82.0 82.0 0.0 0.0 2.0
294 82.0 82.0 0.0 0.0 2.0
295 82.0 82.0 0.0 0.0 2.0
296 82.0 82.0 0.0 0.0 2.0
297 82.0 82.0 0.0 0.0 2.0
298 82.0 82.0 0.0 0.0 2.0
299 82.0 82.0 0.0 0.0 2.0
300 82.0 82.0 0.0 0.0 2.0
301 82.0 82.0 0.0 0.0 2.0
302 82.0 82.0 0.0 0.0 2.0
303 82.0 82.0 0.0 0.0 2.0
304 82.0 82.0 0.0 0.0 2.0
305 82.0 82.0 0.0 0.0 2.0
306 82.0 82.0 0.0 0.0 2.0
307 82.0 82.0 0.0 0.0 2.0
308 82.0 82.0 0.0 0.0 2.0
309 82.0 82.0 0.0 0.0 2.0
310 82.0 82.0 0.0 0.0 2.0
311 82.0 82.0 0.0 0.0 2.0
312 82.0 82.0 0.0 0.0 2.0
313 82.0 82.0 0.0 0.0 2.0
314 82.0 82.0 0.0 0.0 2.0
315 82.0 82.0 0.0 0.0 2.0
316 82.0 82.0 0.0 0.0 2.0
317 82.0 82.0 0.0 0.0 2.0
318 82.0 82.0 0.0 0.0 2.0
319 82.0 82.0 0.0 0.0 2.0
320 82.0 82.0 0.0 0.0 2.0
321 82.0 82.0 0.0 0.0 2.0
322 82.0 82.0 0.0 0.0 2.0
323 82.0 82.0 0.0 0.0 2.0
324 82.0 82.0 0.0 0.0 2.0
325 82.0 82.0 0.0 0.0 2.0
326 82.0 82.0 0.0 0.0 2.0
327 82.0 82.0 0.0 0.0 2.0
328 82.0 82.0 0.0 0.0 2.0
329 82.0 82.0 0.0 0.0 2.0
330 82.0 82.0 0.0 0.0 2.0
331 82.0 82.0 0.0 0.0 2.0
332 82.0 82.0 0.0 0.0 2.0
333 82.0 82.0 0.0 0.0 2.0
334 82.0 82.0 0.0 0.0 2.0
335 82.0 82.0 0.0 0.0 2.0
336 82.0 82.0 0.0 0.0 2.0
337 82.0 82.0 0.0 0.0 2.0
338 82.0 82.0 0.0 0.0 2.0
339 82.0 82.0 0.0 0.0 2.0
340 82.0 82.0 0.0 0.0 2.0
341 82.0 82.0 0.0 0.0 2.0
342 82.0 82.0 0.0 0.0 2.0
343 82.0 82.0 0.0 0.0 2.0
344 82.0 82.0 0.0 0.0 2.0
345 82.0 82.0 0.0 0.0 2.0
346 82.0 82.0 0.0 0.0 2.0
347 82.0 82.0 0.0 0.0 2.0
348 82.0 82.0 0.0 0.0 2.0
349 82.0 82.0 0.0 0.0 2.0
350 82.0 82.0 0.0 0.0 2.0
351 82.0 82.0 0.0 0.0 2.0
352 82.0 82.0 0.0 0.0 2.0
353 82.0 82.0 0.0 0.0 2.0
354 82.0 82.0 0.0 0.0 2.0
355 82.0 82.0 0.0 0.0 2.0
356 82.0 82.0 0.0 0.0 2.0
357 82.0 82.0 0.0 0.0 2.0
358 82.0 82.0 0.0 0.0 2.0
359 82.0 82.0 0.0 0.0 2.0
360 82.0 82.0 0.0 0.0 2.0
361 82.0 82.0 0.0 0.0 2.0
362 82.0 82.0 0.0 0.0 2.0
363 82.0 82.0 0.0 0.0 2.0
364 82.0 82.0 0.0 0.0 2.0
365 82.0 82.0 0.0 0.0 2.0
366 82.0 82.0 0.0 0.0 2.0
367 82.0 82.0 0.0 0.0 2.0
368 82.0 82.0 0.0 0.0 2.0
369 82.0 82.0 0.0 0.0 2.0
370 82.0 82.0 0.0 0.0 2.0
371 82.0 82.0 0.0 0.0 2.0
372 82.0 82.0 0.0 0.0 2.0
373 82.0 82.0 0.0 0.0 2.0
374 82.0 82.0 0.0 0.0 2.0
375 82.0 82.0 0.0 0.0 2.0
376 82.0 82.0 0.0 0.0 2.0
377 82.0 82.0 0.0 0.0 2.0
378 82.0 82.0 0.0 0.0 2.0
379 82.0 82.0 0.0 0.0 2.0
380 82.0 82.0 0.0 0.0 2.0
381 82.0 82.0 0.0 0.0 2.0
382 82.0 82.0 0.0 0.0 2.0
383 82.0 82.0 0.0 0.0 2.0
384 82.0 82.0 0.0 0.0 2.0
385 82.0 82.0 0.0 0.0 2.0
386 82.0 82.0 0.0 0.0 2.0
387 82.0 82.0 0.0 0.0 2.0
388 82.0 82.0 0.0 0.0 2.0
389 82.0 82.0 0.0 0.0 2.0
390 82.0 82.0 0.0 0.0 2.0
391 82.0 82.0 0.0 0.0 2.0
392 82.0 82.0 0.0 0.0 2.0
393 82.0 82.0 0.0 0.0 2.0
394 82.0 82.0 0.0 0.0 2.0
395 82.0 82.0 0.0 0.0 2.0
396 82.0 82.0 0.0 0.0 2.0
397 82.0 82.0 0.0 0.0 2.0
398 82.0 82.0 0.0 0.0 2.0
399 82.0 82.0 0.0 0.0 2.0
400 82.0 82.0 0.0 0.0 2.0
401 82.0 82.0 0.0 0.0 2.0
402 82.0 82.0 0.0 0.0 2.0
403 82.0 82.0 0.0 0.0 2.0
404 82.0 82.0 0.0 0.0 2.0
405 82.0 82.0 0.0 0.0 2.0
406 82.0 82.0 0.0 0.0 2.0
407 82.0 82.0 0.0 0.0 2.0
408 82.0 82.0 0.0 0.0 2.0
409 82.0 82.0 0.0 0.0 2.0
410 82.0 82.0 0.0 0.0 2.0
411 82.0 82.0 0.0 0.0 2.0
412 82.0 82.0 0.0 0.0 2.0
413 82.0 82.0 0.0 0.0 2.0
414 82.0 82.0 0.0 0.0 2.0
415 82.0 82.0 0.0 0.0 2.0
416 82.0 82.0 0.0 0.0 2.0
417 82.0 82.0 0.0 0.0 2.0
418 82.0 82.0 0.0 0.0 2.0
419 82.0 82.0 0.0 0.0 2.0
420 82.0 82.0 0.0 0.0 2.0
421 82.0 82.0 0.0 0.0 2.0
422 82.0 82.0 0.0 0.0 2.0
423 82.0 82.0 0.0 0.0 2.0
424 82.0 82.0 0.0 0.0 2.0
425 82.0 82.0 0.0 0.0 2.0
426 82.0 82.0 0.0 0.0 2.0
427 82.0 82.0 0.0 0.0 2.0
428 82.0 82.0 0.0 0.0 2.0
429 82.0 82.0 0.0 0.0 2.0
430 82.0 82.0 0.0 0.0 2.0
431 82.0 82.0 0.0 0.0 2.0
432 82.0 82.0 0.0 0.0 2.0
433 82.0 82.0 0.0 0.0 2.0
434 82.0 82.0 0.0 0.0 2.0
435 82.0 82.0 0.0 0.0 2.0
436 82.0 82.0 0.0 0.0 2.0
437 82.0 82.0 0.0 0.0 2.0
438 82.0 82.0 0.0 0.0 2.0
439 82.0 82.0 0.0 0.0 2.0
440 82.0 82.0 0.0 0.0 2.0
441 82.0 82.0 0.0 0.0 2.0
442 82.0 82.0 0.0 0.0 2.0
443 82.0 82.0 0.0 0.0 2.0
444 82.0 82.0 0.0 0.0 2.0
445 82.0 82.0 0.0 0.0 2.0
446 82.0 82.0 0.0 0.0 2.0
447 82.0 82.0 0.0 0.0 2.0
448 82.0 82.0 0.0 0.0 2.0
449 82.0 82.0 0.0 0.0 2.0
450 82.0 82.0 0.0 0.0 2.0
451 82.0 82.0 0.0 0.0 2.0
452 82.0 82.0 0.0 0.0 2.0
453 82.0 82.0 0.0 0.0 2.0
454 82.0 82.0 0.0 0.0 2.0
455 82.0 82.0 0.0 0.0 2.0
456 82.0 82.0 0.0 0.0 2.0
457 82.0 82.0 0.0 0.0 2.0
458 82.0 82.0 0.0 0.0 2.0
459 82.0 82.0 0.0 0.0 2.0
460 82.0 82.0 0.0 0.0 2.0
461 82.0 82.0 0.0 0.0 2.0
462 82.0 82.0 0.0 0.0 2.0
463 82.0 82.0 0.0 0.0 2.0
464 82.0 82.0 0.0 0.0 2.0
465 82.0 82.0 0.0 0.0 2.0
466 82.0 82.0 0.0 0.0 2.0
467 82.0 82.0 0.0 0.0 2.0
468 82.0 82.0 0.0 0.0 2.0
469 82.0 82.0 0.0 0.0 2.0
470 82.0 82.0 0.0 0.0 2.0
471 82.0 82.0 0.0 0.0 2.0
472 82.0 82.0 0.0 0.0 2.0
473 82.0 82.0 0.0 0.0 2.0
474 82.0 82.0 0.0 0.0 2.0
475 82.0 82.0 0.0 0.0 2.0
476 82.0 82.0 0.0 0.0 2.0
477 82.0 82.0 0.0 0.0 2.0
478 82.0 82.0 0.0 0.0 2.0
479 82.0 82.0 0.0 0.0 2.0
480 82.0 82.0 0.0 0.0 2.0
481 82.0 82.0 0.0 0.0 2.0
482 82.0 82.0 0.0 0.0 2.0
483 82.0 82.0 0.0 0.0 2.0
484 82.0 82.0 0.0 0.0 2.0
485 82.0 82.0 0.0 0.0 2.0
486 82.0 82.0 0.0 0.0 2.0
487 82.0 82.0 0.0 0.0 2.0
488 82.0 82.0 0.0 0.0 2.0
489 82.0 82.0 0.0 0.0 2.0
490 82.0 82.0 0.0 0.0 2.0
491 82.0 82.0 0.0 0.0 2.0
492 82.0 82.0 0.0 0.0 2.0
493 82.0 82.0 0.0 0.0 2.0
494 82.0 82.0 0.0 0.0 2.0
495 82.0 82.0 0.0 0.0 2.0
496 82.0 82.0 0.0 0.0 2.0
497 82.0 82.0 0.0 0.0 2.0
498 82.0 82.0 0.0 0.0 2.0
499 82.0 82.0 0.0 0.0 2.0
500 82.0 82.0 0.0 0.0 2.0
501 82.0 82.0 0.0 0.0 2.0
502 82.0 82.0 0.0 0.0 2.0
503 82.0 82.0 0.0 0.0 2.0
504 82.0 82.0 0.0 0.0 2.0
505 82.0 82.0 0.0 0.0 2.0
506 82.0 82.0 0.0 0.0 2.0
507 82.0 82.0 0.0 0.0 2.0
508 82.0 82.0 0.0 0.0 2.0
509 82.0 82.0 0.0 0.0 2.0
510 82.0 82.0 0.0 0.0 2.0
511 82.0 82.0 0.0 0.0 2.0
512 82.0 82.0 0.0 0.0 2.0
513 82.0 82.0 0.0 0.0 2.0
514 82.0 82.0 0.0 0.0 2.0
515 82.0 82.0 0.0 0.0 2.0
516 82.0 82.0 0.0 0.0 2.0
517 82.0 82.0 0.0 0.0 2.0
518 82.0 82.0 0.0 0.0 2.0
519 82.0 82.0 0.0 0.0 2.0
520 82.0 82.0 0.0 0.0 2.0
521 82.0 82.0 0.0 0.0 2.0
522 82.0 82.0 0.0 0.0 2.0
523 82.0 82.0 0.0 0.0 2.0
524 82.0 82.0 0.0 0.0 2.0
525 82.0 82.0 0.0 0.0 2.0
526 82.0 82.0 0.0 0.0 2.0
527 82.0 82.0 0.0 0.0 2.0
528 82.0 82.0 0.0 0.0 2.0
529 82.0 82.0 0.0 0.0 2.0
530 82.0 82.0 0.0 0.0 2.0
531 82.0 82.0 0.0 0.0 2.0
532 82.0 82.0 0.0 0.0 2.0
533 82.0 82.0 0.0 0.0 2.0
534 82.0 82.0 0.0 0.0 2.0
535 82.0 82.0 0.0 0.0 2.0
536 82.0 82.0 0.0 0.0 2.0
537 82.0 82.0 0.0 0.0 2.0
538 82.0 82.0 0.0 0.0 2.0
539 82.0 82.0 0.0 0.0 2.0
540 82.0 82.0 0.0 0.0 2.0
541 82.0 82.0 0.0 0.0 2.0
542 82.0 82.0 0.0 0.0 2.0
543 82.0 82.0 0.0 0.0 2.0
544 82.0 82.0 0.0 0.0 2.0
545 82.0 82.0 0.0 0.0 2.0
546 82.0 82.0 0.0 0.0 2.0
547 82.0 82.0 0.0 0.0 2.0
548 82.0 82.0 0.0 0.0 2.0
549 82.0 82.0 0.0 0.0 2.0
550 82.0 82.0 0.0 0.0 2.0
551 82.0 82.0 0.0 0.0 2.0
552 82.0 82.0 0.0 0.0 2.0
553 82.0 82.0 0.0 0.0 2.0
554 82.0 82.0 0.0 0.0 2.0
555 82.0 82.0 0.0 0.0 2.0
556 82.0 82.0 0.0 0.0 2.0
557 82.0 82.0 0.0 0.0 2.0
558 82.0 82.0 0.0 0.0 2.0
559 82.0 82.0 0.0 0.0 2.0
560 82.0 82.0 0.0 0.0 2.0
561 82.0 82.0 0.0 0.0 2.0
562 82.0 82.0 0.0 0.0 2.0
563 82.0 82.0 0.0 0.0 2.0
564 82.0 82.0 0.0 0.0 2.0
565 82.0 82.0 0.0 0.0 2.0
566 82.0 82.0 0.0 0.0 2.0
567 82.0 82.0 0.0 0.0 2.0
568 82.0 82.0 0.0 0.0 2.0
569 82.0 82.0 0.0 0.0 2.0
570 82.0 82.0 0.0 0.0 2.0
571 82.0 82.0 0.0 0.0 2.0
572 82.0 82.0 0.0 0.0 2.0
573 82.0 82.0 0.0 0.0 2.0
574 82.0 82.0 0.0 0.0 2.0
575 82.0 82.0 0.0 0.0 2.0
576 82.0 82.0 0.0 0.0 2.0
577 82.0 82.0 0.0 0.0 2.0
578 82.0 82.0 0.0 0.0 2.0
579 82.0 82.0 0.0 0.0 2.0
580 82.0 82.0 0.0 0.0 2.0
581 82.0 82.0 0.0 0.0 2.0
582 82.0 82.0 0.0 0.0 2.0
583 82.0 82.0 0.0 0.0 2.0
584 82.0 82.0 0.0 0.0 2.0
585 82.0 82.0 0.0 0.0 2.0
586 82.0 82.0 0.0 0.0 2.0
587 82.0 82.0 0.0 0.0 2.0
588 82.0 82.0 0.0 0.0 2.0
589 82.0 82.0 0.0 0.0 2.0
590 82.0 82.0 0.0 0.0 2.0
591 82.0 82.0 0.0 0.0 2.0
592 82.0 82.0 0.0 0.0 2.0
593 82.0 82.0 0.0 0.0 2.0
594 82.0 82.0 0.0 0.0 2.0
595 82.0 82.0 0.0 0.0 2.0
596 82.0 82.0 0.0 0.0 2.0
597 82.0 82.0 0.0 0.0 2.0
598 82.0 82.0 0.0 0.0 2.0
599 82.0 82.0 0.0 0.0 2.0
600 82.0 82.0 0.0 0.0 2.0
601 82.0 82.0 0.0 0.0 2.0
602 82.0 82.0 0.0 0.0 2.0
603 82.0 82.0 0.0 0.0 2.0
604 82.0 82.0 0.0 0.0 2.0
605 82.0 82.0 0.0 0.0 2.0
606 82.0 82.0 0.0 0.0 2.0
607 82.0 82.0 0.0 0.0 2.0
608 82.0 82.0 0.0 0.0 2.0
609 82.0 82.0 0.0 0.0 2.0
610 82.0 82.0 0.0 0.0 2.0
611 82.0 82.0 0.0 0.0 2.0
612 82.0 82.0 0.0 0.0 2.0
613 82.0 82.0 0.0 0.0 2.0
614 82.0 82.0 0.0 0.0 2.0
615 82.0 82.0 0.0 0.0 2.0
616 82.0 82.0 0.0 0.0 2.0
617 82.0 82.0 0.0 0.0 2.0
618 82.0 82.0 0.0 0.0 2.0
619 82.0 82.0 0.0 0.0 2.0
620 82.0 82.0 0.0 0.0 2.0
621 82.0 82.0 0.0 0.0 2.0
622 82.0 82.0 0.0 0.0 2.0
623 82.0 82.0 0.0 0.0 2.0
624 82.0 82.0 0.0 0.0 2.0
625 82.0 82.0 0.0 0.0 2.0
626 82.0 82.0 0.0 0.0 2.0
627 82.0 82.0 0.0 0.0 2.0
628 82.0 82.0 0.0 0.0 2.0
629 82.0 82.0 0.0 0.0 2.0
630 82.0 82.0 0.0 0.0 2.0
631 82.0 82.0 0.0 0.0 2.0
632 82.0 82.0 0.0 0.0 2.0
633 82.0 82.0 0.0 0.0 2.0
634 82.0 82.0 0.0 0.0 2.0
635 82.0 82.0 0.0 0.0 2.0
636 82.0 82.0 0.0 0.0 2.0
637 82.0 82.0 0.0 0.0 2.0
638 82.0 82.0 0.0 0.0 2.0
639 82.0 82.0 0.0 0.0 2.0
640 82.0 82.0 0.0 0.0 2.0
641 82.0 82.0 0.0 0.0 2.0
642 82.0 82.0 0.0 0.0 2.0
643 82.0 82.0 0.0 0.0 2.0
644 82.0 82.0 0.0 0.0 2.0
645 82.0 82.0 0.0 0.0 2.0
646 82.0 82.0 0.0 0.0 2.0
647 82.0 82.0 0.0 0.0 2.0
648 82.0 82.0 0.0 0.0 2.0
649 82.0 82.0 0.0 0.0 2.0
650 82.0 82.0 0.0 0.0 2.0
651 82.0 82.0 0.0 0.0 2.0
652 82.0 82.0 0.0 0.0 2.0
653 82.0 82.0 0.0 0.0 2.0
654 82.0 82.0 0.0 0.0 2.0
655 82.0 82.0 0.0 0.0 2.0
656 82.0 82.0 0.0 0.0 2.0
657 82.0 82.0 0.0 0.0 2.0
658 82.0 82.0 0.0 0.0 2.0
659 82.0 82.0 0.0 0.0 2.0
660 82.0 82.0 0.0 0.0 2.0
661 82.0 82.0 0.0 0.0 2.0
662 82.0 82.0 0.0 0.0 2.0
663 82.0 82.0 0.0 0.0 2.0
664 82.0 82.0 0.0 0.0 2.0
665 82.0 82.0 0.0 0.0 2.0
666 82.0 82.0 0.0 0.0 2.0
667 82.0 82.0 0.0 0.0 2.0
668 82.0 82.0 0.0 0.0 2.0
669 82.0 82.0 0.0 0.0 2.0
670 82.0 82.0 0.0 0.0 2.0
671 82.0 82.0 0.0 0.0 2.0
672 82.0 82.0 0.0 0.0 2.0
673 82.0 82.0 0.0 0.0 2.0
674 82.0 82.0 0.0 0.0 2.0
675 82.0 82.0 0.0 0.0 2.0
676 82.0 82.0 0.0 0.0 2.0
677 82.0 82.0 0.0 0.0 2.0
678 82.0 82.0 0.0 0.0 2.0
679 82.0 82.0 0.0 0.0 2.0
680 82.0 82.0 0.0 0.0 2.0
681 82.0 82.0 0.0 0.0 2.0
682 82.0 82.0 0.0 0.0 2.0
683 82.0 82.0 0.0 0.0 2.0
684 82.0 82.0 0.0 0.0 2.0
685 82.0 82.0 0.0 0.0 2.0
686 82.0 82.0 0.0 0.0 2.0
687 82.0 82.0 0.0 0.0 2.0
688 82.0 82.0 0.0 0.0 2.0
689 82.0 82.0 0.0 0.0 2.0
690 82.0 82.0 0.0 0.0 2.0
691 82.0 82.0 0.0 0.0 2.0
692 82.0 82.0 0.0 0.0 2.0
693 82.0 82.0 0.0 0.0 2.0
694 82.0 82.0 0.0 0.0 2.0
695 82.0 82.0 0.0 0.0 2.0
696 82.0 82.0 0.0 0.0 2.0
697 82.0 82.0 0.0 0.0 2.0
698 82.0 82.0 0.0 0.0 2.0
699 82.0 82.0 0.0 0.0 2.0
700 82.0 82.0 0.0 0.0 2.0
701 82.0 82.0 0.0 0.0 2.0
702 82.0 82.0 0.0 0.0 2.0
703 85.0 85.0 0.0 0.0 2.0
704 85.0 85.0 0.0 0.0 2.0
705 85.0 85.0 0.0 0.0 2.0
706 85.0 85.0 0.0 0.0 2.0
707 85.0 85.0 0.0 0.0 2.0
708 85.0 85.0 0.0 0.0 2.0
709 85.0 85.0 0.0 0.0 2.0
710 85.0 85.0 0.0 0.0 2.0
711 85.0 85.0 0.0 0.0 2.0
712 85.0 85.0 0.0 0.0 2.0
713 85.0 85.0 0.0 0.0 2.0
714 85.0 85.0 0.0 0.0 2.0
715 85.0 85.0 0.0 0.0 2.0
716 85.0 85.0 0.0 0.0 2.0
717 85.0 85.0 0.0 0.0 2.0
718 85.0 85.0 0.0 0.0 2.0
719 85.0 85.0 0.0 0.0 2.0
720 85.0 85.0 0.0 0.0 2.0
721 85.0 85.0 0.0 0.0 2.0
722 85.0 85.0 0.0 0.0 2.0
723 85.0 85.0 0.0 0.0 2.0
724 85.0 85.0 0.0 0.0 2.0
725 85.0 85.0 0.0 0.0 2.0
726 85.0 85.0 0.0 0.0 2.0
727 85.0 85.0 0.0 0.0 2.0
728 85.0 85.0 0.0 0.0 2.0
729 85.0 85.0 0.0 0.0 2.0
730 85.0 85.0 0.0 0.0 2.0
731 85.0 85.0 0.0 0.0 2.0
732 85.0 85.0 0.0 0.0 2.0
733 85.0 85.0 0.0 0.0 2.0
734 85.0 85.0 0.0 0.0 2.0
735 85.0 85.0 0.0 0.0 2.0
736 85.0 85.0 0.0 0.0 2.0
737 85.0 85.0 0.0 0.0 2.0
738 85.0 85.0 0.0 0.0 2.0
739 85.0 85.0 0.0 0.0 2.0
740 85.0 85.0 0.0 0.0 2.0
741 85.0 85.0 0.0 0.0 2.0
742 85.0 85.0 0.0 0.0 2.0
743 85.0 85.0 0.0 0.0 2.0
744 85.0 85.0 0.0 0.0 2.0
745 85.0 85.0 0.0 0.0 2.0
746 85.0 85.0 0.0 0.0 2.0
747 85.0 85.0 0.0 0.0 2.0
748 85.0 85.0 0.0 0.0 2.0
749 85.0 85.0 0.0 0.0 2.0
750 85.0 85.0 0.0 0.0 2.0
751 85.0 85.0 0.0 0.0 2.0
752 85.0 85.0 0.0 0.0 2.0
753 85.0 85.0 0.0 0.0 2.0
754 85.0 85.0 0.0 0.0 2.0
755 85.0 85.0 0.0 0.0 2.0
756 85.0 85.0 0.0 0.0 2.0
757 85.0 85.0 0.0 0.0 2.0
758 85.0 85.0 0.0 0.0 2.0
759 85.0 85.0 0.0 0.0 2.0
760 85.0 85.0 0.0 0.0 2.0
761 85.0 85.0 0.0 0.0 2.0
762 85.0 85.0 0.0 0.0 2.0
763 85.0 85.0 0.0 0.0 2.0
764 85.0 85.0 0.0 0.0 2.0
765 85.0 85.0 0.0 0.0 2.0
766 85.0 85.0 0.0 0.0 2.0
767 85.0 85.0 0.0 0.0 2.0
768 85.0 85.0 0.0 0.0 2.0
769 85.0 85.0 0.0 0.0 2.0
770 85.0 85.0 0.0 0.0 2.0
771 85.0 85.0 0.0 0.0 2.0
772 85.0 85.0 0.0 0.0 2.0
773 85.0 85.0 0.0 0.0 2.0
774 85.0 85.0 0.0 0.0 2.0
775 85.0 85.0 0.0 0.0 2.0
776 85.0 85.0 0.0 0.0 2.0
777 85.0 85.0 0.0 0.0 2.0
778 85.0 85.0 0.0 0.0 2.0
779 85.0 85.0 0.0 0.0 2.0
780 85.0 85.0 0.0 0.0 2.0
781 85.0 85.0 0.0 0.0 2.0
782 85.0 85.0 0.0 0.0 2.0
783 85.0 85.0 0.0 0.0 2.0
784 85.0 85.0 0.0 0.0 2.0
785 85.0 85.0 0.0 0.0 2.0
786 85.0 85.0 0.0 0.0 2.0
787 85.0 85.0 0.0 0.0 2.0
788 85.0 85.0 0.0 0.0 2.0
789 85.0 85.0 0.0 0.0 2.0
790 85.0 85.0 0.0 0.0 2.0
791 85.0 85.0 0.0 0.0 2.0
792 85.0 85.0 0.0 0.0 2.0
793 85.0 85.0 0.0 0.0 2.0
794 85.0 85.0 0.0 0.0 2.0
795 85.0 85.0 0.0 0.0 2.0
796 85.0 85.0 0.0 0.0 2.0
797 85.0 85.0 0.0 0.0 2.0
798 85.0 85.0 0.0 0.0 2.0
799 85.0 85.0 0.0 0.0 2.0
800 85.0 85.0 0.0 0.0 2.0
801 85.0 85.0 0.0 0.0 2.0
802 85.0 85.0 0.0 0.0 2.0
803 85.0 85.0 0.0 0.0 2.0
804 85.0 85.0 0.0 0.0 2.0
805 85.0 85.0 0.0 0.0 2.0
806 85.0 85.0 0.0 0.0 2.0
807 85.0 85.0 0.0 0.0 2.0
808 85.0 85.0 0.0 0.0 2.0
809 85.0 85.0 0.0 0.0 2.0
810 85.0 85.0 0.0 0.0 2.0
811 85.0 85.0 0.0 0.0 2.0
812 85.0 85.0 0.0 0.0 2.0
813 85.0 85.0 0.0 0.0 2.0
814 85.0 85.0 0.0 0.0 2.0
815 85.0 85.0 0.0 0.0 2.0
816 85.0 85.0 0.0 0.0 2.0
817 85.0 85.0 0.0 0.0 2.0
818 85.0 85.0 0.0 0.0 2.0
819 85.0 85.0 0.0 0.0 2.0
820 85.0 85.0 0.0 0.0 2.0
821 85.0 85.0 0.0 0.0 2.0
822 85.0 85.0 0.0 0.0 2.0
823 85.0 85.0 0.0 0.0 2.0
824 85.0 85.0 0.0 0.0 2.0
825 85.0 85.0 0.0 0.0 2.0
826 85.0 85.0 0.0 0.0 2.0
827 85.0 85.0 0.0 0.0 2.0
828 85.0 85.0 0.0 0.0 2.0
829 85.0 85.0 0.0 0.0 2.0
830 85.0 85.0 0.0 0.0 2.0
831 85.0 85.0 0.0 0.0 2.0
832 85.0 85.0 0.0 0.0 2.0
833 85.0 85.0 0.0 0.0 2.0
834 85.0 85.0 0.0 0.0 2.0
835 85.0 85.0 0.0 0.0 2.0
836 85.0 85.0 0.0 0.0 2.0
837 85.0 85.0 0.0 0.0 2.0
838 85.0 85.0 0.0 0.0 2.0
839 85.0 85.0 0.0 0.0 2.0
840 85.0 85.0 0.0 0.0 2.0
841 85.0 85.0 0.0 0.0 2.0
842 85.0 85.0 0.0 0.0 2.0
843 85.0 85.0 0.0 0.0 2.0
844 85.0 85.0 0.0 0.0 2.0
845 85.0 85.0 0.0 0.0 2.0
846 85.0 85.0 0.0 0.0 2.0
847 85.0 85.0 0.0 0.0 2.0
848 85.0 85.0 0.0 0.0 2.0
849 85.0 85.0 0.0 0.0 2.0
850 85.0 85.0 0.0 0.0 2.0
851 85.0 85.0 0.0 0.0 2.0
852 85.0 85.0 0.0 0.0 2.0
853 85.0 85.0 0.0 0.0 2.0
854 85.0 85.0 0.0 0.0 2.0
855 85.0 85.0 0.0 0.0 2.0
856 85.0 85.0 0.0 0.0 2.0
857 85.0 85.0 0.0 0.0 2.0
858 85.0 85.0 0.0 0.0 2.0
859 85.0 85.0 0.0 0.0 2.0
860 85.0 85.0 0.0 0.0 2.0
861 85.0 85.0 0.0 0.0 2.0
862 85.0 85.0 0.0 0.0 2.0
863 85.0 85.0 0.0 0.0 2.0
864 85.0 85.0 0.0 0.0 2.0
865 85.0 85.0 0.0 0.0 2.0
866 85.0 85.0 0.0 0.0 2.0
867 85.0 85.0 0.0 0.0 2.0
868 85.0 85.0 0.0 0.0 2.0
869 85.0 85.0 0.0 0.0 2.0
870 85.0 85.0 0.0 0.0 2.0
871 85.0 85.0 0.0 0.0 2.0
872 85.0 85.0 0.0 0.0 2.0
873 85.0 85.0 0.0 0.0 2.0
874 85.0 85.0 0.0 0.0 2.0
875 85.0 85.0 0.0 0.0 2.0
876 85.0 85.0 0.0 0.0 2.0
877 85.0 85.0 0.0 0.0 2.0
878 85.0 85.0 0.0 0.0 2.0
879 85.0 85.0 0.0 0.0 2.0
880 85.0 85.0 0.0 0.0 2.0
881 85.0 85.0 0.0 0.0 2.0
882 85.0 85.0 0.0 0.0 2.0
883 85.0 85.0 0.0 0.0 2.0
884 85.0 85.0 0.0 0.0 2.0
885 85.0 85.0 0.0 0.0 2.0
886 85.0 85.0 0.0 0.0 2.0
887 85.0 85.0 0.0 0.0 2.0
888 85.0 85.0 0.0 0.0 2.0
889 85.0 85.0 0.0 0.0 2.0
890 85.0 85.0 0.0 0.0 2.0
891 85.0 85.0 0.0 0.0 2.0
892 85.0 85.0 0.0 0.0 2.0
893 85.0 85.0 0.0 0.0 2.0
894 85.0 85.0 0.0 0.0 2.0
895 85.0 85.0 0.0 0.0 2.0
896 85.0 85.0 0.0 0.0 2.0
897 85.0 85.0 0.0 0.0 2.0
898 85.0 85.0 0.0 0.0 2.0
899 85.0 85.0 0.0 0.0 2.0
900 85.0 85.0 0.0 0.0 2.0
901 85.0 85.0 0.0 0.0 2.0
902 85.0 85.0 0.0 0.0 2.0
903 85.0 85.0 0.0 0.0 2.0
904 85.0 85.0 0.0 0.0 2.0
905 85.0 85.0 0.0 0.0 2.0
906 85.0 85.0 0.0 0.0 2.0
907 85.0 85.0 0.0 0.0 2.0
908 85.0 85.0 0.0 0.0 2.0
909 85.0 85.0 0.0 0.0 2.0
910 85.0 85.0 0.0 0.0 2.0
911 85.0 85.0 0.0 0.0 2.0
912 85.0 85.0 0.0 0.0 2.0
913 85.0 85.0 0.0 0.0 2.0
914 85.0 85.0 0.0 0.0 2.0
915 85.0 85.0 0.0 0.0 2.0
916 85.0 85.0 0.0 0.0 2.0
917 85.0 85.0 0.0 0.0 2.0
918 85.0 85.0 0.0 0.0 2.0
919 85.0 85.0 0.0 0.0 2.0
920 85.0 85.0 0.0 0.0 2.0
921 85.0 85.0 0.0 0.0 2.0
922 85.0 85.0 0.0 0.0 2.0
923 85.0 85.0 0.0 0.0 2.0
924 85.0 85.0 0.0 0.0 2.0
925 85.0 85.0 0.0 0.0 2.0
926 85.0 85.0 0.0 0.0 2.0
927 85.0 85.0 0.0 0.0 2.0
928 85.0 85.0 0.0 0.0 2.0
929 85.0 85.0 0.0 0.0 2.0
930 85.0 85.0 0.0 0.0 2.0
931 85.0 85.0 0.0 0.0 2.0
932 85.0 85.0 0.0 0.0 2.0
933 85.0 85.0 0.0 0.0 2.0
934 85.0 85.0 0.0 0.0 2.0
935 85.0 85.0 0.0 0.0 2.0
936 85.0 85.0 0.0 0.0 2.0
937 85.0 85.0 0.0 0.0 2.0
938 85.0 85.0 0.0 0.0 2.0
939 85.0 85.0 0.0 0.0 2.0
940 85.0 85.0 0.0 0.0 2.0
941 85.0 85.0 0.0 0.0 2.0
942 85.0 85.0 0.0 0.0 2.0
943 85.0 85.0 0.0 0.0 2.0
944 85.0 85.0 0.0 0.0 2.0
945 85.0 85.0 0.0 0.0 2.0
946 85.0 85.0 0.0 0.0 2.0
947 85.0 85.0 0.0 0.0 2.0
948 85.0 85.0 0.0 0.0 2.0
949 85.0 85.0 0.0 0.0 2.0
950 85.0 85.0 0.0 0.0 2.0
951 85.0 85.0 0.0 0.0 2.0
952 85.0 85.0 0.0 0.0 2.0
953 85.0 85.0 0.0 0.0 2.0
954 85.0 85.0 0.0 0.0 2.0
955 85.0 85.0 0.0 0.0 2.0
956 85.0 85.0 0.0 0.0 2.0
957 85.0 85.0 0.0 0.0 2.0
958 85.0 85.0 0.0 0.0 2.0
959 85.0 85.0 0.0 0.0 2.0
960 85.0 85.0 0.0 0.0 2.0
961 85.0 85.0 0.0 0.0 2.0
962 85.0 85.0 0.0 0.0 2.0
963 85.0 85.0 0.0 0.0 2.0
964 85.0 85.0 0.0 0.0 2.0
965 85.0 85.0 0.0 0.0 2.0
966 85.0 85.0 0.0 0.0 2.0
967 85.0 85.0 0.0 0.0 2.0
968 85.0 85.0 0.0 0.0 2.0
969 85.0 85.0 0.0 0.0 2.0
970 85.0 85.0 0.0 0.0 2.0
971 85.0 85.0 0.0 0.0 2.0
972 85.0 85.0 0.0 0.0 2.0
973 85.0 85.0 0.0 0.0 2.0
974 85.0 85.0 0.0 0.0 2.0
975 85.0 85.0 0.0 0.0 2.0
976 85.0 85.0 0.0 0.0 2.0
977 85.0 85.0 0.0 0.0 2.0
978 85.0 85.0 0.0 0.0 2.0
979 85.0 85.0 0.0 0.0 2.0
980 85.0 85.0 0.0 0.0 2.0
981 85.0 85.0 0.0 0.0 2.0
982 85.0 85.0 0.0 0.0 2.0
983 85.0 85.0 0.0 0.0 2.0
984 85.0 85.0 0.0 0.0 2.0
985 85.0 85.0 0.0 0.0 2.0
986 85.0 85.0 0.0 0.0 2.0
987 85.0 85.0 0.0 0.0 2.0
988 85.0 85.0 0.0 0.0 2.0
989 85.0 85.0 0.0 0.0 2.0
990 85.0 85.0 0.0 0.0 2.0
991 85.0 85.0 0.0 0.0 2.0
992 85.0 85.0 0.0 0.0 2.0
993 85.0 85.0 0.0 0.0 2.0
994 85.0 85.0 0.0 0.0 2.0
995 85.0 85.0 0.0 0.0 2.0
996 85.0 85.0 0.0 0.0 2.0
997 85.0 85.0 0.0 0.0 2.0
998 85.0 85.0 0.0 0.0 2.0
999 85.0 85.0 0.0 0.0 2.0
1000 85.0 85.0 0.0 0.0 2.0
