gen testSuiteSize notKilledMutants number_of_tests no_discount_objective no_equiv_mut_not_killed no_equiv_mut_not_killed_perc
1 3 9.9296875 9 10 7 1.0
1 4 9.6328125 47 10 7 1.0
1 6 6.689453125 53 7 4 0.5714285714285714
2 5 7.537109375 79 8 5 0.7142857142857143
2 3 9.455078125 93 10 7 1.0
3 4 8.47265625 108 9 6 0.8571428571428571
3 8 5.61328125 132 6 3 0.42857142857142855
3 2 8.6044921875 135 9 6 0.8571428571428571
4 4 9.5107421875 167 10 7 1.0
4 5 9.4697265625 181 10 7 1.0
4 7 9.455078125 186 10 7 1.0
5 4 9.373046875 214 10 7 1.0
5 6 9.3203125 232 10 7 1.0
6 2 9.26171875 252 10 7 1.0
6 4 9.255859375 254 10 7 1.0
6 5 8.2294921875 263 9 6 0.8571428571428571
7 5 5.1708984375 283 6 3 0.42857142857142855
7 4 7.09765625 308 8 5 0.7142857142857143
8 4 8.02734375 332 9 6 0.8571428571428571
8 2 8.9921875 344 10 7 1.0
9 5 7.95703125 356 9 6 0.8571428571428571
9 6 4.9013671875 375 6 3 0.42857142857142855
9 3 8.892578125 378 10 7 1.0
10 4 6.8515625 392 8 5 0.7142857142857143
10 1 7.845703125 394 9 6 0.8571428571428571
11 2 8.7607421875 423 10 7 1.0
11 3 8.751953125 426 10 7 1.0
11 4 8.7431640625 429 10 7 1.0
11 5 8.7373046875 431 10 7 1.0
12 2 7.7138671875 439 9 6 0.8571428571428571
12 5 7.681640625 450 9 6 0.8571428571428571
13 4 7.6435546875 463 9 6 0.8571428571428571
13 6 6.6318359375 467 8 5 0.7142857142857143
13 2 8.6025390625 477 10 7 1.0
14 2 8.5380859375 499 10 7 1.0
14 4 8.5322265625 501 10 7 1.0
15 1 8.4794921875 519 10 7 1.0
15 4 8.4736328125 521 10 7 1.0
15 5 7.4677734375 523 9 6 0.8571428571428571
16 4 7.4326171875 535 9 6 0.8571428571428571
16 3 8.39453125 548 10 7 1.0
17 3 8.3828125 552 10 7 1.0
17 4 8.3798828125 553 10 7 1.0
17 5 7.3505859375 563 9 6 0.8571428571428571
17 7 4.32421875 572 6 3 0.42857142857142855
18 2 8.283203125 586 10 7 1.0
18 4 8.2451171875 599 10 7 1.0
19 1 8.224609375 606 10 7 1.0
19 5 7.2158203125 609 9 6 0.8571428571428571
19 2 8.201171875 614 10 7 1.0
19 3 8.1806640625 621 10 7 1.0
20 2 8.1220703125 641 10 7 1.0
21 4 7.119140625 642 9 6 0.8571428571428571
21 3 8.083984375 654 10 7 1.0
22 2 8.03125 672 10 7 1.0
22 7 8.0224609375 675 10 7 1.0
23 3 7.9697265625 693 10 7 1.0
23 5 5.9609375 696 8 5 0.7142857142857143
24 2 7.9169921875 711 10 7 1.0
24 7 7.9111328125 713 10 7 1.0
25 3 7.90234375 716 10 7 1.0
25 4 7.8876953125 721 10 7 1.0
25 5 7.8642578125 729 10 7 1.0
25 6 7.8583984375 731 10 7 1.0
26 6 3.84375 736 6 3 0.42857142857142855
26 3 7.826171875 742 10 7 1.0
26 5 7.80859375 748 10 7 1.0
27 2 7.796875 752 10 7 1.0
27 3 7.779296875 758 10 7 1.0
27 5 6.7763671875 759 9 6 0.8571428571428571
27 4 7.7705078125 761 10 7 1.0
28 3 7.7646484375 763 10 7 1.0
28 4 7.7236328125 777 10 7 1.0
29 3 7.7177734375 779 10 7 1.0
29 4 6.7119140625 781 9 6 0.8571428571428571
29 6 5.69140625 788 8 5 0.7142857142857143
30 3 7.6708984375 795 10 7 1.0
31 3 6.6533203125 801 9 6 0.8571428571428571
31 7 6.6474609375 803 9 6 0.8571428571428571
32 3 7.6298828125 809 10 7 1.0
33 3 5.6005859375 819 8 5 0.7142857142857143
34 3 7.59765625 820 10 7 1.0
34 8 4.5771484375 827 7 4 0.5714285714285714
34 4 7.5712890625 829 10 7 1.0
35 9 6.5625 832 9 6 0.8571428571428571
35 3 7.5595703125 833 10 7 1.0
35 5 7.556640625 834 10 7 1.0
36 5 6.544921875 838 9 6 0.8571428571428571
36 0 7.544921875 838 10 7 1.0
37 3 7.52734375 844 10 7 1.0
37 5 4.521484375 846 7 4 0.5714285714285714
38 8 6.5185546875 847 9 6 0.8571428571428571
38 3 7.5185546875 847 10 7 1.0
38 4 7.498046875 854 10 7 1.0
38 7 7.4951171875 855 10 7 1.0
39 4 6.4775390625 861 9 6 0.8571428571428571
39 2 7.462890625 866 10 7 1.0
40 6 6.4423828125 873 9 6 0.8571428571428571
40 4 7.439453125 874 10 7 1.0
41 4 6.4130859375 883 9 6 0.8571428571428571
42 2 7.404296875 886 10 7 1.0
42 5 3.404296875 886 6 3 0.42857142857142855
43 4 6.392578125 890 9 6 0.8571428571428571
43 1 7.392578125 890 10 7 1.0
44 3 6.36328125 900 9 6 0.8571428571428571
44 6 4.36328125 900 7 4 0.5714285714285714
45 3 7.3486328125 905 10 7 1.0
45 4 5.33984375 908 8 5 0.7142857142857143
46 3 5.3310546875 911 8 5 0.7142857142857143
47 4 2.3046875 920 5 2 0.2857142857142857
47 3 7.2958984375 923 10 7 1.0
48 8 6.29296875 924 9 6 0.8571428571428571
48 3 7.2900390625 925 10 7 1.0
48 6 7.2841796875 927 10 7 1.0
49 6 5.2724609375 931 8 5 0.7142857142857143
49 3 7.263671875 934 10 7 1.0
50 2 7.251953125 938 10 7 1.0
50 5 6.251953125 938 9 6 0.8571428571428571
51 2 7.251953125 938 10 7 1.0
51 6 4.24609375 940 7 4 0.5714285714285714
51 5 7.24609375 940 10 7 1.0
52 3 7.24609375 940 10 7 1.0
52 8 5.24609375 940 8 5 0.7142857142857143
52 4 6.240234375 942 9 6 0.8571428571428571
53 4 6.2197265625 949 9 6 0.8571428571428571
54 1 7.216796875 950 10 7 1.0
54 7 6.205078125 954 9 6 0.8571428571428571
54 3 7.205078125 954 10 7 1.0
55 5 6.2021484375 955 9 6 0.8571428571428571
55 6 5.181640625 962 8 5 0.7142857142857143
55 4 7.181640625 962 10 7 1.0
56 3 7.181640625 962 10 7 1.0
56 4 5.181640625 962 8 5 0.7142857142857143
57 4 6.169921875 966 9 6 0.8571428571428571
57 2 7.169921875 966 10 7 1.0
58 3 7.169921875 966 10 7 1.0
58 4 6.169921875 966 9 6 0.8571428571428571
59 2 7.1669921875 967 10 7 1.0
59 3 7.1640625 968 10 7 1.0
59 5 6.15234375 972 9 6 0.8571428571428571
59 4 7.15234375 972 10 7 1.0
60 3 6.146484375 974 9 6 0.8571428571428571
60 6 6.1435546875 975 9 6 0.8571428571428571
60 7 4.1435546875 975 7 4 0.5714285714285714
61 2 7.1435546875 975 10 7 1.0
61 3 7.140625 976 10 7 1.0
61 5 6.140625 976 9 6 0.8571428571428571
62 3 7.1376953125 977 10 7 1.0
62 4 6.1259765625 981 9 6 0.8571428571428571
63 3 7.1201171875 983 10 7 1.0
63 4 6.1201171875 983 9 6 0.8571428571428571
64 1 7.1142578125 985 10 7 1.0
65 6 5.1142578125 985 8 5 0.7142857142857143
65 5 6.1142578125 985 9 6 0.8571428571428571
65 2 7.1025390625 989 10 7 1.0
66 6 6.099609375 990 9 6 0.8571428571428571
66 4 7.099609375 990 10 7 1.0
67 2 7.0966796875 991 10 7 1.0
67 6 6.0966796875 991 9 6 0.8571428571428571
68 4 7.0966796875 991 10 7 1.0
69 1 7.0966796875 991 10 7 1.0
69 5 5.09375 992 8 5 0.7142857142857143
69 2 7.09375 992 10 7 1.0
69 4 6.0849609375 995 9 6 0.8571428571428571
70 5 6.08203125 996 9 6 0.8571428571428571
70 4 7.08203125 996 10 7 1.0
71 4 7.0791015625 997 10 7 1.0
71 8 6.0732421875 999 9 6 0.8571428571428571
71 5 7.0732421875 999 10 7 1.0
72 4 6.0732421875 999 9 6 0.8571428571428571
72 1 7.0732421875 999 10 7 1.0
73 4 6.0732421875 999 9 6 0.8571428571428571
73 5 5.0732421875 999 8 5 0.7142857142857143
73 3 7.0732421875 999 10 7 1.0
74 3 6.0732421875 999 9 6 0.8571428571428571
75 1 7.0673828125 1001 10 7 1.0
75 3 5.0673828125 1001 8 5 0.7142857142857143
76 1 7.064453125 1002 10 7 1.0
76 4 7.0615234375 1003 10 7 1.0
77 8 6.05859375 1004 9 6 0.8571428571428571
77 3 7.05859375 1004 10 7 1.0
77 4 7.0556640625 1005 10 7 1.0
78 6 6.0556640625 1005 9 6 0.8571428571428571
78 3 7.052734375 1006 10 7 1.0
79 3 7.0498046875 1007 10 7 1.0
79 5 6.046875 1008 9 6 0.8571428571428571
80 2 7.0439453125 1009 10 7 1.0
80 3 6.0439453125 1009 9 6 0.8571428571428571
81 3 6.0439453125 1009 9 6 0.8571428571428571
82 3 6.041015625 1010 9 6 0.8571428571428571
82 2 7.041015625 1010 10 7 1.0
83 3 7.03515625 1012 10 7 1.0
84 8 5.03515625 1012 8 5 0.7142857142857143
84 2 7.03515625 1012 10 7 1.0
85 3 7.0322265625 1013 10 7 1.0
86 7 5.0322265625 1013 8 5 0.7142857142857143
86 2 7.0322265625 1013 10 7 1.0
87 4 6.0322265625 1013 9 6 0.8571428571428571
87 5 6.029296875 1014 9 6 0.8571428571428571
88 6 5.029296875 1014 8 5 0.7142857142857143
88 2 7.029296875 1014 10 7 1.0
89 2 7.029296875 1014 10 7 1.0
89 6 7.0263671875 1015 10 7 1.0
90 3 5.0263671875 1015 8 5 0.7142857142857143
90 2 7.0263671875 1015 10 7 1.0
91 5 4.0263671875 1015 7 4 0.5714285714285714
91 3 7.0263671875 1015 10 7 1.0
92 1 7.0263671875 1015 10 7 1.0
92 5 6.0263671875 1015 9 6 0.8571428571428571
93 2 7.0263671875 1015 10 7 1.0
93 5 6.0263671875 1015 9 6 0.8571428571428571
94 5 6.0234375 1016 9 6 0.8571428571428571
94 1 7.0234375 1016 10 7 1.0
95 7 6.0234375 1016 9 6 0.8571428571428571
95 1 7.017578125 1018 10 7 1.0
96 2 7.017578125 1018 10 7 1.0
96 6 4.017578125 1018 7 4 0.5714285714285714
97 2 7.017578125 1018 10 7 1.0
97 3 6.017578125 1018 9 6 0.8571428571428571
98 4 6.017578125 1018 9 6 0.8571428571428571
98 3 7.017578125 1018 10 7 1.0
99 4 5.017578125 1018 8 5 0.7142857142857143
100 2 7.017578125 1018 10 7 1.0
100 5 6.017578125 1018 9 6 0.8571428571428571
101 6 6.017578125 1018 9 6 0.8571428571428571
101 1 7.017578125 1018 10 7 1.0
102 4 6.0146484375 1019 9 6 0.8571428571428571
103 2 7.0146484375 1019 10 7 1.0
103 5 5.0146484375 1019 8 5 0.7142857142857143
104 3 7.0146484375 1019 10 7 1.0
104 4 6.0146484375 1019 9 6 0.8571428571428571
105 7 6.0146484375 1019 9 6 0.8571428571428571
105 3 7.0146484375 1019 10 7 1.0
106 2 7.0146484375 1019 10 7 1.0
107 4 7.0146484375 1019 10 7 1.0
107 5 5.0146484375 1019 8 5 0.7142857142857143
108 1 5.01171875 1020 8 5 0.7142857142857143
109 4 3.0087890625 1021 6 3 0.42857142857142855
109 3 7.0087890625 1021 10 7 1.0
110 6 4.0087890625 1021 7 4 0.5714285714285714
110 2 7.0087890625 1021 10 7 1.0
111 5 3.0087890625 1021 6 3 0.42857142857142855
111 3 7.0087890625 1021 10 7 1.0
112 4 6.0087890625 1021 9 6 0.8571428571428571
112 3 7.0087890625 1021 10 7 1.0
113 3 7.0087890625 1021 10 7 1.0
113 5 3.0087890625 1021 6 3 0.42857142857142855
114 4 6.0087890625 1021 9 6 0.8571428571428571
114 3 7.0087890625 1021 10 7 1.0
114 5 5.0087890625 1021 8 5 0.7142857142857143
115 3 6.0087890625 1021 9 6 0.8571428571428571
116 3 7.0087890625 1021 10 7 1.0
117 7 6.0087890625 1021 9 6 0.8571428571428571
117 2 7.0087890625 1021 10 7 1.0
118 3 6.0087890625 1021 9 6 0.8571428571428571
118 5 4.005859375 1022 7 4 0.5714285714285714
118 2 7.005859375 1022 10 7 1.0
119 2 7.005859375 1022 10 7 1.0
120 3 7.005859375 1022 10 7 1.0
120 6 6.005859375 1022 9 6 0.8571428571428571
121 5 4.005859375 1022 7 4 0.5714285714285714
121 3 7.005859375 1022 10 7 1.0
122 4 6.005859375 1022 9 6 0.8571428571428571
122 3 7.005859375 1022 10 7 1.0
123 3 7.005859375 1022 10 7 1.0
124 3 7.005859375 1022 10 7 1.0
125 8 4.005859375 1022 7 4 0.5714285714285714
125 3 6.005859375 1022 9 6 0.8571428571428571
126 8 5.005859375 1022 8 5 0.7142857142857143
126 3 6.005859375 1022 9 6 0.8571428571428571
126 2 7.005859375 1022 10 7 1.0
127 2 7.0029296875 1023 10 7 1.0
128 2 7.0029296875 1023 10 7 1.0
128 6 4.0029296875 1023 7 4 0.5714285714285714
129 3 7.0029296875 1023 10 7 1.0
129 4 6.0029296875 1023 9 6 0.8571428571428571
130 5 6.0029296875 1023 9 6 0.8571428571428571
130 4 7.0029296875 1023 10 7 1.0
131 1 7.0029296875 1023 10 7 1.0
131 4 6.0029296875 1023 9 6 0.8571428571428571
132 8 6.0029296875 1023 9 6 0.8571428571428571
132 3 7.0029296875 1023 10 7 1.0
133 1 7.0029296875 1023 10 7 1.0
134 3 7.0029296875 1023 10 7 1.0
134 7 3.0029296875 1023 6 3 0.42857142857142855
135 3 6.0029296875 1023 9 6 0.8571428571428571
136 3 4.0029296875 1023 7 4 0.5714285714285714
137 2 7.0029296875 1023 10 7 1.0
137 5 3.0029296875 1023 6 3 0.42857142857142855
138 3 7.0029296875 1023 10 7 1.0
139 5 6.0029296875 1023 9 6 0.8571428571428571
139 2 7.0029296875 1023 10 7 1.0
139 8 4.0029296875 1023 7 4 0.5714285714285714
140 5 6.0029296875 1023 9 6 0.8571428571428571
140 3 7.0029296875 1023 10 7 1.0
141 2 7.0029296875 1023 10 7 1.0
141 7 6.0029296875 1023 9 6 0.8571428571428571
142 4 7.0029296875 1023 10 7 1.0
142 8 6.0029296875 1023 9 6 0.8571428571428571
143 5 6.0029296875 1023 9 6 0.8571428571428571
143 2 7.0029296875 1023 10 7 1.0
144 3 7.0029296875 1023 10 7 1.0
145 4 7.0029296875 1023 10 7 1.0
145 5 6.0029296875 1023 9 6 0.8571428571428571
146 3 7.0029296875 1023 10 7 1.0
146 6 6.0029296875 1023 9 6 0.8571428571428571
147 2 7.0029296875 1023 10 7 1.0
147 8 5.0029296875 1023 8 5 0.7142857142857143
148 5 6.0029296875 1023 9 6 0.8571428571428571
148 4 7.0029296875 1023 10 7 1.0
149 8 4.0029296875 1023 7 4 0.5714285714285714
149 3 7.0029296875 1023 10 7 1.0
150 4 7.0029296875 1023 10 7 1.0
151 1 7.0029296875 1023 10 7 1.0
151 3 4.0029296875 1023 7 4 0.5714285714285714
152 3 7.0029296875 1023 10 7 1.0
152 5 6.0029296875 1023 9 6 0.8571428571428571
153 3 6.0029296875 1023 9 6 0.8571428571428571
154 1 7.0029296875 1023 10 7 1.0
154 7 6.0029296875 1023 9 6 0.8571428571428571
155 3 7.0029296875 1023 10 7 1.0
155 6 5.0029296875 1023 8 5 0.7142857142857143
156 3 7.0029296875 1023 10 7 1.0
157 3 7.0029296875 1023 10 7 1.0
157 5 6.0029296875 1023 9 6 0.8571428571428571
158 8 6.0029296875 1023 9 6 0.8571428571428571
158 2 7.0029296875 1023 10 7 1.0
159 5 6.0029296875 1023 9 6 0.8571428571428571
159 1 7.0029296875 1023 10 7 1.0
160 4 6.0029296875 1023 9 6 0.8571428571428571
160 3 7.0029296875 1023 10 7 1.0
161 5 5.0029296875 1023 8 5 0.7142857142857143
161 6 3.0029296875 1023 6 3 0.42857142857142855
161 2 7.0029296875 1023 10 7 1.0
162 4 6.0029296875 1023 9 6 0.8571428571428571
162 0 7.0029296875 1023 10 7 1.0
163 2 7.0029296875 1023 10 7 1.0
164 5 6.0029296875 1023 9 6 0.8571428571428571
164 3 7.0029296875 1023 10 7 1.0
165 2 7.0029296875 1023 10 7 1.0
165 4 6.0029296875 1023 9 6 0.8571428571428571
166 3 7.0029296875 1023 10 7 1.0
167 5 6.0029296875 1023 9 6 0.8571428571428571
167 2 7.0029296875 1023 10 7 1.0
168 2 7.0029296875 1023 10 7 1.0
169 4 7.0029296875 1023 10 7 1.0
170 7 6.0029296875 1023 9 6 0.8571428571428571
170 3 7.0029296875 1023 10 7 1.0
171 4 4.0029296875 1023 7 4 0.5714285714285714
172 4 5.0029296875 1023 8 5 0.7142857142857143
172 3 6.0029296875 1023 9 6 0.8571428571428571
172 1 7.0029296875 1023 10 7 1.0
173 0 7.0029296875 1023 10 7 1.0
173 6 4.0029296875 1023 7 4 0.5714285714285714
174 3 7.0029296875 1023 10 7 1.0
174 6 6.0029296875 1023 9 6 0.8571428571428571
175 5 2.0029296875 1023 5 2 0.2857142857142857
175 2 7.0029296875 1023 10 7 1.0
176 1 7.0029296875 1023 10 7 1.0
177 8 6.0029296875 1023 9 6 0.8571428571428571
177 4 7.0029296875 1023 10 7 1.0
178 4 6.0029296875 1023 9 6 0.8571428571428571
178 1 7.0029296875 1023 10 7 1.0
179 3 7.0029296875 1023 10 7 1.0
179 4 6.0029296875 1023 9 6 0.8571428571428571
179 6 5.0029296875 1023 8 5 0.7142857142857143
180 7 3.0029296875 1023 6 3 0.42857142857142855
180 3 7.0029296875 1023 10 7 1.0
181 5 6 1024 9 6 0.8571428571428571
181 3 7 1024 10 7 1.0
182 4 7 1024 10 7 1.0
183 4 6 1024 9 6 0.8571428571428571
183 6 4 1024 7 4 0.5714285714285714
183 2 7 1024 10 7 1.0
184 6 6 1024 9 6 0.8571428571428571
184 3 7 1024 10 7 1.0
185 2 7 1024 10 7 1.0
185 6 4 1024 7 4 0.5714285714285714
186 6 6 1024 9 6 0.8571428571428571
186 2 7 1024 10 7 1.0
187 2 7 1024 10 7 1.0
188 6 6 1024 9 6 0.8571428571428571
188 5 7 1024 10 7 1.0
189 3 7 1024 10 7 1.0
190 3 6 1024 9 6 0.8571428571428571
190 8 4 1024 7 4 0.5714285714285714
191 4 7 1024 10 7 1.0
191 5 5 1024 8 5 0.7142857142857143
192 5 4 1024 7 4 0.5714285714285714
192 4 5 1024 8 5 0.7142857142857143
192 2 7 1024 10 7 1.0
193 4 6 1024 9 6 0.8571428571428571
194 4 6 1024 9 6 0.8571428571428571
194 2 7 1024 10 7 1.0
195 4 7 1024 10 7 1.0
195 5 5 1024 8 5 0.7142857142857143
196 4 6 1024 9 6 0.8571428571428571
196 3 7 1024 10 7 1.0
197 2 7 1024 10 7 1.0
197 6 4 1024 7 4 0.5714285714285714
197 4 5 1024 8 5 0.7142857142857143
198 1 7 1024 10 7 1.0
198 5 3 1024 6 3 0.42857142857142855
199 6 6 1024 9 6 0.8571428571428571
199 3 7 1024 10 7 1.0
200 1 7 1024 10 7 1.0
201 1 7 1024 10 7 1.0
201 4 6 1024 9 6 0.8571428571428571
202 3 4 1024 7 4 0.5714285714285714
203 5 6 1024 9 6 0.8571428571428571
203 3 7 1024 10 7 1.0
204 3 7 1024 10 7 1.0
204 7 5 1024 8 5 0.7142857142857143
205 3 7 1024 10 7 1.0
205 7 6 1024 9 6 0.8571428571428571
206 3 7 1024 10 7 1.0
206 5 6 1024 9 6 0.8571428571428571
206 6 0 1024 3 0 0.0
207 1 7 1024 10 7 1.0
207 6 5 1024 8 5 0.7142857142857143
208 3 7 1024 10 7 1.0
208 5 6 1024 9 6 0.8571428571428571
209 7 6 1024 9 6 0.8571428571428571
209 3 7 1024 10 7 1.0
210 4 5 1024 8 5 0.7142857142857143
211 2 7 1024 10 7 1.0
211 5 6 1024 9 6 0.8571428571428571
212 2 3 1024 6 3 0.42857142857142855
213 6 4 1024 7 4 0.5714285714285714
213 5 6 1024 9 6 0.8571428571428571
213 3 7 1024 10 7 1.0
214 5 5 1024 8 5 0.7142857142857143
214 3 6 1024 9 6 0.8571428571428571
215 5 6 1024 9 6 0.8571428571428571
215 2 7 1024 10 7 1.0
216 3 7 1024 10 7 1.0
216 6 3 1024 6 3 0.42857142857142855
217 2 7 1024 10 7 1.0
217 4 6 1024 9 6 0.8571428571428571
218 3 6 1024 9 6 0.8571428571428571
219 7 6 1024 9 6 0.8571428571428571
219 2 7 1024 10 7 1.0
220 7 4 1024 7 4 0.5714285714285714
220 4 7 1024 10 7 1.0
221 2 5 1024 8 5 0.7142857142857143
222 3 4 1024 7 4 0.5714285714285714
222 2 5 1024 8 5 0.7142857142857143
223 2 7 1024 10 7 1.0
223 9 4 1024 7 4 0.5714285714285714
223 4 5 1024 8 5 0.7142857142857143
224 3 7 1024 10 7 1.0
224 4 6 1024 9 6 0.8571428571428571
225 4 7 1024 10 7 1.0
225 5 5 1024 8 5 0.7142857142857143
226 3 5 1024 8 5 0.7142857142857143
226 5 4 1024 7 4 0.5714285714285714
227 4 7 1024 10 7 1.0
227 6 3 1024 6 3 0.42857142857142855
228 5 6 1024 9 6 0.8571428571428571
228 3 7 1024 10 7 1.0
229 4 7 1024 10 7 1.0
230 3 6 1024 9 6 0.8571428571428571
230 6 4 1024 7 4 0.5714285714285714
231 4 7 1024 10 7 1.0
231 6 5 1024 8 5 0.7142857142857143
232 4 7 1024 10 7 1.0
233 5 5 1024 8 5 0.7142857142857143
233 3 6 1024 9 6 0.8571428571428571
234 5 6 1024 9 6 0.8571428571428571
234 3 7 1024 10 7 1.0
235 6 6 1024 9 6 0.8571428571428571
235 2 7 1024 10 7 1.0
236 3 6 1024 9 6 0.8571428571428571
237 3 7 1024 10 7 1.0
237 5 4 1024 7 4 0.5714285714285714
238 4 7 1024 10 7 1.0
238 5 6 1024 9 6 0.8571428571428571
239 4 5 1024 8 5 0.7142857142857143
240 3 7 1024 10 7 1.0
240 7 5 1024 8 5 0.7142857142857143
241 7 5 1024 8 5 0.7142857142857143
241 2 7 1024 10 7 1.0
242 5 6 1024 9 6 0.8571428571428571
242 2 7 1024 10 7 1.0
243 8 5 1024 8 5 0.7142857142857143
243 4 7 1024 10 7 1.0
243 5 6 1024 9 6 0.8571428571428571
244 3 5 1024 8 5 0.7142857142857143
245 3 6 1024 9 6 0.8571428571428571
246 1 7 1024 10 7 1.0
247 7 5 1024 8 5 0.7142857142857143
247 1 7 1024 10 7 1.0
248 2 7 1024 10 7 1.0
249 4 7 1024 10 7 1.0
250 3 7 1024 10 7 1.0
251 2 7 1024 10 7 1.0
252 2 7 1024 10 7 1.0
252 5 6 1024 9 6 0.8571428571428571
253 3 4 1024 7 4 0.5714285714285714
254 7 5 1024 8 5 0.7142857142857143
254 2 6 1024 9 6 0.8571428571428571
255 6 6 1024 9 6 0.8571428571428571
255 2 7 1024 10 7 1.0
256 2 7 1024 10 7 1.0
256 6 6 1024 9 6 0.8571428571428571
257 3 7 1024 10 7 1.0
257 8 6 1024 9 6 0.8571428571428571
258 3 7 1024 10 7 1.0
258 8 6 1024 9 6 0.8571428571428571
259 2 7 1024 10 7 1.0
259 5 6 1024 9 6 0.8571428571428571
260 3 7 1024 10 7 1.0
260 4 5 1024 8 5 0.7142857142857143
261 3 6 1024 9 6 0.8571428571428571
262 2 7 1024 10 7 1.0
263 4 6 1024 9 6 0.8571428571428571
263 2 7 1024 10 7 1.0
264 2 7 1024 10 7 1.0
265 5 4 1024 7 4 0.5714285714285714
265 2 7 1024 10 7 1.0
266 2 7 1024 10 7 1.0
266 4 5 1024 8 5 0.7142857142857143
267 6 5 1024 8 5 0.7142857142857143
267 3 7 1024 10 7 1.0
268 3 6 1024 9 6 0.8571428571428571
269 3 5 1024 8 5 0.7142857142857143
270 4 7 1024 10 7 1.0
270 7 5 1024 8 5 0.7142857142857143
271 3 7 1024 10 7 1.0
271 7 5 1024 8 5 0.7142857142857143
271 6 6 1024 9 6 0.8571428571428571
272 4 7 1024 10 7 1.0
273 3 7 1024 10 7 1.0
273 4 4 1024 7 4 0.5714285714285714
274 2 7 1024 10 7 1.0
274 5 5 1024 8 5 0.7142857142857143
275 5 6 1024 9 6 0.8571428571428571
275 3 7 1024 10 7 1.0
276 4 7 1024 10 7 1.0
276 6 4 1024 7 4 0.5714285714285714
276 5 6 1024 9 6 0.8571428571428571
277 0 7 1024 10 7 1.0
277 5 5 1024 8 5 0.7142857142857143
278 2 7 1024 10 7 1.0
278 4 5 1024 8 5 0.7142857142857143
279 3 7 1024 10 7 1.0
279 6 5 1024 8 5 0.7142857142857143
280 2 7 1024 10 7 1.0
281 2 7 1024 10 7 1.0
282 1 7 1024 10 7 1.0
283 3 3 1024 6 3 0.42857142857142855
284 6 3 1024 6 3 0.42857142857142855
284 5 7 1024 10 7 1.0
285 6 5 1024 8 5 0.7142857142857143
285 2 7 1024 10 7 1.0
286 3 7 1024 10 7 1.0
286 5 6 1024 9 6 0.8571428571428571
287 1 7 1024 10 7 1.0
288 3 7 1024 10 7 1.0
288 6 6 1024 9 6 0.8571428571428571
289 1 7 1024 10 7 1.0
290 6 4 1024 7 4 0.5714285714285714
290 3 7 1024 10 7 1.0
291 3 5 1024 8 5 0.7142857142857143
292 1 7 1024 10 7 1.0
292 5 6 1024 9 6 0.8571428571428571
293 4 7 1024 10 7 1.0
293 8 6 1024 9 6 0.8571428571428571
294 6 6 1024 9 6 0.8571428571428571
294 3 7 1024 10 7 1.0
295 2 7 1024 10 7 1.0
295 6 4 1024 7 4 0.5714285714285714
295 4 5 1024 8 5 0.7142857142857143
296 2 7 1024 10 7 1.0
296 6 6 1024 9 6 0.8571428571428571
297 5 6 1024 9 6 0.8571428571428571
297 2 7 1024 10 7 1.0
298 6 6 1024 9 6 0.8571428571428571
298 2 7 1024 10 7 1.0
299 4 7 1024 10 7 1.0
299 5 4 1024 7 4 0.5714285714285714
300 3 6 1024 9 6 0.8571428571428571
301 3 7 1024 10 7 1.0
301 7 4 1024 7 4 0.5714285714285714
302 3 7 1024 10 7 1.0
302 5 6 1024 9 6 0.8571428571428571
303 6 6 1024 9 6 0.8571428571428571
303 4 7 1024 10 7 1.0
304 2 7 1024 10 7 1.0
304 4 6 1024 9 6 0.8571428571428571
305 3 7 1024 10 7 1.0
305 5 5 1024 8 5 0.7142857142857143
306 5 6 1024 9 6 0.8571428571428571
307 5 6 1024 9 6 0.8571428571428571
307 3 7 1024 10 7 1.0
308 4 6 1024 9 6 0.8571428571428571
308 3 7 1024 10 7 1.0
309 2 7 1024 10 7 1.0
309 4 6 1024 9 6 0.8571428571428571
309 6 5 1024 8 5 0.7142857142857143
310 2 5 1024 8 5 0.7142857142857143
311 3 7 1024 10 7 1.0
312 3 5 1024 8 5 0.7142857142857143
313 3 7 1024 10 7 1.0
313 4 6 1024 9 6 0.8571428571428571
314 3 6 1024 9 6 0.8571428571428571
315 2 6 1024 9 6 0.8571428571428571
316 3 5 1024 8 5 0.7142857142857143
317 2 7 1024 10 7 1.0
317 6 6 1024 9 6 0.8571428571428571
318 3 7 1024 10 7 1.0
318 5 6 1024 9 6 0.8571428571428571
319 3 7 1024 10 7 1.0
319 6 6 1024 9 6 0.8571428571428571
320 3 7 1024 10 7 1.0
320 5 6 1024 9 6 0.8571428571428571
321 3 6 1024 9 6 0.8571428571428571
321 4 5 1024 8 5 0.7142857142857143
322 6 3 1024 6 3 0.42857142857142855
322 5 6 1024 9 6 0.8571428571428571
322 3 7 1024 10 7 1.0
323 3 7 1024 10 7 1.0
324 7 4 1024 7 4 0.5714285714285714
324 5 6 1024 9 6 0.8571428571428571
324 3 7 1024 10 7 1.0
325 2 7 1024 10 7 1.0
325 6 3 1024 6 3 0.42857142857142855
326 4 6 1024 9 6 0.8571428571428571
327 6 5 1024 8 5 0.7142857142857143
327 2 7 1024 10 7 1.0
328 3 7 1024 10 7 1.0
329 3 6 1024 9 6 0.8571428571428571
330 3 7 1024 10 7 1.0
330 6 6 1024 9 6 0.8571428571428571
331 4 5 1024 8 5 0.7142857142857143
331 3 7 1024 10 7 1.0
332 3 7 1024 10 7 1.0
332 7 4 1024 7 4 0.5714285714285714
332 6 6 1024 9 6 0.8571428571428571
333 3 7 1024 10 7 1.0
333 5 6 1024 9 6 0.8571428571428571
334 4 7 1024 10 7 1.0
334 5 5 1024 8 5 0.7142857142857143
335 2 7 1024 10 7 1.0
335 7 6 1024 9 6 0.8571428571428571
336 4 7 1024 10 7 1.0
336 6 6 1024 9 6 0.8571428571428571
337 5 3 1024 6 3 0.42857142857142855
337 2 7 1024 10 7 1.0
338 3 7 1024 10 7 1.0
338 5 6 1024 9 6 0.8571428571428571
339 6 5 1024 8 5 0.7142857142857143
339 5 6 1024 9 6 0.8571428571428571
339 3 7 1024 10 7 1.0
340 3 6 1024 9 6 0.8571428571428571
341 3 7 1024 10 7 1.0
341 9 3 1024 6 3 0.42857142857142855
341 5 6 1024 9 6 0.8571428571428571
342 3 6 1024 9 6 0.8571428571428571
342 1 7 1024 10 7 1.0
343 7 6 1024 9 6 0.8571428571428571
343 2 7 1024 10 7 1.0
344 3 7 1024 10 7 1.0
345 2 7 1024 10 7 1.0
345 6 6 1024 9 6 0.8571428571428571
346 3 7 1024 10 7 1.0
346 5 6 1024 9 6 0.8571428571428571
347 3 7 1024 10 7 1.0
348 2 7 1024 10 7 1.0
348 4 6 1024 9 6 0.8571428571428571
348 6 4 1024 7 4 0.5714285714285714
348 5 5 1024 8 5 0.7142857142857143
349 3 6 1024 9 6 0.8571428571428571
349 1 7 1024 10 7 1.0
350 4 7 1024 10 7 1.0
350 5 6 1024 9 6 0.8571428571428571
351 4 3 1024 6 3 0.42857142857142855
352 3 7 1024 10 7 1.0
352 6 6 1024 9 6 0.8571428571428571
353 4 7 1024 10 7 1.0
353 6 6 1024 9 6 0.8571428571428571
354 3 7 1024 10 7 1.0
354 5 5 1024 8 5 0.7142857142857143
355 2 7 1024 10 7 1.0
355 8 5 1024 8 5 0.7142857142857143
356 3 7 1024 10 7 1.0
356 5 6 1024 9 6 0.8571428571428571
357 4 7 1024 10 7 1.0
357 7 4 1024 7 4 0.5714285714285714
358 7 6 1024 9 6 0.8571428571428571
358 2 7 1024 10 7 1.0
359 3 7 1024 10 7 1.0
359 5 5 1024 8 5 0.7142857142857143
359 7 3 1024 6 3 0.42857142857142855
360 4 6 1024 9 6 0.8571428571428571
360 2 7 1024 10 7 1.0
361 8 4 1024 7 4 0.5714285714285714
361 1 7 1024 10 7 1.0
362 4 7 1024 10 7 1.0
362 6 6 1024 9 6 0.8571428571428571
363 8 4 1024 7 4 0.5714285714285714
363 1 7 1024 10 7 1.0
364 2 7 1024 10 7 1.0
365 4 6 1024 9 6 0.8571428571428571
365 3 7 1024 10 7 1.0
365 5 4 1024 7 4 0.5714285714285714
366 6 6 1024 9 6 0.8571428571428571
366 1 7 1024 10 7 1.0
367 5 5 1024 8 5 0.7142857142857143
367 3 6 1024 9 6 0.8571428571428571
368 4 6 1024 9 6 0.8571428571428571
368 2 7 1024 10 7 1.0
369 1 7 1024 10 7 1.0
369 6 6 1024 9 6 0.8571428571428571
370 3 7 1024 10 7 1.0
371 5 3 1024 6 3 0.42857142857142855
371 1 7 1024 10 7 1.0
372 2 7 1024 10 7 1.0
372 6 5 1024 8 5 0.7142857142857143
373 7 5 1024 8 5 0.7142857142857143
373 4 6 1024 9 6 0.8571428571428571
374 4 7 1024 10 7 1.0
375 3 7 1024 10 7 1.0
376 6 3 1024 6 3 0.42857142857142855
376 5 6 1024 9 6 0.8571428571428571
376 3 7 1024 10 7 1.0
377 3 7 1024 10 7 1.0
378 4 7 1024 10 7 1.0
379 2 7 1024 10 7 1.0
380 4 5 1024 8 5 0.7142857142857143
381 2 7 1024 10 7 1.0
381 5 6 1024 9 6 0.8571428571428571
382 5 4 1024 7 4 0.5714285714285714
382 4 7 1024 10 7 1.0
383 3 7 1024 10 7 1.0
383 5 3 1024 6 3 0.42857142857142855
384 3 4 1024 7 4 0.5714285714285714
385 2 7 1024 10 7 1.0
385 5 6 1024 9 6 0.8571428571428571
386 2 7 1024 10 7 1.0
386 7 4 1024 7 4 0.5714285714285714
386 4 6 1024 9 6 0.8571428571428571
387 4 6 1024 9 6 0.8571428571428571
387 6 4 1024 7 4 0.5714285714285714
387 5 5 1024 8 5 0.7142857142857143
388 6 6 1024 9 6 0.8571428571428571
388 4 7 1024 10 7 1.0
389 2 7 1024 10 7 1.0
389 5 6 1024 9 6 0.8571428571428571
390 6 5 1024 8 5 0.7142857142857143
390 3 7 1024 10 7 1.0
391 6 5 1024 8 5 0.7142857142857143
391 3 7 1024 10 7 1.0
391 4 6 1024 9 6 0.8571428571428571
392 3 5 1024 8 5 0.7142857142857143
393 3 7 1024 10 7 1.0
393 5 3 1024 6 3 0.42857142857142855
394 5 6 1024 9 6 0.8571428571428571
394 3 7 1024 10 7 1.0
394 8 4 1024 7 4 0.5714285714285714
395 2 7 1024 10 7 1.0
396 1 7 1024 10 7 1.0
396 6 6 1024 9 6 0.8571428571428571
397 2 7 1024 10 7 1.0
398 2 7 1024 10 7 1.0
399 0 7 1024 10 7 1.0
400 3 7 1024 10 7 1.0
400 6 6 1024 9 6 0.8571428571428571
401 7 5 1024 8 5 0.7142857142857143
401 6 6 1024 9 6 0.8571428571428571
401 4 7 1024 10 7 1.0
402 5 5 1024 8 5 0.7142857142857143
402 6 1 1024 4 1 0.14285714285714285
402 4 7 1024 10 7 1.0
403 5 5 1024 8 5 0.7142857142857143
403 2 7 1024 10 7 1.0
404 5 6 1024 9 6 0.8571428571428571
404 3 7 1024 10 7 1.0
404 6 4 1024 7 4 0.5714285714285714
405 3 7 1024 10 7 1.0
405 4 3 1024 6 3 0.42857142857142855
406 4 7 1024 10 7 1.0
407 7 6 1024 9 6 0.8571428571428571
407 3 7 1024 10 7 1.0
408 4 7 1024 10 7 1.0
409 3 7 1024 10 7 1.0
409 8 6 1024 9 6 0.8571428571428571
410 3 6 1024 9 6 0.8571428571428571
410 2 7 1024 10 7 1.0
411 1 7 1024 10 7 1.0
412 3 6 1024 9 6 0.8571428571428571
413 5 6 1024 9 6 0.8571428571428571
413 3 7 1024 10 7 1.0
414 1 7 1024 10 7 1.0
415 2 7 1024 10 7 1.0
416 1 7 1024 10 7 1.0
416 5 6 1024 9 6 0.8571428571428571
417 3 7 1024 10 7 1.0
417 6 5 1024 8 5 0.7142857142857143
418 2 7 1024 10 7 1.0
418 5 4 1024 7 4 0.5714285714285714
419 2 7 1024 10 7 1.0
419 5 6 1024 9 6 0.8571428571428571
420 3 7 1024 10 7 1.0
420 6 6 1024 9 6 0.8571428571428571
421 2 7 1024 10 7 1.0
421 8 6 1024 9 6 0.8571428571428571
422 4 7 1024 10 7 1.0
422 7 4 1024 7 4 0.5714285714285714
422 5 6 1024 9 6 0.8571428571428571
423 4 6 1024 9 6 0.8571428571428571
423 3 7 1024 10 7 1.0
424 6 5 1024 8 5 0.7142857142857143
424 3 6 1024 9 6 0.8571428571428571
425 6 4 1024 7 4 0.5714285714285714
425 3 7 1024 10 7 1.0
426 3 7 1024 10 7 1.0
426 4 6 1024 9 6 0.8571428571428571
427 2 7 1024 10 7 1.0
427 6 4 1024 7 4 0.5714285714285714
428 3 7 1024 10 7 1.0
428 4 6 1024 9 6 0.8571428571428571
429 6 4 1024 7 4 0.5714285714285714
429 3 7 1024 10 7 1.0
429 4 6 1024 9 6 0.8571428571428571
430 5 5 1024 8 5 0.7142857142857143
430 2 7 1024 10 7 1.0
430 4 6 1024 9 6 0.8571428571428571
431 3 7 1024 10 7 1.0
431 5 6 1024 9 6 0.8571428571428571
432 2 3 1024 6 3 0.42857142857142855
433 7 6 1024 9 6 0.8571428571428571
433 3 7 1024 10 7 1.0
434 2 7 1024 10 7 1.0
434 6 5 1024 8 5 0.7142857142857143
435 4 4 1024 7 4 0.5714285714285714
435 2 7 1024 10 7 1.0
436 4 3 1024 6 3 0.42857142857142855
436 3 6 1024 9 6 0.8571428571428571
437 6 6 1024 9 6 0.8571428571428571
437 2 7 1024 10 7 1.0
438 4 7 1024 10 7 1.0
438 5 6 1024 9 6 0.8571428571428571
439 6 5 1024 8 5 0.7142857142857143
439 5 6 1024 9 6 0.8571428571428571
439 4 7 1024 10 7 1.0
440 2 7 1024 10 7 1.0
440 5 6 1024 9 6 0.8571428571428571
441 3 7 1024 10 7 1.0
441 5 6 1024 9 6 0.8571428571428571
442 3 7 1024 10 7 1.0
442 5 6 1024 9 6 0.8571428571428571
443 7 5 1024 8 5 0.7142857142857143
443 3 6 1024 9 6 0.8571428571428571
444 3 7 1024 10 7 1.0
444 5 6 1024 9 6 0.8571428571428571
445 3 7 1024 10 7 1.0
445 4 3 1024 6 3 0.42857142857142855
446 2 7 1024 10 7 1.0
446 6 4 1024 7 4 0.5714285714285714
447 3 7 1024 10 7 1.0
448 5 5 1024 8 5 0.7142857142857143
448 2 7 1024 10 7 1.0
448 4 6 1024 9 6 0.8571428571428571
449 7 6 1024 9 6 0.8571428571428571
449 5 7 1024 10 7 1.0
450 4 6 1024 9 6 0.8571428571428571
450 3 7 1024 10 7 1.0
451 3 7 1024 10 7 1.0
451 5 5 1024 8 5 0.7142857142857143
452 4 7 1024 10 7 1.0
452 8 6 1024 9 6 0.8571428571428571
453 3 7 1024 10 7 1.0
453 6 6 1024 9 6 0.8571428571428571
454 2 7 1024 10 7 1.0
454 6 6 1024 9 6 0.8571428571428571
455 4 6 1024 9 6 0.8571428571428571
455 3 7 1024 10 7 1.0
455 5 4 1024 7 4 0.5714285714285714
456 2 6 1024 9 6 0.8571428571428571
457 2 7 1024 10 7 1.0
457 4 6 1024 9 6 0.8571428571428571
458 4 6 1024 9 6 0.8571428571428571
458 5 3 1024 6 3 0.42857142857142855
458 1 7 1024 10 7 1.0
459 3 7 1024 10 7 1.0
459 4 6 1024 9 6 0.8571428571428571
460 2 5 1024 8 5 0.7142857142857143
461 7 6 1024 9 6 0.8571428571428571
461 1 7 1024 10 7 1.0
462 3 7 1024 10 7 1.0
463 4 6 1024 9 6 0.8571428571428571
463 5 5 1024 8 5 0.7142857142857143
464 4 5 1024 8 5 0.7142857142857143
464 3 7 1024 10 7 1.0
464 8 3 1024 6 3 0.42857142857142855
465 2 5 1024 8 5 0.7142857142857143
466 2 6 1024 9 6 0.8571428571428571
466 1 7 1024 10 7 1.0
467 4 6 1024 9 6 0.8571428571428571
467 2 7 1024 10 7 1.0
467 7 4 1024 7 4 0.5714285714285714
468 7 4 1024 7 4 0.5714285714285714
468 3 7 1024 10 7 1.0
469 3 7 1024 10 7 1.0
469 9 6 1024 9 6 0.8571428571428571
470 5 6 1024 9 6 0.8571428571428571
470 3 7 1024 10 7 1.0
471 2 7 1024 10 7 1.0
471 4 3 1024 6 3 0.42857142857142855
472 5 5 1024 8 5 0.7142857142857143
472 3 7 1024 10 7 1.0
473 2 7 1024 10 7 1.0
473 4 4 1024 7 4 0.5714285714285714
474 5 6 1024 9 6 0.8571428571428571
474 2 7 1024 10 7 1.0
475 4 7 1024 10 7 1.0
475 5 6 1024 9 6 0.8571428571428571
475 9 5 1024 8 5 0.7142857142857143
476 2 6 1024 9 6 0.8571428571428571
477 5 6 1024 9 6 0.8571428571428571
478 5 6 1024 9 6 0.8571428571428571
478 3 7 1024 10 7 1.0
479 3 6 1024 9 6 0.8571428571428571
479 2 7 1024 10 7 1.0
480 3 7 1024 10 7 1.0
480 5 6 1024 9 6 0.8571428571428571
481 6 3 1024 6 3 0.42857142857142855
481 3 7 1024 10 7 1.0
482 4 6 1024 9 6 0.8571428571428571
482 6 4 1024 7 4 0.5714285714285714
482 3 7 1024 10 7 1.0
483 5 6 1024 9 6 0.8571428571428571
483 4 7 1024 10 7 1.0
484 1 7 1024 10 7 1.0
484 6 3 1024 6 3 0.42857142857142855
485 3 7 1024 10 7 1.0
485 4 5 1024 8 5 0.7142857142857143
485 7 4 1024 7 4 0.5714285714285714
486 5 6 1024 9 6 0.8571428571428571
486 3 7 1024 10 7 1.0
487 4 6 1024 9 6 0.8571428571428571
487 3 7 1024 10 7 1.0
488 3 7 1024 10 7 1.0
488 6 6 1024 9 6 0.8571428571428571
489 6 6 1024 9 6 0.8571428571428571
489 3 7 1024 10 7 1.0
490 4 7 1024 10 7 1.0
490 6 5 1024 8 5 0.7142857142857143
491 4 7 1024 10 7 1.0
491 8 4 1024 7 4 0.5714285714285714
491 5 6 1024 9 6 0.8571428571428571
491 7 5 1024 8 5 0.7142857142857143
492 1 7 1024 10 7 1.0
493 5 4 1024 7 4 0.5714285714285714
493 2 7 1024 10 7 1.0
494 4 7 1024 10 7 1.0
494 6 6 1024 9 6 0.8571428571428571
495 5 6 1024 9 6 0.8571428571428571
495 2 7 1024 10 7 1.0
496 4 4 1024 7 4 0.5714285714285714
496 2 7 1024 10 7 1.0
496 5 3 1024 6 3 0.42857142857142855
497 3 7 1024 10 7 1.0
497 4 4 1024 7 4 0.5714285714285714
498 3 7 1024 10 7 1.0
498 7 6 1024 9 6 0.8571428571428571
499 4 5 1024 8 5 0.7142857142857143
499 3 7 1024 10 7 1.0
500 3 7 1024 10 7 1.0
501 2 7 1024 10 7 1.0
501 6 5 1024 8 5 0.7142857142857143
502 4 6 1024 9 6 0.8571428571428571
502 3 7 1024 10 7 1.0
503 5 4 1024 7 4 0.5714285714285714
503 3 7 1024 10 7 1.0
504 6 6 1024 9 6 0.8571428571428571
504 3 7 1024 10 7 1.0
505 5 3 1024 6 3 0.42857142857142855
505 3 7 1024 10 7 1.0
506 6 4 1024 7 4 0.5714285714285714
506 3 7 1024 10 7 1.0
507 3 7 1024 10 7 1.0
508 2 5 1024 8 5 0.7142857142857143
509 7 6 1024 9 6 0.8571428571428571
509 4 7 1024 10 7 1.0
510 4 7 1024 10 7 1.0
511 6 5 1024 8 5 0.7142857142857143
511 3 6 1024 9 6 0.8571428571428571
512 3 6 1024 9 6 0.8571428571428571
513 3 7 1024 10 7 1.0
513 5 6 1024 9 6 0.8571428571428571
514 4 7 1024 10 7 1.0
514 6 6 1024 9 6 0.8571428571428571
515 6 6 1024 9 6 0.8571428571428571
515 1 7 1024 10 7 1.0
516 3 7 1024 10 7 1.0
516 9 3 1024 6 3 0.42857142857142855
517 3 7 1024 10 7 1.0
517 4 6 1024 9 6 0.8571428571428571
518 2 7 1024 10 7 1.0
518 4 5 1024 8 5 0.7142857142857143
519 1 7 1024 10 7 1.0
520 1 7 1024 10 7 1.0
520 6 6 1024 9 6 0.8571428571428571
521 3 7 1024 10 7 1.0
521 4 6 1024 9 6 0.8571428571428571
522 2 7 1024 10 7 1.0
522 4 6 1024 9 6 0.8571428571428571
522 6 5 1024 8 5 0.7142857142857143
523 4 5 1024 8 5 0.7142857142857143
523 2 7 1024 10 7 1.0
524 4 7 1024 10 7 1.0
524 5 6 1024 9 6 0.8571428571428571
525 4 5 1024 8 5 0.7142857142857143
525 2 7 1024 10 7 1.0
526 2 7 1024 10 7 1.0
526 6 5 1024 8 5 0.7142857142857143
527 2 7 1024 10 7 1.0
527 8 4 1024 7 4 0.5714285714285714
528 3 7 1024 10 7 1.0
528 5 3 1024 6 3 0.42857142857142855
529 4 7 1024 10 7 1.0
529 5 6 1024 9 6 0.8571428571428571
530 3 7 1024 10 7 1.0
530 4 6 1024 9 6 0.8571428571428571
531 4 6 1024 9 6 0.8571428571428571
532 2 3 1024 6 3 0.42857142857142855
533 3 7 1024 10 7 1.0
534 2 7 1024 10 7 1.0
534 7 5 1024 8 5 0.7142857142857143
534 6 6 1024 9 6 0.8571428571428571
535 2 7 1024 10 7 1.0
535 5 6 1024 9 6 0.8571428571428571
536 4 7 1024 10 7 1.0
536 10 6 1024 9 6 0.8571428571428571
537 3 7 1024 10 7 1.0
538 5 5 1024 8 5 0.7142857142857143
538 2 7 1024 10 7 1.0
539 5 6 1024 9 6 0.8571428571428571
539 1 7 1024 10 7 1.0
540 2 7 1024 10 7 1.0
540 4 3 1024 6 3 0.42857142857142855
541 5 6 1024 9 6 0.8571428571428571
541 6 4 1024 7 4 0.5714285714285714
541 2 7 1024 10 7 1.0
542 2 7 1024 10 7 1.0
543 4 7 1024 10 7 1.0
543 5 4 1024 7 4 0.5714285714285714
544 3 7 1024 10 7 1.0
545 7 6 1024 9 6 0.8571428571428571
545 2 7 1024 10 7 1.0
546 4 7 1024 10 7 1.0
547 5 6 1024 9 6 0.8571428571428571
547 2 7 1024 10 7 1.0
548 3 7 1024 10 7 1.0
548 5 4 1024 7 4 0.5714285714285714
549 3 7 1024 10 7 1.0
550 3 7 1024 10 7 1.0
550 6 3 1024 6 3 0.42857142857142855
551 4 6 1024 9 6 0.8571428571428571
551 8 5 1024 8 5 0.7142857142857143
551 2 7 1024 10 7 1.0
552 4 7 1024 10 7 1.0
552 7 3 1024 6 3 0.42857142857142855
553 4 6 1024 9 6 0.8571428571428571
554 5 5 1024 8 5 0.7142857142857143
554 4 7 1024 10 7 1.0
555 2 7 1024 10 7 1.0
556 5 6 1024 9 6 0.8571428571428571
556 1 7 1024 10 7 1.0
556 7 5 1024 8 5 0.7142857142857143
557 5 6 1024 9 6 0.8571428571428571
557 2 7 1024 10 7 1.0
558 3 7 1024 10 7 1.0
559 1 7 1024 10 7 1.0
559 4 5 1024 8 5 0.7142857142857143
560 4 7 1024 10 7 1.0
560 6 6 1024 9 6 0.8571428571428571
561 2 7 1024 10 7 1.0
562 2 7 1024 10 7 1.0
563 4 6 1024 9 6 0.8571428571428571
564 9 6 1024 9 6 0.8571428571428571
564 3 7 1024 10 7 1.0
565 3 7 1024 10 7 1.0
566 5 5 1024 8 5 0.7142857142857143
566 2 6 1024 9 6 0.8571428571428571
567 1 7 1024 10 7 1.0
567 7 6 1024 9 6 0.8571428571428571
568 3 7 1024 10 7 1.0
569 2 6 1024 9 6 0.8571428571428571
570 4 7 1024 10 7 1.0
571 5 4 1024 7 4 0.5714285714285714
571 4 7 1024 10 7 1.0
572 3 7 1024 10 7 1.0
572 6 6 1024 9 6 0.8571428571428571
573 8 6 1024 9 6 0.8571428571428571
573 3 7 1024 10 7 1.0
574 2 7 1024 10 7 1.0
575 3 7 1024 10 7 1.0
575 6 6 1024 9 6 0.8571428571428571
576 3 7 1024 10 7 1.0
577 3 7 1024 10 7 1.0
577 7 6 1024 9 6 0.8571428571428571
578 4 5 1024 8 5 0.7142857142857143
578 3 6 1024 9 6 0.8571428571428571
579 3 7 1024 10 7 1.0
580 9 4 1024 7 4 0.5714285714285714
580 2 5 1024 8 5 0.7142857142857143
581 1 4 1024 7 4 0.5714285714285714
581 4 3 1024 6 3 0.42857142857142855
582 6 6 1024 9 6 0.8571428571428571
582 2 7 1024 10 7 1.0
583 3 7 1024 10 7 1.0
583 5 6 1024 9 6 0.8571428571428571
584 5 6 1024 9 6 0.8571428571428571
584 6 5 1024 8 5 0.7142857142857143
584 4 7 1024 10 7 1.0
585 3 7 1024 10 7 1.0
585 7 6 1024 9 6 0.8571428571428571
586 7 6 1024 9 6 0.8571428571428571
586 3 7 1024 10 7 1.0
587 3 4 1024 7 4 0.5714285714285714
588 2 7 1024 10 7 1.0
589 4 6 1024 9 6 0.8571428571428571
589 7 5 1024 8 5 0.7142857142857143
589 3 7 1024 10 7 1.0
590 2 7 1024 10 7 1.0
590 5 4 1024 7 4 0.5714285714285714
591 3 7 1024 10 7 1.0
591 5 6 1024 9 6 0.8571428571428571
592 4 7 1024 10 7 1.0
592 5 6 1024 9 6 0.8571428571428571
593 3 6 1024 9 6 0.8571428571428571
594 2 7 1024 10 7 1.0
595 4 6 1024 9 6 0.8571428571428571
595 3 7 1024 10 7 1.0
596 2 3 1024 6 3 0.42857142857142855
597 3 7 1024 10 7 1.0
597 7 5 1024 8 5 0.7142857142857143
597 5 6 1024 9 6 0.8571428571428571
598 2 7 1024 10 7 1.0
598 4 5 1024 8 5 0.7142857142857143
599 7 6 1024 9 6 0.8571428571428571
599 3 7 1024 10 7 1.0
600 4 6 1024 9 6 0.8571428571428571
600 2 7 1024 10 7 1.0
601 6 6 1024 9 6 0.8571428571428571
601 4 7 1024 10 7 1.0
602 4 6 1024 9 6 0.8571428571428571
602 5 3 1024 6 3 0.42857142857142855
603 6 3 1024 6 3 0.42857142857142855
603 3 7 1024 10 7 1.0
604 3 6 1024 9 6 0.8571428571428571
605 3 4 1024 7 4 0.5714285714285714
606 7 6 1024 9 6 0.8571428571428571
606 1 7 1024 10 7 1.0
607 3 7 1024 10 7 1.0
607 6 4 1024 7 4 0.5714285714285714
608 6 6 1024 9 6 0.8571428571428571
608 3 7 1024 10 7 1.0
609 2 7 1024 10 7 1.0
609 5 3 1024 6 3 0.42857142857142855
610 2 6 1024 9 6 0.8571428571428571
611 3 5 1024 8 5 0.7142857142857143
612 7 6 1024 9 6 0.8571428571428571
612 2 7 1024 10 7 1.0
613 5 6 1024 9 6 0.8571428571428571
613 4 7 1024 10 7 1.0
614 4 4 1024 7 4 0.5714285714285714
614 3 7 1024 10 7 1.0
615 3 7 1024 10 7 1.0
615 5 4 1024 7 4 0.5714285714285714
616 2 7 1024 10 7 1.0
616 4 6 1024 9 6 0.8571428571428571
617 6 6 1024 9 6 0.8571428571428571
617 0 7 1024 10 7 1.0
618 5 6 1024 9 6 0.8571428571428571
618 3 7 1024 10 7 1.0
619 1 7 1024 10 7 1.0
620 3 7 1024 10 7 1.0
620 4 3 1024 6 3 0.42857142857142855
621 3 7 1024 10 7 1.0
621 8 6 1024 9 6 0.8571428571428571
622 2 7 1024 10 7 1.0
623 4 2 1024 5 2 0.2857142857142857
624 3 7 1024 10 7 1.0
624 7 5 1024 8 5 0.7142857142857143
625 2 7 1024 10 7 1.0
626 2 7 1024 10 7 1.0
626 7 6 1024 9 6 0.8571428571428571
627 6 6 1024 9 6 0.8571428571428571
627 4 7 1024 10 7 1.0
628 4 6 1024 9 6 0.8571428571428571
628 3 7 1024 10 7 1.0
628 7 5 1024 8 5 0.7142857142857143
629 2 6 1024 9 6 0.8571428571428571
630 2 7 1024 10 7 1.0
630 4 6 1024 9 6 0.8571428571428571
631 2 7 1024 10 7 1.0
631 3 6 1024 9 6 0.8571428571428571
632 2 7 1024 10 7 1.0
633 7 5 1024 8 5 0.7142857142857143
633 2 7 1024 10 7 1.0
634 3 7 1024 10 7 1.0
635 3 7 1024 10 7 1.0
636 2 7 1024 10 7 1.0
637 5 6 1024 9 6 0.8571428571428571
637 3 7 1024 10 7 1.0
638 5 6 1024 9 6 0.8571428571428571
638 3 7 1024 10 7 1.0
639 6 5 1024 8 5 0.7142857142857143
639 3 7 1024 10 7 1.0
639 4 6 1024 9 6 0.8571428571428571
640 5 6 1024 9 6 0.8571428571428571
640 4 7 1024 10 7 1.0
641 3 7 1024 10 7 1.0
642 5 6 1024 9 6 0.8571428571428571
642 2 7 1024 10 7 1.0
643 3 7 1024 10 7 1.0
643 4 6 1024 9 6 0.8571428571428571
644 5 5 1024 8 5 0.7142857142857143
644 2 7 1024 10 7 1.0
645 3 7 1024 10 7 1.0
646 3 7 1024 10 7 1.0
647 6 3 1024 6 3 0.42857142857142855
647 2 7 1024 10 7 1.0
648 1 7 1024 10 7 1.0
649 2 7 1024 10 7 1.0
649 5 5 1024 8 5 0.7142857142857143
650 3 6 1024 9 6 0.8571428571428571
650 2 7 1024 10 7 1.0
651 3 7 1024 10 7 1.0
651 5 5 1024 8 5 0.7142857142857143
651 10 3 1024 6 3 0.42857142857142855
652 2 7 1024 10 7 1.0
653 5 5 1024 8 5 0.7142857142857143
653 3 7 1024 10 7 1.0
654 2 7 1024 10 7 1.0
655 1 7 1024 10 7 1.0
656 6 5 1024 8 5 0.7142857142857143
656 3 7 1024 10 7 1.0
657 3 7 1024 10 7 1.0
658 4 7 1024 10 7 1.0
658 7 6 1024 9 6 0.8571428571428571
659 3 7 1024 10 7 1.0
659 5 6 1024 9 6 0.8571428571428571
660 3 7 1024 10 7 1.0
661 2 7 1024 10 7 1.0
662 2 7 1024 10 7 1.0
663 7 6 1024 9 6 0.8571428571428571
663 4 7 1024 10 7 1.0
664 3 6 1024 9 6 0.8571428571428571
664 4 5 1024 8 5 0.7142857142857143
665 3 7 1024 10 7 1.0
665 6 6 1024 9 6 0.8571428571428571
666 2 7 1024 10 7 1.0
667 9 6 1024 9 6 0.8571428571428571
667 3 7 1024 10 7 1.0
668 4 7 1024 10 7 1.0
669 2 7 1024 10 7 1.0
670 3 7 1024 10 7 1.0
670 4 6 1024 9 6 0.8571428571428571
671 1 7 1024 10 7 1.0
672 5 6 1024 9 6 0.8571428571428571
672 6 5 1024 8 5 0.7142857142857143
672 2 7 1024 10 7 1.0
673 5 6 1024 9 6 0.8571428571428571
673 3 7 1024 10 7 1.0
674 4 6 1024 9 6 0.8571428571428571
674 1 7 1024 10 7 1.0
675 6 6 1024 9 6 0.8571428571428571
675 3 7 1024 10 7 1.0
676 2 6 1024 9 6 0.8571428571428571
676 1 7 1024 10 7 1.0
677 3 7 1024 10 7 1.0
678 4 7 1024 10 7 1.0
679 3 6 1024 9 6 0.8571428571428571
680 3 7 1024 10 7 1.0
680 5 5 1024 8 5 0.7142857142857143
681 2 7 1024 10 7 1.0
681 5 5 1024 8 5 0.7142857142857143
681 7 2 1024 5 2 0.2857142857142857
682 4 4 1024 7 4 0.5714285714285714
682 3 7 1024 10 7 1.0
683 3 7 1024 10 7 1.0
684 5 6 1024 9 6 0.8571428571428571
684 2 7 1024 10 7 1.0
685 2 7 1024 10 7 1.0
685 5 6 1024 9 6 0.8571428571428571
686 2 7 1024 10 7 1.0
687 2 7 1024 10 7 1.0
688 5 6 1024 9 6 0.8571428571428571
688 0 7 1024 10 7 1.0
689 2 7 1024 10 7 1.0
689 4 5 1024 8 5 0.7142857142857143
690 2 7 1024 10 7 1.0
691 2 7 1024 10 7 1.0
691 3 5 1024 8 5 0.7142857142857143
692 3 7 1024 10 7 1.0
692 7 4 1024 7 4 0.5714285714285714
693 6 6 1024 9 6 0.8571428571428571
693 4 7 1024 10 7 1.0
693 8 3 1024 6 3 0.42857142857142855
694 1 7 1024 10 7 1.0
695 5 5 1024 8 5 0.7142857142857143
695 3 7 1024 10 7 1.0
696 6 3 1024 6 3 0.42857142857142855
696 3 7 1024 10 7 1.0
697 6 3 1024 6 3 0.42857142857142855
697 2 7 1024 10 7 1.0
698 3 7 1024 10 7 1.0
699 4 7 1024 10 7 1.0
700 2 7 1024 10 7 1.0
701 4 6 1024 9 6 0.8571428571428571
701 7 5 1024 8 5 0.7142857142857143
701 3 7 1024 10 7 1.0
702 3 7 1024 10 7 1.0
702 8 4 1024 7 4 0.5714285714285714
703 3 7 1024 10 7 1.0
703 6 6 1024 9 6 0.8571428571428571
704 4 7 1024 10 7 1.0
705 3 7 1024 10 7 1.0
705 5 6 1024 9 6 0.8571428571428571
706 5 2 1024 5 2 0.2857142857142857
706 2 7 1024 10 7 1.0
707 4 6 1024 9 6 0.8571428571428571
707 3 7 1024 10 7 1.0
708 4 5 1024 8 5 0.7142857142857143
709 3 7 1024 10 7 1.0
709 5 5 1024 8 5 0.7142857142857143
710 2 7 1024 10 7 1.0
710 6 6 1024 9 6 0.8571428571428571
711 3 7 1024 10 7 1.0
712 3 7 1024 10 7 1.0
712 4 5 1024 8 5 0.7142857142857143
713 4 7 1024 10 7 1.0
713 7 4 1024 7 4 0.5714285714285714
714 3 7 1024 10 7 1.0
714 9 5 1024 8 5 0.7142857142857143
714 4 6 1024 9 6 0.8571428571428571
715 4 3 1024 6 3 0.42857142857142855
715 1 7 1024 10 7 1.0
716 3 6 1024 9 6 0.8571428571428571
716 2 7 1024 10 7 1.0
717 6 3 1024 6 3 0.42857142857142855
717 3 7 1024 10 7 1.0
717 5 6 1024 9 6 0.8571428571428571
718 3 6 1024 9 6 0.8571428571428571
718 2 7 1024 10 7 1.0
719 3 7 1024 10 7 1.0
719 4 4 1024 7 4 0.5714285714285714
720 4 6 1024 9 6 0.8571428571428571
721 5 6 1024 9 6 0.8571428571428571
721 4 7 1024 10 7 1.0
722 2 7 1024 10 7 1.0
722 5 6 1024 9 6 0.8571428571428571
723 6 6 1024 9 6 0.8571428571428571
723 3 7 1024 10 7 1.0
724 2 7 1024 10 7 1.0
724 3 6 1024 9 6 0.8571428571428571
725 6 5 1024 8 5 0.7142857142857143
725 7 3 1024 6 3 0.42857142857142855
725 3 7 1024 10 7 1.0
726 2 7 1024 10 7 1.0
727 3 6 1024 9 6 0.8571428571428571
727 2 7 1024 10 7 1.0
728 3 7 1024 10 7 1.0
729 6 3 1024 6 3 0.42857142857142855
729 3 7 1024 10 7 1.0
730 2 7 1024 10 7 1.0
730 7 6 1024 9 6 0.8571428571428571
731 6 6 1024 9 6 0.8571428571428571
731 1 7 1024 10 7 1.0
732 3 7 1024 10 7 1.0
733 2 7 1024 10 7 1.0
733 5 6 1024 9 6 0.8571428571428571
734 3 7 1024 10 7 1.0
734 4 5 1024 8 5 0.7142857142857143
735 3 7 1024 10 7 1.0
735 5 6 1024 9 6 0.8571428571428571
736 3 7 1024 10 7 1.0
736 6 6 1024 9 6 0.8571428571428571
736 8 4 1024 7 4 0.5714285714285714
737 3 7 1024 10 7 1.0
737 4 6 1024 9 6 0.8571428571428571
738 2 7 1024 10 7 1.0
738 4 5 1024 8 5 0.7142857142857143
739 5 3 1024 6 3 0.42857142857142855
739 4 7 1024 10 7 1.0
740 5 6 1024 9 6 0.8571428571428571
740 3 7 1024 10 7 1.0
741 4 6 1024 9 6 0.8571428571428571
741 2 7 1024 10 7 1.0
741 5 5 1024 8 5 0.7142857142857143
742 3 7 1024 10 7 1.0
743 7 6 1024 9 6 0.8571428571428571
743 2 7 1024 10 7 1.0
744 3 5 1024 8 5 0.7142857142857143
744 1 7 1024 10 7 1.0
745 1 7 1024 10 7 1.0
745 5 5 1024 8 5 0.7142857142857143
746 3 6 1024 9 6 0.8571428571428571
747 6 6 1024 9 6 0.8571428571428571
747 0 7 1024 10 7 1.0
747 8 3 1024 6 3 0.42857142857142855
748 2 7 1024 10 7 1.0
748 7 4 1024 7 4 0.5714285714285714
748 6 6 1024 9 6 0.8571428571428571
749 3 7 1024 10 7 1.0
749 6 6 1024 9 6 0.8571428571428571
750 2 7 1024 10 7 1.0
750 4 5 1024 8 5 0.7142857142857143
751 6 3 1024 6 3 0.42857142857142855
751 4 6 1024 9 6 0.8571428571428571
752 3 7 1024 10 7 1.0
753 3 5 1024 8 5 0.7142857142857143
753 2 7 1024 10 7 1.0
754 2 7 1024 10 7 1.0
755 3 6 1024 9 6 0.8571428571428571
756 3 6 1024 9 6 0.8571428571428571
757 3 6 1024 9 6 0.8571428571428571
758 5 6 1024 9 6 0.8571428571428571
758 2 7 1024 10 7 1.0
759 2 7 1024 10 7 1.0
760 2 7 1024 10 7 1.0
760 7 6 1024 9 6 0.8571428571428571
761 5 5 1024 8 5 0.7142857142857143
761 4 7 1024 10 7 1.0
762 3 7 1024 10 7 1.0
762 5 6 1024 9 6 0.8571428571428571
763 3 7 1024 10 7 1.0
763 5 3 1024 6 3 0.42857142857142855
764 2 7 1024 10 7 1.0
764 6 6 1024 9 6 0.8571428571428571
765 1 7 1024 10 7 1.0
765 5 6 1024 9 6 0.8571428571428571
766 3 7 1024 10 7 1.0
766 4 6 1024 9 6 0.8571428571428571
767 5 5 1024 8 5 0.7142857142857143
767 3 6 1024 9 6 0.8571428571428571
768 5 6 1024 9 6 0.8571428571428571
768 1 7 1024 10 7 1.0
769 2 4 1024 7 4 0.5714285714285714
770 4 7 1024 10 7 1.0
771 3 7 1024 10 7 1.0
771 5 6 1024 9 6 0.8571428571428571
772 2 7 1024 10 7 1.0
772 4 6 1024 9 6 0.8571428571428571
773 3 7 1024 10 7 1.0
773 4 6 1024 9 6 0.8571428571428571
774 3 7 1024 10 7 1.0
774 6 6 1024 9 6 0.8571428571428571
775 2 7 1024 10 7 1.0
776 5 6 1024 9 6 0.8571428571428571
777 2 3 1024 6 3 0.42857142857142855
778 6 5 1024 8 5 0.7142857142857143
778 2 7 1024 10 7 1.0
778 7 3 1024 6 3 0.42857142857142855
779 4 6 1024 9 6 0.8571428571428571
779 3 7 1024 10 7 1.0
780 5 6 1024 9 6 0.8571428571428571
780 3 7 1024 10 7 1.0
781 4 3 1024 6 3 0.42857142857142855
781 3 5 1024 8 5 0.7142857142857143
782 6 5 1024 8 5 0.7142857142857143
782 5 6 1024 9 6 0.8571428571428571
782 4 7 1024 10 7 1.0
783 5 5 1024 8 5 0.7142857142857143
783 4 7 1024 10 7 1.0
784 4 7 1024 10 7 1.0
784 5 6 1024 9 6 0.8571428571428571
785 4 7 1024 10 7 1.0
785 5 6 1024 9 6 0.8571428571428571
785 6 5 1024 8 5 0.7142857142857143
786 7 5 1024 8 5 0.7142857142857143
786 3 6 1024 9 6 0.8571428571428571
786 2 7 1024 10 7 1.0
787 5 5 1024 8 5 0.7142857142857143
787 4 7 1024 10 7 1.0
788 5 7 1024 10 7 1.0
788 7 5 1024 8 5 0.7142857142857143
789 2 7 1024 10 7 1.0
789 6 6 1024 9 6 0.8571428571428571
789 8 4 1024 7 4 0.5714285714285714
790 2 7 1024 10 7 1.0
790 8 6 1024 9 6 0.8571428571428571
791 2 7 1024 10 7 1.0
791 6 6 1024 9 6 0.8571428571428571
792 4 6 1024 9 6 0.8571428571428571
793 3 7 1024 10 7 1.0
793 6 3 1024 6 3 0.42857142857142855
794 3 7 1024 10 7 1.0
794 4 6 1024 9 6 0.8571428571428571
795 3 7 1024 10 7 1.0
796 2 7 1024 10 7 1.0
796 6 6 1024 9 6 0.8571428571428571
797 2 7 1024 10 7 1.0
797 4 6 1024 9 6 0.8571428571428571
798 3 6 1024 9 6 0.8571428571428571
799 5 6 1024 9 6 0.8571428571428571
799 3 7 1024 10 7 1.0
800 0 7 1024 10 7 1.0
800 4 3 1024 6 3 0.42857142857142855
801 8 4 1024 7 4 0.5714285714285714
801 2 7 1024 10 7 1.0
801 3 6 1024 9 6 0.8571428571428571
802 1 7 1024 10 7 1.0
802 4 5 1024 8 5 0.7142857142857143
803 0 7 1024 10 7 1.0
803 3 5 1024 8 5 0.7142857142857143
804 7 6 1024 9 6 0.8571428571428571
804 3 7 1024 10 7 1.0
805 2 4 1024 7 4 0.5714285714285714
806 5 5 1024 8 5 0.7142857142857143
806 3 7 1024 10 7 1.0
807 1 7 1024 10 7 1.0
807 7 5 1024 8 5 0.7142857142857143
807 5 6 1024 9 6 0.8571428571428571
808 3 7 1024 10 7 1.0
809 5 6 1024 9 6 0.8571428571428571
809 2 7 1024 10 7 1.0
810 4 5 1024 8 5 0.7142857142857143
810 5 3 1024 6 3 0.42857142857142855
811 2 7 1024 10 7 1.0
812 2 7 1024 10 7 1.0
812 8 5 1024 8 5 0.7142857142857143
812 4 6 1024 9 6 0.8571428571428571
813 3 6 1024 9 6 0.8571428571428571
814 3 6 1024 9 6 0.8571428571428571
814 8 3 1024 6 3 0.42857142857142855
815 4 7 1024 10 7 1.0
815 5 3 1024 6 3 0.42857142857142855
816 3 7 1024 10 7 1.0
817 6 4 1024 7 4 0.5714285714285714
817 3 7 1024 10 7 1.0
817 5 6 1024 9 6 0.8571428571428571
818 1 7 1024 10 7 1.0
818 3 6 1024 9 6 0.8571428571428571
819 2 7 1024 10 7 1.0
820 2 7 1024 10 7 1.0
820 3 6 1024 9 6 0.8571428571428571
821 6 5 1024 8 5 0.7142857142857143
821 3 7 1024 10 7 1.0
822 2 7 1024 10 7 1.0
823 3 7 1024 10 7 1.0
823 4 6 1024 9 6 0.8571428571428571
824 3 6 1024 9 6 0.8571428571428571
825 3 7 1024 10 7 1.0
826 4 3 1024 6 3 0.42857142857142855
827 3 7 1024 10 7 1.0
827 6 6 1024 9 6 0.8571428571428571
828 5 6 1024 9 6 0.8571428571428571
828 6 4 1024 7 4 0.5714285714285714
828 3 7 1024 10 7 1.0
829 3 7 1024 10 7 1.0
829 5 6 1024 9 6 0.8571428571428571
830 4 7 1024 10 7 1.0
831 5 5 1024 8 5 0.7142857142857143
831 3 7 1024 10 7 1.0
832 4 4 1024 7 4 0.5714285714285714
832 1 7 1024 10 7 1.0
833 7 6 1024 9 6 0.8571428571428571
833 2 7 1024 10 7 1.0
834 2 7 1024 10 7 1.0
834 5 6 1024 9 6 0.8571428571428571
835 1 7 1024 10 7 1.0
835 6 6 1024 9 6 0.8571428571428571
836 3 7 1024 10 7 1.0
836 8 6 1024 9 6 0.8571428571428571
837 3 7 1024 10 7 1.0
837 5 6 1024 9 6 0.8571428571428571
838 4 7 1024 10 7 1.0
838 6 5 1024 8 5 0.7142857142857143
839 3 7 1024 10 7 1.0
839 4 5 1024 8 5 0.7142857142857143
840 3 7 1024 10 7 1.0
840 5 6 1024 9 6 0.8571428571428571
841 1 7 1024 10 7 1.0
842 5 6 1024 9 6 0.8571428571428571
842 3 7 1024 10 7 1.0
843 2 7 1024 10 7 1.0
844 6 4 1024 7 4 0.5714285714285714
844 4 6 1024 9 6 0.8571428571428571
844 1 7 1024 10 7 1.0
844 5 5 1024 8 5 0.7142857142857143
845 2 7 1024 10 7 1.0
845 5 5 1024 8 5 0.7142857142857143
846 3 7 1024 10 7 1.0
846 4 6 1024 9 6 0.8571428571428571
847 6 6 1024 9 6 0.8571428571428571
847 2 7 1024 10 7 1.0
848 3 7 1024 10 7 1.0
848 4 4 1024 7 4 0.5714285714285714
849 3 7 1024 10 7 1.0
850 3 6 1024 9 6 0.8571428571428571
851 2 6 1024 9 6 0.8571428571428571
852 5 5 1024 8 5 0.7142857142857143
852 1 7 1024 10 7 1.0
853 5 4 1024 7 4 0.5714285714285714
853 2 7 1024 10 7 1.0
854 2 7 1024 10 7 1.0
854 6 4 1024 7 4 0.5714285714285714
855 2 7 1024 10 7 1.0
855 8 4 1024 7 4 0.5714285714285714
856 3 7 1024 10 7 1.0
856 5 6 1024 9 6 0.8571428571428571
857 3 7 1024 10 7 1.0
858 7 5 1024 8 5 0.7142857142857143
858 5 6 1024 9 6 0.8571428571428571
859 4 7 1024 10 7 1.0
859 5 6 1024 9 6 0.8571428571428571
860 5 4 1024 7 4 0.5714285714285714
860 3 7 1024 10 7 1.0
861 4 6 1024 9 6 0.8571428571428571
861 3 7 1024 10 7 1.0
862 3 5 1024 8 5 0.7142857142857143
863 5 7 1024 10 7 1.0
863 8 6 1024 9 6 0.8571428571428571
864 4 6 1024 9 6 0.8571428571428571
864 5 4 1024 7 4 0.5714285714285714
864 1 7 1024 10 7 1.0
865 6 6 1024 9 6 0.8571428571428571
865 2 7 1024 10 7 1.0
866 6 3 1024 6 3 0.42857142857142855
866 2 7 1024 10 7 1.0
867 4 6 1024 9 6 0.8571428571428571
867 5 4 1024 7 4 0.5714285714285714
868 2 7 1024 10 7 1.0
868 4 3 1024 6 3 0.42857142857142855
869 3 7 1024 10 7 1.0
869 5 5 1024 8 5 0.7142857142857143
870 7 4 1024 7 4 0.5714285714285714
870 3 7 1024 10 7 1.0
870 5 6 1024 9 6 0.8571428571428571
871 7 4 1024 7 4 0.5714285714285714
871 3 7 1024 10 7 1.0
871 6 6 1024 9 6 0.8571428571428571
872 4 7 1024 10 7 1.0
872 5 6 1024 9 6 0.8571428571428571
873 3 6 1024 9 6 0.8571428571428571
873 1 7 1024 10 7 1.0
874 3 7 1024 10 7 1.0
874 4 6 1024 9 6 0.8571428571428571
875 5 6 1024 9 6 0.8571428571428571
875 6 3 1024 6 3 0.42857142857142855
875 4 7 1024 10 7 1.0
876 4 5 1024 8 5 0.7142857142857143
876 3 7 1024 10 7 1.0
877 3 7 1024 10 7 1.0
878 4 6 1024 9 6 0.8571428571428571
878 3 7 1024 10 7 1.0
879 6 4 1024 7 4 0.5714285714285714
879 2 7 1024 10 7 1.0
880 5 4 1024 7 4 0.5714285714285714
880 4 6 1024 9 6 0.8571428571428571
880 2 7 1024 10 7 1.0
881 8 6 1024 9 6 0.8571428571428571
881 4 7 1024 10 7 1.0
882 4 7 1024 10 7 1.0
882 5 6 1024 9 6 0.8571428571428571
883 2 7 1024 10 7 1.0
883 5 6 1024 9 6 0.8571428571428571
884 5 6 1024 9 6 0.8571428571428571
884 4 7 1024 10 7 1.0
885 1 7 1024 10 7 1.0
886 3 6 1024 9 6 0.8571428571428571
886 4 4 1024 7 4 0.5714285714285714
887 2 7 1024 10 7 1.0
887 5 5 1024 8 5 0.7142857142857143
887 3 6 1024 9 6 0.8571428571428571
888 2 7 1024 10 7 1.0
888 4 6 1024 9 6 0.8571428571428571
889 2 7 1024 10 7 1.0
889 4 6 1024 9 6 0.8571428571428571
890 3 7 1024 10 7 1.0
890 5 5 1024 8 5 0.7142857142857143
891 5 6 1024 9 6 0.8571428571428571
891 3 7 1024 10 7 1.0
892 3 7 1024 10 7 1.0
892 6 5 1024 8 5 0.7142857142857143
893 3 7 1024 10 7 1.0
894 2 7 1024 10 7 1.0
894 4 6 1024 9 6 0.8571428571428571
895 5 5 1024 8 5 0.7142857142857143
895 1 7 1024 10 7 1.0
896 2 7 1024 10 7 1.0
896 5 6 1024 9 6 0.8571428571428571
897 3 7 1024 10 7 1.0
898 6 5 1024 8 5 0.7142857142857143
898 4 6 1024 9 6 0.8571428571428571
898 3 7 1024 10 7 1.0
899 3 7 1024 10 7 1.0
900 2 7 1024 10 7 1.0
900 4 6 1024 9 6 0.8571428571428571
901 2 7 1024 10 7 1.0
901 8 4 1024 7 4 0.5714285714285714
901 5 6 1024 9 6 0.8571428571428571
902 4 6 1024 9 6 0.8571428571428571
903 2 6 1024 9 6 0.8571428571428571
903 4 3 1024 6 3 0.42857142857142855
904 7 6 1024 9 6 0.8571428571428571
904 2 7 1024 10 7 1.0
905 3 7 1024 10 7 1.0
905 6 4 1024 7 4 0.5714285714285714
905 4 6 1024 9 6 0.8571428571428571
906 5 6 1024 9 6 0.8571428571428571
906 2 7 1024 10 7 1.0
907 3 6 1024 9 6 0.8571428571428571
908 5 5 1024 8 5 0.7142857142857143
908 3 7 1024 10 7 1.0
909 5 4 1024 7 4 0.5714285714285714
909 4 7 1024 10 7 1.0
910 5 6 1024 9 6 0.8571428571428571
910 1 7 1024 10 7 1.0
911 3 7 1024 10 7 1.0
911 5 6 1024 9 6 0.8571428571428571
912 5 3 1024 6 3 0.42857142857142855
912 4 6 1024 9 6 0.8571428571428571
912 1 7 1024 10 7 1.0
913 3 7 1024 10 7 1.0
914 2 7 1024 10 7 1.0
914 4 6 1024 9 6 0.8571428571428571
915 3 6 1024 9 6 0.8571428571428571
915 2 7 1024 10 7 1.0
916 2 7 1024 10 7 1.0
917 3 7 1024 10 7 1.0
918 8 5 1024 8 5 0.7142857142857143
918 3 7 1024 10 7 1.0
919 1 7 1024 10 7 1.0
919 6 6 1024 9 6 0.8571428571428571
920 4 6 1024 9 6 0.8571428571428571
920 3 7 1024 10 7 1.0
921 3 6 1024 9 6 0.8571428571428571
922 3 7 1024 10 7 1.0
922 5 6 1024 9 6 0.8571428571428571
923 1 7 1024 10 7 1.0
923 4 6 1024 9 6 0.8571428571428571
924 4 5 1024 8 5 0.7142857142857143
925 3 7 1024 10 7 1.0
925 5 3 1024 6 3 0.42857142857142855
926 3 7 1024 10 7 1.0
926 5 5 1024 8 5 0.7142857142857143
927 3 5 1024 8 5 0.7142857142857143
928 3 7 1024 10 7 1.0
928 5 3 1024 6 3 0.42857142857142855
929 2 7 1024 10 7 1.0
929 5 6 1024 9 6 0.8571428571428571
930 5 4 1024 7 4 0.5714285714285714
930 1 7 1024 10 7 1.0
931 4 7 1024 10 7 1.0
932 2 7 1024 10 7 1.0
932 5 6 1024 9 6 0.8571428571428571
933 5 4 1024 7 4 0.5714285714285714
933 3 7 1024 10 7 1.0
934 6 6 1024 9 6 0.8571428571428571
934 3 7 1024 10 7 1.0
935 4 7 1024 10 7 1.0
935 6 6 1024 9 6 0.8571428571428571
936 4 6 1024 9 6 0.8571428571428571
936 2 7 1024 10 7 1.0
937 6 5 1024 8 5 0.7142857142857143
937 4 7 1024 10 7 1.0
938 1 7 1024 10 7 1.0
939 4 7 1024 10 7 1.0
940 4 6 1024 9 6 0.8571428571428571
940 3 7 1024 10 7 1.0
941 7 4 1024 7 4 0.5714285714285714
941 1 7 1024 10 7 1.0
941 3 5 1024 8 5 0.7142857142857143
942 2 7 1024 10 7 1.0
943 4 4 1024 7 4 0.5714285714285714
943 3 7 1024 10 7 1.0
944 6 4 1024 7 4 0.5714285714285714
944 3 7 1024 10 7 1.0
944 4 6 1024 9 6 0.8571428571428571
945 2 7 1024 10 7 1.0
945 5 6 1024 9 6 0.8571428571428571
946 3 7 1024 10 7 1.0
947 5 7 1024 10 7 1.0
947 7 4 1024 7 4 0.5714285714285714
948 4 7 1024 10 7 1.0
949 2 7 1024 10 7 1.0
950 3 7 1024 10 7 1.0
950 5 6 1024 9 6 0.8571428571428571
951 2 7 1024 10 7 1.0
951 5 6 1024 9 6 0.8571428571428571
952 3 7 1024 10 7 1.0
952 7 6 1024 9 6 0.8571428571428571
953 7 5 1024 8 5 0.7142857142857143
953 3 6 1024 9 6 0.8571428571428571
954 4 7 1024 10 7 1.0
955 3 6 1024 9 6 0.8571428571428571
956 3 7 1024 10 7 1.0
956 7 6 1024 9 6 0.8571428571428571
957 6 5 1024 8 5 0.7142857142857143
957 3 6 1024 9 6 0.8571428571428571
957 2 7 1024 10 7 1.0
958 5 4 1024 7 4 0.5714285714285714
959 2 7 1024 10 7 1.0
959 3 5 1024 8 5 0.7142857142857143
960 3 6 1024 9 6 0.8571428571428571
961 2 7 1024 10 7 1.0
962 6 6 1024 9 6 0.8571428571428571
962 3 7 1024 10 7 1.0
963 2 7 1024 10 7 1.0
963 5 5 1024 8 5 0.7142857142857143
964 5 6 1024 9 6 0.8571428571428571
964 3 7 1024 10 7 1.0
965 2 6 1024 9 6 0.8571428571428571
966 2 6 1024 9 6 0.8571428571428571
967 2 7 1024 10 7 1.0
968 6 6 1024 9 6 0.8571428571428571
968 2 7 1024 10 7 1.0
969 4 6 1024 9 6 0.8571428571428571
970 3 7 1024 10 7 1.0
971 2 7 1024 10 7 1.0
972 3 7 1024 10 7 1.0
973 6 5 1024 8 5 0.7142857142857143
973 4 7 1024 10 7 1.0
973 7 4 1024 7 4 0.5714285714285714
974 3 7 1024 10 7 1.0
974 5 6 1024 9 6 0.8571428571428571
975 2 7 1024 10 7 1.0
975 6 5 1024 8 5 0.7142857142857143
975 5 6 1024 9 6 0.8571428571428571
976 3 7 1024 10 7 1.0
976 6 6 1024 9 6 0.8571428571428571
977 2 7 1024 10 7 1.0
978 3 7 1024 10 7 1.0
979 6 6 1024 9 6 0.8571428571428571
979 8 4 1024 7 4 0.5714285714285714
979 1 7 1024 10 7 1.0
980 4 6 1024 9 6 0.8571428571428571
980 3 7 1024 10 7 1.0
981 1 6 1024 9 6 0.8571428571428571
981 6 5 1024 8 5 0.7142857142857143
982 5 6 1024 9 6 0.8571428571428571
982 2 7 1024 10 7 1.0
983 2 6 1024 9 6 0.8571428571428571
984 4 7 1024 10 7 1.0
984 5 5 1024 8 5 0.7142857142857143
985 4 6 1024 9 6 0.8571428571428571
986 3 7 1024 10 7 1.0
986 5 6 1024 9 6 0.8571428571428571
987 6 6 1024 9 6 0.8571428571428571
987 2 7 1024 10 7 1.0
988 7 5 1024 8 5 0.7142857142857143
988 2 7 1024 10 7 1.0
989 4 6 1024 9 6 0.8571428571428571
989 2 7 1024 10 7 1.0
990 3 6 1024 9 6 0.8571428571428571
990 4 5 1024 8 5 0.7142857142857143
990 2 7 1024 10 7 1.0
991 2 3 1024 6 3 0.42857142857142855
992 3 7 1024 10 7 1.0
993 3 4 1024 7 4 0.5714285714285714
994 1 7 1024 10 7 1.0
994 7 6 1024 9 6 0.8571428571428571
995 4 7 1024 10 7 1.0
995 7 6 1024 9 6 0.8571428571428571
996 4 5 1024 8 5 0.7142857142857143
997 2 7 1024 10 7 1.0
997 4 6 1024 9 6 0.8571428571428571
998 3 7 1024 10 7 1.0
998 5 6 1024 9 6 0.8571428571428571
999 5 6 1024 9 6 0.8571428571428571
999 3 7 1024 10 7 1.0
1000 2 7 1024 10 7 1.0
1000 7 3 1024 6 3 0.42857142857142855
1000 4 6 1024 9 6 0.8571428571428571
