gen testSuiteSize notKilledMutants number_of_tests no_discount_objective no_equiv_mut_not_killed no_equiv_mut_not_killed_perc
1 2 8.921875 10 9 8 0.8888888888888888
1 4 4.91796875 28 5 4 0.4444444444444444
2 3 9.806640625 66 10 9 1.0
2 6 7.75390625 84 8 7 0.7777777777777778
2 5 9.724609375 94 10 9 1.0
3 3 9.70703125 100 10 9 1.0
3 7 8.625 128 9 8 0.8888888888888888
3 4 9.6015625 136 10 9 1.0
3 5 9.58984375 140 10 9 1.0
4 2 9.5869140625 141 10 9 1.0
4 5 7.5751953125 145 8 7 0.7777777777777778
4 4 9.4638671875 183 10 9 1.0
5 6 7.4228515625 197 8 7 0.7777777777777778
5 3 9.3349609375 227 10 9 1.0
6 5 6.541015625 235 7 6 0.6666666666666666
6 7 4.7626953125 243 5 4 0.4444444444444444
6 4 9.748046875 258 10 9 1.0
7 5 7.732421875 274 8 7 0.7777777777777778
7 2 9.72265625 284 10 9 1.0
7 3 8.7177734375 289 9 8 0.8888888888888888
8 4 9.6962890625 311 10 9 1.0
8 6 7.6806640625 327 8 7 0.7777777777777778
8 5 9.677734375 330 10 9 1.0
9 5 8.6572265625 351 9 8 0.8888888888888888
9 2 9.650390625 358 10 9 1.0
9 4 9.646484375 362 10 9 1.0
10 1 9.623046875 386 10 9 1.0
10 2 9.6220703125 387 10 9 1.0
10 3 9.6201171875 389 10 9 1.0
10 6 9.615234375 394 10 9 1.0
11 3 9.59375 416 10 9 1.0
11 4 9.587890625 422 10 9 1.0
12 3 9.556640625 454 10 9 1.0
13 2 9.5419921875 469 10 9 1.0
13 3 9.537109375 474 10 9 1.0
13 6 8.5341796875 477 9 8 0.8888888888888888
13 4 9.533203125 478 10 9 1.0
14 7 5.5166015625 495 6 5 0.5555555555555556
14 4 9.5126953125 499 10 9 1.0
15 5 4.4990234375 513 5 4 0.4444444444444444
15 3 9.4912109375 521 10 9 1.0
16 3 9.4833984375 529 10 9 1.0
16 4 7.4775390625 535 8 7 0.7777777777777778
17 3 7.4580078125 555 8 7 0.7777777777777778
18 6 8.4423828125 571 9 8 0.8888888888888888
18 7 3.4365234375 577 4 3 0.3333333333333333
18 2 9.4326171875 581 10 9 1.0
18 3 9.4228515625 591 10 9 1.0
19 5 8.421875 592 9 8 0.8888888888888888
19 2 9.421875 592 10 9 1.0
19 3 9.4208984375 593 10 9 1.0
19 4 9.416015625 598 10 9 1.0
19 8 8.4033203125 611 9 8 0.8888888888888888
20 7 8.3857421875 629 9 8 0.8888888888888888
20 4 9.380859375 634 10 9 1.0
21 5 7.373046875 642 8 7 0.7777777777777778
21 2 9.37109375 644 10 9 1.0
22 4 5.365234375 650 6 5 0.5555555555555556
22 8 4.3623046875 653 5 4 0.4444444444444444
22 3 8.361328125 654 9 8 0.8888888888888888
23 5 8.3544921875 661 9 8 0.8888888888888888
23 4 9.349609375 666 10 9 1.0
24 5 8.3349609375 681 9 8 0.8888888888888888
24 2 9.3349609375 681 10 9 1.0
25 5 7.328125 688 8 7 0.7777777777777778
25 7 5.32421875 692 6 5 0.5555555555555556
25 3 8.322265625 694 9 8 0.8888888888888888
26 3 9.302734375 714 10 9 1.0
26 5 8.2998046875 717 9 8 0.8888888888888888
27 1 8.296875 720 9 8 0.8888888888888888
27 3 8.29296875 724 9 8 0.8888888888888888
27 5 5.2890625 728 6 5 0.5555555555555556
28 4 8.287109375 730 9 8 0.8888888888888888
28 6 6.28125 736 7 6 0.6666666666666666
29 7 7.2607421875 757 8 7 0.7777777777777778
29 3 9.2607421875 757 10 9 1.0
30 1 9.251953125 766 10 9 1.0
30 5 9.2470703125 771 10 9 1.0
31 2 9.2353515625 783 10 9 1.0
31 4 7.2333984375 785 8 7 0.7777777777777778
32 2 9.2333984375 785 10 9 1.0
32 4 6.2275390625 791 7 6 0.6666666666666666
33 4 8.2119140625 807 9 8 0.8888888888888888
33 3 9.2109375 808 10 9 1.0
34 5 8.208984375 810 9 8 0.8888888888888888
34 2 9.203125 816 10 9 1.0
34 7 8.203125 816 9 8 0.8888888888888888
35 2 9.203125 816 10 9 1.0
35 3 9.197265625 822 10 9 1.0
35 6 8.1962890625 823 9 8 0.8888888888888888
35 4 9.1953125 824 10 9 1.0
36 5 5.1904296875 829 6 5 0.5555555555555556
36 4 9.185546875 834 10 9 1.0
37 1 9.1796875 840 10 9 1.0
37 5 8.1787109375 841 9 8 0.8888888888888888
37 6 6.17578125 844 7 6 0.6666666666666666
37 4 9.1748046875 845 10 9 1.0
38 3 9.1689453125 851 10 9 1.0
38 4 9.166015625 854 10 9 1.0
38 5 8.166015625 854 9 8 0.8888888888888888
38 7 8.1630859375 857 9 8 0.8888888888888888
39 6 8.1630859375 857 9 8 0.8888888888888888
39 3 9.158203125 862 10 9 1.0
40 2 9.1513671875 869 10 9 1.0
40 5 8.1484375 872 9 8 0.8888888888888888
41 2 9.1474609375 873 10 9 1.0
41 4 8.146484375 874 9 8 0.8888888888888888
41 3 9.14453125 876 10 9 1.0
41 6 7.14453125 876 8 7 0.7777777777777778
42 4 9.140625 880 10 9 1.0
42 6 7.140625 880 8 7 0.7777777777777778
42 5 9.13671875 884 10 9 1.0
43 7 8.1318359375 889 9 8 0.8888888888888888
43 3 9.1318359375 889 10 9 1.0
44 3 7.126953125 894 8 7 0.7777777777777778
45 7 8.12109375 900 9 8 0.8888888888888888
45 3 9.1201171875 901 10 9 1.0
45 4 9.1171875 904 10 9 1.0
45 6 9.1162109375 905 10 9 1.0
46 3 9.11328125 908 10 9 1.0
46 4 9.1103515625 911 10 9 1.0
46 6 8.1103515625 911 9 8 0.8888888888888888
46 5 9.109375 912 10 9 1.0
47 2 9.109375 912 10 9 1.0
47 3 9.107421875 914 10 9 1.0
47 5 9.10546875 916 10 9 1.0
48 3 9.10546875 916 10 9 1.0
48 4 8.1015625 920 9 8 0.8888888888888888
49 3 9.0966796875 925 10 9 1.0
50 2 9.0966796875 925 10 9 1.0
50 4 9.095703125 926 10 9 1.0
50 6 8.095703125 926 9 8 0.8888888888888888
51 2 9.0947265625 927 10 9 1.0
51 6 8.091796875 930 9 8 0.8888888888888888
51 4 9.08984375 932 10 9 1.0
52 4 8.0888671875 933 9 8 0.8888888888888888
52 5 8.0869140625 935 9 8 0.8888888888888888
52 1 9.0859375 936 10 9 1.0
53 6 5.0830078125 939 6 5 0.5555555555555556
53 4 8.08203125 940 9 8 0.8888888888888888
54 3 6.08203125 940 7 6 0.6666666666666666
54 1 9.0810546875 941 10 9 1.0
55 3 9.07421875 948 10 9 1.0
55 4 8.07421875 948 9 8 0.8888888888888888
56 2 9.0732421875 949 10 9 1.0
56 4 9.0712890625 951 10 9 1.0
56 5 7.0693359375 953 8 7 0.7777777777777778
57 5 8.06640625 956 9 8 0.8888888888888888
57 3 9.06640625 956 10 9 1.0
58 6 5.0654296875 957 6 5 0.5555555555555556
58 3 9.064453125 958 10 9 1.0
59 2 9.0634765625 959 10 9 1.0
59 5 8.0634765625 959 9 8 0.8888888888888888
59 10 8.0625 960 9 8 0.8888888888888888
60 8 8.060546875 962 9 8 0.8888888888888888
60 3 9.0595703125 963 10 9 1.0
61 2 9.0595703125 963 10 9 1.0
61 4 7.05859375 964 8 7 0.7777777777777778
62 6 7.0576171875 965 8 7 0.7777777777777778
62 5 8.0546875 968 9 8 0.8888888888888888
63 2 9.0517578125 971 10 9 1.0
63 5 8.0478515625 975 9 8 0.8888888888888888
64 3 9.0458984375 977 10 9 1.0
64 4 6.0458984375 977 7 6 0.6666666666666666
65 3 9.04296875 980 10 9 1.0
66 5 8.0419921875 981 9 8 0.8888888888888888
66 2 9.041015625 982 10 9 1.0
67 2 8.041015625 982 9 8 0.8888888888888888
67 1 9.041015625 982 10 9 1.0
68 3 9.0400390625 983 10 9 1.0
69 6 8.0380859375 985 9 8 0.8888888888888888
69 2 9.037109375 986 10 9 1.0
70 6 7.03515625 988 8 7 0.7777777777777778
70 2 9.033203125 990 10 9 1.0
71 1 9.033203125 990 10 9 1.0
71 3 8.03125 992 9 8 0.8888888888888888
72 4 8.03125 992 9 8 0.8888888888888888
72 6 8.0302734375 993 9 8 0.8888888888888888
72 1 9.0302734375 993 10 9 1.0
73 6 7.029296875 994 8 7 0.7777777777777778
73 3 8.029296875 994 9 8 0.8888888888888888
74 3 9.0283203125 995 10 9 1.0
74 8 7.02734375 996 8 7 0.7777777777777778
74 5 8.02734375 996 9 8 0.8888888888888888
75 5 8.02734375 996 9 8 0.8888888888888888
75 2 9.0263671875 997 10 9 1.0
76 3 8.025390625 998 9 8 0.8888888888888888
76 2 9.025390625 998 10 9 1.0
76 6 8.0244140625 999 9 8 0.8888888888888888
77 1 9.0234375 1000 10 9 1.0
77 8 8.0234375 1000 9 8 0.8888888888888888
78 4 3.0234375 1000 4 3 0.3333333333333333
78 3 9.0234375 1000 10 9 1.0
79 4 7.0224609375 1001 8 7 0.7777777777777778
79 3 9.0224609375 1001 10 9 1.0
80 7 6.021484375 1002 7 6 0.6666666666666666
80 2 9.01953125 1004 10 9 1.0
80 6 8.0185546875 1005 9 8 0.8888888888888888
80 3 9.017578125 1006 10 9 1.0
81 3 9.017578125 1006 10 9 1.0
81 6 7.017578125 1006 8 7 0.7777777777777778
82 0 9.017578125 1006 10 9 1.0
82 4 8.017578125 1006 9 8 0.8888888888888888
83 3 9.017578125 1006 10 9 1.0
83 4 8.017578125 1006 9 8 0.8888888888888888
84 3 9.017578125 1006 10 9 1.0
85 5 8.017578125 1006 9 8 0.8888888888888888
85 3 9.017578125 1006 10 9 1.0
86 2 9.0166015625 1007 10 9 1.0
86 7 9.015625 1008 10 9 1.0
87 3 9.0146484375 1009 10 9 1.0
87 4 8.0146484375 1009 9 8 0.8888888888888888
88 0 9.0146484375 1009 10 9 1.0
88 4 8.0146484375 1009 9 8 0.8888888888888888
88 5 8.013671875 1010 9 8 0.8888888888888888
89 1 9.013671875 1010 10 9 1.0
89 7 7.0126953125 1011 8 7 0.7777777777777778
89 4 9.0126953125 1011 10 9 1.0
90 2 9.0126953125 1011 10 9 1.0
90 4 7.0126953125 1011 8 7 0.7777777777777778
91 3 9.01171875 1012 10 9 1.0
91 6 7.01171875 1012 8 7 0.7777777777777778
92 7 8.01171875 1012 9 8 0.8888888888888888
92 3 9.01171875 1012 10 9 1.0
93 4 8.01171875 1012 9 8 0.8888888888888888
93 5 5.0107421875 1013 6 5 0.5555555555555556
94 3 6.0107421875 1013 7 6 0.6666666666666666
94 1 9.0107421875 1013 10 9 1.0
95 5 8.0107421875 1013 9 8 0.8888888888888888
95 2 9.0107421875 1013 10 9 1.0
95 7 8.009765625 1014 9 8 0.8888888888888888
96 6 7.0087890625 1015 8 7 0.7777777777777778
96 3 9.0087890625 1015 10 9 1.0
97 2 9.0087890625 1015 10 9 1.0
97 3 8.0087890625 1015 9 8 0.8888888888888888
97 8 7.0087890625 1015 8 7 0.7777777777777778
98 3 9.0087890625 1015 10 9 1.0
98 6 7.0087890625 1015 8 7 0.7777777777777778
98 4 8.0087890625 1015 9 8 0.8888888888888888
99 4 8.0087890625 1015 9 8 0.8888888888888888
99 6 3.0087890625 1015 4 3 0.3333333333333333
100 7 7.0087890625 1015 8 7 0.7777777777777778
100 5 8.0078125 1016 9 8 0.8888888888888888
100 4 9.0078125 1016 10 9 1.0
101 7 7.0078125 1016 8 7 0.7777777777777778
101 2 9.0078125 1016 10 9 1.0
102 2 8.0078125 1016 9 8 0.8888888888888888
103 3 9.0078125 1016 10 9 1.0
103 7 8.0078125 1016 9 8 0.8888888888888888
104 4 8.0078125 1016 9 8 0.8888888888888888
104 3 9.0078125 1016 10 9 1.0
105 3 9.0078125 1016 10 9 1.0
106 3 8.0078125 1016 9 8 0.8888888888888888
106 4 6.0078125 1016 7 6 0.6666666666666666
107 2 9.0078125 1016 10 9 1.0
108 3 9.0078125 1016 10 9 1.0
108 7 8.0078125 1016 9 8 0.8888888888888888
109 4 7.0068359375 1017 8 7 0.7777777777777778
109 2 9.0068359375 1017 10 9 1.0
110 7 7.0068359375 1017 8 7 0.7777777777777778
110 1 9.0068359375 1017 10 9 1.0
111 3 9.0068359375 1017 10 9 1.0
112 3 9.0068359375 1017 10 9 1.0
113 2 9.005859375 1018 10 9 1.0
113 5 8.005859375 1018 9 8 0.8888888888888888
114 2 5.005859375 1018 6 5 0.5555555555555556
115 3 9.005859375 1018 10 9 1.0
116 3 8.005859375 1018 9 8 0.8888888888888888
116 7 6.005859375 1018 7 6 0.6666666666666666
117 4 9.005859375 1018 10 9 1.0
117 6 5.005859375 1018 6 5 0.5555555555555556
118 3 9.005859375 1018 10 9 1.0
118 5 7.005859375 1018 8 7 0.7777777777777778
119 5 8.005859375 1018 9 8 0.8888888888888888
119 2 9.005859375 1018 10 9 1.0
120 2 9.005859375 1018 10 9 1.0
121 6 6.005859375 1018 7 6 0.6666666666666666
121 7 4.005859375 1018 5 4 0.4444444444444444
121 3 8.005859375 1018 9 8 0.8888888888888888
122 3 6.005859375 1018 7 6 0.6666666666666666
123 3 9.005859375 1018 10 9 1.0
124 6 8.005859375 1018 9 8 0.8888888888888888
124 3 9.005859375 1018 10 9 1.0
125 3 4.005859375 1018 5 4 0.4444444444444444
126 3 9.005859375 1018 10 9 1.0
126 4 8.005859375 1018 9 8 0.8888888888888888
127 5 8.005859375 1018 9 8 0.8888888888888888
127 2 9.0048828125 1019 10 9 1.0
127 3 9.00390625 1020 10 9 1.0
128 3 8.00390625 1020 9 8 0.8888888888888888
128 2 9.00390625 1020 10 9 1.0
129 2 9.00390625 1020 10 9 1.0
130 5 8.00390625 1020 9 8 0.8888888888888888
130 3 9.00390625 1020 10 9 1.0
131 2 9.00390625 1020 10 9 1.0
131 7 6.00390625 1020 7 6 0.6666666666666666
132 6 6.00390625 1020 7 6 0.6666666666666666
132 4 9.00390625 1020 10 9 1.0
133 5 7.00390625 1020 8 7 0.7777777777777778
133 2 8.00390625 1020 9 8 0.8888888888888888
134 5 6.00390625 1020 7 6 0.6666666666666666
134 1 8.00390625 1020 9 8 0.8888888888888888
135 2 9.00390625 1020 10 9 1.0
135 4 8.0029296875 1021 9 8 0.8888888888888888
135 7 7.0029296875 1021 8 7 0.7777777777777778
135 3 9.0029296875 1021 10 9 1.0
136 7 7.0029296875 1021 8 7 0.7777777777777778
136 4 9.0029296875 1021 10 9 1.0
137 3 9.0029296875 1021 10 9 1.0
138 2 9.001953125 1022 10 9 1.0
138 6 8.001953125 1022 9 8 0.8888888888888888
139 5 9.001953125 1022 10 9 1.0
139 8 8.001953125 1022 9 8 0.8888888888888888
140 3 9.001953125 1022 10 9 1.0
140 5 8.001953125 1022 9 8 0.8888888888888888
141 4 9.001953125 1022 10 9 1.0
142 2 9.001953125 1022 10 9 1.0
143 1 9.001953125 1022 10 9 1.0
143 3 8.001953125 1022 9 8 0.8888888888888888
144 3 7.001953125 1022 8 7 0.7777777777777778
145 4 9.001953125 1022 10 9 1.0
146 1 9.001953125 1022 10 9 1.0
146 7 8 1024 9 8 0.8888888888888888
146 2 9 1024 10 9 1.0
147 5 8 1024 9 8 0.8888888888888888
147 7 7 1024 8 7 0.7777777777777778
148 5 4 1024 5 4 0.4444444444444444
148 2 9 1024 10 9 1.0
149 3 9 1024 10 9 1.0
150 2 9 1024 10 9 1.0
150 5 8 1024 9 8 0.8888888888888888
151 2 9 1024 10 9 1.0
151 5 7 1024 8 7 0.7777777777777778
152 4 8 1024 9 8 0.8888888888888888
153 4 8 1024 9 8 0.8888888888888888
153 5 4 1024 5 4 0.4444444444444444
154 3 9 1024 10 9 1.0
155 2 9 1024 10 9 1.0
156 2 9 1024 10 9 1.0
156 8 6 1024 7 6 0.6666666666666666
156 5 8 1024 9 8 0.8888888888888888
157 8 8 1024 9 8 0.8888888888888888
157 3 9 1024 10 9 1.0
158 3 9 1024 10 9 1.0
158 5 8 1024 9 8 0.8888888888888888
159 3 9 1024 10 9 1.0
159 4 7 1024 8 7 0.7777777777777778
160 3 9 1024 10 9 1.0
161 6 8 1024 9 8 0.8888888888888888
161 2 9 1024 10 9 1.0
161 7 7 1024 8 7 0.7777777777777778
162 7 6 1024 7 6 0.6666666666666666
162 5 7 1024 8 7 0.7777777777777778
162 2 9 1024 10 9 1.0
163 4 6 1024 7 6 0.6666666666666666
163 3 9 1024 10 9 1.0
164 2 7 1024 8 7 0.7777777777777778
165 2 9 1024 10 9 1.0
166 2 9 1024 10 9 1.0
167 4 9 1024 10 9 1.0
167 7 7 1024 8 7 0.7777777777777778
168 5 7 1024 8 7 0.7777777777777778
168 2 9 1024 10 9 1.0
169 3 8 1024 9 8 0.8888888888888888
169 4 7 1024 8 7 0.7777777777777778
170 2 9 1024 10 9 1.0
170 6 8 1024 9 8 0.8888888888888888
171 3 6 1024 7 6 0.6666666666666666
171 2 9 1024 10 9 1.0
172 4 6 1024 7 6 0.6666666666666666
172 2 9 1024 10 9 1.0
173 2 9 1024 10 9 1.0
173 5 8 1024 9 8 0.8888888888888888
174 2 9 1024 10 9 1.0
174 5 8 1024 9 8 0.8888888888888888
175 3 8 1024 9 8 0.8888888888888888
176 3 9 1024 10 9 1.0
176 4 8 1024 9 8 0.8888888888888888
177 3 9 1024 10 9 1.0
177 4 7 1024 8 7 0.7777777777777778
178 3 9 1024 10 9 1.0
178 5 5 1024 6 5 0.5555555555555556
179 3 9 1024 10 9 1.0
179 5 8 1024 9 8 0.8888888888888888
180 4 9 1024 10 9 1.0
181 2 8 1024 9 8 0.8888888888888888
181 6 7 1024 8 7 0.7777777777777778
182 3 9 1024 10 9 1.0
182 6 8 1024 9 8 0.8888888888888888
183 5 8 1024 9 8 0.8888888888888888
183 2 9 1024 10 9 1.0
184 2 9 1024 10 9 1.0
185 2 9 1024 10 9 1.0
185 4 7 1024 8 7 0.7777777777777778
186 3 8 1024 9 8 0.8888888888888888
186 7 5 1024 6 5 0.5555555555555556
186 5 7 1024 8 7 0.7777777777777778
187 1 9 1024 10 9 1.0
188 3 9 1024 10 9 1.0
188 5 8 1024 9 8 0.8888888888888888
189 6 8 1024 9 8 0.8888888888888888
189 7 7 1024 8 7 0.7777777777777778
189 3 9 1024 10 9 1.0
190 5 6 1024 7 6 0.6666666666666666
190 3 8 1024 9 8 0.8888888888888888
191 3 9 1024 10 9 1.0
191 6 8 1024 9 8 0.8888888888888888
192 5 7 1024 8 7 0.7777777777777778
192 1 9 1024 10 9 1.0
193 4 6 1024 7 6 0.6666666666666666
193 2 9 1024 10 9 1.0
194 2 8 1024 9 8 0.8888888888888888
195 5 7 1024 8 7 0.7777777777777778
195 3 9 1024 10 9 1.0
196 4 5 1024 6 5 0.5555555555555556
196 3 7 1024 8 7 0.7777777777777778
197 6 8 1024 9 8 0.8888888888888888
197 3 9 1024 10 9 1.0
198 2 9 1024 10 9 1.0
199 3 8 1024 9 8 0.8888888888888888
200 3 9 1024 10 9 1.0
201 5 8 1024 9 8 0.8888888888888888
201 3 9 1024 10 9 1.0
202 4 8 1024 9 8 0.8888888888888888
203 2 8 1024 9 8 0.8888888888888888
204 2 6 1024 7 6 0.6666666666666666
205 6 8 1024 9 8 0.8888888888888888
205 1 9 1024 10 9 1.0
206 2 9 1024 10 9 1.0
207 8 7 1024 8 7 0.7777777777777778
207 5 8 1024 9 8 0.8888888888888888
207 3 9 1024 10 9 1.0
208 3 8 1024 9 8 0.8888888888888888
209 4 9 1024 10 9 1.0
209 5 8 1024 9 8 0.8888888888888888
210 1 9 1024 10 9 1.0
211 6 8 1024 9 8 0.8888888888888888
211 2 9 1024 10 9 1.0
212 2 9 1024 10 9 1.0
212 4 8 1024 9 8 0.8888888888888888
213 3 9 1024 10 9 1.0
213 6 8 1024 9 8 0.8888888888888888
214 6 8 1024 9 8 0.8888888888888888
214 2 9 1024 10 9 1.0
215 4 7 1024 8 7 0.7777777777777778
215 3 9 1024 10 9 1.0
216 3 9 1024 10 9 1.0
217 2 9 1024 10 9 1.0
217 6 6 1024 7 6 0.6666666666666666
218 4 7 1024 8 7 0.7777777777777778
219 4 4 1024 5 4 0.4444444444444444
220 2 9 1024 10 9 1.0
220 4 8 1024 9 8 0.8888888888888888
221 6 8 1024 9 8 0.8888888888888888
221 3 9 1024 10 9 1.0
222 1 9 1024 10 9 1.0
223 7 5 1024 6 5 0.5555555555555556
223 5 7 1024 8 7 0.7777777777777778
223 2 9 1024 10 9 1.0
224 2 9 1024 10 9 1.0
224 6 5 1024 6 5 0.5555555555555556
225 3 9 1024 10 9 1.0
225 5 8 1024 9 8 0.8888888888888888
225 6 7 1024 8 7 0.7777777777777778
226 4 8 1024 9 8 0.8888888888888888
227 3 9 1024 10 9 1.0
227 5 7 1024 8 7 0.7777777777777778
228 6 8 1024 9 8 0.8888888888888888
228 3 9 1024 10 9 1.0
229 2 8 1024 9 8 0.8888888888888888
230 3 9 1024 10 9 1.0
230 6 8 1024 9 8 0.8888888888888888
231 5 5 1024 6 5 0.5555555555555556
231 2 9 1024 10 9 1.0
232 2 9 1024 10 9 1.0
232 4 8 1024 9 8 0.8888888888888888
233 6 5 1024 6 5 0.5555555555555556
233 1 9 1024 10 9 1.0
234 1 9 1024 10 9 1.0
234 5 4 1024 5 4 0.4444444444444444
235 4 5 1024 6 5 0.5555555555555556
236 5 8 1024 9 8 0.8888888888888888
236 3 9 1024 10 9 1.0
237 4 8 1024 9 8 0.8888888888888888
237 2 9 1024 10 9 1.0
238 3 9 1024 10 9 1.0
239 3 9 1024 10 9 1.0
239 4 6 1024 7 6 0.6666666666666666
240 2 9 1024 10 9 1.0
241 3 9 1024 10 9 1.0
241 4 8 1024 9 8 0.8888888888888888
242 3 9 1024 10 9 1.0
242 5 8 1024 9 8 0.8888888888888888
243 6 5 1024 6 5 0.5555555555555556
243 3 9 1024 10 9 1.0
244 3 9 1024 10 9 1.0
245 5 8 1024 9 8 0.8888888888888888
245 7 7 1024 8 7 0.7777777777777778
245 2 9 1024 10 9 1.0
246 3 9 1024 10 9 1.0
247 3 8 1024 9 8 0.8888888888888888
247 4 7 1024 8 7 0.7777777777777778
248 3 8 1024 9 8 0.8888888888888888
249 5 8 1024 9 8 0.8888888888888888
249 1 9 1024 10 9 1.0
250 4 9 1024 10 9 1.0
251 4 9 1024 10 9 1.0
252 3 9 1024 10 9 1.0
252 6 8 1024 9 8 0.8888888888888888
253 2 8 1024 9 8 0.8888888888888888
254 3 8 1024 9 8 0.8888888888888888
255 6 8 1024 9 8 0.8888888888888888
255 2 9 1024 10 9 1.0
256 5 9 1024 10 9 1.0
256 7 8 1024 9 8 0.8888888888888888
257 1 9 1024 10 9 1.0
258 5 7 1024 8 7 0.7777777777777778
258 3 9 1024 10 9 1.0
259 3 9 1024 10 9 1.0
260 4 9 1024 10 9 1.0
261 4 9 1024 10 9 1.0
262 6 8 1024 9 8 0.8888888888888888
262 1 9 1024 10 9 1.0
263 4 9 1024 10 9 1.0
263 7 8 1024 9 8 0.8888888888888888
264 3 9 1024 10 9 1.0
264 5 4 1024 5 4 0.4444444444444444
265 2 9 1024 10 9 1.0
266 3 8 1024 9 8 0.8888888888888888
267 2 7 1024 8 7 0.7777777777777778
268 5 4 1024 5 4 0.4444444444444444
268 3 9 1024 10 9 1.0
269 3 9 1024 10 9 1.0
270 3 9 1024 10 9 1.0
270 6 7 1024 8 7 0.7777777777777778
270 7 6 1024 7 6 0.6666666666666666
271 4 9 1024 10 9 1.0
271 6 8 1024 9 8 0.8888888888888888
272 4 9 1024 10 9 1.0
273 3 9 1024 10 9 1.0
273 4 8 1024 9 8 0.8888888888888888
274 4 7 1024 8 7 0.7777777777777778
274 3 9 1024 10 9 1.0
275 4 9 1024 10 9 1.0
276 3 9 1024 10 9 1.0
276 5 8 1024 9 8 0.8888888888888888
277 2 9 1024 10 9 1.0
277 7 8 1024 9 8 0.8888888888888888
278 5 8 1024 9 8 0.8888888888888888
278 3 9 1024 10 9 1.0
279 5 8 1024 9 8 0.8888888888888888
279 6 7 1024 8 7 0.7777777777777778
279 2 9 1024 10 9 1.0
280 6 8 1024 9 8 0.8888888888888888
280 4 9 1024 10 9 1.0
281 4 9 1024 10 9 1.0
281 8 6 1024 7 6 0.6666666666666666
282 1 9 1024 10 9 1.0
282 6 8 1024 9 8 0.8888888888888888
283 8 6 1024 7 6 0.6666666666666666
283 2 8 1024 9 8 0.8888888888888888
284 5 7 1024 8 7 0.7777777777777778
284 4 9 1024 10 9 1.0
285 6 8 1024 9 8 0.8888888888888888
285 3 9 1024 10 9 1.0
286 4 9 1024 10 9 1.0
286 6 8 1024 9 8 0.8888888888888888
287 2 9 1024 10 9 1.0
288 4 8 1024 9 8 0.8888888888888888
288 2 9 1024 10 9 1.0
289 2 9 1024 10 9 1.0
290 7 7 1024 8 7 0.7777777777777778
290 3 9 1024 10 9 1.0
291 2 9 1024 10 9 1.0
292 4 7 1024 8 7 0.7777777777777778
293 4 8 1024 9 8 0.8888888888888888
294 5 7 1024 8 7 0.7777777777777778
294 1 9 1024 10 9 1.0
295 2 9 1024 10 9 1.0
295 3 8 1024 9 8 0.8888888888888888
296 4 7 1024 8 7 0.7777777777777778
296 3 9 1024 10 9 1.0
297 2 9 1024 10 9 1.0
298 2 9 1024 10 9 1.0
299 2 9 1024 10 9 1.0
299 7 8 1024 9 8 0.8888888888888888
300 4 9 1024 10 9 1.0
300 6 8 1024 9 8 0.8888888888888888
301 5 7 1024 8 7 0.7777777777777778
301 2 9 1024 10 9 1.0
302 2 9 1024 10 9 1.0
302 4 8 1024 9 8 0.8888888888888888
303 2 9 1024 10 9 1.0
303 5 8 1024 9 8 0.8888888888888888
304 3 9 1024 10 9 1.0
304 4 8 1024 9 8 0.8888888888888888
305 6 8 1024 9 8 0.8888888888888888
305 2 9 1024 10 9 1.0
306 2 9 1024 10 9 1.0
306 6 5 1024 6 5 0.5555555555555556
307 5 6 1024 7 6 0.6666666666666666
307 2 9 1024 10 9 1.0
308 3 9 1024 10 9 1.0
308 4 8 1024 9 8 0.8888888888888888
309 2 9 1024 10 9 1.0
309 9 7 1024 8 7 0.7777777777777778
310 5 5 1024 6 5 0.5555555555555556
310 3 9 1024 10 9 1.0
311 3 6 1024 7 6 0.6666666666666666
311 1 9 1024 10 9 1.0
312 4 9 1024 10 9 1.0
312 5 3 1024 4 3 0.3333333333333333
313 2 9 1024 10 9 1.0
313 3 8 1024 9 8 0.8888888888888888
314 3 9 1024 10 9 1.0
314 4 8 1024 9 8 0.8888888888888888
315 7 5 1024 6 5 0.5555555555555556
315 2 9 1024 10 9 1.0
316 5 8 1024 9 8 0.8888888888888888
316 1 9 1024 10 9 1.0
317 2 9 1024 10 9 1.0
317 5 8 1024 9 8 0.8888888888888888
318 4 8 1024 9 8 0.8888888888888888
318 3 9 1024 10 9 1.0
319 4 9 1024 10 9 1.0
320 7 5 1024 6 5 0.5555555555555556
320 2 9 1024 10 9 1.0
321 5 7 1024 8 7 0.7777777777777778
321 3 9 1024 10 9 1.0
322 4 8 1024 9 8 0.8888888888888888
322 3 9 1024 10 9 1.0
323 2 9 1024 10 9 1.0
324 4 9 1024 10 9 1.0
325 0 9 1024 10 9 1.0
326 2 9 1024 10 9 1.0
326 3 8 1024 9 8 0.8888888888888888
327 7 6 1024 7 6 0.6666666666666666
327 3 9 1024 10 9 1.0
327 5 8 1024 9 8 0.8888888888888888
328 2 9 1024 10 9 1.0
328 7 8 1024 9 8 0.8888888888888888
329 3 9 1024 10 9 1.0
329 5 6 1024 7 6 0.6666666666666666
330 7 8 1024 9 8 0.8888888888888888
330 3 9 1024 10 9 1.0
331 3 9 1024 10 9 1.0
331 7 7 1024 8 7 0.7777777777777778
332 3 8 1024 9 8 0.8888888888888888
332 2 9 1024 10 9 1.0
333 9 8 1024 9 8 0.8888888888888888
333 3 9 1024 10 9 1.0
334 4 9 1024 10 9 1.0
334 5 4 1024 5 4 0.4444444444444444
335 2 9 1024 10 9 1.0
335 6 3 1024 4 3 0.3333333333333333
335 5 8 1024 9 8 0.8888888888888888
336 4 8 1024 9 8 0.8888888888888888
336 1 9 1024 10 9 1.0
337 6 7 1024 8 7 0.7777777777777778
337 4 9 1024 10 9 1.0
338 3 9 1024 10 9 1.0
339 2 9 1024 10 9 1.0
340 3 9 1024 10 9 1.0
340 6 8 1024 9 8 0.8888888888888888
341 4 8 1024 9 8 0.8888888888888888
341 2 9 1024 10 9 1.0
342 4 9 1024 10 9 1.0
343 2 9 1024 10 9 1.0
344 4 9 1024 10 9 1.0
345 3 9 1024 10 9 1.0
345 6 7 1024 8 7 0.7777777777777778
346 3 9 1024 10 9 1.0
347 1 9 1024 10 9 1.0
348 5 8 1024 9 8 0.8888888888888888
348 2 9 1024 10 9 1.0
349 4 9 1024 10 9 1.0
349 5 8 1024 9 8 0.8888888888888888
350 3 9 1024 10 9 1.0
351 2 9 1024 10 9 1.0
351 4 5 1024 6 5 0.5555555555555556
352 5 6 1024 7 6 0.6666666666666666
352 2 9 1024 10 9 1.0
353 3 9 1024 10 9 1.0
353 4 8 1024 9 8 0.8888888888888888
354 6 7 1024 8 7 0.7777777777777778
354 2 9 1024 10 9 1.0
355 3 9 1024 10 9 1.0
355 6 5 1024 6 5 0.5555555555555556
356 5 8 1024 9 8 0.8888888888888888
356 3 9 1024 10 9 1.0
357 4 9 1024 10 9 1.0
357 6 8 1024 9 8 0.8888888888888888
358 4 8 1024 9 8 0.8888888888888888
358 2 9 1024 10 9 1.0
359 3 9 1024 10 9 1.0
360 3 9 1024 10 9 1.0
360 5 6 1024 7 6 0.6666666666666666
361 3 9 1024 10 9 1.0
361 5 8 1024 9 8 0.8888888888888888
362 1 9 1024 10 9 1.0
363 6 7 1024 8 7 0.7777777777777778
363 3 9 1024 10 9 1.0
364 3 9 1024 10 9 1.0
365 3 9 1024 10 9 1.0
365 5 8 1024 9 8 0.8888888888888888
366 7 7 1024 8 7 0.7777777777777778
366 1 9 1024 10 9 1.0
366 5 8 1024 9 8 0.8888888888888888
367 3 9 1024 10 9 1.0
368 5 8 1024 9 8 0.8888888888888888
368 2 9 1024 10 9 1.0
369 8 7 1024 8 7 0.7777777777777778
369 2 9 1024 10 9 1.0
370 2 9 1024 10 9 1.0
370 4 8 1024 9 8 0.8888888888888888
371 3 9 1024 10 9 1.0
372 4 8 1024 9 8 0.8888888888888888
372 5 5 1024 6 5 0.5555555555555556
373 3 9 1024 10 9 1.0
373 4 8 1024 9 8 0.8888888888888888
374 3 8 1024 9 8 0.8888888888888888
375 2 9 1024 10 9 1.0
375 5 7 1024 8 7 0.7777777777777778
376 3 8 1024 9 8 0.8888888888888888
376 6 7 1024 8 7 0.7777777777777778
377 5 8 1024 9 8 0.8888888888888888
377 3 9 1024 10 9 1.0
377 6 7 1024 8 7 0.7777777777777778
377 8 4 1024 5 4 0.4444444444444444
378 3 9 1024 10 9 1.0
378 5 8 1024 9 8 0.8888888888888888
379 2 9 1024 10 9 1.0
379 5 7 1024 8 7 0.7777777777777778
380 2 9 1024 10 9 1.0
381 3 9 1024 10 9 1.0
381 8 8 1024 9 8 0.8888888888888888
382 0 9 1024 10 9 1.0
382 4 8 1024 9 8 0.8888888888888888
383 4 7 1024 8 7 0.7777777777777778
383 3 9 1024 10 9 1.0
384 5 7 1024 8 7 0.7777777777777778
384 4 9 1024 10 9 1.0
385 3 9 1024 10 9 1.0
385 6 8 1024 9 8 0.8888888888888888
386 3 9 1024 10 9 1.0
386 4 4 1024 5 4 0.4444444444444444
387 2 9 1024 10 9 1.0
387 7 8 1024 9 8 0.8888888888888888
388 4 7 1024 8 7 0.7777777777777778
388 1 9 1024 10 9 1.0
389 2 9 1024 10 9 1.0
390 2 8 1024 9 8 0.8888888888888888
390 3 5 1024 6 5 0.5555555555555556
391 5 8 1024 9 8 0.8888888888888888
391 3 9 1024 10 9 1.0
392 5 7 1024 8 7 0.7777777777777778
392 1 9 1024 10 9 1.0
393 4 9 1024 10 9 1.0
393 6 8 1024 9 8 0.8888888888888888
394 2 9 1024 10 9 1.0
394 6 8 1024 9 8 0.8888888888888888
395 3 9 1024 10 9 1.0
396 9 6 1024 7 6 0.6666666666666666
396 3 7 1024 8 7 0.7777777777777778
397 2 5 1024 6 5 0.5555555555555556
398 2 9 1024 10 9 1.0
398 4 8 1024 9 8 0.8888888888888888
399 4 9 1024 10 9 1.0
399 5 8 1024 9 8 0.8888888888888888
400 4 8 1024 9 8 0.8888888888888888
401 3 9 1024 10 9 1.0
401 8 7 1024 8 7 0.7777777777777778
401 7 8 1024 9 8 0.8888888888888888
402 7 7 1024 8 7 0.7777777777777778
402 2 9 1024 10 9 1.0
403 3 5 1024 6 5 0.5555555555555556
404 4 8 1024 9 8 0.8888888888888888
405 4 8 1024 9 8 0.8888888888888888
406 3 9 1024 10 9 1.0
406 4 4 1024 5 4 0.4444444444444444
407 3 9 1024 10 9 1.0
407 5 8 1024 9 8 0.8888888888888888
408 2 9 1024 10 9 1.0
408 6 8 1024 9 8 0.8888888888888888
409 3 9 1024 10 9 1.0
410 8 8 1024 9 8 0.8888888888888888
410 3 9 1024 10 9 1.0
411 5 9 1024 10 9 1.0
412 3 9 1024 10 9 1.0
412 4 6 1024 7 6 0.6666666666666666
413 4 8 1024 9 8 0.8888888888888888
414 3 9 1024 10 9 1.0
415 3 9 1024 10 9 1.0
415 5 8 1024 9 8 0.8888888888888888
415 7 7 1024 8 7 0.7777777777777778
416 3 9 1024 10 9 1.0
416 6 5 1024 6 5 0.5555555555555556
417 3 9 1024 10 9 1.0
417 5 7 1024 8 7 0.7777777777777778
418 2 9 1024 10 9 1.0
418 4 7 1024 8 7 0.7777777777777778
419 3 9 1024 10 9 1.0
420 2 9 1024 10 9 1.0
421 4 9 1024 10 9 1.0
422 3 9 1024 10 9 1.0
422 5 8 1024 9 8 0.8888888888888888
423 2 9 1024 10 9 1.0
424 3 9 1024 10 9 1.0
424 6 8 1024 9 8 0.8888888888888888
425 5 6 1024 7 6 0.6666666666666666
426 6 7 1024 8 7 0.7777777777777778
426 2 9 1024 10 9 1.0
427 8 8 1024 9 8 0.8888888888888888
427 3 9 1024 10 9 1.0
428 2 9 1024 10 9 1.0
428 3 7 1024 8 7 0.7777777777777778
429 4 9 1024 10 9 1.0
429 6 5 1024 6 5 0.5555555555555556
430 3 9 1024 10 9 1.0
431 6 8 1024 9 8 0.8888888888888888
431 3 9 1024 10 9 1.0
432 2 9 1024 10 9 1.0
433 2 8 1024 9 8 0.8888888888888888
434 3 9 1024 10 9 1.0
434 5 7 1024 8 7 0.7777777777777778
435 2 9 1024 10 9 1.0
435 4 8 1024 9 8 0.8888888888888888
435 7 4 1024 5 4 0.4444444444444444
436 3 9 1024 10 9 1.0
437 5 8 1024 9 8 0.8888888888888888
437 1 9 1024 10 9 1.0
438 2 9 1024 10 9 1.0
439 6 4 1024 5 4 0.4444444444444444
439 3 9 1024 10 9 1.0
440 4 8 1024 9 8 0.8888888888888888
440 3 9 1024 10 9 1.0
441 3 8 1024 9 8 0.8888888888888888
441 4 7 1024 8 7 0.7777777777777778
442 2 9 1024 10 9 1.0
443 7 8 1024 9 8 0.8888888888888888
443 3 9 1024 10 9 1.0
444 3 7 1024 8 7 0.7777777777777778
445 7 5 1024 6 5 0.5555555555555556
445 6 8 1024 9 8 0.8888888888888888
445 2 9 1024 10 9 1.0
446 1 9 1024 10 9 1.0
446 4 6 1024 7 6 0.6666666666666666
447 4 9 1024 10 9 1.0
447 7 8 1024 9 8 0.8888888888888888
448 3 9 1024 10 9 1.0
449 4 9 1024 10 9 1.0
449 5 8 1024 9 8 0.8888888888888888
450 2 6 1024 7 6 0.6666666666666666
451 4 8 1024 9 8 0.8888888888888888
451 3 9 1024 10 9 1.0
452 7 7 1024 8 7 0.7777777777777778
452 5 8 1024 9 8 0.8888888888888888
452 2 9 1024 10 9 1.0
453 1 9 1024 10 9 1.0
454 4 8 1024 9 8 0.8888888888888888
455 6 4 1024 5 4 0.4444444444444444
455 2 9 1024 10 9 1.0
456 5 8 1024 9 8 0.8888888888888888
456 3 9 1024 10 9 1.0
457 5 9 1024 10 9 1.0
457 7 8 1024 9 8 0.8888888888888888
458 7 4 1024 5 4 0.4444444444444444
458 4 8 1024 9 8 0.8888888888888888
459 5 4 1024 5 4 0.4444444444444444
459 6 2 1024 3 2 0.2222222222222222
459 4 7 1024 8 7 0.7777777777777778
459 3 9 1024 10 9 1.0
460 4 7 1024 8 7 0.7777777777777778
460 3 9 1024 10 9 1.0
461 2 9 1024 10 9 1.0
462 4 9 1024 10 9 1.0
463 3 9 1024 10 9 1.0
463 4 7 1024 8 7 0.7777777777777778
464 4 9 1024 10 9 1.0
465 4 8 1024 9 8 0.8888888888888888
465 3 9 1024 10 9 1.0
466 1 9 1024 10 9 1.0
466 5 8 1024 9 8 0.8888888888888888
467 3 8 1024 9 8 0.8888888888888888
468 5 8 1024 9 8 0.8888888888888888
468 2 9 1024 10 9 1.0
469 7 8 1024 9 8 0.8888888888888888
469 1 9 1024 10 9 1.0
470 8 7 1024 8 7 0.7777777777777778
470 1 8 1024 9 8 0.8888888888888888
471 3 9 1024 10 9 1.0
471 5 8 1024 9 8 0.8888888888888888
472 7 8 1024 9 8 0.8888888888888888
472 8 7 1024 8 7 0.7777777777777778
472 2 9 1024 10 9 1.0
473 3 8 1024 9 8 0.8888888888888888
474 5 7 1024 8 7 0.7777777777777778
474 4 8 1024 9 8 0.8888888888888888
475 2 9 1024 10 9 1.0
475 7 8 1024 9 8 0.8888888888888888
476 2 9 1024 10 9 1.0
476 4 5 1024 6 5 0.5555555555555556
477 4 7 1024 8 7 0.7777777777777778
477 3 8 1024 9 8 0.8888888888888888
478 2 9 1024 10 9 1.0
478 4 7 1024 8 7 0.7777777777777778
479 2 9 1024 10 9 1.0
480 3 9 1024 10 9 1.0
480 4 5 1024 6 5 0.5555555555555556
481 2 9 1024 10 9 1.0
482 2 9 1024 10 9 1.0
483 2 9 1024 10 9 1.0
483 9 7 1024 8 7 0.7777777777777778
484 7 8 1024 9 8 0.8888888888888888
484 2 9 1024 10 9 1.0
485 4 9 1024 10 9 1.0
485 5 8 1024 9 8 0.8888888888888888
486 2 9 1024 10 9 1.0
487 3 9 1024 10 9 1.0
487 7 6 1024 7 6 0.6666666666666666
487 5 8 1024 9 8 0.8888888888888888
488 4 7 1024 8 7 0.7777777777777778
488 3 9 1024 10 9 1.0
489 3 9 1024 10 9 1.0
489 6 7 1024 8 7 0.7777777777777778
490 6 8 1024 9 8 0.8888888888888888
490 2 9 1024 10 9 1.0
491 4 8 1024 9 8 0.8888888888888888
492 4 7 1024 8 7 0.7777777777777778
493 4 8 1024 9 8 0.8888888888888888
493 3 9 1024 10 9 1.0
494 5 7 1024 8 7 0.7777777777777778
494 1 9 1024 10 9 1.0
495 4 8 1024 9 8 0.8888888888888888
495 3 9 1024 10 9 1.0
496 3 9 1024 10 9 1.0
496 6 8 1024 9 8 0.8888888888888888
497 1 9 1024 10 9 1.0
498 2 8 1024 9 8 0.8888888888888888
499 7 8 1024 9 8 0.8888888888888888
499 2 9 1024 10 9 1.0
500 5 7 1024 8 7 0.7777777777777778
500 2 9 1024 10 9 1.0
501 3 9 1024 10 9 1.0
501 5 8 1024 9 8 0.8888888888888888
502 1 9 1024 10 9 1.0
502 5 8 1024 9 8 0.8888888888888888
503 0 9 1024 10 9 1.0
504 6 8 1024 9 8 0.8888888888888888
504 3 9 1024 10 9 1.0
505 2 7 1024 8 7 0.7777777777777778
506 7 8 1024 9 8 0.8888888888888888
506 2 9 1024 10 9 1.0
507 4 7 1024 8 7 0.7777777777777778
508 2 9 1024 10 9 1.0
508 3 8 1024 9 8 0.8888888888888888
508 6 5 1024 6 5 0.5555555555555556
509 2 8 1024 9 8 0.8888888888888888
509 5 5 1024 6 5 0.5555555555555556
510 3 9 1024 10 9 1.0
510 6 8 1024 9 8 0.8888888888888888
511 3 9 1024 10 9 1.0
511 4 5 1024 6 5 0.5555555555555556
512 2 9 1024 10 9 1.0
512 7 8 1024 9 8 0.8888888888888888
512 8 7 1024 8 7 0.7777777777777778
513 4 8 1024 9 8 0.8888888888888888
513 6 7 1024 8 7 0.7777777777777778
514 6 8 1024 9 8 0.8888888888888888
514 2 9 1024 10 9 1.0
515 2 9 1024 10 9 1.0
516 0 9 1024 10 9 1.0
516 4 8 1024 9 8 0.8888888888888888
517 4 9 1024 10 9 1.0
518 4 8 1024 9 8 0.8888888888888888
519 4 7 1024 8 7 0.7777777777777778
520 3 9 1024 10 9 1.0
520 6 8 1024 9 8 0.8888888888888888
520 7 6 1024 7 6 0.6666666666666666
521 4 9 1024 10 9 1.0
521 5 5 1024 6 5 0.5555555555555556
522 3 9 1024 10 9 1.0
523 3 9 1024 10 9 1.0
523 5 8 1024 9 8 0.8888888888888888
524 2 9 1024 10 9 1.0
524 5 8 1024 9 8 0.8888888888888888
525 5 4 1024 5 4 0.4444444444444444
525 2 9 1024 10 9 1.0
526 4 9 1024 10 9 1.0
526 6 5 1024 6 5 0.5555555555555556
526 5 8 1024 9 8 0.8888888888888888
527 3 9 1024 10 9 1.0
527 4 8 1024 9 8 0.8888888888888888
528 3 9 1024 10 9 1.0
528 5 5 1024 6 5 0.5555555555555556
529 4 8 1024 9 8 0.8888888888888888
530 3 8 1024 9 8 0.8888888888888888
530 5 5 1024 6 5 0.5555555555555556
531 5 5 1024 6 5 0.5555555555555556
531 2 8 1024 9 8 0.8888888888888888
531 1 9 1024 10 9 1.0
532 8 5 1024 6 5 0.5555555555555556
532 2 9 1024 10 9 1.0
533 3 5 1024 6 5 0.5555555555555556
534 4 7 1024 8 7 0.7777777777777778
534 3 8 1024 9 8 0.8888888888888888
535 5 7 1024 8 7 0.7777777777777778
535 3 9 1024 10 9 1.0
536 7 7 1024 8 7 0.7777777777777778
536 2 9 1024 10 9 1.0
537 8 7 1024 8 7 0.7777777777777778
537 2 9 1024 10 9 1.0
537 5 8 1024 9 8 0.8888888888888888
538 6 7 1024 8 7 0.7777777777777778
538 3 8 1024 9 8 0.8888888888888888
539 6 8 1024 9 8 0.8888888888888888
539 4 9 1024 10 9 1.0
539 7 7 1024 8 7 0.7777777777777778
540 3 9 1024 10 9 1.0
540 5 4 1024 5 4 0.4444444444444444
541 7 8 1024 9 8 0.8888888888888888
541 2 9 1024 10 9 1.0
542 5 9 1024 10 9 1.0
542 6 5 1024 6 5 0.5555555555555556
543 6 7 1024 8 7 0.7777777777777778
543 4 8 1024 9 8 0.8888888888888888
544 4 9 1024 10 9 1.0
544 7 8 1024 9 8 0.8888888888888888
545 2 9 1024 10 9 1.0
546 2 8 1024 9 8 0.8888888888888888
547 6 4 1024 5 4 0.4444444444444444
547 2 9 1024 10 9 1.0
548 2 9 1024 10 9 1.0
548 5 8 1024 9 8 0.8888888888888888
549 3 8 1024 9 8 0.8888888888888888
549 1 9 1024 10 9 1.0
550 3 8 1024 9 8 0.8888888888888888
551 4 6 1024 7 6 0.6666666666666666
551 1 9 1024 10 9 1.0
552 3 9 1024 10 9 1.0
553 4 9 1024 10 9 1.0
554 8 7 1024 8 7 0.7777777777777778
554 2 9 1024 10 9 1.0
555 3 9 1024 10 9 1.0
555 5 7 1024 8 7 0.7777777777777778
556 3 9 1024 10 9 1.0
557 3 9 1024 10 9 1.0
557 7 6 1024 7 6 0.6666666666666666
558 4 9 1024 10 9 1.0
559 6 7 1024 8 7 0.7777777777777778
559 5 8 1024 9 8 0.8888888888888888
559 2 9 1024 10 9 1.0
560 3 8 1024 9 8 0.8888888888888888
561 3 9 1024 10 9 1.0
561 6 6 1024 7 6 0.6666666666666666
562 5 8 1024 9 8 0.8888888888888888
562 4 9 1024 10 9 1.0
563 3 9 1024 10 9 1.0
564 5 8 1024 9 8 0.8888888888888888
564 3 9 1024 10 9 1.0
565 2 9 1024 10 9 1.0
565 4 6 1024 7 6 0.6666666666666666
566 4 8 1024 9 8 0.8888888888888888
566 1 9 1024 10 9 1.0
567 5 8 1024 9 8 0.8888888888888888
567 2 9 1024 10 9 1.0
568 4 8 1024 9 8 0.8888888888888888
568 5 4 1024 5 4 0.4444444444444444
568 2 9 1024 10 9 1.0
569 4 8 1024 9 8 0.8888888888888888
569 3 9 1024 10 9 1.0
570 4 8 1024 9 8 0.8888888888888888
570 3 9 1024 10 9 1.0
571 2 9 1024 10 9 1.0
572 3 9 1024 10 9 1.0
572 5 7 1024 8 7 0.7777777777777778
573 3 9 1024 10 9 1.0
574 3 9 1024 10 9 1.0
575 2 6 1024 7 6 0.6666666666666666
576 2 9 1024 10 9 1.0
577 2 9 1024 10 9 1.0
578 3 8 1024 9 8 0.8888888888888888
579 2 8 1024 9 8 0.8888888888888888
580 3 9 1024 10 9 1.0
580 6 8 1024 9 8 0.8888888888888888
581 5 8 1024 9 8 0.8888888888888888
581 2 9 1024 10 9 1.0
582 4 8 1024 9 8 0.8888888888888888
582 2 9 1024 10 9 1.0
582 5 7 1024 8 7 0.7777777777777778
583 2 5 1024 6 5 0.5555555555555556
584 3 9 1024 10 9 1.0
585 3 5 1024 6 5 0.5555555555555556
586 2 9 1024 10 9 1.0
587 3 6 1024 7 6 0.6666666666666666
588 5 5 1024 6 5 0.5555555555555556
588 2 8 1024 9 8 0.8888888888888888
589 1 9 1024 10 9 1.0
590 7 8 1024 9 8 0.8888888888888888
590 1 9 1024 10 9 1.0
591 7 7 1024 8 7 0.7777777777777778
591 3 8 1024 9 8 0.8888888888888888
592 5 4 1024 5 4 0.4444444444444444
592 4 9 1024 10 9 1.0
592 6 2 1024 3 2 0.2222222222222222
593 3 9 1024 10 9 1.0
593 5 8 1024 9 8 0.8888888888888888
594 4 7 1024 8 7 0.7777777777777778
595 5 8 1024 9 8 0.8888888888888888
595 3 9 1024 10 9 1.0
596 3 8 1024 9 8 0.8888888888888888
597 3 9 1024 10 9 1.0
597 6 8 1024 9 8 0.8888888888888888
598 7 8 1024 9 8 0.8888888888888888
598 4 9 1024 10 9 1.0
599 3 7 1024 8 7 0.7777777777777778
600 2 9 1024 10 9 1.0
600 9 8 1024 9 8 0.8888888888888888
601 3 9 1024 10 9 1.0
601 6 8 1024 9 8 0.8888888888888888
602 2 9 1024 10 9 1.0
603 3 9 1024 10 9 1.0
604 3 9 1024 10 9 1.0
604 5 8 1024 9 8 0.8888888888888888
605 2 9 1024 10 9 1.0
606 5 7 1024 8 7 0.7777777777777778
606 3 8 1024 9 8 0.8888888888888888
606 2 9 1024 10 9 1.0
607 2 9 1024 10 9 1.0
608 4 5 1024 6 5 0.5555555555555556
608 3 9 1024 10 9 1.0
609 2 9 1024 10 9 1.0
610 4 9 1024 10 9 1.0
610 7 7 1024 8 7 0.7777777777777778
611 5 8 1024 9 8 0.8888888888888888
611 4 9 1024 10 9 1.0
612 2 9 1024 10 9 1.0
612 3 8 1024 9 8 0.8888888888888888
612 6 7 1024 8 7 0.7777777777777778
613 3 9 1024 10 9 1.0
613 5 6 1024 7 6 0.6666666666666666
613 7 5 1024 6 5 0.5555555555555556
614 5 7 1024 8 7 0.7777777777777778
614 2 9 1024 10 9 1.0
615 4 8 1024 9 8 0.8888888888888888
615 7 6 1024 7 6 0.6666666666666666
615 0 9 1024 10 9 1.0
616 2 9 1024 10 9 1.0
616 4 8 1024 9 8 0.8888888888888888
617 2 9 1024 10 9 1.0
617 4 7 1024 8 7 0.7777777777777778
618 0 9 1024 10 9 1.0
618 4 8 1024 9 8 0.8888888888888888
619 4 7 1024 8 7 0.7777777777777778
619 6 6 1024 7 6 0.6666666666666666
619 3 9 1024 10 9 1.0
620 4 9 1024 10 9 1.0
620 5 5 1024 6 5 0.5555555555555556
621 2 9 1024 10 9 1.0
621 4 5 1024 6 5 0.5555555555555556
622 2 6 1024 7 6 0.6666666666666666
623 1 9 1024 10 9 1.0
623 5 6 1024 7 6 0.6666666666666666
624 2 9 1024 10 9 1.0
624 5 8 1024 9 8 0.8888888888888888
625 3 9 1024 10 9 1.0
626 3 9 1024 10 9 1.0
626 7 8 1024 9 8 0.8888888888888888
627 4 9 1024 10 9 1.0
627 7 8 1024 9 8 0.8888888888888888
628 3 9 1024 10 9 1.0
629 2 9 1024 10 9 1.0
629 6 5 1024 6 5 0.5555555555555556
630 2 9 1024 10 9 1.0
630 5 3 1024 4 3 0.3333333333333333
630 3 8 1024 9 8 0.8888888888888888
631 3 9 1024 10 9 1.0
632 6 7 1024 8 7 0.7777777777777778
632 4 9 1024 10 9 1.0
632 5 8 1024 9 8 0.8888888888888888
633 5 7 1024 8 7 0.7777777777777778
633 3 9 1024 10 9 1.0
634 3 9 1024 10 9 1.0
634 7 8 1024 9 8 0.8888888888888888
635 2 8 1024 9 8 0.8888888888888888
636 1 9 1024 10 9 1.0
636 5 6 1024 7 6 0.6666666666666666
637 3 8 1024 9 8 0.8888888888888888
638 5 5 1024 6 5 0.5555555555555556
638 3 9 1024 10 9 1.0
639 4 9 1024 10 9 1.0
639 6 7 1024 8 7 0.7777777777777778
640 5 8 1024 9 8 0.8888888888888888
640 4 9 1024 10 9 1.0
641 4 9 1024 10 9 1.0
641 6 8 1024 9 8 0.8888888888888888
641 7 6 1024 7 6 0.6666666666666666
642 5 6 1024 7 6 0.6666666666666666
642 3 9 1024 10 9 1.0
643 2 9 1024 10 9 1.0
643 4 7 1024 8 7 0.7777777777777778
644 3 9 1024 10 9 1.0
644 4 8 1024 9 8 0.8888888888888888
644 5 7 1024 8 7 0.7777777777777778
645 4 7 1024 8 7 0.7777777777777778
645 2 9 1024 10 9 1.0
646 3 8 1024 9 8 0.8888888888888888
646 1 9 1024 10 9 1.0
646 6 6 1024 7 6 0.6666666666666666
647 7 6 1024 7 6 0.6666666666666666
647 0 9 1024 10 9 1.0
648 4 9 1024 10 9 1.0
648 5 7 1024 8 7 0.7777777777777778
649 2 9 1024 10 9 1.0
649 8 7 1024 8 7 0.7777777777777778
650 4 9 1024 10 9 1.0
650 5 8 1024 9 8 0.8888888888888888
650 6 4 1024 5 4 0.4444444444444444
651 4 9 1024 10 9 1.0
651 5 8 1024 9 8 0.8888888888888888
652 3 9 1024 10 9 1.0
652 6 6 1024 7 6 0.6666666666666666
653 3 9 1024 10 9 1.0
653 5 8 1024 9 8 0.8888888888888888
654 3 8 1024 9 8 0.8888888888888888
655 4 9 1024 10 9 1.0
656 5 8 1024 9 8 0.8888888888888888
656 2 9 1024 10 9 1.0
657 3 7 1024 8 7 0.7777777777777778
657 1 9 1024 10 9 1.0
657 5 6 1024 7 6 0.6666666666666666
658 2 7 1024 8 7 0.7777777777777778
659 3 9 1024 10 9 1.0
659 5 8 1024 9 8 0.8888888888888888
660 1 9 1024 10 9 1.0
660 5 8 1024 9 8 0.8888888888888888
661 4 7 1024 8 7 0.7777777777777778
661 3 9 1024 10 9 1.0
662 2 9 1024 10 9 1.0
662 6 8 1024 9 8 0.8888888888888888
663 5 8 1024 9 8 0.8888888888888888
664 5 8 1024 9 8 0.8888888888888888
664 2 9 1024 10 9 1.0
665 6 7 1024 8 7 0.7777777777777778
665 4 9 1024 10 9 1.0
666 3 9 1024 10 9 1.0
666 8 7 1024 8 7 0.7777777777777778
667 3 9 1024 10 9 1.0
668 4 6 1024 7 6 0.6666666666666666
669 2 8 1024 9 8 0.8888888888888888
670 3 9 1024 10 9 1.0
670 4 5 1024 6 5 0.5555555555555556
671 6 7 1024 8 7 0.7777777777777778
671 5 8 1024 9 8 0.8888888888888888
671 1 9 1024 10 9 1.0
672 2 9 1024 10 9 1.0
672 4 7 1024 8 7 0.7777777777777778
673 4 7 1024 8 7 0.7777777777777778
673 1 9 1024 10 9 1.0
674 3 9 1024 10 9 1.0
674 4 8 1024 9 8 0.8888888888888888
675 6 6 1024 7 6 0.6666666666666666
675 4 9 1024 10 9 1.0
676 4 6 1024 7 6 0.6666666666666666
677 3 8 1024 9 8 0.8888888888888888
677 2 9 1024 10 9 1.0
677 6 5 1024 6 5 0.5555555555555556
678 3 9 1024 10 9 1.0
679 3 9 1024 10 9 1.0
679 6 7 1024 8 7 0.7777777777777778
680 4 8 1024 9 8 0.8888888888888888
680 6 7 1024 8 7 0.7777777777777778
681 3 9 1024 10 9 1.0
682 3 9 1024 10 9 1.0
682 4 7 1024 8 7 0.7777777777777778
683 4 8 1024 9 8 0.8888888888888888
683 3 9 1024 10 9 1.0
684 1 8 1024 9 8 0.8888888888888888
685 2 9 1024 10 9 1.0
685 4 6 1024 7 6 0.6666666666666666
686 2 9 1024 10 9 1.0
686 5 8 1024 9 8 0.8888888888888888
687 6 8 1024 9 8 0.8888888888888888
687 2 9 1024 10 9 1.0
688 3 8 1024 9 8 0.8888888888888888
688 5 7 1024 8 7 0.7777777777777778
689 2 9 1024 10 9 1.0
690 3 9 1024 10 9 1.0
691 2 8 1024 9 8 0.8888888888888888
692 5 8 1024 9 8 0.8888888888888888
692 3 9 1024 10 9 1.0
693 2 9 1024 10 9 1.0
694 6 7 1024 8 7 0.7777777777777778
694 4 8 1024 9 8 0.8888888888888888
695 5 6 1024 7 6 0.6666666666666666
695 3 8 1024 9 8 0.8888888888888888
696 4 9 1024 10 9 1.0
696 6 7 1024 8 7 0.7777777777777778
697 7 7 1024 8 7 0.7777777777777778
697 2 9 1024 10 9 1.0
698 5 8 1024 9 8 0.8888888888888888
698 2 9 1024 10 9 1.0
699 8 8 1024 9 8 0.8888888888888888
699 2 9 1024 10 9 1.0
700 4 7 1024 8 7 0.7777777777777778
700 3 9 1024 10 9 1.0
701 3 9 1024 10 9 1.0
701 6 6 1024 7 6 0.6666666666666666
702 3 9 1024 10 9 1.0
702 6 8 1024 9 8 0.8888888888888888
703 7 7 1024 8 7 0.7777777777777778
703 4 9 1024 10 9 1.0
704 9 8 1024 9 8 0.8888888888888888
704 1 9 1024 10 9 1.0
705 4 8 1024 9 8 0.8888888888888888
705 3 9 1024 10 9 1.0
706 6 8 1024 9 8 0.8888888888888888
706 4 9 1024 10 9 1.0
707 3 4 1024 5 4 0.4444444444444444
708 4 8 1024 9 8 0.8888888888888888
708 3 9 1024 10 9 1.0
708 5 6 1024 7 6 0.6666666666666666
709 0 9 1024 10 9 1.0
709 3 8 1024 9 8 0.8888888888888888
710 2 9 1024 10 9 1.0
711 3 9 1024 10 9 1.0
711 5 4 1024 5 4 0.4444444444444444
712 2 9 1024 10 9 1.0
713 4 8 1024 9 8 0.8888888888888888
713 3 9 1024 10 9 1.0
713 8 6 1024 7 6 0.6666666666666666
714 4 6 1024 7 6 0.6666666666666666
714 2 9 1024 10 9 1.0
715 4 7 1024 8 7 0.7777777777777778
715 3 9 1024 10 9 1.0
716 2 9 1024 10 9 1.0
716 5 8 1024 9 8 0.8888888888888888
717 3 8 1024 9 8 0.8888888888888888
718 2 9 1024 10 9 1.0
719 2 9 1024 10 9 1.0
720 3 9 1024 10 9 1.0
720 5 8 1024 9 8 0.8888888888888888
720 6 7 1024 8 7 0.7777777777777778
721 3 9 1024 10 9 1.0
721 5 7 1024 8 7 0.7777777777777778
722 3 9 1024 10 9 1.0
723 2 9 1024 10 9 1.0
723 5 8 1024 9 8 0.8888888888888888
724 2 9 1024 10 9 1.0
725 3 9 1024 10 9 1.0
725 6 8 1024 9 8 0.8888888888888888
726 3 9 1024 10 9 1.0
726 7 5 1024 6 5 0.5555555555555556
726 4 8 1024 9 8 0.8888888888888888
727 5 8 1024 9 8 0.8888888888888888
727 2 9 1024 10 9 1.0
728 5 8 1024 9 8 0.8888888888888888
728 2 9 1024 10 9 1.0
729 2 9 1024 10 9 1.0
729 3 8 1024 9 8 0.8888888888888888
730 5 4 1024 5 4 0.4444444444444444
730 2 9 1024 10 9 1.0
731 2 9 1024 10 9 1.0
731 3 7 1024 8 7 0.7777777777777778
732 4 8 1024 9 8 0.8888888888888888
732 3 9 1024 10 9 1.0
733 6 8 1024 9 8 0.8888888888888888
733 1 9 1024 10 9 1.0
733 7 6 1024 7 6 0.6666666666666666
734 4 8 1024 9 8 0.8888888888888888
734 8 5 1024 6 5 0.5555555555555556
735 1 9 1024 10 9 1.0
735 3 8 1024 9 8 0.8888888888888888
735 4 7 1024 8 7 0.7777777777777778
736 2 9 1024 10 9 1.0
736 6 5 1024 6 5 0.5555555555555556
737 6 7 1024 8 7 0.7777777777777778
737 3 9 1024 10 9 1.0
738 2 9 1024 10 9 1.0
738 5 7 1024 8 7 0.7777777777777778
738 7 4 1024 5 4 0.4444444444444444
739 2 9 1024 10 9 1.0
739 5 8 1024 9 8 0.8888888888888888
740 7 6 1024 7 6 0.6666666666666666
740 3 9 1024 10 9 1.0
741 2 9 1024 10 9 1.0
741 5 8 1024 9 8 0.8888888888888888
742 3 9 1024 10 9 1.0
742 8 8 1024 9 8 0.8888888888888888
743 5 8 1024 9 8 0.8888888888888888
743 3 9 1024 10 9 1.0
744 2 9 1024 10 9 1.0
745 2 9 1024 10 9 1.0
746 5 8 1024 9 8 0.8888888888888888
746 2 9 1024 10 9 1.0
747 7 4 1024 5 4 0.4444444444444444
747 3 9 1024 10 9 1.0
748 2 8 1024 9 8 0.8888888888888888
749 4 8 1024 9 8 0.8888888888888888
749 3 9 1024 10 9 1.0
750 6 8 1024 9 8 0.8888888888888888
750 2 9 1024 10 9 1.0
751 5 8 1024 9 8 0.8888888888888888
751 2 9 1024 10 9 1.0
752 2 9 1024 10 9 1.0
752 8 4 1024 5 4 0.4444444444444444
753 6 8 1024 9 8 0.8888888888888888
753 1 9 1024 10 9 1.0
754 6 8 1024 9 8 0.8888888888888888
754 2 9 1024 10 9 1.0
755 1 9 1024 10 9 1.0
755 4 6 1024 7 6 0.6666666666666666
756 2 9 1024 10 9 1.0
756 5 8 1024 9 8 0.8888888888888888
757 2 9 1024 10 9 1.0
758 1 9 1024 10 9 1.0
758 6 8 1024 9 8 0.8888888888888888
759 4 8 1024 9 8 0.8888888888888888
759 3 9 1024 10 9 1.0
760 3 9 1024 10 9 1.0
761 5 8 1024 9 8 0.8888888888888888
761 1 9 1024 10 9 1.0
762 5 7 1024 8 7 0.7777777777777778
762 3 9 1024 10 9 1.0
763 4 6 1024 7 6 0.6666666666666666
763 1 9 1024 10 9 1.0
764 2 9 1024 10 9 1.0
765 2 9 1024 10 9 1.0
765 7 8 1024 9 8 0.8888888888888888
766 4 9 1024 10 9 1.0
766 6 7 1024 8 7 0.7777777777777778
766 5 8 1024 9 8 0.8888888888888888
767 7 5 1024 6 5 0.5555555555555556
767 5 8 1024 9 8 0.8888888888888888
767 4 9 1024 10 9 1.0
768 5 6 1024 7 6 0.6666666666666666
768 2 9 1024 10 9 1.0
769 6 5 1024 6 5 0.5555555555555556
769 2 8 1024 9 8 0.8888888888888888
770 3 9 1024 10 9 1.0
771 2 9 1024 10 9 1.0
771 5 8 1024 9 8 0.8888888888888888
772 4 9 1024 10 9 1.0
772 7 7 1024 8 7 0.7777777777777778
772 9 6 1024 7 6 0.6666666666666666
772 5 8 1024 9 8 0.8888888888888888
773 3 9 1024 10 9 1.0
774 3 9 1024 10 9 1.0
774 4 8 1024 9 8 0.8888888888888888
775 3 9 1024 10 9 1.0
775 4 8 1024 9 8 0.8888888888888888
776 3 9 1024 10 9 1.0
776 7 7 1024 8 7 0.7777777777777778
777 2 9 1024 10 9 1.0
777 8 8 1024 9 8 0.8888888888888888
778 3 9 1024 10 9 1.0
778 6 3 1024 4 3 0.3333333333333333
779 2 9 1024 10 9 1.0
779 6 6 1024 7 6 0.6666666666666666
780 3 9 1024 10 9 1.0
780 5 8 1024 9 8 0.8888888888888888
781 4 8 1024 9 8 0.8888888888888888
782 2 4 1024 5 4 0.4444444444444444
783 3 9 1024 10 9 1.0
783 5 7 1024 8 7 0.7777777777777778
783 7 4 1024 5 4 0.4444444444444444
784 2 9 1024 10 9 1.0
784 5 8 1024 9 8 0.8888888888888888
785 3 9 1024 10 9 1.0
785 7 5 1024 6 5 0.5555555555555556
785 5 7 1024 8 7 0.7777777777777778
786 4 9 1024 10 9 1.0
787 4 8 1024 9 8 0.8888888888888888
787 2 9 1024 10 9 1.0
788 2 9 1024 10 9 1.0
788 4 8 1024 9 8 0.8888888888888888
789 3 9 1024 10 9 1.0
789 4 5 1024 6 5 0.5555555555555556
790 1 9 1024 10 9 1.0
790 6 8 1024 9 8 0.8888888888888888
791 3 9 1024 10 9 1.0
791 5 8 1024 9 8 0.8888888888888888
792 1 9 1024 10 9 1.0
792 5 8 1024 9 8 0.8888888888888888
793 3 7 1024 8 7 0.7777777777777778
793 5 5 1024 6 5 0.5555555555555556
794 3 9 1024 10 9 1.0
795 1 9 1024 10 9 1.0
795 5 6 1024 7 6 0.6666666666666666
796 4 8 1024 9 8 0.8888888888888888
796 3 9 1024 10 9 1.0
797 2 9 1024 10 9 1.0
797 4 8 1024 9 8 0.8888888888888888
797 6 7 1024 8 7 0.7777777777777778
798 3 9 1024 10 9 1.0
798 6 4 1024 5 4 0.4444444444444444
799 2 9 1024 10 9 1.0
800 3 9 1024 10 9 1.0
801 2 8 1024 9 8 0.8888888888888888
802 3 9 1024 10 9 1.0
802 4 8 1024 9 8 0.8888888888888888
803 4 9 1024 10 9 1.0
803 8 8 1024 9 8 0.8888888888888888
804 3 9 1024 10 9 1.0
804 4 8 1024 9 8 0.8888888888888888
804 5 7 1024 8 7 0.7777777777777778
805 2 9 1024 10 9 1.0
805 5 7 1024 8 7 0.7777777777777778
806 7 8 1024 9 8 0.8888888888888888
806 2 9 1024 10 9 1.0
807 5 8 1024 9 8 0.8888888888888888
807 3 9 1024 10 9 1.0
808 7 7 1024 8 7 0.7777777777777778
808 3 9 1024 10 9 1.0
809 2 9 1024 10 9 1.0
809 6 7 1024 8 7 0.7777777777777778
810 6 5 1024 6 5 0.5555555555555556
810 2 9 1024 10 9 1.0
811 2 9 1024 10 9 1.0
811 3 8 1024 9 8 0.8888888888888888
812 2 9 1024 10 9 1.0
812 4 8 1024 9 8 0.8888888888888888
813 5 8 1024 9 8 0.8888888888888888
813 4 9 1024 10 9 1.0
814 3 9 1024 10 9 1.0
814 4 8 1024 9 8 0.8888888888888888
815 3 9 1024 10 9 1.0
815 5 4 1024 5 4 0.4444444444444444
815 4 5 1024 6 5 0.5555555555555556
816 7 6 1024 7 6 0.6666666666666666
816 3 9 1024 10 9 1.0
817 4 8 1024 9 8 0.8888888888888888
818 4 9 1024 10 9 1.0
818 6 7 1024 8 7 0.7777777777777778
818 5 8 1024 9 8 0.8888888888888888
819 4 8 1024 9 8 0.8888888888888888
819 7 5 1024 6 5 0.5555555555555556
820 2 9 1024 10 9 1.0
820 8 7 1024 8 7 0.7777777777777778
821 5 8 1024 9 8 0.8888888888888888
821 3 9 1024 10 9 1.0
822 2 9 1024 10 9 1.0
823 3 9 1024 10 9 1.0
823 7 8 1024 9 8 0.8888888888888888
824 2 8 1024 9 8 0.8888888888888888
824 6 4 1024 5 4 0.4444444444444444
825 3 8 1024 9 8 0.8888888888888888
825 7 4 1024 5 4 0.4444444444444444
826 4 8 1024 9 8 0.8888888888888888
827 4 8 1024 9 8 0.8888888888888888
827 2 9 1024 10 9 1.0
828 2 9 1024 10 9 1.0
829 2 9 1024 10 9 1.0
830 3 9 1024 10 9 1.0
830 8 7 1024 8 7 0.7777777777777778
831 5 8 1024 9 8 0.8888888888888888
831 4 9 1024 10 9 1.0
832 4 8 1024 9 8 0.8888888888888888
832 2 9 1024 10 9 1.0
833 3 9 1024 10 9 1.0
833 9 8 1024 9 8 0.8888888888888888
834 3 8 1024 9 8 0.8888888888888888
835 2 9 1024 10 9 1.0
835 4 8 1024 9 8 0.8888888888888888
835 5 7 1024 8 7 0.7777777777777778
836 2 9 1024 10 9 1.0
836 3 5 1024 6 5 0.5555555555555556
837 5 8 1024 9 8 0.8888888888888888
837 7 7 1024 8 7 0.7777777777777778
837 2 9 1024 10 9 1.0
838 3 9 1024 10 9 1.0
838 7 8 1024 9 8 0.8888888888888888
839 1 9 1024 10 9 1.0
839 3 8 1024 9 8 0.8888888888888888
840 4 5 1024 6 5 0.5555555555555556
840 1 9 1024 10 9 1.0
841 5 6 1024 7 6 0.6666666666666666
841 1 9 1024 10 9 1.0
842 3 9 1024 10 9 1.0
843 5 7 1024 8 7 0.7777777777777778
843 3 9 1024 10 9 1.0
844 3 8 1024 9 8 0.8888888888888888
845 3 5 1024 6 5 0.5555555555555556
846 3 9 1024 10 9 1.0
846 4 7 1024 8 7 0.7777777777777778
847 5 8 1024 9 8 0.8888888888888888
847 2 9 1024 10 9 1.0
848 2 9 1024 10 9 1.0
848 4 7 1024 8 7 0.7777777777777778
849 3 8 1024 9 8 0.8888888888888888
849 2 9 1024 10 9 1.0
850 7 8 1024 9 8 0.8888888888888888
850 2 9 1024 10 9 1.0
851 1 9 1024 10 9 1.0
852 6 7 1024 8 7 0.7777777777777778
852 2 9 1024 10 9 1.0
853 2 9 1024 10 9 1.0
853 5 7 1024 8 7 0.7777777777777778
854 3 9 1024 10 9 1.0
855 4 8 1024 9 8 0.8888888888888888
856 6 7 1024 8 7 0.7777777777777778
856 4 9 1024 10 9 1.0
857 4 9 1024 10 9 1.0
857 6 7 1024 8 7 0.7777777777777778
858 3 8 1024 9 8 0.8888888888888888
858 1 9 1024 10 9 1.0
858 6 7 1024 8 7 0.7777777777777778
859 3 9 1024 10 9 1.0
859 5 8 1024 9 8 0.8888888888888888
860 3 9 1024 10 9 1.0
861 4 9 1024 10 9 1.0
862 1 9 1024 10 9 1.0
862 4 5 1024 6 5 0.5555555555555556
863 4 5 1024 6 5 0.5555555555555556
863 1 9 1024 10 9 1.0
864 4 4 1024 5 4 0.4444444444444444
865 4 9 1024 10 9 1.0
865 7 8 1024 9 8 0.8888888888888888
866 4 9 1024 10 9 1.0
867 3 9 1024 10 9 1.0
868 3 9 1024 10 9 1.0
869 3 9 1024 10 9 1.0
869 4 8 1024 9 8 0.8888888888888888
870 3 9 1024 10 9 1.0
870 4 7 1024 8 7 0.7777777777777778
871 9 6 1024 7 6 0.6666666666666666
871 4 8 1024 9 8 0.8888888888888888
872 4 8 1024 9 8 0.8888888888888888
872 3 9 1024 10 9 1.0
873 5 8 1024 9 8 0.8888888888888888
873 3 9 1024 10 9 1.0
874 5 8 1024 9 8 0.8888888888888888
874 3 9 1024 10 9 1.0
875 5 8 1024 9 8 0.8888888888888888
875 3 9 1024 10 9 1.0
876 2 9 1024 10 9 1.0
876 4 7 1024 8 7 0.7777777777777778
876 5 5 1024 6 5 0.5555555555555556
877 2 9 1024 10 9 1.0
877 6 8 1024 9 8 0.8888888888888888
878 5 4 1024 5 4 0.4444444444444444
878 3 9 1024 10 9 1.0
878 4 8 1024 9 8 0.8888888888888888
879 2 9 1024 10 9 1.0
879 5 8 1024 9 8 0.8888888888888888
880 2 9 1024 10 9 1.0
881 6 7 1024 8 7 0.7777777777777778
881 2 9 1024 10 9 1.0
882 6 6 1024 7 6 0.6666666666666666
882 8 3 1024 4 3 0.3333333333333333
882 2 9 1024 10 9 1.0
883 5 8 1024 9 8 0.8888888888888888
883 4 9 1024 10 9 1.0
883 6 4 1024 5 4 0.4444444444444444
884 4 8 1024 9 8 0.8888888888888888
885 2 9 1024 10 9 1.0
885 4 8 1024 9 8 0.8888888888888888
886 2 9 1024 10 9 1.0
887 4 8 1024 9 8 0.8888888888888888
887 3 9 1024 10 9 1.0
888 5 8 1024 9 8 0.8888888888888888
888 2 9 1024 10 9 1.0
889 3 9 1024 10 9 1.0
889 5 7 1024 8 7 0.7777777777777778
890 5 5 1024 6 5 0.5555555555555556
890 4 8 1024 9 8 0.8888888888888888
890 3 9 1024 10 9 1.0
891 2 9 1024 10 9 1.0
891 5 8 1024 9 8 0.8888888888888888
892 5 8 1024 9 8 0.8888888888888888
892 3 9 1024 10 9 1.0
893 6 8 1024 9 8 0.8888888888888888
893 8 7 1024 8 7 0.7777777777777778
893 3 9 1024 10 9 1.0
894 5 8 1024 9 8 0.8888888888888888
894 4 9 1024 10 9 1.0
895 3 9 1024 10 9 1.0
896 2 9 1024 10 9 1.0
896 6 4 1024 5 4 0.4444444444444444
897 3 9 1024 10 9 1.0
897 6 8 1024 9 8 0.8888888888888888
898 3 4 1024 5 4 0.4444444444444444
899 2 9 1024 10 9 1.0
899 6 7 1024 8 7 0.7777777777777778
900 3 9 1024 10 9 1.0
900 4 8 1024 9 8 0.8888888888888888
901 5 6 1024 7 6 0.6666666666666666
901 3 9 1024 10 9 1.0
902 2 9 1024 10 9 1.0
903 3 9 1024 10 9 1.0
904 6 6 1024 7 6 0.6666666666666666
904 4 7 1024 8 7 0.7777777777777778
905 3 9 1024 10 9 1.0
906 6 7 1024 8 7 0.7777777777777778
906 2 9 1024 10 9 1.0
907 5 8 1024 9 8 0.8888888888888888
907 1 9 1024 10 9 1.0
908 3 9 1024 10 9 1.0
909 3 7 1024 8 7 0.7777777777777778
910 1 9 1024 10 9 1.0
910 6 5 1024 6 5 0.5555555555555556
911 5 6 1024 7 6 0.6666666666666666
911 3 9 1024 10 9 1.0
912 4 9 1024 10 9 1.0
913 2 9 1024 10 9 1.0
914 3 9 1024 10 9 1.0
915 3 8 1024 9 8 0.8888888888888888
916 3 9 1024 10 9 1.0
916 4 8 1024 9 8 0.8888888888888888
917 3 9 1024 10 9 1.0
917 7 4 1024 5 4 0.4444444444444444
917 5 8 1024 9 8 0.8888888888888888
918 2 9 1024 10 9 1.0
918 7 8 1024 9 8 0.8888888888888888
919 6 8 1024 9 8 0.8888888888888888
919 3 9 1024 10 9 1.0
920 5 8 1024 9 8 0.8888888888888888
920 3 9 1024 10 9 1.0
921 2 9 1024 10 9 1.0
922 3 9 1024 10 9 1.0
922 5 8 1024 9 8 0.8888888888888888
923 2 9 1024 10 9 1.0
923 6 4 1024 5 4 0.4444444444444444
923 3 7 1024 8 7 0.7777777777777778
924 2 9 1024 10 9 1.0
924 5 8 1024 9 8 0.8888888888888888
924 6 7 1024 8 7 0.7777777777777778
925 6 7 1024 8 7 0.7777777777777778
925 2 9 1024 10 9 1.0
925 5 8 1024 9 8 0.8888888888888888
926 5 6 1024 7 6 0.6666666666666666
926 6 5 1024 6 5 0.5555555555555556
926 2 9 1024 10 9 1.0
927 2 8 1024 9 8 0.8888888888888888
928 3 9 1024 10 9 1.0
928 5 7 1024 8 7 0.7777777777777778
929 4 8 1024 9 8 0.8888888888888888
930 4 7 1024 8 7 0.7777777777777778
930 2 9 1024 10 9 1.0
930 6 5 1024 6 5 0.5555555555555556
931 3 9 1024 10 9 1.0
931 5 8 1024 9 8 0.8888888888888888
932 2 9 1024 10 9 1.0
933 2 9 1024 10 9 1.0
933 5 8 1024 9 8 0.8888888888888888
934 7 8 1024 9 8 0.8888888888888888
934 3 9 1024 10 9 1.0
935 3 9 1024 10 9 1.0
936 2 6 1024 7 6 0.6666666666666666
937 2 9 1024 10 9 1.0
937 4 7 1024 8 7 0.7777777777777778
938 5 7 1024 8 7 0.7777777777777778
938 6 6 1024 7 6 0.6666666666666666
939 5 8 1024 9 8 0.8888888888888888
939 2 9 1024 10 9 1.0
940 4 8 1024 9 8 0.8888888888888888
940 2 9 1024 10 9 1.0
941 5 8 1024 9 8 0.8888888888888888
941 3 9 1024 10 9 1.0
942 6 8 1024 9 8 0.8888888888888888
942 3 9 1024 10 9 1.0
943 3 9 1024 10 9 1.0
943 8 4 1024 5 4 0.4444444444444444
944 4 9 1024 10 9 1.0
945 7 5 1024 6 5 0.5555555555555556
945 4 6 1024 7 6 0.6666666666666666
945 3 9 1024 10 9 1.0
946 3 7 1024 8 7 0.7777777777777778
946 6 6 1024 7 6 0.6666666666666666
947 5 8 1024 9 8 0.8888888888888888
947 3 9 1024 10 9 1.0
948 4 7 1024 8 7 0.7777777777777778
949 4 6 1024 7 6 0.6666666666666666
950 3 9 1024 10 9 1.0
950 6 8 1024 9 8 0.8888888888888888
951 3 9 1024 10 9 1.0
952 6 6 1024 7 6 0.6666666666666666
952 5 8 1024 9 8 0.8888888888888888
952 3 9 1024 10 9 1.0
953 7 4 1024 5 4 0.4444444444444444
953 3 9 1024 10 9 1.0
953 5 8 1024 9 8 0.8888888888888888
954 3 9 1024 10 9 1.0
954 5 5 1024 6 5 0.5555555555555556
955 4 6 1024 7 6 0.6666666666666666
955 2 9 1024 10 9 1.0
956 5 7 1024 8 7 0.7777777777777778
956 0 9 1024 10 9 1.0
957 5 6 1024 7 6 0.6666666666666666
957 2 9 1024 10 9 1.0
958 3 9 1024 10 9 1.0
958 7 8 1024 9 8 0.8888888888888888
959 3 9 1024 10 9 1.0
959 4 8 1024 9 8 0.8888888888888888
960 8 6 1024 7 6 0.6666666666666666
960 6 8 1024 9 8 0.8888888888888888
960 2 9 1024 10 9 1.0
961 4 9 1024 10 9 1.0
961 6 7 1024 8 7 0.7777777777777778
962 6 6 1024 7 6 0.6666666666666666
962 4 7 1024 8 7 0.7777777777777778
962 1 9 1024 10 9 1.0
963 4 9 1024 10 9 1.0
964 3 9 1024 10 9 1.0
964 5 8 1024 9 8 0.8888888888888888
965 2 9 1024 10 9 1.0
965 6 8 1024 9 8 0.8888888888888888
966 4 8 1024 9 8 0.8888888888888888
966 2 9 1024 10 9 1.0
967 3 9 1024 10 9 1.0
968 7 7 1024 8 7 0.7777777777777778
968 3 8 1024 9 8 0.8888888888888888
969 4 8 1024 9 8 0.8888888888888888
970 3 9 1024 10 9 1.0
970 5 7 1024 8 7 0.7777777777777778
971 3 9 1024 10 9 1.0
972 3 9 1024 10 9 1.0
972 4 8 1024 9 8 0.8888888888888888
973 2 9 1024 10 9 1.0
973 3 8 1024 9 8 0.8888888888888888
974 2 9 1024 10 9 1.0
974 4 7 1024 8 7 0.7777777777777778
975 7 6 1024 7 6 0.6666666666666666
975 4 9 1024 10 9 1.0
975 9 4 1024 5 4 0.4444444444444444
976 2 9 1024 10 9 1.0
977 2 4 1024 5 4 0.4444444444444444
978 6 6 1024 7 6 0.6666666666666666
978 2 9 1024 10 9 1.0
978 7 5 1024 6 5 0.5555555555555556
979 3 5 1024 6 5 0.5555555555555556
980 3 9 1024 10 9 1.0
981 4 8 1024 9 8 0.8888888888888888
981 3 9 1024 10 9 1.0
982 4 6 1024 7 6 0.6666666666666666
982 2 9 1024 10 9 1.0
983 4 9 1024 10 9 1.0
983 5 6 1024 7 6 0.6666666666666666
984 4 9 1024 10 9 1.0
984 5 7 1024 8 7 0.7777777777777778
984 7 5 1024 6 5 0.5555555555555556
985 2 9 1024 10 9 1.0
985 6 8 1024 9 8 0.8888888888888888
986 3 7 1024 8 7 0.7777777777777778
986 5 5 1024 6 5 0.5555555555555556
987 3 9 1024 10 9 1.0
987 4 8 1024 9 8 0.8888888888888888
988 2 9 1024 10 9 1.0
989 7 3 1024 4 3 0.3333333333333333
989 2 9 1024 10 9 1.0
990 4 9 1024 10 9 1.0
990 5 7 1024 8 7 0.7777777777777778
991 2 9 1024 10 9 1.0
991 4 8 1024 9 8 0.8888888888888888
992 2 9 1024 10 9 1.0
992 3 8 1024 9 8 0.8888888888888888
993 4 7 1024 8 7 0.7777777777777778
994 0 9 1024 10 9 1.0
994 4 8 1024 9 8 0.8888888888888888
995 2 9 1024 10 9 1.0
995 7 8 1024 9 8 0.8888888888888888
996 6 8 1024 9 8 0.8888888888888888
996 3 9 1024 10 9 1.0
997 4 9 1024 10 9 1.0
997 6 4 1024 5 4 0.4444444444444444
998 6 8 1024 9 8 0.8888888888888888
998 1 9 1024 10 9 1.0
999 3 9 1024 10 9 1.0
1000 5 5 1024 6 5 0.5555555555555556
