gen testSuiteSize notKilledMutants number_of_tests no_discount_objective no_equiv_mut_not_killed no_equiv_mut_not_killed_perc
1 3 8.876953125 14 9 6 0.8571428571428571
1 2 9.736328125 30 10 7 1.0
2 5 6.666015625 57 7 4 0.5714285714285714
2 3 9.625 64 10 7 1.0
3 3 7.4921875 104 8 5 0.7142857142857143
4 3 9.47265625 135 10 7 1.0
4 4 9.33984375 169 10 7 1.0
5 3 9.20703125 203 10 7 1.0
6 6 7.171875 212 8 5 0.7142857142857143
6 3 9.07421875 237 10 7 1.0
7 1 9.02734375 249 10 7 1.0
7 7 7.98828125 259 9 6 0.8571428571428571
7 3 8.9609375 266 10 7 1.0
7 4 8.9453125 270 10 7 1.0
7 6 8.92578125 275 10 7 1.0
8 6 7.80078125 307 9 6 0.8571428571428571
8 3 8.78125 312 10 7 1.0
8 5 8.76953125 315 10 7 1.0
9 4 8.66796875 341 10 7 1.0
9 5 8.6328125 350 10 7 1.0
9 6 6.6171875 354 8 5 0.7142857142857143
10 2 8.51953125 379 10 7 1.0
10 4 7.51171875 381 9 6 0.8571428571428571
11 6 7.46484375 393 9 6 0.8571428571428571
11 2 8.42578125 403 10 7 1.0
11 3 8.41796875 405 10 7 1.0
11 4 8.40625 408 10 7 1.0
12 2 8.375 416 10 7 1.0
12 4 8.3203125 430 10 7 1.0
12 6 7.3046875 434 9 6 0.8571428571428571
13 4 6.25390625 447 8 5 0.7142857142857143
13 2 8.17578125 467 10 7 1.0
14 3 8.08203125 491 10 7 1.0
14 6 8.0625 496 10 7 1.0
14 7 8.04296875 501 10 7 1.0
15 3 6.97265625 519 9 6 0.8571428571428571
16 4 5.9140625 534 8 5 0.7142857142857143
16 3 7.88671875 541 10 7 1.0
17 4 5.83984375 553 8 5 0.7142857142857143
17 3 7.828125 556 10 7 1.0
18 3 7.73046875 581 10 7 1.0
18 6 6.72265625 583 9 6 0.8571428571428571
18 5 7.71484375 585 10 7 1.0
19 5 6.68359375 593 9 6 0.8571428571428571
19 2 7.6640625 598 10 7 1.0
19 6 5.66015625 599 8 5 0.7142857142857143
19 3 7.65234375 601 10 7 1.0
20 3 7.59765625 615 10 7 1.0
21 2 7.57421875 621 10 7 1.0
21 8 3.5625 624 6 3 0.42857142857142855
21 4 6.55859375 625 9 6 0.8571428571428571
22 3 7.5 640 10 7 1.0
22 6 3.1162109375 643 5 2 0.2857142857142857
23 4 5.0576171875 663 7 4 0.5714285714285714
23 3 6.037109375 670 8 5 0.7142857142857143
24 2 7.99609375 684 10 7 1.0
24 5 6.984375 688 9 6 0.8571428571428571
25 2 7.984375 688 10 7 1.0
25 3 7.978515625 690 10 7 1.0
25 5 6.931640625 706 9 6 0.8571428571428571
26 2 7.9169921875 711 10 7 1.0
26 5 7.8935546875 719 10 7 1.0
26 8 4.8818359375 723 7 4 0.5714285714285714
26 7 7.8759765625 725 10 7 1.0
27 4 7.8525390625 733 10 7 1.0
27 5 5.84375 736 8 5 0.7142857142857143
28 6 5.826171875 742 8 5 0.7142857142857143
28 4 6.8115234375 747 9 6 0.8571428571428571
29 4 5.7998046875 751 8 5 0.7142857142857143
29 3 7.767578125 762 10 7 1.0
30 3 7.75 768 10 7 1.0
30 4 7.7412109375 771 10 7 1.0
30 5 7.73828125 772 10 7 1.0
31 2 6.7353515625 773 9 6 0.8571428571428571
32 3 7.69140625 788 10 7 1.0
32 5 3.66796875 796 6 3 0.42857142857142855
32 4 7.6650390625 797 10 7 1.0
33 4 6.6298828125 809 9 6 0.8571428571428571
34 4 7.59765625 820 10 7 1.0
35 2 7.5888671875 823 10 7 1.0
35 3 7.580078125 826 10 7 1.0
35 5 7.57421875 828 10 7 1.0
36 6 5.5654296875 831 8 5 0.7142857142857143
36 5 6.5595703125 833 9 6 0.8571428571428571
36 3 7.556640625 834 10 7 1.0
37 7 3.544921875 838 6 3 0.42857142857142855
37 4 5.544921875 838 8 5 0.7142857142857143
37 6 5.533203125 842 8 5 0.7142857142857143
38 2 7.509765625 850 10 7 1.0
38 5 7.498046875 854 10 7 1.0
38 8 7.4921875 856 10 7 1.0
39 4 3.474609375 862 6 3 0.42857142857142855
40 4 6.4453125 872 9 6 0.8571428571428571
41 3 6.43359375 876 9 6 0.8571428571428571
41 1 7.4306640625 877 10 7 1.0
42 2 7.41015625 884 10 7 1.0
42 4 6.404296875 886 9 6 0.8571428571428571
43 1 7.4013671875 887 10 7 1.0
43 2 7.3896484375 891 10 7 1.0
44 5 4.369140625 898 7 4 0.5714285714285714
44 2 7.369140625 898 10 7 1.0
45 7 6.3486328125 905 9 6 0.8571428571428571
45 3 7.3486328125 905 10 7 1.0
46 3 7.3251953125 913 10 7 1.0
47 2 7.322265625 914 10 7 1.0
47 4 6.31640625 916 9 6 0.8571428571428571
48 2 7.3076171875 919 10 7 1.0
48 5 6.3076171875 919 9 6 0.8571428571428571
48 6 6.3017578125 921 9 6 0.8571428571428571
48 3 7.2958984375 923 10 7 1.0
49 4 6.2783203125 929 9 6 0.8571428571428571
50 3 6.2578125 936 9 6 0.8571428571428571
50 2 7.2578125 936 10 7 1.0
51 4 6.2548828125 937 9 6 0.8571428571428571
51 3 7.251953125 938 10 7 1.0
51 7 6.2490234375 939 9 6 0.8571428571428571
52 3 7.234375 944 10 7 1.0
52 5 3.2314453125 945 6 3 0.42857142857142855
52 4 7.228515625 946 10 7 1.0
53 5 6.22265625 948 9 6 0.8571428571428571
53 8 6.2197265625 949 9 6 0.8571428571428571
53 1 7.216796875 950 10 7 1.0
53 2 7.2138671875 951 10 7 1.0
54 2 7.205078125 954 10 7 1.0
54 6 5.2021484375 955 8 5 0.7142857142857143
54 4 7.19921875 956 10 7 1.0
55 3 7.1845703125 961 10 7 1.0
56 3 7.17578125 964 10 7 1.0
56 4 6.1728515625 965 9 6 0.8571428571428571
57 4 6.1640625 968 9 6 0.8571428571428571
57 2 7.1640625 968 10 7 1.0
58 4 7.1611328125 969 10 7 1.0
58 5 3.1611328125 969 6 3 0.42857142857142855
59 3 7.158203125 970 10 7 1.0
60 2 7.1435546875 975 10 7 1.0
61 4 6.140625 976 9 6 0.8571428571428571
62 2 7.1259765625 981 10 7 1.0
62 5 7.123046875 982 10 7 1.0
62 6 5.1201171875 983 8 5 0.7142857142857143
63 2 7.1171875 984 10 7 1.0
63 4 7.1142578125 985 10 7 1.0
64 3 6.1142578125 985 9 6 0.8571428571428571
64 5 5.1142578125 985 8 5 0.7142857142857143
65 4 3.111328125 986 6 3 0.42857142857142855
65 2 7.10546875 988 10 7 1.0
66 5 6.099609375 990 9 6 0.8571428571428571
66 3 7.0966796875 991 10 7 1.0
67 6 6.0966796875 991 9 6 0.8571428571428571
67 7 6.0908203125 993 9 6 0.8571428571428571
67 3 7.0908203125 993 10 7 1.0
68 3 7.0908203125 993 10 7 1.0
69 3 6.087890625 994 9 6 0.8571428571428571
70 1 7.087890625 994 10 7 1.0
70 6 4.087890625 994 7 4 0.5714285714285714
70 4 7.08203125 996 10 7 1.0
71 1 6.08203125 996 9 6 0.8571428571428571
71 6 5.08203125 996 8 5 0.7142857142857143
71 4 6.0732421875 999 9 6 0.8571428571428571
72 2 7.0673828125 1001 10 7 1.0
72 9 3.0673828125 1001 6 3 0.42857142857142855
73 1 7.0673828125 1001 10 7 1.0
73 3 7.064453125 1002 10 7 1.0
74 7 6.0615234375 1003 9 6 0.8571428571428571
74 2 7.0615234375 1003 10 7 1.0
75 6 6.0615234375 1003 9 6 0.8571428571428571
75 2 7.0615234375 1003 10 7 1.0
76 3 5.0615234375 1003 8 5 0.7142857142857143
76 1 7.05859375 1004 10 7 1.0
77 2 7.05859375 1004 10 7 1.0
77 5 5.05859375 1004 8 5 0.7142857142857143
77 4 7.0556640625 1005 10 7 1.0
78 5 3.0556640625 1005 6 3 0.42857142857142855
78 4 6.0556640625 1005 9 6 0.8571428571428571
78 2 7.0498046875 1007 10 7 1.0
79 7 6.0498046875 1007 9 6 0.8571428571428571
79 1 7.0498046875 1007 10 7 1.0
80 2 7.046875 1008 10 7 1.0
80 4 5.046875 1008 8 5 0.7142857142857143
81 3 7.0439453125 1009 10 7 1.0
81 8 7.041015625 1010 10 7 1.0
82 4 3.041015625 1010 6 3 0.42857142857142855
82 2 7.041015625 1010 10 7 1.0
83 3 7.041015625 1010 10 7 1.0
84 2 7.041015625 1010 10 7 1.0
85 2 7.041015625 1010 10 7 1.0
86 2 7.041015625 1010 10 7 1.0
87 5 3.041015625 1010 6 3 0.42857142857142855
87 2 7.041015625 1010 10 7 1.0
88 5 6.041015625 1010 9 6 0.8571428571428571
88 3 7.041015625 1010 10 7 1.0
89 4 6.0380859375 1011 9 6 0.8571428571428571
89 3 7.0380859375 1011 10 7 1.0
90 3 7.0380859375 1011 10 7 1.0
90 4 6.0380859375 1011 9 6 0.8571428571428571
91 4 3.0380859375 1011 6 3 0.42857142857142855
91 2 7.0380859375 1011 10 7 1.0
92 3 7.0380859375 1011 10 7 1.0
92 5 6.0380859375 1011 9 6 0.8571428571428571
92 8 4.0380859375 1011 7 4 0.5714285714285714
93 4 6.0380859375 1011 9 6 0.8571428571428571
93 3 7.03515625 1012 10 7 1.0
94 5 6.03515625 1012 9 6 0.8571428571428571
94 2 7.03515625 1012 10 7 1.0
95 3 7.0322265625 1013 10 7 1.0
95 5 5.0322265625 1013 8 5 0.7142857142857143
96 2 7.0322265625 1013 10 7 1.0
96 5 5.0322265625 1013 8 5 0.7142857142857143
97 3 7.0322265625 1013 10 7 1.0
97 5 5.0322265625 1013 8 5 0.7142857142857143
97 6 5.029296875 1014 8 5 0.7142857142857143
98 5 6.029296875 1014 9 6 0.8571428571428571
98 4 7.029296875 1014 10 7 1.0
99 3 7.029296875 1014 10 7 1.0
100 7 5.029296875 1014 8 5 0.7142857142857143
100 4 6.029296875 1014 9 6 0.8571428571428571
101 2 7.029296875 1014 10 7 1.0
101 3 7.0263671875 1015 10 7 1.0
101 5 6.0263671875 1015 9 6 0.8571428571428571
102 3 7.0263671875 1015 10 7 1.0
102 5 6.0263671875 1015 9 6 0.8571428571428571
103 5 6.0263671875 1015 9 6 0.8571428571428571
103 3 7.0234375 1016 10 7 1.0
104 2 7.0205078125 1017 10 7 1.0
105 2 7.0205078125 1017 10 7 1.0
105 7 6.0205078125 1017 9 6 0.8571428571428571
106 4 6.0205078125 1017 9 6 0.8571428571428571
106 3 7.0205078125 1017 10 7 1.0
107 2 6.0205078125 1017 9 6 0.8571428571428571
108 1 7.0205078125 1017 10 7 1.0
108 4 6.0205078125 1017 9 6 0.8571428571428571
108 6 3.0205078125 1017 6 3 0.42857142857142855
109 2 7.017578125 1018 10 7 1.0
110 3 4.017578125 1018 7 4 0.5714285714285714
110 2 7.017578125 1018 10 7 1.0
111 3 7.017578125 1018 10 7 1.0
111 5 6.017578125 1018 9 6 0.8571428571428571
112 8 4.017578125 1018 7 4 0.5714285714285714
112 3 7.0146484375 1019 10 7 1.0
112 5 6.0146484375 1019 9 6 0.8571428571428571
113 4 7.0146484375 1019 10 7 1.0
113 5 7.01171875 1020 10 7 1.0
114 1 7.01171875 1020 10 7 1.0
114 5 3.01171875 1020 6 3 0.42857142857142855
115 3 7.01171875 1020 10 7 1.0
115 5 4.01171875 1020 7 4 0.5714285714285714
116 2 7.01171875 1020 10 7 1.0
117 2 7.01171875 1020 10 7 1.0
118 7 4.01171875 1020 7 4 0.5714285714285714
118 1 6.01171875 1020 9 6 0.8571428571428571
119 3 7.01171875 1020 10 7 1.0
119 7 5.01171875 1020 8 5 0.7142857142857143
120 2 7.01171875 1020 10 7 1.0
120 6 6.01171875 1020 9 6 0.8571428571428571
121 4 7.01171875 1020 10 7 1.0
121 6 3.01171875 1020 6 3 0.42857142857142855
122 2 7.01171875 1020 10 7 1.0
122 5 5.01171875 1020 8 5 0.7142857142857143
123 4 4.01171875 1020 7 4 0.5714285714285714
123 3 7.0087890625 1021 10 7 1.0
124 4 4.0087890625 1021 7 4 0.5714285714285714
125 5 3.0087890625 1021 6 3 0.42857142857142855
125 4 5.0087890625 1021 8 5 0.7142857142857143
126 3 3.0087890625 1021 6 3 0.42857142857142855
127 2 7.0087890625 1021 10 7 1.0
127 4 6.0087890625 1021 9 6 0.8571428571428571
128 2 7.0087890625 1021 10 7 1.0
128 8 6.0087890625 1021 9 6 0.8571428571428571
128 10 5.0087890625 1021 8 5 0.7142857142857143
129 2 7.0087890625 1021 10 7 1.0
129 4 5.0087890625 1021 8 5 0.7142857142857143
130 3 7.0087890625 1021 10 7 1.0
130 6 5.0087890625 1021 8 5 0.7142857142857143
131 2 7.0087890625 1021 10 7 1.0
131 6 3.0087890625 1021 6 3 0.42857142857142855
132 5 4.0087890625 1021 7 4 0.5714285714285714
132 3 7.0087890625 1021 10 7 1.0
133 5 6.0087890625 1021 9 6 0.8571428571428571
133 3 7.005859375 1022 10 7 1.0
134 2 7.005859375 1022 10 7 1.0
134 6 5.005859375 1022 8 5 0.7142857142857143
134 4 6.005859375 1022 9 6 0.8571428571428571
135 4 7.005859375 1022 10 7 1.0
135 6 5.005859375 1022 8 5 0.7142857142857143
136 2 7.005859375 1022 10 7 1.0
137 3 7.005859375 1022 10 7 1.0
137 5 4.005859375 1022 7 4 0.5714285714285714
138 2 6.005859375 1022 9 6 0.8571428571428571
139 4 6.005859375 1022 9 6 0.8571428571428571
139 3 7.0029296875 1023 10 7 1.0
140 4 5 1024 8 5 0.7142857142857143
140 2 7 1024 10 7 1.0
141 4 4 1024 7 4 0.5714285714285714
141 3 7 1024 10 7 1.0
142 7 5 1024 8 5 0.7142857142857143
142 2 7 1024 10 7 1.0
143 3 7 1024 10 7 1.0
144 4 7 1024 10 7 1.0
145 1 7 1024 10 7 1.0
146 4 5 1024 8 5 0.7142857142857143
146 3 7 1024 10 7 1.0
147 3 7 1024 10 7 1.0
147 7 5 1024 8 5 0.7142857142857143
148 6 6 1024 9 6 0.8571428571428571
148 4 7 1024 10 7 1.0
149 2 7 1024 10 7 1.0
149 8 6 1024 9 6 0.8571428571428571
150 4 3 1024 6 3 0.42857142857142855
151 3 6 1024 9 6 0.8571428571428571
151 2 7 1024 10 7 1.0
152 7 6 1024 9 6 0.8571428571428571
152 3 7 1024 10 7 1.0
153 3 7 1024 10 7 1.0
153 4 6 1024 9 6 0.8571428571428571
154 6 4 1024 7 4 0.5714285714285714
154 4 7 1024 10 7 1.0
154 5 6 1024 9 6 0.8571428571428571
155 6 6 1024 9 6 0.8571428571428571
155 2 7 1024 10 7 1.0
156 4 5 1024 8 5 0.7142857142857143
156 5 3 1024 6 3 0.42857142857142855
156 3 7 1024 10 7 1.0
157 4 7 1024 10 7 1.0
158 3 6 1024 9 6 0.8571428571428571
159 5 5 1024 8 5 0.7142857142857143
159 3 7 1024 10 7 1.0
160 6 6 1024 9 6 0.8571428571428571
160 2 7 1024 10 7 1.0
161 2 7 1024 10 7 1.0
162 2 7 1024 10 7 1.0
162 6 6 1024 9 6 0.8571428571428571
163 3 7 1024 10 7 1.0
163 5 6 1024 9 6 0.8571428571428571
164 2 7 1024 10 7 1.0
165 4 6 1024 9 6 0.8571428571428571
165 6 4 1024 7 4 0.5714285714285714
166 7 5 1024 8 5 0.7142857142857143
166 3 7 1024 10 7 1.0
167 3 6 1024 9 6 0.8571428571428571
168 9 3 1024 6 3 0.42857142857142855
168 3 7 1024 10 7 1.0
168 5 6 1024 9 6 0.8571428571428571
169 4 7 1024 10 7 1.0
170 4 7 1024 10 7 1.0
170 5 6 1024 9 6 0.8571428571428571
171 3 6 1024 9 6 0.8571428571428571
172 1 7 1024 10 7 1.0
172 4 3 1024 6 3 0.42857142857142855
173 2 7 1024 10 7 1.0
173 5 6 1024 9 6 0.8571428571428571
174 4 7 1024 10 7 1.0
174 6 4 1024 7 4 0.5714285714285714
175 4 6 1024 9 6 0.8571428571428571
175 3 7 1024 10 7 1.0
176 1 7 1024 10 7 1.0
176 8 3 1024 6 3 0.42857142857142855
176 7 5 1024 8 5 0.7142857142857143
177 2 7 1024 10 7 1.0
177 7 6 1024 9 6 0.8571428571428571
178 6 3 1024 6 3 0.42857142857142855
178 3 7 1024 10 7 1.0
179 2 7 1024 10 7 1.0
179 4 6 1024 9 6 0.8571428571428571
180 6 6 1024 9 6 0.8571428571428571
180 9 5 1024 8 5 0.7142857142857143
180 2 7 1024 10 7 1.0
181 2 7 1024 10 7 1.0
181 5 4 1024 7 4 0.5714285714285714
182 5 6 1024 9 6 0.8571428571428571
182 4 7 1024 10 7 1.0
183 2 7 1024 10 7 1.0
184 2 7 1024 10 7 1.0
184 4 6 1024 9 6 0.8571428571428571
185 2 7 1024 10 7 1.0
185 5 4 1024 7 4 0.5714285714285714
186 2 7 1024 10 7 1.0
186 3 6 1024 9 6 0.8571428571428571
187 6 6 1024 9 6 0.8571428571428571
187 4 7 1024 10 7 1.0
188 1 7 1024 10 7 1.0
189 3 7 1024 10 7 1.0
189 4 6 1024 9 6 0.8571428571428571
190 3 7 1024 10 7 1.0
190 5 6 1024 9 6 0.8571428571428571
191 6 5 1024 8 5 0.7142857142857143
191 2 7 1024 10 7 1.0
192 2 7 1024 10 7 1.0
193 4 5 1024 8 5 0.7142857142857143
193 6 4 1024 7 4 0.5714285714285714
193 3 7 1024 10 7 1.0
194 3 7 1024 10 7 1.0
194 7 6 1024 9 6 0.8571428571428571
195 5 6 1024 9 6 0.8571428571428571
195 2 7 1024 10 7 1.0
196 4 6 1024 9 6 0.8571428571428571
197 1 7 1024 10 7 1.0
198 4 6 1024 9 6 0.8571428571428571
198 3 7 1024 10 7 1.0
199 1 7 1024 10 7 1.0
199 7 4 1024 7 4 0.5714285714285714
200 7 5 1024 8 5 0.7142857142857143
200 2 7 1024 10 7 1.0
201 2 7 1024 10 7 1.0
202 7 5 1024 8 5 0.7142857142857143
202 2 7 1024 10 7 1.0
202 6 6 1024 9 6 0.8571428571428571
203 2 7 1024 10 7 1.0
203 8 5 1024 8 5 0.7142857142857143
203 6 6 1024 9 6 0.8571428571428571
204 1 7 1024 10 7 1.0
205 5 6 1024 9 6 0.8571428571428571
205 2 7 1024 10 7 1.0
205 7 3 1024 6 3 0.42857142857142855
206 2 7 1024 10 7 1.0
207 3 5 1024 8 5 0.7142857142857143
207 1 7 1024 10 7 1.0
208 2 7 1024 10 7 1.0
208 5 6 1024 9 6 0.8571428571428571
209 3 7 1024 10 7 1.0
209 5 5 1024 8 5 0.7142857142857143
210 3 7 1024 10 7 1.0
211 4 6 1024 9 6 0.8571428571428571
211 2 7 1024 10 7 1.0
212 3 6 1024 9 6 0.8571428571428571
213 4 6 1024 9 6 0.8571428571428571
213 2 7 1024 10 7 1.0
214 3 6 1024 9 6 0.8571428571428571
215 1 7 1024 10 7 1.0
215 9 5 1024 8 5 0.7142857142857143
216 4 7 1024 10 7 1.0
216 5 6 1024 9 6 0.8571428571428571
217 6 6 1024 9 6 0.8571428571428571
217 3 7 1024 10 7 1.0
218 3 7 1024 10 7 1.0
218 5 6 1024 9 6 0.8571428571428571
219 2 7 1024 10 7 1.0
220 7 4 1024 7 4 0.5714285714285714
220 6 6 1024 9 6 0.8571428571428571
220 3 7 1024 10 7 1.0
221 5 6 1024 9 6 0.8571428571428571
221 6 3 1024 6 3 0.42857142857142855
221 4 7 1024 10 7 1.0
222 4 6 1024 9 6 0.8571428571428571
223 3 7 1024 10 7 1.0
223 5 6 1024 9 6 0.8571428571428571
224 3 7 1024 10 7 1.0
224 8 6 1024 9 6 0.8571428571428571
225 5 6 1024 9 6 0.8571428571428571
225 2 7 1024 10 7 1.0
226 6 6 1024 9 6 0.8571428571428571
226 4 7 1024 10 7 1.0
227 3 7 1024 10 7 1.0
228 3 7 1024 10 7 1.0
228 6 6 1024 9 6 0.8571428571428571
229 2 7 1024 10 7 1.0
229 4 6 1024 9 6 0.8571428571428571
230 3 7 1024 10 7 1.0
230 6 6 1024 9 6 0.8571428571428571
231 2 7 1024 10 7 1.0
231 3 5 1024 8 5 0.7142857142857143
232 3 5 1024 8 5 0.7142857142857143
233 2 7 1024 10 7 1.0
234 2 7 1024 10 7 1.0
234 7 6 1024 9 6 0.8571428571428571
235 3 7 1024 10 7 1.0
235 5 6 1024 9 6 0.8571428571428571
236 2 7 1024 10 7 1.0
236 6 5 1024 8 5 0.7142857142857143
237 3 7 1024 10 7 1.0
237 6 6 1024 9 6 0.8571428571428571
238 3 7 1024 10 7 1.0
239 4 7 1024 10 7 1.0
240 4 7 1024 10 7 1.0
240 5 4 1024 7 4 0.5714285714285714
241 2 7 1024 10 7 1.0
241 3 6 1024 9 6 0.8571428571428571
242 3 7 1024 10 7 1.0
243 3 4 1024 7 4 0.5714285714285714
244 1 7 1024 10 7 1.0
244 4 5 1024 8 5 0.7142857142857143
245 4 7 1024 10 7 1.0
245 7 4 1024 7 4 0.5714285714285714
246 7 5 1024 8 5 0.7142857142857143
246 2 7 1024 10 7 1.0
247 1 7 1024 10 7 1.0
247 3 4 1024 7 4 0.5714285714285714
248 3 7 1024 10 7 1.0
248 6 5 1024 8 5 0.7142857142857143
249 3 7 1024 10 7 1.0
249 5 6 1024 9 6 0.8571428571428571
250 5 6 1024 9 6 0.8571428571428571
250 2 7 1024 10 7 1.0
251 3 7 1024 10 7 1.0
251 6 5 1024 8 5 0.7142857142857143
252 7 4 1024 7 4 0.5714285714285714
252 2 7 1024 10 7 1.0
253 8 6 1024 9 6 0.8571428571428571
253 4 7 1024 10 7 1.0
254 9 4 1024 7 4 0.5714285714285714
254 2 7 1024 10 7 1.0
254 3 5 1024 8 5 0.7142857142857143
255 2 7 1024 10 7 1.0
255 6 6 1024 9 6 0.8571428571428571
255 7 4 1024 7 4 0.5714285714285714
256 2 7 1024 10 7 1.0
256 5 6 1024 9 6 0.8571428571428571
257 3 7 1024 10 7 1.0
258 4 6 1024 9 6 0.8571428571428571
258 3 7 1024 10 7 1.0
259 8 5 1024 8 5 0.7142857142857143
259 3 6 1024 9 6 0.8571428571428571
260 1 7 1024 10 7 1.0
261 4 6 1024 9 6 0.8571428571428571
261 2 7 1024 10 7 1.0
262 3 7 1024 10 7 1.0
262 7 3 1024 6 3 0.42857142857142855
263 3 4 1024 7 4 0.5714285714285714
263 2 7 1024 10 7 1.0
264 3 7 1024 10 7 1.0
264 5 5 1024 8 5 0.7142857142857143
265 7 6 1024 9 6 0.8571428571428571
265 3 7 1024 10 7 1.0
266 3 7 1024 10 7 1.0
266 4 6 1024 9 6 0.8571428571428571
267 3 7 1024 10 7 1.0
267 4 3 1024 6 3 0.42857142857142855
268 3 7 1024 10 7 1.0
268 6 5 1024 8 5 0.7142857142857143
269 2 7 1024 10 7 1.0
270 8 6 1024 9 6 0.8571428571428571
270 1 7 1024 10 7 1.0
271 2 6 1024 9 6 0.8571428571428571
272 3 6 1024 9 6 0.8571428571428571
273 3 6 1024 9 6 0.8571428571428571
273 2 7 1024 10 7 1.0
274 3 6 1024 9 6 0.8571428571428571
275 2 7 1024 10 7 1.0
276 6 6 1024 9 6 0.8571428571428571
276 4 7 1024 10 7 1.0
276 7 3 1024 6 3 0.42857142857142855
277 4 7 1024 10 7 1.0
277 5 6 1024 9 6 0.8571428571428571
278 2 7 1024 10 7 1.0
278 5 6 1024 9 6 0.8571428571428571
279 3 7 1024 10 7 1.0
279 6 6 1024 9 6 0.8571428571428571
280 6 5 1024 8 5 0.7142857142857143
280 2 7 1024 10 7 1.0
281 6 3 1024 6 3 0.42857142857142855
281 2 7 1024 10 7 1.0
281 5 6 1024 9 6 0.8571428571428571
282 1 7 1024 10 7 1.0
283 3 7 1024 10 7 1.0
284 1 7 1024 10 7 1.0
285 3 7 1024 10 7 1.0
285 5 6 1024 9 6 0.8571428571428571
286 3 5 1024 8 5 0.7142857142857143
287 4 7 1024 10 7 1.0
287 6 6 1024 9 6 0.8571428571428571
288 1 6 1024 9 6 0.8571428571428571
288 5 5 1024 8 5 0.7142857142857143
289 3 7 1024 10 7 1.0
290 7 2 1024 5 2 0.2857142857142857
290 2 7 1024 10 7 1.0
290 5 4 1024 7 4 0.5714285714285714
291 2 7 1024 10 7 1.0
291 5 6 1024 9 6 0.8571428571428571
292 2 5 1024 8 5 0.7142857142857143
293 4 5 1024 8 5 0.7142857142857143
293 2 7 1024 10 7 1.0
294 3 7 1024 10 7 1.0
294 7 4 1024 7 4 0.5714285714285714
295 3 7 1024 10 7 1.0
295 4 4 1024 7 4 0.5714285714285714
295 5 3 1024 6 3 0.42857142857142855
296 3 7 1024 10 7 1.0
297 3 7 1024 10 7 1.0
297 6 6 1024 9 6 0.8571428571428571
298 5 4 1024 7 4 0.5714285714285714
298 4 6 1024 9 6 0.8571428571428571
299 4 5 1024 8 5 0.7142857142857143
299 5 4 1024 7 4 0.5714285714285714
299 2 7 1024 10 7 1.0
300 3 7 1024 10 7 1.0
300 7 6 1024 9 6 0.8571428571428571
301 2 6 1024 9 6 0.8571428571428571
302 1 7 1024 10 7 1.0
303 4 6 1024 9 6 0.8571428571428571
304 4 6 1024 9 6 0.8571428571428571
304 2 7 1024 10 7 1.0
305 2 7 1024 10 7 1.0
305 6 6 1024 9 6 0.8571428571428571
306 7 6 1024 9 6 0.8571428571428571
306 2 7 1024 10 7 1.0
307 3 7 1024 10 7 1.0
308 3 3 1024 6 3 0.42857142857142855
308 1 7 1024 10 7 1.0
309 3 7 1024 10 7 1.0
309 4 6 1024 9 6 0.8571428571428571
310 4 7 1024 10 7 1.0
310 6 6 1024 9 6 0.8571428571428571
310 8 3 1024 6 3 0.42857142857142855
311 3 7 1024 10 7 1.0
312 4 7 1024 10 7 1.0
312 7 4 1024 7 4 0.5714285714285714
313 5 6 1024 9 6 0.8571428571428571
313 3 7 1024 10 7 1.0
314 4 6 1024 9 6 0.8571428571428571
314 3 7 1024 10 7 1.0
315 4 6 1024 9 6 0.8571428571428571
315 2 7 1024 10 7 1.0
316 7 5 1024 8 5 0.7142857142857143
316 3 6 1024 9 6 0.8571428571428571
317 4 6 1024 9 6 0.8571428571428571
318 4 3 1024 6 3 0.42857142857142855
319 3 7 1024 10 7 1.0
320 2 7 1024 10 7 1.0
320 6 6 1024 9 6 0.8571428571428571
321 9 5 1024 8 5 0.7142857142857143
321 6 6 1024 9 6 0.8571428571428571
321 3 7 1024 10 7 1.0
322 5 6 1024 9 6 0.8571428571428571
322 2 7 1024 10 7 1.0
323 5 6 1024 9 6 0.8571428571428571
323 3 7 1024 10 7 1.0
323 6 4 1024 7 4 0.5714285714285714
324 6 4 1024 7 4 0.5714285714285714
324 2 7 1024 10 7 1.0
325 3 7 1024 10 7 1.0
325 7 6 1024 9 6 0.8571428571428571
326 3 7 1024 10 7 1.0
326 5 4 1024 7 4 0.5714285714285714
327 6 5 1024 8 5 0.7142857142857143
327 2 7 1024 10 7 1.0
328 6 4 1024 7 4 0.5714285714285714
328 3 6 1024 9 6 0.8571428571428571
329 2 7 1024 10 7 1.0
329 4 3 1024 6 3 0.42857142857142855
330 4 7 1024 10 7 1.0
331 6 3 1024 6 3 0.42857142857142855
331 4 7 1024 10 7 1.0
332 4 4 1024 7 4 0.5714285714285714
333 2 7 1024 10 7 1.0
333 8 6 1024 9 6 0.8571428571428571
334 5 6 1024 9 6 0.8571428571428571
334 2 7 1024 10 7 1.0
335 3 7 1024 10 7 1.0
335 6 6 1024 9 6 0.8571428571428571
336 3 2 1024 5 2 0.2857142857142857
337 4 6 1024 9 6 0.8571428571428571
337 2 7 1024 10 7 1.0
337 6 3 1024 6 3 0.42857142857142855
338 2 7 1024 10 7 1.0
338 6 6 1024 9 6 0.8571428571428571
339 4 5 1024 8 5 0.7142857142857143
339 2 7 1024 10 7 1.0
340 4 6 1024 9 6 0.8571428571428571
340 3 7 1024 10 7 1.0
341 2 3 1024 6 3 0.42857142857142855
342 3 6 1024 9 6 0.8571428571428571
343 3 6 1024 9 6 0.8571428571428571
343 2 7 1024 10 7 1.0
344 4 4 1024 7 4 0.5714285714285714
345 7 3 1024 6 3 0.42857142857142855
345 3 7 1024 10 7 1.0
346 3 7 1024 10 7 1.0
346 6 5 1024 8 5 0.7142857142857143
347 2 7 1024 10 7 1.0
347 7 4 1024 7 4 0.5714285714285714
348 5 3 1024 6 3 0.42857142857142855
348 3 7 1024 10 7 1.0
349 7 6 1024 9 6 0.8571428571428571
349 2 7 1024 10 7 1.0
350 2 7 1024 10 7 1.0
350 4 6 1024 9 6 0.8571428571428571
351 3 7 1024 10 7 1.0
351 4 6 1024 9 6 0.8571428571428571
352 3 6 1024 9 6 0.8571428571428571
353 4 3 1024 6 3 0.42857142857142855
353 2 7 1024 10 7 1.0
354 4 7 1024 10 7 1.0
354 5 6 1024 9 6 0.8571428571428571
355 2 7 1024 10 7 1.0
355 5 6 1024 9 6 0.8571428571428571
356 4 6 1024 9 6 0.8571428571428571
356 2 7 1024 10 7 1.0
356 6 5 1024 8 5 0.7142857142857143
357 7 6 1024 9 6 0.8571428571428571
357 2 7 1024 10 7 1.0
358 3 7 1024 10 7 1.0
358 5 6 1024 9 6 0.8571428571428571
359 3 7 1024 10 7 1.0
359 4 5 1024 8 5 0.7142857142857143
360 4 5 1024 8 5 0.7142857142857143
361 3 7 1024 10 7 1.0
362 5 6 1024 9 6 0.8571428571428571
362 4 7 1024 10 7 1.0
362 7 5 1024 8 5 0.7142857142857143
363 6 4 1024 7 4 0.5714285714285714
363 3 7 1024 10 7 1.0
364 3 7 1024 10 7 1.0
365 4 6 1024 9 6 0.8571428571428571
366 3 5 1024 8 5 0.7142857142857143
367 2 7 1024 10 7 1.0
368 2 7 1024 10 7 1.0
368 7 5 1024 8 5 0.7142857142857143
368 5 6 1024 9 6 0.8571428571428571
369 9 6 1024 9 6 0.8571428571428571
369 3 7 1024 10 7 1.0
370 4 6 1024 9 6 0.8571428571428571
371 4 6 1024 9 6 0.8571428571428571
371 2 7 1024 10 7 1.0
372 5 6 1024 9 6 0.8571428571428571
372 3 7 1024 10 7 1.0
373 2 7 1024 10 7 1.0
374 4 7 1024 10 7 1.0
374 5 6 1024 9 6 0.8571428571428571
375 4 7 1024 10 7 1.0
375 7 4 1024 7 4 0.5714285714285714
376 3 7 1024 10 7 1.0
376 6 3 1024 6 3 0.42857142857142855
377 4 3 1024 6 3 0.42857142857142855
378 1 7 1024 10 7 1.0
378 4 6 1024 9 6 0.8571428571428571
378 5 5 1024 8 5 0.7142857142857143
379 7 3 1024 6 3 0.42857142857142855
379 3 5 1024 8 5 0.7142857142857143
380 4 7 1024 10 7 1.0
380 5 6 1024 9 6 0.8571428571428571
381 2 7 1024 10 7 1.0
381 5 6 1024 9 6 0.8571428571428571
382 2 7 1024 10 7 1.0
383 5 6 1024 9 6 0.8571428571428571
383 1 7 1024 10 7 1.0
383 6 5 1024 8 5 0.7142857142857143
384 5 5 1024 8 5 0.7142857142857143
384 3 7 1024 10 7 1.0
385 6 6 1024 9 6 0.8571428571428571
385 2 7 1024 10 7 1.0
386 2 7 1024 10 7 1.0
386 7 6 1024 9 6 0.8571428571428571
387 3 7 1024 10 7 1.0
388 1 7 1024 10 7 1.0
389 5 6 1024 9 6 0.8571428571428571
390 6 6 1024 9 6 0.8571428571428571
390 3 7 1024 10 7 1.0
391 4 6 1024 9 6 0.8571428571428571
391 2 7 1024 10 7 1.0
392 3 7 1024 10 7 1.0
393 4 6 1024 9 6 0.8571428571428571
393 2 7 1024 10 7 1.0
393 6 5 1024 8 5 0.7142857142857143
394 4 7 1024 10 7 1.0
394 8 6 1024 9 6 0.8571428571428571
395 2 7 1024 10 7 1.0
395 4 6 1024 9 6 0.8571428571428571
396 0 7 1024 10 7 1.0
396 5 5 1024 8 5 0.7142857142857143
397 3 7 1024 10 7 1.0
397 4 6 1024 9 6 0.8571428571428571
397 7 3 1024 6 3 0.42857142857142855
398 2 7 1024 10 7 1.0
398 5 6 1024 9 6 0.8571428571428571
398 6 5 1024 8 5 0.7142857142857143
399 2 7 1024 10 7 1.0
399 4 6 1024 9 6 0.8571428571428571
400 3 7 1024 10 7 1.0
400 4 6 1024 9 6 0.8571428571428571
401 3 7 1024 10 7 1.0
401 6 4 1024 7 4 0.5714285714285714
402 2 7 1024 10 7 1.0
402 7 5 1024 8 5 0.7142857142857143
403 3 6 1024 9 6 0.8571428571428571
404 4 3 1024 6 3 0.42857142857142855
404 3 7 1024 10 7 1.0
405 5 6 1024 9 6 0.8571428571428571
405 3 7 1024 10 7 1.0
406 4 6 1024 9 6 0.8571428571428571
407 4 6 1024 9 6 0.8571428571428571
407 1 7 1024 10 7 1.0
408 0 7 1024 10 7 1.0
408 4 3 1024 6 3 0.42857142857142855
409 3 5 1024 8 5 0.7142857142857143
410 3 7 1024 10 7 1.0
411 5 5 1024 8 5 0.7142857142857143
411 2 7 1024 10 7 1.0
412 3 7 1024 10 7 1.0
412 6 3 1024 6 3 0.42857142857142855
413 3 5 1024 8 5 0.7142857142857143
414 6 5 1024 8 5 0.7142857142857143
414 2 7 1024 10 7 1.0
415 3 7 1024 10 7 1.0
416 4 7 1024 10 7 1.0
416 5 5 1024 8 5 0.7142857142857143
417 3 7 1024 10 7 1.0
418 2 7 1024 10 7 1.0
418 6 6 1024 9 6 0.8571428571428571
419 4 6 1024 9 6 0.8571428571428571
419 5 3 1024 6 3 0.42857142857142855
419 1 7 1024 10 7 1.0
420 2 7 1024 10 7 1.0
421 3 7 1024 10 7 1.0
421 5 5 1024 8 5 0.7142857142857143
422 3 7 1024 10 7 1.0
422 4 4 1024 7 4 0.5714285714285714
423 3 7 1024 10 7 1.0
423 5 4 1024 7 4 0.5714285714285714
424 3 7 1024 10 7 1.0
424 4 5 1024 8 5 0.7142857142857143
425 2 7 1024 10 7 1.0
425 6 5 1024 8 5 0.7142857142857143
426 4 7 1024 10 7 1.0
426 6 6 1024 9 6 0.8571428571428571
427 3 5 1024 8 5 0.7142857142857143
428 6 3 1024 6 3 0.42857142857142855
428 2 7 1024 10 7 1.0
428 3 6 1024 9 6 0.8571428571428571
429 6 4 1024 7 4 0.5714285714285714
429 3 7 1024 10 7 1.0
430 3 7 1024 10 7 1.0
431 2 7 1024 10 7 1.0
432 7 6 1024 9 6 0.8571428571428571
432 4 7 1024 10 7 1.0
433 2 7 1024 10 7 1.0
434 2 7 1024 10 7 1.0
434 6 3 1024 6 3 0.42857142857142855
435 3 7 1024 10 7 1.0
435 4 5 1024 8 5 0.7142857142857143
436 7 5 1024 8 5 0.7142857142857143
436 4 6 1024 9 6 0.8571428571428571
437 2 6 1024 9 6 0.8571428571428571
438 3 7 1024 10 7 1.0
438 5 6 1024 9 6 0.8571428571428571
439 1 7 1024 10 7 1.0
440 3 7 1024 10 7 1.0
440 4 6 1024 9 6 0.8571428571428571
441 5 6 1024 9 6 0.8571428571428571
441 3 7 1024 10 7 1.0
442 3 7 1024 10 7 1.0
442 6 5 1024 8 5 0.7142857142857143
443 2 7 1024 10 7 1.0
443 5 6 1024 9 6 0.8571428571428571
444 5 5 1024 8 5 0.7142857142857143
444 4 6 1024 9 6 0.8571428571428571
445 3 7 1024 10 7 1.0
445 4 6 1024 9 6 0.8571428571428571
446 5 7 1024 10 7 1.0
447 3 7 1024 10 7 1.0
447 5 3 1024 6 3 0.42857142857142855
448 8 5 1024 8 5 0.7142857142857143
448 6 6 1024 9 6 0.8571428571428571
448 3 7 1024 10 7 1.0
449 4 7 1024 10 7 1.0
449 6 6 1024 9 6 0.8571428571428571
450 4 7 1024 10 7 1.0
451 6 4 1024 7 4 0.5714285714285714
451 2 7 1024 10 7 1.0
452 5 5 1024 8 5 0.7142857142857143
452 2 7 1024 10 7 1.0
453 3 7 1024 10 7 1.0
453 5 6 1024 9 6 0.8571428571428571
454 4 5 1024 8 5 0.7142857142857143
454 3 6 1024 9 6 0.8571428571428571
454 1 7 1024 10 7 1.0
455 3 7 1024 10 7 1.0
456 2 7 1024 10 7 1.0
457 3 6 1024 9 6 0.8571428571428571
457 2 7 1024 10 7 1.0
458 2 7 1024 10 7 1.0
458 3 6 1024 9 6 0.8571428571428571
458 5 3 1024 6 3 0.42857142857142855
459 6 4 1024 7 4 0.5714285714285714
459 2 7 1024 10 7 1.0
460 2 7 1024 10 7 1.0
460 4 4 1024 7 4 0.5714285714285714
461 3 7 1024 10 7 1.0
462 4 5 1024 8 5 0.7142857142857143
462 3 7 1024 10 7 1.0
463 3 7 1024 10 7 1.0
463 6 6 1024 9 6 0.8571428571428571
464 4 5 1024 8 5 0.7142857142857143
464 3 7 1024 10 7 1.0
465 2 7 1024 10 7 1.0
465 6 4 1024 7 4 0.5714285714285714
466 2 7 1024 10 7 1.0
466 3 4 1024 7 4 0.5714285714285714
467 7 6 1024 9 6 0.8571428571428571
467 3 7 1024 10 7 1.0
468 5 5 1024 8 5 0.7142857142857143
468 3 7 1024 10 7 1.0
469 2 7 1024 10 7 1.0
469 4 6 1024 9 6 0.8571428571428571
469 5 3 1024 6 3 0.42857142857142855
470 4 4 1024 7 4 0.5714285714285714
470 3 7 1024 10 7 1.0
471 6 3 1024 6 3 0.42857142857142855
471 4 6 1024 9 6 0.8571428571428571
472 6 6 1024 9 6 0.8571428571428571
472 2 7 1024 10 7 1.0
473 2 7 1024 10 7 1.0
473 4 6 1024 9 6 0.8571428571428571
474 2 7 1024 10 7 1.0
475 7 5 1024 8 5 0.7142857142857143
475 1 7 1024 10 7 1.0
475 5 6 1024 9 6 0.8571428571428571
476 2 7 1024 10 7 1.0
476 6 5 1024 8 5 0.7142857142857143
476 3 6 1024 9 6 0.8571428571428571
477 4 5 1024 8 5 0.7142857142857143
477 2 7 1024 10 7 1.0
477 5 4 1024 7 4 0.5714285714285714
478 3 7 1024 10 7 1.0
478 5 5 1024 8 5 0.7142857142857143
479 1 7 1024 10 7 1.0
480 3 7 1024 10 7 1.0
480 5 6 1024 9 6 0.8571428571428571
481 4 6 1024 9 6 0.8571428571428571
481 1 7 1024 10 7 1.0
482 2 7 1024 10 7 1.0
483 5 6 1024 9 6 0.8571428571428571
483 3 7 1024 10 7 1.0
484 1 7 1024 10 7 1.0
484 6 6 1024 9 6 0.8571428571428571
485 5 6 1024 9 6 0.8571428571428571
485 6 3 1024 6 3 0.42857142857142855
485 3 7 1024 10 7 1.0
486 4 7 1024 10 7 1.0
486 5 4 1024 7 4 0.5714285714285714
487 4 7 1024 10 7 1.0
488 3 7 1024 10 7 1.0
488 4 5 1024 8 5 0.7142857142857143
489 2 7 1024 10 7 1.0
490 8 6 1024 9 6 0.8571428571428571
490 2 7 1024 10 7 1.0
491 2 7 1024 10 7 1.0
492 2 7 1024 10 7 1.0
492 5 5 1024 8 5 0.7142857142857143
493 3 7 1024 10 7 1.0
493 5 6 1024 9 6 0.8571428571428571
494 6 3 1024 6 3 0.42857142857142855
494 3 7 1024 10 7 1.0
495 1 7 1024 10 7 1.0
496 3 6 1024 9 6 0.8571428571428571
497 3 7 1024 10 7 1.0
498 2 7 1024 10 7 1.0
498 6 4 1024 7 4 0.5714285714285714
498 4 5 1024 8 5 0.7142857142857143
498 3 6 1024 9 6 0.8571428571428571
499 3 7 1024 10 7 1.0
499 6 6 1024 9 6 0.8571428571428571
500 4 4 1024 7 4 0.5714285714285714
500 3 7 1024 10 7 1.0
501 5 5 1024 8 5 0.7142857142857143
501 4 6 1024 9 6 0.8571428571428571
501 2 7 1024 10 7 1.0
502 3 7 1024 10 7 1.0
502 5 6 1024 9 6 0.8571428571428571
503 3 7 1024 10 7 1.0
504 3 4 1024 7 4 0.5714285714285714
505 3 7 1024 10 7 1.0
505 7 6 1024 9 6 0.8571428571428571
506 4 7 1024 10 7 1.0
507 3 7 1024 10 7 1.0
507 4 6 1024 9 6 0.8571428571428571
508 4 5 1024 8 5 0.7142857142857143
508 2 7 1024 10 7 1.0
509 7 3 1024 6 3 0.42857142857142855
509 3 7 1024 10 7 1.0
509 5 6 1024 9 6 0.8571428571428571
510 2 7 1024 10 7 1.0
511 3 6 1024 9 6 0.8571428571428571
512 2 7 1024 10 7 1.0
512 5 6 1024 9 6 0.8571428571428571
513 2 7 1024 10 7 1.0
513 5 4 1024 7 4 0.5714285714285714
514 4 4 1024 7 4 0.5714285714285714
514 3 5 1024 8 5 0.7142857142857143
515 3 7 1024 10 7 1.0
515 5 6 1024 9 6 0.8571428571428571
516 7 6 1024 9 6 0.8571428571428571
516 2 7 1024 10 7 1.0
517 3 7 1024 10 7 1.0
518 3 7 1024 10 7 1.0
518 7 3 1024 6 3 0.42857142857142855
519 4 6 1024 9 6 0.8571428571428571
519 2 7 1024 10 7 1.0
519 6 3 1024 6 3 0.42857142857142855
520 1 7 1024 10 7 1.0
521 3 7 1024 10 7 1.0
521 6 5 1024 8 5 0.7142857142857143
522 4 3 1024 6 3 0.42857142857142855
523 3 7 1024 10 7 1.0
523 6 3 1024 6 3 0.42857142857142855
524 7 4 1024 7 4 0.5714285714285714
524 3 7 1024 10 7 1.0
525 3 4 1024 7 4 0.5714285714285714
526 4 7 1024 10 7 1.0
526 5 6 1024 9 6 0.8571428571428571
526 6 4 1024 7 4 0.5714285714285714
527 6 5 1024 8 5 0.7142857142857143
527 2 7 1024 10 7 1.0
528 4 7 1024 10 7 1.0
529 4 7 1024 10 7 1.0
530 3 6 1024 9 6 0.8571428571428571
530 8 4 1024 7 4 0.5714285714285714
531 2 7 1024 10 7 1.0
532 6 3 1024 6 3 0.42857142857142855
532 4 7 1024 10 7 1.0
533 2 7 1024 10 7 1.0
534 6 6 1024 9 6 0.8571428571428571
534 1 7 1024 10 7 1.0
535 3 7 1024 10 7 1.0
536 5 6 1024 9 6 0.8571428571428571
536 2 7 1024 10 7 1.0
537 6 5 1024 8 5 0.7142857142857143
537 2 7 1024 10 7 1.0
538 2 7 1024 10 7 1.0
539 2 5 1024 8 5 0.7142857142857143
540 5 6 1024 9 6 0.8571428571428571
540 3 7 1024 10 7 1.0
541 2 7 1024 10 7 1.0
542 2 7 1024 10 7 1.0
543 3 6 1024 9 6 0.8571428571428571
544 2 7 1024 10 7 1.0
545 2 7 1024 10 7 1.0
546 5 4 1024 7 4 0.5714285714285714
546 2 7 1024 10 7 1.0
547 5 3 1024 6 3 0.42857142857142855
547 3 7 1024 10 7 1.0
548 3 7 1024 10 7 1.0
549 3 7 1024 10 7 1.0
550 3 7 1024 10 7 1.0
550 9 2 1024 5 2 0.2857142857142857
550 5 5 1024 8 5 0.7142857142857143
551 6 6 1024 9 6 0.8571428571428571
551 3 7 1024 10 7 1.0
552 2 6 1024 9 6 0.8571428571428571
553 7 4 1024 7 4 0.5714285714285714
553 3 7 1024 10 7 1.0
554 1 7 1024 10 7 1.0
555 2 7 1024 10 7 1.0
556 4 6 1024 9 6 0.8571428571428571
556 3 7 1024 10 7 1.0
557 5 4 1024 7 4 0.5714285714285714
557 2 7 1024 10 7 1.0
558 4 6 1024 9 6 0.8571428571428571
558 3 7 1024 10 7 1.0
559 1 7 1024 10 7 1.0
560 3 7 1024 10 7 1.0
560 7 4 1024 7 4 0.5714285714285714
561 4 7 1024 10 7 1.0
561 5 6 1024 9 6 0.8571428571428571
562 3 6 1024 9 6 0.8571428571428571
563 4 7 1024 10 7 1.0
563 6 6 1024 9 6 0.8571428571428571
564 4 6 1024 9 6 0.8571428571428571
565 5 6 1024 9 6 0.8571428571428571
565 2 7 1024 10 7 1.0
566 3 7 1024 10 7 1.0
566 5 6 1024 9 6 0.8571428571428571
567 5 6 1024 9 6 0.8571428571428571
567 2 7 1024 10 7 1.0
568 2 7 1024 10 7 1.0
568 4 6 1024 9 6 0.8571428571428571
569 1 7 1024 10 7 1.0
569 8 6 1024 9 6 0.8571428571428571
570 2 7 1024 10 7 1.0
570 3 6 1024 9 6 0.8571428571428571
571 6 6 1024 9 6 0.8571428571428571
571 3 7 1024 10 7 1.0
572 2 7 1024 10 7 1.0
573 2 6 1024 9 6 0.8571428571428571
574 5 5 1024 8 5 0.7142857142857143
574 2 7 1024 10 7 1.0
575 4 7 1024 10 7 1.0
576 3 7 1024 10 7 1.0
576 6 4 1024 7 4 0.5714285714285714
577 2 7 1024 10 7 1.0
577 9 5 1024 8 5 0.7142857142857143
578 5 4 1024 7 4 0.5714285714285714
578 4 7 1024 10 7 1.0
579 3 7 1024 10 7 1.0
580 3 7 1024 10 7 1.0
580 5 6 1024 9 6 0.8571428571428571
581 3 7 1024 10 7 1.0
581 7 5 1024 8 5 0.7142857142857143
582 4 4 1024 7 4 0.5714285714285714
582 2 7 1024 10 7 1.0
583 3 7 1024 10 7 1.0
584 6 5 1024 8 5 0.7142857142857143
584 5 6 1024 9 6 0.8571428571428571
584 3 7 1024 10 7 1.0
585 1 7 1024 10 7 1.0
586 3 7 1024 10 7 1.0
587 4 6 1024 9 6 0.8571428571428571
588 1 7 1024 10 7 1.0
589 2 7 1024 10 7 1.0
589 5 6 1024 9 6 0.8571428571428571
590 8 5 1024 8 5 0.7142857142857143
590 6 6 1024 9 6 0.8571428571428571
590 3 7 1024 10 7 1.0
591 4 5 1024 8 5 0.7142857142857143
591 3 7 1024 10 7 1.0
592 4 7 1024 10 7 1.0
592 6 5 1024 8 5 0.7142857142857143
593 1 7 1024 10 7 1.0
593 2 6 1024 9 6 0.8571428571428571
593 5 5 1024 8 5 0.7142857142857143
594 2 7 1024 10 7 1.0
595 4 6 1024 9 6 0.8571428571428571
595 3 7 1024 10 7 1.0
596 3 7 1024 10 7 1.0
597 4 6 1024 9 6 0.8571428571428571
597 2 7 1024 10 7 1.0
598 3 7 1024 10 7 1.0
599 1 7 1024 10 7 1.0
599 3 6 1024 9 6 0.8571428571428571
600 3 7 1024 10 7 1.0
601 3 7 1024 10 7 1.0
601 5 6 1024 9 6 0.8571428571428571
602 3 7 1024 10 7 1.0
602 8 5 1024 8 5 0.7142857142857143
602 6 6 1024 9 6 0.8571428571428571
603 4 7 1024 10 7 1.0
603 6 6 1024 9 6 0.8571428571428571
604 2 7 1024 10 7 1.0
605 4 7 1024 10 7 1.0
605 6 5 1024 8 5 0.7142857142857143
606 3 7 1024 10 7 1.0
606 6 6 1024 9 6 0.8571428571428571
607 3 7 1024 10 7 1.0
607 6 6 1024 9 6 0.8571428571428571
608 3 7 1024 10 7 1.0
609 4 3 1024 6 3 0.42857142857142855
609 2 7 1024 10 7 1.0
610 2 7 1024 10 7 1.0
611 3 6 1024 9 6 0.8571428571428571
612 2 7 1024 10 7 1.0
612 5 6 1024 9 6 0.8571428571428571
612 7 3 1024 6 3 0.42857142857142855
613 2 6 1024 9 6 0.8571428571428571
614 2 7 1024 10 7 1.0
614 5 6 1024 9 6 0.8571428571428571
615 4 6 1024 9 6 0.8571428571428571
615 2 7 1024 10 7 1.0
615 5 5 1024 8 5 0.7142857142857143
616 3 6 1024 9 6 0.8571428571428571
617 6 6 1024 9 6 0.8571428571428571
617 3 7 1024 10 7 1.0
618 4 7 1024 10 7 1.0
618 7 5 1024 8 5 0.7142857142857143
619 4 6 1024 9 6 0.8571428571428571
619 6 4 1024 7 4 0.5714285714285714
619 3 7 1024 10 7 1.0
620 3 7 1024 10 7 1.0
620 4 6 1024 9 6 0.8571428571428571
620 5 5 1024 8 5 0.7142857142857143
621 3 7 1024 10 7 1.0
621 4 5 1024 8 5 0.7142857142857143
622 4 6 1024 9 6 0.8571428571428571
622 1 7 1024 10 7 1.0
623 2 7 1024 10 7 1.0
624 1 7 1024 10 7 1.0
625 2 7 1024 10 7 1.0
626 1 7 1024 10 7 1.0
626 4 5 1024 8 5 0.7142857142857143
627 4 7 1024 10 7 1.0
628 3 7 1024 10 7 1.0
628 7 5 1024 8 5 0.7142857142857143
629 2 7 1024 10 7 1.0
629 5 4 1024 7 4 0.5714285714285714
630 3 7 1024 10 7 1.0
630 6 6 1024 9 6 0.8571428571428571
631 5 5 1024 8 5 0.7142857142857143
631 2 7 1024 10 7 1.0
632 6 6 1024 9 6 0.8571428571428571
632 4 7 1024 10 7 1.0
632 7 5 1024 8 5 0.7142857142857143
633 8 5 1024 8 5 0.7142857142857143
633 2 7 1024 10 7 1.0
634 9 5 1024 8 5 0.7142857142857143
634 3 7 1024 10 7 1.0
634 4 6 1024 9 6 0.8571428571428571
635 0 7 1024 10 7 1.0
635 4 6 1024 9 6 0.8571428571428571
636 2 7 1024 10 7 1.0
636 3 6 1024 9 6 0.8571428571428571
636 5 4 1024 7 4 0.5714285714285714
637 9 5 1024 8 5 0.7142857142857143
637 2 7 1024 10 7 1.0
637 5 6 1024 9 6 0.8571428571428571
638 4 7 1024 10 7 1.0
639 4 6 1024 9 6 0.8571428571428571
639 3 7 1024 10 7 1.0
640 3 7 1024 10 7 1.0
641 5 4 1024 7 4 0.5714285714285714
641 4 6 1024 9 6 0.8571428571428571
642 4 6 1024 9 6 0.8571428571428571
643 5 3 1024 6 3 0.42857142857142855
643 2 7 1024 10 7 1.0
644 3 7 1024 10 7 1.0
644 4 4 1024 7 4 0.5714285714285714
645 3 7 1024 10 7 1.0
646 4 7 1024 10 7 1.0
646 7 5 1024 8 5 0.7142857142857143
646 5 6 1024 9 6 0.8571428571428571
647 7 6 1024 9 6 0.8571428571428571
647 3 7 1024 10 7 1.0
648 4 6 1024 9 6 0.8571428571428571
649 4 7 1024 10 7 1.0
649 6 6 1024 9 6 0.8571428571428571
650 1 7 1024 10 7 1.0
650 5 5 1024 8 5 0.7142857142857143
651 3 7 1024 10 7 1.0
651 4 6 1024 9 6 0.8571428571428571
652 3 7 1024 10 7 1.0
652 4 6 1024 9 6 0.8571428571428571
653 5 6 1024 9 6 0.8571428571428571
653 7 5 1024 8 5 0.7142857142857143
653 4 7 1024 10 7 1.0
654 4 6 1024 9 6 0.8571428571428571
654 3 7 1024 10 7 1.0
655 2 7 1024 10 7 1.0
655 6 4 1024 7 4 0.5714285714285714
656 7 6 1024 9 6 0.8571428571428571
656 2 7 1024 10 7 1.0
657 2 7 1024 10 7 1.0
657 4 5 1024 8 5 0.7142857142857143
658 6 4 1024 7 4 0.5714285714285714
658 3 7 1024 10 7 1.0
659 3 7 1024 10 7 1.0
660 5 6 1024 9 6 0.8571428571428571
660 3 7 1024 10 7 1.0
661 4 5 1024 8 5 0.7142857142857143
662 5 6 1024 9 6 0.8571428571428571
662 2 7 1024 10 7 1.0
663 3 7 1024 10 7 1.0
664 3 7 1024 10 7 1.0
664 4 6 1024 9 6 0.8571428571428571
665 6 6 1024 9 6 0.8571428571428571
665 3 7 1024 10 7 1.0
666 4 7 1024 10 7 1.0
666 5 4 1024 7 4 0.5714285714285714
667 1 7 1024 10 7 1.0
668 3 7 1024 10 7 1.0
669 6 5 1024 8 5 0.7142857142857143
669 1 7 1024 10 7 1.0
670 2 6 1024 9 6 0.8571428571428571
671 3 7 1024 10 7 1.0
671 5 6 1024 9 6 0.8571428571428571
671 7 4 1024 7 4 0.5714285714285714
672 1 7 1024 10 7 1.0
673 4 6 1024 9 6 0.8571428571428571
673 2 7 1024 10 7 1.0
674 5 6 1024 9 6 0.8571428571428571
674 1 7 1024 10 7 1.0
674 8 5 1024 8 5 0.7142857142857143
675 2 7 1024 10 7 1.0
675 4 6 1024 9 6 0.8571428571428571
676 2 7 1024 10 7 1.0
676 4 5 1024 8 5 0.7142857142857143
677 5 3 1024 6 3 0.42857142857142855
677 3 6 1024 9 6 0.8571428571428571
677 1 7 1024 10 7 1.0
678 5 6 1024 9 6 0.8571428571428571
678 3 7 1024 10 7 1.0
679 3 7 1024 10 7 1.0
679 4 6 1024 9 6 0.8571428571428571
680 2 7 1024 10 7 1.0
680 6 5 1024 8 5 0.7142857142857143
681 5 6 1024 9 6 0.8571428571428571
681 3 7 1024 10 7 1.0
682 7 6 1024 9 6 0.8571428571428571
682 2 7 1024 10 7 1.0
683 2 7 1024 10 7 1.0
684 3 7 1024 10 7 1.0
684 4 6 1024 9 6 0.8571428571428571
685 6 6 1024 9 6 0.8571428571428571
685 2 7 1024 10 7 1.0
686 5 6 1024 9 6 0.8571428571428571
686 2 7 1024 10 7 1.0
687 1 6 1024 9 6 0.8571428571428571
688 5 5 1024 8 5 0.7142857142857143
688 3 7 1024 10 7 1.0
689 3 7 1024 10 7 1.0
689 4 4 1024 7 4 0.5714285714285714
690 1 7 1024 10 7 1.0
690 7 6 1024 9 6 0.8571428571428571
691 2 7 1024 10 7 1.0
691 4 3 1024 6 3 0.42857142857142855
692 3 7 1024 10 7 1.0
692 5 6 1024 9 6 0.8571428571428571
693 5 5 1024 8 5 0.7142857142857143
693 2 7 1024 10 7 1.0
694 5 3 1024 6 3 0.42857142857142855
694 2 7 1024 10 7 1.0
695 3 7 1024 10 7 1.0
695 5 6 1024 9 6 0.8571428571428571
696 4 3 1024 6 3 0.42857142857142855
696 1 7 1024 10 7 1.0
697 3 7 1024 10 7 1.0
697 6 6 1024 9 6 0.8571428571428571
698 1 7 1024 10 7 1.0
698 6 6 1024 9 6 0.8571428571428571
699 3 7 1024 10 7 1.0
699 5 5 1024 8 5 0.7142857142857143
699 6 4 1024 7 4 0.5714285714285714
700 1 7 1024 10 7 1.0
700 5 4 1024 7 4 0.5714285714285714
701 4 6 1024 9 6 0.8571428571428571
701 6 4 1024 7 4 0.5714285714285714
701 3 7 1024 10 7 1.0
702 1 7 1024 10 7 1.0
702 5 6 1024 9 6 0.8571428571428571
703 2 7 1024 10 7 1.0
703 6 6 1024 9 6 0.8571428571428571
704 3 7 1024 10 7 1.0
705 5 3 1024 6 3 0.42857142857142855
705 2 7 1024 10 7 1.0
706 3 5 1024 8 5 0.7142857142857143
706 6 4 1024 7 4 0.5714285714285714
707 2 7 1024 10 7 1.0
707 7 6 1024 9 6 0.8571428571428571
708 3 6 1024 9 6 0.8571428571428571
708 7 5 1024 8 5 0.7142857142857143
709 5 4 1024 7 4 0.5714285714285714
709 3 7 1024 10 7 1.0
710 7 5 1024 8 5 0.7142857142857143
710 5 6 1024 9 6 0.8571428571428571
710 0 7 1024 10 7 1.0
711 3 7 1024 10 7 1.0
711 5 3 1024 6 3 0.42857142857142855
712 2 7 1024 10 7 1.0
713 4 6 1024 9 6 0.8571428571428571
714 4 6 1024 9 6 0.8571428571428571
714 3 7 1024 10 7 1.0
715 4 6 1024 9 6 0.8571428571428571
715 3 7 1024 10 7 1.0
716 4 6 1024 9 6 0.8571428571428571
716 2 7 1024 10 7 1.0
717 3 7 1024 10 7 1.0
718 4 7 1024 10 7 1.0
718 6 6 1024 9 6 0.8571428571428571
719 3 7 1024 10 7 1.0
719 5 6 1024 9 6 0.8571428571428571
720 3 7 1024 10 7 1.0
720 5 4 1024 7 4 0.5714285714285714
721 4 5 1024 8 5 0.7142857142857143
721 3 7 1024 10 7 1.0
721 5 3 1024 6 3 0.42857142857142855
722 3 7 1024 10 7 1.0
723 4 6 1024 9 6 0.8571428571428571
723 3 7 1024 10 7 1.0
724 6 3 1024 6 3 0.42857142857142855
724 3 7 1024 10 7 1.0
725 4 7 1024 10 7 1.0
725 6 6 1024 9 6 0.8571428571428571
726 3 7 1024 10 7 1.0
726 4 6 1024 9 6 0.8571428571428571
727 2 7 1024 10 7 1.0
727 4 6 1024 9 6 0.8571428571428571
728 2 7 1024 10 7 1.0
728 4 6 1024 9 6 0.8571428571428571
729 3 7 1024 10 7 1.0
729 5 6 1024 9 6 0.8571428571428571
730 1 7 1024 10 7 1.0
730 5 6 1024 9 6 0.8571428571428571
731 1 7 1024 10 7 1.0
731 9 3 1024 6 3 0.42857142857142855
731 4 6 1024 9 6 0.8571428571428571
732 5 5 1024 8 5 0.7142857142857143
732 4 7 1024 10 7 1.0
733 4 4 1024 7 4 0.5714285714285714
733 2 6 1024 9 6 0.8571428571428571
734 3 5 1024 8 5 0.7142857142857143
735 1 7 1024 10 7 1.0
735 7 5 1024 8 5 0.7142857142857143
736 6 6 1024 9 6 0.8571428571428571
736 3 7 1024 10 7 1.0
737 3 7 1024 10 7 1.0
738 4 6 1024 9 6 0.8571428571428571
738 3 7 1024 10 7 1.0
739 3 7 1024 10 7 1.0
739 4 5 1024 8 5 0.7142857142857143
740 6 6 1024 9 6 0.8571428571428571
740 3 7 1024 10 7 1.0
741 3 7 1024 10 7 1.0
742 3 7 1024 10 7 1.0
742 8 3 1024 6 3 0.42857142857142855
743 3 7 1024 10 7 1.0
743 4 3 1024 6 3 0.42857142857142855
744 5 6 1024 9 6 0.8571428571428571
744 3 7 1024 10 7 1.0
745 7 6 1024 9 6 0.8571428571428571
745 2 7 1024 10 7 1.0
746 1 7 1024 10 7 1.0
746 3 4 1024 7 4 0.5714285714285714
747 7 4 1024 7 4 0.5714285714285714
747 2 7 1024 10 7 1.0
748 4 6 1024 9 6 0.8571428571428571
748 2 7 1024 10 7 1.0
749 6 4 1024 7 4 0.5714285714285714
749 5 6 1024 9 6 0.8571428571428571
749 2 7 1024 10 7 1.0
750 2 7 1024 10 7 1.0
750 6 5 1024 8 5 0.7142857142857143
751 2 7 1024 10 7 1.0
752 4 6 1024 9 6 0.8571428571428571
752 3 7 1024 10 7 1.0
753 3 7 1024 10 7 1.0
753 5 3 1024 6 3 0.42857142857142855
754 5 6 1024 9 6 0.8571428571428571
754 2 7 1024 10 7 1.0
755 7 5 1024 8 5 0.7142857142857143
755 3 6 1024 9 6 0.8571428571428571
756 6 3 1024 6 3 0.42857142857142855
756 3 6 1024 9 6 0.8571428571428571
757 3 7 1024 10 7 1.0
757 6 6 1024 9 6 0.8571428571428571
758 3 7 1024 10 7 1.0
759 4 6 1024 9 6 0.8571428571428571
759 5 5 1024 8 5 0.7142857142857143
760 3 7 1024 10 7 1.0
760 4 6 1024 9 6 0.8571428571428571
761 3 7 1024 10 7 1.0
761 5 3 1024 6 3 0.42857142857142855
762 3 7 1024 10 7 1.0
762 5 6 1024 9 6 0.8571428571428571
763 4 7 1024 10 7 1.0
763 5 5 1024 8 5 0.7142857142857143
764 6 6 1024 9 6 0.8571428571428571
764 3 7 1024 10 7 1.0
765 4 7 1024 10 7 1.0
765 5 6 1024 9 6 0.8571428571428571
765 7 5 1024 8 5 0.7142857142857143
766 3 7 1024 10 7 1.0
766 6 5 1024 8 5 0.7142857142857143
767 2 7 1024 10 7 1.0
768 2 7 1024 10 7 1.0
768 6 6 1024 9 6 0.8571428571428571
769 4 6 1024 9 6 0.8571428571428571
769 2 7 1024 10 7 1.0
770 7 4 1024 7 4 0.5714285714285714
770 3 7 1024 10 7 1.0
771 2 7 1024 10 7 1.0
771 4 4 1024 7 4 0.5714285714285714
772 3 7 1024 10 7 1.0
772 6 6 1024 9 6 0.8571428571428571
773 7 6 1024 9 6 0.8571428571428571
773 2 7 1024 10 7 1.0
774 4 6 1024 9 6 0.8571428571428571
774 2 7 1024 10 7 1.0
775 4 7 1024 10 7 1.0
776 4 7 1024 10 7 1.0
776 7 6 1024 9 6 0.8571428571428571
777 3 7 1024 10 7 1.0
778 6 5 1024 8 5 0.7142857142857143
778 3 7 1024 10 7 1.0
779 3 7 1024 10 7 1.0
779 5 4 1024 7 4 0.5714285714285714
780 3 6 1024 9 6 0.8571428571428571
781 2 7 1024 10 7 1.0
781 5 6 1024 9 6 0.8571428571428571
782 6 6 1024 9 6 0.8571428571428571
782 3 7 1024 10 7 1.0
783 2 7 1024 10 7 1.0
783 3 5 1024 8 5 0.7142857142857143
784 2 7 1024 10 7 1.0
784 3 5 1024 8 5 0.7142857142857143
785 6 6 1024 9 6 0.8571428571428571
785 3 7 1024 10 7 1.0
786 2 7 1024 10 7 1.0
787 5 6 1024 9 6 0.8571428571428571
787 3 7 1024 10 7 1.0
788 3 7 1024 10 7 1.0
788 5 6 1024 9 6 0.8571428571428571
789 3 7 1024 10 7 1.0
789 4 5 1024 8 5 0.7142857142857143
790 3 7 1024 10 7 1.0
790 7 5 1024 8 5 0.7142857142857143
790 5 6 1024 9 6 0.8571428571428571
791 3 7 1024 10 7 1.0
791 5 6 1024 9 6 0.8571428571428571
792 3 7 1024 10 7 1.0
792 8 6 1024 9 6 0.8571428571428571
793 4 7 1024 10 7 1.0
794 2 7 1024 10 7 1.0
794 6 4 1024 7 4 0.5714285714285714
794 3 6 1024 9 6 0.8571428571428571
795 3 6 1024 9 6 0.8571428571428571
795 1 7 1024 10 7 1.0
796 3 7 1024 10 7 1.0
796 5 6 1024 9 6 0.8571428571428571
797 5 6 1024 9 6 0.8571428571428571
797 1 7 1024 10 7 1.0
798 7 6 1024 9 6 0.8571428571428571
798 0 7 1024 10 7 1.0
799 4 6 1024 9 6 0.8571428571428571
800 4 7 1024 10 7 1.0
801 8 5 1024 8 5 0.7142857142857143
801 1 7 1024 10 7 1.0
802 2 7 1024 10 7 1.0
803 7 5 1024 8 5 0.7142857142857143
803 2 7 1024 10 7 1.0
803 5 6 1024 9 6 0.8571428571428571
804 5 3 1024 6 3 0.42857142857142855
804 3 7 1024 10 7 1.0
805 6 5 1024 8 5 0.7142857142857143
805 5 6 1024 9 6 0.8571428571428571
805 8 3 1024 6 3 0.42857142857142855
805 1 7 1024 10 7 1.0
806 3 7 1024 10 7 1.0
806 6 5 1024 8 5 0.7142857142857143
806 5 6 1024 9 6 0.8571428571428571
807 4 7 1024 10 7 1.0
807 6 3 1024 6 3 0.42857142857142855
808 3 7 1024 10 7 1.0
808 5 4 1024 7 4 0.5714285714285714
809 2 7 1024 10 7 1.0
810 2 7 1024 10 7 1.0
810 4 3 1024 6 3 0.42857142857142855
811 4 6 1024 9 6 0.8571428571428571
812 4 7 1024 10 7 1.0
812 5 6 1024 9 6 0.8571428571428571
813 5 6 1024 9 6 0.8571428571428571
813 4 7 1024 10 7 1.0
814 3 6 1024 9 6 0.8571428571428571
814 1 7 1024 10 7 1.0
815 6 6 1024 9 6 0.8571428571428571
815 2 7 1024 10 7 1.0
816 3 6 1024 9 6 0.8571428571428571
817 7 6 1024 9 6 0.8571428571428571
817 2 7 1024 10 7 1.0
818 4 6 1024 9 6 0.8571428571428571
818 3 7 1024 10 7 1.0
819 4 7 1024 10 7 1.0
819 7 6 1024 9 6 0.8571428571428571
820 7 5 1024 8 5 0.7142857142857143
820 4 6 1024 9 6 0.8571428571428571
821 4 4 1024 7 4 0.5714285714285714
821 2 6 1024 9 6 0.8571428571428571
822 6 6 1024 9 6 0.8571428571428571
822 2 7 1024 10 7 1.0
823 5 5 1024 8 5 0.7142857142857143
823 3 7 1024 10 7 1.0
824 6 3 1024 6 3 0.42857142857142855
824 5 5 1024 8 5 0.7142857142857143
824 3 7 1024 10 7 1.0
825 6 6 1024 9 6 0.8571428571428571
825 1 7 1024 10 7 1.0
825 8 4 1024 7 4 0.5714285714285714
826 6 4 1024 7 4 0.5714285714285714
826 4 5 1024 8 5 0.7142857142857143
826 3 7 1024 10 7 1.0
827 2 7 1024 10 7 1.0
827 7 6 1024 9 6 0.8571428571428571
828 3 7 1024 10 7 1.0
829 3 7 1024 10 7 1.0
829 5 3 1024 6 3 0.42857142857142855
830 6 4 1024 7 4 0.5714285714285714
830 3 7 1024 10 7 1.0
831 3 7 1024 10 7 1.0
832 2 7 1024 10 7 1.0
833 3 7 1024 10 7 1.0
833 7 3 1024 6 3 0.42857142857142855
833 4 4 1024 7 4 0.5714285714285714
834 5 6 1024 9 6 0.8571428571428571
834 3 7 1024 10 7 1.0
835 4 3 1024 6 3 0.42857142857142855
835 3 7 1024 10 7 1.0
836 3 7 1024 10 7 1.0
837 3 7 1024 10 7 1.0
837 6 6 1024 9 6 0.8571428571428571
838 3 7 1024 10 7 1.0
839 4 6 1024 9 6 0.8571428571428571
839 3 7 1024 10 7 1.0
840 3 6 1024 9 6 0.8571428571428571
840 7 4 1024 7 4 0.5714285714285714
841 5 5 1024 8 5 0.7142857142857143
841 3 7 1024 10 7 1.0
842 2 6 1024 9 6 0.8571428571428571
842 4 3 1024 6 3 0.42857142857142855
843 3 7 1024 10 7 1.0
843 5 6 1024 9 6 0.8571428571428571
844 1 7 1024 10 7 1.0
844 4 4 1024 7 4 0.5714285714285714
845 2 7 1024 10 7 1.0
846 5 4 1024 7 4 0.5714285714285714
846 3 7 1024 10 7 1.0
847 4 5 1024 8 5 0.7142857142857143
847 2 7 1024 10 7 1.0
848 1 7 1024 10 7 1.0
848 6 5 1024 8 5 0.7142857142857143
848 3 6 1024 9 6 0.8571428571428571
849 1 7 1024 10 7 1.0
849 5 6 1024 9 6 0.8571428571428571
850 2 7 1024 10 7 1.0
850 7 6 1024 9 6 0.8571428571428571
851 3 7 1024 10 7 1.0
851 6 6 1024 9 6 0.8571428571428571
852 3 7 1024 10 7 1.0
852 6 5 1024 8 5 0.7142857142857143
852 5 6 1024 9 6 0.8571428571428571
853 4 6 1024 9 6 0.8571428571428571
854 4 6 1024 9 6 0.8571428571428571
854 3 7 1024 10 7 1.0
855 2 6 1024 9 6 0.8571428571428571
856 3 7 1024 10 7 1.0
856 4 6 1024 9 6 0.8571428571428571
857 3 7 1024 10 7 1.0
857 5 6 1024 9 6 0.8571428571428571
858 3 7 1024 10 7 1.0
859 4 5 1024 8 5 0.7142857142857143
860 2 7 1024 10 7 1.0
861 0 7 1024 10 7 1.0
862 4 4 1024 7 4 0.5714285714285714
863 6 5 1024 8 5 0.7142857142857143
863 3 7 1024 10 7 1.0
864 3 7 1024 10 7 1.0
864 4 3 1024 6 3 0.42857142857142855
865 8 6 1024 9 6 0.8571428571428571
865 3 7 1024 10 7 1.0
866 3 5 1024 8 5 0.7142857142857143
866 7 4 1024 7 4 0.5714285714285714
867 2 6 1024 9 6 0.8571428571428571
868 6 5 1024 8 5 0.7142857142857143
868 3 7 1024 10 7 1.0
869 4 7 1024 10 7 1.0
869 6 5 1024 8 5 0.7142857142857143
870 2 7 1024 10 7 1.0
870 5 6 1024 9 6 0.8571428571428571
871 6 5 1024 8 5 0.7142857142857143
871 3 7 1024 10 7 1.0
872 7 4 1024 7 4 0.5714285714285714
872 3 7 1024 10 7 1.0
873 2 7 1024 10 7 1.0
873 4 3 1024 6 3 0.42857142857142855
874 2 7 1024 10 7 1.0
874 3 5 1024 8 5 0.7142857142857143
875 3 7 1024 10 7 1.0
876 2 7 1024 10 7 1.0
876 6 6 1024 9 6 0.8571428571428571
877 3 3 1024 6 3 0.42857142857142855
877 2 7 1024 10 7 1.0
878 6 3 1024 6 3 0.42857142857142855
878 3 6 1024 9 6 0.8571428571428571
879 3 7 1024 10 7 1.0
879 6 4 1024 7 4 0.5714285714285714
880 3 7 1024 10 7 1.0
881 5 6 1024 9 6 0.8571428571428571
881 3 7 1024 10 7 1.0
882 2 7 1024 10 7 1.0
882 4 6 1024 9 6 0.8571428571428571
883 2 7 1024 10 7 1.0
883 6 6 1024 9 6 0.8571428571428571
884 3 7 1024 10 7 1.0
884 6 5 1024 8 5 0.7142857142857143
885 2 6 1024 9 6 0.8571428571428571
886 3 7 1024 10 7 1.0
886 4 4 1024 7 4 0.5714285714285714
887 4 7 1024 10 7 1.0
887 7 6 1024 9 6 0.8571428571428571
888 4 7 1024 10 7 1.0
889 5 3 1024 6 3 0.42857142857142855
889 4 7 1024 10 7 1.0
890 2 7 1024 10 7 1.0
890 7 3 1024 6 3 0.42857142857142855
890 6 6 1024 9 6 0.8571428571428571
891 2 7 1024 10 7 1.0
892 2 6 1024 9 6 0.8571428571428571
893 3 3 1024 6 3 0.42857142857142855
893 2 7 1024 10 7 1.0
894 3 6 1024 9 6 0.8571428571428571
895 4 7 1024 10 7 1.0
896 2 7 1024 10 7 1.0
896 6 6 1024 9 6 0.8571428571428571
897 3 7 1024 10 7 1.0
897 7 6 1024 9 6 0.8571428571428571
898 4 6 1024 9 6 0.8571428571428571
898 2 7 1024 10 7 1.0
899 3 3 1024 6 3 0.42857142857142855
899 2 5 1024 8 5 0.7142857142857143
900 6 5 1024 8 5 0.7142857142857143
900 3 7 1024 10 7 1.0
901 4 5 1024 8 5 0.7142857142857143
901 3 7 1024 10 7 1.0
902 2 7 1024 10 7 1.0
902 4 4 1024 7 4 0.5714285714285714
903 3 7 1024 10 7 1.0
903 4 5 1024 8 5 0.7142857142857143
904 3 7 1024 10 7 1.0
904 4 5 1024 8 5 0.7142857142857143
905 2 7 1024 10 7 1.0
905 3 6 1024 9 6 0.8571428571428571
905 5 4 1024 7 4 0.5714285714285714
906 3 7 1024 10 7 1.0
906 5 6 1024 9 6 0.8571428571428571
907 4 6 1024 9 6 0.8571428571428571
907 1 7 1024 10 7 1.0
907 6 5 1024 8 5 0.7142857142857143
908 4 7 1024 10 7 1.0
908 5 6 1024 9 6 0.8571428571428571
909 6 6 1024 9 6 0.8571428571428571
909 2 7 1024 10 7 1.0
910 2 7 1024 10 7 1.0
910 5 6 1024 9 6 0.8571428571428571
911 7 3 1024 6 3 0.42857142857142855
911 4 7 1024 10 7 1.0
912 4 5 1024 8 5 0.7142857142857143
912 2 7 1024 10 7 1.0
913 6 6 1024 9 6 0.8571428571428571
913 1 7 1024 10 7 1.0
914 4 5 1024 8 5 0.7142857142857143
914 3 7 1024 10 7 1.0
915 3 7 1024 10 7 1.0
915 7 4 1024 7 4 0.5714285714285714
915 6 6 1024 9 6 0.8571428571428571
916 4 7 1024 10 7 1.0
917 3 7 1024 10 7 1.0
917 5 4 1024 7 4 0.5714285714285714
918 2 7 1024 10 7 1.0
918 6 5 1024 8 5 0.7142857142857143
919 3 7 1024 10 7 1.0
919 5 3 1024 6 3 0.42857142857142855
920 4 7 1024 10 7 1.0
920 5 6 1024 9 6 0.8571428571428571
921 4 7 1024 10 7 1.0
921 6 6 1024 9 6 0.8571428571428571
922 4 6 1024 9 6 0.8571428571428571
922 6 3 1024 6 3 0.42857142857142855
922 2 7 1024 10 7 1.0
923 2 7 1024 10 7 1.0
923 8 4 1024 7 4 0.5714285714285714
924 3 6 1024 9 6 0.8571428571428571
925 4 5 1024 8 5 0.7142857142857143
926 5 3 1024 6 3 0.42857142857142855
926 4 6 1024 9 6 0.8571428571428571
927 4 6 1024 9 6 0.8571428571428571
927 2 7 1024 10 7 1.0
928 3 5 1024 8 5 0.7142857142857143
929 3 6 1024 9 6 0.8571428571428571
930 7 5 1024 8 5 0.7142857142857143
930 1 7 1024 10 7 1.0
930 5 6 1024 9 6 0.8571428571428571
931 6 5 1024 8 5 0.7142857142857143
931 2 7 1024 10 7 1.0
932 3 7 1024 10 7 1.0
933 2 7 1024 10 7 1.0
934 3 7 1024 10 7 1.0
934 7 6 1024 9 6 0.8571428571428571
935 6 6 1024 9 6 0.8571428571428571
935 2 7 1024 10 7 1.0
936 6 6 1024 9 6 0.8571428571428571
936 2 7 1024 10 7 1.0
937 5 6 1024 9 6 0.8571428571428571
937 1 7 1024 10 7 1.0
938 8 6 1024 9 6 0.8571428571428571
938 3 7 1024 10 7 1.0
939 6 5 1024 8 5 0.7142857142857143
939 2 7 1024 10 7 1.0
940 4 6 1024 9 6 0.8571428571428571
940 5 3 1024 6 3 0.42857142857142855
940 2 7 1024 10 7 1.0
941 6 4 1024 7 4 0.5714285714285714
941 3 7 1024 10 7 1.0
942 6 4 1024 7 4 0.5714285714285714
942 2 7 1024 10 7 1.0
942 4 6 1024 9 6 0.8571428571428571
943 3 7 1024 10 7 1.0
943 4 6 1024 9 6 0.8571428571428571
944 3 7 1024 10 7 1.0
945 2 7 1024 10 7 1.0
945 4 6 1024 9 6 0.8571428571428571
946 1 7 1024 10 7 1.0
946 5 6 1024 9 6 0.8571428571428571
947 2 7 1024 10 7 1.0
947 6 6 1024 9 6 0.8571428571428571
948 2 7 1024 10 7 1.0
949 3 7 1024 10 7 1.0
949 5 5 1024 8 5 0.7142857142857143
950 6 6 1024 9 6 0.8571428571428571
950 2 7 1024 10 7 1.0
951 3 6 1024 9 6 0.8571428571428571
952 1 7 1024 10 7 1.0
952 3 6 1024 9 6 0.8571428571428571
953 4 4 1024 7 4 0.5714285714285714
953 1 7 1024 10 7 1.0
953 3 6 1024 9 6 0.8571428571428571
954 5 6 1024 9 6 0.8571428571428571
954 3 7 1024 10 7 1.0
955 4 4 1024 7 4 0.5714285714285714
955 3 6 1024 9 6 0.8571428571428571
956 4 6 1024 9 6 0.8571428571428571
956 3 7 1024 10 7 1.0
957 3 7 1024 10 7 1.0
957 7 6 1024 9 6 0.8571428571428571
958 7 6 1024 9 6 0.8571428571428571
958 1 7 1024 10 7 1.0
959 5 6 1024 9 6 0.8571428571428571
959 3 7 1024 10 7 1.0
960 3 7 1024 10 7 1.0
961 4 6 1024 9 6 0.8571428571428571
961 3 7 1024 10 7 1.0
962 3 7 1024 10 7 1.0
962 6 6 1024 9 6 0.8571428571428571
963 7 6 1024 9 6 0.8571428571428571
963 2 7 1024 10 7 1.0
964 3 6 1024 9 6 0.8571428571428571
965 4 7 1024 10 7 1.0
965 9 4 1024 7 4 0.5714285714285714
966 3 7 1024 10 7 1.0
966 4 6 1024 9 6 0.8571428571428571
967 2 7 1024 10 7 1.0
967 3 6 1024 9 6 0.8571428571428571
968 2 7 1024 10 7 1.0
968 4 5 1024 8 5 0.7142857142857143
969 5 6 1024 9 6 0.8571428571428571
969 3 7 1024 10 7 1.0
970 1 7 1024 10 7 1.0
971 2 7 1024 10 7 1.0
972 4 4 1024 7 4 0.5714285714285714
972 2 7 1024 10 7 1.0
973 3 6 1024 9 6 0.8571428571428571
973 7 4 1024 7 4 0.5714285714285714
974 4 7 1024 10 7 1.0
974 6 4 1024 7 4 0.5714285714285714
975 2 7 1024 10 7 1.0
976 2 7 1024 10 7 1.0
977 2 7 1024 10 7 1.0
978 1 6 1024 9 6 0.8571428571428571
979 3 7 1024 10 7 1.0
979 6 5 1024 8 5 0.7142857142857143
980 1 7 1024 10 7 1.0
981 2 7 1024 10 7 1.0
982 4 6 1024 9 6 0.8571428571428571
983 3 7 1024 10 7 1.0
983 6 5 1024 8 5 0.7142857142857143
984 4 7 1024 10 7 1.0
984 5 6 1024 9 6 0.8571428571428571
985 4 5 1024 8 5 0.7142857142857143
986 6 6 1024 9 6 0.8571428571428571
986 2 7 1024 10 7 1.0
987 2 7 1024 10 7 1.0
987 3 6 1024 9 6 0.8571428571428571
987 7 4 1024 7 4 0.5714285714285714
988 4 7 1024 10 7 1.0
988 6 3 1024 6 3 0.42857142857142855
988 5 5 1024 8 5 0.7142857142857143
989 3 7 1024 10 7 1.0
989 5 6 1024 9 6 0.8571428571428571
990 1 7 1024 10 7 1.0
990 5 4 1024 7 4 0.5714285714285714
991 5 6 1024 9 6 0.8571428571428571
991 2 7 1024 10 7 1.0
992 2 6 1024 9 6 0.8571428571428571
992 8 4 1024 7 4 0.5714285714285714
993 1 7 1024 10 7 1.0
993 2 6 1024 9 6 0.8571428571428571
994 3 7 1024 10 7 1.0
994 6 6 1024 9 6 0.8571428571428571
995 4 7 1024 10 7 1.0
995 7 3 1024 6 3 0.42857142857142855
996 3 7 1024 10 7 1.0
996 7 5 1024 8 5 0.7142857142857143
996 5 6 1024 9 6 0.8571428571428571
997 2 7 1024 10 7 1.0
997 7 6 1024 9 6 0.8571428571428571
998 6 6 1024 9 6 0.8571428571428571
998 3 7 1024 10 7 1.0
999 6 5 1024 8 5 0.7142857142857143
999 3 7 1024 10 7 1.0
1000 8 3 1024 6 3 0.42857142857142855
1000 3 7 1024 10 7 1.0
