gen testSuiteSize notKilledMutants number_of_tests no_discount_objective no_equiv_mut_not_killed no_equiv_mut_not_killed_perc
1 5 0 24 0 0 0.0
1 2 1 33 1 1 0.1
2 2 0 81 0 0 0.0
3 3 1 118 1 1 0.1
3 2 2 120 2 2 0.2
3 4 0 124 0 0 0.0
4 2 2 147 2 2 0.2
4 4 0 179 0 0 0.0
5 4 0 202 0 0 0.0
5 3 2 227 2 2 0.2
6 3 0 229 0 0 0.0
7 4 1 266 1 1 0.1
7 3 3 291 3 3 0.3
7 5 0 298 0 0 0.0
8 4 0 304 0 0 0.0
8 1 5 321 5 5 0.5
8 3 4 326 4 4 0.4
9 5 0 355 0 0 0.0
9 3 1 364 1 1 0.1
10 3 0 393 0 0 0.0
10 2 1 396 1 1 0.1
11 3 4 403 4 4 0.4
11 4 0 425 0 0 0.0
12 2 0 449 0 0 0.0
13 4 1 469 1 1 0.1
13 5 0 475 0 0 0.0
14 3 3 495 3 3 0.3
14 4 0 504 0 0 0.0
15 1 3 519 3 3 0.3
15 3 0 530 0 0 0.0
16 6 0 546 0 0 0.0
16 2 2 555 2 2 0.2
16 5 1 560 1 1 0.1
17 3 0 563 0 0 0.0
18 5 0 584 0 0 0.0
18 2 2 585 2 2 0.2
18 4 1 590 1 1 0.1
19 3 1 608 1 1 0.1
19 5 0 616 0 0 0.0
20 4 0 628 0 0 0.0
20 3 1 638 1 1 0.1
21 4 0 640 0 0 0.0
22 4 0 661 0 0 0.0
22 2 4 662 4 4 0.4
23 3 0 683 0 0 0.0
23 2 4 684 4 4 0.4
24 2 0 701 0 0 0.0
25 3 0 708 0 0 0.0
26 4 0 726 0 0 0.0
26 3 2 726 2 2 0.2
27 1 2 740 2 2 0.2
27 2 1 745 1 1 0.1
27 3 0 748 0 0 0.0
28 3 0 763 0 0 0.0
29 4 0 774 0 0 0.0
29 2 2 774 2 2 0.2
29 3 1 776 1 1 0.1
30 4 0 779 0 0 0.0
30 3 1 785 1 1 0.1
31 3 2 787 2 2 0.2
31 4 0 787 0 0 0.0
32 4 0 802 0 0 0.0
33 3 0 824 0 0 0.0
34 4 0 832 0 0 0.0
35 3 1 834 1 1 0.1
35 5 0 835 0 0 0.0
36 4 1 851 1 1 0.1
36 6 0 851 0 0 0.0
37 4 0 862 0 0 0.0
37 3 3 866 3 3 0.3
38 3 0 872 0 0 0.0
38 1 5 872 5 5 0.5
39 4 1 883 1 1 0.1
39 5 0 887 0 0 0.0
40 3 0 891 0 0 0.0
41 3 0 894 0 0 0.0
41 2 2 899 2 2 0.2
42 1 3 899 3 3 0.3
42 5 0 901 0 0 0.0
42 3 1 905 1 1 0.1
43 3 1 907 1 1 0.1
43 1 3 907 3 3 0.3
43 4 0 909 0 0 0.0
44 4 0 910 0 0 0.0
44 3 3 913 3 3 0.3
45 4 1 915 1 1 0.1
45 1 6 915 6 6 0.6
45 5 0 916 0 0 0.0
46 4 1 922 1 1 0.1
46 5 0 922 0 0 0.0
47 3 0 929 0 0 0.0
48 4 0 930 0 0 0.0
49 5 0 932 0 0 0.0
49 3 1 933 1 1 0.1
50 4 0 939 0 0 0.0
51 2 3 942 3 3 0.3
51 3 0 943 0 0 0.0
52 4 0 946 0 0 0.0
52 3 1 946 1 1 0.1
53 3 0 948 0 0 0.0
54 5 0 951 0 0 0.0
54 2 6 951 6 6 0.6
54 4 1 952 1 1 0.1
54 3 2 954 2 2 0.2
55 2 1 955 1 1 0.1
55 3 0 956 0 0 0.0
56 4 1 957 1 1 0.1
56 6 0 958 0 0 0.0
56 3 2 962 2 2 0.2
57 3 2 963 2 2 0.2
57 4 0 963 0 0 0.0
58 5 0 966 0 0 0.0
58 4 1 966 1 1 0.1
59 6 0 968 0 0 0.0
59 2 1 968 1 1 0.1
60 2 5 968 5 5 0.5
60 3 0 971 0 0 0.0
61 2 1 972 1 1 0.1
61 4 0 973 0 0 0.0
62 1 5 974 5 5 0.5
62 2 3 974 3 3 0.3
62 3 0 977 0 0 0.0
63 3 0 977 0 0 0.0
64 1 3 978 3 3 0.3
64 5 0 978 0 0 0.0
64 3 1 980 1 1 0.1
65 2 4 983 4 4 0.4
65 3 0 983 0 0 0.0
66 4 0 983 0 0 0.0
66 3 1 984 1 1 0.1
67 2 0 987 0 0 0.0
68 2 1 988 1 1 0.1
68 5 0 988 0 0 0.0
69 4 0 988 0 0 0.0
70 2 5 990 5 5 0.5
70 5 0 990 0 0 0.0
70 4 2 990 2 2 0.2
71 4 0 995 0 0 0.0
72 4 0 995 0 0 0.0
72 3 1 995 1 1 0.1
73 4 0 995 0 0 0.0
74 4 0 999 0 0 0.0
75 3 0 999 0 0 0.0
75 2 4 999 4 4 0.4
76 5 0 1001 0 0 0.0
76 2 1 1001 1 1 0.1
77 2 2 1002 2 2 0.2
77 3 0 1003 0 0 0.0
78 4 0 1003 0 0 0.0
78 3 1 1003 1 1 0.1
79 1 4 1006 4 4 0.4
79 5 0 1007 0 0 0.0
79 3 1 1007 1 1 0.1
80 5 0 1007 0 0 0.0
80 3 1 1007 1 1 0.1
81 3 1 1007 1 1 0.1
81 4 0 1007 0 0 0.0
82 1 4 1007 4 4 0.4
82 5 0 1007 0 0 0.0
82 4 1 1007 1 1 0.1
83 2 4 1008 4 4 0.4
83 4 0 1008 0 0 0.0
84 3 0 1008 0 0 0.0
85 4 0 1010 0 0 0.0
86 4 0 1010 0 0 0.0
86 3 1 1010 1 1 0.1
87 3 0 1010 0 0 0.0
87 1 4 1010 4 4 0.4
88 4 0 1011 0 0 0.0
88 2 3 1012 3 3 0.3
89 3 1 1012 1 1 0.1
89 5 0 1012 0 0 0.0
89 2 2 1012 2 2 0.2
89 1 5 1012 5 5 0.5
90 4 1 1013 1 1 0.1
90 5 0 1014 0 0 0.0
91 4 2 1014 2 2 0.2
91 5 0 1014 0 0 0.0
91 1 4 1014 4 4 0.4
92 4 1 1015 1 1 0.1
92 3 4 1015 4 4 0.4
92 5 0 1015 0 0 0.0
93 4 0 1016 0 0 0.0
94 4 0 1017 0 0 0.0
94 2 2 1017 2 2 0.2
95 4 0 1017 0 0 0.0
95 3 2 1017 2 2 0.2
96 2 0 1018 0 0 0.0
97 3 0 1018 0 0 0.0
98 2 0 1018 0 0 0.0
99 3 0 1019 0 0 0.0
99 2 2 1019 2 2 0.2
100 4 0 1019 0 0 0.0
101 7 0 1019 0 0 0.0
101 3 1 1019 1 1 0.1
102 4 0 1019 0 0 0.0
102 2 1 1019 1 1 0.1
103 4 0 1019 0 0 0.0
103 2 4 1019 4 4 0.4
104 5 0 1019 0 0 0.0
104 4 1 1019 1 1 0.1
104 3 2 1019 2 2 0.2
104 2 3 1019 3 3 0.3
105 3 0 1019 0 0 0.0
106 4 0 1019 0 0 0.0
106 3 3 1020 3 3 0.3
107 2 3 1020 3 3 0.3
107 4 0 1020 0 0 0.0
108 4 0 1020 0 0 0.0
108 0 10 1020 10 10 1.0
109 4 0 1020 0 0 0.0
109 1 5 1020 5 5 0.5
110 4 0 1020 0 0 0.0
111 3 1 1020 1 1 0.1
111 5 0 1020 0 0 0.0
112 3 0 1020 0 0 0.0
113 4 0 1020 0 0 0.0
113 3 3 1020 3 3 0.3
114 3 0 1020 0 0 0.0
115 5 0 1020 0 0 0.0
115 1 1 1020 1 1 0.1
116 4 0 1020 0 0 0.0
116 1 3 1020 3 3 0.3
117 3 1 1020 1 1 0.1
117 4 0 1020 0 0 0.0
118 1 0 1020 0 0 0.0
119 5 0 1020 0 0 0.0
120 2 1 1020 1 1 0.1
120 4 0 1020 0 0 0.0
121 3 0 1020 0 0 0.0
122 2 5 1020 5 5 0.5
122 3 2 1020 2 2 0.2
122 4 0 1020 0 0 0.0
123 2 0 1021 0 0 0.0
124 4 0 1021 0 0 0.0
124 3 1 1021 1 1 0.1
125 2 0 1021 0 0 0.0
126 2 3 1021 3 3 0.3
126 3 0 1021 0 0 0.0
127 5 0 1021 0 0 0.0
127 1 1 1021 1 1 0.1
128 2 2 1022 2 2 0.2
128 4 0 1022 0 0 0.0
129 3 0 1022 0 0 0.0
130 3 0 1022 0 0 0.0
131 3 0 1022 0 0 0.0
132 5 0 1022 0 0 0.0
132 3 2 1022 2 2 0.2
133 4 0 1022 0 0 0.0
133 2 1 1022 1 1 0.1
134 4 0 1022 0 0 0.0
135 3 0 1022 0 0 0.0
136 2 0 1022 0 0 0.0
137 3 0 1022 0 0 0.0
137 2 1 1022 1 1 0.1
138 2 4 1022 4 4 0.4
138 3 0 1022 0 0 0.0
139 2 4 1022 4 4 0.4
139 3 0 1022 0 0 0.0
140 4 1 1022 1 1 0.1
140 3 2 1022 2 2 0.2
140 5 0 1022 0 0 0.0
141 4 0 1022 0 0 0.0
142 5 0 1022 0 0 0.0
142 1 2 1022 2 2 0.2
143 2 1 1022 1 1 0.1
143 4 0 1022 0 0 0.0
144 4 0 1022 0 0 0.0
145 3 2 1022 2 2 0.2
145 4 0 1022 0 0 0.0
146 4 0 1022 0 0 0.0
146 2 1 1022 1 1 0.1
147 4 0 1022 0 0 0.0
147 2 1 1022 1 1 0.1
148 2 1 1022 1 1 0.1
148 3 0 1022 0 0 0.0
149 1 2 1022 2 2 0.2
149 4 0 1022 0 0 0.0
150 3 0 1022 0 0 0.0
151 2 2 1022 2 2 0.2
151 3 0 1022 0 0 0.0
152 2 5 1022 5 5 0.5
152 3 2 1022 2 2 0.2
152 4 0 1022 0 0 0.0
153 3 0 1022 0 0 0.0
154 4 0 1023 0 0 0.0
154 2 1 1023 1 1 0.1
155 3 0 1023 0 0 0.0
156 4 0 1023 0 0 0.0
156 2 5 1023 5 5 0.5
157 4 0 1024 0 0 0.0
158 3 1 1024 1 1 0.1
158 6 0 1024 0 0 0.0
159 3 5 1024 5 5 0.5
159 4 0 1024 0 0 0.0
160 3 0 1024 0 0 0.0
161 3 0 1024 0 0 0.0
162 3 0 1024 0 0 0.0
163 6 0 1024 0 0 0.0
163 3 1 1024 1 1 0.1
163 2 2 1024 2 2 0.2
164 4 0 1024 0 0 0.0
164 2 1 1024 1 1 0.1
165 4 0 1024 0 0 0.0
166 4 0 1024 0 0 0.0
166 3 1 1024 1 1 0.1
167 4 0 1024 0 0 0.0
167 2 1 1024 1 1 0.1
168 3 0 1024 0 0 0.0
169 4 0 1024 0 0 0.0
169 2 1 1024 1 1 0.1
170 3 1 1024 1 1 0.1
170 4 0 1024 0 0 0.0
171 4 1 1024 1 1 0.1
171 6 0 1024 0 0 0.0
172 5 0 1024 0 0 0.0
172 2 2 1024 2 2 0.2
172 4 1 1024 1 1 0.1
173 6 0 1024 0 0 0.0
173 4 1 1024 1 1 0.1
173 2 3 1024 3 3 0.3
174 2 3 1024 3 3 0.3
174 3 0 1024 0 0 0.0
175 4 1 1024 1 1 0.1
175 5 0 1024 0 0 0.0
175 2 2 1024 2 2 0.2
176 3 0 1024 0 0 0.0
177 3 0 1024 0 0 0.0
178 4 0 1024 0 0 0.0
178 3 1 1024 1 1 0.1
179 4 0 1024 0 0 0.0
179 3 1 1024 1 1 0.1
180 3 0 1024 0 0 0.0
181 5 0 1024 0 0 0.0
181 3 2 1024 2 2 0.2
182 5 0 1024 0 0 0.0
182 3 4 1024 4 4 0.4
182 4 1 1024 1 1 0.1
182 1 6 1024 6 6 0.6
183 3 1 1024 1 1 0.1
183 4 0 1024 0 0 0.0
184 5 1 1024 1 1 0.1
184 6 0 1024 0 0 0.0
184 3 4 1024 4 4 0.4
185 2 3 1024 3 3 0.3
185 4 0 1024 0 0 0.0
186 3 1 1024 1 1 0.1
186 4 0 1024 0 0 0.0
187 4 0 1024 0 0 0.0
187 2 2 1024 2 2 0.2
187 3 1 1024 1 1 0.1
188 3 2 1024 2 2 0.2
188 5 0 1024 0 0 0.0
188 4 1 1024 1 1 0.1
189 3 0 1024 0 0 0.0
190 4 0 1024 0 0 0.0
191 4 0 1024 0 0 0.0
191 3 3 1024 3 3 0.3
191 2 4 1024 4 4 0.4
192 4 0 1024 0 0 0.0
193 4 0 1024 0 0 0.0
194 1 2 1024 2 2 0.2
194 4 0 1024 0 0 0.0
195 3 0 1024 0 0 0.0
195 2 3 1024 3 3 0.3
196 3 0 1024 0 0 0.0
197 3 0 1024 0 0 0.0
198 3 2 1024 2 2 0.2
198 2 3 1024 3 3 0.3
198 4 0 1024 0 0 0.0
199 4 0 1024 0 0 0.0
199 3 4 1024 4 4 0.4
200 3 0 1024 0 0 0.0
201 4 0 1024 0 0 0.0
201 3 2 1024 2 2 0.2
202 3 1 1024 1 1 0.1
202 2 2 1024 2 2 0.2
202 4 0 1024 0 0 0.0
203 3 0 1024 0 0 0.0
204 6 0 1024 0 0 0.0
204 3 3 1024 3 3 0.3
204 4 1 1024 1 1 0.1
205 3 0 1024 0 0 0.0
206 3 0 1024 0 0 0.0
206 2 1 1024 1 1 0.1
207 2 2 1024 2 2 0.2
207 6 0 1024 0 0 0.0
207 5 1 1024 1 1 0.1
208 3 1 1024 1 1 0.1
208 4 0 1024 0 0 0.0
209 5 0 1024 0 0 0.0
209 2 3 1024 3 3 0.3
209 4 1 1024 1 1 0.1
210 3 2 1024 2 2 0.2
210 4 0 1024 0 0 0.0
211 4 0 1024 0 0 0.0
212 5 0 1024 0 0 0.0
212 3 6 1024 6 6 0.6
212 4 1 1024 1 1 0.1
213 2 1 1024 1 1 0.1
213 4 0 1024 0 0 0.0
214 2 1 1024 1 1 0.1
214 6 0 1024 0 0 0.0
215 3 1 1024 1 1 0.1
215 1 4 1024 4 4 0.4
215 4 0 1024 0 0 0.0
216 4 0 1024 0 0 0.0
217 3 0 1024 0 0 0.0
217 2 2 1024 2 2 0.2
217 0 10 1024 10 10 1.0
218 5 0 1024 0 0 0.0
218 3 1 1024 1 1 0.1
219 3 1 1024 1 1 0.1
219 4 0 1024 0 0 0.0
220 3 0 1024 0 0 0.0
221 2 0 1024 0 0 0.0
222 3 0 1024 0 0 0.0
223 2 1 1024 1 1 0.1
223 3 0 1024 0 0 0.0
224 4 0 1024 0 0 0.0
224 3 2 1024 2 2 0.2
225 2 4 1024 4 4 0.4
225 5 0 1024 0 0 0.0
225 3 1 1024 1 1 0.1
226 3 0 1024 0 0 0.0
227 5 0 1024 0 0 0.0
227 4 1 1024 1 1 0.1
228 3 0 1024 0 0 0.0
229 3 0 1024 0 0 0.0
230 3 2 1024 2 2 0.2
230 4 0 1024 0 0 0.0
231 2 0 1024 0 0 0.0
232 4 0 1024 0 0 0.0
233 3 3 1024 3 3 0.3
233 4 0 1024 0 0 0.0
234 2 1 1024 1 1 0.1
234 5 0 1024 0 0 0.0
235 3 2 1024 2 2 0.2
235 4 0 1024 0 0 0.0
236 3 2 1024 2 2 0.2
236 5 0 1024 0 0 0.0
237 3 0 1024 0 0 0.0
238 3 2 1024 2 2 0.2
238 4 1 1024 1 1 0.1
238 5 0 1024 0 0 0.0
239 5 0 1024 0 0 0.0
239 4 1 1024 1 1 0.1
240 2 4 1024 4 4 0.4
240 3 0 1024 0 0 0.0
241 3 1 1024 1 1 0.1
241 5 0 1024 0 0 0.0
242 2 0 1024 0 0 0.0
243 3 0 1024 0 0 0.0
244 3 0 1024 0 0 0.0
244 2 1 1024 1 1 0.1
245 2 1 1024 1 1 0.1
245 5 0 1024 0 0 0.0
246 7 0 1024 0 0 0.0
246 2 1 1024 1 1 0.1
247 5 0 1024 0 0 0.0
248 3 1 1024 1 1 0.1
248 4 0 1024 0 0 0.0
249 4 2 1024 2 2 0.2
249 6 0 1024 0 0 0.0
250 3 0 1024 0 0 0.0
251 4 0 1024 0 0 0.0
251 1 4 1024 4 4 0.4
252 1 2 1024 2 2 0.2
252 4 0 1024 0 0 0.0
253 3 2 1024 2 2 0.2
253 4 0 1024 0 0 0.0
254 4 0 1024 0 0 0.0
254 3 1 1024 1 1 0.1
255 4 1 1024 1 1 0.1
255 5 0 1024 0 0 0.0
256 3 1 1024 1 1 0.1
256 4 0 1024 0 0 0.0
257 4 0 1024 0 0 0.0
257 1 5 1024 5 5 0.5
257 2 1 1024 1 1 0.1
258 4 0 1024 0 0 0.0
258 3 1 1024 1 1 0.1
259 3 0 1024 0 0 0.0
260 4 0 1024 0 0 0.0
261 2 1 1024 1 1 0.1
261 5 0 1024 0 0 0.0
262 3 1 1024 1 1 0.1
262 4 0 1024 0 0 0.0
263 4 0 1024 0 0 0.0
264 4 0 1024 0 0 0.0
264 2 3 1024 3 3 0.3
264 3 1 1024 1 1 0.1
265 5 0 1024 0 0 0.0
265 4 1 1024 1 1 0.1
265 2 6 1024 6 6 0.6
266 4 0 1024 0 0 0.0
266 2 2 1024 2 2 0.2
266 1 4 1024 4 4 0.4
267 4 1 1024 1 1 0.1
267 5 0 1024 0 0 0.0
267 3 3 1024 3 3 0.3
268 4 0 1024 0 0 0.0
269 3 0 1024 0 0 0.0
269 2 3 1024 3 3 0.3
270 4 0 1024 0 0 0.0
271 1 5 1024 5 5 0.5
271 5 0 1024 0 0 0.0
271 2 3 1024 3 3 0.3
272 2 4 1024 4 4 0.4
272 3 0 1024 0 0 0.0
273 4 0 1024 0 0 0.0
273 3 5 1024 5 5 0.5
274 4 0 1024 0 0 0.0
274 3 1 1024 1 1 0.1
275 3 1 1024 1 1 0.1
275 2 2 1024 2 2 0.2
275 5 0 1024 0 0 0.0
276 4 0 1024 0 0 0.0
277 1 3 1024 3 3 0.3
277 3 1 1024 1 1 0.1
277 4 0 1024 0 0 0.0
278 3 0 1024 0 0 0.0
279 2 1 1024 1 1 0.1
279 4 0 1024 0 0 0.0
280 5 0 1024 0 0 0.0
280 3 1 1024 1 1 0.1
281 3 2 1024 2 2 0.2
281 6 0 1024 0 0 0.0
282 4 0 1024 0 0 0.0
283 3 1 1024 1 1 0.1
283 2 4 1024 4 4 0.4
283 4 0 1024 0 0 0.0
284 3 0 1024 0 0 0.0
285 3 0 1024 0 0 0.0
286 3 1 1024 1 1 0.1
286 4 0 1024 0 0 0.0
287 4 0 1024 0 0 0.0
287 3 1 1024 1 1 0.1
288 3 1 1024 1 1 0.1
288 5 0 1024 0 0 0.0
289 3 1 1024 1 1 0.1
289 4 0 1024 0 0 0.0
289 2 4 1024 4 4 0.4
290 4 0 1024 0 0 0.0
291 4 0 1024 0 0 0.0
291 2 3 1024 3 3 0.3
292 2 1 1024 1 1 0.1
292 3 0 1024 0 0 0.0
293 4 0 1024 0 0 0.0
294 3 1 1024 1 1 0.1
294 6 0 1024 0 0 0.0
295 5 0 1024 0 0 0.0
295 3 1 1024 1 1 0.1
296 4 0 1024 0 0 0.0
296 3 1 1024 1 1 0.1
297 2 1 1024 1 1 0.1
297 5 0 1024 0 0 0.0
298 4 0 1024 0 0 0.0
298 3 1 1024 1 1 0.1
299 4 0 1024 0 0 0.0
299 2 2 1024 2 2 0.2
300 3 0 1024 0 0 0.0
301 3 0 1024 0 0 0.0
302 5 0 1024 0 0 0.0
302 3 2 1024 2 2 0.2
302 4 1 1024 1 1 0.1
303 2 3 1024 3 3 0.3
303 4 0 1024 0 0 0.0
304 3 0 1024 0 0 0.0
305 3 0 1024 0 0 0.0
306 4 0 1024 0 0 0.0
306 2 2 1024 2 2 0.2
307 2 1 1024 1 1 0.1
307 3 0 1024 0 0 0.0
308 3 0 1024 0 0 0.0
309 4 0 1024 0 0 0.0
310 3 0 1024 0 0 0.0
311 4 0 1024 0 0 0.0
311 2 3 1024 3 3 0.3
311 3 2 1024 2 2 0.2
312 3 2 1024 2 2 0.2
312 4 0 1024 0 0 0.0
313 3 0 1024 0 0 0.0
314 4 0 1024 0 0 0.0
314 3 1 1024 1 1 0.1
315 4 0 1024 0 0 0.0
315 3 2 1024 2 2 0.2
316 4 0 1024 0 0 0.0
316 2 2 1024 2 2 0.2
317 5 0 1024 0 0 0.0
317 3 1 1024 1 1 0.1
318 4 0 1024 0 0 0.0
318 2 3 1024 3 3 0.3
319 6 0 1024 0 0 0.0
319 2 2 1024 2 2 0.2
319 5 1 1024 1 1 0.1
320 1 7 1024 7 7 0.7
320 5 0 1024 0 0 0.0
320 4 1 1024 1 1 0.1
320 3 3 1024 3 3 0.3
321 3 2 1024 2 2 0.2
321 4 0 1024 0 0 0.0
322 4 0 1024 0 0 0.0
323 3 0 1024 0 0 0.0
323 2 3 1024 3 3 0.3
324 3 0 1024 0 0 0.0
325 4 0 1024 0 0 0.0
325 2 2 1024 2 2 0.2
326 4 1 1024 1 1 0.1
326 5 0 1024 0 0 0.0
327 4 0 1024 0 0 0.0
327 3 2 1024 2 2 0.2
328 4 0 1024 0 0 0.0
328 3 1 1024 1 1 0.1
329 4 0 1024 0 0 0.0
330 4 0 1024 0 0 0.0
330 3 2 1024 2 2 0.2
330 1 3 1024 3 3 0.3
331 3 1 1024 1 1 0.1
331 4 0 1024 0 0 0.0
332 3 0 1024 0 0 0.0
333 3 0 1024 0 0 0.0
333 2 2 1024 2 2 0.2
334 4 0 1024 0 0 0.0
335 4 0 1024 0 0 0.0
335 3 2 1024 2 2 0.2
336 3 0 1024 0 0 0.0
337 3 1 1024 1 1 0.1
337 4 0 1024 0 0 0.0
338 3 0 1024 0 0 0.0
339 4 0 1024 0 0 0.0
339 3 1 1024 1 1 0.1
340 4 0 1024 0 0 0.0
340 3 1 1024 1 1 0.1
341 3 1 1024 1 1 0.1
341 4 0 1024 0 0 0.0
342 5 0 1024 0 0 0.0
343 5 0 1024 0 0 0.0
343 2 3 1024 3 3 0.3
344 3 0 1024 0 0 0.0
345 3 1 1024 1 1 0.1
345 4 0 1024 0 0 0.0
346 5 0 1024 0 0 0.0
346 3 3 1024 3 3 0.3
346 4 1 1024 1 1 0.1
347 3 3 1024 3 3 0.3
347 1 6 1024 6 6 0.6
347 4 0 1024 0 0 0.0
347 2 4 1024 4 4 0.4
348 3 0 1024 0 0 0.0
349 4 0 1024 0 0 0.0
349 2 4 1024 4 4 0.4
350 2 4 1024 4 4 0.4
350 4 0 1024 0 0 0.0
350 3 2 1024 2 2 0.2
351 5 0 1024 0 0 0.0
351 3 1 1024 1 1 0.1
352 3 0 1024 0 0 0.0
353 3 0 1024 0 0 0.0
353 1 1 1024 1 1 0.1
354 5 0 1024 0 0 0.0
354 3 1 1024 1 1 0.1
355 4 0 1024 0 0 0.0
355 2 4 1024 4 4 0.4
356 3 1 1024 1 1 0.1
356 5 0 1024 0 0 0.0
356 2 2 1024 2 2 0.2
357 3 2 1024 2 2 0.2
357 4 0 1024 0 0 0.0
358 2 0 1024 0 0 0.0
359 3 0 1024 0 0 0.0
360 3 0 1024 0 0 0.0
361 2 0 1024 0 0 0.0
361 1 4 1024 4 4 0.4
362 2 0 1024 0 0 0.0
363 1 4 1024 4 4 0.4
363 2 0 1024 0 0 0.0
364 5 0 1024 0 0 0.0
364 2 1 1024 1 1 0.1
365 3 1 1024 1 1 0.1
365 6 0 1024 0 0 0.0
366 3 0 1024 0 0 0.0
366 2 1 1024 1 1 0.1
367 3 0 1024 0 0 0.0
368 3 0 1024 0 0 0.0
368 1 2 1024 2 2 0.2
369 6 0 1024 0 0 0.0
369 4 1 1024 1 1 0.1
370 3 1 1024 1 1 0.1
370 4 0 1024 0 0 0.0
371 5 0 1024 0 0 0.0
371 2 3 1024 3 3 0.3
372 3 0 1024 0 0 0.0
373 2 1 1024 1 1 0.1
373 4 0 1024 0 0 0.0
374 3 0 1024 0 0 0.0
375 3 0 1024 0 0 0.0
376 2 4 1024 4 4 0.4
376 3 1 1024 1 1 0.1
376 4 0 1024 0 0 0.0
377 2 4 1024 4 4 0.4
377 4 0 1024 0 0 0.0
378 2 2 1024 2 2 0.2
378 5 0 1024 0 0 0.0
378 4 1 1024 1 1 0.1
379 3 0 1024 0 0 0.0
380 3 1 1024 1 1 0.1
380 4 0 1024 0 0 0.0
381 3 0 1024 0 0 0.0
382 6 0 1024 0 0 0.0
382 3 2 1024 2 2 0.2
383 4 0 1024 0 0 0.0
384 4 0 1024 0 0 0.0
384 3 1 1024 1 1 0.1
385 4 0 1024 0 0 0.0
385 1 6 1024 6 6 0.6
386 4 0 1024 0 0 0.0
386 2 2 1024 2 2 0.2
387 3 1 1024 1 1 0.1
387 1 4 1024 4 4 0.4
387 4 0 1024 0 0 0.0
388 5 0 1024 0 0 0.0
388 2 2 1024 2 2 0.2
388 4 1 1024 1 1 0.1
389 2 2 1024 2 2 0.2
389 5 0 1024 0 0 0.0
390 3 1 1024 1 1 0.1
390 5 0 1024 0 0 0.0
391 4 0 1024 0 0 0.0
392 3 0 1024 0 0 0.0
392 2 2 1024 2 2 0.2
393 4 0 1024 0 0 0.0
394 3 0 1024 0 0 0.0
394 1 5 1024 5 5 0.5
395 3 0 1024 0 0 0.0
396 2 3 1024 3 3 0.3
396 5 0 1024 0 0 0.0
396 3 1 1024 1 1 0.1
397 3 0 1024 0 0 0.0
398 2 0 1024 0 0 0.0
399 3 0 1024 0 0 0.0
400 3 0 1024 0 0 0.0
401 3 2 1024 2 2 0.2
401 4 0 1024 0 0 0.0
402 3 0 1024 0 0 0.0
403 4 0 1024 0 0 0.0
404 4 0 1024 0 0 0.0
404 3 3 1024 3 3 0.3
405 2 1 1024 1 1 0.1
405 6 0 1024 0 0 0.0
406 2 0 1024 0 0 0.0
407 2 1 1024 1 1 0.1
407 3 0 1024 0 0 0.0
408 2 4 1024 4 4 0.4
408 3 0 1024 0 0 0.0
409 4 0 1024 0 0 0.0
409 3 2 1024 2 2 0.2
410 2 0 1024 0 0 0.0
411 3 0 1024 0 0 0.0
412 2 1 1024 1 1 0.1
412 5 0 1024 0 0 0.0
413 3 1 1024 1 1 0.1
413 2 3 1024 3 3 0.3
413 4 0 1024 0 0 0.0
414 3 0 1024 0 0 0.0
414 2 3 1024 3 3 0.3
415 2 2 1024 2 2 0.2
415 5 0 1024 0 0 0.0
416 3 0 1024 0 0 0.0
417 5 0 1024 0 0 0.0
417 3 2 1024 2 2 0.2
418 5 0 1024 0 0 0.0
418 3 4 1024 4 4 0.4
418 4 1 1024 1 1 0.1
419 2 4 1024 4 4 0.4
419 4 0 1024 0 0 0.0
419 3 2 1024 2 2 0.2
420 5 0 1024 0 0 0.0
420 3 1 1024 1 1 0.1
420 1 2 1024 2 2 0.2
421 4 0 1024 0 0 0.0
422 5 0 1024 0 0 0.0
422 3 1 1024 1 1 0.1
422 2 2 1024 2 2 0.2
423 4 0 1024 0 0 0.0
424 2 2 1024 2 2 0.2
424 4 0 1024 0 0 0.0
425 2 1 1024 1 1 0.1
425 4 0 1024 0 0 0.0
426 3 1 1024 1 1 0.1
426 5 0 1024 0 0 0.0
427 4 0 1024 0 0 0.0
427 2 1 1024 1 1 0.1
428 4 0 1024 0 0 0.0
428 2 3 1024 3 3 0.3
429 3 0 1024 0 0 0.0
430 2 6 1024 6 6 0.6
430 5 0 1024 0 0 0.0
431 1 3 1024 3 3 0.3
431 4 0 1024 0 0 0.0
432 3 2 1024 2 2 0.2
432 4 1 1024 1 1 0.1
432 5 0 1024 0 0 0.0
433 4 0 1024 0 0 0.0
434 4 0 1024 0 0 0.0
435 2 0 1024 0 0 0.0
436 4 0 1024 0 0 0.0
437 3 2 1024 2 2 0.2
437 4 0 1024 0 0 0.0
438 3 3 1024 3 3 0.3
438 4 0 1024 0 0 0.0
439 2 2 1024 2 2 0.2
439 3 0 1024 0 0 0.0
440 3 0 1024 0 0 0.0
441 4 0 1024 0 0 0.0
442 1 6 1024 6 6 0.6
442 4 0 1024 0 0 0.0
442 3 3 1024 3 3 0.3
443 4 0 1024 0 0 0.0
444 5 0 1024 0 0 0.0
444 3 1 1024 1 1 0.1
445 4 0 1024 0 0 0.0
446 2 2 1024 2 2 0.2
446 4 1 1024 1 1 0.1
446 5 0 1024 0 0 0.0
447 5 0 1024 0 0 0.0
447 3 1 1024 1 1 0.1
448 3 1 1024 1 1 0.1
448 6 0 1024 0 0 0.0
448 1 3 1024 3 3 0.3
449 3 0 1024 0 0 0.0
449 2 1 1024 1 1 0.1
450 3 0 1024 0 0 0.0
451 4 0 1024 0 0 0.0
451 3 1 1024 1 1 0.1
452 5 0 1024 0 0 0.0
452 4 1 1024 1 1 0.1
453 3 4 1024 4 4 0.4
453 5 0 1024 0 0 0.0
453 4 1 1024 1 1 0.1
454 5 0 1024 0 0 0.0
454 3 3 1024 3 3 0.3
455 3 0 1024 0 0 0.0
455 2 1 1024 1 1 0.1
456 2 3 1024 3 3 0.3
456 3 0 1024 0 0 0.0
457 4 0 1024 0 0 0.0
457 2 2 1024 2 2 0.2
458 2 1 1024 1 1 0.1
458 3 0 1024 0 0 0.0
459 4 0 1024 0 0 0.0
459 3 7 1024 7 7 0.7
460 3 0 1024 0 0 0.0
461 1 3 1024 3 3 0.3
461 3 0 1024 0 0 0.0
462 3 1 1024 1 1 0.1
462 4 0 1024 0 0 0.0
463 4 0 1024 0 0 0.0
463 2 2 1024 2 2 0.2
463 3 1 1024 1 1 0.1
464 4 0 1024 0 0 0.0
464 3 1 1024 1 1 0.1
465 4 0 1024 0 0 0.0
465 2 3 1024 3 3 0.3
466 2 1 1024 1 1 0.1
466 4 0 1024 0 0 0.0
467 4 0 1024 0 0 0.0
467 2 4 1024 4 4 0.4
467 3 1 1024 1 1 0.1
468 3 0 1024 0 0 0.0
469 2 2 1024 2 2 0.2
469 3 0 1024 0 0 0.0
470 4 0 1024 0 0 0.0
470 3 2 1024 2 2 0.2
471 3 2 1024 2 2 0.2
471 5 0 1024 0 0 0.0
471 2 6 1024 6 6 0.6
472 2 4 1024 4 4 0.4
472 4 0 1024 0 0 0.0
473 2 0 1024 0 0 0.0
474 3 1 1024 1 1 0.1
474 2 3 1024 3 3 0.3
474 4 0 1024 0 0 0.0
475 4 0 1024 0 0 0.0
475 3 2 1024 2 2 0.2
476 4 0 1024 0 0 0.0
477 3 1 1024 1 1 0.1
477 1 6 1024 6 6 0.6
477 5 0 1024 0 0 0.0
478 3 2 1024 2 2 0.2
478 5 0 1024 0 0 0.0
478 4 1 1024 1 1 0.1
479 2 4 1024 4 4 0.4
479 3 0 1024 0 0 0.0
480 3 1 1024 1 1 0.1
480 5 0 1024 0 0 0.0
481 3 1 1024 1 1 0.1
481 2 3 1024 3 3 0.3
481 4 0 1024 0 0 0.0
482 5 0 1024 0 0 0.0
482 4 1 1024 1 1 0.1
482 2 2 1024 2 2 0.2
483 2 0 1024 0 0 0.0
484 3 1 1024 1 1 0.1
484 5 0 1024 0 0 0.0
485 4 0 1024 0 0 0.0
486 4 1 1024 1 1 0.1
486 7 0 1024 0 0 0.0
486 3 4 1024 4 4 0.4
487 3 0 1024 0 0 0.0
488 3 0 1024 0 0 0.0
488 2 2 1024 2 2 0.2
489 5 0 1024 0 0 0.0
489 3 1 1024 1 1 0.1
490 4 0 1024 0 0 0.0
490 2 2 1024 2 2 0.2
490 3 1 1024 1 1 0.1
491 4 0 1024 0 0 0.0
491 3 2 1024 2 2 0.2
491 1 6 1024 6 6 0.6
491 2 4 1024 4 4 0.4
492 3 0 1024 0 0 0.0
492 1 4 1024 4 4 0.4
493 3 0 1024 0 0 0.0
494 3 2 1024 2 2 0.2
494 1 3 1024 3 3 0.3
494 4 0 1024 0 0 0.0
495 4 0 1024 0 0 0.0
495 2 1 1024 1 1 0.1
496 3 1 1024 1 1 0.1
496 4 0 1024 0 0 0.0
497 3 3 1024 3 3 0.3
497 4 0 1024 0 0 0.0
498 3 5 1024 5 5 0.5
498 4 0 1024 0 0 0.0
499 6 0 1024 0 0 0.0
499 2 4 1024 4 4 0.4
499 5 2 1024 2 2 0.2
500 4 0 1024 0 0 0.0
501 4 0 1024 0 0 0.0
501 3 2 1024 2 2 0.2
502 5 0 1024 0 0 0.0
502 3 1 1024 1 1 0.1
503 3 3 1024 3 3 0.3
503 4 0 1024 0 0 0.0
504 5 1 1024 1 1 0.1
504 6 0 1024 0 0 0.0
504 3 3 1024 3 3 0.3
505 3 1 1024 1 1 0.1
505 4 0 1024 0 0 0.0
506 4 0 1024 0 0 0.0
506 3 1 1024 1 1 0.1
506 2 3 1024 3 3 0.3
507 3 0 1024 0 0 0.0
508 2 0 1024 0 0 0.0
509 4 0 1024 0 0 0.0
510 3 0 1024 0 0 0.0
511 4 0 1024 0 0 0.0
511 2 1 1024 1 1 0.1
512 5 0 1024 0 0 0.0
512 4 1 1024 1 1 0.1
513 3 0 1024 0 0 0.0
514 3 0 1024 0 0 0.0
515 3 1 1024 1 1 0.1
515 4 0 1024 0 0 0.0
516 4 0 1024 0 0 0.0
517 4 0 1024 0 0 0.0
518 5 0 1024 0 0 0.0
518 4 1 1024 1 1 0.1
519 4 1 1024 1 1 0.1
519 5 0 1024 0 0 0.0
520 2 0 1024 0 0 0.0
521 4 0 1024 0 0 0.0
522 4 1 1024 1 1 0.1
522 5 0 1024 0 0 0.0
522 3 3 1024 3 3 0.3
523 5 0 1024 0 0 0.0
523 3 2 1024 2 2 0.2
524 5 0 1024 0 0 0.0
524 2 1 1024 1 1 0.1
525 6 0 1024 0 0 0.0
525 2 1 1024 1 1 0.1
526 1 5 1024 5 5 0.5
526 5 0 1024 0 0 0.0
526 3 1 1024 1 1 0.1
527 4 0 1024 0 0 0.0
528 3 0 1024 0 0 0.0
529 3 1 1024 1 1 0.1
529 5 0 1024 0 0 0.0
530 3 0 1024 0 0 0.0
531 6 0 1024 0 0 0.0
531 3 3 1024 3 3 0.3
532 3 0 1024 0 0 0.0
533 4 0 1024 0 0 0.0
533 2 2 1024 2 2 0.2
534 3 0 1024 0 0 0.0
535 3 2 1024 2 2 0.2
535 4 1 1024 1 1 0.1
535 5 0 1024 0 0 0.0
536 5 0 1024 0 0 0.0
536 3 2 1024 2 2 0.2
536 4 1 1024 1 1 0.1
537 5 0 1024 0 0 0.0
537 2 1 1024 1 1 0.1
538 4 0 1024 0 0 0.0
538 3 2 1024 2 2 0.2
539 2 3 1024 3 3 0.3
539 3 0 1024 0 0 0.0
540 4 0 1024 0 0 0.0
540 2 3 1024 3 3 0.3
540 1 6 1024 6 6 0.6
541 3 0 1024 0 0 0.0
542 4 2 1024 2 2 0.2
542 5 0 1024 0 0 0.0
543 2 0 1024 0 0 0.0
544 3 0 1024 0 0 0.0
544 2 3 1024 3 3 0.3
545 3 1 1024 1 1 0.1
545 4 0 1024 0 0 0.0
546 6 0 1024 0 0 0.0
546 3 1 1024 1 1 0.1
547 3 0 1024 0 0 0.0
548 3 0 1024 0 0 0.0
548 2 2 1024 2 2 0.2
549 4 0 1024 0 0 0.0
550 3 0 1024 0 0 0.0
551 2 3 1024 3 3 0.3
551 4 0 1024 0 0 0.0
552 2 1 1024 1 1 0.1
552 1 7 1024 7 7 0.7
552 4 0 1024 0 0 0.0
553 3 1 1024 1 1 0.1
553 1 6 1024 6 6 0.6
553 4 0 1024 0 0 0.0
554 4 0 1024 0 0 0.0
554 2 1 1024 1 1 0.1
555 2 5 1024 5 5 0.5
555 5 0 1024 0 0 0.0
555 4 1 1024 1 1 0.1
556 5 0 1024 0 0 0.0
556 4 1 1024 1 1 0.1
557 4 0 1024 0 0 0.0
558 0 10 1024 10 10 1.0
558 3 0 1024 0 0 0.0
559 4 1 1024 1 1 0.1
559 2 2 1024 2 2 0.2
559 5 0 1024 0 0 0.0
560 3 0 1024 0 0 0.0
560 1 2 1024 2 2 0.2
561 2 1 1024 1 1 0.1
561 4 0 1024 0 0 0.0
562 3 1 1024 1 1 0.1
562 5 0 1024 0 0 0.0
563 6 0 1024 0 0 0.0
563 3 1 1024 1 1 0.1
564 3 1 1024 1 1 0.1
564 4 0 1024 0 0 0.0
565 4 0 1024 0 0 0.0
566 4 1 1024 1 1 0.1
566 5 0 1024 0 0 0.0
567 5 0 1024 0 0 0.0
567 4 1 1024 1 1 0.1
567 3 2 1024 2 2 0.2
568 3 1 1024 1 1 0.1
568 5 0 1024 0 0 0.0
569 4 0 1024 0 0 0.0
569 3 4 1024 4 4 0.4
570 2 0 1024 0 0 0.0
571 3 0 1024 0 0 0.0
571 1 3 1024 3 3 0.3
571 2 1 1024 1 1 0.1
572 3 1 1024 1 1 0.1
572 4 0 1024 0 0 0.0
573 3 2 1024 2 2 0.2
573 4 1 1024 1 1 0.1
573 5 0 1024 0 0 0.0
573 2 6 1024 6 6 0.6
574 3 0 1024 0 0 0.0
575 5 0 1024 0 0 0.0
575 0 10 1024 10 10 1.0
576 3 0 1024 0 0 0.0
577 4 0 1024 0 0 0.0
578 4 0 1024 0 0 0.0
578 3 1 1024 1 1 0.1
579 3 5 1024 5 5 0.5
579 4 0 1024 0 0 0.0
580 2 1 1024 1 1 0.1
580 3 0 1024 0 0 0.0
581 4 0 1024 0 0 0.0
581 3 1 1024 1 1 0.1
582 4 0 1024 0 0 0.0
583 4 0 1024 0 0 0.0
583 3 2 1024 2 2 0.2
583 2 3 1024 3 3 0.3
584 3 1 1024 1 1 0.1
584 4 0 1024 0 0 0.0
585 5 0 1024 0 0 0.0
586 4 0 1024 0 0 0.0
586 3 1 1024 1 1 0.1
587 3 0 1024 0 0 0.0
587 1 4 1024 4 4 0.4
587 2 2 1024 2 2 0.2
588 3 0 1024 0 0 0.0
589 5 0 1024 0 0 0.0
589 2 4 1024 4 4 0.4
589 3 1 1024 1 1 0.1
590 3 4 1024 4 4 0.4
590 4 0 1024 0 0 0.0
591 6 0 1024 0 0 0.0
591 5 1 1024 1 1 0.1
592 4 0 1024 0 0 0.0
593 4 0 1024 0 0 0.0
594 4 0 1024 0 0 0.0
594 3 1 1024 1 1 0.1
595 2 1 1024 1 1 0.1
595 5 0 1024 0 0 0.0
596 3 0 1024 0 0 0.0
596 1 7 1024 7 7 0.7
597 2 0 1024 0 0 0.0
598 5 0 1024 0 0 0.0
598 3 1 1024 1 1 0.1
599 4 1 1024 1 1 0.1
599 3 2 1024 2 2 0.2
599 5 0 1024 0 0 0.0
600 3 1 1024 1 1 0.1
600 4 0 1024 0 0 0.0
601 6 0 1024 0 0 0.0
601 1 1 1024 1 1 0.1
602 4 0 1024 0 0 0.0
603 2 1 1024 1 1 0.1
603 5 0 1024 0 0 0.0
604 3 0 1024 0 0 0.0
604 1 6 1024 6 6 0.6
605 3 1 1024 1 1 0.1
605 4 0 1024 0 0 0.0
605 1 5 1024 5 5 0.5
606 2 0 1024 0 0 0.0
607 1 5 1024 5 5 0.5
607 2 3 1024 3 3 0.3
607 4 0 1024 0 0 0.0
608 4 0 1024 0 0 0.0
608 2 1 1024 1 1 0.1
609 4 0 1024 0 0 0.0
609 2 1 1024 1 1 0.1
610 4 0 1024 0 0 0.0
610 3 1 1024 1 1 0.1
611 4 2 1024 2 2 0.2
611 5 0 1024 0 0 0.0
612 1 6 1024 6 6 0.6
612 4 0 1024 0 0 0.0
613 3 0 1024 0 0 0.0
614 2 2 1024 2 2 0.2
614 4 0 1024 0 0 0.0
615 3 0 1024 0 0 0.0
616 1 6 1024 6 6 0.6
616 4 1 1024 1 1 0.1
616 5 0 1024 0 0 0.0
617 4 2 1024 2 2 0.2
617 5 0 1024 0 0 0.0
617 3 3 1024 3 3 0.3
618 3 0 1024 0 0 0.0
619 6 0 1024 0 0 0.0
619 2 1 1024 1 1 0.1
620 4 1 1024 1 1 0.1
620 5 0 1024 0 0 0.0
621 5 0 1024 0 0 0.0
621 1 4 1024 4 4 0.4
622 4 0 1024 0 0 0.0
622 2 3 1024 3 3 0.3
622 3 1 1024 1 1 0.1
623 3 0 1024 0 0 0.0
624 4 0 1024 0 0 0.0
625 4 0 1024 0 0 0.0
625 3 3 1024 3 3 0.3
625 2 5 1024 5 5 0.5
626 2 3 1024 3 3 0.3
626 3 0 1024 0 0 0.0
627 5 0 1024 0 0 0.0
627 2 3 1024 3 3 0.3
628 2 3 1024 3 3 0.3
628 4 0 1024 0 0 0.0
629 4 0 1024 0 0 0.0
629 3 1 1024 1 1 0.1
630 4 0 1024 0 0 0.0
630 3 3 1024 3 3 0.3
631 3 0 1024 0 0 0.0
632 4 0 1024 0 0 0.0
632 2 5 1024 5 5 0.5
632 3 1 1024 1 1 0.1
633 4 0 1024 0 0 0.0
633 3 1 1024 1 1 0.1
633 1 4 1024 4 4 0.4
634 2 1 1024 1 1 0.1
634 3 0 1024 0 0 0.0
635 3 0 1024 0 0 0.0
636 3 0 1024 0 0 0.0
637 5 0 1024 0 0 0.0
637 2 4 1024 4 4 0.4
638 3 0 1024 0 0 0.0
638 1 2 1024 2 2 0.2
639 3 0 1024 0 0 0.0
640 2 3 1024 3 3 0.3
640 3 1 1024 1 1 0.1
640 4 0 1024 0 0 0.0
641 3 0 1024 0 0 0.0
642 3 0 1024 0 0 0.0
643 3 0 1024 0 0 0.0
644 2 0 1024 0 0 0.0
645 3 0 1024 0 0 0.0
646 5 0 1024 0 0 0.0
646 3 1 1024 1 1 0.1
647 4 0 1024 0 0 0.0
647 3 1 1024 1 1 0.1
648 1 4 1024 4 4 0.4
648 3 0 1024 0 0 0.0
649 4 0 1024 0 0 0.0
650 4 0 1024 0 0 0.0
651 4 0 1024 0 0 0.0
651 2 4 1024 4 4 0.4
652 3 0 1024 0 0 0.0
652 2 2 1024 2 2 0.2
653 5 0 1024 0 0 0.0
653 2 3 1024 3 3 0.3
653 3 1 1024 1 1 0.1
654 3 1 1024 1 1 0.1
654 4 0 1024 0 0 0.0
655 1 2 1024 2 2 0.2
655 2 0 1024 0 0 0.0
656 2 1 1024 1 1 0.1
656 4 0 1024 0 0 0.0
657 4 0 1024 0 0 0.0
657 2 1 1024 1 1 0.1
658 3 1 1024 1 1 0.1
658 2 3 1024 3 3 0.3
658 5 0 1024 0 0 0.0
659 2 0 1024 0 0 0.0
660 4 1 1024 1 1 0.1
660 7 0 1024 0 0 0.0
661 4 0 1024 0 0 0.0
662 3 0 1024 0 0 0.0
662 2 2 1024 2 2 0.2
663 2 2 1024 2 2 0.2
663 4 0 1024 0 0 0.0
664 3 1 1024 1 1 0.1
664 4 0 1024 0 0 0.0
665 5 0 1024 0 0 0.0
665 3 2 1024 2 2 0.2
665 4 1 1024 1 1 0.1
666 2 2 1024 2 2 0.2
666 4 0 1024 0 0 0.0
667 4 1 1024 1 1 0.1
667 5 0 1024 0 0 0.0
667 1 2 1024 2 2 0.2
668 4 0 1024 0 0 0.0
668 2 3 1024 3 3 0.3
668 3 1 1024 1 1 0.1
669 2 1 1024 1 1 0.1
669 5 0 1024 0 0 0.0
670 4 0 1024 0 0 0.0
670 2 5 1024 5 5 0.5
671 3 0 1024 0 0 0.0
672 3 1 1024 1 1 0.1
672 4 0 1024 0 0 0.0
673 2 3 1024 3 3 0.3
673 3 1 1024 1 1 0.1
673 4 0 1024 0 0 0.0
674 3 1 1024 1 1 0.1
674 5 0 1024 0 0 0.0
675 4 1 1024 1 1 0.1
675 3 2 1024 2 2 0.2
675 5 0 1024 0 0 0.0
676 3 1 1024 1 1 0.1
676 5 0 1024 0 0 0.0
676 1 4 1024 4 4 0.4
677 1 5 1024 5 5 0.5
677 5 0 1024 0 0 0.0
677 2 1 1024 1 1 0.1
678 4 0 1024 0 0 0.0
678 3 1 1024 1 1 0.1
679 2 1 1024 1 1 0.1
679 1 4 1024 4 4 0.4
679 5 0 1024 0 0 0.0
680 2 0 1024 0 0 0.0
681 4 0 1024 0 0 0.0
681 2 3 1024 3 3 0.3
682 2 3 1024 3 3 0.3
682 3 0 1024 0 0 0.0
683 2 1 1024 1 1 0.1
683 4 0 1024 0 0 0.0
684 4 0 1024 0 0 0.0
684 1 6 1024 6 6 0.6
684 3 1 1024 1 1 0.1
685 1 1 1024 1 1 0.1
685 3 0 1024 0 0 0.0
686 4 0 1024 0 0 0.0
687 3 0 1024 0 0 0.0
688 3 0 1024 0 0 0.0
689 3 0 1024 0 0 0.0
689 2 1 1024 1 1 0.1
690 2 1 1024 1 1 0.1
690 4 0 1024 0 0 0.0
691 5 0 1024 0 0 0.0
692 4 3 1024 3 3 0.3
692 5 0 1024 0 0 0.0
693 3 0 1024 0 0 0.0
694 4 0 1024 0 0 0.0
694 3 2 1024 2 2 0.2
695 3 0 1024 0 0 0.0
696 4 1 1024 1 1 0.1
696 3 3 1024 3 3 0.3
696 5 0 1024 0 0 0.0
697 4 0 1024 0 0 0.0
697 3 2 1024 2 2 0.2
698 3 0 1024 0 0 0.0
699 5 0 1024 0 0 0.0
699 1 3 1024 3 3 0.3
699 4 1 1024 1 1 0.1
700 3 2 1024 2 2 0.2
700 5 0 1024 0 0 0.0
701 2 0 1024 0 0 0.0
702 5 0 1024 0 0 0.0
702 3 2 1024 2 2 0.2
702 4 1 1024 1 1 0.1
703 3 5 1024 5 5 0.5
703 4 4 1024 4 4 0.4
703 5 0 1024 0 0 0.0
704 3 2 1024 2 2 0.2
704 4 0 1024 0 0 0.0
705 4 0 1024 0 0 0.0
705 2 4 1024 4 4 0.4
706 3 0 1024 0 0 0.0
707 3 0 1024 0 0 0.0
708 3 0 1024 0 0 0.0
709 4 0 1024 0 0 0.0
710 3 0 1024 0 0 0.0
711 4 0 1024 0 0 0.0
712 3 0 1024 0 0 0.0
713 1 4 1024 4 4 0.4
713 5 0 1024 0 0 0.0
713 3 3 1024 3 3 0.3
714 3 2 1024 2 2 0.2
714 4 0 1024 0 0 0.0
715 1 6 1024 6 6 0.6
715 4 0 1024 0 0 0.0
715 3 1 1024 1 1 0.1
715 2 2 1024 2 2 0.2
716 2 3 1024 3 3 0.3
716 3 0 1024 0 0 0.0
717 2 3 1024 3 3 0.3
717 3 0 1024 0 0 0.0
718 3 0 1024 0 0 0.0
718 2 4 1024 4 4 0.4
719 3 0 1024 0 0 0.0
720 2 6 1024 6 6 0.6
720 3 1 1024 1 1 0.1
720 5 0 1024 0 0 0.0
721 4 0 1024 0 0 0.0
721 3 2 1024 2 2 0.2
722 4 1 1024 1 1 0.1
722 3 4 1024 4 4 0.4
722 5 0 1024 0 0 0.0
722 0 10 1024 10 10 1.0
723 5 0 1024 0 0 0.0
723 3 2 1024 2 2 0.2
724 4 0 1024 0 0 0.0
725 4 0 1024 0 0 0.0
725 2 2 1024 2 2 0.2
726 3 3 1024 3 3 0.3
726 5 0 1024 0 0 0.0
727 3 0 1024 0 0 0.0
728 3 1 1024 1 1 0.1
728 4 0 1024 0 0 0.0
729 1 5 1024 5 5 0.5
729 3 0 1024 0 0 0.0
730 2 0 1024 0 0 0.0
731 4 0 1024 0 0 0.0
732 2 4 1024 4 4 0.4
732 4 0 1024 0 0 0.0
733 2 0 1024 0 0 0.0
734 4 0 1024 0 0 0.0
734 2 2 1024 2 2 0.2
734 3 1 1024 1 1 0.1
735 5 0 1024 0 0 0.0
735 3 2 1024 2 2 0.2
736 4 0 1024 0 0 0.0
737 5 0 1024 0 0 0.0
737 3 1 1024 1 1 0.1
738 2 0 1024 0 0 0.0
739 4 0 1024 0 0 0.0
740 3 1 1024 1 1 0.1
740 5 0 1024 0 0 0.0
741 4 0 1024 0 0 0.0
742 3 3 1024 3 3 0.3
742 4 0 1024 0 0 0.0
743 2 2 1024 2 2 0.2
743 4 0 1024 0 0 0.0
743 3 1 1024 1 1 0.1
744 3 0 1024 0 0 0.0
744 2 3 1024 3 3 0.3
745 3 0 1024 0 0 0.0
746 3 1 1024 1 1 0.1
746 4 0 1024 0 0 0.0
747 4 0 1024 0 0 0.0
747 2 4 1024 4 4 0.4
748 4 0 1024 0 0 0.0
748 2 1 1024 1 1 0.1
749 3 0 1024 0 0 0.0
749 2 1 1024 1 1 0.1
750 3 4 1024 4 4 0.4
750 4 0 1024 0 0 0.0
751 3 1 1024 1 1 0.1
751 2 5 1024 5 5 0.5
751 5 0 1024 0 0 0.0
752 6 0 1024 0 0 0.0
752 3 1 1024 1 1 0.1
753 3 1 1024 1 1 0.1
753 6 0 1024 0 0 0.0
754 4 0 1024 0 0 0.0
754 2 3 1024 3 3 0.3
755 3 1 1024 1 1 0.1
755 5 0 1024 0 0 0.0
756 3 2 1024 2 2 0.2
756 5 0 1024 0 0 0.0
757 1 4 1024 4 4 0.4
757 2 2 1024 2 2 0.2
757 4 0 1024 0 0 0.0
758 4 0 1024 0 0 0.0
759 5 0 1024 0 0 0.0
759 3 3 1024 3 3 0.3
759 4 1 1024 1 1 0.1
760 3 0 1024 0 0 0.0
761 4 0 1024 0 0 0.0
762 3 0 1024 0 0 0.0
763 3 3 1024 3 3 0.3
763 5 0 1024 0 0 0.0
763 4 1 1024 1 1 0.1
763 2 5 1024 5 5 0.5
764 3 2 1024 2 2 0.2
764 4 1 1024 1 1 0.1
764 5 0 1024 0 0 0.0
765 5 0 1024 0 0 0.0
765 3 1 1024 1 1 0.1
766 5 0 1024 0 0 0.0
766 3 1 1024 1 1 0.1
766 2 2 1024 2 2 0.2
767 2 2 1024 2 2 0.2
767 5 0 1024 0 0 0.0
768 5 0 1024 0 0 0.0
768 4 2 1024 2 2 0.2
769 3 0 1024 0 0 0.0
769 2 1 1024 1 1 0.1
770 4 0 1024 0 0 0.0
771 4 0 1024 0 0 0.0
772 3 0 1024 0 0 0.0
773 2 2 1024 2 2 0.2
773 4 0 1024 0 0 0.0
774 3 0 1024 0 0 0.0
775 3 1 1024 1 1 0.1
775 4 0 1024 0 0 0.0
776 3 0 1024 0 0 0.0
777 3 0 1024 0 0 0.0
778 3 0 1024 0 0 0.0
779 6 0 1024 0 0 0.0
779 2 4 1024 4 4 0.4
779 5 1 1024 1 1 0.1
780 5 0 1024 0 0 0.0
781 2 2 1024 2 2 0.2
781 3 0 1024 0 0 0.0
782 2 3 1024 3 3 0.3
782 3 1 1024 1 1 0.1
782 4 0 1024 0 0 0.0
783 1 5 1024 5 5 0.5
783 6 0 1024 0 0 0.0
783 2 1 1024 1 1 0.1
784 4 1 1024 1 1 0.1
784 5 0 1024 0 0 0.0
785 7 0 1024 0 0 0.0
785 3 1 1024 1 1 0.1
786 5 0 1024 0 0 0.0
786 2 1 1024 1 1 0.1
787 4 1 1024 1 1 0.1
787 5 0 1024 0 0 0.0
788 5 0 1024 0 0 0.0
788 2 3 1024 3 3 0.3
788 4 2 1024 2 2 0.2
789 3 2 1024 2 2 0.2
789 5 0 1024 0 0 0.0
790 4 0 1024 0 0 0.0
791 2 1 1024 1 1 0.1
791 6 0 1024 0 0 0.0
792 2 4 1024 4 4 0.4
792 3 0 1024 0 0 0.0
793 3 0 1024 0 0 0.0
794 3 2 1024 2 2 0.2
794 4 0 1024 0 0 0.0
795 3 1 1024 1 1 0.1
795 4 0 1024 0 0 0.0
796 5 0 1024 0 0 0.0
796 4 1 1024 1 1 0.1
797 4 0 1024 0 0 0.0
797 3 2 1024 2 2 0.2
798 5 0 1024 0 0 0.0
798 4 2 1024 2 2 0.2
799 4 0 1024 0 0 0.0
800 4 0 1024 0 0 0.0
801 2 1 1024 1 1 0.1
801 4 0 1024 0 0 0.0
802 3 0 1024 0 0 0.0
802 1 6 1024 6 6 0.6
803 5 0 1024 0 0 0.0
803 2 2 1024 2 2 0.2
803 4 1 1024 1 1 0.1
804 2 2 1024 2 2 0.2
804 3 0 1024 0 0 0.0
805 3 0 1024 0 0 0.0
806 3 3 1024 3 3 0.3
806 2 4 1024 4 4 0.4
806 4 0 1024 0 0 0.0
807 4 0 1024 0 0 0.0
808 2 2 1024 2 2 0.2
808 4 0 1024 0 0 0.0
808 3 1 1024 1 1 0.1
809 3 1 1024 1 1 0.1
809 5 0 1024 0 0 0.0
809 1 5 1024 5 5 0.5
810 3 0 1024 0 0 0.0
811 3 0 1024 0 0 0.0
812 4 0 1024 0 0 0.0
813 2 2 1024 2 2 0.2
813 5 0 1024 0 0 0.0
813 3 1 1024 1 1 0.1
814 3 0 1024 0 0 0.0
815 4 1 1024 1 1 0.1
815 5 0 1024 0 0 0.0
815 3 4 1024 4 4 0.4
816 3 2 1024 2 2 0.2
816 4 0 1024 0 0 0.0
817 5 0 1024 0 0 0.0
817 2 1 1024 1 1 0.1
818 4 0 1024 0 0 0.0
819 2 2 1024 2 2 0.2
819 5 0 1024 0 0 0.0
820 4 1 1024 1 1 0.1
820 5 0 1024 0 0 0.0
821 3 0 1024 0 0 0.0
821 2 7 1024 7 7 0.7
822 4 0 1024 0 0 0.0
822 2 1 1024 1 1 0.1
823 5 0 1024 0 0 0.0
823 3 1 1024 1 1 0.1
824 4 0 1024 0 0 0.0
824 2 4 1024 4 4 0.4
825 3 0 1024 0 0 0.0
826 3 1 1024 1 1 0.1
826 4 0 1024 0 0 0.0
827 3 1 1024 1 1 0.1
827 4 0 1024 0 0 0.0
828 4 0 1024 0 0 0.0
829 4 0 1024 0 0 0.0
830 2 0 1024 0 0 0.0
831 1 2 1024 2 2 0.2
831 5 0 1024 0 0 0.0
832 4 0 1024 0 0 0.0
833 3 1 1024 1 1 0.1
833 5 0 1024 0 0 0.0
834 4 1 1024 1 1 0.1
834 3 5 1024 5 5 0.5
834 5 0 1024 0 0 0.0
835 2 6 1024 6 6 0.6
835 5 0 1024 0 0 0.0
835 4 1 1024 1 1 0.1
836 4 0 1024 0 0 0.0
836 2 4 1024 4 4 0.4
837 4 0 1024 0 0 0.0
838 3 1 1024 1 1 0.1
838 4 0 1024 0 0 0.0
839 3 0 1024 0 0 0.0
839 1 3 1024 3 3 0.3
840 5 0 1024 0 0 0.0
840 2 1 1024 1 1 0.1
841 4 0 1024 0 0 0.0
841 3 1 1024 1 1 0.1
842 2 1 1024 1 1 0.1
842 5 0 1024 0 0 0.0
843 4 0 1024 0 0 0.0
844 4 0 1024 0 0 0.0
844 1 2 1024 2 2 0.2
845 3 2 1024 2 2 0.2
845 4 0 1024 0 0 0.0
846 3 0 1024 0 0 0.0
847 4 0 1024 0 0 0.0
848 2 5 1024 5 5 0.5
848 4 0 1024 0 0 0.0
849 4 0 1024 0 0 0.0
849 2 2 1024 2 2 0.2
850 3 0 1024 0 0 0.0
851 2 0 1024 0 0 0.0
852 4 0 1024 0 0 0.0
853 4 1 1024 1 1 0.1
853 5 0 1024 0 0 0.0
854 4 0 1024 0 0 0.0
854 3 1 1024 1 1 0.1
854 2 3 1024 3 3 0.3
855 3 0 1024 0 0 0.0
855 2 1 1024 1 1 0.1
856 5 0 1024 0 0 0.0
856 3 1 1024 1 1 0.1
857 2 2 1024 2 2 0.2
857 4 0 1024 0 0 0.0
858 2 0 1024 0 0 0.0
859 4 0 1024 0 0 0.0
859 3 1 1024 1 1 0.1
860 4 0 1024 0 0 0.0
860 3 1 1024 1 1 0.1
860 2 2 1024 2 2 0.2
861 3 0 1024 0 0 0.0
862 4 0 1024 0 0 0.0
863 4 0 1024 0 0 0.0
863 3 1 1024 1 1 0.1
863 2 4 1024 4 4 0.4
864 5 0 1024 0 0 0.0
864 3 2 1024 2 2 0.2
865 2 1 1024 1 1 0.1
865 3 0 1024 0 0 0.0
866 4 0 1024 0 0 0.0
867 5 0 1024 0 0 0.0
867 3 1 1024 1 1 0.1
868 5 0 1024 0 0 0.0
868 3 1 1024 1 1 0.1
868 2 3 1024 3 3 0.3
869 2 0 1024 0 0 0.0
870 4 1 1024 1 1 0.1
870 3 2 1024 2 2 0.2
870 6 0 1024 0 0 0.0
870 1 6 1024 6 6 0.6
871 2 0 1024 0 0 0.0
872 3 4 1024 4 4 0.4
872 5 0 1024 0 0 0.0
873 3 1 1024 1 1 0.1
873 4 0 1024 0 0 0.0
874 3 0 1024 0 0 0.0
875 6 0 1024 0 0 0.0
875 4 1 1024 1 1 0.1
875 2 3 1024 3 3 0.3
876 3 1 1024 1 1 0.1
876 4 0 1024 0 0 0.0
877 2 4 1024 4 4 0.4
877 3 0 1024 0 0 0.0
878 3 1 1024 1 1 0.1
878 2 5 1024 5 5 0.5
878 5 0 1024 0 0 0.0
879 3 2 1024 2 2 0.2
879 4 0 1024 0 0 0.0
880 5 0 1024 0 0 0.0
881 4 0 1024 0 0 0.0
881 3 1 1024 1 1 0.1
882 4 0 1024 0 0 0.0
883 3 0 1024 0 0 0.0
884 2 0 1024 0 0 0.0
885 4 0 1024 0 0 0.0
885 3 1 1024 1 1 0.1
886 4 0 1024 0 0 0.0
886 3 5 1024 5 5 0.5
887 3 0 1024 0 0 0.0
888 4 0 1024 0 0 0.0
888 3 2 1024 2 2 0.2
889 4 0 1024 0 0 0.0
890 4 2 1024 2 2 0.2
890 1 4 1024 4 4 0.4
890 5 0 1024 0 0 0.0
891 2 1 1024 1 1 0.1
891 1 3 1024 3 3 0.3
891 3 0 1024 0 0 0.0
892 3 1 1024 1 1 0.1
892 4 0 1024 0 0 0.0
893 3 0 1024 0 0 0.0
894 3 1 1024 1 1 0.1
894 5 0 1024 0 0 0.0
895 4 0 1024 0 0 0.0
896 5 0 1024 0 0 0.0
896 4 1 1024 1 1 0.1
897 4 0 1024 0 0 0.0
897 3 2 1024 2 2 0.2
897 0 10 1024 10 10 1.0
898 3 0 1024 0 0 0.0
899 4 0 1024 0 0 0.0
899 3 1 1024 1 1 0.1
900 4 1 1024 1 1 0.1
900 5 0 1024 0 0 0.0
901 4 0 1024 0 0 0.0
901 3 2 1024 2 2 0.2
902 4 0 1024 0 0 0.0
903 1 5 1024 5 5 0.5
903 4 0 1024 0 0 0.0
903 3 1 1024 1 1 0.1
904 2 0 1024 0 0 0.0
905 3 0 1024 0 0 0.0
906 4 0 1024 0 0 0.0
906 3 1 1024 1 1 0.1
907 5 0 1024 0 0 0.0
907 2 1 1024 1 1 0.1
908 6 0 1024 0 0 0.0
908 2 1 1024 1 1 0.1
909 5 0 1024 0 0 0.0
909 4 1 1024 1 1 0.1
910 2 1 1024 1 1 0.1
910 4 0 1024 0 0 0.0
911 5 1 1024 1 1 0.1
911 6 0 1024 0 0 0.0
911 2 2 1024 2 2 0.2
912 3 0 1024 0 0 0.0
913 3 0 1024 0 0 0.0
914 4 0 1024 0 0 0.0
914 3 2 1024 2 2 0.2
915 3 1 1024 1 1 0.1
915 4 0 1024 0 0 0.0
916 3 0 1024 0 0 0.0
917 2 0 1024 0 0 0.0
918 2 2 1024 2 2 0.2
918 3 0 1024 0 0 0.0
919 6 0 1024 0 0 0.0
919 2 5 1024 5 5 0.5
919 3 1 1024 1 1 0.1
920 3 0 1024 0 0 0.0
921 1 3 1024 3 3 0.3
921 3 1 1024 1 1 0.1
921 4 0 1024 0 0 0.0
922 2 2 1024 2 2 0.2
922 3 0 1024 0 0 0.0
923 3 0 1024 0 0 0.0
924 3 0 1024 0 0 0.0
924 2 4 1024 4 4 0.4
924 0 10 1024 10 10 1.0
925 1 0 1024 0 0 0.0
926 4 0 1024 0 0 0.0
927 6 0 1024 0 0 0.0
927 4 1 1024 1 1 0.1
927 3 2 1024 2 2 0.2
928 3 1 1024 1 1 0.1
928 2 4 1024 4 4 0.4
928 4 0 1024 0 0 0.0
929 3 0 1024 0 0 0.0
930 3 1 1024 1 1 0.1
930 4 0 1024 0 0 0.0
931 3 0 1024 0 0 0.0
931 2 5 1024 5 5 0.5
932 3 0 1024 0 0 0.0
933 4 0 1024 0 0 0.0
933 2 1 1024 1 1 0.1
934 4 0 1024 0 0 0.0
934 2 3 1024 3 3 0.3
935 3 0 1024 0 0 0.0
935 1 5 1024 5 5 0.5
936 2 1 1024 1 1 0.1
936 4 0 1024 0 0 0.0
937 4 0 1024 0 0 0.0
937 2 3 1024 3 3 0.3
937 3 2 1024 2 2 0.2
938 2 2 1024 2 2 0.2
938 4 0 1024 0 0 0.0
939 1 6 1024 6 6 0.6
939 3 0 1024 0 0 0.0
940 6 0 1024 0 0 0.0
940 1 6 1024 6 6 0.6
940 3 2 1024 2 2 0.2
940 5 1 1024 1 1 0.1
941 5 0 1024 0 0 0.0
941 3 1 1024 1 1 0.1
942 3 5 1024 5 5 0.5
942 4 0 1024 0 0 0.0
943 3 0 1024 0 0 0.0
944 3 0 1024 0 0 0.0
944 2 2 1024 2 2 0.2
945 5 0 1024 0 0 0.0
945 4 3 1024 3 3 0.3
946 1 3 1024 3 3 0.3
946 2 0 1024 0 0 0.0
947 5 0 1024 0 0 0.0
947 3 1 1024 1 1 0.1
948 4 0 1024 0 0 0.0
948 2 3 1024 3 3 0.3
949 5 0 1024 0 0 0.0
949 3 1 1024 1 1 0.1
949 2 3 1024 3 3 0.3
950 3 1 1024 1 1 0.1
950 5 0 1024 0 0 0.0
951 4 0 1024 0 0 0.0
951 3 1 1024 1 1 0.1
952 2 6 1024 6 6 0.6
952 3 0 1024 0 0 0.0
953 3 2 1024 2 2 0.2
953 4 0 1024 0 0 0.0
954 5 0 1024 0 0 0.0
954 2 1 1024 1 1 0.1
955 2 1 1024 1 1 0.1
955 4 0 1024 0 0 0.0
955 1 6 1024 6 6 0.6
956 2 0 1024 0 0 0.0
957 5 0 1024 0 0 0.0
957 2 3 1024 3 3 0.3
957 4 1 1024 1 1 0.1
958 3 0 1024 0 0 0.0
958 2 1 1024 1 1 0.1
959 4 0 1024 0 0 0.0
960 5 0 1024 0 0 0.0
960 4 1 1024 1 1 0.1
960 3 2 1024 2 2 0.2
961 4 0 1024 0 0 0.0
961 2 1 1024 1 1 0.1
962 4 0 1024 0 0 0.0
962 3 1 1024 1 1 0.1
963 3 0 1024 0 0 0.0
964 3 0 1024 0 0 0.0
965 2 0 1024 0 0 0.0
966 3 1 1024 1 1 0.1
966 5 0 1024 0 0 0.0
966 2 2 1024 2 2 0.2
967 1 4 1024 4 4 0.4
967 6 0 1024 0 0 0.0
967 2 3 1024 3 3 0.3
967 4 1 1024 1 1 0.1
968 3 0 1024 0 0 0.0
968 2 5 1024 5 5 0.5
969 5 0 1024 0 0 0.0
969 3 1 1024 1 1 0.1
970 5 0 1024 0 0 0.0
970 4 2 1024 2 2 0.2
971 3 0 1024 0 0 0.0
972 5 0 1024 0 0 0.0
972 3 2 1024 2 2 0.2
972 4 1 1024 1 1 0.1
973 3 0 1024 0 0 0.0
973 2 2 1024 2 2 0.2
974 3 1 1024 1 1 0.1
974 5 0 1024 0 0 0.0
975 5 0 1024 0 0 0.0
975 4 1 1024 1 1 0.1
976 2 2 1024 2 2 0.2
976 4 0 1024 0 0 0.0
977 4 0 1024 0 0 0.0
978 3 0 1024 0 0 0.0
979 4 0 1024 0 0 0.0
979 1 3 1024 3 3 0.3
980 3 2 1024 2 2 0.2
980 4 0 1024 0 0 0.0
980 2 3 1024 3 3 0.3
981 2 2 1024 2 2 0.2
981 5 0 1024 0 0 0.0
981 4 1 1024 1 1 0.1
982 4 0 1024 0 0 0.0
982 3 4 1024 4 4 0.4
983 4 1 1024 1 1 0.1
983 5 0 1024 0 0 0.0
984 5 0 1024 0 0 0.0
984 1 3 1024 3 3 0.3
984 3 1 1024 1 1 0.1
985 5 0 1024 0 0 0.0
985 2 2 1024 2 2 0.2
986 4 0 1024 0 0 0.0
986 2 1 1024 1 1 0.1
987 4 0 1024 0 0 0.0
987 2 1 1024 1 1 0.1
987 1 3 1024 3 3 0.3
988 3 0 1024 0 0 0.0
989 4 0 1024 0 0 0.0
989 0 10 1024 10 10 1.0
990 4 0 1024 0 0 0.0
990 3 1 1024 1 1 0.1
991 3 0 1024 0 0 0.0
992 4 1 1024 1 1 0.1
992 5 0 1024 0 0 0.0
993 3 1 1024 1 1 0.1
993 4 0 1024 0 0 0.0
994 3 2 1024 2 2 0.2
994 5 0 1024 0 0 0.0
994 4 1 1024 1 1 0.1
995 6 0 1024 0 0 0.0
995 4 1 1024 1 1 0.1
995 2 4 1024 4 4 0.4
996 5 0 1024 0 0 0.0
996 3 3 1024 3 3 0.3
997 3 0 1024 0 0 0.0
998 5 0 1024 0 0 0.0
999 3 0 1024 0 0 0.0
1000 3 3 1024 3 3 0.3
1000 4 0 1024 0 0 0.0
