gen testSuiteSize notKilledMutants number_of_tests no_discount_objective no_equiv_mut_not_killed no_equiv_mut_not_killed_perc
1 3 0 52 0 0 0.0
2 3 1 59 1 1 0.1
2 2 2 72 2 2 0.2
2 4 0 81 0 0 0.0
3 4 0 124 0 0 0.0
3 3 1 138 1 1 0.1
4 5 1 148 1 1 0.1
4 6 0 154 0 0 0.0
4 2 2 171 2 2 0.2
5 2 0 204 0 0 0.0
6 3 1 237 1 1 0.1
6 4 0 246 0 0 0.0
7 2 0 270 0 0 0.0
8 5 0 306 0 0 0.0
8 2 5 331 5 5 0.5
8 3 3 333 3 3 0.3
9 4 0 358 0 0 0.0
10 2 0 394 0 0 0.0
11 4 0 420 0 0 0.0
11 2 1 430 1 1 0.1
12 3 2 441 2 2 0.2
12 2 4 448 4 4 0.4
12 4 0 453 0 0 0.0
13 4 0 468 0 0 0.0
13 3 2 473 2 2 0.2
13 2 3 490 3 3 0.3
14 3 0 504 0 0 0.0
15 5 0 523 0 0 0.0
15 2 1 524 1 1 0.1
16 2 1 532 1 1 0.1
16 4 0 542 0 0 0.0
17 3 0 572 0 0 0.0
18 3 1 586 1 1 0.1
18 5 0 598 0 0 0.0
19 4 0 603 0 0 0.0
19 1 7 617 7 7 0.7
20 3 0 630 0 0 0.0
21 5 0 635 0 0 0.0
21 4 1 636 1 1 0.1
22 2 4 654 4 4 0.4
22 5 0 655 0 0 0.0
22 3 1 668 1 1 0.1
23 3 1 672 1 1 0.1
23 6 0 677 0 0 0.0
23 1 4 682 4 4 0.4
24 5 0 692 0 0 0.0
24 4 1 706 1 1 0.1
25 4 0 713 0 0 0.0
25 2 1 721 1 1 0.1
26 6 0 729 0 0 0.0
26 3 1 731 1 1 0.1
27 1 1 740 1 1 0.1
27 3 0 743 0 0 0.0
28 2 3 751 3 3 0.3
28 3 1 751 1 1 0.1
28 4 0 759 0 0 0.0
29 0 10 761 10 10 1.0
29 5 0 765 0 0 0.0
29 2 2 765 2 2 0.2
30 4 0 776 0 0 0.0
30 3 1 777 1 1 0.1
31 3 0 789 0 0 0.0
32 4 0 792 0 0 0.0
32 2 2 798 2 2 0.2
32 3 1 800 1 1 0.1
33 3 0 806 0 0 0.0
34 3 0 821 0 0 0.0
35 5 0 821 0 0 0.0
35 3 3 825 3 3 0.3
36 3 0 831 0 0 0.0
37 3 1 843 1 1 0.1
37 4 0 845 0 0 0.0
38 2 0 851 0 0 0.0
39 3 0 857 0 0 0.0
39 2 3 861 3 3 0.3
40 3 0 867 0 0 0.0
41 4 2 872 2 2 0.2
41 2 6 876 6 6 0.6
41 3 3 877 3 3 0.3
41 5 0 877 0 0 0.0
42 3 1 879 1 1 0.1
42 5 0 884 0 0 0.0
43 2 6 889 6 6 0.6
43 4 0 894 0 0 0.0
44 2 0 900 0 0 0.0
45 3 0 907 0 0 0.0
46 4 0 918 0 0 0.0
47 6 0 920 0 0 0.0
47 1 2 923 2 2 0.2
47 3 1 923 1 1 0.1
48 5 0 924 0 0 0.0
48 0 10 925 10 10 1.0
48 3 1 925 1 1 0.1
49 3 1 927 1 1 0.1
49 4 0 930 0 0 0.0
50 3 0 931 0 0 0.0
51 4 0 934 0 0 0.0
51 2 4 935 4 4 0.4
51 3 1 935 1 1 0.1
52 1 3 937 3 3 0.3
52 3 2 938 2 2 0.2
52 5 0 940 0 0 0.0
53 3 0 948 0 0 0.0
54 5 0 948 0 0 0.0
54 2 5 950 5 5 0.5
54 3 1 951 1 1 0.1
55 4 0 952 0 0 0.0
56 3 2 953 2 2 0.2
56 4 0 954 0 0 0.0
57 3 1 954 1 1 0.1
57 5 0 954 0 0 0.0
58 2 2 958 2 2 0.2
58 1 4 958 4 4 0.4
58 3 0 960 0 0 0.0
59 3 2 961 2 2 0.2
59 5 0 962 0 0 0.0
59 4 1 962 1 1 0.1
60 4 0 962 0 0 0.0
60 3 2 966 2 2 0.2
61 3 1 966 1 1 0.1
61 5 0 970 0 0 0.0
61 1 5 973 5 5 0.5
62 5 0 973 0 0 0.0
62 3 1 975 1 1 0.1
63 2 1 975 1 1 0.1
63 4 0 976 0 0 0.0
64 3 0 979 0 0 0.0
65 1 3 983 3 3 0.3
65 3 0 983 0 0 0.0
66 2 4 986 4 4 0.4
66 3 1 987 1 1 0.1
66 4 0 987 0 0 0.0
67 5 0 987 0 0 0.0
67 4 1 987 1 1 0.1
68 2 3 988 3 3 0.3
68 5 0 989 0 0 0.0
68 3 1 989 1 1 0.1
69 6 0 991 0 0 0.0
69 3 1 991 1 1 0.1
69 2 2 991 2 2 0.2
70 2 2 993 2 2 0.2
70 4 0 993 0 0 0.0
70 3 1 994 1 1 0.1
71 4 1 994 1 1 0.1
71 5 0 994 0 0 0.0
71 1 5 994 5 5 0.5
72 5 0 994 0 0 0.0
72 3 3 994 3 3 0.3
72 4 1 994 1 1 0.1
73 3 1 994 1 1 0.1
73 5 0 994 0 0 0.0
74 2 6 994 6 6 0.6
74 3 1 994 1 1 0.1
74 6 0 994 0 0 0.0
75 3 4 994 4 4 0.4
75 4 0 995 0 0 0.0
76 6 0 995 0 0 0.0
76 3 1 995 1 1 0.1
77 4 0 997 0 0 0.0
78 3 1 997 1 1 0.1
78 5 0 998 0 0 0.0
79 3 1 999 1 1 0.1
79 4 0 999 0 0 0.0
80 3 1 999 1 1 0.1
80 4 0 999 0 0 0.0
81 4 0 1001 0 0 0.0
81 2 3 1001 3 3 0.3
82 1 6 1001 6 6 0.6
82 5 0 1003 0 0 0.0
82 2 4 1005 4 4 0.4
83 3 0 1005 0 0 0.0
84 5 0 1005 0 0 0.0
84 1 2 1006 2 2 0.2
85 3 0 1009 0 0 0.0
86 5 0 1009 0 0 0.0
86 3 1 1009 1 1 0.1
87 3 0 1009 0 0 0.0
88 2 0 1010 0 0 0.0
88 1 7 1010 7 7 0.7
89 5 0 1010 0 0 0.0
89 3 2 1010 2 2 0.2
90 4 0 1010 0 0 0.0
90 2 1 1010 1 1 0.1
91 3 0 1011 0 0 0.0
92 4 0 1012 0 0 0.0
92 2 3 1012 3 3 0.3
93 3 1 1012 1 1 0.1
93 4 0 1013 0 0 0.0
94 2 4 1013 4 4 0.4
94 3 1 1013 1 1 0.1
94 4 0 1013 0 0 0.0
95 3 1 1014 1 1 0.1
95 5 0 1014 0 0 0.0
96 5 0 1014 0 0 0.0
96 3 3 1014 3 3 0.3
96 4 1 1014 1 1 0.1
97 4 0 1014 0 0 0.0
98 5 1 1015 1 1 0.1
98 4 3 1015 3 3 0.3
98 6 0 1015 0 0 0.0
98 3 4 1016 4 4 0.4
99 2 6 1017 6 6 0.6
99 4 0 1017 0 0 0.0
99 3 2 1017 2 2 0.2
100 4 1 1018 1 1 0.1
100 5 0 1018 0 0 0.0
101 2 1 1018 1 1 0.1
101 3 0 1018 0 0 0.0
102 3 0 1018 0 0 0.0
103 3 1 1018 1 1 0.1
103 4 0 1018 0 0 0.0
104 2 3 1018 3 3 0.3
104 3 0 1018 0 0 0.0
105 4 0 1018 0 0 0.0
105 3 2 1018 2 2 0.2
106 3 1 1018 1 1 0.1
106 4 0 1018 0 0 0.0
107 4 0 1018 0 0 0.0
107 3 2 1018 2 2 0.2
108 3 3 1018 3 3 0.3
108 4 0 1018 0 0 0.0
109 3 3 1018 3 3 0.3
109 4 0 1018 0 0 0.0
110 3 0 1018 0 0 0.0
111 5 0 1018 0 0 0.0
111 1 5 1018 5 5 0.5
111 3 1 1018 1 1 0.1
112 2 2 1019 2 2 0.2
112 4 0 1019 0 0 0.0
113 3 0 1019 0 0 0.0
114 4 0 1019 0 0 0.0
114 3 2 1019 2 2 0.2
114 1 4 1019 4 4 0.4
115 2 1 1019 1 1 0.1
115 3 0 1019 0 0 0.0
116 3 0 1019 0 0 0.0
117 4 0 1019 0 0 0.0
118 4 0 1019 0 0 0.0
119 3 0 1019 0 0 0.0
119 2 4 1019 4 4 0.4
120 2 3 1019 3 3 0.3
120 3 0 1019 0 0 0.0
121 2 0 1019 0 0 0.0
122 2 5 1019 5 5 0.5
122 4 0 1019 0 0 0.0
122 3 2 1019 2 2 0.2
123 4 0 1019 0 0 0.0
124 3 0 1019 0 0 0.0
124 2 1 1019 1 1 0.1
125 3 0 1019 0 0 0.0
126 1 6 1019 6 6 0.6
126 3 0 1019 0 0 0.0
127 2 2 1019 2 2 0.2
127 4 0 1019 0 0 0.0
127 3 1 1019 1 1 0.1
128 2 1 1019 1 1 0.1
128 3 0 1019 0 0 0.0
129 2 1 1019 1 1 0.1
129 6 0 1019 0 0 0.0
130 3 0 1019 0 0 0.0
130 1 7 1019 7 7 0.7
131 4 0 1019 0 0 0.0
131 3 1 1019 1 1 0.1
132 3 1 1019 1 1 0.1
132 5 0 1019 0 0 0.0
133 4 0 1019 0 0 0.0
133 3 2 1020 2 2 0.2
134 3 0 1020 0 0 0.0
135 4 0 1020 0 0 0.0
136 3 0 1020 0 0 0.0
137 3 0 1021 0 0 0.0
138 4 0 1021 0 0 0.0
139 2 0 1021 0 0 0.0
140 3 2 1022 2 2 0.2
140 4 0 1022 0 0 0.0
141 2 3 1022 3 3 0.3
141 3 1 1022 1 1 0.1
141 4 0 1022 0 0 0.0
142 5 0 1022 0 0 0.0
142 2 2 1022 2 2 0.2
143 2 1 1022 1 1 0.1
143 4 0 1022 0 0 0.0
144 4 0 1022 0 0 0.0
144 1 6 1022 6 6 0.6
144 2 3 1022 3 3 0.3
145 2 1 1022 1 1 0.1
145 5 0 1022 0 0 0.0
146 5 0 1022 0 0 0.0
146 2 3 1022 3 3 0.3
146 4 1 1022 1 1 0.1
147 2 1 1022 1 1 0.1
147 3 0 1022 0 0 0.0
148 3 0 1022 0 0 0.0
149 3 0 1022 0 0 0.0
150 3 1 1022 1 1 0.1
150 5 0 1022 0 0 0.0
150 2 2 1022 2 2 0.2
150 0 10 1022 10 10 1.0
151 3 0 1022 0 0 0.0
151 2 2 1022 2 2 0.2
152 4 0 1022 0 0 0.0
152 3 1 1022 1 1 0.1
153 2 1 1022 1 1 0.1
153 4 0 1022 0 0 0.0
154 2 0 1022 0 0 0.0
155 4 0 1022 0 0 0.0
155 2 6 1022 6 6 0.6
155 3 1 1022 1 1 0.1
156 4 0 1022 0 0 0.0
157 6 0 1022 0 0 0.0
157 3 1 1022 1 1 0.1
158 2 1 1022 1 1 0.1
158 3 0 1022 0 0 0.0
159 4 0 1022 0 0 0.0
159 2 1 1022 1 1 0.1
160 3 2 1022 2 2 0.2
160 5 0 1022 0 0 0.0
160 4 1 1022 1 1 0.1
161 4 0 1022 0 0 0.0
162 4 0 1023 0 0 0.0
163 2 1 1023 1 1 0.1
163 4 0 1023 0 0 0.0
164 3 0 1023 0 0 0.0
165 2 3 1024 3 3 0.3
165 4 0 1024 0 0 0.0
166 2 3 1024 3 3 0.3
166 4 0 1024 0 0 0.0
167 4 0 1024 0 0 0.0
168 4 0 1024 0 0 0.0
169 3 0 1024 0 0 0.0
169 2 2 1024 2 2 0.2
170 3 1 1024 1 1 0.1
170 4 0 1024 0 0 0.0
171 3 2 1024 2 2 0.2
171 4 0 1024 0 0 0.0
172 5 0 1024 0 0 0.0
172 3 2 1024 2 2 0.2
172 4 1 1024 1 1 0.1
173 5 0 1024 0 0 0.0
173 4 2 1024 2 2 0.2
174 3 0 1024 0 0 0.0
175 5 0 1024 0 0 0.0
175 2 1 1024 1 1 0.1
176 5 0 1024 0 0 0.0
176 3 1 1024 1 1 0.1
177 3 0 1024 0 0 0.0
177 2 4 1024 4 4 0.4
178 4 1 1024 1 1 0.1
178 5 0 1024 0 0 0.0
179 6 0 1024 0 0 0.0
179 3 1 1024 1 1 0.1
180 3 1 1024 1 1 0.1
180 5 0 1024 0 0 0.0
181 2 2 1024 2 2 0.2
181 4 0 1024 0 0 0.0
182 3 1 1024 1 1 0.1
182 4 0 1024 0 0 0.0
183 4 0 1024 0 0 0.0
184 4 0 1024 0 0 0.0
185 2 0 1024 0 0 0.0
186 4 0 1024 0 0 0.0
186 3 1 1024 1 1 0.1
187 2 1 1024 1 1 0.1
187 3 0 1024 0 0 0.0
188 4 1 1024 1 1 0.1
188 5 0 1024 0 0 0.0
189 2 0 1024 0 0 0.0
190 4 1 1024 1 1 0.1
190 5 0 1024 0 0 0.0
190 3 3 1024 3 3 0.3
191 0 10 1024 10 10 1.0
191 4 1 1024 1 1 0.1
191 5 0 1024 0 0 0.0
192 2 1 1024 1 1 0.1
192 5 0 1024 0 0 0.0
193 4 1 1024 1 1 0.1
193 3 3 1024 3 3 0.3
193 1 6 1024 6 6 0.6
194 3 1 1024 1 1 0.1
194 4 0 1024 0 0 0.0
195 3 0 1024 0 0 0.0
196 4 0 1024 0 0 0.0
197 3 0 1024 0 0 0.0
198 5 0 1024 0 0 0.0
198 3 4 1024 4 4 0.4
199 4 0 1024 0 0 0.0
199 3 1 1024 1 1 0.1
200 4 0 1024 0 0 0.0
201 2 0 1024 0 0 0.0
202 4 2 1024 2 2 0.2
202 5 0 1024 0 0 0.0
203 4 0 1024 0 0 0.0
204 3 1 1024 1 1 0.1
204 4 0 1024 0 0 0.0
205 2 3 1024 3 3 0.3
205 4 0 1024 0 0 0.0
206 6 0 1024 0 0 0.0
206 3 1 1024 1 1 0.1
206 2 4 1024 4 4 0.4
207 4 0 1024 0 0 0.0
207 2 1 1024 1 1 0.1
208 2 2 1024 2 2 0.2
208 3 0 1024 0 0 0.0
209 5 0 1024 0 0 0.0
209 3 1 1024 1 1 0.1
210 4 0 1024 0 0 0.0
210 3 1 1024 1 1 0.1
211 3 0 1024 0 0 0.0
212 3 1 1024 1 1 0.1
212 4 0 1024 0 0 0.0
213 4 0 1024 0 0 0.0
214 4 0 1024 0 0 0.0
214 2 3 1024 3 3 0.3
214 3 2 1024 2 2 0.2
215 4 1 1024 1 1 0.1
215 5 0 1024 0 0 0.0
216 5 0 1024 0 0 0.0
216 2 1 1024 1 1 0.1
217 3 0 1024 0 0 0.0
218 4 0 1024 0 0 0.0
219 2 2 1024 2 2 0.2
219 3 0 1024 0 0 0.0
220 3 1 1024 1 1 0.1
220 5 0 1024 0 0 0.0
221 4 0 1024 0 0 0.0
221 2 3 1024 3 3 0.3
222 4 1 1024 1 1 0.1
222 5 0 1024 0 0 0.0
223 3 0 1024 0 0 0.0
224 4 0 1024 0 0 0.0
225 4 0 1024 0 0 0.0
225 2 5 1024 5 5 0.5
226 3 0 1024 0 0 0.0
227 3 3 1024 3 3 0.3
227 4 0 1024 0 0 0.0
228 5 0 1024 0 0 0.0
228 4 1 1024 1 1 0.1
228 1 2 1024 2 2 0.2
229 4 0 1024 0 0 0.0
230 3 1 1024 1 1 0.1
230 4 0 1024 0 0 0.0
231 3 2 1024 2 2 0.2
231 4 0 1024 0 0 0.0
232 5 0 1024 0 0 0.0
232 3 1 1024 1 1 0.1
233 3 0 1024 0 0 0.0
234 3 0 1024 0 0 0.0
235 3 0 1024 0 0 0.0
236 2 3 1024 3 3 0.3
236 4 0 1024 0 0 0.0
237 3 1 1024 1 1 0.1
237 4 0 1024 0 0 0.0
237 1 4 1024 4 4 0.4
238 2 0 1024 0 0 0.0
239 4 0 1024 0 0 0.0
239 2 2 1024 2 2 0.2
240 3 0 1024 0 0 0.0
241 5 0 1024 0 0 0.0
241 2 5 1024 5 5 0.5
241 3 1 1024 1 1 0.1
242 5 0 1024 0 0 0.0
242 2 2 1024 2 2 0.2
243 3 0 1024 0 0 0.0
244 5 0 1024 0 0 0.0
244 4 1 1024 1 1 0.1
245 4 0 1024 0 0 0.0
245 3 1 1024 1 1 0.1
246 3 3 1024 3 3 0.3
246 5 0 1024 0 0 0.0
247 3 0 1024 0 0 0.0
248 4 0 1024 0 0 0.0
248 3 1 1024 1 1 0.1
249 2 5 1024 5 5 0.5
249 5 0 1024 0 0 0.0
250 4 0 1024 0 0 0.0
251 4 0 1024 0 0 0.0
251 3 1 1024 1 1 0.1
252 5 0 1024 0 0 0.0
252 1 3 1024 3 3 0.3
253 4 0 1024 0 0 0.0
254 3 0 1024 0 0 0.0
255 3 3 1024 3 3 0.3
255 4 0 1024 0 0 0.0
256 4 0 1024 0 0 0.0
257 2 1 1024 1 1 0.1
257 4 0 1024 0 0 0.0
258 4 0 1024 0 0 0.0
258 2 3 1024 3 3 0.3
259 4 0 1024 0 0 0.0
259 1 3 1024 3 3 0.3
259 2 1 1024 1 1 0.1
260 4 1 1024 1 1 0.1
260 6 0 1024 0 0 0.0
261 2 0 1024 0 0 0.0
262 4 0 1024 0 0 0.0
262 2 1 1024 1 1 0.1
263 3 0 1024 0 0 0.0
264 4 0 1024 0 0 0.0
265 2 0 1024 0 0 0.0
265 1 5 1024 5 5 0.5
266 4 0 1024 0 0 0.0
266 3 2 1024 2 2 0.2
266 2 4 1024 4 4 0.4
267 3 0 1024 0 0 0.0
268 3 1 1024 1 1 0.1
268 4 0 1024 0 0 0.0
269 3 0 1024 0 0 0.0
270 4 0 1024 0 0 0.0
271 3 4 1024 4 4 0.4
271 4 0 1024 0 0 0.0
272 3 0 1024 0 0 0.0
272 2 1 1024 1 1 0.1
273 4 0 1024 0 0 0.0
274 4 0 1024 0 0 0.0
274 2 1 1024 1 1 0.1
275 1 5 1024 5 5 0.5
275 3 0 1024 0 0 0.0
276 1 6 1024 6 6 0.6
276 4 0 1024 0 0 0.0
277 4 0 1024 0 0 0.0
277 3 1 1024 1 1 0.1
277 1 6 1024 6 6 0.6
278 3 1 1024 1 1 0.1
278 5 0 1024 0 0 0.0
279 3 1 1024 1 1 0.1
279 4 0 1024 0 0 0.0
280 2 0 1024 0 0 0.0
281 1 2 1024 2 2 0.2
281 2 1 1024 1 1 0.1
281 5 0 1024 0 0 0.0
282 2 2 1024 2 2 0.2
282 3 1 1024 1 1 0.1
282 5 0 1024 0 0 0.0
283 3 3 1024 3 3 0.3
283 5 0 1024 0 0 0.0
284 2 0 1024 0 0 0.0
285 5 0 1024 0 0 0.0
285 2 1 1024 1 1 0.1
286 6 0 1024 0 0 0.0
286 2 1 1024 1 1 0.1
287 3 0 1024 0 0 0.0
288 1 4 1024 4 4 0.4
288 3 0 1024 0 0 0.0
288 2 2 1024 2 2 0.2
289 4 1 1024 1 1 0.1
289 3 2 1024 2 2 0.2
289 6 0 1024 0 0 0.0
290 2 1 1024 1 1 0.1
290 4 0 1024 0 0 0.0
291 3 0 1024 0 0 0.0
292 2 0 1024 0 0 0.0
293 2 2 1024 2 2 0.2
293 3 0 1024 0 0 0.0
294 5 0 1024 0 0 0.0
294 4 1 1024 1 1 0.1
295 3 1 1024 1 1 0.1
295 4 0 1024 0 0 0.0
296 4 0 1024 0 0 0.0
296 3 1 1024 1 1 0.1
297 2 3 1024 3 3 0.3
297 4 1 1024 1 1 0.1
297 5 0 1024 0 0 0.0
298 5 0 1024 0 0 0.0
298 2 1 1024 1 1 0.1
299 2 3 1024 3 3 0.3
299 3 0 1024 0 0 0.0
300 3 0 1024 0 0 0.0
301 4 0 1024 0 0 0.0
301 3 3 1024 3 3 0.3
302 6 0 1024 0 0 0.0
302 5 1 1024 1 1 0.1
302 2 5 1024 5 5 0.5
302 3 4 1024 4 4 0.4
303 4 0 1024 0 0 0.0
303 3 2 1024 2 2 0.2
304 2 0 1024 0 0 0.0
305 3 1 1024 1 1 0.1
305 4 0 1024 0 0 0.0
306 4 0 1024 0 0 0.0
306 3 1 1024 1 1 0.1
307 4 0 1024 0 0 0.0
307 2 7 1024 7 7 0.7
308 3 0 1024 0 0 0.0
309 4 0 1024 0 0 0.0
309 2 1 1024 1 1 0.1
310 1 4 1024 4 4 0.4
310 2 0 1024 0 0 0.0
311 3 0 1024 0 0 0.0
312 4 0 1024 0 0 0.0
312 2 1 1024 1 1 0.1
313 3 2 1024 2 2 0.2
313 4 0 1024 0 0 0.0
314 3 0 1024 0 0 0.0
314 2 4 1024 4 4 0.4
315 3 0 1024 0 0 0.0
315 2 3 1024 3 3 0.3
316 4 0 1024 0 0 0.0
316 2 3 1024 3 3 0.3
317 3 3 1024 3 3 0.3
317 4 0 1024 0 0 0.0
318 4 1 1024 1 1 0.1
318 5 0 1024 0 0 0.0
319 3 0 1024 0 0 0.0
320 4 1 1024 1 1 0.1
320 5 0 1024 0 0 0.0
321 4 0 1024 0 0 0.0
321 3 1 1024 1 1 0.1
322 3 0 1024 0 0 0.0
323 4 0 1024 0 0 0.0
323 2 2 1024 2 2 0.2
324 2 1 1024 1 1 0.1
324 3 0 1024 0 0 0.0
325 3 0 1024 0 0 0.0
325 2 4 1024 4 4 0.4
326 3 0 1024 0 0 0.0
327 4 0 1024 0 0 0.0
327 3 3 1024 3 3 0.3
328 4 0 1024 0 0 0.0
328 2 2 1024 2 2 0.2
328 3 1 1024 1 1 0.1
329 1 5 1024 5 5 0.5
329 2 0 1024 0 0 0.0
330 4 0 1024 0 0 0.0
331 2 3 1024 3 3 0.3
331 3 0 1024 0 0 0.0
332 4 1 1024 1 1 0.1
332 5 0 1024 0 0 0.0
332 3 3 1024 3 3 0.3
333 4 0 1024 0 0 0.0
333 1 3 1024 3 3 0.3
333 3 1 1024 1 1 0.1
334 2 0 1024 0 0 0.0
334 1 2 1024 2 2 0.2
335 2 1 1024 1 1 0.1
335 5 0 1024 0 0 0.0
336 4 0 1024 0 0 0.0
336 2 3 1024 3 3 0.3
337 3 0 1024 0 0 0.0
337 2 1 1024 1 1 0.1
338 4 0 1024 0 0 0.0
338 2 3 1024 3 3 0.3
339 2 1 1024 1 1 0.1
339 4 0 1024 0 0 0.0
340 4 0 1024 0 0 0.0
340 3 3 1024 3 3 0.3
341 2 0 1024 0 0 0.0
342 4 0 1024 0 0 0.0
343 1 5 1024 5 5 0.5
343 3 0 1024 0 0 0.0
344 2 4 1024 4 4 0.4
344 4 0 1024 0 0 0.0
345 4 0 1024 0 0 0.0
346 4 0 1024 0 0 0.0
346 3 1 1024 1 1 0.1
346 1 3 1024 3 3 0.3
347 4 0 1024 0 0 0.0
347 3 1 1024 1 1 0.1
348 4 1 1024 1 1 0.1
348 2 4 1024 4 4 0.4
348 6 0 1024 0 0 0.0
348 3 2 1024 2 2 0.2
349 4 0 1024 0 0 0.0
349 0 10 1024 10 10 1.0
350 3 4 1024 4 4 0.4
350 4 0 1024 0 0 0.0
351 3 1 1024 1 1 0.1
351 4 0 1024 0 0 0.0
352 2 1 1024 1 1 0.1
352 4 0 1024 0 0 0.0
353 2 0 1024 0 0 0.0
354 4 0 1024 0 0 0.0
354 3 2 1024 2 2 0.2
355 3 0 1024 0 0 0.0
356 2 1 1024 1 1 0.1
356 5 0 1024 0 0 0.0
357 3 1 1024 1 1 0.1
357 4 0 1024 0 0 0.0
358 3 0 1024 0 0 0.0
358 1 6 1024 6 6 0.6
359 2 2 1024 2 2 0.2
359 3 1 1024 1 1 0.1
359 4 0 1024 0 0 0.0
360 3 0 1024 0 0 0.0
361 3 0 1024 0 0 0.0
362 4 0 1024 0 0 0.0
362 3 2 1024 2 2 0.2
363 2 3 1024 3 3 0.3
363 4 0 1024 0 0 0.0
364 4 0 1024 0 0 0.0
364 2 1 1024 1 1 0.1
365 3 0 1024 0 0 0.0
366 4 0 1024 0 0 0.0
366 2 2 1024 2 2 0.2
367 3 1 1024 1 1 0.1
367 4 0 1024 0 0 0.0
368 3 0 1024 0 0 0.0
369 3 0 1024 0 0 0.0
370 5 0 1024 0 0 0.0
370 3 1 1024 1 1 0.1
370 0 10 1024 10 10 1.0
371 3 0 1024 0 0 0.0
372 3 0 1024 0 0 0.0
373 1 2 1024 2 2 0.2
373 4 0 1024 0 0 0.0
374 3 0 1024 0 0 0.0
375 2 0 1024 0 0 0.0
376 5 0 1024 0 0 0.0
376 2 1 1024 1 1 0.1
377 3 0 1024 0 0 0.0
378 4 0 1024 0 0 0.0
379 3 0 1024 0 0 0.0
380 4 0 1024 0 0 0.0
380 3 3 1024 3 3 0.3
381 3 0 1024 0 0 0.0
382 3 2 1024 2 2 0.2
382 4 0 1024 0 0 0.0
383 6 0 1024 0 0 0.0
383 3 2 1024 2 2 0.2
384 4 0 1024 0 0 0.0
385 5 0 1024 0 0 0.0
386 3 0 1024 0 0 0.0
387 5 0 1024 0 0 0.0
387 3 1 1024 1 1 0.1
388 5 0 1024 0 0 0.0
388 2 2 1024 2 2 0.2
388 3 1 1024 1 1 0.1
389 4 0 1024 0 0 0.0
389 2 2 1024 2 2 0.2
390 3 0 1024 0 0 0.0
391 3 0 1024 0 0 0.0
392 2 0 1024 0 0 0.0
393 5 0 1024 0 0 0.0
393 3 1 1024 1 1 0.1
394 4 0 1024 0 0 0.0
395 3 1 1024 1 1 0.1
395 5 0 1024 0 0 0.0
396 4 0 1024 0 0 0.0
396 3 2 1024 2 2 0.2
397 3 0 1024 0 0 0.0
398 5 0 1024 0 0 0.0
398 3 1 1024 1 1 0.1
399 5 0 1024 0 0 0.0
399 2 1 1024 1 1 0.1
400 4 0 1024 0 0 0.0
400 2 3 1024 3 3 0.3
400 3 1 1024 1 1 0.1
401 3 1 1024 1 1 0.1
401 6 0 1024 0 0 0.0
402 4 0 1024 0 0 0.0
403 2 1 1024 1 1 0.1
403 3 0 1024 0 0 0.0
404 3 2 1024 2 2 0.2
404 4 0 1024 0 0 0.0
405 4 0 1024 0 0 0.0
405 3 3 1024 3 3 0.3
406 4 0 1024 0 0 0.0
407 3 0 1024 0 0 0.0
408 3 2 1024 2 2 0.2
408 1 5 1024 5 5 0.5
408 4 0 1024 0 0 0.0
409 3 0 1024 0 0 0.0
410 3 1 1024 1 1 0.1
410 4 0 1024 0 0 0.0
411 5 0 1024 0 0 0.0
411 1 4 1024 4 4 0.4
411 3 1 1024 1 1 0.1
412 5 0 1024 0 0 0.0
412 3 1 1024 1 1 0.1
413 4 0 1024 0 0 0.0
413 2 5 1024 5 5 0.5
414 3 1 1024 1 1 0.1
414 5 0 1024 0 0 0.0
414 1 6 1024 6 6 0.6
415 4 0 1024 0 0 0.0
416 3 1 1024 1 1 0.1
416 4 0 1024 0 0 0.0
417 2 5 1024 5 5 0.5
417 3 0 1024 0 0 0.0
418 3 0 1024 0 0 0.0
419 3 1 1024 1 1 0.1
419 4 0 1024 0 0 0.0
420 4 0 1024 0 0 0.0
421 3 1 1024 1 1 0.1
421 6 0 1024 0 0 0.0
421 2 3 1024 3 3 0.3
422 4 0 1024 0 0 0.0
422 3 2 1024 2 2 0.2
422 2 5 1024 5 5 0.5
423 3 0 1024 0 0 0.0
424 2 1 1024 1 1 0.1
424 4 0 1024 0 0 0.0
425 1 3 1024 3 3 0.3
425 3 0 1024 0 0 0.0
426 5 0 1024 0 0 0.0
426 1 2 1024 2 2 0.2
427 3 0 1024 0 0 0.0
427 2 1 1024 1 1 0.1
428 3 1 1024 1 1 0.1
428 5 0 1024 0 0 0.0
429 2 3 1024 3 3 0.3
429 4 0 1024 0 0 0.0
430 3 3 1024 3 3 0.3
430 4 0 1024 0 0 0.0
431 4 0 1024 0 0 0.0
432 2 1 1024 1 1 0.1
432 3 0 1024 0 0 0.0
433 1 4 1024 4 4 0.4
433 4 0 1024 0 0 0.0
433 3 1 1024 1 1 0.1
434 3 3 1024 3 3 0.3
434 4 0 1024 0 0 0.0
435 4 0 1024 0 0 0.0
435 3 3 1024 3 3 0.3
436 4 1 1024 1 1 0.1
436 5 0 1024 0 0 0.0
436 3 2 1024 2 2 0.2
437 4 0 1024 0 0 0.0
438 1 5 1024 5 5 0.5
438 6 0 1024 0 0 0.0
438 3 1 1024 1 1 0.1
439 4 0 1024 0 0 0.0
440 5 0 1024 0 0 0.0
440 4 1 1024 1 1 0.1
441 2 1 1024 1 1 0.1
441 6 0 1024 0 0 0.0
442 6 0 1024 0 0 0.0
442 5 1 1024 1 1 0.1
442 4 5 1024 5 5 0.5
443 4 0 1024 0 0 0.0
443 3 1 1024 1 1 0.1
443 2 3 1024 3 3 0.3
444 4 0 1024 0 0 0.0
444 3 1 1024 1 1 0.1
445 2 0 1024 0 0 0.0
446 3 0 1024 0 0 0.0
447 4 1 1024 1 1 0.1
447 2 5 1024 5 5 0.5
447 5 0 1024 0 0 0.0
448 3 1 1024 1 1 0.1
448 6 0 1024 0 0 0.0
448 2 2 1024 2 2 0.2
449 3 0 1024 0 0 0.0
450 4 0 1024 0 0 0.0
450 3 1 1024 1 1 0.1
451 4 0 1024 0 0 0.0
452 4 0 1024 0 0 0.0
452 2 1 1024 1 1 0.1
453 5 0 1024 0 0 0.0
453 4 1 1024 1 1 0.1
454 5 0 1024 0 0 0.0
455 4 0 1024 0 0 0.0
456 3 0 1024 0 0 0.0
456 2 1 1024 1 1 0.1
457 5 0 1024 0 0 0.0
457 4 1 1024 1 1 0.1
458 5 0 1024 0 0 0.0
458 3 1 1024 1 1 0.1
459 5 0 1024 0 0 0.0
459 3 1 1024 1 1 0.1
460 3 0 1024 0 0 0.0
460 2 1 1024 1 1 0.1
461 5 0 1024 0 0 0.0
461 3 4 1024 4 4 0.4
461 4 1 1024 1 1 0.1
462 4 0 1024 0 0 0.0
462 3 1 1024 1 1 0.1
463 4 1 1024 1 1 0.1
463 6 0 1024 0 0 0.0
463 3 2 1024 2 2 0.2
464 4 1 1024 1 1 0.1
464 5 0 1024 0 0 0.0
465 3 0 1024 0 0 0.0
466 5 1 1024 1 1 0.1
466 3 3 1024 3 3 0.3
466 6 0 1024 0 0 0.0
466 4 2 1024 2 2 0.2
467 4 0 1024 0 0 0.0
467 2 2 1024 2 2 0.2
468 3 0 1024 0 0 0.0
469 3 0 1024 0 0 0.0
470 3 0 1024 0 0 0.0
471 3 1 1024 1 1 0.1
471 5 0 1024 0 0 0.0
472 4 0 1024 0 0 0.0
473 3 0 1024 0 0 0.0
474 4 0 1024 0 0 0.0
474 3 4 1024 4 4 0.4
475 4 0 1024 0 0 0.0
476 4 0 1024 0 0 0.0
476 3 2 1024 2 2 0.2
477 2 0 1024 0 0 0.0
478 4 0 1024 0 0 0.0
479 2 3 1024 3 3 0.3
479 4 0 1024 0 0 0.0
480 2 0 1024 0 0 0.0
481 5 0 1024 0 0 0.0
481 3 1 1024 1 1 0.1
482 3 0 1024 0 0 0.0
483 3 0 1024 0 0 0.0
483 2 2 1024 2 2 0.2
484 3 2 1024 2 2 0.2
484 4 0 1024 0 0 0.0
485 5 0 1024 0 0 0.0
485 3 2 1024 2 2 0.2
485 4 1 1024 1 1 0.1
486 4 0 1024 0 0 0.0
486 3 1 1024 1 1 0.1
487 3 0 1024 0 0 0.0
487 2 1 1024 1 1 0.1
488 4 0 1024 0 0 0.0
488 2 1 1024 1 1 0.1
489 4 0 1024 0 0 0.0
490 4 0 1024 0 0 0.0
491 5 0 1024 0 0 0.0
491 4 1 1024 1 1 0.1
491 3 2 1024 2 2 0.2
492 4 0 1024 0 0 0.0
492 3 1 1024 1 1 0.1
493 2 0 1024 0 0 0.0
494 3 0 1024 0 0 0.0
495 3 1 1024 1 1 0.1
495 4 0 1024 0 0 0.0
496 6 0 1024 0 0 0.0
496 2 3 1024 3 3 0.3
496 3 2 1024 2 2 0.2
496 4 1 1024 1 1 0.1
497 4 0 1024 0 0 0.0
497 2 2 1024 2 2 0.2
498 6 1 1024 1 1 0.1
498 7 0 1024 0 0 0.0
498 3 4 1024 4 4 0.4
498 5 2 1024 2 2 0.2
499 3 0 1024 0 0 0.0
500 3 0 1024 0 0 0.0
500 2 2 1024 2 2 0.2
501 4 0 1024 0 0 0.0
501 3 1 1024 1 1 0.1
502 6 0 1024 0 0 0.0
502 2 5 1024 5 5 0.5
502 4 1 1024 1 1 0.1
502 3 3 1024 3 3 0.3
503 3 1 1024 1 1 0.1
503 5 0 1024 0 0 0.0
504 4 1 1024 1 1 0.1
504 5 0 1024 0 0 0.0
504 3 4 1024 4 4 0.4
505 1 3 1024 3 3 0.3
505 3 0 1024 0 0 0.0
506 5 0 1024 0 0 0.0
506 4 1 1024 1 1 0.1
507 5 0 1024 0 0 0.0
508 3 1 1024 1 1 0.1
508 4 0 1024 0 0 0.0
509 2 4 1024 4 4 0.4
509 4 0 1024 0 0 0.0
510 5 0 1024 0 0 0.0
510 2 1 1024 1 1 0.1
511 4 1 1024 1 1 0.1
511 5 0 1024 0 0 0.0
511 2 3 1024 3 3 0.3
512 3 0 1024 0 0 0.0
513 2 5 1024 5 5 0.5
513 4 0 1024 0 0 0.0
513 3 4 1024 4 4 0.4
514 2 3 1024 3 3 0.3
514 4 0 1024 0 0 0.0
515 5 0 1024 0 0 0.0
515 3 1 1024 1 1 0.1
516 2 0 1024 0 0 0.0
517 3 0 1024 0 0 0.0
518 2 0 1024 0 0 0.0
519 3 1 1024 1 1 0.1
519 2 4 1024 4 4 0.4
519 5 0 1024 0 0 0.0
520 4 0 1024 0 0 0.0
520 2 1 1024 1 1 0.1
521 3 1 1024 1 1 0.1
521 4 0 1024 0 0 0.0
522 6 0 1024 0 0 0.0
522 2 1 1024 1 1 0.1
523 1 3 1024 3 3 0.3
523 3 0 1024 0 0 0.0
524 4 0 1024 0 0 0.0
524 3 2 1024 2 2 0.2
525 2 3 1024 3 3 0.3
525 4 1 1024 1 1 0.1
525 6 0 1024 0 0 0.0
526 3 1 1024 1 1 0.1
526 4 0 1024 0 0 0.0
527 3 0 1024 0 0 0.0
528 3 0 1024 0 0 0.0
529 3 0 1024 0 0 0.0
530 2 3 1024 3 3 0.3
530 4 0 1024 0 0 0.0
531 2 0 1024 0 0 0.0
532 2 1 1024 1 1 0.1
532 3 0 1024 0 0 0.0
533 3 0 1024 0 0 0.0
534 2 2 1024 2 2 0.2
534 3 0 1024 0 0 0.0
535 5 0 1024 0 0 0.0
535 2 3 1024 3 3 0.3
535 4 1 1024 1 1 0.1
536 3 0 1024 0 0 0.0
537 6 0 1024 0 0 0.0
537 3 1 1024 1 1 0.1
538 2 2 1024 2 2 0.2
538 3 1 1024 1 1 0.1
538 4 0 1024 0 0 0.0
539 4 1 1024 1 1 0.1
539 5 0 1024 0 0 0.0
539 3 2 1024 2 2 0.2
540 4 0 1024 0 0 0.0
540 3 2 1024 2 2 0.2
541 3 0 1024 0 0 0.0
541 1 5 1024 5 5 0.5
542 5 0 1024 0 0 0.0
542 1 4 1024 4 4 0.4
542 3 1 1024 1 1 0.1
543 4 0 1024 0 0 0.0
544 3 0 1024 0 0 0.0
545 3 0 1024 0 0 0.0
546 4 0 1024 0 0 0.0
546 3 3 1024 3 3 0.3
547 3 0 1024 0 0 0.0
548 2 0 1024 0 0 0.0
549 3 1 1024 1 1 0.1
549 5 0 1024 0 0 0.0
550 4 1 1024 1 1 0.1
550 5 0 1024 0 0 0.0
551 4 0 1024 0 0 0.0
551 3 2 1024 2 2 0.2
552 3 1 1024 1 1 0.1
552 4 0 1024 0 0 0.0
552 2 2 1024 2 2 0.2
553 3 1 1024 1 1 0.1
553 5 0 1024 0 0 0.0
554 5 0 1024 0 0 0.0
554 4 1 1024 1 1 0.1
554 1 3 1024 3 3 0.3
555 3 0 1024 0 0 0.0
556 4 0 1024 0 0 0.0
557 4 0 1024 0 0 0.0
558 3 2 1024 2 2 0.2
558 1 6 1024 6 6 0.6
558 4 0 1024 0 0 0.0
559 3 0 1024 0 0 0.0
560 5 0 1024 0 0 0.0
560 3 1 1024 1 1 0.1
561 2 0 1024 0 0 0.0
562 3 0 1024 0 0 0.0
563 3 1 1024 1 1 0.1
563 4 0 1024 0 0 0.0
564 5 0 1024 0 0 0.0
564 3 1 1024 1 1 0.1
565 2 0 1024 0 0 0.0
566 3 0 1024 0 0 0.0
567 4 0 1024 0 0 0.0
568 4 0 1024 0 0 0.0
568 3 3 1024 3 3 0.3
569 4 0 1024 0 0 0.0
570 3 1 1024 1 1 0.1
570 5 0 1024 0 0 0.0
571 4 0 1024 0 0 0.0
571 2 1 1024 1 1 0.1
572 3 0 1024 0 0 0.0
572 2 1 1024 1 1 0.1
573 3 1 1024 1 1 0.1
573 4 0 1024 0 0 0.0
574 3 0 1024 0 0 0.0
575 5 0 1024 0 0 0.0
575 4 1 1024 1 1 0.1
575 2 3 1024 3 3 0.3
576 3 0 1024 0 0 0.0
577 1 3 1024 3 3 0.3
577 5 0 1024 0 0 0.0
577 4 1 1024 1 1 0.1
578 3 0 1024 0 0 0.0
578 2 2 1024 2 2 0.2
579 1 2 1024 2 2 0.2
579 3 0 1024 0 0 0.0
580 2 0 1024 0 0 0.0
581 5 0 1024 0 0 0.0
581 2 3 1024 3 3 0.3
581 4 1 1024 1 1 0.1
582 3 0 1024 0 0 0.0
583 2 0 1024 0 0 0.0
584 4 0 1024 0 0 0.0
584 3 2 1024 2 2 0.2
585 5 0 1024 0 0 0.0
585 3 2 1024 2 2 0.2
586 3 0 1024 0 0 0.0
586 2 5 1024 5 5 0.5
587 4 0 1024 0 0 0.0
587 3 2 1024 2 2 0.2
588 3 2 1024 2 2 0.2
588 4 0 1024 0 0 0.0
589 3 0 1024 0 0 0.0
590 3 0 1024 0 0 0.0
591 4 0 1024 0 0 0.0
591 3 1 1024 1 1 0.1
592 4 0 1024 0 0 0.0
593 4 0 1024 0 0 0.0
593 3 1 1024 1 1 0.1
594 3 0 1024 0 0 0.0
595 3 0 1024 0 0 0.0
596 5 0 1024 0 0 0.0
596 2 3 1024 3 3 0.3
597 1 3 1024 3 3 0.3
597 4 0 1024 0 0 0.0
598 3 0 1024 0 0 0.0
599 1 5 1024 5 5 0.5
599 4 0 1024 0 0 0.0
600 4 0 1024 0 0 0.0
601 4 0 1024 0 0 0.0
602 4 0 1024 0 0 0.0
602 3 1 1024 1 1 0.1
603 3 0 1024 0 0 0.0
604 4 0 1024 0 0 0.0
604 3 1 1024 1 1 0.1
605 3 1 1024 1 1 0.1
605 4 0 1024 0 0 0.0
606 6 0 1024 0 0 0.0
606 3 2 1024 2 2 0.2
607 2 1 1024 1 1 0.1
607 4 0 1024 0 0 0.0
608 4 0 1024 0 0 0.0
608 3 1 1024 1 1 0.1
609 3 2 1024 2 2 0.2
609 4 0 1024 0 0 0.0
610 6 0 1024 0 0 0.0
610 5 1 1024 1 1 0.1
610 4 2 1024 2 2 0.2
610 3 3 1024 3 3 0.3
611 5 0 1024 0 0 0.0
611 2 1 1024 1 1 0.1
612 4 0 1024 0 0 0.0
612 1 2 1024 2 2 0.2
613 4 1 1024 1 1 0.1
613 5 0 1024 0 0 0.0
614 2 1 1024 1 1 0.1
614 3 0 1024 0 0 0.0
615 3 0 1024 0 0 0.0
616 4 0 1024 0 0 0.0
616 0 10 1024 10 10 1.0
617 5 0 1024 0 0 0.0
617 3 3 1024 3 3 0.3
617 4 1 1024 1 1 0.1
618 3 1 1024 1 1 0.1
618 4 0 1024 0 0 0.0
619 3 0 1024 0 0 0.0
620 5 0 1024 0 0 0.0
620 2 4 1024 4 4 0.4
621 1 4 1024 4 4 0.4
621 4 0 1024 0 0 0.0
622 3 0 1024 0 0 0.0
622 2 1 1024 1 1 0.1
623 3 2 1024 2 2 0.2
623 4 1 1024 1 1 0.1
623 5 0 1024 0 0 0.0
624 3 0 1024 0 0 0.0
625 2 0 1024 0 0 0.0
626 4 0 1024 0 0 0.0
626 1 5 1024 5 5 0.5
626 3 1 1024 1 1 0.1
626 2 4 1024 4 4 0.4
627 4 0 1024 0 0 0.0
627 2 2 1024 2 2 0.2
628 4 1 1024 1 1 0.1
628 5 0 1024 0 0 0.0
629 3 1 1024 1 1 0.1
629 4 0 1024 0 0 0.0
630 6 0 1024 0 0 0.0
630 3 2 1024 2 2 0.2
630 4 1 1024 1 1 0.1
631 3 0 1024 0 0 0.0
632 4 0 1024 0 0 0.0
633 4 0 1024 0 0 0.0
634 4 0 1024 0 0 0.0
634 2 1 1024 1 1 0.1
635 5 0 1024 0 0 0.0
635 3 1 1024 1 1 0.1
636 3 0 1024 0 0 0.0
636 2 3 1024 3 3 0.3
637 3 0 1024 0 0 0.0
638 4 2 1024 2 2 0.2
638 5 0 1024 0 0 0.0
639 2 2 1024 2 2 0.2
639 4 0 1024 0 0 0.0
640 6 0 1024 0 0 0.0
640 5 1 1024 1 1 0.1
640 4 3 1024 3 3 0.3
641 3 0 1024 0 0 0.0
642 4 0 1024 0 0 0.0
642 3 3 1024 3 3 0.3
643 2 2 1024 2 2 0.2
643 4 0 1024 0 0 0.0
644 2 6 1024 6 6 0.6
644 3 0 1024 0 0 0.0
645 5 0 1024 0 0 0.0
645 3 1 1024 1 1 0.1
646 2 1 1024 1 1 0.1
646 4 0 1024 0 0 0.0
647 5 0 1024 0 0 0.0
647 1 3 1024 3 3 0.3
647 2 1 1024 1 1 0.1
648 2 4 1024 4 4 0.4
648 3 3 1024 3 3 0.3
648 4 0 1024 0 0 0.0
649 3 1 1024 1 1 0.1
649 4 0 1024 0 0 0.0
650 2 4 1024 4 4 0.4
650 4 0 1024 0 0 0.0
651 2 2 1024 2 2 0.2
651 3 0 1024 0 0 0.0
652 2 2 1024 2 2 0.2
652 4 0 1024 0 0 0.0
653 4 1 1024 1 1 0.1
653 5 0 1024 0 0 0.0
654 4 0 1024 0 0 0.0
654 3 1 1024 1 1 0.1
655 3 1 1024 1 1 0.1
655 5 0 1024 0 0 0.0
656 1 2 1024 2 2 0.2
656 3 0 1024 0 0 0.0
657 4 0 1024 0 0 0.0
658 2 3 1024 3 3 0.3
658 4 0 1024 0 0 0.0
659 2 3 1024 3 3 0.3
659 4 0 1024 0 0 0.0
660 3 0 1024 0 0 0.0
661 2 0 1024 0 0 0.0
662 2 0 1024 0 0 0.0
663 2 0 1024 0 0 0.0
664 2 0 1024 0 0 0.0
665 3 1 1024 1 1 0.1
665 4 0 1024 0 0 0.0
666 4 0 1024 0 0 0.0
666 2 1 1024 1 1 0.1
667 3 1 1024 1 1 0.1
667 5 0 1024 0 0 0.0
667 2 5 1024 5 5 0.5
668 3 0 1024 0 0 0.0
668 2 6 1024 6 6 0.6
669 2 1 1024 1 1 0.1
669 3 0 1024 0 0 0.0
670 3 1 1024 1 1 0.1
670 6 0 1024 0 0 0.0
670 2 2 1024 2 2 0.2
671 3 0 1024 0 0 0.0
672 4 0 1024 0 0 0.0
673 4 0 1024 0 0 0.0
674 2 5 1024 5 5 0.5
674 4 0 1024 0 0 0.0
675 4 0 1024 0 0 0.0
675 1 7 1024 7 7 0.7
676 5 0 1024 0 0 0.0
676 2 1 1024 1 1 0.1
677 4 0 1024 0 0 0.0
678 3 0 1024 0 0 0.0
679 3 0 1024 0 0 0.0
679 2 5 1024 5 5 0.5
680 6 0 1024 0 0 0.0
680 3 1 1024 1 1 0.1
681 3 0 1024 0 0 0.0
682 1 4 1024 4 4 0.4
682 5 1 1024 1 1 0.1
682 6 0 1024 0 0 0.0
682 4 2 1024 2 2 0.2
683 3 0 1024 0 0 0.0
684 6 0 1024 0 0 0.0
684 3 1 1024 1 1 0.1
685 4 0 1024 0 0 0.0
686 4 0 1024 0 0 0.0
686 3 1 1024 1 1 0.1
687 5 0 1024 0 0 0.0
687 2 3 1024 3 3 0.3
688 3 0 1024 0 0 0.0
689 4 0 1024 0 0 0.0
689 1 4 1024 4 4 0.4
690 4 0 1024 0 0 0.0
691 4 0 1024 0 0 0.0
692 4 0 1024 0 0 0.0
692 2 5 1024 5 5 0.5
693 6 0 1024 0 0 0.0
693 2 5 1024 5 5 0.5
693 3 1 1024 1 1 0.1
694 3 0 1024 0 0 0.0
695 2 3 1024 3 3 0.3
695 5 0 1024 0 0 0.0
695 3 1 1024 1 1 0.1
696 2 2 1024 2 2 0.2
696 4 0 1024 0 0 0.0
697 5 0 1024 0 0 0.0
697 3 2 1024 2 2 0.2
697 4 1 1024 1 1 0.1
698 4 0 1024 0 0 0.0
699 4 0 1024 0 0 0.0
700 4 0 1024 0 0 0.0
701 3 0 1024 0 0 0.0
702 4 0 1024 0 0 0.0
703 2 4 1024 4 4 0.4
703 3 2 1024 2 2 0.2
703 4 0 1024 0 0 0.0
704 3 2 1024 2 2 0.2
704 4 1 1024 1 1 0.1
704 5 0 1024 0 0 0.0
705 3 0 1024 0 0 0.0
706 6 0 1024 0 0 0.0
706 2 3 1024 3 3 0.3
706 3 1 1024 1 1 0.1
707 3 2 1024 2 2 0.2
707 2 4 1024 4 4 0.4
707 4 0 1024 0 0 0.0
708 1 4 1024 4 4 0.4
708 2 0 1024 0 0 0.0
709 3 2 1024 2 2 0.2
709 4 0 1024 0 0 0.0
710 2 1 1024 1 1 0.1
710 4 0 1024 0 0 0.0
710 1 5 1024 5 5 0.5
711 5 0 1024 0 0 0.0
712 3 1 1024 1 1 0.1
712 4 0 1024 0 0 0.0
713 4 0 1024 0 0 0.0
714 3 1 1024 1 1 0.1
714 4 0 1024 0 0 0.0
715 2 1 1024 1 1 0.1
715 4 0 1024 0 0 0.0
716 4 0 1024 0 0 0.0
717 4 0 1024 0 0 0.0
717 3 3 1024 3 3 0.3
718 3 3 1024 3 3 0.3
718 4 0 1024 0 0 0.0
719 4 0 1024 0 0 0.0
720 4 0 1024 0 0 0.0
720 2 3 1024 3 3 0.3
721 2 3 1024 3 3 0.3
721 3 1 1024 1 1 0.1
721 5 0 1024 0 0 0.0
722 1 3 1024 3 3 0.3
722 4 0 1024 0 0 0.0
723 3 2 1024 2 2 0.2
723 4 0 1024 0 0 0.0
724 4 0 1024 0 0 0.0
724 3 1 1024 1 1 0.1
725 5 0 1024 0 0 0.0
726 3 1 1024 1 1 0.1
726 2 2 1024 2 2 0.2
726 4 0 1024 0 0 0.0
727 4 0 1024 0 0 0.0
728 3 0 1024 0 0 0.0
729 4 0 1024 0 0 0.0
729 3 1 1024 1 1 0.1
730 3 1 1024 1 1 0.1
730 4 0 1024 0 0 0.0
730 1 4 1024 4 4 0.4
731 3 1 1024 1 1 0.1
731 4 0 1024 0 0 0.0
732 5 0 1024 0 0 0.0
732 4 2 1024 2 2 0.2
733 4 1 1024 1 1 0.1
733 5 0 1024 0 0 0.0
733 2 2 1024 2 2 0.2
734 5 0 1024 0 0 0.0
734 1 2 1024 2 2 0.2
735 5 0 1024 0 0 0.0
735 2 2 1024 2 2 0.2
736 5 0 1024 0 0 0.0
736 2 4 1024 4 4 0.4
737 3 6 1024 6 6 0.6
737 4 0 1024 0 0 0.0
738 1 1 1024 1 1 0.1
738 4 0 1024 0 0 0.0
739 5 0 1024 0 0 0.0
739 2 2 1024 2 2 0.2
740 5 0 1024 0 0 0.0
740 4 1 1024 1 1 0.1
741 1 6 1024 6 6 0.6
741 5 0 1024 0 0 0.0
741 4 1 1024 1 1 0.1
742 3 0 1024 0 0 0.0
743 4 0 1024 0 0 0.0
743 2 1 1024 1 1 0.1
744 3 1 1024 1 1 0.1
744 2 3 1024 3 3 0.3
745 3 0 1024 0 0 0.0
746 1 1 1024 1 1 0.1
746 3 0 1024 0 0 0.0
747 3 1 1024 1 1 0.1
747 4 0 1024 0 0 0.0
748 4 0 1024 0 0 0.0
748 1 6 1024 6 6 0.6
749 3 0 1024 0 0 0.0
750 3 2 1024 2 2 0.2
750 4 0 1024 0 0 0.0
751 3 0 1024 0 0 0.0
752 4 0 1024 0 0 0.0
752 3 2 1024 2 2 0.2
753 4 0 1024 0 0 0.0
753 2 1 1024 1 1 0.1
754 2 2 1024 2 2 0.2
754 3 0 1024 0 0 0.0
755 4 2 1024 2 2 0.2
755 5 0 1024 0 0 0.0
756 6 0 1024 0 0 0.0
756 3 1 1024 1 1 0.1
757 3 2 1024 2 2 0.2
757 4 0 1024 0 0 0.0
758 6 0 1024 0 0 0.0
758 1 4 1024 4 4 0.4
758 4 1 1024 1 1 0.1
759 3 1 1024 1 1 0.1
759 5 0 1024 0 0 0.0
759 2 4 1024 4 4 0.4
760 4 1 1024 1 1 0.1
760 6 0 1024 0 0 0.0
761 4 0 1024 0 0 0.0
761 3 1 1024 1 1 0.1
762 2 3 1024 3 3 0.3
762 5 0 1024 0 0 0.0
762 3 2 1024 2 2 0.2
763 2 1 1024 1 1 0.1
763 4 0 1024 0 0 0.0
764 4 0 1024 0 0 0.0
765 4 0 1024 0 0 0.0
765 2 1 1024 1 1 0.1
766 5 0 1024 0 0 0.0
766 4 2 1024 2 2 0.2
767 4 0 1024 0 0 0.0
767 2 2 1024 2 2 0.2
768 4 0 1024 0 0 0.0
768 3 2 1024 2 2 0.2
769 4 0 1024 0 0 0.0
769 3 1 1024 1 1 0.1
770 4 0 1024 0 0 0.0
770 2 5 1024 5 5 0.5
771 3 0 1024 0 0 0.0
772 3 3 1024 3 3 0.3
772 6 0 1024 0 0 0.0
772 4 1 1024 1 1 0.1
773 4 0 1024 0 0 0.0
773 3 1 1024 1 1 0.1
773 1 5 1024 5 5 0.5
774 3 0 1024 0 0 0.0
775 5 0 1024 0 0 0.0
775 3 1 1024 1 1 0.1
776 4 1 1024 1 1 0.1
776 5 0 1024 0 0 0.0
776 2 4 1024 4 4 0.4
777 2 1 1024 1 1 0.1
777 0 10 1024 10 10 1.0
777 5 0 1024 0 0 0.0
778 4 0 1024 0 0 0.0
778 2 3 1024 3 3 0.3
778 3 1 1024 1 1 0.1
779 5 0 1024 0 0 0.0
779 4 1 1024 1 1 0.1
779 2 2 1024 2 2 0.2
780 0 10 1024 10 10 1.0
780 2 6 1024 6 6 0.6
780 3 0 1024 0 0 0.0
781 6 0 1024 0 0 0.0
781 2 2 1024 2 2 0.2
782 2 1 1024 1 1 0.1
782 3 0 1024 0 0 0.0
783 2 2 1024 2 2 0.2
783 3 0 1024 0 0 0.0
784 3 1 1024 1 1 0.1
784 2 2 1024 2 2 0.2
784 6 0 1024 0 0 0.0
785 5 0 1024 0 0 0.0
785 4 1 1024 1 1 0.1
785 2 4 1024 4 4 0.4
786 4 0 1024 0 0 0.0
787 5 0 1024 0 0 0.0
787 3 1 1024 1 1 0.1
788 1 2 1024 2 2 0.2
788 4 0 1024 0 0 0.0
789 2 3 1024 3 3 0.3
789 3 0 1024 0 0 0.0
790 2 2 1024 2 2 0.2
790 4 0 1024 0 0 0.0
791 3 1 1024 1 1 0.1
791 2 2 1024 2 2 0.2
791 5 0 1024 0 0 0.0
792 4 0 1024 0 0 0.0
792 2 4 1024 4 4 0.4
793 3 0 1024 0 0 0.0
794 2 1 1024 1 1 0.1
794 4 0 1024 0 0 0.0
795 4 0 1024 0 0 0.0
795 3 2 1024 2 2 0.2
796 3 0 1024 0 0 0.0
797 3 3 1024 3 3 0.3
797 4 0 1024 0 0 0.0
798 3 0 1024 0 0 0.0
799 4 0 1024 0 0 0.0
800 3 0 1024 0 0 0.0
801 4 0 1024 0 0 0.0
802 4 0 1024 0 0 0.0
802 3 1 1024 1 1 0.1
802 2 3 1024 3 3 0.3
803 3 1 1024 1 1 0.1
803 4 0 1024 0 0 0.0
803 0 10 1024 10 10 1.0
803 2 6 1024 6 6 0.6
804 3 0 1024 0 0 0.0
805 2 1 1024 1 1 0.1
805 5 0 1024 0 0 0.0
806 2 1 1024 1 1 0.1
806 5 0 1024 0 0 0.0
807 4 0 1024 0 0 0.0
808 2 3 1024 3 3 0.3
808 3 0 1024 0 0 0.0
809 5 0 1024 0 0 0.0
809 4 1 1024 1 1 0.1
809 3 2 1024 2 2 0.2
810 2 1 1024 1 1 0.1
810 4 0 1024 0 0 0.0
811 4 0 1024 0 0 0.0
812 3 2 1024 2 2 0.2
812 5 0 1024 0 0 0.0
812 1 5 1024 5 5 0.5
813 4 0 1024 0 0 0.0
813 2 5 1024 5 5 0.5
814 4 1 1024 1 1 0.1
814 2 3 1024 3 3 0.3
814 5 0 1024 0 0 0.0
814 3 2 1024 2 2 0.2
815 4 0 1024 0 0 0.0
815 3 1 1024 1 1 0.1
816 3 1 1024 1 1 0.1
816 6 0 1024 0 0 0.0
817 3 0 1024 0 0 0.0
818 3 0 1024 0 0 0.0
819 4 0 1024 0 0 0.0
819 3 2 1024 2 2 0.2
820 3 0 1024 0 0 0.0
821 5 0 1024 0 0 0.0
821 2 1 1024 1 1 0.1
822 4 0 1024 0 0 0.0
822 3 2 1024 2 2 0.2
823 3 0 1024 0 0 0.0
824 2 0 1024 0 0 0.0
825 3 1 1024 1 1 0.1
825 5 0 1024 0 0 0.0
826 3 0 1024 0 0 0.0
827 4 0 1024 0 0 0.0
828 3 0 1024 0 0 0.0
829 5 0 1024 0 0 0.0
829 3 4 1024 4 4 0.4
830 2 3 1024 3 3 0.3
830 3 0 1024 0 0 0.0
831 4 0 1024 0 0 0.0
831 1 3 1024 3 3 0.3
832 3 0 1024 0 0 0.0
832 2 1 1024 1 1 0.1
833 5 0 1024 0 0 0.0
833 4 2 1024 2 2 0.2
834 4 0 1024 0 0 0.0
834 2 1 1024 1 1 0.1
835 3 0 1024 0 0 0.0
835 2 4 1024 4 4 0.4
836 4 0 1024 0 0 0.0
837 4 0 1024 0 0 0.0
837 3 1 1024 1 1 0.1
838 3 0 1024 0 0 0.0
839 4 0 1024 0 0 0.0
839 3 1 1024 1 1 0.1
840 5 0 1024 0 0 0.0
841 4 0 1024 0 0 0.0
841 3 1 1024 1 1 0.1
841 2 4 1024 4 4 0.4
842 5 0 1024 0 0 0.0
842 4 2 1024 2 2 0.2
843 4 1 1024 1 1 0.1
843 5 0 1024 0 0 0.0
844 3 0 1024 0 0 0.0
844 2 3 1024 3 3 0.3
845 4 0 1024 0 0 0.0
845 3 1 1024 1 1 0.1
846 2 0 1024 0 0 0.0
847 2 1 1024 1 1 0.1
847 6 0 1024 0 0 0.0
848 2 0 1024 0 0 0.0
849 4 0 1024 0 0 0.0
849 2 1 1024 1 1 0.1
850 4 0 1024 0 0 0.0
850 3 1 1024 1 1 0.1
851 3 1 1024 1 1 0.1
851 4 0 1024 0 0 0.0
852 2 1 1024 1 1 0.1
852 4 0 1024 0 0 0.0
853 3 0 1024 0 0 0.0
854 4 1 1024 1 1 0.1
854 5 0 1024 0 0 0.0
855 3 0 1024 0 0 0.0
856 4 0 1024 0 0 0.0
857 5 0 1024 0 0 0.0
857 3 1 1024 1 1 0.1
857 2 2 1024 2 2 0.2
858 3 0 1024 0 0 0.0
858 1 3 1024 3 3 0.3
859 2 0 1024 0 0 0.0
860 4 0 1024 0 0 0.0
860 2 1 1024 1 1 0.1
861 3 0 1024 0 0 0.0
862 4 0 1024 0 0 0.0
863 4 0 1024 0 0 0.0
863 3 1 1024 1 1 0.1
864 3 1 1024 1 1 0.1
864 4 0 1024 0 0 0.0
865 4 0 1024 0 0 0.0
865 3 1 1024 1 1 0.1
865 1 4 1024 4 4 0.4
866 3 0 1024 0 0 0.0
866 1 3 1024 3 3 0.3
867 4 0 1024 0 0 0.0
868 2 1 1024 1 1 0.1
868 5 0 1024 0 0 0.0
869 4 1 1024 1 1 0.1
869 5 0 1024 0 0 0.0
870 6 0 1024 0 0 0.0
870 3 1 1024 1 1 0.1
871 5 0 1024 0 0 0.0
871 3 2 1024 2 2 0.2
872 2 1 1024 1 1 0.1
872 4 0 1024 0 0 0.0
873 3 0 1024 0 0 0.0
874 4 0 1024 0 0 0.0
874 3 3 1024 3 3 0.3
875 4 0 1024 0 0 0.0
875 2 3 1024 3 3 0.3
876 3 0 1024 0 0 0.0
877 2 1 1024 1 1 0.1
877 3 0 1024 0 0 0.0
878 3 0 1024 0 0 0.0
878 1 4 1024 4 4 0.4
879 3 4 1024 4 4 0.4
879 4 0 1024 0 0 0.0
880 4 0 1024 0 0 0.0
881 6 0 1024 0 0 0.0
881 4 1 1024 1 1 0.1
881 3 2 1024 2 2 0.2
882 5 0 1024 0 0 0.0
882 1 1 1024 1 1 0.1
883 4 0 1024 0 0 0.0
883 3 1 1024 1 1 0.1
884 3 0 1024 0 0 0.0
884 2 2 1024 2 2 0.2
885 3 0 1024 0 0 0.0
886 3 1 1024 1 1 0.1
886 4 0 1024 0 0 0.0
887 4 0 1024 0 0 0.0
887 2 2 1024 2 2 0.2
888 5 0 1024 0 0 0.0
888 0 10 1024 10 10 1.0
888 4 2 1024 2 2 0.2
889 3 0 1024 0 0 0.0
889 0 10 1024 10 10 1.0
890 4 0 1024 0 0 0.0
890 3 1 1024 1 1 0.1
891 3 2 1024 2 2 0.2
891 4 0 1024 0 0 0.0
892 3 0 1024 0 0 0.0
893 3 0 1024 0 0 0.0
894 3 0 1024 0 0 0.0
895 2 1 1024 1 1 0.1
895 4 0 1024 0 0 0.0
896 2 3 1024 3 3 0.3
896 3 0 1024 0 0 0.0
897 3 0 1024 0 0 0.0
898 2 3 1024 3 3 0.3
898 4 0 1024 0 0 0.0
898 3 1 1024 1 1 0.1
899 4 0 1024 0 0 0.0
900 4 0 1024 0 0 0.0
901 3 0 1024 0 0 0.0
902 4 0 1024 0 0 0.0
902 3 3 1024 3 3 0.3
903 6 0 1024 0 0 0.0
903 1 4 1024 4 4 0.4
903 4 1 1024 1 1 0.1
904 4 1 1024 1 1 0.1
904 2 3 1024 3 3 0.3
904 6 0 1024 0 0 0.0
905 4 0 1024 0 0 0.0
905 3 4 1024 4 4 0.4
906 4 0 1024 0 0 0.0
907 4 0 1024 0 0 0.0
907 3 1 1024 1 1 0.1
908 4 0 1024 0 0 0.0
908 2 2 1024 2 2 0.2
909 3 2 1024 2 2 0.2
909 4 0 1024 0 0 0.0
910 3 0 1024 0 0 0.0
911 5 0 1024 0 0 0.0
911 3 1 1024 1 1 0.1
912 3 1 1024 1 1 0.1
912 5 0 1024 0 0 0.0
913 4 0 1024 0 0 0.0
914 2 2 1024 2 2 0.2
914 3 0 1024 0 0 0.0
915 5 0 1024 0 0 0.0
915 1 4 1024 4 4 0.4
915 4 1 1024 1 1 0.1
916 2 2 1024 2 2 0.2
916 3 0 1024 0 0 0.0
917 4 0 1024 0 0 0.0
917 3 1 1024 1 1 0.1
918 5 0 1024 0 0 0.0
918 2 5 1024 5 5 0.5
918 3 1 1024 1 1 0.1
919 4 0 1024 0 0 0.0
919 3 4 1024 4 4 0.4
920 4 0 1024 0 0 0.0
920 3 1 1024 1 1 0.1
921 4 0 1024 0 0 0.0
921 1 3 1024 3 3 0.3
921 2 1 1024 1 1 0.1
922 1 5 1024 5 5 0.5
922 2 1 1024 1 1 0.1
922 3 0 1024 0 0 0.0
923 3 0 1024 0 0 0.0
923 2 3 1024 3 3 0.3
924 3 1 1024 1 1 0.1
924 2 5 1024 5 5 0.5
924 4 0 1024 0 0 0.0
925 4 0 1024 0 0 0.0
925 2 1 1024 1 1 0.1
926 4 0 1024 0 0 0.0
926 3 5 1024 5 5 0.5
927 4 0 1024 0 0 0.0
927 2 4 1024 4 4 0.4
928 3 2 1024 2 2 0.2
928 4 0 1024 0 0 0.0
929 2 2 1024 2 2 0.2
929 5 0 1024 0 0 0.0
929 3 1 1024 1 1 0.1
930 2 1 1024 1 1 0.1
930 3 0 1024 0 0 0.0
930 1 6 1024 6 6 0.6
931 4 0 1024 0 0 0.0
931 2 5 1024 5 5 0.5
931 3 2 1024 2 2 0.2
932 3 0 1024 0 0 0.0
933 3 0 1024 0 0 0.0
934 4 0 1024 0 0 0.0
934 3 2 1024 2 2 0.2
935 4 1 1024 1 1 0.1
935 5 0 1024 0 0 0.0
936 4 0 1024 0 0 0.0
937 2 2 1024 2 2 0.2
937 3 0 1024 0 0 0.0
938 4 1 1024 1 1 0.1
938 5 0 1024 0 0 0.0
938 2 2 1024 2 2 0.2
939 4 0 1024 0 0 0.0
939 3 1 1024 1 1 0.1
940 4 0 1024 0 0 0.0
940 2 2 1024 2 2 0.2
941 2 1 1024 1 1 0.1
941 5 0 1024 0 0 0.0
942 3 2 1024 2 2 0.2
942 4 0 1024 0 0 0.0
943 5 0 1024 0 0 0.0
943 2 1 1024 1 1 0.1
944 2 3 1024 3 3 0.3
944 3 0 1024 0 0 0.0
945 2 4 1024 4 4 0.4
945 4 0 1024 0 0 0.0
945 3 2 1024 2 2 0.2
946 3 0 1024 0 0 0.0
947 4 0 1024 0 0 0.0
947 2 2 1024 2 2 0.2
948 1 2 1024 2 2 0.2
948 5 0 1024 0 0 0.0
948 4 1 1024 1 1 0.1
949 2 3 1024 3 3 0.3
949 3 2 1024 2 2 0.2
949 4 0 1024 0 0 0.0
950 3 0 1024 0 0 0.0
951 3 0 1024 0 0 0.0
952 4 0 1024 0 0 0.0
953 3 0 1024 0 0 0.0
954 3 2 1024 2 2 0.2
954 4 1 1024 1 1 0.1
954 5 0 1024 0 0 0.0
954 2 3 1024 3 3 0.3
955 3 3 1024 3 3 0.3
955 4 0 1024 0 0 0.0
956 3 1 1024 1 1 0.1
956 4 0 1024 0 0 0.0
957 4 0 1024 0 0 0.0
957 2 1 1024 1 1 0.1
958 4 1 1024 1 1 0.1
958 6 0 1024 0 0 0.0
958 2 2 1024 2 2 0.2
959 3 2 1024 2 2 0.2
959 4 1 1024 1 1 0.1
959 5 0 1024 0 0 0.0
960 3 0 1024 0 0 0.0
961 2 1 1024 1 1 0.1
961 5 0 1024 0 0 0.0
962 3 0 1024 0 0 0.0
963 6 0 1024 0 0 0.0
963 3 2 1024 2 2 0.2
964 4 1 1024 1 1 0.1
964 1 4 1024 4 4 0.4
964 5 0 1024 0 0 0.0
965 4 0 1024 0 0 0.0
965 3 1 1024 1 1 0.1
965 2 2 1024 2 2 0.2
966 4 1 1024 1 1 0.1
966 7 0 1024 0 0 0.0
966 2 2 1024 2 2 0.2
967 2 2 1024 2 2 0.2
967 4 0 1024 0 0 0.0
968 5 0 1024 0 0 0.0
968 4 1 1024 1 1 0.1
968 3 2 1024 2 2 0.2
969 4 0 1024 0 0 0.0
970 4 0 1024 0 0 0.0
971 2 0 1024 0 0 0.0
972 2 0 1024 0 0 0.0
973 4 0 1024 0 0 0.0
974 1 4 1024 4 4 0.4
974 4 0 1024 0 0 0.0
975 4 0 1024 0 0 0.0
976 1 2 1024 2 2 0.2
976 4 0 1024 0 0 0.0
976 3 1 1024 1 1 0.1
977 3 0 1024 0 0 0.0
978 3 1 1024 1 1 0.1
978 5 0 1024 0 0 0.0
979 3 0 1024 0 0 0.0
980 5 0 1024 0 0 0.0
980 2 2 1024 2 2 0.2
981 2 0 1024 0 0 0.0
982 4 0 1024 0 0 0.0
982 3 1 1024 1 1 0.1
983 2 0 1024 0 0 0.0
984 4 1 1024 1 1 0.1
984 5 0 1024 0 0 0.0
985 6 0 1024 0 0 0.0
985 3 2 1024 2 2 0.2
985 1 7 1024 7 7 0.7
985 5 1 1024 1 1 0.1
986 4 1 1024 1 1 0.1
986 5 0 1024 0 0 0.0
986 2 4 1024 4 4 0.4
987 3 1 1024 1 1 0.1
987 6 0 1024 0 0 0.0
988 2 1 1024 1 1 0.1
988 3 0 1024 0 0 0.0
989 3 1 1024 1 1 0.1
989 5 0 1024 0 0 0.0
989 2 2 1024 2 2 0.2
990 3 1 1024 1 1 0.1
990 5 0 1024 0 0 0.0
991 2 4 1024 4 4 0.4
991 4 2 1024 2 2 0.2
991 5 0 1024 0 0 0.0
992 2 2 1024 2 2 0.2
992 3 0 1024 0 0 0.0
993 2 0 1024 0 0 0.0
994 2 5 1024 5 5 0.5
994 4 0 1024 0 0 0.0
995 3 0 1024 0 0 0.0
996 2 2 1024 2 2 0.2
996 4 0 1024 0 0 0.0
996 3 1 1024 1 1 0.1
997 3 0 1024 0 0 0.0
998 4 0 1024 0 0 0.0
998 2 2 1024 2 2 0.2
999 5 0 1024 0 0 0.0
999 4 1 1024 1 1 0.1
1000 1 4 1024 4 4 0.4
1000 3 0 1024 0 0 0.0
