gen testSuiteSize notKilledMutants number_of_tests no_discount_objective no_equiv_mut_not_killed no_equiv_mut_not_killed_perc
1 4 0 26 0 0 0.0
2 4 0 85 0 0 0.0
3 4 0 122 0 0 0.0
4 3 2 184 2 2 0.2
4 4 0 188 0 0 0.0
5 4 0 197 0 0 0.0
5 1 1 223 1 1 0.1
6 3 0 277 0 0 0.0
7 3 0 316 0 0 0.0
8 7 0 324 0 0 0.0
8 2 3 351 3 3 0.3
8 3 1 353 1 1 0.1
9 5 0 358 0 0 0.0
9 3 1 379 1 1 0.1
10 3 4 402 4 4 0.4
10 5 0 408 0 0 0.0
10 4 1 416 1 1 0.1
11 4 0 423 0 0 0.0
12 4 0 475 0 0 0.0
13 4 0 482 0 0 0.0
13 2 1 504 1 1 0.1
14 5 0 510 0 0 0.0
14 4 2 525 2 2 0.2
15 3 5 560 5 5 0.5
15 4 0 570 0 0 0.0
16 2 1 585 1 1 0.1
16 5 0 585 0 0 0.0
17 2 2 595 2 2 0.2
17 4 0 613 0 0 0.0
18 4 0 626 0 0 0.0
18 2 3 627 3 3 0.3
19 5 0 635 0 0 0.0
19 2 1 647 1 1 0.1
19 1 4 647 4 4 0.4
20 3 0 661 0 0 0.0
21 3 0 673 0 0 0.0
21 2 1 674 1 1 0.1
22 4 0 681 0 0 0.0
23 4 0 693 0 0 0.0
23 3 1 694 1 1 0.1
23 2 2 697 2 2 0.2
24 4 0 711 0 0 0.0
24 2 5 714 5 5 0.5
24 1 7 715 7 7 0.7
25 2 4 724 4 4 0.4
25 3 1 730 1 1 0.1
25 4 0 730 0 0 0.0
26 3 0 739 0 0 0.0
27 3 0 755 0 0 0.0
28 4 0 765 0 0 0.0
28 2 4 768 4 4 0.4
28 3 1 770 1 1 0.1
29 2 4 777 4 4 0.4
29 4 0 779 0 0 0.0
29 3 1 785 1 1 0.1
30 3 0 792 0 0 0.0
31 5 0 809 0 0 0.0
31 2 1 809 1 1 0.1
32 3 0 821 0 0 0.0
33 4 0 825 0 0 0.0
34 4 0 838 0 0 0.0
35 2 0 848 0 0 0.0
36 3 0 852 0 0 0.0
37 5 0 862 0 0 0.0
37 3 4 874 4 4 0.4
38 2 3 875 3 3 0.3
38 4 0 880 0 0 0.0
39 3 5 881 5 5 0.5
39 5 0 882 0 0 0.0
39 4 1 888 1 1 0.1
40 4 0 890 0 0 0.0
41 4 0 896 0 0 0.0
41 3 1 900 1 1 0.1
42 6 0 905 0 0 0.0
42 3 1 912 1 1 0.1
43 6 0 920 0 0 0.0
43 3 1 923 1 1 0.1
44 4 0 928 0 0 0.0
44 2 1 929 1 1 0.1
45 3 0 932 0 0 0.0
46 3 0 940 0 0 0.0
47 3 0 945 0 0 0.0
48 2 2 948 2 2 0.2
48 4 0 948 0 0 0.0
49 5 0 948 0 0 0.0
49 3 1 953 1 1 0.1
50 3 0 958 0 0 0.0
51 4 0 959 0 0 0.0
51 3 3 959 3 3 0.3
52 3 0 960 0 0 0.0
53 6 0 961 0 0 0.0
53 3 2 961 2 2 0.2
54 1 1 963 1 1 0.1
54 4 0 964 0 0 0.0
55 4 0 965 0 0 0.0
55 3 1 967 1 1 0.1
56 3 0 971 0 0 0.0
57 4 0 974 0 0 0.0
58 3 1 975 1 1 0.1
58 5 0 975 0 0 0.0
59 4 0 981 0 0 0.0
59 2 3 982 3 3 0.3
60 3 0 982 0 0 0.0
61 3 1 983 1 1 0.1
61 5 0 985 0 0 0.0
62 3 1 987 1 1 0.1
62 5 0 987 0 0 0.0
63 1 4 990 4 4 0.4
63 3 0 991 0 0 0.0
64 3 0 991 0 0 0.0
65 3 0 997 0 0 0.0
66 5 0 999 0 0 0.0
66 2 3 999 3 3 0.3
66 3 1 999 1 1 0.1
67 4 0 1001 0 0 0.0
67 2 2 1001 2 2 0.2
68 3 0 1001 0 0 0.0
69 1 6 1001 6 6 0.6
69 4 0 1001 0 0 0.0
70 0 10 1002 10 10 1.0
70 2 0 1005 0 0 0.0
71 4 0 1005 0 0 0.0
72 3 0 1006 0 0 0.0
73 3 0 1007 0 0 0.0
74 4 2 1007 2 2 0.2
74 2 6 1007 6 6 0.6
74 3 3 1007 3 3 0.3
74 5 0 1007 0 0 0.0
75 3 0 1008 0 0 0.0
76 3 0 1008 0 0 0.0
76 2 2 1008 2 2 0.2
77 5 0 1009 0 0 0.0
77 2 1 1009 1 1 0.1
78 4 0 1011 0 0 0.0
79 4 0 1011 0 0 0.0
79 3 3 1011 3 3 0.3
80 3 2 1011 2 2 0.2
80 5 0 1011 0 0 0.0
81 5 0 1011 0 0 0.0
81 1 2 1011 2 2 0.2
81 3 1 1011 1 1 0.1
82 5 0 1011 0 0 0.0
82 3 1 1011 1 1 0.1
82 2 4 1011 4 4 0.4
83 3 0 1012 0 0 0.0
84 3 0 1012 0 0 0.0
85 3 0 1014 0 0 0.0
86 4 0 1014 0 0 0.0
86 3 1 1014 1 1 0.1
86 1 4 1014 4 4 0.4
87 4 0 1015 0 0 0.0
87 2 2 1015 2 2 0.2
88 5 0 1015 0 0 0.0
89 6 0 1015 0 0 0.0
89 3 4 1015 4 4 0.4
89 4 1 1015 1 1 0.1
90 3 1 1016 1 1 0.1
90 4 0 1016 0 0 0.0
91 5 0 1017 0 0 0.0
91 2 1 1017 1 1 0.1
92 2 2 1017 2 2 0.2
92 3 0 1017 0 0 0.0
93 3 0 1017 0 0 0.0
94 2 1 1017 1 1 0.1
94 4 0 1017 0 0 0.0
95 3 0 1017 0 0 0.0
96 1 5 1017 5 5 0.5
96 3 0 1017 0 0 0.0
97 3 2 1017 2 2 0.2
97 4 0 1017 0 0 0.0
98 4 0 1017 0 0 0.0
98 3 1 1017 1 1 0.1
98 2 3 1017 3 3 0.3
99 3 0 1017 0 0 0.0
99 0 10 1017 10 10 1.0
100 3 2 1017 2 2 0.2
100 4 0 1017 0 0 0.0
101 5 0 1017 0 0 0.0
101 4 1 1017 1 1 0.1
101 1 4 1017 4 4 0.4
102 5 0 1017 0 0 0.0
102 2 2 1017 2 2 0.2
102 3 1 1017 1 1 0.1
103 5 0 1017 0 0 0.0
103 3 1 1017 1 1 0.1
104 4 0 1017 0 0 0.0
104 2 3 1017 3 3 0.3
105 4 0 1017 0 0 0.0
106 1 4 1017 4 4 0.4
106 3 0 1017 0 0 0.0
107 4 0 1017 0 0 0.0
108 6 0 1017 0 0 0.0
108 2 2 1018 2 2 0.2
108 3 1 1018 1 1 0.1
109 3 0 1019 0 0 0.0
110 3 1 1019 1 1 0.1
110 4 0 1019 0 0 0.0
111 5 0 1019 0 0 0.0
111 1 6 1019 6 6 0.6
111 2 1 1019 1 1 0.1
112 3 0 1019 0 0 0.0
112 1 6 1021 6 6 0.6
113 5 0 1021 0 0 0.0
113 3 1 1021 1 1 0.1
114 4 0 1021 0 0 0.0
115 4 0 1021 0 0 0.0
115 3 3 1021 3 3 0.3
116 3 0 1021 0 0 0.0
117 4 0 1021 0 0 0.0
118 3 0 1021 0 0 0.0
118 2 1 1021 1 1 0.1
119 4 3 1021 3 3 0.3
119 5 0 1021 0 0 0.0
120 4 0 1021 0 0 0.0
121 4 0 1021 0 0 0.0
121 3 3 1021 3 3 0.3
122 5 0 1021 0 0 0.0
122 4 1 1021 1 1 0.1
122 3 3 1021 3 3 0.3
123 3 0 1022 0 0 0.0
124 3 1 1022 1 1 0.1
124 4 0 1022 0 0 0.0
125 4 0 1022 0 0 0.0
125 3 3 1022 3 3 0.3
126 2 0 1022 0 0 0.0
127 1 6 1022 6 6 0.6
127 3 0 1022 0 0 0.0
127 2 1 1022 1 1 0.1
128 4 1 1022 1 1 0.1
128 3 2 1022 2 2 0.2
128 5 0 1022 0 0 0.0
129 3 0 1022 0 0 0.0
130 3 0 1023 0 0 0.0
131 4 1 1023 1 1 0.1
131 5 0 1023 0 0 0.0
131 3 2 1023 2 2 0.2
131 2 3 1023 3 3 0.3
132 3 0 1023 0 0 0.0
132 1 3 1023 3 3 0.3
133 3 0 1023 0 0 0.0
134 4 1 1023 1 1 0.1
134 5 0 1023 0 0 0.0
135 3 1 1023 1 1 0.1
135 5 0 1023 0 0 0.0
136 3 0 1023 0 0 0.0
137 4 0 1023 0 0 0.0
138 3 0 1023 0 0 0.0
139 4 0 1023 0 0 0.0
139 2 2 1023 2 2 0.2
140 4 0 1023 0 0 0.0
141 2 2 1023 2 2 0.2
141 4 0 1023 0 0 0.0
141 3 1 1023 1 1 0.1
142 3 1 1023 1 1 0.1
142 2 3 1023 3 3 0.3
142 5 0 1023 0 0 0.0
143 3 2 1023 2 2 0.2
143 2 3 1023 3 3 0.3
143 5 0 1023 0 0 0.0
144 4 0 1023 0 0 0.0
144 2 1 1023 1 1 0.1
145 3 0 1023 0 0 0.0
146 2 3 1023 3 3 0.3
146 5 0 1023 0 0 0.0
146 3 1 1023 1 1 0.1
147 5 0 1023 0 0 0.0
147 3 1 1023 1 1 0.1
148 2 3 1023 3 3 0.3
148 3 0 1023 0 0 0.0
149 3 0 1023 0 0 0.0
150 3 2 1023 2 2 0.2
150 4 0 1023 0 0 0.0
151 4 0 1023 0 0 0.0
151 3 3 1023 3 3 0.3
152 3 0 1023 0 0 0.0
153 3 1 1023 1 1 0.1
153 5 0 1023 0 0 0.0
154 2 0 1023 0 0 0.0
155 4 0 1023 0 0 0.0
156 2 3 1023 3 3 0.3
156 3 1 1023 1 1 0.1
156 4 0 1023 0 0 0.0
157 3 0 1023 0 0 0.0
158 4 0 1023 0 0 0.0
159 4 0 1023 0 0 0.0
159 2 1 1023 1 1 0.1
160 3 0 1024 0 0 0.0
161 3 0 1024 0 0 0.0
161 2 1 1024 1 1 0.1
162 4 0 1024 0 0 0.0
163 3 1 1024 1 1 0.1
163 4 0 1024 0 0 0.0
164 4 0 1024 0 0 0.0
164 3 2 1024 2 2 0.2
165 2 1 1024 1 1 0.1
165 3 0 1024 0 0 0.0
166 5 0 1024 0 0 0.0
166 4 2 1024 2 2 0.2
167 3 2 1024 2 2 0.2
167 4 0 1024 0 0 0.0
167 1 3 1024 3 3 0.3
168 4 0 1024 0 0 0.0
168 3 1 1024 1 1 0.1
168 2 2 1024 2 2 0.2
169 2 3 1024 3 3 0.3
169 4 0 1024 0 0 0.0
169 3 2 1024 2 2 0.2
170 3 0 1024 0 0 0.0
171 4 0 1024 0 0 0.0
171 3 1 1024 1 1 0.1
171 2 2 1024 2 2 0.2
172 4 0 1024 0 0 0.0
173 2 2 1024 2 2 0.2
173 4 0 1024 0 0 0.0
174 2 2 1024 2 2 0.2
174 3 0 1024 0 0 0.0
175 3 1 1024 1 1 0.1
175 4 0 1024 0 0 0.0
176 2 5 1024 5 5 0.5
176 4 0 1024 0 0 0.0
177 3 2 1024 2 2 0.2
177 5 0 1024 0 0 0.0
178 4 0 1024 0 0 0.0
178 1 2 1024 2 2 0.2
179 3 2 1024 2 2 0.2
179 4 0 1024 0 0 0.0
180 3 0 1024 0 0 0.0
181 4 0 1024 0 0 0.0
181 3 1 1024 1 1 0.1
182 3 1 1024 1 1 0.1
182 4 0 1024 0 0 0.0
183 4 0 1024 0 0 0.0
184 2 1 1024 1 1 0.1
184 5 0 1024 0 0 0.0
185 4 0 1024 0 0 0.0
186 3 1 1024 1 1 0.1
186 4 0 1024 0 0 0.0
186 1 4 1024 4 4 0.4
187 2 2 1024 2 2 0.2
187 4 0 1024 0 0 0.0
187 3 1 1024 1 1 0.1
188 4 1 1024 1 1 0.1
188 3 2 1024 2 2 0.2
188 5 0 1024 0 0 0.0
189 3 0 1024 0 0 0.0
190 4 0 1024 0 0 0.0
190 2 1 1024 1 1 0.1
191 2 2 1024 2 2 0.2
191 3 0 1024 0 0 0.0
192 5 0 1024 0 0 0.0
192 3 1 1024 1 1 0.1
193 2 2 1024 2 2 0.2
193 3 0 1024 0 0 0.0
194 3 0 1024 0 0 0.0
195 3 0 1024 0 0 0.0
196 3 2 1024 2 2 0.2
196 4 0 1024 0 0 0.0
197 4 0 1024 0 0 0.0
197 3 1 1024 1 1 0.1
198 1 4 1024 4 4 0.4
198 3 0 1024 0 0 0.0
199 4 0 1024 0 0 0.0
200 3 1 1024 1 1 0.1
200 2 5 1024 5 5 0.5
200 6 0 1024 0 0 0.0
201 5 0 1024 0 0 0.0
201 4 1 1024 1 1 0.1
201 3 4 1024 4 4 0.4
202 5 0 1024 0 0 0.0
202 3 1 1024 1 1 0.1
203 3 0 1024 0 0 0.0
204 4 0 1024 0 0 0.0
205 3 4 1024 4 4 0.4
205 4 0 1024 0 0 0.0
206 6 0 1024 0 0 0.0
206 3 1 1024 1 1 0.1
207 3 0 1024 0 0 0.0
207 2 5 1024 5 5 0.5
208 4 0 1024 0 0 0.0
208 2 1 1024 1 1 0.1
209 4 2 1024 2 2 0.2
209 5 0 1024 0 0 0.0
210 3 2 1024 2 2 0.2
210 4 1 1024 1 1 0.1
210 5 0 1024 0 0 0.0
211 3 0 1024 0 0 0.0
212 5 0 1024 0 0 0.0
212 3 1 1024 1 1 0.1
213 5 0 1024 0 0 0.0
213 4 1 1024 1 1 0.1
214 3 0 1024 0 0 0.0
215 2 0 1024 0 0 0.0
216 3 0 1024 0 0 0.0
217 5 0 1024 0 0 0.0
217 3 1 1024 1 1 0.1
217 0 10 1024 10 10 1.0
218 3 2 1024 2 2 0.2
218 4 0 1024 0 0 0.0
219 4 0 1024 0 0 0.0
219 2 3 1024 3 3 0.3
220 4 0 1024 0 0 0.0
220 2 2 1024 2 2 0.2
221 3 0 1024 0 0 0.0
222 3 0 1024 0 0 0.0
223 3 1 1024 1 1 0.1
223 5 0 1024 0 0 0.0
223 2 4 1024 4 4 0.4
224 2 2 1024 2 2 0.2
224 3 0 1024 0 0 0.0
225 5 0 1024 0 0 0.0
225 3 2 1024 2 2 0.2
225 4 1 1024 1 1 0.1
226 2 1 1024 1 1 0.1
226 4 0 1024 0 0 0.0
227 5 0 1024 0 0 0.0
227 4 3 1024 3 3 0.3
228 2 1 1024 1 1 0.1
228 3 0 1024 0 0 0.0
229 4 0 1024 0 0 0.0
230 2 2 1024 2 2 0.2
230 4 0 1024 0 0 0.0
231 4 0 1024 0 0 0.0
231 2 1 1024 1 1 0.1
232 5 0 1024 0 0 0.0
233 4 0 1024 0 0 0.0
233 3 1 1024 1 1 0.1
234 5 0 1024 0 0 0.0
234 3 1 1024 1 1 0.1
235 3 1 1024 1 1 0.1
235 5 0 1024 0 0 0.0
236 4 0 1024 0 0 0.0
237 3 1 1024 1 1 0.1
237 4 0 1024 0 0 0.0
238 3 0 1024 0 0 0.0
239 2 3 1024 3 3 0.3
239 3 0 1024 0 0 0.0
240 3 0 1024 0 0 0.0
241 3 2 1024 2 2 0.2
241 5 0 1024 0 0 0.0
241 4 1 1024 1 1 0.1
242 4 0 1024 0 0 0.0
243 4 1 1024 1 1 0.1
243 2 2 1024 2 2 0.2
243 5 0 1024 0 0 0.0
244 3 2 1024 2 2 0.2
244 4 0 1024 0 0 0.0
244 2 4 1024 4 4 0.4
245 3 0 1024 0 0 0.0
246 4 1 1024 1 1 0.1
246 3 2 1024 2 2 0.2
246 5 0 1024 0 0 0.0
247 3 0 1024 0 0 0.0
248 3 1 1024 1 1 0.1
248 4 0 1024 0 0 0.0
249 3 0 1024 0 0 0.0
250 3 0 1024 0 0 0.0
251 3 2 1024 2 2 0.2
251 4 1 1024 1 1 0.1
251 5 0 1024 0 0 0.0
252 4 0 1024 0 0 0.0
253 4 0 1024 0 0 0.0
254 2 0 1024 0 0 0.0
255 4 0 1024 0 0 0.0
256 4 0 1024 0 0 0.0
257 4 0 1024 0 0 0.0
258 3 1 1024 1 1 0.1
258 5 0 1024 0 0 0.0
259 4 0 1024 0 0 0.0
259 2 1 1024 1 1 0.1
260 4 0 1024 0 0 0.0
261 3 0 1024 0 0 0.0
262 5 0 1024 0 0 0.0
262 2 1 1024 1 1 0.1
263 3 1 1024 1 1 0.1
263 4 0 1024 0 0 0.0
264 4 0 1024 0 0 0.0
265 5 0 1024 0 0 0.0
265 3 1 1024 1 1 0.1
266 5 1 1024 1 1 0.1
266 6 0 1024 0 0 0.0
267 2 1 1024 1 1 0.1
267 3 0 1024 0 0 0.0
268 4 0 1024 0 0 0.0
268 2 4 1024 4 4 0.4
269 5 0 1024 0 0 0.0
269 2 1 1024 1 1 0.1
270 5 0 1024 0 0 0.0
270 3 1 1024 1 1 0.1
271 3 2 1024 2 2 0.2
271 4 0 1024 0 0 0.0
272 3 0 1024 0 0 0.0
273 3 1 1024 1 1 0.1
273 2 4 1024 4 4 0.4
273 5 0 1024 0 0 0.0
274 3 0 1024 0 0 0.0
275 2 1 1024 1 1 0.1
275 3 0 1024 0 0 0.0
276 4 0 1024 0 0 0.0
277 3 3 1024 3 3 0.3
277 4 0 1024 0 0 0.0
278 4 0 1024 0 0 0.0
278 2 1 1024 1 1 0.1
279 3 3 1024 3 3 0.3
279 5 0 1024 0 0 0.0
280 4 0 1024 0 0 0.0
280 2 1 1024 1 1 0.1
281 3 0 1024 0 0 0.0
282 7 0 1024 0 0 0.0
282 4 1 1024 1 1 0.1
282 2 3 1024 3 3 0.3
283 4 0 1024 0 0 0.0
283 2 3 1024 3 3 0.3
283 3 1 1024 1 1 0.1
284 2 4 1024 4 4 0.4
284 3 1 1024 1 1 0.1
284 4 0 1024 0 0 0.0
285 3 2 1024 2 2 0.2
285 4 1 1024 1 1 0.1
285 5 0 1024 0 0 0.0
286 4 0 1024 0 0 0.0
287 4 0 1024 0 0 0.0
288 4 0 1024 0 0 0.0
288 1 4 1024 4 4 0.4
289 3 1 1024 1 1 0.1
289 4 0 1024 0 0 0.0
290 3 0 1024 0 0 0.0
291 4 0 1024 0 0 0.0
291 3 3 1024 3 3 0.3
292 3 2 1024 2 2 0.2
292 4 0 1024 0 0 0.0
293 5 0 1024 0 0 0.0
293 3 1 1024 1 1 0.1
293 2 3 1024 3 3 0.3
294 2 1 1024 1 1 0.1
294 7 0 1024 0 0 0.0
295 2 0 1024 0 0 0.0
296 5 0 1024 0 0 0.0
296 3 2 1024 2 2 0.2
296 2 3 1024 3 3 0.3
297 3 2 1024 2 2 0.2
297 5 0 1024 0 0 0.0
298 3 1 1024 1 1 0.1
298 4 0 1024 0 0 0.0
299 2 2 1024 2 2 0.2
299 3 0 1024 0 0 0.0
300 4 0 1024 0 0 0.0
301 3 3 1024 3 3 0.3
301 4 0 1024 0 0 0.0
302 3 0 1024 0 0 0.0
303 3 0 1024 0 0 0.0
304 4 0 1024 0 0 0.0
304 1 3 1024 3 3 0.3
305 3 0 1024 0 0 0.0
306 3 0 1024 0 0 0.0
307 3 0 1024 0 0 0.0
308 5 0 1024 0 0 0.0
308 3 1 1024 1 1 0.1
309 3 0 1024 0 0 0.0
310 5 0 1024 0 0 0.0
310 3 1 1024 1 1 0.1
311 4 1 1024 1 1 0.1
311 3 3 1024 3 3 0.3
311 2 4 1024 4 4 0.4
311 5 0 1024 0 0 0.0
312 4 0 1024 0 0 0.0
312 2 1 1024 1 1 0.1
313 4 1 1024 1 1 0.1
313 5 0 1024 0 0 0.0
313 1 6 1024 6 6 0.6
314 3 0 1024 0 0 0.0
315 4 0 1024 0 0 0.0
315 2 1 1024 1 1 0.1
316 5 0 1024 0 0 0.0
316 4 1 1024 1 1 0.1
317 4 1 1024 1 1 0.1
317 5 0 1024 0 0 0.0
317 3 5 1024 5 5 0.5
318 5 0 1024 0 0 0.0
318 1 3 1024 3 3 0.3
318 4 2 1024 2 2 0.2
319 4 0 1024 0 0 0.0
320 3 1 1024 1 1 0.1
320 4 0 1024 0 0 0.0
321 3 0 1024 0 0 0.0
322 3 1 1024 1 1 0.1
322 2 4 1024 4 4 0.4
322 5 0 1024 0 0 0.0
323 2 2 1024 2 2 0.2
323 3 1 1024 1 1 0.1
323 4 0 1024 0 0 0.0
324 3 0 1024 0 0 0.0
325 5 0 1024 0 0 0.0
325 4 3 1024 3 3 0.3
326 1 3 1024 3 3 0.3
326 4 0 1024 0 0 0.0
327 5 0 1024 0 0 0.0
327 3 1 1024 1 1 0.1
328 3 1 1024 1 1 0.1
328 4 0 1024 0 0 0.0
329 5 0 1024 0 0 0.0
329 3 1 1024 1 1 0.1
330 4 0 1024 0 0 0.0
330 3 2 1024 2 2 0.2
330 2 4 1024 4 4 0.4
331 3 2 1024 2 2 0.2
331 4 0 1024 0 0 0.0
332 3 2 1024 2 2 0.2
332 4 0 1024 0 0 0.0
333 3 0 1024 0 0 0.0
334 3 1 1024 1 1 0.1
334 4 0 1024 0 0 0.0
335 3 0 1024 0 0 0.0
336 2 1 1024 1 1 0.1
336 3 0 1024 0 0 0.0
337 3 0 1024 0 0 0.0
338 4 0 1024 0 0 0.0
338 3 3 1024 3 3 0.3
339 3 2 1024 2 2 0.2
339 5 0 1024 0 0 0.0
340 5 0 1024 0 0 0.0
340 2 1 1024 1 1 0.1
341 3 0 1024 0 0 0.0
341 2 2 1024 2 2 0.2
342 3 1 1024 1 1 0.1
342 5 0 1024 0 0 0.0
343 3 0 1024 0 0 0.0
344 4 0 1024 0 0 0.0
345 4 0 1024 0 0 0.0
345 3 3 1024 3 3 0.3
346 4 0 1024 0 0 0.0
346 3 1 1024 1 1 0.1
346 2 2 1024 2 2 0.2
347 2 2 1024 2 2 0.2
347 5 0 1024 0 0 0.0
347 3 1 1024 1 1 0.1
348 5 0 1024 0 0 0.0
348 4 1 1024 1 1 0.1
349 3 0 1024 0 0 0.0
349 2 4 1024 4 4 0.4
350 4 0 1024 0 0 0.0
350 2 3 1024 3 3 0.3
351 3 2 1024 2 2 0.2
351 4 0 1024 0 0 0.0
352 3 1 1024 1 1 0.1
352 5 0 1024 0 0 0.0
353 2 0 1024 0 0 0.0
354 3 1 1024 1 1 0.1
354 4 0 1024 0 0 0.0
355 3 0 1024 0 0 0.0
356 3 1 1024 1 1 0.1
356 4 0 1024 0 0 0.0
357 3 1 1024 1 1 0.1
357 0 10 1024 10 10 1.0
357 5 0 1024 0 0 0.0
358 5 0 1024 0 0 0.0
358 2 1 1024 1 1 0.1
359 4 0 1024 0 0 0.0
360 2 0 1024 0 0 0.0
361 5 0 1024 0 0 0.0
361 3 2 1024 2 2 0.2
361 4 1 1024 1 1 0.1
362 2 1 1024 1 1 0.1
362 3 0 1024 0 0 0.0
363 2 4 1024 4 4 0.4
363 3 0 1024 0 0 0.0
364 3 1 1024 1 1 0.1
364 5 0 1024 0 0 0.0
365 2 2 1024 2 2 0.2
365 3 0 1024 0 0 0.0
366 5 0 1024 0 0 0.0
366 3 1 1024 1 1 0.1
366 2 3 1024 3 3 0.3
367 2 0 1024 0 0 0.0
368 4 0 1024 0 0 0.0
368 3 1 1024 1 1 0.1
369 4 0 1024 0 0 0.0
370 4 0 1024 0 0 0.0
370 3 2 1024 2 2 0.2
371 3 1 1024 1 1 0.1
371 2 2 1024 2 2 0.2
371 5 0 1024 0 0 0.0
372 3 0 1024 0 0 0.0
372 2 3 1024 3 3 0.3
373 3 0 1024 0 0 0.0
374 3 0 1024 0 0 0.0
375 4 0 1024 0 0 0.0
375 3 2 1024 2 2 0.2
376 3 1 1024 1 1 0.1
376 4 0 1024 0 0 0.0
377 2 0 1024 0 0 0.0
378 3 2 1024 2 2 0.2
378 4 0 1024 0 0 0.0
379 3 0 1024 0 0 0.0
380 2 1 1024 1 1 0.1
380 3 0 1024 0 0 0.0
381 3 0 1024 0 0 0.0
382 4 0 1024 0 0 0.0
382 3 1 1024 1 1 0.1
383 4 0 1024 0 0 0.0
383 3 3 1024 3 3 0.3
384 3 2 1024 2 2 0.2
384 4 0 1024 0 0 0.0
385 1 3 1024 3 3 0.3
385 2 2 1024 2 2 0.2
385 4 0 1024 0 0 0.0
386 6 0 1024 0 0 0.0
386 4 1 1024 1 1 0.1
387 5 0 1024 0 0 0.0
388 4 0 1024 0 0 0.0
389 4 0 1024 0 0 0.0
389 3 1 1024 1 1 0.1
390 4 0 1024 0 0 0.0
390 3 3 1024 3 3 0.3
391 3 1 1024 1 1 0.1
391 0 10 1024 10 10 1.0
391 4 0 1024 0 0 0.0
392 3 0 1024 0 0 0.0
393 3 1 1024 1 1 0.1
393 2 5 1024 5 5 0.5
393 4 0 1024 0 0 0.0
394 4 0 1024 0 0 0.0
394 3 1 1024 1 1 0.1
394 2 3 1024 3 3 0.3
395 2 1 1024 1 1 0.1
395 5 0 1024 0 0 0.0
396 4 1 1024 1 1 0.1
396 5 0 1024 0 0 0.0
396 2 3 1024 3 3 0.3
397 2 0 1024 0 0 0.0
398 1 3 1024 3 3 0.3
398 3 0 1024 0 0 0.0
399 4 0 1024 0 0 0.0
400 3 0 1024 0 0 0.0
401 3 0 1024 0 0 0.0
402 1 1 1024 1 1 0.1
402 5 0 1024 0 0 0.0
403 2 1 1024 1 1 0.1
403 5 0 1024 0 0 0.0
404 1 4 1024 4 4 0.4
404 5 1 1024 1 1 0.1
404 3 2 1024 2 2 0.2
404 6 0 1024 0 0 0.0
405 3 0 1024 0 0 0.0
406 3 3 1024 3 3 0.3
406 4 0 1024 0 0 0.0
407 4 0 1024 0 0 0.0
408 2 0 1024 0 0 0.0
409 3 0 1024 0 0 0.0
409 2 5 1024 5 5 0.5
410 2 3 1024 3 3 0.3
410 4 0 1024 0 0 0.0
411 4 0 1024 0 0 0.0
412 4 0 1024 0 0 0.0
412 3 2 1024 2 2 0.2
413 6 0 1024 0 0 0.0
413 3 1 1024 1 1 0.1
414 3 0 1024 0 0 0.0
415 5 0 1024 0 0 0.0
415 3 1 1024 1 1 0.1
416 2 0 1024 0 0 0.0
417 4 0 1024 0 0 0.0
417 3 1 1024 1 1 0.1
418 3 1 1024 1 1 0.1
418 7 0 1024 0 0 0.0
418 2 2 1024 2 2 0.2
419 4 0 1024 0 0 0.0
419 3 2 1024 2 2 0.2
420 4 0 1024 0 0 0.0
421 2 1 1024 1 1 0.1
421 3 0 1024 0 0 0.0
422 5 0 1024 0 0 0.0
422 3 1 1024 1 1 0.1
423 4 0 1024 0 0 0.0
423 3 1 1024 1 1 0.1
424 3 1 1024 1 1 0.1
424 2 3 1024 3 3 0.3
424 4 0 1024 0 0 0.0
425 2 0 1024 0 0 0.0
426 5 0 1024 0 0 0.0
426 4 2 1024 2 2 0.2
427 5 0 1024 0 0 0.0
427 3 1 1024 1 1 0.1
428 3 0 1024 0 0 0.0
429 2 1 1024 1 1 0.1
429 4 0 1024 0 0 0.0
430 3 2 1024 2 2 0.2
430 4 0 1024 0 0 0.0
431 3 0 1024 0 0 0.0
432 5 0 1024 0 0 0.0
432 2 2 1024 2 2 0.2
432 4 1 1024 1 1 0.1
433 2 1 1024 1 1 0.1
433 4 0 1024 0 0 0.0
434 4 3 1024 3 3 0.3
434 5 0 1024 0 0 0.0
435 3 1 1024 1 1 0.1
435 4 0 1024 0 0 0.0
436 4 0 1024 0 0 0.0
436 3 2 1024 2 2 0.2
437 2 5 1024 5 5 0.5
437 3 1 1024 1 1 0.1
437 5 0 1024 0 0 0.0
438 4 0 1024 0 0 0.0
438 3 3 1024 3 3 0.3
439 4 1 1024 1 1 0.1
439 5 0 1024 0 0 0.0
439 2 5 1024 5 5 0.5
439 3 3 1024 3 3 0.3
440 2 1 1024 1 1 0.1
440 4 0 1024 0 0 0.0
441 3 0 1024 0 0 0.0
441 2 4 1024 4 4 0.4
442 5 0 1024 0 0 0.0
442 2 1 1024 1 1 0.1
443 4 0 1024 0 0 0.0
443 2 1 1024 1 1 0.1
444 4 0 1024 0 0 0.0
444 2 2 1024 2 2 0.2
445 3 0 1024 0 0 0.0
446 5 0 1024 0 0 0.0
446 3 1 1024 1 1 0.1
447 2 0 1024 0 0 0.0
448 3 1 1024 1 1 0.1
448 5 0 1024 0 0 0.0
449 3 2 1024 2 2 0.2
449 4 1 1024 1 1 0.1
449 5 0 1024 0 0 0.0
450 5 0 1024 0 0 0.0
450 3 1 1024 1 1 0.1
451 2 0 1024 0 0 0.0
452 3 1 1024 1 1 0.1
452 4 0 1024 0 0 0.0
453 2 1 1024 1 1 0.1
453 5 0 1024 0 0 0.0
454 3 1 1024 1 1 0.1
454 2 2 1024 2 2 0.2
454 6 0 1024 0 0 0.0
455 3 0 1024 0 0 0.0
456 3 0 1024 0 0 0.0
457 3 0 1024 0 0 0.0
458 1 4 1024 4 4 0.4
458 4 0 1024 0 0 0.0
458 3 1 1024 1 1 0.1
459 5 0 1024 0 0 0.0
459 3 1 1024 1 1 0.1
460 3 0 1024 0 0 0.0
461 4 0 1024 0 0 0.0
461 2 1 1024 1 1 0.1
462 3 3 1024 3 3 0.3
462 4 0 1024 0 0 0.0
463 2 0 1024 0 0 0.0
464 3 0 1024 0 0 0.0
464 2 3 1024 3 3 0.3
465 2 1 1024 1 1 0.1
465 3 0 1024 0 0 0.0
466 3 2 1024 2 2 0.2
466 4 0 1024 0 0 0.0
467 4 0 1024 0 0 0.0
467 3 1 1024 1 1 0.1
467 1 3 1024 3 3 0.3
468 4 0 1024 0 0 0.0
468 2 3 1024 3 3 0.3
469 3 0 1024 0 0 0.0
470 3 1 1024 1 1 0.1
470 4 0 1024 0 0 0.0
471 3 0 1024 0 0 0.0
472 2 0 1024 0 0 0.0
473 1 3 1024 3 3 0.3
473 2 1 1024 1 1 0.1
473 3 0 1024 0 0 0.0
474 3 0 1024 0 0 0.0
475 4 0 1024 0 0 0.0
475 1 4 1024 4 4 0.4
476 2 3 1024 3 3 0.3
476 4 0 1024 0 0 0.0
477 4 0 1024 0 0 0.0
477 2 1 1024 1 1 0.1
478 3 0 1024 0 0 0.0
479 2 0 1024 0 0 0.0
480 4 0 1024 0 0 0.0
480 2 2 1024 2 2 0.2
481 5 0 1024 0 0 0.0
481 4 1 1024 1 1 0.1
481 3 2 1024 2 2 0.2
482 4 1 1024 1 1 0.1
482 5 0 1024 0 0 0.0
483 6 0 1024 0 0 0.0
484 1 6 1024 6 6 0.6
484 4 0 1024 0 0 0.0
484 3 1 1024 1 1 0.1
485 4 0 1024 0 0 0.0
486 4 1 1024 1 1 0.1
486 5 0 1024 0 0 0.0
487 3 0 1024 0 0 0.0
488 3 1 1024 1 1 0.1
488 4 0 1024 0 0 0.0
488 2 3 1024 3 3 0.3
489 3 0 1024 0 0 0.0
490 3 1 1024 1 1 0.1
490 5 0 1024 0 0 0.0
490 2 2 1024 2 2 0.2
491 4 0 1024 0 0 0.0
491 2 1 1024 1 1 0.1
492 4 1 1024 1 1 0.1
492 2 3 1024 3 3 0.3
492 8 0 1024 0 0 0.0
493 2 6 1024 6 6 0.6
493 4 0 1024 0 0 0.0
494 2 3 1024 3 3 0.3
494 4 0 1024 0 0 0.0
495 4 0 1024 0 0 0.0
496 5 0 1024 0 0 0.0
496 3 3 1024 3 3 0.3
496 4 1 1024 1 1 0.1
497 4 0 1024 0 0 0.0
497 2 3 1024 3 3 0.3
497 3 1 1024 1 1 0.1
498 4 0 1024 0 0 0.0
498 3 1 1024 1 1 0.1
499 3 1 1024 1 1 0.1
499 5 0 1024 0 0 0.0
500 3 1 1024 1 1 0.1
500 4 0 1024 0 0 0.0
501 2 0 1024 0 0 0.0
502 3 0 1024 0 0 0.0
503 5 0 1024 0 0 0.0
503 4 1 1024 1 1 0.1
504 2 0 1024 0 0 0.0
505 3 0 1024 0 0 0.0
506 2 0 1024 0 0 0.0
507 3 0 1024 0 0 0.0
508 1 4 1024 4 4 0.4
508 5 0 1024 0 0 0.0
509 4 0 1024 0 0 0.0
509 3 1 1024 1 1 0.1
510 1 3 1024 3 3 0.3
510 4 0 1024 0 0 0.0
511 3 1 1024 1 1 0.1
511 4 0 1024 0 0 0.0
512 3 0 1024 0 0 0.0
513 4 2 1024 2 2 0.2
513 5 0 1024 0 0 0.0
514 2 6 1024 6 6 0.6
514 4 0 1024 0 0 0.0
515 3 0 1024 0 0 0.0
516 3 0 1024 0 0 0.0
517 2 1 1024 1 1 0.1
517 3 0 1024 0 0 0.0
517 1 4 1024 4 4 0.4
518 3 0 1024 0 0 0.0
519 5 0 1024 0 0 0.0
519 1 3 1024 3 3 0.3
520 4 0 1024 0 0 0.0
520 1 5 1024 5 5 0.5
521 4 0 1024 0 0 0.0
521 3 1 1024 1 1 0.1
522 3 0 1024 0 0 0.0
523 4 1 1024 1 1 0.1
523 5 0 1024 0 0 0.0
524 3 0 1024 0 0 0.0
525 1 4 1024 4 4 0.4
525 4 0 1024 0 0 0.0
526 5 0 1024 0 0 0.0
527 4 0 1024 0 0 0.0
527 0 10 1024 10 10 1.0
528 4 0 1024 0 0 0.0
529 5 0 1024 0 0 0.0
529 3 1 1024 1 1 0.1
530 5 0 1024 0 0 0.0
530 2 1 1024 1 1 0.1
531 3 0 1024 0 0 0.0
532 4 1 1024 1 1 0.1
532 5 0 1024 0 0 0.0
533 3 1 1024 1 1 0.1
533 2 2 1024 2 2 0.2
533 5 0 1024 0 0 0.0
534 3 0 1024 0 0 0.0
534 2 3 1024 3 3 0.3
535 4 0 1024 0 0 0.0
535 1 3 1024 3 3 0.3
536 4 1 1024 1 1 0.1
536 5 0 1024 0 0 0.0
537 3 0 1024 0 0 0.0
538 1 1 1024 1 1 0.1
538 3 0 1024 0 0 0.0
539 3 0 1024 0 0 0.0
540 2 0 1024 0 0 0.0
541 3 0 1024 0 0 0.0
542 4 0 1024 0 0 0.0
542 3 1 1024 1 1 0.1
543 3 0 1024 0 0 0.0
543 2 3 1024 3 3 0.3
544 5 0 1024 0 0 0.0
544 2 3 1024 3 3 0.3
544 3 1 1024 1 1 0.1
545 3 0 1024 0 0 0.0
546 5 0 1024 0 0 0.0
546 3 1 1024 1 1 0.1
547 3 0 1024 0 0 0.0
547 2 1 1024 1 1 0.1
548 4 0 1024 0 0 0.0
548 3 1 1024 1 1 0.1
549 2 0 1024 0 0 0.0
550 4 0 1024 0 0 0.0
550 3 2 1024 2 2 0.2
551 4 0 1024 0 0 0.0
551 2 1 1024 1 1 0.1
552 2 5 1024 5 5 0.5
552 4 0 1024 0 0 0.0
553 3 0 1024 0 0 0.0
554 3 2 1024 2 2 0.2
554 4 0 1024 0 0 0.0
555 5 0 1024 0 0 0.0
556 2 0 1024 0 0 0.0
557 3 1 1024 1 1 0.1
557 5 0 1024 0 0 0.0
558 4 1 1024 1 1 0.1
558 5 0 1024 0 0 0.0
558 1 2 1024 2 2 0.2
559 4 0 1024 0 0 0.0
560 5 0 1024 0 0 0.0
560 3 2 1024 2 2 0.2
561 2 0 1024 0 0 0.0
562 4 0 1024 0 0 0.0
562 3 3 1024 3 3 0.3
563 2 6 1024 6 6 0.6
563 3 0 1024 0 0 0.0
564 3 0 1024 0 0 0.0
565 3 0 1024 0 0 0.0
566 4 0 1024 0 0 0.0
567 3 0 1024 0 0 0.0
568 4 0 1024 0 0 0.0
568 3 3 1024 3 3 0.3
569 3 0 1024 0 0 0.0
570 5 0 1024 0 0 0.0
570 3 3 1024 3 3 0.3
570 4 1 1024 1 1 0.1
571 3 0 1024 0 0 0.0
572 4 0 1024 0 0 0.0
572 3 1 1024 1 1 0.1
573 3 0 1024 0 0 0.0
573 2 2 1024 2 2 0.2
574 4 0 1024 0 0 0.0
574 3 4 1024 4 4 0.4
574 2 5 1024 5 5 0.5
575 2 4 1024 4 4 0.4
575 4 0 1024 0 0 0.0
576 4 0 1024 0 0 0.0
577 3 0 1024 0 0 0.0
578 2 0 1024 0 0 0.0
579 4 0 1024 0 0 0.0
579 3 1 1024 1 1 0.1
579 2 3 1024 3 3 0.3
580 3 1 1024 1 1 0.1
580 4 0 1024 0 0 0.0
580 2 2 1024 2 2 0.2
580 1 6 1024 6 6 0.6
581 1 4 1024 4 4 0.4
581 3 0 1024 0 0 0.0
581 2 2 1024 2 2 0.2
582 4 0 1024 0 0 0.0
583 4 0 1024 0 0 0.0
584 3 1 1024 1 1 0.1
584 5 0 1024 0 0 0.0
585 4 0 1024 0 0 0.0
586 4 0 1024 0 0 0.0
587 3 0 1024 0 0 0.0
587 2 4 1024 4 4 0.4
588 3 3 1024 3 3 0.3
588 4 0 1024 0 0 0.0
588 2 4 1024 4 4 0.4
589 3 0 1024 0 0 0.0
590 2 2 1024 2 2 0.2
590 4 0 1024 0 0 0.0
591 3 0 1024 0 0 0.0
592 3 3 1024 3 3 0.3
592 4 0 1024 0 0 0.0
593 4 0 1024 0 0 0.0
593 3 1 1024 1 1 0.1
594 3 0 1024 0 0 0.0
594 1 3 1024 3 3 0.3
595 2 2 1024 2 2 0.2
595 4 0 1024 0 0 0.0
595 3 1 1024 1 1 0.1
596 5 0 1024 0 0 0.0
596 4 1 1024 1 1 0.1
597 4 0 1024 0 0 0.0
598 2 0 1024 0 0 0.0
599 2 2 1024 2 2 0.2
599 5 0 1024 0 0 0.0
599 4 1 1024 1 1 0.1
600 2 1 1024 1 1 0.1
600 5 0 1024 0 0 0.0
601 4 0 1024 0 0 0.0
602 3 0 1024 0 0 0.0
603 3 1 1024 1 1 0.1
603 4 0 1024 0 0 0.0
604 7 0 1024 0 0 0.0
604 4 1 1024 1 1 0.1
604 3 3 1024 3 3 0.3
605 4 0 1024 0 0 0.0
605 2 3 1024 3 3 0.3
606 1 1 1024 1 1 0.1
606 4 0 1024 0 0 0.0
607 3 0 1024 0 0 0.0
607 2 2 1024 2 2 0.2
608 3 0 1024 0 0 0.0
608 2 1 1024 1 1 0.1
609 2 2 1024 2 2 0.2
609 4 0 1024 0 0 0.0
610 3 3 1024 3 3 0.3
610 4 0 1024 0 0 0.0
611 2 0 1024 0 0 0.0
612 4 0 1024 0 0 0.0
613 2 2 1024 2 2 0.2
613 4 0 1024 0 0 0.0
614 5 0 1024 0 0 0.0
614 2 1 1024 1 1 0.1
615 3 1 1024 1 1 0.1
615 4 0 1024 0 0 0.0
616 4 0 1024 0 0 0.0
617 1 5 1024 5 5 0.5
617 3 2 1024 2 2 0.2
617 4 0 1024 0 0 0.0
618 4 0 1024 0 0 0.0
618 1 5 1024 5 5 0.5
618 2 2 1024 2 2 0.2
619 5 0 1024 0 0 0.0
619 4 1 1024 1 1 0.1
619 3 3 1024 3 3 0.3
620 4 0 1024 0 0 0.0
620 3 4 1024 4 4 0.4
621 4 0 1024 0 0 0.0
622 3 3 1024 3 3 0.3
622 5 0 1024 0 0 0.0
623 4 0 1024 0 0 0.0
624 3 0 1024 0 0 0.0
625 2 1 1024 1 1 0.1
625 3 0 1024 0 0 0.0
625 1 6 1024 6 6 0.6
626 3 0 1024 0 0 0.0
627 4 1 1024 1 1 0.1
627 5 0 1024 0 0 0.0
628 2 4 1024 4 4 0.4
628 5 0 1024 0 0 0.0
628 4 1 1024 1 1 0.1
629 3 0 1024 0 0 0.0
630 2 4 1024 4 4 0.4
630 3 3 1024 3 3 0.3
630 4 0 1024 0 0 0.0
631 4 0 1024 0 0 0.0
632 4 0 1024 0 0 0.0
632 3 1 1024 1 1 0.1
633 4 1 1024 1 1 0.1
633 5 0 1024 0 0 0.0
633 1 7 1024 7 7 0.7
633 3 2 1024 2 2 0.2
634 3 1 1024 1 1 0.1
634 4 0 1024 0 0 0.0
635 3 1 1024 1 1 0.1
635 5 0 1024 0 0 0.0
635 1 3 1024 3 3 0.3
636 2 2 1024 2 2 0.2
636 3 0 1024 0 0 0.0
637 2 2 1024 2 2 0.2
637 3 0 1024 0 0 0.0
638 4 0 1024 0 0 0.0
639 2 1 1024 1 1 0.1
639 4 0 1024 0 0 0.0
640 3 0 1024 0 0 0.0
641 3 0 1024 0 0 0.0
642 2 4 1024 4 4 0.4
642 3 1 1024 1 1 0.1
642 4 0 1024 0 0 0.0
643 4 0 1024 0 0 0.0
644 3 2 1024 2 2 0.2
644 4 0 1024 0 0 0.0
645 4 0 1024 0 0 0.0
645 2 5 1024 5 5 0.5
645 3 2 1024 2 2 0.2
646 4 0 1024 0 0 0.0
647 4 0 1024 0 0 0.0
647 2 3 1024 3 3 0.3
648 5 0 1024 0 0 0.0
648 3 1 1024 1 1 0.1
649 4 0 1024 0 0 0.0
649 1 4 1024 4 4 0.4
650 3 0 1024 0 0 0.0
651 5 0 1024 0 0 0.0
651 1 3 1024 3 3 0.3
651 3 1 1024 1 1 0.1
652 3 0 1024 0 0 0.0
653 2 3 1024 3 3 0.3
653 3 0 1024 0 0 0.0
654 4 0 1024 0 0 0.0
654 1 4 1024 4 4 0.4
655 4 0 1024 0 0 0.0
656 4 0 1024 0 0 0.0
656 2 4 1024 4 4 0.4
657 2 3 1024 3 3 0.3
657 3 0 1024 0 0 0.0
658 2 0 1024 0 0 0.0
659 3 0 1024 0 0 0.0
660 4 1 1024 1 1 0.1
660 5 0 1024 0 0 0.0
661 3 0 1024 0 0 0.0
662 2 1 1024 1 1 0.1
662 3 0 1024 0 0 0.0
663 4 0 1024 0 0 0.0
663 3 3 1024 3 3 0.3
664 2 0 1024 0 0 0.0
665 4 2 1024 2 2 0.2
665 3 3 1024 3 3 0.3
665 6 0 1024 0 0 0.0
665 5 1 1024 1 1 0.1
666 3 0 1024 0 0 0.0
667 4 0 1024 0 0 0.0
667 3 1 1024 1 1 0.1
668 4 0 1024 0 0 0.0
668 3 1 1024 1 1 0.1
669 4 1 1024 1 1 0.1
669 5 0 1024 0 0 0.0
670 4 0 1024 0 0 0.0
671 5 0 1024 0 0 0.0
671 3 1 1024 1 1 0.1
672 3 0 1024 0 0 0.0
673 5 0 1024 0 0 0.0
674 3 3 1024 3 3 0.3
674 1 4 1024 4 4 0.4
674 4 0 1024 0 0 0.0
675 3 0 1024 0 0 0.0
676 3 0 1024 0 0 0.0
677 5 0 1024 0 0 0.0
677 4 1 1024 1 1 0.1
678 5 0 1024 0 0 0.0
678 4 1 1024 1 1 0.1
679 4 0 1024 0 0 0.0
679 2 2 1024 2 2 0.2
680 4 1 1024 1 1 0.1
680 5 0 1024 0 0 0.0
681 4 0 1024 0 0 0.0
681 3 2 1024 2 2 0.2
682 3 0 1024 0 0 0.0
682 2 1 1024 1 1 0.1
683 1 3 1024 3 3 0.3
683 2 2 1024 2 2 0.2
683 5 0 1024 0 0 0.0
684 3 0 1024 0 0 0.0
685 2 1 1024 1 1 0.1
685 5 0 1024 0 0 0.0
686 4 1 1024 1 1 0.1
686 3 3 1024 3 3 0.3
686 5 0 1024 0 0 0.0
687 4 0 1024 0 0 0.0
688 4 0 1024 0 0 0.0
689 5 0 1024 0 0 0.0
689 3 3 1024 3 3 0.3
689 4 1 1024 1 1 0.1
690 4 0 1024 0 0 0.0
690 3 1 1024 1 1 0.1
691 3 0 1024 0 0 0.0
692 3 3 1024 3 3 0.3
692 5 1 1024 1 1 0.1
692 6 0 1024 0 0 0.0
693 3 2 1024 2 2 0.2
693 5 0 1024 0 0 0.0
693 2 3 1024 3 3 0.3
694 3 1 1024 1 1 0.1
694 4 0 1024 0 0 0.0
694 2 2 1024 2 2 0.2
695 4 0 1024 0 0 0.0
695 3 1 1024 1 1 0.1
696 4 0 1024 0 0 0.0
696 2 1 1024 1 1 0.1
697 2 1 1024 1 1 0.1
697 5 0 1024 0 0 0.0
698 4 1 1024 1 1 0.1
698 5 0 1024 0 0 0.0
699 5 0 1024 0 0 0.0
700 2 4 1024 4 4 0.4
700 4 0 1024 0 0 0.0
701 3 0 1024 0 0 0.0
702 3 0 1024 0 0 0.0
702 2 5 1024 5 5 0.5
703 4 0 1024 0 0 0.0
703 3 1 1024 1 1 0.1
704 5 0 1024 0 0 0.0
704 2 1 1024 1 1 0.1
705 4 0 1024 0 0 0.0
705 2 2 1024 2 2 0.2
706 3 0 1024 0 0 0.0
707 4 0 1024 0 0 0.0
708 4 1 1024 1 1 0.1
708 5 0 1024 0 0 0.0
709 3 0 1024 0 0 0.0
710 2 2 1024 2 2 0.2
710 3 0 1024 0 0 0.0
711 4 0 1024 0 0 0.0
711 1 1 1024 1 1 0.1
712 3 0 1024 0 0 0.0
713 2 3 1024 3 3 0.3
713 1 6 1024 6 6 0.6
713 4 0 1024 0 0 0.0
714 4 0 1024 0 0 0.0
715 6 0 1024 0 0 0.0
715 2 3 1024 3 3 0.3
715 3 2 1024 2 2 0.2
715 4 1 1024 1 1 0.1
716 3 0 1024 0 0 0.0
716 2 4 1024 4 4 0.4
717 3 0 1024 0 0 0.0
718 4 0 1024 0 0 0.0
718 2 1 1024 1 1 0.1
719 5 0 1024 0 0 0.0
719 3 1 1024 1 1 0.1
720 4 0 1024 0 0 0.0
720 3 2 1024 2 2 0.2
721 4 0 1024 0 0 0.0
722 3 0 1024 0 0 0.0
723 2 1 1024 1 1 0.1
723 6 0 1024 0 0 0.0
724 5 0 1024 0 0 0.0
725 3 1 1024 1 1 0.1
725 4 0 1024 0 0 0.0
726 2 0 1024 0 0 0.0
727 4 0 1024 0 0 0.0
728 6 0 1024 0 0 0.0
728 5 1 1024 1 1 0.1
728 4 2 1024 2 2 0.2
729 3 1 1024 1 1 0.1
729 4 0 1024 0 0 0.0
730 3 0 1024 0 0 0.0
731 3 1 1024 1 1 0.1
731 4 0 1024 0 0 0.0
732 3 0 1024 0 0 0.0
732 2 2 1024 2 2 0.2
733 3 0 1024 0 0 0.0
734 3 0 1024 0 0 0.0
735 2 4 1024 4 4 0.4
735 3 0 1024 0 0 0.0
736 4 0 1024 0 0 0.0
736 3 1 1024 1 1 0.1
737 3 0 1024 0 0 0.0
738 3 0 1024 0 0 0.0
739 3 1 1024 1 1 0.1
739 5 0 1024 0 0 0.0
740 1 4 1024 4 4 0.4
740 3 0 1024 0 0 0.0
741 3 0 1024 0 0 0.0
742 4 0 1024 0 0 0.0
743 3 1 1024 1 1 0.1
743 4 0 1024 0 0 0.0
744 4 0 1024 0 0 0.0
745 5 0 1024 0 0 0.0
745 3 1 1024 1 1 0.1
746 4 0 1024 0 0 0.0
746 2 2 1024 2 2 0.2
747 1 5 1024 5 5 0.5
747 2 1 1024 1 1 0.1
747 5 0 1024 0 0 0.0
748 3 0 1024 0 0 0.0
748 2 2 1024 2 2 0.2
749 3 1 1024 1 1 0.1
749 4 0 1024 0 0 0.0
749 1 2 1024 2 2 0.2
750 4 0 1024 0 0 0.0
750 3 2 1024 2 2 0.2
751 5 0 1024 0 0 0.0
751 2 4 1024 4 4 0.4
751 3 1 1024 1 1 0.1
752 5 0 1024 0 0 0.0
752 2 2 1024 2 2 0.2
753 2 2 1024 2 2 0.2
753 3 0 1024 0 0 0.0
754 3 0 1024 0 0 0.0
755 3 1 1024 1 1 0.1
755 5 0 1024 0 0 0.0
756 3 3 1024 3 3 0.3
756 2 4 1024 4 4 0.4
756 4 0 1024 0 0 0.0
757 5 0 1024 0 0 0.0
757 3 1 1024 1 1 0.1
758 5 0 1024 0 0 0.0
758 2 3 1024 3 3 0.3
759 5 0 1024 0 0 0.0
760 3 2 1024 2 2 0.2
760 4 0 1024 0 0 0.0
761 4 0 1024 0 0 0.0
761 2 4 1024 4 4 0.4
762 2 2 1024 2 2 0.2
762 5 0 1024 0 0 0.0
763 2 1 1024 1 1 0.1
763 3 0 1024 0 0 0.0
763 1 4 1024 4 4 0.4
764 4 0 1024 0 0 0.0
764 2 3 1024 3 3 0.3
765 4 0 1024 0 0 0.0
766 4 0 1024 0 0 0.0
766 3 1 1024 1 1 0.1
767 3 4 1024 4 4 0.4
767 7 0 1024 0 0 0.0
767 4 1 1024 1 1 0.1
768 4 0 1024 0 0 0.0
769 3 1 1024 1 1 0.1
769 2 3 1024 3 3 0.3
769 5 0 1024 0 0 0.0
770 3 0 1024 0 0 0.0
771 3 1 1024 1 1 0.1
771 4 0 1024 0 0 0.0
772 4 0 1024 0 0 0.0
772 2 1 1024 1 1 0.1
773 2 1 1024 1 1 0.1
773 4 0 1024 0 0 0.0
774 2 4 1024 4 4 0.4
774 3 1 1024 1 1 0.1
774 5 0 1024 0 0 0.0
775 4 1 1024 1 1 0.1
775 3 2 1024 2 2 0.2
775 6 0 1024 0 0 0.0
776 4 0 1024 0 0 0.0
777 3 0 1024 0 0 0.0
778 5 0 1024 0 0 0.0
778 4 2 1024 2 2 0.2
779 3 0 1024 0 0 0.0
780 2 4 1024 4 4 0.4
780 3 0 1024 0 0 0.0
781 3 1 1024 1 1 0.1
781 4 0 1024 0 0 0.0
782 3 2 1024 2 2 0.2
782 5 0 1024 0 0 0.0
783 3 0 1024 0 0 0.0
784 2 1 1024 1 1 0.1
784 5 0 1024 0 0 0.0
785 4 1 1024 1 1 0.1
785 2 6 1024 6 6 0.6
785 5 0 1024 0 0 0.0
786 3 0 1024 0 0 0.0
787 3 0 1024 0 0 0.0
788 5 0 1024 0 0 0.0
788 2 5 1024 5 5 0.5
789 1 2 1024 2 2 0.2
789 3 0 1024 0 0 0.0
790 3 0 1024 0 0 0.0
790 1 5 1024 5 5 0.5
791 2 4 1024 4 4 0.4
791 5 0 1024 0 0 0.0
791 3 2 1024 2 2 0.2
792 4 0 1024 0 0 0.0
792 3 3 1024 3 3 0.3
793 2 0 1024 0 0 0.0
794 3 0 1024 0 0 0.0
795 6 0 1024 0 0 0.0
795 2 1 1024 1 1 0.1
796 2 3 1024 3 3 0.3
796 5 0 1024 0 0 0.0
797 5 0 1024 0 0 0.0
797 2 1 1024 1 1 0.1
798 4 0 1024 0 0 0.0
799 1 2 1024 2 2 0.2
799 3 0 1024 0 0 0.0
800 4 1 1024 1 1 0.1
800 1 2 1024 2 2 0.2
800 6 0 1024 0 0 0.0
801 4 0 1024 0 0 0.0
802 5 0 1024 0 0 0.0
802 4 2 1024 2 2 0.2
803 2 1 1024 1 1 0.1
803 3 0 1024 0 0 0.0
804 3 0 1024 0 0 0.0
805 6 0 1024 0 0 0.0
805 2 5 1024 5 5 0.5
805 3 1 1024 1 1 0.1
806 3 1 1024 1 1 0.1
806 4 0 1024 0 0 0.0
807 2 3 1024 3 3 0.3
807 4 0 1024 0 0 0.0
808 5 0 1024 0 0 0.0
808 3 1 1024 1 1 0.1
809 4 0 1024 0 0 0.0
809 3 4 1024 4 4 0.4
810 1 3 1024 3 3 0.3
810 3 0 1024 0 0 0.0
811 3 1 1024 1 1 0.1
811 4 0 1024 0 0 0.0
812 5 0 1024 0 0 0.0
812 1 1 1024 1 1 0.1
813 4 0 1024 0 0 0.0
813 3 1 1024 1 1 0.1
814 5 0 1024 0 0 0.0
814 3 4 1024 4 4 0.4
814 4 1 1024 1 1 0.1
815 3 2 1024 2 2 0.2
815 4 0 1024 0 0 0.0
815 2 3 1024 3 3 0.3
816 4 0 1024 0 0 0.0
816 0 10 1024 10 10 1.0
817 4 0 1024 0 0 0.0
818 5 0 1024 0 0 0.0
818 4 1 1024 1 1 0.1
819 1 5 1024 5 5 0.5
819 4 0 1024 0 0 0.0
819 2 2 1024 2 2 0.2
820 3 0 1024 0 0 0.0
821 4 1 1024 1 1 0.1
821 7 0 1024 0 0 0.0
821 2 4 1024 4 4 0.4
822 3 0 1024 0 0 0.0
822 2 1 1024 1 1 0.1
823 4 0 1024 0 0 0.0
824 4 0 1024 0 0 0.0
824 3 2 1024 2 2 0.2
825 4 0 1024 0 0 0.0
826 3 1 1024 1 1 0.1
826 4 0 1024 0 0 0.0
827 4 0 1024 0 0 0.0
828 5 0 1024 0 0 0.0
828 3 1 1024 1 1 0.1
829 3 0 1024 0 0 0.0
830 4 1 1024 1 1 0.1
830 5 0 1024 0 0 0.0
831 5 0 1024 0 0 0.0
831 2 1 1024 1 1 0.1
832 3 1 1024 1 1 0.1
832 5 0 1024 0 0 0.0
832 2 3 1024 3 3 0.3
833 3 0 1024 0 0 0.0
834 4 0 1024 0 0 0.0
835 4 0 1024 0 0 0.0
835 2 1 1024 1 1 0.1
836 2 1 1024 1 1 0.1
836 5 0 1024 0 0 0.0
837 3 0 1024 0 0 0.0
838 2 6 1024 6 6 0.6
838 5 0 1024 0 0 0.0
838 3 1 1024 1 1 0.1
839 5 0 1024 0 0 0.0
839 2 1 1024 1 1 0.1
840 4 0 1024 0 0 0.0
840 3 3 1024 3 3 0.3
841 3 0 1024 0 0 0.0
842 2 0 1024 0 0 0.0
843 4 1 1024 1 1 0.1
843 5 0 1024 0 0 0.0
843 0 10 1024 10 10 1.0
844 3 0 1024 0 0 0.0
845 4 0 1024 0 0 0.0
845 3 1 1024 1 1 0.1
845 2 3 1024 3 3 0.3
846 1 2 1024 2 2 0.2
846 5 0 1024 0 0 0.0
847 4 0 1024 0 0 0.0
847 2 3 1024 3 3 0.3
848 2 2 1024 2 2 0.2
848 3 1 1024 1 1 0.1
848 4 0 1024 0 0 0.0
849 5 0 1024 0 0 0.0
849 2 1 1024 1 1 0.1
850 3 0 1024 0 0 0.0
851 5 0 1024 0 0 0.0
851 4 2 1024 2 2 0.2
852 2 1 1024 1 1 0.1
852 5 0 1024 0 0 0.0
853 4 0 1024 0 0 0.0
853 1 3 1024 3 3 0.3
854 3 2 1024 2 2 0.2
854 4 0 1024 0 0 0.0
855 1 1 1024 1 1 0.1
855 4 0 1024 0 0 0.0
856 4 1 1024 1 1 0.1
856 5 0 1024 0 0 0.0
857 3 1 1024 1 1 0.1
857 4 0 1024 0 0 0.0
858 2 0 1024 0 0 0.0
859 5 0 1024 0 0 0.0
859 4 1 1024 1 1 0.1
860 4 0 1024 0 0 0.0
860 3 1 1024 1 1 0.1
861 3 0 1024 0 0 0.0
861 2 5 1024 5 5 0.5
862 3 1 1024 1 1 0.1
862 6 0 1024 0 0 0.0
863 3 0 1024 0 0 0.0
863 2 2 1024 2 2 0.2
864 4 0 1024 0 0 0.0
865 3 0 1024 0 0 0.0
865 2 1 1024 1 1 0.1
866 3 0 1024 0 0 0.0
866 1 5 1024 5 5 0.5
867 5 0 1024 0 0 0.0
867 4 1 1024 1 1 0.1
867 1 4 1024 4 4 0.4
867 3 2 1024 2 2 0.2
868 3 0 1024 0 0 0.0
869 4 0 1024 0 0 0.0
869 1 6 1024 6 6 0.6
869 2 3 1024 3 3 0.3
869 3 1 1024 1 1 0.1
870 4 1 1024 1 1 0.1
870 5 0 1024 0 0 0.0
871 7 0 1024 0 0 0.0
871 3 1 1024 1 1 0.1
872 4 0 1024 0 0 0.0
872 3 3 1024 3 3 0.3
873 3 0 1024 0 0 0.0
873 1 6 1024 6 6 0.6
874 4 0 1024 0 0 0.0
874 2 2 1024 2 2 0.2
875 1 4 1024 4 4 0.4
875 3 0 1024 0 0 0.0
876 1 6 1024 6 6 0.6
876 4 0 1024 0 0 0.0
876 0 10 1024 10 10 1.0
877 4 0 1024 0 0 0.0
877 3 1 1024 1 1 0.1
878 4 0 1024 0 0 0.0
879 3 0 1024 0 0 0.0
880 3 2 1024 2 2 0.2
880 2 3 1024 3 3 0.3
880 4 1 1024 1 1 0.1
880 5 0 1024 0 0 0.0
881 4 0 1024 0 0 0.0
882 4 0 1024 0 0 0.0
883 3 0 1024 0 0 0.0
884 2 5 1024 5 5 0.5
884 3 0 1024 0 0 0.0
885 3 0 1024 0 0 0.0
886 5 0 1024 0 0 0.0
886 4 1 1024 1 1 0.1
886 1 3 1024 3 3 0.3
887 5 0 1024 0 0 0.0
887 3 1 1024 1 1 0.1
888 4 0 1024 0 0 0.0
888 3 2 1024 2 2 0.2
889 4 0 1024 0 0 0.0
889 3 4 1024 4 4 0.4
890 3 0 1024 0 0 0.0
890 2 2 1024 2 2 0.2
891 3 0 1024 0 0 0.0
892 5 0 1024 0 0 0.0
893 5 0 1024 0 0 0.0
893 2 4 1024 4 4 0.4
894 5 0 1024 0 0 0.0
894 4 1 1024 1 1 0.1
895 2 2 1024 2 2 0.2
895 5 0 1024 0 0 0.0
896 4 1 1024 1 1 0.1
896 5 0 1024 0 0 0.0
896 3 2 1024 2 2 0.2
897 2 1 1024 1 1 0.1
897 4 0 1024 0 0 0.0
898 4 0 1024 0 0 0.0
898 3 1 1024 1 1 0.1
899 3 0 1024 0 0 0.0
900 4 0 1024 0 0 0.0
901 4 0 1024 0 0 0.0
902 3 0 1024 0 0 0.0
903 3 0 1024 0 0 0.0
904 4 0 1024 0 0 0.0
904 3 3 1024 3 3 0.3
905 4 0 1024 0 0 0.0
905 3 2 1024 2 2 0.2
906 2 3 1024 3 3 0.3
906 4 0 1024 0 0 0.0
906 3 2 1024 2 2 0.2
907 3 2 1024 2 2 0.2
907 4 1 1024 1 1 0.1
907 2 3 1024 3 3 0.3
907 5 0 1024 0 0 0.0
908 5 0 1024 0 0 0.0
908 2 3 1024 3 3 0.3
909 4 0 1024 0 0 0.0
910 5 0 1024 0 0 0.0
910 3 4 1024 4 4 0.4
911 4 0 1024 0 0 0.0
912 4 0 1024 0 0 0.0
912 3 3 1024 3 3 0.3
913 3 0 1024 0 0 0.0
914 4 0 1024 0 0 0.0
915 3 2 1024 2 2 0.2
915 5 0 1024 0 0 0.0
916 4 0 1024 0 0 0.0
916 3 1 1024 1 1 0.1
917 4 0 1024 0 0 0.0
917 3 2 1024 2 2 0.2
918 4 0 1024 0 0 0.0
919 4 0 1024 0 0 0.0
919 3 2 1024 2 2 0.2
920 3 0 1024 0 0 0.0
921 5 0 1024 0 0 0.0
921 3 1 1024 1 1 0.1
922 1 5 1024 5 5 0.5
922 5 0 1024 0 0 0.0
922 4 2 1024 2 2 0.2
923 4 0 1024 0 0 0.0
924 2 1 1024 1 1 0.1
924 5 0 1024 0 0 0.0
925 3 3 1024 3 3 0.3
925 4 0 1024 0 0 0.0
926 2 0 1024 0 0 0.0
927 2 2 1024 2 2 0.2
927 5 0 1024 0 0 0.0
928 3 0 1024 0 0 0.0
929 2 0 1024 0 0 0.0
930 1 1 1024 1 1 0.1
930 4 0 1024 0 0 0.0
931 6 0 1024 0 0 0.0
931 3 2 1024 2 2 0.2
931 4 1 1024 1 1 0.1
932 3 0 1024 0 0 0.0
932 2 2 1024 2 2 0.2
933 4 0 1024 0 0 0.0
934 2 1 1024 1 1 0.1
934 4 0 1024 0 0 0.0
935 3 1 1024 1 1 0.1
935 4 0 1024 0 0 0.0
936 4 0 1024 0 0 0.0
936 2 1 1024 1 1 0.1
937 1 5 1024 5 5 0.5
937 4 0 1024 0 0 0.0
937 3 2 1024 2 2 0.2
938 5 0 1024 0 0 0.0
938 3 2 1024 2 2 0.2
938 4 1 1024 1 1 0.1
939 4 1 1024 1 1 0.1
939 6 0 1024 0 0 0.0
939 2 2 1024 2 2 0.2
940 3 0 1024 0 0 0.0
941 3 0 1024 0 0 0.0
941 2 3 1024 3 3 0.3
942 2 0 1024 0 0 0.0
943 3 0 1024 0 0 0.0
944 4 0 1024 0 0 0.0
944 2 6 1024 6 6 0.6
945 3 0 1024 0 0 0.0
946 1 0 1024 0 0 0.0
947 3 4 1024 4 4 0.4
947 5 0 1024 0 0 0.0
948 4 0 1024 0 0 0.0
949 3 0 1024 0 0 0.0
950 4 0 1024 0 0 0.0
951 2 0 1024 0 0 0.0
952 3 0 1024 0 0 0.0
953 2 0 1024 0 0 0.0
954 4 0 1024 0 0 0.0
954 3 1 1024 1 1 0.1
954 2 2 1024 2 2 0.2
955 3 0 1024 0 0 0.0
956 3 0 1024 0 0 0.0
957 2 0 1024 0 0 0.0
958 1 5 1024 5 5 0.5
958 5 0 1024 0 0 0.0
958 4 1 1024 1 1 0.1
959 5 0 1024 0 0 0.0
959 4 1 1024 1 1 0.1
960 2 3 1024 3 3 0.3
960 3 0 1024 0 0 0.0
961 3 1 1024 1 1 0.1
961 5 0 1024 0 0 0.0
961 1 2 1024 2 2 0.2
962 4 0 1024 0 0 0.0
963 3 1 1024 1 1 0.1
963 2 4 1024 4 4 0.4
963 4 0 1024 0 0 0.0
964 3 2 1024 2 2 0.2
964 2 4 1024 4 4 0.4
964 4 0 1024 0 0 0.0
964 1 6 1024 6 6 0.6
965 2 2 1024 2 2 0.2
965 6 0 1024 0 0 0.0
965 4 1 1024 1 1 0.1
966 3 0 1024 0 0 0.0
967 4 0 1024 0 0 0.0
968 3 0 1024 0 0 0.0
968 2 2 1024 2 2 0.2
969 4 0 1024 0 0 0.0
969 3 1 1024 1 1 0.1
970 4 0 1024 0 0 0.0
970 2 4 1024 4 4 0.4
971 1 4 1024 4 4 0.4
971 3 1 1024 1 1 0.1
971 4 0 1024 0 0 0.0
971 2 3 1024 3 3 0.3
972 1 3 1024 3 3 0.3
972 4 0 1024 0 0 0.0
972 3 2 1024 2 2 0.2
973 3 0 1024 0 0 0.0
974 2 0 1024 0 0 0.0
975 4 0 1024 0 0 0.0
975 3 2 1024 2 2 0.2
976 3 0 1024 0 0 0.0
977 4 1 1024 1 1 0.1
977 5 0 1024 0 0 0.0
978 2 2 1024 2 2 0.2
978 3 1 1024 1 1 0.1
978 5 0 1024 0 0 0.0
979 2 2 1024 2 2 0.2
979 4 0 1024 0 0 0.0
980 3 0 1024 0 0 0.0
981 3 1 1024 1 1 0.1
981 2 2 1024 2 2 0.2
981 4 0 1024 0 0 0.0
982 5 1 1024 1 1 0.1
982 6 0 1024 0 0 0.0
982 4 2 1024 2 2 0.2
983 4 0 1024 0 0 0.0
983 2 1 1024 1 1 0.1
984 4 0 1024 0 0 0.0
984 2 3 1024 3 3 0.3
985 1 3 1024 3 3 0.3
985 3 0 1024 0 0 0.0
986 1 3 1024 3 3 0.3
986 4 1 1024 1 1 0.1
986 6 0 1024 0 0 0.0
987 2 2 1024 2 2 0.2
987 3 1 1024 1 1 0.1
987 4 0 1024 0 0 0.0
988 5 0 1024 0 0 0.0
988 4 4 1024 4 4 0.4
989 4 0 1024 0 0 0.0
989 2 1 1024 1 1 0.1
990 3 1 1024 1 1 0.1
990 4 0 1024 0 0 0.0
991 4 0 1024 0 0 0.0
991 2 1 1024 1 1 0.1
992 2 0 1024 0 0 0.0
993 3 1 1024 1 1 0.1
993 5 0 1024 0 0 0.0
994 4 0 1024 0 0 0.0
994 3 1 1024 1 1 0.1
995 5 0 1024 0 0 0.0
995 4 2 1024 2 2 0.2
996 5 0 1024 0 0 0.0
996 4 1 1024 1 1 0.1
996 3 2 1024 2 2 0.2
997 3 4 1024 4 4 0.4
997 4 0 1024 0 0 0.0
997 2 6 1024 6 6 0.6
998 4 0 1024 0 0 0.0
998 3 1 1024 1 1 0.1
999 3 0 1024 0 0 0.0
1000 4 0 1024 0 0 0.0
1000 2 1 1024 1 1 0.1
