gen testSuiteSize notKilledMutants number_of_tests no_discount_objective no_equiv_mut_not_killed no_equiv_mut_not_killed_perc
1 4 0 31 0 0 0.0
2 4 0 97 0 0 0.0
2 3 5 114 5 5 0.5
3 5 0 122 0 0 0.0
3 2 1 141 1 1 0.1
4 3 0 187 0 0 0.0
5 4 0 215 0 0 0.0
5 3 1 228 1 1 0.1
6 5 0 231 0 0 0.0
6 4 1 243 1 1 0.1
6 3 2 246 2 2 0.2
7 4 0 272 0 0 0.0
7 3 1 278 1 1 0.1
8 4 0 306 0 0 0.0
8 2 7 317 7 7 0.7
9 4 1 336 1 1 0.1
9 5 0 350 0 0 0.0
9 3 3 370 3 3 0.3
10 3 0 381 0 0 0.0
11 3 0 431 0 0 0.0
12 3 1 451 1 1 0.1
12 4 0 455 0 0 0.0
13 4 0 489 0 0 0.0
14 3 1 491 1 1 0.1
14 2 2 495 2 2 0.2
14 4 0 498 0 0 0.0
15 3 0 530 0 0 0.0
16 2 1 555 1 1 0.1
16 3 0 570 0 0 0.0
17 3 0 585 0 0 0.0
18 2 2 598 2 2 0.2
18 4 0 606 0 0 0.0
19 5 0 626 0 0 0.0
20 3 0 640 0 0 0.0
21 3 0 656 0 0 0.0
22 3 3 670 3 3 0.3
22 4 0 681 0 0 0.0
23 5 0 688 0 0 0.0
23 4 3 700 3 3 0.3
24 2 2 704 2 2 0.2
24 3 1 707 1 1 0.1
24 4 0 710 0 0 0.0
25 4 0 724 0 0 0.0
25 1 3 730 3 3 0.3
26 5 0 742 0 0 0.0
26 4 1 749 1 1 0.1
27 2 0 762 0 0 0.0
28 3 0 765 0 0 0.0
29 2 2 772 2 2 0.2
29 3 1 773 1 1 0.1
29 5 0 776 0 0 0.0
30 3 0 808 0 0 0.0
31 3 0 812 0 0 0.0
31 2 2 815 2 2 0.2
32 4 0 820 0 0 0.0
32 2 1 826 1 1 0.1
33 4 0 828 0 0 0.0
34 4 0 840 0 0 0.0
34 3 1 851 1 1 0.1
35 5 0 851 0 0 0.0
35 3 1 854 1 1 0.1
36 3 0 864 0 0 0.0
37 2 0 868 0 0 0.0
38 4 0 871 0 0 0.0
38 3 4 873 4 4 0.4
39 4 0 883 0 0 0.0
40 4 0 885 0 0 0.0
40 1 7 885 7 7 0.7
41 2 1 891 1 1 0.1
41 4 0 894 0 0 0.0
42 3 1 895 1 1 0.1
42 4 0 899 0 0 0.0
43 4 0 901 0 0 0.0
43 3 2 906 2 2 0.2
44 2 4 906 4 4 0.4
44 4 0 909 0 0 0.0
45 4 0 913 0 0 0.0
45 2 1 913 1 1 0.1
46 1 5 915 5 5 0.5
46 5 0 915 0 0 0.0
46 3 1 917 1 1 0.1
47 3 4 922 4 4 0.4
47 4 0 922 0 0 0.0
48 4 1 926 1 1 0.1
48 7 0 927 0 0 0.0
49 5 0 930 0 0 0.0
49 3 2 931 2 2 0.2
50 4 0 935 0 0 0.0
51 2 4 940 4 4 0.4
51 3 0 941 0 0 0.0
52 3 0 948 0 0 0.0
53 4 1 951 1 1 0.1
53 5 0 951 0 0 0.0
53 2 4 952 4 4 0.4
53 3 2 952 2 2 0.2
54 3 0 959 0 0 0.0
55 5 0 960 0 0 0.0
55 4 1 961 1 1 0.1
56 5 0 962 0 0 0.0
56 2 1 962 1 1 0.1
57 2 2 965 2 2 0.2
57 5 0 965 0 0 0.0
58 2 1 967 1 1 0.1
58 6 0 968 0 0 0.0
59 2 1 971 1 1 0.1
59 3 0 971 0 0 0.0
60 4 0 979 0 0 0.0
61 2 2 980 2 2 0.2
61 5 1 980 1 1 0.1
61 6 0 981 0 0 0.0
62 3 1 983 1 1 0.1
62 4 0 983 0 0 0.0
63 3 0 985 0 0 0.0
64 4 1 987 1 1 0.1
64 1 3 987 3 3 0.3
64 6 0 987 0 0 0.0
65 2 4 991 4 4 0.4
65 4 0 991 0 0 0.0
65 3 2 991 2 2 0.2
66 4 0 991 0 0 0.0
66 3 2 991 2 2 0.2
67 4 0 992 0 0 0.0
67 3 1 992 1 1 0.1
68 3 1 994 1 1 0.1
68 4 0 994 0 0 0.0
69 2 1 994 1 1 0.1
69 4 0 994 0 0 0.0
70 3 0 995 0 0 0.0
71 1 7 995 7 7 0.7
71 3 0 995 0 0 0.0
72 3 1 996 1 1 0.1
72 4 0 996 0 0 0.0
73 1 7 996 7 7 0.7
73 3 0 997 0 0 0.0
74 3 2 997 2 2 0.2
74 4 0 997 0 0 0.0
75 2 5 1002 5 5 0.5
75 4 0 1002 0 0 0.0
76 3 1 1005 1 1 0.1
76 4 0 1005 0 0 0.0
76 0 10 1005 10 10 1.0
77 4 1 1005 1 1 0.1
77 5 0 1005 0 0 0.0
77 2 2 1007 2 2 0.2
78 4 0 1008 0 0 0.0
79 3 0 1011 0 0 0.0
80 2 1 1011 1 1 0.1
80 5 0 1011 0 0 0.0
81 5 0 1012 0 0 0.0
81 2 2 1012 2 2 0.2
82 4 0 1012 0 0 0.0
83 3 1 1013 1 1 0.1
83 4 0 1013 0 0 0.0
84 2 5 1014 5 5 0.5
84 5 0 1014 0 0 0.0
84 3 1 1014 1 1 0.1
85 4 0 1014 0 0 0.0
86 4 0 1014 0 0 0.0
86 3 2 1014 2 2 0.2
87 4 0 1014 0 0 0.0
87 2 3 1014 3 3 0.3
87 3 2 1014 2 2 0.2
88 3 1 1014 1 1 0.1
88 4 0 1014 0 0 0.0
89 3 0 1014 0 0 0.0
89 2 3 1014 3 3 0.3
90 1 7 1014 7 7 0.7
90 2 5 1014 5 5 0.5
90 3 1 1014 1 1 0.1
90 4 0 1014 0 0 0.0
91 3 4 1014 4 4 0.4
91 5 0 1014 0 0 0.0
91 4 1 1014 1 1 0.1
92 3 1 1015 1 1 0.1
92 5 0 1015 0 0 0.0
93 3 1 1015 1 1 0.1
93 4 0 1015 0 0 0.0
94 3 0 1015 0 0 0.0
95 5 0 1015 0 0 0.0
95 3 1 1015 1 1 0.1
96 2 0 1016 0 0 0.0
97 4 0 1017 0 0 0.0
97 2 1 1017 1 1 0.1
98 4 0 1017 0 0 0.0
98 3 1 1018 1 1 0.1
99 5 0 1018 0 0 0.0
99 1 5 1018 5 5 0.5
99 2 1 1018 1 1 0.1
100 4 1 1018 1 1 0.1
100 5 0 1018 0 0 0.0
100 3 3 1019 3 3 0.3
101 4 0 1019 0 0 0.0
101 3 2 1019 2 2 0.2
102 3 0 1021 0 0 0.0
103 1 6 1021 6 6 0.6
103 3 0 1021 0 0 0.0
104 5 0 1021 0 0 0.0
104 3 5 1021 5 5 0.5
105 4 0 1021 0 0 0.0
106 2 3 1021 3 3 0.3
106 3 0 1021 0 0 0.0
107 2 0 1021 0 0 0.0
108 4 0 1021 0 0 0.0
109 5 0 1021 0 0 0.0
110 4 0 1021 0 0 0.0
110 2 1 1021 1 1 0.1
111 3 2 1021 2 2 0.2
111 4 0 1022 0 0 0.0
112 4 0 1022 0 0 0.0
112 2 1 1022 1 1 0.1
113 3 1 1022 1 1 0.1
113 0 10 1022 10 10 1.0
113 5 0 1022 0 0 0.0
114 3 2 1022 2 2 0.2
114 4 0 1022 0 0 0.0
115 3 2 1022 2 2 0.2
115 4 0 1022 0 0 0.0
116 3 1 1022 1 1 0.1
116 4 0 1022 0 0 0.0
117 2 1 1022 1 1 0.1
117 5 0 1022 0 0 0.0
118 3 0 1022 0 0 0.0
119 5 0 1022 0 0 0.0
119 3 1 1023 1 1 0.1
120 2 1 1023 1 1 0.1
120 4 0 1023 0 0 0.0
121 4 0 1023 0 0 0.0
121 2 2 1023 2 2 0.2
122 4 0 1023 0 0 0.0
123 3 2 1023 2 2 0.2
123 4 1 1023 1 1 0.1
123 5 0 1023 0 0 0.0
124 2 2 1023 2 2 0.2
124 4 0 1023 0 0 0.0
125 2 5 1023 5 5 0.5
125 3 0 1023 0 0 0.0
126 1 2 1024 2 2 0.2
126 6 0 1024 0 0 0.0
126 3 1 1024 1 1 0.1
127 2 3 1024 3 3 0.3
127 4 0 1024 0 0 0.0
127 3 1 1024 1 1 0.1
128 3 0 1024 0 0 0.0
129 1 1 1024 1 1 0.1
129 3 0 1024 0 0 0.0
130 4 0 1024 0 0 0.0
130 2 3 1024 3 3 0.3
131 2 2 1024 2 2 0.2
131 4 0 1024 0 0 0.0
132 4 0 1024 0 0 0.0
133 3 0 1024 0 0 0.0
133 2 1 1024 1 1 0.1
134 2 2 1024 2 2 0.2
134 6 0 1024 0 0 0.0
135 2 2 1024 2 2 0.2
135 3 0 1024 0 0 0.0
136 3 0 1024 0 0 0.0
136 2 1 1024 1 1 0.1
137 1 3 1024 3 3 0.3
137 5 0 1024 0 0 0.0
137 3 2 1024 2 2 0.2
138 4 0 1024 0 0 0.0
138 3 3 1024 3 3 0.3
139 5 0 1024 0 0 0.0
139 2 2 1024 2 2 0.2
140 4 0 1024 0 0 0.0
140 3 2 1024 2 2 0.2
141 6 0 1024 0 0 0.0
141 3 1 1024 1 1 0.1
142 4 0 1024 0 0 0.0
142 3 1 1024 1 1 0.1
143 3 2 1024 2 2 0.2
143 4 0 1024 0 0 0.0
144 3 0 1024 0 0 0.0
145 2 1 1024 1 1 0.1
145 3 0 1024 0 0 0.0
146 2 0 1024 0 0 0.0
147 4 0 1024 0 0 0.0
147 2 3 1024 3 3 0.3
148 3 3 1024 3 3 0.3
148 6 0 1024 0 0 0.0
148 5 1 1024 1 1 0.1
149 4 0 1024 0 0 0.0
149 3 1 1024 1 1 0.1
150 3 0 1024 0 0 0.0
151 4 0 1024 0 0 0.0
151 3 3 1024 3 3 0.3
152 4 0 1024 0 0 0.0
152 3 1 1024 1 1 0.1
153 3 0 1024 0 0 0.0
154 3 0 1024 0 0 0.0
155 3 2 1024 2 2 0.2
155 4 0 1024 0 0 0.0
156 2 1 1024 1 1 0.1
156 5 0 1024 0 0 0.0
157 5 0 1024 0 0 0.0
157 3 1 1024 1 1 0.1
158 2 0 1024 0 0 0.0
159 3 3 1024 3 3 0.3
159 4 0 1024 0 0 0.0
160 5 0 1024 0 0 0.0
161 3 4 1024 4 4 0.4
161 6 0 1024 0 0 0.0
161 4 1 1024 1 1 0.1
162 2 3 1024 3 3 0.3
162 1 4 1024 4 4 0.4
162 5 0 1024 0 0 0.0
162 4 2 1024 2 2 0.2
163 4 0 1024 0 0 0.0
164 2 1 1024 1 1 0.1
164 3 0 1024 0 0 0.0
165 4 0 1024 0 0 0.0
166 4 0 1024 0 0 0.0
167 2 0 1024 0 0 0.0
168 2 1 1024 1 1 0.1
168 3 0 1024 0 0 0.0
169 2 2 1024 2 2 0.2
169 5 0 1024 0 0 0.0
170 3 0 1024 0 0 0.0
171 4 0 1024 0 0 0.0
171 3 2 1024 2 2 0.2
172 4 0 1024 0 0 0.0
172 2 1 1024 1 1 0.1
173 1 3 1024 3 3 0.3
173 6 0 1024 0 0 0.0
173 3 1 1024 1 1 0.1
174 2 0 1024 0 0 0.0
175 4 0 1024 0 0 0.0
175 3 1 1024 1 1 0.1
176 4 0 1024 0 0 0.0
177 4 3 1024 3 3 0.3
177 5 0 1024 0 0 0.0
178 4 0 1024 0 0 0.0
178 3 2 1024 2 2 0.2
179 4 0 1024 0 0 0.0
180 4 0 1024 0 0 0.0
180 3 1 1024 1 1 0.1
180 2 2 1024 2 2 0.2
181 4 0 1024 0 0 0.0
181 2 3 1024 3 3 0.3
182 2 5 1024 5 5 0.5
182 4 0 1024 0 0 0.0
183 3 3 1024 3 3 0.3
183 0 10 1024 10 10 1.0
183 4 1 1024 1 1 0.1
183 5 0 1024 0 0 0.0
184 5 0 1024 0 0 0.0
184 4 2 1024 2 2 0.2
184 3 5 1024 5 5 0.5
185 4 0 1024 0 0 0.0
185 3 1 1024 1 1 0.1
186 3 1 1024 1 1 0.1
186 4 0 1024 0 0 0.0
187 3 0 1024 0 0 0.0
187 2 1 1024 1 1 0.1
188 3 0 1024 0 0 0.0
189 3 2 1024 2 2 0.2
189 2 3 1024 3 3 0.3
189 4 0 1024 0 0 0.0
190 4 0 1024 0 0 0.0
190 2 2 1024 2 2 0.2
191 3 0 1024 0 0 0.0
192 5 0 1024 0 0 0.0
192 2 1 1024 1 1 0.1
193 4 0 1024 0 0 0.0
193 3 2 1024 2 2 0.2
194 2 0 1024 0 0 0.0
195 2 3 1024 3 3 0.3
195 4 1 1024 1 1 0.1
195 5 0 1024 0 0 0.0
196 1 6 1024 6 6 0.6
196 4 0 1024 0 0 0.0
197 5 0 1024 0 0 0.0
198 3 1 1024 1 1 0.1
198 8 0 1024 0 0 0.0
199 6 0 1024 0 0 0.0
199 4 1 1024 1 1 0.1
199 3 2 1024 2 2 0.2
200 2 3 1024 3 3 0.3
200 4 1 1024 1 1 0.1
200 3 2 1024 2 2 0.2
200 5 0 1024 0 0 0.0
201 3 1 1024 1 1 0.1
201 4 0 1024 0 0 0.0
202 3 2 1024 2 2 0.2
202 4 0 1024 0 0 0.0
203 4 0 1024 0 0 0.0
204 3 5 1024 5 5 0.5
204 4 0 1024 0 0 0.0
205 4 0 1024 0 0 0.0
205 2 5 1024 5 5 0.5
206 3 0 1024 0 0 0.0
207 3 0 1024 0 0 0.0
207 2 1 1024 1 1 0.1
208 4 0 1024 0 0 0.0
209 5 0 1024 0 0 0.0
209 4 4 1024 4 4 0.4
210 5 0 1024 0 0 0.0
211 3 0 1024 0 0 0.0
212 7 0 1024 0 0 0.0
212 2 2 1024 2 2 0.2
212 3 1 1024 1 1 0.1
213 2 1 1024 1 1 0.1
213 4 0 1024 0 0 0.0
214 2 2 1024 2 2 0.2
214 4 0 1024 0 0 0.0
215 3 0 1024 0 0 0.0
216 4 0 1024 0 0 0.0
216 2 4 1024 4 4 0.4
216 3 3 1024 3 3 0.3
217 2 1 1024 1 1 0.1
217 4 0 1024 0 0 0.0
218 2 2 1024 2 2 0.2
218 4 0 1024 0 0 0.0
219 3 0 1024 0 0 0.0
219 2 3 1024 3 3 0.3
220 3 0 1024 0 0 0.0
221 4 0 1024 0 0 0.0
221 2 4 1024 4 4 0.4
222 2 0 1024 0 0 0.0
223 3 0 1024 0 0 0.0
224 2 3 1024 3 3 0.3
224 3 1 1024 1 1 0.1
224 4 0 1024 0 0 0.0
225 4 0 1024 0 0 0.0
225 2 2 1024 2 2 0.2
226 4 0 1024 0 0 0.0
226 2 1 1024 1 1 0.1
227 3 1 1024 1 1 0.1
227 4 0 1024 0 0 0.0
228 4 0 1024 0 0 0.0
228 3 1 1024 1 1 0.1
229 3 0 1024 0 0 0.0
229 2 2 1024 2 2 0.2
230 2 0 1024 0 0 0.0
230 1 3 1024 3 3 0.3
231 4 0 1024 0 0 0.0
231 2 3 1024 3 3 0.3
232 2 2 1024 2 2 0.2
232 4 0 1024 0 0 0.0
232 3 1 1024 1 1 0.1
233 4 0 1024 0 0 0.0
233 1 4 1024 4 4 0.4
234 5 0 1024 0 0 0.0
234 1 2 1024 2 2 0.2
235 3 0 1024 0 0 0.0
236 3 1 1024 1 1 0.1
236 4 0 1024 0 0 0.0
237 5 0 1024 0 0 0.0
237 2 3 1024 3 3 0.3
237 3 1 1024 1 1 0.1
238 4 1 1024 1 1 0.1
238 5 0 1024 0 0 0.0
238 3 3 1024 3 3 0.3
239 3 3 1024 3 3 0.3
239 4 1 1024 1 1 0.1
239 5 0 1024 0 0 0.0
240 2 0 1024 0 0 0.0
241 6 0 1024 0 0 0.0
241 3 2 1024 2 2 0.2
241 4 1 1024 1 1 0.1
242 2 1 1024 1 1 0.1
242 3 0 1024 0 0 0.0
243 3 0 1024 0 0 0.0
244 4 0 1024 0 0 0.0
245 3 0 1024 0 0 0.0
246 3 0 1024 0 0 0.0
247 2 0 1024 0 0 0.0
248 2 5 1024 5 5 0.5
248 5 0 1024 0 0 0.0
248 3 1 1024 1 1 0.1
249 4 0 1024 0 0 0.0
249 3 1 1024 1 1 0.1
250 4 0 1024 0 0 0.0
250 2 4 1024 4 4 0.4
251 3 0 1024 0 0 0.0
251 2 2 1024 2 2 0.2
252 2 0 1024 0 0 0.0
253 3 0 1024 0 0 0.0
254 5 0 1024 0 0 0.0
254 3 2 1024 2 2 0.2
254 4 1 1024 1 1 0.1
255 2 1 1024 1 1 0.1
255 4 0 1024 0 0 0.0
256 5 0 1024 0 0 0.0
256 4 1 1024 1 1 0.1
257 1 4 1024 4 4 0.4
257 3 0 1024 0 0 0.0
258 3 0 1024 0 0 0.0
259 4 0 1024 0 0 0.0
259 3 2 1024 2 2 0.2
260 6 0 1024 0 0 0.0
260 2 1 1024 1 1 0.1
261 0 10 1024 10 10 1.0
261 5 0 1024 0 0 0.0
261 2 2 1024 2 2 0.2
261 3 1 1024 1 1 0.1
262 4 1 1024 1 1 0.1
262 5 0 1024 0 0 0.0
263 4 0 1024 0 0 0.0
263 1 2 1024 2 2 0.2
264 5 0 1024 0 0 0.0
264 4 1 1024 1 1 0.1
265 5 0 1024 0 0 0.0
265 4 1 1024 1 1 0.1
266 4 0 1024 0 0 0.0
267 3 0 1024 0 0 0.0
268 6 0 1024 0 0 0.0
268 4 1 1024 1 1 0.1
268 3 2 1024 2 2 0.2
269 3 0 1024 0 0 0.0
270 4 0 1024 0 0 0.0
271 3 0 1024 0 0 0.0
272 4 0 1024 0 0 0.0
272 3 2 1024 2 2 0.2
273 2 0 1024 0 0 0.0
274 2 1 1024 1 1 0.1
274 4 0 1024 0 0 0.0
275 3 0 1024 0 0 0.0
276 4 1 1024 1 1 0.1
276 5 0 1024 0 0 0.0
277 3 0 1024 0 0 0.0
278 3 0 1024 0 0 0.0
279 4 1 1024 1 1 0.1
279 5 0 1024 0 0 0.0
279 3 2 1024 2 2 0.2
280 5 0 1024 0 0 0.0
280 2 4 1024 4 4 0.4
280 3 1 1024 1 1 0.1
281 3 1 1024 1 1 0.1
281 6 0 1024 0 0 0.0
282 1 5 1024 5 5 0.5
282 3 0 1024 0 0 0.0
283 3 1 1024 1 1 0.1
283 4 0 1024 0 0 0.0
284 3 0 1024 0 0 0.0
285 3 0 1024 0 0 0.0
285 1 1 1024 1 1 0.1
286 4 0 1024 0 0 0.0
286 2 1 1024 1 1 0.1
287 6 0 1024 0 0 0.0
287 3 1 1024 1 1 0.1
287 2 5 1024 5 5 0.5
288 4 0 1024 0 0 0.0
288 3 2 1024 2 2 0.2
288 2 4 1024 4 4 0.4
289 3 0 1024 0 0 0.0
289 2 4 1024 4 4 0.4
289 1 6 1024 6 6 0.6
290 2 0 1024 0 0 0.0
291 2 0 1024 0 0 0.0
292 5 0 1024 0 0 0.0
292 3 1 1024 1 1 0.1
293 2 0 1024 0 0 0.0
294 6 0 1024 0 0 0.0
294 5 1 1024 1 1 0.1
294 2 2 1024 2 2 0.2
295 2 0 1024 0 0 0.0
296 4 0 1024 0 0 0.0
297 4 0 1024 0 0 0.0
297 3 1 1024 1 1 0.1
297 2 2 1024 2 2 0.2
298 2 1 1024 1 1 0.1
298 3 0 1024 0 0 0.0
298 1 3 1024 3 3 0.3
299 2 3 1024 3 3 0.3
299 3 0 1024 0 0 0.0
300 4 0 1024 0 0 0.0
301 3 0 1024 0 0 0.0
302 4 0 1024 0 0 0.0
303 2 1 1024 1 1 0.1
303 1 6 1024 6 6 0.6
303 4 0 1024 0 0 0.0
303 0 10 1024 10 10 1.0
304 4 0 1024 0 0 0.0
305 6 0 1024 0 0 0.0
305 2 1 1024 1 1 0.1
306 3 0 1024 0 0 0.0
306 2 1 1024 1 1 0.1
307 3 0 1024 0 0 0.0
308 2 0 1024 0 0 0.0
309 3 0 1024 0 0 0.0
309 2 3 1024 3 3 0.3
310 3 1 1024 1 1 0.1
310 5 0 1024 0 0 0.0
311 3 0 1024 0 0 0.0
312 5 0 1024 0 0 0.0
312 2 1 1024 1 1 0.1
313 3 0 1024 0 0 0.0
314 5 0 1024 0 0 0.0
314 4 1 1024 1 1 0.1
315 4 0 1024 0 0 0.0
316 4 1 1024 1 1 0.1
316 5 0 1024 0 0 0.0
316 1 2 1024 2 2 0.2
317 5 0 1024 0 0 0.0
317 3 1 1024 1 1 0.1
318 3 0 1024 0 0 0.0
319 3 0 1024 0 0 0.0
320 1 0 1024 0 0 0.0
321 2 2 1024 2 2 0.2
321 3 0 1024 0 0 0.0
322 3 0 1024 0 0 0.0
323 3 0 1024 0 0 0.0
323 1 3 1024 3 3 0.3
324 1 3 1024 3 3 0.3
324 3 2 1024 2 2 0.2
324 4 0 1024 0 0 0.0
325 5 0 1024 0 0 0.0
325 3 2 1024 2 2 0.2
326 3 1 1024 1 1 0.1
326 5 0 1024 0 0 0.0
327 2 2 1024 2 2 0.2
327 4 1 1024 1 1 0.1
327 5 0 1024 0 0 0.0
328 2 4 1024 4 4 0.4
328 4 0 1024 0 0 0.0
328 3 2 1024 2 2 0.2
329 3 0 1024 0 0 0.0
330 4 1 1024 1 1 0.1
330 5 0 1024 0 0 0.0
331 2 1 1024 1 1 0.1
331 1 5 1024 5 5 0.5
331 5 0 1024 0 0 0.0
332 4 0 1024 0 0 0.0
332 3 1 1024 1 1 0.1
333 3 0 1024 0 0 0.0
334 3 1 1024 1 1 0.1
334 4 0 1024 0 0 0.0
335 3 0 1024 0 0 0.0
336 2 2 1024 2 2 0.2
336 5 0 1024 0 0 0.0
337 3 2 1024 2 2 0.2
337 4 0 1024 0 0 0.0
338 4 0 1024 0 0 0.0
338 3 2 1024 2 2 0.2
339 4 0 1024 0 0 0.0
340 4 0 1024 0 0 0.0
340 2 3 1024 3 3 0.3
341 2 1 1024 1 1 0.1
341 3 0 1024 0 0 0.0
342 3 2 1024 2 2 0.2
342 4 0 1024 0 0 0.0
343 3 0 1024 0 0 0.0
344 3 0 1024 0 0 0.0
344 2 4 1024 4 4 0.4
345 3 1 1024 1 1 0.1
345 5 0 1024 0 0 0.0
345 2 2 1024 2 2 0.2
346 2 1 1024 1 1 0.1
346 4 0 1024 0 0 0.0
347 4 1 1024 1 1 0.1
347 2 2 1024 2 2 0.2
347 5 0 1024 0 0 0.0
348 3 1 1024 1 1 0.1
348 4 0 1024 0 0 0.0
349 4 0 1024 0 0 0.0
350 3 1 1024 1 1 0.1
350 5 0 1024 0 0 0.0
351 3 1 1024 1 1 0.1
351 4 0 1024 0 0 0.0
352 5 0 1024 0 0 0.0
353 5 0 1024 0 0 0.0
353 3 2 1024 2 2 0.2
354 4 0 1024 0 0 0.0
354 1 5 1024 5 5 0.5
355 2 2 1024 2 2 0.2
355 3 1 1024 1 1 0.1
355 4 0 1024 0 0 0.0
356 3 1 1024 1 1 0.1
356 5 0 1024 0 0 0.0
357 5 0 1024 0 0 0.0
357 4 1 1024 1 1 0.1
358 4 0 1024 0 0 0.0
358 3 1 1024 1 1 0.1
359 4 1 1024 1 1 0.1
359 3 4 1024 4 4 0.4
359 5 0 1024 0 0 0.0
359 2 5 1024 5 5 0.5
359 1 7 1024 7 7 0.7
360 6 0 1024 0 0 0.0
360 3 1 1024 1 1 0.1
361 3 0 1024 0 0 0.0
361 2 2 1024 2 2 0.2
362 3 0 1024 0 0 0.0
363 5 0 1024 0 0 0.0
363 3 1 1024 1 1 0.1
364 4 0 1024 0 0 0.0
364 2 1 1024 1 1 0.1
365 3 1 1024 1 1 0.1
365 5 0 1024 0 0 0.0
366 3 0 1024 0 0 0.0
367 3 2 1024 2 2 0.2
367 4 0 1024 0 0 0.0
368 4 0 1024 0 0 0.0
368 3 1 1024 1 1 0.1
369 5 0 1024 0 0 0.0
369 2 1 1024 1 1 0.1
370 4 0 1024 0 0 0.0
370 3 1 1024 1 1 0.1
371 4 1 1024 1 1 0.1
371 5 0 1024 0 0 0.0
372 2 0 1024 0 0 0.0
373 4 0 1024 0 0 0.0
374 3 1 1024 1 1 0.1
374 4 0 1024 0 0 0.0
375 4 1 1024 1 1 0.1
375 5 0 1024 0 0 0.0
376 3 1 1024 1 1 0.1
376 4 0 1024 0 0 0.0
376 2 3 1024 3 3 0.3
377 2 4 1024 4 4 0.4
377 3 0 1024 0 0 0.0
378 3 0 1024 0 0 0.0
379 2 1 1024 1 1 0.1
379 4 0 1024 0 0 0.0
380 5 1 1024 1 1 0.1
380 6 0 1024 0 0 0.0
380 3 2 1024 2 2 0.2
381 4 0 1024 0 0 0.0
381 2 3 1024 3 3 0.3
382 4 0 1024 0 0 0.0
382 1 2 1024 2 2 0.2
383 3 0 1024 0 0 0.0
384 2 0 1024 0 0 0.0
385 3 0 1024 0 0 0.0
386 5 0 1024 0 0 0.0
386 2 1 1024 1 1 0.1
387 5 0 1024 0 0 0.0
387 1 1 1024 1 1 0.1
388 4 0 1024 0 0 0.0
388 1 5 1024 5 5 0.5
389 2 1 1024 1 1 0.1
389 5 0 1024 0 0 0.0
390 4 0 1024 0 0 0.0
390 2 2 1024 2 2 0.2
391 2 3 1024 3 3 0.3
391 4 0 1024 0 0 0.0
391 3 2 1024 2 2 0.2
392 3 0 1024 0 0 0.0
393 3 0 1024 0 0 0.0
394 5 0 1024 0 0 0.0
394 4 1 1024 1 1 0.1
394 2 2 1024 2 2 0.2
395 2 2 1024 2 2 0.2
395 4 0 1024 0 0 0.0
396 3 0 1024 0 0 0.0
396 1 3 1024 3 3 0.3
397 4 0 1024 0 0 0.0
397 2 2 1024 2 2 0.2
398 5 0 1024 0 0 0.0
398 4 1 1024 1 1 0.1
399 3 0 1024 0 0 0.0
400 4 0 1024 0 0 0.0
400 3 1 1024 1 1 0.1
400 2 3 1024 3 3 0.3
401 4 0 1024 0 0 0.0
401 2 4 1024 4 4 0.4
402 4 0 1024 0 0 0.0
403 1 6 1024 6 6 0.6
403 3 1 1024 1 1 0.1
403 2 5 1024 5 5 0.5
403 4 0 1024 0 0 0.0
404 2 1 1024 1 1 0.1
404 5 0 1024 0 0 0.0
405 2 3 1024 3 3 0.3
405 5 0 1024 0 0 0.0
405 3 1 1024 1 1 0.1
406 4 0 1024 0 0 0.0
406 2 3 1024 3 3 0.3
407 4 0 1024 0 0 0.0
407 1 3 1024 3 3 0.3
407 3 2 1024 2 2 0.2
408 6 0 1024 0 0 0.0
408 4 1 1024 1 1 0.1
409 5 0 1024 0 0 0.0
409 3 3 1024 3 3 0.3
410 2 0 1024 0 0 0.0
411 5 0 1024 0 0 0.0
411 3 2 1024 2 2 0.2
411 2 6 1024 6 6 0.6
412 3 2 1024 2 2 0.2
412 4 0 1024 0 0 0.0
413 3 2 1024 2 2 0.2
413 4 0 1024 0 0 0.0
413 2 4 1024 4 4 0.4
414 3 0 1024 0 0 0.0
415 3 4 1024 4 4 0.4
415 4 0 1024 0 0 0.0
416 5 0 1024 0 0 0.0
416 3 1 1024 1 1 0.1
417 3 4 1024 4 4 0.4
417 2 5 1024 5 5 0.5
417 4 0 1024 0 0 0.0
418 4 0 1024 0 0 0.0
419 3 6 1024 6 6 0.6
419 5 0 1024 0 0 0.0
419 4 2 1024 2 2 0.2
420 5 0 1024 0 0 0.0
420 3 4 1024 4 4 0.4
421 6 0 1024 0 0 0.0
421 3 3 1024 3 3 0.3
421 4 1 1024 1 1 0.1
422 4 0 1024 0 0 0.0
423 4 0 1024 0 0 0.0
423 1 6 1024 6 6 0.6
423 3 1 1024 1 1 0.1
424 5 0 1024 0 0 0.0
424 4 1 1024 1 1 0.1
424 3 2 1024 2 2 0.2
424 2 5 1024 5 5 0.5
425 5 0 1024 0 0 0.0
425 1 4 1024 4 4 0.4
425 2 3 1024 3 3 0.3
426 5 0 1024 0 0 0.0
426 4 1 1024 1 1 0.1
427 5 0 1024 0 0 0.0
427 2 1 1024 1 1 0.1
428 3 0 1024 0 0 0.0
429 4 0 1024 0 0 0.0
429 3 2 1024 2 2 0.2
430 4 0 1024 0 0 0.0
430 3 1 1024 1 1 0.1
431 4 0 1024 0 0 0.0
431 3 4 1024 4 4 0.4
432 4 0 1024 0 0 0.0
432 3 2 1024 2 2 0.2
433 4 1 1024 1 1 0.1
433 5 0 1024 0 0 0.0
434 5 0 1024 0 0 0.0
434 1 1 1024 1 1 0.1
435 3 1 1024 1 1 0.1
435 4 0 1024 0 0 0.0
436 4 0 1024 0 0 0.0
436 2 1 1024 1 1 0.1
437 4 1 1024 1 1 0.1
437 2 3 1024 3 3 0.3
437 5 0 1024 0 0 0.0
438 2 4 1024 4 4 0.4
438 4 0 1024 0 0 0.0
439 3 0 1024 0 0 0.0
440 4 0 1024 0 0 0.0
440 3 1 1024 1 1 0.1
441 3 1 1024 1 1 0.1
441 2 5 1024 5 5 0.5
441 4 0 1024 0 0 0.0
442 3 0 1024 0 0 0.0
443 4 0 1024 0 0 0.0
444 3 0 1024 0 0 0.0
445 2 3 1024 3 3 0.3
445 4 0 1024 0 0 0.0
446 4 0 1024 0 0 0.0
446 3 2 1024 2 2 0.2
447 6 0 1024 0 0 0.0
447 1 4 1024 4 4 0.4
447 3 1 1024 1 1 0.1
448 3 1 1024 1 1 0.1
448 4 0 1024 0 0 0.0
449 3 2 1024 2 2 0.2
449 0 10 1024 10 10 1.0
449 5 0 1024 0 0 0.0
450 2 1 1024 1 1 0.1
450 6 0 1024 0 0 0.0
451 1 3 1024 3 3 0.3
451 3 0 1024 0 0 0.0
452 3 1 1024 1 1 0.1
452 4 0 1024 0 0 0.0
453 2 3 1024 3 3 0.3
453 5 0 1024 0 0 0.0
454 4 0 1024 0 0 0.0
455 4 0 1024 0 0 0.0
456 3 2 1024 2 2 0.2
456 4 0 1024 0 0 0.0
457 2 1 1024 1 1 0.1
457 6 0 1024 0 0 0.0
458 3 1 1024 1 1 0.1
458 4 0 1024 0 0 0.0
459 4 0 1024 0 0 0.0
459 3 4 1024 4 4 0.4
460 2 2 1024 2 2 0.2
460 5 0 1024 0 0 0.0
460 3 1 1024 1 1 0.1
461 4 0 1024 0 0 0.0
461 2 3 1024 3 3 0.3
462 3 0 1024 0 0 0.0
463 4 0 1024 0 0 0.0
463 3 1 1024 1 1 0.1
463 2 2 1024 2 2 0.2
464 2 1 1024 1 1 0.1
464 4 0 1024 0 0 0.0
465 3 0 1024 0 0 0.0
466 3 0 1024 0 0 0.0
467 6 0 1024 0 0 0.0
467 3 1 1024 1 1 0.1
467 2 6 1024 6 6 0.6
468 3 0 1024 0 0 0.0
469 4 0 1024 0 0 0.0
469 3 2 1024 2 2 0.2
470 4 2 1024 2 2 0.2
470 5 0 1024 0 0 0.0
471 4 0 1024 0 0 0.0
471 3 1 1024 1 1 0.1
472 5 0 1024 0 0 0.0
472 3 2 1024 2 2 0.2
473 5 0 1024 0 0 0.0
473 3 2 1024 2 2 0.2
474 3 3 1024 3 3 0.3
474 4 0 1024 0 0 0.0
475 4 1 1024 1 1 0.1
475 5 0 1024 0 0 0.0
476 3 3 1024 3 3 0.3
476 4 0 1024 0 0 0.0
477 3 2 1024 2 2 0.2
477 4 0 1024 0 0 0.0
478 5 0 1024 0 0 0.0
478 4 1 1024 1 1 0.1
479 4 0 1024 0 0 0.0
479 3 3 1024 3 3 0.3
479 2 6 1024 6 6 0.6
480 3 0 1024 0 0 0.0
481 5 0 1024 0 0 0.0
481 3 1 1024 1 1 0.1
482 2 3 1024 3 3 0.3
482 3 0 1024 0 0 0.0
483 4 0 1024 0 0 0.0
483 2 3 1024 3 3 0.3
484 4 0 1024 0 0 0.0
484 2 2 1024 2 2 0.2
484 3 1 1024 1 1 0.1
485 4 0 1024 0 0 0.0
485 3 1 1024 1 1 0.1
486 4 0 1024 0 0 0.0
486 3 1 1024 1 1 0.1
486 2 2 1024 2 2 0.2
487 4 0 1024 0 0 0.0
487 2 1 1024 1 1 0.1
488 2 5 1024 5 5 0.5
488 1 6 1024 6 6 0.6
488 4 0 1024 0 0 0.0
489 4 0 1024 0 0 0.0
489 3 4 1024 4 4 0.4
490 4 0 1024 0 0 0.0
490 2 3 1024 3 3 0.3
491 3 0 1024 0 0 0.0
491 2 2 1024 2 2 0.2
492 5 0 1024 0 0 0.0
492 2 1 1024 1 1 0.1
493 3 0 1024 0 0 0.0
494 3 1 1024 1 1 0.1
494 5 0 1024 0 0 0.0
495 5 0 1024 0 0 0.0
495 3 1 1024 1 1 0.1
496 3 2 1024 2 2 0.2
496 0 10 1024 10 10 1.0
496 4 0 1024 0 0 0.0
497 3 0 1024 0 0 0.0
498 1 4 1024 4 4 0.4
498 2 2 1024 2 2 0.2
498 3 0 1024 0 0 0.0
499 4 0 1024 0 0 0.0
499 2 6 1024 6 6 0.6
500 3 1 1024 1 1 0.1
500 5 0 1024 0 0 0.0
501 4 0 1024 0 0 0.0
501 3 1 1024 1 1 0.1
502 3 2 1024 2 2 0.2
502 6 0 1024 0 0 0.0
502 4 1 1024 1 1 0.1
503 3 1 1024 1 1 0.1
503 4 0 1024 0 0 0.0
504 4 1 1024 1 1 0.1
504 5 0 1024 0 0 0.0
505 2 0 1024 0 0 0.0
506 4 0 1024 0 0 0.0
506 2 4 1024 4 4 0.4
507 4 0 1024 0 0 0.0
507 2 2 1024 2 2 0.2
508 4 0 1024 0 0 0.0
509 4 0 1024 0 0 0.0
509 2 1 1024 1 1 0.1
510 4 0 1024 0 0 0.0
510 2 5 1024 5 5 0.5
511 3 2 1024 2 2 0.2
511 4 0 1024 0 0 0.0
512 3 0 1024 0 0 0.0
513 3 0 1024 0 0 0.0
514 4 0 1024 0 0 0.0
514 3 1 1024 1 1 0.1
515 3 1 1024 1 1 0.1
515 4 0 1024 0 0 0.0
516 3 1 1024 1 1 0.1
516 5 0 1024 0 0 0.0
517 2 2 1024 2 2 0.2
517 4 0 1024 0 0 0.0
518 4 0 1024 0 0 0.0
519 3 0 1024 0 0 0.0
520 3 0 1024 0 0 0.0
521 3 2 1024 2 2 0.2
521 4 0 1024 0 0 0.0
522 4 0 1024 0 0 0.0
522 3 2 1024 2 2 0.2
523 3 0 1024 0 0 0.0
524 2 1 1024 1 1 0.1
524 6 0 1024 0 0 0.0
525 3 0 1024 0 0 0.0
526 3 0 1024 0 0 0.0
527 3 0 1024 0 0 0.0
528 4 0 1024 0 0 0.0
528 2 2 1024 2 2 0.2
529 3 0 1024 0 0 0.0
530 3 0 1024 0 0 0.0
531 3 1 1024 1 1 0.1
531 4 0 1024 0 0 0.0
532 4 0 1024 0 0 0.0
532 3 1 1024 1 1 0.1
533 3 4 1024 4 4 0.4
533 4 0 1024 0 0 0.0
534 5 0 1024 0 0 0.0
534 2 3 1024 3 3 0.3
535 3 0 1024 0 0 0.0
536 4 0 1024 0 0 0.0
537 2 1 1024 1 1 0.1
537 5 0 1024 0 0 0.0
538 0 10 1024 10 10 1.0
538 4 0 1024 0 0 0.0
539 3 3 1024 3 3 0.3
539 5 0 1024 0 0 0.0
540 2 1 1024 1 1 0.1
540 3 0 1024 0 0 0.0
541 2 1 1024 1 1 0.1
541 3 0 1024 0 0 0.0
542 3 1 1024 1 1 0.1
542 5 0 1024 0 0 0.0
543 2 1 1024 1 1 0.1
543 5 0 1024 0 0 0.0
544 3 0 1024 0 0 0.0
545 2 2 1024 2 2 0.2
545 5 0 1024 0 0 0.0
545 4 1 1024 1 1 0.1
546 2 4 1024 4 4 0.4
546 4 0 1024 0 0 0.0
547 4 2 1024 2 2 0.2
547 6 0 1024 0 0 0.0
547 5 1 1024 1 1 0.1
548 5 0 1024 0 0 0.0
548 3 2 1024 2 2 0.2
549 1 2 1024 2 2 0.2
549 3 0 1024 0 0 0.0
550 3 1 1024 1 1 0.1
550 5 0 1024 0 0 0.0
551 2 1 1024 1 1 0.1
551 4 0 1024 0 0 0.0
552 5 0 1024 0 0 0.0
552 3 3 1024 3 3 0.3
553 4 0 1024 0 0 0.0
554 5 0 1024 0 0 0.0
554 2 2 1024 2 2 0.2
554 4 1 1024 1 1 0.1
555 2 3 1024 3 3 0.3
555 5 0 1024 0 0 0.0
555 1 4 1024 4 4 0.4
556 3 1 1024 1 1 0.1
556 6 0 1024 0 0 0.0
557 4 0 1024 0 0 0.0
557 3 1 1024 1 1 0.1
558 4 1 1024 1 1 0.1
558 6 0 1024 0 0 0.0
559 2 4 1024 4 4 0.4
559 4 0 1024 0 0 0.0
560 3 2 1024 2 2 0.2
560 6 0 1024 0 0 0.0
560 4 1 1024 1 1 0.1
561 2 3 1024 3 3 0.3
561 4 0 1024 0 0 0.0
562 3 0 1024 0 0 0.0
563 2 0 1024 0 0 0.0
564 2 1 1024 1 1 0.1
564 4 0 1024 0 0 0.0
565 4 0 1024 0 0 0.0
565 3 1 1024 1 1 0.1
566 3 0 1024 0 0 0.0
566 2 4 1024 4 4 0.4
567 4 0 1024 0 0 0.0
567 3 3 1024 3 3 0.3
568 3 0 1024 0 0 0.0
569 3 0 1024 0 0 0.0
570 2 2 1024 2 2 0.2
570 4 0 1024 0 0 0.0
571 5 0 1024 0 0 0.0
571 4 1 1024 1 1 0.1
571 2 3 1024 3 3 0.3
571 3 2 1024 2 2 0.2
572 2 0 1024 0 0 0.0
573 3 0 1024 0 0 0.0
574 4 0 1024 0 0 0.0
575 2 3 1024 3 3 0.3
575 5 0 1024 0 0 0.0
576 2 1 1024 1 1 0.1
576 4 0 1024 0 0 0.0
577 4 0 1024 0 0 0.0
577 3 2 1024 2 2 0.2
578 4 0 1024 0 0 0.0
578 3 1 1024 1 1 0.1
579 2 6 1024 6 6 0.6
579 4 0 1024 0 0 0.0
580 5 0 1024 0 0 0.0
580 3 1 1024 1 1 0.1
581 4 0 1024 0 0 0.0
581 3 3 1024 3 3 0.3
582 3 0 1024 0 0 0.0
582 2 4 1024 4 4 0.4
583 3 0 1024 0 0 0.0
583 2 1 1024 1 1 0.1
584 4 0 1024 0 0 0.0
584 3 1 1024 1 1 0.1
585 1 2 1024 2 2 0.2
585 3 1 1024 1 1 0.1
585 5 0 1024 0 0 0.0
586 5 0 1024 0 0 0.0
587 4 0 1024 0 0 0.0
588 4 0 1024 0 0 0.0
589 3 0 1024 0 0 0.0
590 3 1 1024 1 1 0.1
590 4 0 1024 0 0 0.0
590 1 6 1024 6 6 0.6
591 3 1 1024 1 1 0.1
591 6 0 1024 0 0 0.0
591 2 4 1024 4 4 0.4
592 3 0 1024 0 0 0.0
592 1 1 1024 1 1 0.1
593 3 1 1024 1 1 0.1
593 4 0 1024 0 0 0.0
594 5 0 1024 0 0 0.0
595 2 4 1024 4 4 0.4
595 3 0 1024 0 0 0.0
596 2 3 1024 3 3 0.3
596 4 0 1024 0 0 0.0
597 4 0 1024 0 0 0.0
598 3 0 1024 0 0 0.0
599 5 0 1024 0 0 0.0
599 3 1 1024 1 1 0.1
600 4 0 1024 0 0 0.0
600 1 4 1024 4 4 0.4
601 3 1 1024 1 1 0.1
601 4 0 1024 0 0 0.0
601 2 3 1024 3 3 0.3
602 3 0 1024 0 0 0.0
602 2 2 1024 2 2 0.2
603 4 0 1024 0 0 0.0
604 3 1 1024 1 1 0.1
604 4 0 1024 0 0 0.0
605 3 0 1024 0 0 0.0
606 3 0 1024 0 0 0.0
607 4 2 1024 2 2 0.2
607 5 0 1024 0 0 0.0
608 3 0 1024 0 0 0.0
609 2 1 1024 1 1 0.1
609 3 0 1024 0 0 0.0
610 4 0 1024 0 0 0.0
610 1 1 1024 1 1 0.1
611 2 2 1024 2 2 0.2
611 3 0 1024 0 0 0.0
612 5 0 1024 0 0 0.0
612 3 1 1024 1 1 0.1
613 3 0 1024 0 0 0.0
613 2 2 1024 2 2 0.2
614 3 2 1024 2 2 0.2
614 4 0 1024 0 0 0.0
615 2 0 1024 0 0 0.0
616 5 0 1024 0 0 0.0
616 4 1 1024 1 1 0.1
616 3 3 1024 3 3 0.3
617 3 0 1024 0 0 0.0
617 2 1 1024 1 1 0.1
618 3 4 1024 4 4 0.4
618 5 0 1024 0 0 0.0
619 3 1 1024 1 1 0.1
619 5 0 1024 0 0 0.0
619 2 5 1024 5 5 0.5
620 5 0 1024 0 0 0.0
620 4 1 1024 1 1 0.1
621 3 2 1024 2 2 0.2
621 2 4 1024 4 4 0.4
621 4 0 1024 0 0 0.0
622 2 1 1024 1 1 0.1
622 4 0 1024 0 0 0.0
623 4 1 1024 1 1 0.1
623 5 0 1024 0 0 0.0
624 3 1 1024 1 1 0.1
624 2 3 1024 3 3 0.3
624 4 0 1024 0 0 0.0
625 3 0 1024 0 0 0.0
625 1 5 1024 5 5 0.5
626 6 0 1024 0 0 0.0
626 3 2 1024 2 2 0.2
627 3 0 1024 0 0 0.0
628 3 1 1024 1 1 0.1
628 5 0 1024 0 0 0.0
629 3 1 1024 1 1 0.1
629 4 0 1024 0 0 0.0
630 4 0 1024 0 0 0.0
630 3 1 1024 1 1 0.1
631 1 5 1024 5 5 0.5
631 3 2 1024 2 2 0.2
631 4 0 1024 0 0 0.0
632 4 0 1024 0 0 0.0
633 4 0 1024 0 0 0.0
633 3 3 1024 3 3 0.3
634 4 0 1024 0 0 0.0
634 3 1 1024 1 1 0.1
635 4 0 1024 0 0 0.0
635 3 1 1024 1 1 0.1
635 1 3 1024 3 3 0.3
636 3 0 1024 0 0 0.0
636 2 1 1024 1 1 0.1
637 5 0 1024 0 0 0.0
637 3 2 1024 2 2 0.2
637 4 1 1024 1 1 0.1
638 2 0 1024 0 0 0.0
638 1 2 1024 2 2 0.2
639 4 0 1024 0 0 0.0
639 3 1 1024 1 1 0.1
640 5 0 1024 0 0 0.0
640 3 1 1024 1 1 0.1
641 7 0 1024 0 0 0.0
641 2 3 1024 3 3 0.3
641 3 1 1024 1 1 0.1
642 3 1 1024 1 1 0.1
642 5 0 1024 0 0 0.0
643 4 0 1024 0 0 0.0
643 2 6 1024 6 6 0.6
643 3 1 1024 1 1 0.1
644 5 0 1024 0 0 0.0
644 3 1 1024 1 1 0.1
645 1 4 1024 4 4 0.4
645 3 0 1024 0 0 0.0
646 4 0 1024 0 0 0.0
646 3 3 1024 3 3 0.3
647 3 1 1024 1 1 0.1
647 4 0 1024 0 0 0.0
648 3 0 1024 0 0 0.0
648 2 2 1024 2 2 0.2
649 4 0 1024 0 0 0.0
649 3 1 1024 1 1 0.1
649 2 3 1024 3 3 0.3
650 3 3 1024 3 3 0.3
650 4 0 1024 0 0 0.0
651 4 0 1024 0 0 0.0
651 3 1 1024 1 1 0.1
652 2 1 1024 1 1 0.1
652 4 0 1024 0 0 0.0
653 2 1 1024 1 1 0.1
653 5 0 1024 0 0 0.0
654 3 0 1024 0 0 0.0
654 2 2 1024 2 2 0.2
655 5 0 1024 0 0 0.0
655 4 1 1024 1 1 0.1
656 2 1 1024 1 1 0.1
656 4 0 1024 0 0 0.0
657 3 1 1024 1 1 0.1
657 5 0 1024 0 0 0.0
658 4 0 1024 0 0 0.0
658 2 1 1024 1 1 0.1
659 4 0 1024 0 0 0.0
659 2 1 1024 1 1 0.1
660 2 5 1024 5 5 0.5
660 3 0 1024 0 0 0.0
661 5 0 1024 0 0 0.0
662 4 0 1024 0 0 0.0
662 3 1 1024 1 1 0.1
663 4 0 1024 0 0 0.0
663 3 3 1024 3 3 0.3
664 4 0 1024 0 0 0.0
664 2 2 1024 2 2 0.2
665 5 0 1024 0 0 0.0
665 4 3 1024 3 3 0.3
666 3 0 1024 0 0 0.0
667 6 0 1024 0 0 0.0
667 1 6 1024 6 6 0.6
667 4 1 1024 1 1 0.1
668 3 1 1024 1 1 0.1
668 4 0 1024 0 0 0.0
669 3 1 1024 1 1 0.1
669 5 0 1024 0 0 0.0
670 3 0 1024 0 0 0.0
671 3 0 1024 0 0 0.0
672 2 0 1024 0 0 0.0
673 3 0 1024 0 0 0.0
673 2 3 1024 3 3 0.3
674 4 0 1024 0 0 0.0
674 3 1 1024 1 1 0.1
674 1 4 1024 4 4 0.4
675 3 0 1024 0 0 0.0
675 2 1 1024 1 1 0.1
675 1 3 1024 3 3 0.3
676 1 4 1024 4 4 0.4
676 4 0 1024 0 0 0.0
677 4 0 1024 0 0 0.0
677 3 2 1024 2 2 0.2
678 3 1 1024 1 1 0.1
678 5 0 1024 0 0 0.0
679 4 0 1024 0 0 0.0
680 4 0 1024 0 0 0.0
680 3 2 1024 2 2 0.2
681 3 2 1024 2 2 0.2
681 5 0 1024 0 0 0.0
682 3 0 1024 0 0 0.0
683 4 0 1024 0 0 0.0
683 3 3 1024 3 3 0.3
684 4 0 1024 0 0 0.0
685 4 0 1024 0 0 0.0
685 2 1 1024 1 1 0.1
686 3 1 1024 1 1 0.1
686 4 0 1024 0 0 0.0
687 2 3 1024 3 3 0.3
687 3 0 1024 0 0 0.0
688 3 0 1024 0 0 0.0
689 4 0 1024 0 0 0.0
689 3 1 1024 1 1 0.1
690 4 0 1024 0 0 0.0
690 3 2 1024 2 2 0.2
691 3 0 1024 0 0 0.0
692 4 0 1024 0 0 0.0
692 2 1 1024 1 1 0.1
693 3 0 1024 0 0 0.0
694 2 5 1024 5 5 0.5
694 3 0 1024 0 0 0.0
695 5 0 1024 0 0 0.0
695 3 1 1024 1 1 0.1
696 4 0 1024 0 0 0.0
697 2 0 1024 0 0 0.0
698 5 0 1024 0 0 0.0
698 3 1 1024 1 1 0.1
699 2 1 1024 1 1 0.1
699 4 0 1024 0 0 0.0
700 3 0 1024 0 0 0.0
701 3 0 1024 0 0 0.0
702 3 4 1024 4 4 0.4
702 4 0 1024 0 0 0.0
703 2 0 1024 0 0 0.0
704 2 0 1024 0 0 0.0
705 4 1 1024 1 1 0.1
705 6 0 1024 0 0 0.0
706 3 1 1024 1 1 0.1
706 4 0 1024 0 0 0.0
707 6 0 1024 0 0 0.0
707 4 1 1024 1 1 0.1
707 3 2 1024 2 2 0.2
708 2 3 1024 3 3 0.3
708 6 0 1024 0 0 0.0
708 3 1 1024 1 1 0.1
709 1 5 1024 5 5 0.5
709 5 0 1024 0 0 0.0
709 2 1 1024 1 1 0.1
710 5 0 1024 0 0 0.0
710 3 4 1024 4 4 0.4
710 4 1 1024 1 1 0.1
711 4 0 1024 0 0 0.0
712 5 0 1024 0 0 0.0
712 4 3 1024 3 3 0.3
712 2 4 1024 4 4 0.4
713 3 0 1024 0 0 0.0
714 5 0 1024 0 0 0.0
714 2 1 1024 1 1 0.1
715 4 0 1024 0 0 0.0
716 3 1 1024 1 1 0.1
716 5 0 1024 0 0 0.0
717 2 2 1024 2 2 0.2
717 5 0 1024 0 0 0.0
718 4 0 1024 0 0 0.0
719 4 0 1024 0 0 0.0
720 3 0 1024 0 0 0.0
721 4 0 1024 0 0 0.0
722 3 0 1024 0 0 0.0
723 4 0 1024 0 0 0.0
723 3 2 1024 2 2 0.2
724 2 0 1024 0 0 0.0
725 4 0 1024 0 0 0.0
725 3 1 1024 1 1 0.1
726 3 0 1024 0 0 0.0
726 2 3 1024 3 3 0.3
727 2 0 1024 0 0 0.0
727 1 5 1024 5 5 0.5
728 3 0 1024 0 0 0.0
729 4 0 1024 0 0 0.0
730 3 0 1024 0 0 0.0
731 5 0 1024 0 0 0.0
731 4 1 1024 1 1 0.1
732 3 0 1024 0 0 0.0
732 2 1 1024 1 1 0.1
733 5 0 1024 0 0 0.0
733 2 2 1024 2 2 0.2
734 3 0 1024 0 0 0.0
734 2 1 1024 1 1 0.1
735 2 3 1024 3 3 0.3
735 3 2 1024 2 2 0.2
735 4 0 1024 0 0 0.0
736 5 0 1024 0 0 0.0
736 4 3 1024 3 3 0.3
737 2 1 1024 1 1 0.1
737 3 0 1024 0 0 0.0
738 4 0 1024 0 0 0.0
738 2 2 1024 2 2 0.2
739 5 0 1024 0 0 0.0
739 3 2 1024 2 2 0.2
740 3 0 1024 0 0 0.0
740 2 3 1024 3 3 0.3
741 4 0 1024 0 0 0.0
741 3 1 1024 1 1 0.1
742 3 0 1024 0 0 0.0
743 3 0 1024 0 0 0.0
744 2 1 1024 1 1 0.1
744 4 0 1024 0 0 0.0
745 4 1 1024 1 1 0.1
745 6 0 1024 0 0 0.0
746 2 1 1024 1 1 0.1
746 1 4 1024 4 4 0.4
746 5 0 1024 0 0 0.0
747 3 0 1024 0 0 0.0
748 4 0 1024 0 0 0.0
748 3 3 1024 3 3 0.3
749 4 0 1024 0 0 0.0
750 4 0 1024 0 0 0.0
750 3 1 1024 1 1 0.1
751 6 0 1024 0 0 0.0
751 3 1 1024 1 1 0.1
752 5 0 1024 0 0 0.0
752 4 1 1024 1 1 0.1
753 3 0 1024 0 0 0.0
753 2 3 1024 3 3 0.3
754 4 0 1024 0 0 0.0
754 3 1 1024 1 1 0.1
755 3 3 1024 3 3 0.3
755 5 0 1024 0 0 0.0
756 3 1 1024 1 1 0.1
756 2 2 1024 2 2 0.2
756 5 0 1024 0 0 0.0
757 3 0 1024 0 0 0.0
758 4 0 1024 0 0 0.0
759 3 0 1024 0 0 0.0
760 3 1 1024 1 1 0.1
760 4 0 1024 0 0 0.0
761 3 0 1024 0 0 0.0
762 2 1 1024 1 1 0.1
762 3 0 1024 0 0 0.0
763 3 1 1024 1 1 0.1
763 5 0 1024 0 0 0.0
764 4 0 1024 0 0 0.0
764 2 3 1024 3 3 0.3
765 3 0 1024 0 0 0.0
766 1 0 1024 0 0 0.0
767 3 3 1024 3 3 0.3
767 4 0 1024 0 0 0.0
768 3 0 1024 0 0 0.0
769 4 0 1024 0 0 0.0
770 2 3 1024 3 3 0.3
770 4 1 1024 1 1 0.1
770 6 0 1024 0 0 0.0
771 3 0 1024 0 0 0.0
771 2 2 1024 2 2 0.2
772 2 2 1024 2 2 0.2
772 4 1 1024 1 1 0.1
772 5 0 1024 0 0 0.0
773 3 0 1024 0 0 0.0
774 2 0 1024 0 0 0.0
775 3 1 1024 1 1 0.1
775 4 0 1024 0 0 0.0
776 6 0 1024 0 0 0.0
776 5 4 1024 4 4 0.4
777 4 0 1024 0 0 0.0
778 3 1 1024 1 1 0.1
778 4 0 1024 0 0 0.0
779 2 0 1024 0 0 0.0
780 3 0 1024 0 0 0.0
780 2 2 1024 2 2 0.2
781 1 3 1024 3 3 0.3
781 2 0 1024 0 0 0.0
782 3 1 1024 1 1 0.1
782 4 0 1024 0 0 0.0
782 2 2 1024 2 2 0.2
783 3 0 1024 0 0 0.0
784 3 1 1024 1 1 0.1
784 4 0 1024 0 0 0.0
784 2 2 1024 2 2 0.2
785 3 1 1024 1 1 0.1
785 6 0 1024 0 0 0.0
785 2 2 1024 2 2 0.2
786 5 0 1024 0 0 0.0
786 1 1 1024 1 1 0.1
787 3 0 1024 0 0 0.0
787 2 5 1024 5 5 0.5
788 3 0 1024 0 0 0.0
789 4 0 1024 0 0 0.0
790 3 0 1024 0 0 0.0
791 2 1 1024 1 1 0.1
791 4 0 1024 0 0 0.0
792 2 3 1024 3 3 0.3
792 4 0 1024 0 0 0.0
793 2 0 1024 0 0 0.0
794 4 1 1024 1 1 0.1
794 5 0 1024 0 0 0.0
795 3 0 1024 0 0 0.0
796 2 3 1024 3 3 0.3
796 3 0 1024 0 0 0.0
797 3 1 1024 1 1 0.1
797 4 0 1024 0 0 0.0
798 4 0 1024 0 0 0.0
798 2 4 1024 4 4 0.4
799 2 1 1024 1 1 0.1
799 5 0 1024 0 0 0.0
799 1 3 1024 3 3 0.3
800 4 0 1024 0 0 0.0
801 1 6 1024 6 6 0.6
801 3 1 1024 1 1 0.1
801 2 3 1024 3 3 0.3
801 5 0 1024 0 0 0.0
802 4 0 1024 0 0 0.0
802 3 1 1024 1 1 0.1
803 4 0 1024 0 0 0.0
803 3 1 1024 1 1 0.1
804 4 0 1024 0 0 0.0
804 2 4 1024 4 4 0.4
805 5 0 1024 0 0 0.0
805 4 1 1024 1 1 0.1
806 3 0 1024 0 0 0.0
807 4 0 1024 0 0 0.0
807 2 3 1024 3 3 0.3
808 3 0 1024 0 0 0.0
809 5 0 1024 0 0 0.0
809 2 3 1024 3 3 0.3
810 3 0 1024 0 0 0.0
810 2 4 1024 4 4 0.4
811 4 0 1024 0 0 0.0
812 1 6 1024 6 6 0.6
812 4 0 1024 0 0 0.0
813 2 0 1024 0 0 0.0
814 4 0 1024 0 0 0.0
814 3 2 1024 2 2 0.2
815 5 0 1024 0 0 0.0
815 3 1 1024 1 1 0.1
816 3 0 1024 0 0 0.0
817 2 0 1024 0 0 0.0
818 4 0 1024 0 0 0.0
818 3 1 1024 1 1 0.1
819 4 0 1024 0 0 0.0
820 4 0 1024 0 0 0.0
821 3 0 1024 0 0 0.0
822 3 1 1024 1 1 0.1
822 6 0 1024 0 0 0.0
823 5 0 1024 0 0 0.0
823 2 1 1024 1 1 0.1
824 2 0 1024 0 0 0.0
825 4 0 1024 0 0 0.0
825 3 1 1024 1 1 0.1
826 3 0 1024 0 0 0.0
827 3 1 1024 1 1 0.1
827 2 6 1024 6 6 0.6
827 4 0 1024 0 0 0.0
828 5 0 1024 0 0 0.0
828 4 1 1024 1 1 0.1
828 3 2 1024 2 2 0.2
829 3 4 1024 4 4 0.4
829 4 0 1024 0 0 0.0
829 1 5 1024 5 5 0.5
830 3 0 1024 0 0 0.0
830 2 1 1024 1 1 0.1
831 3 0 1024 0 0 0.0
831 2 3 1024 3 3 0.3
832 5 0 1024 0 0 0.0
832 2 1 1024 1 1 0.1
833 5 0 1024 0 0 0.0
834 2 2 1024 2 2 0.2
834 4 0 1024 0 0 0.0
835 2 0 1024 0 0 0.0
836 3 0 1024 0 0 0.0
837 4 0 1024 0 0 0.0
838 1 5 1024 5 5 0.5
838 2 4 1024 4 4 0.4
838 3 0 1024 0 0 0.0
839 3 0 1024 0 0 0.0
839 2 3 1024 3 3 0.3
840 4 0 1024 0 0 0.0
840 3 2 1024 2 2 0.2
841 3 2 1024 2 2 0.2
841 4 1 1024 1 1 0.1
841 6 0 1024 0 0 0.0
842 2 1 1024 1 1 0.1
842 3 0 1024 0 0 0.0
843 1 4 1024 4 4 0.4
843 3 0 1024 0 0 0.0
844 4 0 1024 0 0 0.0
844 3 1 1024 1 1 0.1
845 4 1 1024 1 1 0.1
845 5 0 1024 0 0 0.0
845 3 3 1024 3 3 0.3
846 2 2 1024 2 2 0.2
846 4 0 1024 0 0 0.0
846 3 1 1024 1 1 0.1
847 3 0 1024 0 0 0.0
848 4 1 1024 1 1 0.1
848 5 0 1024 0 0 0.0
848 2 5 1024 5 5 0.5
849 3 1 1024 1 1 0.1
849 4 0 1024 0 0 0.0
850 3 0 1024 0 0 0.0
850 2 3 1024 3 3 0.3
851 4 0 1024 0 0 0.0
852 1 4 1024 4 4 0.4
852 3 0 1024 0 0 0.0
853 2 3 1024 3 3 0.3
853 3 0 1024 0 0 0.0
854 5 0 1024 0 0 0.0
855 2 2 1024 2 2 0.2
855 3 0 1024 0 0 0.0
856 2 0 1024 0 0 0.0
857 5 0 1024 0 0 0.0
857 4 1 1024 1 1 0.1
858 3 0 1024 0 0 0.0
859 3 0 1024 0 0 0.0
860 1 6 1024 6 6 0.6
860 3 0 1024 0 0 0.0
861 3 0 1024 0 0 0.0
862 2 0 1024 0 0 0.0
863 3 0 1024 0 0 0.0
864 5 0 1024 0 0 0.0
864 3 1 1024 1 1 0.1
865 4 0 1024 0 0 0.0
865 2 5 1024 5 5 0.5
866 4 0 1024 0 0 0.0
866 3 1 1024 1 1 0.1
866 2 4 1024 4 4 0.4
867 3 0 1024 0 0 0.0
868 4 2 1024 2 2 0.2
868 5 0 1024 0 0 0.0
869 3 0 1024 0 0 0.0
870 5 0 1024 0 0 0.0
870 1 1 1024 1 1 0.1
871 3 0 1024 0 0 0.0
871 2 2 1024 2 2 0.2
872 3 1 1024 1 1 0.1
872 5 0 1024 0 0 0.0
873 3 0 1024 0 0 0.0
874 5 0 1024 0 0 0.0
874 3 1 1024 1 1 0.1
875 2 3 1024 3 3 0.3
875 3 0 1024 0 0 0.0
876 2 3 1024 3 3 0.3
876 3 1 1024 1 1 0.1
876 6 0 1024 0 0 0.0
877 3 3 1024 3 3 0.3
877 4 0 1024 0 0 0.0
878 2 0 1024 0 0 0.0
879 4 0 1024 0 0 0.0
880 3 0 1024 0 0 0.0
881 2 0 1024 0 0 0.0
881 1 2 1024 2 2 0.2
882 4 1 1024 1 1 0.1
882 5 0 1024 0 0 0.0
883 2 3 1024 3 3 0.3
883 3 0 1024 0 0 0.0
884 3 0 1024 0 0 0.0
885 2 2 1024 2 2 0.2
885 3 0 1024 0 0 0.0
886 5 0 1024 0 0 0.0
886 2 3 1024 3 3 0.3
887 4 0 1024 0 0 0.0
887 2 2 1024 2 2 0.2
888 5 0 1024 0 0 0.0
888 2 1 1024 1 1 0.1
889 4 1 1024 1 1 0.1
889 6 0 1024 0 0 0.0
889 3 2 1024 2 2 0.2
890 5 0 1024 0 0 0.0
890 4 1 1024 1 1 0.1
891 3 1 1024 1 1 0.1
891 4 0 1024 0 0 0.0
892 3 1 1024 1 1 0.1
892 5 0 1024 0 0 0.0
893 2 0 1024 0 0 0.0
894 3 1 1024 1 1 0.1
894 4 0 1024 0 0 0.0
895 5 0 1024 0 0 0.0
895 4 1 1024 1 1 0.1
896 3 0 1024 0 0 0.0
897 5 0 1024 0 0 0.0
897 2 1 1024 1 1 0.1
898 4 1 1024 1 1 0.1
898 6 0 1024 0 0 0.0
898 1 5 1024 5 5 0.5
899 2 0 1024 0 0 0.0
900 2 4 1024 4 4 0.4
900 3 1 1024 1 1 0.1
900 4 0 1024 0 0 0.0
901 4 0 1024 0 0 0.0
901 2 4 1024 4 4 0.4
901 3 1 1024 1 1 0.1
902 2 2 1024 2 2 0.2
902 4 0 1024 0 0 0.0
902 3 1 1024 1 1 0.1
903 2 2 1024 2 2 0.2
903 3 0 1024 0 0 0.0
903 1 4 1024 4 4 0.4
904 4 1 1024 1 1 0.1
904 5 0 1024 0 0 0.0
905 7 0 1024 0 0 0.0
905 2 2 1024 2 2 0.2
905 3 1 1024 1 1 0.1
906 2 1 1024 1 1 0.1
906 3 0 1024 0 0 0.0
907 2 2 1024 2 2 0.2
907 3 1 1024 1 1 0.1
907 4 0 1024 0 0 0.0
908 3 1 1024 1 1 0.1
908 4 0 1024 0 0 0.0
909 5 0 1024 0 0 0.0
909 2 2 1024 2 2 0.2
909 4 1 1024 1 1 0.1
910 5 0 1024 0 0 0.0
910 2 5 1024 5 5 0.5
911 2 2 1024 2 2 0.2
911 1 5 1024 5 5 0.5
911 5 0 1024 0 0 0.0
912 4 1 1024 1 1 0.1
912 5 0 1024 0 0 0.0
912 3 2 1024 2 2 0.2
913 3 0 1024 0 0 0.0
914 5 0 1024 0 0 0.0
914 4 1 1024 1 1 0.1
914 3 3 1024 3 3 0.3
914 1 7 1024 7 7 0.7
915 4 0 1024 0 0 0.0
915 3 2 1024 2 2 0.2
916 5 0 1024 0 0 0.0
916 2 2 1024 2 2 0.2
916 4 1 1024 1 1 0.1
917 3 0 1024 0 0 0.0
917 2 2 1024 2 2 0.2
918 3 0 1024 0 0 0.0
919 4 0 1024 0 0 0.0
920 4 0 1024 0 0 0.0
921 4 1 1024 1 1 0.1
921 1 4 1024 4 4 0.4
921 5 0 1024 0 0 0.0
922 5 0 1024 0 0 0.0
922 3 2 1024 2 2 0.2
923 4 0 1024 0 0 0.0
924 3 0 1024 0 0 0.0
925 4 0 1024 0 0 0.0
926 4 0 1024 0 0 0.0
926 3 1 1024 1 1 0.1
927 4 0 1024 0 0 0.0
928 3 2 1024 2 2 0.2
928 4 0 1024 0 0 0.0
929 5 0 1024 0 0 0.0
929 1 1 1024 1 1 0.1
930 2 1 1024 1 1 0.1
930 3 0 1024 0 0 0.0
931 3 0 1024 0 0 0.0
932 3 1 1024 1 1 0.1
932 5 0 1024 0 0 0.0
933 2 0 1024 0 0 0.0
934 4 0 1024 0 0 0.0
935 4 0 1024 0 0 0.0
935 2 4 1024 4 4 0.4
936 4 0 1024 0 0 0.0
937 4 1 1024 1 1 0.1
937 5 0 1024 0 0 0.0
938 2 0 1024 0 0 0.0
939 5 0 1024 0 0 0.0
939 3 1 1024 1 1 0.1
940 3 2 1024 2 2 0.2
940 1 3 1024 3 3 0.3
940 4 0 1024 0 0 0.0
941 4 0 1024 0 0 0.0
941 3 3 1024 3 3 0.3
942 2 1 1024 1 1 0.1
942 3 0 1024 0 0 0.0
943 4 0 1024 0 0 0.0
943 2 1 1024 1 1 0.1
944 2 0 1024 0 0 0.0
945 5 0 1024 0 0 0.0
945 2 5 1024 5 5 0.5
945 3 1 1024 1 1 0.1
946 4 0 1024 0 0 0.0
947 3 0 1024 0 0 0.0
948 2 0 1024 0 0 0.0
949 5 0 1024 0 0 0.0
949 2 3 1024 3 3 0.3
949 3 1 1024 1 1 0.1
950 4 0 1024 0 0 0.0
951 3 0 1024 0 0 0.0
952 1 4 1024 4 4 0.4
952 5 0 1024 0 0 0.0
953 4 0 1024 0 0 0.0
954 2 0 1024 0 0 0.0
955 4 0 1024 0 0 0.0
955 2 1 1024 1 1 0.1
956 4 0 1024 0 0 0.0
957 4 0 1024 0 0 0.0
957 1 5 1024 5 5 0.5
958 1 2 1024 2 2 0.2
958 4 0 1024 0 0 0.0
959 4 0 1024 0 0 0.0
959 3 2 1024 2 2 0.2
960 3 0 1024 0 0 0.0
961 3 0 1024 0 0 0.0
962 5 0 1024 0 0 0.0
962 3 3 1024 3 3 0.3
962 0 10 1024 10 10 1.0
963 4 0 1024 0 0 0.0
963 3 1 1024 1 1 0.1
964 6 0 1024 0 0 0.0
964 4 1 1024 1 1 0.1
965 3 0 1024 0 0 0.0
966 3 0 1024 0 0 0.0
967 4 0 1024 0 0 0.0
967 3 6 1024 6 6 0.6
968 3 0 1024 0 0 0.0
969 3 0 1024 0 0 0.0
970 3 0 1024 0 0 0.0
971 4 0 1024 0 0 0.0
972 3 0 1024 0 0 0.0
973 3 2 1024 2 2 0.2
973 4 0 1024 0 0 0.0
974 4 0 1024 0 0 0.0
975 3 1 1024 1 1 0.1
975 5 0 1024 0 0 0.0
976 3 0 1024 0 0 0.0
977 4 0 1024 0 0 0.0
977 3 3 1024 3 3 0.3
978 5 0 1024 0 0 0.0
978 2 6 1024 6 6 0.6
978 3 1 1024 1 1 0.1
979 2 3 1024 3 3 0.3
979 4 0 1024 0 0 0.0
980 2 2 1024 2 2 0.2
980 3 0 1024 0 0 0.0
981 4 0 1024 0 0 0.0
981 3 1 1024 1 1 0.1
982 3 0 1024 0 0 0.0
983 3 0 1024 0 0 0.0
984 4 0 1024 0 0 0.0
984 2 1 1024 1 1 0.1
985 3 2 1024 2 2 0.2
985 4 0 1024 0 0 0.0
986 3 0 1024 0 0 0.0
986 2 5 1024 5 5 0.5
987 3 0 1024 0 0 0.0
988 3 0 1024 0 0 0.0
989 3 0 1024 0 0 0.0
990 5 0 1024 0 0 0.0
990 4 1 1024 1 1 0.1
991 5 0 1024 0 0 0.0
991 2 1 1024 1 1 0.1
992 1 1 1024 1 1 0.1
992 3 0 1024 0 0 0.0
993 2 0 1024 0 0 0.0
994 3 0 1024 0 0 0.0
994 2 3 1024 3 3 0.3
995 3 1 1024 1 1 0.1
995 2 2 1024 2 2 0.2
995 4 0 1024 0 0 0.0
996 1 1 1024 1 1 0.1
996 4 0 1024 0 0 0.0
997 4 0 1024 0 0 0.0
998 4 0 1024 0 0 0.0
998 3 1 1024 1 1 0.1
999 4 0 1024 0 0 0.0
1000 4 1 1024 1 1 0.1
1000 3 3 1024 3 3 0.3
1000 5 0 1024 0 0 0.0
