gen testSuiteSize notKilledMutants number_of_tests no_discount_objective no_equiv_mut_not_killed no_equiv_mut_not_killed_perc
1 3 10 3 10 9 1.0
2 3 10 53 10 9 1.0
3 3 10 54 10 9 1.0
4 2 10 60 10 9 1.0
5 2 10 63 10 9 1.0
6 2 10 66 10 9 1.0
7 2 10 71 10 9 1.0
8 2 10 73 10 9 1.0
9 2 10 73 10 9 1.0
10 2 10 75 10 9 1.0
11 2 10 79 10 9 1.0
12 2 10 82 10 9 1.0
13 2 10 86 10 9 1.0
14 2 10 88 10 9 1.0
15 2 10 90 10 9 1.0
16 2 10 91 10 9 1.0
17 2 10 94 10 9 1.0
18 2 10 95 10 9 1.0
19 2 10 98 10 9 1.0
20 2 10 100 10 9 1.0
21 2 10 100 10 9 1.0
22 2 10 100 10 9 1.0
22 3 1 101 1 0 0.0
23 2 10 101 10 9 1.0
24 2 10 103 10 9 1.0
25 2 10 105 10 9 1.0
26 2 10 107 10 9 1.0
27 2 10 107 10 9 1.0
28 2 10 112 10 9 1.0
29 2 10 115 10 9 1.0
30 2 10 118 10 9 1.0
31 2 10 120 10 9 1.0
31 3 9 121 9 8 0.8888888888888888
32 2 10 124 10 9 1.0
33 2 10 127 10 9 1.0
34 2 10 128 10 9 1.0
35 2 10 128 10 9 1.0
36 2 10 131 10 9 1.0
37 2 10 135 10 9 1.0
38 2 10 138 10 9 1.0
39 2 10 138 10 9 1.0
40 2 10 141 10 9 1.0
41 2 10 144 10 9 1.0
42 2 10 146 10 9 1.0
43 2 9 150 9 8 0.8888888888888888
44 3 1 151 1 0 0.0
45 3 1 151 1 0 0.0
46 3 1 152 1 0 0.0
46 2 10 153 10 9 1.0
47 3 1 157 1 0 0.0
48 3 1 157 1 0 0.0
49 3 1 159 1 0 0.0
50 3 1 164 1 0 0.0
50 2 10 164 10 9 1.0
51 3 1 167 1 0 0.0
52 3 1 167 1 0 0.0
53 3 1 171 1 0 0.0
54 2 10 174 10 9 1.0
54 3 1 174 1 0 0.0
55 3 1 178 1 0 0.0
56 3 1 179 1 0 0.0
57 3 1 179 1 0 0.0
58 3 1 180 1 0 0.0
59 3 1 183 1 0 0.0
60 3 1 184 1 0 0.0
61 3 1 186 1 0 0.0
62 3 1 189 1 0 0.0
62 2 10 189 10 9 1.0
63 3 1 189 1 0 0.0
63 2 10 191 10 9 1.0
64 3 1 191 1 0 0.0
65 3 1 193 1 0 0.0
66 3 1 196 1 0 0.0
67 3 1 197 1 0 0.0
68 3 1 201 1 0 0.0
69 3 1 203 1 0 0.0
69 2 10 203 10 9 1.0
70 3 1 203 1 0 0.0
70 1 10 204 10 9 1.0
71 3 1 206 1 0 0.0
72 3 1 207 1 0 0.0
72 2 10 207 10 9 1.0
73 3 1 209 1 0 0.0
74 3 1 211 1 0 0.0
74 2 10 212 10 9 1.0
75 3 1 214 1 0 0.0
75 2 10 215 10 9 1.0
76 3 1 215 1 0 0.0
76 2 10 216 10 9 1.0
77 3 1 217 1 0 0.0
78 3 1 223 1 0 0.0
79 3 1 224 1 0 0.0
79 2 10 226 10 9 1.0
80 3 1 229 1 0 0.0
81 3 1 232 1 0 0.0
81 2 10 232 10 9 1.0
82 3 1 232 1 0 0.0
83 3 1 232 1 0 0.0
83 2 10 232 10 9 1.0
84 2 10 232 10 9 1.0
84 3 1 232 1 0 0.0
85 3 1 234 1 0 0.0
85 2 10 234 10 9 1.0
86 2 10 236 10 9 1.0
86 3 1 236 1 0 0.0
87 3 1 239 1 0 0.0
88 3 1 241 1 0 0.0
88 2 10 241 10 9 1.0
89 3 1 241 1 0 0.0
90 2 10 244 10 9 1.0
90 3 1 245 1 0 0.0
91 3 1 245 1 0 0.0
91 2 10 246 10 9 1.0
92 3 1 247 1 0 0.0
93 3 1 250 1 0 0.0
93 2 10 250 10 9 1.0
94 2 10 252 10 9 1.0
94 3 1 252 1 0 0.0
95 3 1 254 1 0 0.0
96 3 1 256 1 0 0.0
96 2 10 256 10 9 1.0
97 3 1 256 1 0 0.0
98 3 1 259 1 0 0.0
99 3 1 259 1 0 0.0
100 3 1 260 1 0 0.0
100 2 10 260 10 9 1.0
101 3 1 262 1 0 0.0
101 2 10 262 10 9 1.0
102 3 1 262 1 0 0.0
102 2 10 262 10 9 1.0
103 3 1 265 1 0 0.0
104 3 1 268 1 0 0.0
105 3 1 271 1 0 0.0
106 3 1 272 1 0 0.0
106 2 10 273 10 9 1.0
107 3 1 275 1 0 0.0
108 3 1 275 1 0 0.0
109 3 1 276 1 0 0.0
109 2 10 276 10 9 1.0
110 3 1 276 1 0 0.0
111 3 1 277 1 0 0.0
112 3 1 278 1 0 0.0
113 3 1 284 1 0 0.0
113 2 10 284 10 9 1.0
114 3 1 284 1 0 0.0
114 2 10 284 10 9 1.0
115 3 1 284 1 0 0.0
115 2 10 285 10 9 1.0
116 3 1 286 1 0 0.0
117 3 1 290 1 0 0.0
117 2 10 294 10 9 1.0
118 3 1 294 1 0 0.0
119 3 1 294 1 0 0.0
119 2 10 294 10 9 1.0
120 3 1 295 1 0 0.0
121 3 1 297 1 0 0.0
122 3 1 298 1 0 0.0
123 3 1 300 1 0 0.0
124 3 1 301 1 0 0.0
125 3 1 302 1 0 0.0
126 2 10 303 10 9 1.0
126 3 1 303 1 0 0.0
127 3 1 303 1 0 0.0
127 2 10 303 10 9 1.0
128 3 1 306 1 0 0.0
129 3 1 307 1 0 0.0
129 2 10 307 10 9 1.0
130 3 1 307 1 0 0.0
131 3 1 308 1 0 0.0
131 2 10 309 10 9 1.0
132 3 1 309 1 0 0.0
132 2 10 309 10 9 1.0
133 3 1 312 1 0 0.0
134 3 1 315 1 0 0.0
135 3 1 316 1 0 0.0
136 3 1 318 1 0 0.0
137 3 1 320 1 0 0.0
138 3 1 322 1 0 0.0
139 3 1 324 1 0 0.0
140 3 1 328 1 0 0.0
141 3 1 329 1 0 0.0
142 3 1 329 1 0 0.0
143 3 1 330 1 0 0.0
144 3 1 332 1 0 0.0
144 2 10 333 10 9 1.0
145 3 1 333 1 0 0.0
146 3 1 334 1 0 0.0
146 2 10 334 10 9 1.0
147 3 1 335 1 0 0.0
148 3 1 338 1 0 0.0
148 2 10 338 10 9 1.0
149 3 1 338 1 0 0.0
150 3 1 340 1 0 0.0
151 3 1 341 1 0 0.0
151 2 10 342 10 9 1.0
152 3 1 343 1 0 0.0
152 2 10 343 10 9 1.0
153 3 1 343 1 0 0.0
154 3 1 345 1 0 0.0
154 2 10 346 10 9 1.0
155 3 1 347 1 0 0.0
156 3 1 347 1 0 0.0
157 3 1 349 1 0 0.0
158 3 1 352 1 0 0.0
158 2 10 354 10 9 1.0
159 3 1 354 1 0 0.0
159 2 10 354 10 9 1.0
160 3 1 354 1 0 0.0
160 2 10 354 10 9 1.0
161 3 1 357 1 0 0.0
162 3 1 358 1 0 0.0
163 3 1 360 1 0 0.0
164 3 1 364 1 0 0.0
164 2 10 364 10 9 1.0
165 3 1 365 1 0 0.0
166 3 1 366 1 0 0.0
166 2 10 367 10 9 1.0
167 3 1 367 1 0 0.0
167 2 10 368 10 9 1.0
168 3 1 371 1 0 0.0
168 2 10 371 10 9 1.0
169 3 1 371 1 0 0.0
170 3 1 374 1 0 0.0
171 3 1 374 1 0 0.0
172 3 1 374 1 0 0.0
172 2 10 374 10 9 1.0
173 3 1 375 1 0 0.0
174 3 1 376 1 0 0.0
175 3 1 376 1 0 0.0
176 3 1 378 1 0 0.0
177 3 1 380 1 0 0.0
177 2 10 380 10 9 1.0
178 3 1 382 1 0 0.0
179 3 1 383 1 0 0.0
179 2 10 384 10 9 1.0
180 3 1 384 1 0 0.0
180 2 10 386 10 9 1.0
181 3 1 386 1 0 0.0
181 2 10 386 10 9 1.0
182 2 10 388 10 9 1.0
182 3 1 389 1 0 0.0
183 3 1 389 1 0 0.0
184 3 1 390 1 0 0.0
185 3 1 390 1 0 0.0
185 2 10 390 10 9 1.0
186 3 1 392 1 0 0.0
187 3 1 392 1 0 0.0
187 2 10 392 10 9 1.0
188 3 1 392 1 0 0.0
188 2 10 392 10 9 1.0
189 3 1 392 1 0 0.0
189 2 10 392 10 9 1.0
190 2 10 392 10 9 1.0
190 3 1 392 1 0 0.0
191 3 1 392 1 0 0.0
192 3 1 393 1 0 0.0
193 3 1 396 1 0 0.0
194 3 1 396 1 0 0.0
195 2 10 396 10 9 1.0
195 3 1 396 1 0 0.0
196 3 1 397 1 0 0.0
197 3 1 398 1 0 0.0
198 3 1 399 1 0 0.0
199 3 1 400 1 0 0.0
200 2 10 401 10 9 1.0
200 3 1 401 1 0 0.0
201 3 1 403 1 0 0.0
201 2 10 404 10 9 1.0
202 3 1 404 1 0 0.0
203 3 1 405 1 0 0.0
204 3 1 406 1 0 0.0
205 3 1 408 1 0 0.0
206 3 1 410 1 0 0.0
206 2 10 410 10 9 1.0
207 3 1 411 1 0 0.0
208 3 1 413 1 0 0.0
208 2 10 413 10 9 1.0
209 3 1 413 1 0 0.0
210 3 1 416 1 0 0.0
211 3 1 420 1 0 0.0
211 2 10 420 10 9 1.0
212 3 1 421 1 0 0.0
212 2 10 423 10 9 1.0
213 3 1 423 1 0 0.0
213 2 10 424 10 9 1.0
214 2 10 426 10 9 1.0
214 3 1 426 1 0 0.0
215 3 1 430 1 0 0.0
216 2 10 431 10 9 1.0
216 3 1 431 1 0 0.0
217 3 1 432 1 0 0.0
218 3 1 435 1 0 0.0
219 3 1 437 1 0 0.0
220 2 10 437 10 9 1.0
220 3 1 437 1 0 0.0
221 3 1 438 1 0 0.0
222 3 1 439 1 0 0.0
223 3 1 439 1 0 0.0
224 3 1 441 1 0 0.0
225 3 1 443 1 0 0.0
226 3 1 443 1 0 0.0
227 3 1 444 1 0 0.0
227 2 10 444 10 9 1.0
228 3 1 445 1 0 0.0
229 3 1 445 1 0 0.0
230 3 1 447 1 0 0.0
230 2 10 448 10 9 1.0
231 3 1 448 1 0 0.0
231 2 10 448 10 9 1.0
232 3 1 448 1 0 0.0
233 3 1 449 1 0 0.0
234 3 1 451 1 0 0.0
234 2 10 452 10 9 1.0
235 3 1 452 1 0 0.0
235 2 10 452 10 9 1.0
236 3 1 452 1 0 0.0
237 3 1 453 1 0 0.0
237 2 10 453 10 9 1.0
238 3 1 455 1 0 0.0
238 2 10 455 10 9 1.0
239 3 1 455 1 0 0.0
240 3 1 456 1 0 0.0
241 3 1 458 1 0 0.0
242 3 1 461 1 0 0.0
243 3 1 462 1 0 0.0
244 3 1 462 1 0 0.0
245 3 1 462 1 0 0.0
245 2 10 462 10 9 1.0
246 3 1 462 1 0 0.0
247 3 1 464 1 0 0.0
248 3 1 466 1 0 0.0
248 2 10 467 10 9 1.0
249 3 1 467 1 0 0.0
250 3 1 467 1 0 0.0
251 3 1 467 1 0 0.0
252 3 1 469 1 0 0.0
253 3 1 470 1 0 0.0
253 2 10 471 10 9 1.0
254 3 1 472 1 0 0.0
255 3 1 474 1 0 0.0
256 3 1 475 1 0 0.0
257 3 1 475 1 0 0.0
258 3 1 475 1 0 0.0
259 3 1 476 1 0 0.0
259 2 10 476 10 9 1.0
260 3 1 477 1 0 0.0
261 3 1 477 1 0 0.0
261 2 10 477 10 9 1.0
262 3 1 478 1 0 0.0
262 2 10 479 10 9 1.0
263 3 1 481 1 0 0.0
263 2 10 481 10 9 1.0
264 2 10 481 10 9 1.0
264 3 1 481 1 0 0.0
265 3 1 482 1 0 0.0
266 3 1 483 1 0 0.0
266 2 10 483 10 9 1.0
267 3 1 483 1 0 0.0
267 2 10 483 10 9 1.0
268 3 1 483 1 0 0.0
268 2 10 483 10 9 1.0
269 3 1 484 1 0 0.0
270 3 1 486 1 0 0.0
270 2 10 487 10 9 1.0
271 3 1 487 1 0 0.0
272 3 1 489 1 0 0.0
273 3 1 489 1 0 0.0
273 2 10 489 10 9 1.0
274 3 1 489 1 0 0.0
275 3 1 492 1 0 0.0
276 3 1 493 1 0 0.0
277 3 1 497 1 0 0.0
278 3 1 497 1 0 0.0
278 2 10 497 10 9 1.0
279 3 1 498 1 0 0.0
279 2 10 498 10 9 1.0
280 3 1 498 1 0 0.0
281 3 1 499 1 0 0.0
281 2 10 499 10 9 1.0
282 3 1 500 1 0 0.0
282 2 10 500 10 9 1.0
283 3 1 500 1 0 0.0
284 3 1 502 1 0 0.0
284 2 10 503 10 9 1.0
285 3 1 503 1 0 0.0
285 2 10 504 10 9 1.0
286 3 1 505 1 0 0.0
286 2 10 505 10 9 1.0
287 3 1 505 1 0 0.0
288 3 1 506 1 0 0.0
288 2 10 507 10 9 1.0
289 3 1 507 1 0 0.0
290 3 1 507 1 0 0.0
291 3 1 508 1 0 0.0
291 2 10 508 10 9 1.0
292 3 1 508 1 0 0.0
292 2 10 509 10 9 1.0
293 3 1 509 1 0 0.0
294 3 1 509 1 0 0.0
295 3 1 510 1 0 0.0
295 2 10 510 10 9 1.0
296 3 1 510 1 0 0.0
296 2 10 511 10 9 1.0
297 2 10 512 10 9 1.0
297 3 1 512 1 0 0.0
298 3 1 512 1 0 0.0
299 3 1 513 1 0 0.0
300 3 1 513 1 0 0.0
301 3 1 517 1 0 0.0
301 2 10 517 10 9 1.0
302 3 1 518 1 0 0.0
303 2 10 519 10 9 1.0
303 3 1 519 1 0 0.0
304 3 1 520 1 0 0.0
305 3 1 520 1 0 0.0
305 2 10 521 10 9 1.0
306 3 1 521 1 0 0.0
306 2 10 521 10 9 1.0
307 3 1 522 1 0 0.0
307 2 10 522 10 9 1.0
308 3 1 522 1 0 0.0
309 3 1 522 1 0 0.0
309 2 10 522 10 9 1.0
310 2 10 522 10 9 1.0
310 3 1 522 1 0 0.0
311 3 1 523 1 0 0.0
312 3 1 524 1 0 0.0
312 2 10 525 10 9 1.0
313 3 1 525 1 0 0.0
314 3 1 525 1 0 0.0
315 3 1 526 1 0 0.0
315 2 10 526 10 9 1.0
316 3 1 527 1 0 0.0
316 2 10 527 10 9 1.0
317 3 1 527 1 0 0.0
318 3 1 528 1 0 0.0
319 3 1 528 1 0 0.0
320 3 1 528 1 0 0.0
321 3 1 529 1 0 0.0
322 3 1 530 1 0 0.0
322 2 10 530 10 9 1.0
323 3 1 531 1 0 0.0
324 3 1 532 1 0 0.0
324 2 10 532 10 9 1.0
325 3 1 532 1 0 0.0
325 2 10 533 10 9 1.0
326 3 1 533 1 0 0.0
327 3 1 534 1 0 0.0
328 3 1 534 1 0 0.0
329 3 1 534 1 0 0.0
329 2 10 534 10 9 1.0
330 3 1 536 1 0 0.0
331 3 1 540 1 0 0.0
332 3 1 541 1 0 0.0
333 2 10 542 10 9 1.0
333 3 1 542 1 0 0.0
334 3 1 542 1 0 0.0
334 2 10 543 10 9 1.0
335 2 1 545 1 0 0.0
336 1 10 545 10 9 1.0
337 1 10 545 10 9 1.0
337 2 6 545 6 5 0.5555555555555556
338 1 10 545 10 9 1.0
339 1 10 545 10 9 1.0
340 1 10 547 10 9 1.0
341 1 10 547 10 9 1.0
342 1 10 548 10 9 1.0
343 1 10 549 10 9 1.0
343 2 8 549 8 7 0.7777777777777778
344 1 10 549 10 9 1.0
345 1 10 549 10 9 1.0
346 1 9 550 9 8 0.8888888888888888
347 2 1 550 1 0 0.0
348 2 1 552 1 0 0.0
349 2 1 552 1 0 0.0
349 1 10 552 10 9 1.0
350 2 1 552 1 0 0.0
350 1 10 552 10 9 1.0
351 2 1 552 1 0 0.0
351 1 10 552 10 9 1.0
352 2 1 552 1 0 0.0
353 2 1 553 1 0 0.0
354 2 1 553 1 0 0.0
355 2 1 554 1 0 0.0
356 2 1 555 1 0 0.0
357 2 1 555 1 0 0.0
358 2 1 556 1 0 0.0
358 1 10 556 10 9 1.0
359 2 1 556 1 0 0.0
359 1 10 556 10 9 1.0
360 2 1 556 1 0 0.0
360 1 10 556 10 9 1.0
361 2 1 556 1 0 0.0
361 1 10 556 10 9 1.0
362 1 10 557 10 9 1.0
362 2 1 557 1 0 0.0
363 2 1 557 1 0 0.0
364 2 1 558 1 0 0.0
365 2 1 560 1 0 0.0
365 1 10 560 10 9 1.0
366 2 1 560 1 0 0.0
367 2 1 560 1 0 0.0
367 1 10 560 10 9 1.0
368 2 1 560 1 0 0.0
369 2 1 560 1 0 0.0
369 1 10 561 10 9 1.0
370 2 1 562 1 0 0.0
371 2 1 563 1 0 0.0
371 1 10 563 10 9 1.0
372 1 10 566 10 9 1.0
372 2 1 566 1 0 0.0
373 2 1 567 1 0 0.0
374 2 1 567 1 0 0.0
375 2 1 568 1 0 0.0
375 1 10 568 10 9 1.0
376 2 1 570 1 0 0.0
377 2 1 572 1 0 0.0
378 2 1 573 1 0 0.0
378 1 10 575 10 9 1.0
379 2 1 575 1 0 0.0
379 1 10 575 10 9 1.0
380 2 1 575 1 0 0.0
381 2 1 575 1 0 0.0
382 2 1 575 1 0 0.0
382 1 10 575 10 9 1.0
383 2 1 576 1 0 0.0
384 2 1 577 1 0 0.0
384 1 10 577 10 9 1.0
385 2 1 578 1 0 0.0
386 2 1 578 1 0 0.0
387 2 1 579 1 0 0.0
388 2 1 580 1 0 0.0
388 1 10 580 10 9 1.0
389 2 1 580 1 0 0.0
389 1 10 581 10 9 1.0
390 2 1 581 1 0 0.0
390 1 10 581 10 9 1.0
391 2 1 581 1 0 0.0
392 2 1 582 1 0 0.0
393 2 1 582 1 0 0.0
394 2 1 582 1 0 0.0
394 1 10 582 10 9 1.0
395 2 1 582 1 0 0.0
396 2 1 582 1 0 0.0
397 2 1 582 1 0 0.0
398 2 1 582 1 0 0.0
398 1 10 582 10 9 1.0
399 2 1 582 1 0 0.0
400 2 1 583 1 0 0.0
401 2 1 585 1 0 0.0
401 1 10 586 10 9 1.0
402 2 1 586 1 0 0.0
403 2 1 586 1 0 0.0
404 2 1 587 1 0 0.0
405 2 1 587 1 0 0.0
406 2 1 588 1 0 0.0
406 1 10 588 10 9 1.0
407 2 1 588 1 0 0.0
407 1 10 588 10 9 1.0
408 2 1 588 1 0 0.0
408 1 10 588 10 9 1.0
409 2 1 590 1 0 0.0
410 2 1 590 1 0 0.0
411 2 1 592 1 0 0.0
412 2 1 592 1 0 0.0
413 1 10 592 10 9 1.0
413 2 1 592 1 0 0.0
414 2 1 593 1 0 0.0
415 2 1 597 1 0 0.0
416 2 1 598 1 0 0.0
416 1 10 598 10 9 1.0
417 2 1 598 1 0 0.0
417 1 10 598 10 9 1.0
418 2 1 598 1 0 0.0
419 2 1 598 1 0 0.0
419 1 10 599 10 9 1.0
420 2 1 600 1 0 0.0
421 2 1 600 1 0 0.0
421 1 10 600 10 9 1.0
422 2 1 600 1 0 0.0
423 2 1 600 1 0 0.0
424 2 1 603 1 0 0.0
424 1 10 603 10 9 1.0
425 2 1 604 1 0 0.0
426 2 1 604 1 0 0.0
427 2 1 606 1 0 0.0
428 2 1 606 1 0 0.0
429 2 1 608 1 0 0.0
430 2 1 608 1 0 0.0
430 1 10 610 10 9 1.0
431 2 1 610 1 0 0.0
432 2 1 611 1 0 0.0
433 2 1 612 1 0 0.0
434 2 1 612 1 0 0.0
434 1 10 612 10 9 1.0
435 2 1 612 1 0 0.0
436 2 1 612 1 0 0.0
436 1 10 612 10 9 1.0
437 2 1 614 1 0 0.0
438 2 1 614 1 0 0.0
439 1 10 614 10 9 1.0
439 2 1 614 1 0 0.0
440 2 1 614 1 0 0.0
441 2 1 615 1 0 0.0
442 2 1 618 1 0 0.0
443 2 1 619 1 0 0.0
444 2 1 621 1 0 0.0
445 2 1 621 1 0 0.0
446 2 1 621 1 0 0.0
446 1 10 621 10 9 1.0
447 2 1 621 1 0 0.0
447 1 10 621 10 9 1.0
448 2 1 621 1 0 0.0
448 1 10 621 10 9 1.0
449 2 1 622 1 0 0.0
450 2 1 623 1 0 0.0
451 2 1 623 1 0 0.0
451 1 10 624 10 9 1.0
452 1 10 625 10 9 1.0
452 2 1 625 1 0 0.0
453 2 1 626 1 0 0.0
453 1 10 626 10 9 1.0
454 2 1 626 1 0 0.0
455 2 1 626 1 0 0.0
455 1 10 627 10 9 1.0
456 2 1 627 1 0 0.0
457 2 1 627 1 0 0.0
458 2 1 627 1 0 0.0
458 1 10 627 10 9 1.0
459 2 1 627 1 0 0.0
460 2 1 627 1 0 0.0
461 2 1 627 1 0 0.0
462 2 1 627 1 0 0.0
463 2 1 627 1 0 0.0
464 2 1 628 1 0 0.0
465 2 1 629 1 0 0.0
465 1 10 629 10 9 1.0
466 2 1 629 1 0 0.0
467 2 1 629 1 0 0.0
468 2 1 629 1 0 0.0
469 2 1 631 1 0 0.0
470 2 1 632 1 0 0.0
471 2 1 633 1 0 0.0
471 1 10 634 10 9 1.0
472 2 1 636 1 0 0.0
472 1 10 636 10 9 1.0
473 2 1 637 1 0 0.0
473 1 10 638 10 9 1.0
474 2 1 638 1 0 0.0
474 1 10 638 10 9 1.0
475 2 1 639 1 0 0.0
476 2 1 639 1 0 0.0
477 2 1 639 1 0 0.0
478 2 1 640 1 0 0.0
478 1 10 640 10 9 1.0
479 2 1 641 1 0 0.0
480 2 1 642 1 0 0.0
480 1 10 642 10 9 1.0
481 2 1 642 1 0 0.0
481 1 10 642 10 9 1.0
482 2 1 642 1 0 0.0
483 2 1 643 1 0 0.0
483 1 10 644 10 9 1.0
484 2 1 644 1 0 0.0
485 2 1 644 1 0 0.0
486 2 1 645 1 0 0.0
487 2 1 645 1 0 0.0
488 1 10 646 10 9 1.0
488 2 1 646 1 0 0.0
489 2 1 646 1 0 0.0
490 2 1 646 1 0 0.0
490 1 10 646 10 9 1.0
491 2 1 646 1 0 0.0
492 2 1 646 1 0 0.0
492 1 10 646 10 9 1.0
493 2 1 646 1 0 0.0
494 2 1 647 1 0 0.0
495 2 1 647 1 0 0.0
495 1 10 647 10 9 1.0
496 2 1 648 1 0 0.0
497 2 1 650 1 0 0.0
497 1 10 650 10 9 1.0
498 2 1 652 1 0 0.0
498 1 10 652 10 9 1.0
499 2 1 652 1 0 0.0
500 2 1 652 1 0 0.0
500 1 10 652 10 9 1.0
501 2 1 652 1 0 0.0
502 2 1 652 1 0 0.0
502 1 10 653 10 9 1.0
503 2 1 653 1 0 0.0
504 1 10 653 10 9 1.0
504 2 1 654 1 0 0.0
505 2 1 654 1 0 0.0
505 1 10 654 10 9 1.0
506 2 1 654 1 0 0.0
507 2 1 655 1 0 0.0
507 1 10 655 10 9 1.0
508 2 1 655 1 0 0.0
508 1 10 655 10 9 1.0
509 2 1 655 1 0 0.0
510 2 1 656 1 0 0.0
511 2 1 656 1 0 0.0
512 2 1 656 1 0 0.0
513 2 1 657 1 0 0.0
514 2 1 658 1 0 0.0
514 1 10 658 10 9 1.0
515 2 1 658 1 0 0.0
516 2 1 661 1 0 0.0
516 1 10 662 10 9 1.0
517 2 1 662 1 0 0.0
517 1 10 662 10 9 1.0
518 2 1 662 1 0 0.0
519 2 1 662 1 0 0.0
520 2 1 662 1 0 0.0
521 2 1 663 1 0 0.0
521 1 10 663 10 9 1.0
522 2 1 663 1 0 0.0
523 2 1 663 1 0 0.0
523 1 10 663 10 9 1.0
524 2 1 663 1 0 0.0
524 1 10 665 10 9 1.0
525 2 1 665 1 0 0.0
525 1 10 666 10 9 1.0
526 2 1 666 1 0 0.0
526 1 10 666 10 9 1.0
527 2 1 666 1 0 0.0
528 2 1 666 1 0 0.0
528 1 10 666 10 9 1.0
529 2 1 666 1 0 0.0
530 2 1 666 1 0 0.0
531 1 10 667 10 9 1.0
531 2 1 667 1 0 0.0
532 2 1 668 1 0 0.0
532 1 10 668 10 9 1.0
533 2 1 668 1 0 0.0
533 1 10 668 10 9 1.0
534 2 1 670 1 0 0.0
534 1 10 671 10 9 1.0
535 2 1 671 1 0 0.0
536 2 1 671 1 0 0.0
537 2 1 672 1 0 0.0
538 2 1 672 1 0 0.0
538 1 10 672 10 9 1.0
539 2 1 672 1 0 0.0
540 2 1 673 1 0 0.0
540 1 10 673 10 9 1.0
541 2 1 673 1 0 0.0
542 2 1 674 1 0 0.0
543 2 1 674 1 0 0.0
544 2 1 674 1 0 0.0
544 1 10 674 10 9 1.0
545 1 10 676 10 9 1.0
545 2 1 676 1 0 0.0
546 2 1 677 1 0 0.0
547 2 1 678 1 0 0.0
547 1 10 678 10 9 1.0
548 2 1 679 1 0 0.0
549 2 1 679 1 0 0.0
549 1 10 679 10 9 1.0
550 2 1 680 1 0 0.0
551 2 1 680 1 0 0.0
551 1 10 680 10 9 1.0
552 2 1 680 1 0 0.0
553 2 1 680 1 0 0.0
553 1 10 681 10 9 1.0
554 2 1 681 1 0 0.0
554 1 10 682 10 9 1.0
555 2 1 682 1 0 0.0
555 1 10 682 10 9 1.0
556 2 1 682 1 0 0.0
556 1 10 682 10 9 1.0
557 2 1 682 1 0 0.0
558 2 1 682 1 0 0.0
558 1 10 682 10 9 1.0
559 2 1 682 1 0 0.0
559 1 10 682 10 9 1.0
560 2 1 682 1 0 0.0
561 2 1 682 1 0 0.0
562 2 1 684 1 0 0.0
562 1 10 684 10 9 1.0
563 2 1 684 1 0 0.0
563 1 10 684 10 9 1.0
564 2 1 684 1 0 0.0
565 2 1 685 1 0 0.0
566 2 1 685 1 0 0.0
566 1 10 685 10 9 1.0
567 2 1 685 1 0 0.0
568 2 1 686 1 0 0.0
569 2 1 687 1 0 0.0
570 2 1 688 1 0 0.0
570 1 10 688 10 9 1.0
571 2 1 688 1 0 0.0
571 1 10 688 10 9 1.0
572 2 1 688 1 0 0.0
573 2 1 688 1 0 0.0
573 1 10 688 10 9 1.0
574 2 1 689 1 0 0.0
575 2 1 690 1 0 0.0
576 2 1 690 1 0 0.0
576 1 10 690 10 9 1.0
577 2 1 691 1 0 0.0
577 1 10 691 10 9 1.0
578 2 1 692 1 0 0.0
578 1 10 692 10 9 1.0
579 2 1 692 1 0 0.0
580 2 1 692 1 0 0.0
581 2 1 692 1 0 0.0
582 2 1 692 1 0 0.0
583 2 1 693 1 0 0.0
584 2 1 693 1 0 0.0
584 1 10 694 10 9 1.0
585 2 1 694 1 0 0.0
585 1 10 696 10 9 1.0
586 1 10 697 10 9 1.0
586 2 1 697 1 0 0.0
587 2 1 698 1 0 0.0
588 2 1 698 1 0 0.0
589 2 1 698 1 0 0.0
589 1 10 698 10 9 1.0
590 2 1 698 1 0 0.0
590 1 10 698 10 9 1.0
591 2 1 699 1 0 0.0
591 1 10 699 10 9 1.0
592 2 1 699 1 0 0.0
593 2 1 699 1 0 0.0
594 2 1 699 1 0 0.0
594 1 10 699 10 9 1.0
595 2 1 700 1 0 0.0
595 1 10 700 10 9 1.0
596 2 1 701 1 0 0.0
597 2 1 701 1 0 0.0
597 1 10 701 10 9 1.0
598 2 1 703 1 0 0.0
598 1 10 704 10 9 1.0
599 2 1 704 1 0 0.0
599 1 10 704 10 9 1.0
600 2 1 704 1 0 0.0
600 1 10 704 10 9 1.0
601 2 1 705 1 0 0.0
601 1 10 705 10 9 1.0
602 2 1 706 1 0 0.0
602 1 10 706 10 9 1.0
603 2 1 706 1 0 0.0
604 2 1 709 1 0 0.0
604 1 10 709 10 9 1.0
605 2 1 709 1 0 0.0
606 2 1 709 1 0 0.0
606 1 10 709 10 9 1.0
607 2 1 709 1 0 0.0
608 1 10 709 10 9 1.0
608 2 1 709 1 0 0.0
609 2 1 710 1 0 0.0
609 1 10 710 10 9 1.0
610 1 10 710 10 9 1.0
610 2 1 710 1 0 0.0
611 2 1 710 1 0 0.0
611 1 10 710 10 9 1.0
612 2 1 710 1 0 0.0
613 2 1 711 1 0 0.0
613 1 10 712 10 9 1.0
614 2 1 712 1 0 0.0
615 2 1 713 1 0 0.0
616 2 1 714 1 0 0.0
616 1 10 714 10 9 1.0
617 2 1 715 1 0 0.0
617 1 10 715 10 9 1.0
618 2 1 716 1 0 0.0
619 2 1 716 1 0 0.0
620 2 1 716 1 0 0.0
621 2 1 716 1 0 0.0
622 2 1 717 1 0 0.0
623 2 1 718 1 0 0.0
624 2 1 718 1 0 0.0
625 2 1 718 1 0 0.0
625 1 10 719 10 9 1.0
626 2 1 719 1 0 0.0
626 1 10 719 10 9 1.0
627 2 1 719 1 0 0.0
628 2 1 719 1 0 0.0
629 2 1 719 1 0 0.0
630 2 1 719 1 0 0.0
631 2 1 719 1 0 0.0
632 2 1 719 1 0 0.0
632 1 10 719 10 9 1.0
633 2 1 720 1 0 0.0
634 2 1 720 1 0 0.0
635 2 1 721 1 0 0.0
636 2 1 721 1 0 0.0
637 2 1 721 1 0 0.0
638 2 1 721 1 0 0.0
639 1 10 721 10 9 1.0
639 2 1 721 1 0 0.0
640 2 1 721 1 0 0.0
641 2 1 722 1 0 0.0
642 2 1 722 1 0 0.0
643 2 1 722 1 0 0.0
643 1 10 722 10 9 1.0
644 2 1 722 1 0 0.0
645 2 1 723 1 0 0.0
646 2 1 723 1 0 0.0
647 2 1 723 1 0 0.0
647 1 10 723 10 9 1.0
648 2 1 723 1 0 0.0
649 2 1 723 1 0 0.0
650 2 1 723 1 0 0.0
651 2 1 726 1 0 0.0
651 1 10 726 10 9 1.0
652 2 1 726 1 0 0.0
653 2 1 726 1 0 0.0
654 2 1 726 1 0 0.0
654 1 10 726 10 9 1.0
655 2 1 726 1 0 0.0
656 2 1 728 1 0 0.0
657 2 1 728 1 0 0.0
658 2 1 728 1 0 0.0
659 2 1 729 1 0 0.0
659 1 10 729 10 9 1.0
660 2 1 729 1 0 0.0
661 2 1 730 1 0 0.0
661 1 10 730 10 9 1.0
662 2 1 730 1 0 0.0
663 2 1 730 1 0 0.0
664 2 1 731 1 0 0.0
665 2 1 731 1 0 0.0
666 2 1 731 1 0 0.0
667 2 1 731 1 0 0.0
667 1 10 731 10 9 1.0
668 2 1 732 1 0 0.0
668 1 10 732 10 9 1.0
669 2 1 732 1 0 0.0
670 2 1 732 1 0 0.0
670 1 10 733 10 9 1.0
671 2 1 733 1 0 0.0
672 2 1 734 1 0 0.0
673 2 1 734 1 0 0.0
674 1 10 735 10 9 1.0
674 2 1 735 1 0 0.0
675 2 1 736 1 0 0.0
676 2 1 736 1 0 0.0
677 2 1 736 1 0 0.0
677 1 10 736 10 9 1.0
678 1 10 736 10 9 1.0
678 2 1 736 1 0 0.0
679 2 1 736 1 0 0.0
680 2 1 736 1 0 0.0
681 2 1 736 1 0 0.0
682 2 1 736 1 0 0.0
683 2 1 736 1 0 0.0
683 1 10 736 10 9 1.0
684 2 1 736 1 0 0.0
685 2 1 736 1 0 0.0
686 2 1 737 1 0 0.0
687 2 1 737 1 0 0.0
688 2 1 737 1 0 0.0
689 2 1 738 1 0 0.0
689 1 10 738 10 9 1.0
690 2 1 738 1 0 0.0
691 1 10 739 10 9 1.0
691 2 1 739 1 0 0.0
692 1 10 739 10 9 1.0
692 2 1 739 1 0 0.0
693 1 10 739 10 9 1.0
693 2 1 739 1 0 0.0
694 2 1 739 1 0 0.0
694 1 10 739 10 9 1.0
695 2 1 739 1 0 0.0
696 2 1 740 1 0 0.0
697 2 1 740 1 0 0.0
697 1 10 740 10 9 1.0
698 2 1 740 1 0 0.0
699 2 1 740 1 0 0.0
700 2 1 740 1 0 0.0
701 2 1 740 1 0 0.0
702 2 1 740 1 0 0.0
702 1 10 740 10 9 1.0
703 2 1 740 1 0 0.0
704 2 1 740 1 0 0.0
704 1 10 740 10 9 1.0
705 2 1 740 1 0 0.0
706 2 1 740 1 0 0.0
706 1 10 740 10 9 1.0
707 2 1 740 1 0 0.0
708 2 1 740 1 0 0.0
708 1 10 740 10 9 1.0
709 2 1 740 1 0 0.0
710 2 1 741 1 0 0.0
711 1 10 742 10 9 1.0
711 2 1 742 1 0 0.0
712 2 1 742 1 0 0.0
712 1 10 742 10 9 1.0
713 2 1 743 1 0 0.0
713 1 10 743 10 9 1.0
714 2 1 743 1 0 0.0
715 2 1 743 1 0 0.0
716 2 1 743 1 0 0.0
717 2 1 743 1 0 0.0
717 1 10 744 10 9 1.0
718 2 1 744 1 0 0.0
719 2 1 745 1 0 0.0
720 1 10 745 10 9 1.0
720 2 1 745 1 0 0.0
721 2 1 745 1 0 0.0
722 2 1 745 1 0 0.0
722 1 10 745 10 9 1.0
723 2 1 745 1 0 0.0
724 2 1 745 1 0 0.0
725 2 1 745 1 0 0.0
726 2 1 745 1 0 0.0
727 2 1 745 1 0 0.0
728 2 1 746 1 0 0.0
728 1 10 746 10 9 1.0
729 2 1 746 1 0 0.0
729 1 10 746 10 9 1.0
730 2 1 746 1 0 0.0
730 1 10 746 10 9 1.0
731 2 1 746 1 0 0.0
731 1 10 746 10 9 1.0
732 2 1 747 1 0 0.0
733 2 1 747 1 0 0.0
733 1 10 747 10 9 1.0
734 2 1 747 1 0 0.0
735 2 1 747 1 0 0.0
736 2 1 747 1 0 0.0
737 2 1 747 1 0 0.0
738 2 1 747 1 0 0.0
738 1 10 747 10 9 1.0
739 2 1 748 1 0 0.0
740 2 1 749 1 0 0.0
741 2 1 749 1 0 0.0
742 2 1 749 1 0 0.0
743 2 1 750 1 0 0.0
744 2 1 750 1 0 0.0
745 2 1 752 1 0 0.0
746 2 1 752 1 0 0.0
747 2 1 753 1 0 0.0
748 2 1 754 1 0 0.0
749 2 1 754 1 0 0.0
750 2 1 755 1 0 0.0
751 2 1 755 1 0 0.0
752 2 1 755 1 0 0.0
753 2 1 755 1 0 0.0
753 1 10 755 10 9 1.0
754 2 1 756 1 0 0.0
754 1 10 756 10 9 1.0
755 2 1 756 1 0 0.0
756 2 1 756 1 0 0.0
756 1 10 756 10 9 1.0
757 2 1 757 1 0 0.0
758 2 1 757 1 0 0.0
758 1 10 757 10 9 1.0
759 2 1 757 1 0 0.0
760 2 1 758 1 0 0.0
760 1 10 758 10 9 1.0
761 2 1 758 1 0 0.0
762 2 1 759 1 0 0.0
763 2 1 759 1 0 0.0
764 2 1 759 1 0 0.0
765 1 10 759 10 9 1.0
765 2 1 759 1 0 0.0
766 2 1 759 1 0 0.0
767 2 1 760 1 0 0.0
768 2 1 760 1 0 0.0
768 1 10 760 10 9 1.0
769 2 1 760 1 0 0.0
770 2 1 761 1 0 0.0
771 2 1 761 1 0 0.0
772 2 1 763 1 0 0.0
772 1 10 763 10 9 1.0
773 2 1 763 1 0 0.0
774 2 1 765 1 0 0.0
775 2 1 765 1 0 0.0
775 1 10 765 10 9 1.0
776 2 1 765 1 0 0.0
776 1 10 765 10 9 1.0
777 2 1 765 1 0 0.0
778 2 1 765 1 0 0.0
778 1 10 765 10 9 1.0
779 2 1 765 1 0 0.0
780 2 1 765 1 0 0.0
781 2 1 765 1 0 0.0
782 2 1 766 1 0 0.0
782 1 10 766 10 9 1.0
783 2 1 766 1 0 0.0
784 2 1 766 1 0 0.0
784 1 10 766 10 9 1.0
785 2 1 766 1 0 0.0
785 1 10 766 10 9 1.0
786 1 10 766 10 9 1.0
786 2 1 766 1 0 0.0
787 2 1 766 1 0 0.0
787 1 10 766 10 9 1.0
788 2 1 766 1 0 0.0
788 1 10 766 10 9 1.0
789 2 1 766 1 0 0.0
790 2 1 766 1 0 0.0
791 2 1 767 1 0 0.0
792 2 1 767 1 0 0.0
793 2 1 767 1 0 0.0
794 2 1 768 1 0 0.0
795 2 1 768 1 0 0.0
796 2 1 768 1 0 0.0
796 1 10 768 10 9 1.0
797 2 1 768 1 0 0.0
797 1 10 768 10 9 1.0
798 2 1 768 1 0 0.0
799 1 10 770 10 9 1.0
799 2 1 770 1 0 0.0
800 2 1 770 1 0 0.0
801 2 1 770 1 0 0.0
802 2 1 771 1 0 0.0
802 1 10 771 10 9 1.0
803 2 1 771 1 0 0.0
804 1 10 772 10 9 1.0
804 2 1 772 1 0 0.0
805 2 1 772 1 0 0.0
805 1 10 772 10 9 1.0
806 2 1 772 1 0 0.0
807 2 1 772 1 0 0.0
808 2 1 772 1 0 0.0
809 2 1 772 1 0 0.0
810 2 1 773 1 0 0.0
811 2 1 773 1 0 0.0
811 1 10 773 10 9 1.0
812 2 1 773 1 0 0.0
813 2 1 773 1 0 0.0
814 2 1 773 1 0 0.0
815 2 1 773 1 0 0.0
816 1 10 774 10 9 1.0
816 2 1 775 1 0 0.0
817 2 1 775 1 0 0.0
817 1 10 775 10 9 1.0
818 2 1 775 1 0 0.0
819 2 1 775 1 0 0.0
819 1 10 775 10 9 1.0
820 2 1 775 1 0 0.0
820 1 10 775 10 9 1.0
821 2 1 775 1 0 0.0
822 2 1 775 1 0 0.0
822 1 10 775 10 9 1.0
823 2 1 775 1 0 0.0
824 2 1 775 1 0 0.0
824 1 10 775 10 9 1.0
825 2 1 775 1 0 0.0
825 1 10 776 10 9 1.0
826 1 10 776 10 9 1.0
826 2 1 776 1 0 0.0
827 2 1 777 1 0 0.0
828 2 1 777 1 0 0.0
829 2 1 777 1 0 0.0
830 2 1 777 1 0 0.0
830 1 10 777 10 9 1.0
831 2 1 777 1 0 0.0
832 2 1 777 1 0 0.0
832 1 10 777 10 9 1.0
833 2 1 777 1 0 0.0
834 2 1 777 1 0 0.0
835 2 1 777 1 0 0.0
835 1 10 777 10 9 1.0
836 2 1 778 1 0 0.0
837 2 1 778 1 0 0.0
838 2 1 779 1 0 0.0
839 2 1 779 1 0 0.0
839 1 10 779 10 9 1.0
840 2 1 779 1 0 0.0
841 2 1 779 1 0 0.0
841 1 10 779 10 9 1.0
842 2 1 779 1 0 0.0
842 1 10 779 10 9 1.0
843 2 1 779 1 0 0.0
843 1 10 779 10 9 1.0
844 2 1 780 1 0 0.0
845 2 1 780 1 0 0.0
845 1 10 780 10 9 1.0
846 2 1 780 1 0 0.0
846 1 10 780 10 9 1.0
847 2 1 780 1 0 0.0
847 1 10 780 10 9 1.0
848 2 1 780 1 0 0.0
848 1 10 780 10 9 1.0
849 2 1 780 1 0 0.0
850 2 1 780 1 0 0.0
851 2 1 780 1 0 0.0
852 2 1 780 1 0 0.0
853 2 1 780 1 0 0.0
853 1 10 781 10 9 1.0
854 2 1 781 1 0 0.0
854 1 10 781 10 9 1.0
855 1 10 781 10 9 1.0
855 2 1 781 1 0 0.0
856 2 1 781 1 0 0.0
856 1 10 781 10 9 1.0
857 2 1 781 1 0 0.0
858 2 1 781 1 0 0.0
858 1 10 781 10 9 1.0
859 2 1 781 1 0 0.0
860 2 1 781 1 0 0.0
860 1 10 781 10 9 1.0
861 2 1 781 1 0 0.0
862 2 1 781 1 0 0.0
863 2 1 781 1 0 0.0
864 2 1 782 1 0 0.0
865 2 1 782 1 0 0.0
866 2 1 782 1 0 0.0
867 2 1 782 1 0 0.0
867 1 10 782 10 9 1.0
868 2 1 782 1 0 0.0
868 1 10 782 10 9 1.0
869 2 1 782 1 0 0.0
870 2 1 783 1 0 0.0
871 2 1 784 1 0 0.0
872 1 10 784 10 9 1.0
872 2 1 784 1 0 0.0
873 2 1 785 1 0 0.0
873 1 10 785 10 9 1.0
874 2 1 785 1 0 0.0
875 2 1 785 1 0 0.0
876 2 1 785 1 0 0.0
876 1 10 785 10 9 1.0
877 2 1 785 1 0 0.0
877 1 10 785 10 9 1.0
878 2 1 785 1 0 0.0
878 1 10 785 10 9 1.0
879 2 1 785 1 0 0.0
880 2 1 786 1 0 0.0
880 1 10 786 10 9 1.0
881 2 1 786 1 0 0.0
882 2 1 786 1 0 0.0
882 1 10 786 10 9 1.0
883 1 10 786 10 9 1.0
883 2 1 786 1 0 0.0
884 1 10 786 10 9 1.0
884 2 1 786 1 0 0.0
885 2 1 786 1 0 0.0
885 1 10 786 10 9 1.0
886 2 1 786 1 0 0.0
886 1 10 786 10 9 1.0
887 1 10 786 10 9 1.0
887 2 1 786 1 0 0.0
888 2 1 786 1 0 0.0
889 2 1 787 1 0 0.0
890 2 1 787 1 0 0.0
891 2 1 787 1 0 0.0
891 1 10 787 10 9 1.0
892 2 1 787 1 0 0.0
893 1 10 788 10 9 1.0
893 2 1 788 1 0 0.0
894 2 1 788 1 0 0.0
894 1 10 788 10 9 1.0
895 1 10 788 10 9 1.0
895 2 1 788 1 0 0.0
896 2 1 789 1 0 0.0
897 2 1 789 1 0 0.0
898 2 1 789 1 0 0.0
898 1 10 789 10 9 1.0
899 2 1 789 1 0 0.0
900 2 1 789 1 0 0.0
901 2 1 789 1 0 0.0
902 2 1 790 1 0 0.0
903 2 1 790 1 0 0.0
904 2 1 790 1 0 0.0
905 2 1 790 1 0 0.0
906 2 1 790 1 0 0.0
906 1 10 790 10 9 1.0
907 2 1 790 1 0 0.0
908 1 10 790 10 9 1.0
908 2 1 790 1 0 0.0
909 2 1 790 1 0 0.0
909 1 10 790 10 9 1.0
910 2 1 790 1 0 0.0
911 2 1 790 1 0 0.0
912 2 1 790 1 0 0.0
913 2 1 790 1 0 0.0
914 2 1 790 1 0 0.0
915 2 1 790 1 0 0.0
915 1 10 790 10 9 1.0
916 2 1 790 1 0 0.0
917 2 1 790 1 0 0.0
917 1 10 790 10 9 1.0
918 2 1 790 1 0 0.0
919 2 1 790 1 0 0.0
920 2 1 790 1 0 0.0
921 2 1 790 1 0 0.0
922 2 1 790 1 0 0.0
923 2 1 790 1 0 0.0
923 1 10 792 10 9 1.0
924 2 1 792 1 0 0.0
925 2 1 792 1 0 0.0
926 2 1 792 1 0 0.0
926 1 10 792 10 9 1.0
927 2 1 792 1 0 0.0
928 2 1 792 1 0 0.0
928 1 10 792 10 9 1.0
929 2 1 793 1 0 0.0
930 2 1 794 1 0 0.0
931 2 1 794 1 0 0.0
931 1 10 794 10 9 1.0
932 2 1 794 1 0 0.0
932 1 10 794 10 9 1.0
933 1 10 794 10 9 1.0
933 2 1 794 1 0 0.0
934 2 1 794 1 0 0.0
934 1 10 794 10 9 1.0
935 2 1 795 1 0 0.0
936 2 1 795 1 0 0.0
936 1 10 795 10 9 1.0
937 2 1 795 1 0 0.0
938 2 1 795 1 0 0.0
938 1 10 796 10 9 1.0
939 2 1 798 1 0 0.0
940 2 1 798 1 0 0.0
941 2 1 798 1 0 0.0
942 2 1 798 1 0 0.0
943 2 1 798 1 0 0.0
943 1 10 798 10 9 1.0
944 2 1 798 1 0 0.0
945 2 1 798 1 0 0.0
946 2 1 798 1 0 0.0
947 2 1 798 1 0 0.0
947 1 10 798 10 9 1.0
948 2 1 798 1 0 0.0
949 2 1 798 1 0 0.0
949 1 10 798 10 9 1.0
950 2 1 798 1 0 0.0
951 2 1 798 1 0 0.0
952 2 1 798 1 0 0.0
953 2 1 798 1 0 0.0
954 2 1 798 1 0 0.0
955 2 1 798 1 0 0.0
956 2 1 798 1 0 0.0
956 1 10 798 10 9 1.0
957 2 1 798 1 0 0.0
958 2 1 798 1 0 0.0
959 2 1 798 1 0 0.0
959 1 10 798 10 9 1.0
960 1 10 798 10 9 1.0
960 2 1 798 1 0 0.0
961 1 10 798 10 9 1.0
961 2 1 798 1 0 0.0
962 2 1 799 1 0 0.0
962 1 10 799 10 9 1.0
963 2 1 799 1 0 0.0
963 1 10 799 10 9 1.0
964 2 1 799 1 0 0.0
965 2 1 800 1 0 0.0
966 2 1 800 1 0 0.0
967 2 1 800 1 0 0.0
967 1 10 800 10 9 1.0
968 2 1 801 1 0 0.0
969 2 1 801 1 0 0.0
969 1 10 801 10 9 1.0
970 2 1 801 1 0 0.0
971 2 1 801 1 0 0.0
971 1 10 801 10 9 1.0
972 2 1 801 1 0 0.0
972 1 10 801 10 9 1.0
973 2 1 801 1 0 0.0
974 2 1 801 1 0 0.0
975 2 1 801 1 0 0.0
976 2 1 801 1 0 0.0
976 1 10 801 10 9 1.0
977 2 1 801 1 0 0.0
978 2 1 802 1 0 0.0
979 2 1 802 1 0 0.0
980 2 1 802 1 0 0.0
981 2 1 802 1 0 0.0
981 1 10 802 10 9 1.0
982 2 1 802 1 0 0.0
982 1 10 802 10 9 1.0
983 2 1 802 1 0 0.0
984 2 1 803 1 0 0.0
985 2 1 803 1 0 0.0
986 2 1 804 1 0 0.0
987 2 1 805 1 0 0.0
988 1 10 805 10 9 1.0
988 2 1 805 1 0 0.0
989 2 1 805 1 0 0.0
989 1 10 805 10 9 1.0
990 2 1 805 1 0 0.0
990 1 10 805 10 9 1.0
991 2 1 805 1 0 0.0
991 1 10 805 10 9 1.0
992 2 1 807 1 0 0.0
993 2 1 808 1 0 0.0
994 2 1 808 1 0 0.0
994 1 10 808 10 9 1.0
995 2 1 808 1 0 0.0
995 1 10 808 10 9 1.0
996 2 1 808 1 0 0.0
997 2 1 808 1 0 0.0
998 2 1 808 1 0 0.0
998 1 10 808 10 9 1.0
999 2 1 809 1 0 0.0
1000 1 10 809 10 9 1.0
1000 2 1 809 1 0 0.0
