gen testSuiteSize notKilledMutants number_of_tests no_discount_objective no_equiv_mut_not_killed no_equiv_mut_not_killed_perc
1 6 8 28 8 7 0.7777777777777778
1 3 10 42 10 9 1.0
2 2 10 49 10 9 1.0
3 6 8 50 8 7 0.7777777777777778
3 5 10 50 10 9 1.0
4 5 8 57 8 7 0.7777777777777778
5 2 10 58 10 9 1.0
6 2 10 59 10 9 1.0
7 2 10 59 10 9 1.0
8 2 10 59 10 9 1.0
9 2 10 63 10 9 1.0
10 2 10 67 10 9 1.0
11 2 10 67 10 9 1.0
12 2 10 68 10 9 1.0
13 2 10 70 10 9 1.0
14 2 7 72 7 6 0.6666666666666666
15 2 7 74 7 6 0.6666666666666666
16 2 7 78 7 6 0.6666666666666666
17 2 7 80 7 6 0.6666666666666666
18 2 7 84 7 6 0.6666666666666666
19 2 7 86 7 6 0.6666666666666666
20 2 7 88 7 6 0.6666666666666666
21 2 7 90 7 6 0.6666666666666666
22 2 7 91 7 6 0.6666666666666666
23 2 7 97 7 6 0.6666666666666666
24 2 7 101 7 6 0.6666666666666666
25 2 7 101 7 6 0.6666666666666666
26 2 7 102 7 6 0.6666666666666666
27 2 7 102 7 6 0.6666666666666666
28 2 7 102 7 6 0.6666666666666666
29 2 7 104 7 6 0.6666666666666666
30 2 7 107 7 6 0.6666666666666666
31 2 7 109 7 6 0.6666666666666666
32 2 7 109 7 6 0.6666666666666666
33 2 7 112 7 6 0.6666666666666666
34 2 7 114 7 6 0.6666666666666666
35 2 7 114 7 6 0.6666666666666666
36 2 7 119 7 6 0.6666666666666666
37 2 7 119 7 6 0.6666666666666666
38 2 7 122 7 6 0.6666666666666666
39 2 7 124 7 6 0.6666666666666666
40 2 7 126 7 6 0.6666666666666666
41 2 7 131 7 6 0.6666666666666666
42 2 7 134 7 6 0.6666666666666666
43 2 7 135 7 6 0.6666666666666666
44 2 7 136 7 6 0.6666666666666666
45 2 7 138 7 6 0.6666666666666666
46 2 7 139 7 6 0.6666666666666666
47 2 7 145 7 6 0.6666666666666666
48 2 7 145 7 6 0.6666666666666666
49 2 7 146 7 6 0.6666666666666666
50 3 5 147 5 4 0.4444444444444444
50 2 7 147 7 6 0.6666666666666666
51 2 7 148 7 6 0.6666666666666666
52 2 7 148 7 6 0.6666666666666666
53 2 7 150 7 6 0.6666666666666666
54 2 7 152 7 6 0.6666666666666666
55 2 7 154 7 6 0.6666666666666666
56 2 7 158 7 6 0.6666666666666666
57 2 7 159 7 6 0.6666666666666666
58 2 7 159 7 6 0.6666666666666666
59 2 7 159 7 6 0.6666666666666666
60 2 7 160 7 6 0.6666666666666666
61 2 7 161 7 6 0.6666666666666666
62 2 7 162 7 6 0.6666666666666666
63 2 7 164 7 6 0.6666666666666666
64 2 7 165 7 6 0.6666666666666666
65 2 7 165 7 6 0.6666666666666666
66 2 7 166 7 6 0.6666666666666666
67 2 7 168 7 6 0.6666666666666666
68 2 7 170 7 6 0.6666666666666666
69 2 7 171 7 6 0.6666666666666666
70 2 7 172 7 6 0.6666666666666666
71 2 7 173 7 6 0.6666666666666666
72 2 7 173 7 6 0.6666666666666666
73 2 7 176 7 6 0.6666666666666666
74 2 7 178 7 6 0.6666666666666666
75 2 7 178 7 6 0.6666666666666666
76 2 7 179 7 6 0.6666666666666666
77 2 7 179 7 6 0.6666666666666666
78 2 7 180 7 6 0.6666666666666666
79 2 7 184 7 6 0.6666666666666666
80 2 7 185 7 6 0.6666666666666666
81 2 7 187 7 6 0.6666666666666666
82 2 7 188 7 6 0.6666666666666666
83 2 7 189 7 6 0.6666666666666666
84 2 7 189 7 6 0.6666666666666666
85 2 7 190 7 6 0.6666666666666666
86 2 7 191 7 6 0.6666666666666666
87 2 7 192 7 6 0.6666666666666666
88 2 7 193 7 6 0.6666666666666666
89 2 7 194 7 6 0.6666666666666666
90 2 7 196 7 6 0.6666666666666666
91 2 7 197 7 6 0.6666666666666666
92 2 7 197 7 6 0.6666666666666666
93 2 7 197 7 6 0.6666666666666666
94 2 7 202 7 6 0.6666666666666666
95 2 7 206 7 6 0.6666666666666666
96 2 7 209 7 6 0.6666666666666666
97 2 7 211 7 6 0.6666666666666666
98 2 7 214 7 6 0.6666666666666666
99 2 7 217 7 6 0.6666666666666666
100 2 7 217 7 6 0.6666666666666666
101 2 7 218 7 6 0.6666666666666666
102 2 7 219 7 6 0.6666666666666666
103 2 7 220 7 6 0.6666666666666666
104 2 7 222 7 6 0.6666666666666666
105 2 7 226 7 6 0.6666666666666666
106 2 7 228 7 6 0.6666666666666666
107 2 7 229 7 6 0.6666666666666666
108 2 7 230 7 6 0.6666666666666666
109 2 7 231 7 6 0.6666666666666666
110 2 7 231 7 6 0.6666666666666666
111 2 7 232 7 6 0.6666666666666666
112 2 7 232 7 6 0.6666666666666666
113 2 7 232 7 6 0.6666666666666666
114 2 7 234 7 6 0.6666666666666666
115 2 7 235 7 6 0.6666666666666666
116 2 7 238 7 6 0.6666666666666666
117 2 7 238 7 6 0.6666666666666666
118 2 7 238 7 6 0.6666666666666666
119 2 7 239 7 6 0.6666666666666666
120 2 7 239 7 6 0.6666666666666666
121 2 7 240 7 6 0.6666666666666666
122 2 7 240 7 6 0.6666666666666666
123 2 7 242 7 6 0.6666666666666666
124 2 7 244 7 6 0.6666666666666666
125 2 7 246 7 6 0.6666666666666666
126 2 7 248 7 6 0.6666666666666666
127 2 7 249 7 6 0.6666666666666666
128 2 7 249 7 6 0.6666666666666666
129 2 7 252 7 6 0.6666666666666666
130 2 7 254 7 6 0.6666666666666666
131 2 7 255 7 6 0.6666666666666666
132 2 7 256 7 6 0.6666666666666666
133 2 7 256 7 6 0.6666666666666666
134 2 7 257 7 6 0.6666666666666666
135 2 7 258 7 6 0.6666666666666666
136 2 7 258 7 6 0.6666666666666666
137 2 7 259 7 6 0.6666666666666666
138 2 7 260 7 6 0.6666666666666666
139 2 7 261 7 6 0.6666666666666666
140 2 7 261 7 6 0.6666666666666666
141 2 7 262 7 6 0.6666666666666666
142 2 7 262 7 6 0.6666666666666666
143 2 7 262 7 6 0.6666666666666666
144 2 7 262 7 6 0.6666666666666666
145 2 7 262 7 6 0.6666666666666666
146 2 7 263 7 6 0.6666666666666666
147 2 7 263 7 6 0.6666666666666666
148 2 7 264 7 6 0.6666666666666666
149 2 7 264 7 6 0.6666666666666666
150 2 7 265 7 6 0.6666666666666666
151 2 7 267 7 6 0.6666666666666666
152 2 7 267 7 6 0.6666666666666666
153 2 7 267 7 6 0.6666666666666666
154 2 7 268 7 6 0.6666666666666666
155 2 7 268 7 6 0.6666666666666666
156 2 7 268 7 6 0.6666666666666666
157 2 7 269 7 6 0.6666666666666666
158 2 7 269 7 6 0.6666666666666666
159 2 7 270 7 6 0.6666666666666666
160 2 7 271 7 6 0.6666666666666666
161 2 7 273 7 6 0.6666666666666666
162 2 7 275 7 6 0.6666666666666666
163 2 7 275 7 6 0.6666666666666666
164 2 7 277 7 6 0.6666666666666666
165 2 7 277 7 6 0.6666666666666666
166 2 7 278 7 6 0.6666666666666666
167 2 7 278 7 6 0.6666666666666666
168 2 7 279 7 6 0.6666666666666666
169 2 7 279 7 6 0.6666666666666666
170 2 7 280 7 6 0.6666666666666666
171 2 7 282 7 6 0.6666666666666666
172 2 7 285 7 6 0.6666666666666666
173 2 7 285 7 6 0.6666666666666666
174 2 7 286 7 6 0.6666666666666666
175 2 7 287 7 6 0.6666666666666666
176 2 7 287 7 6 0.6666666666666666
177 2 7 289 7 6 0.6666666666666666
178 2 7 289 7 6 0.6666666666666666
179 2 7 289 7 6 0.6666666666666666
180 2 7 289 7 6 0.6666666666666666
180 3 6 291 6 5 0.5555555555555556
181 2 7 291 7 6 0.6666666666666666
182 2 7 293 7 6 0.6666666666666666
183 2 7 293 7 6 0.6666666666666666
184 2 7 294 7 6 0.6666666666666666
185 2 7 294 7 6 0.6666666666666666
186 2 7 296 7 6 0.6666666666666666
187 2 7 297 7 6 0.6666666666666666
188 2 7 297 7 6 0.6666666666666666
189 2 7 299 7 6 0.6666666666666666
190 2 7 299 7 6 0.6666666666666666
191 2 7 301 7 6 0.6666666666666666
192 2 7 301 7 6 0.6666666666666666
193 2 7 301 7 6 0.6666666666666666
194 2 6 303 6 5 0.5555555555555556
195 3 5 303 5 4 0.4444444444444444
195 2 7 305 7 6 0.6666666666666666
196 3 5 305 5 4 0.4444444444444444
196 2 7 305 7 6 0.6666666666666666
197 3 5 307 5 4 0.4444444444444444
197 2 7 307 7 6 0.6666666666666666
198 3 5 307 5 4 0.4444444444444444
199 3 5 308 5 4 0.4444444444444444
200 3 5 309 5 4 0.4444444444444444
201 3 5 310 5 4 0.4444444444444444
202 3 5 311 5 4 0.4444444444444444
203 3 5 314 5 4 0.4444444444444444
204 3 5 315 5 4 0.4444444444444444
205 3 5 316 5 4 0.4444444444444444
205 2 7 317 7 6 0.6666666666666666
206 3 5 318 5 4 0.4444444444444444
207 3 5 318 5 4 0.4444444444444444
208 3 5 319 5 4 0.4444444444444444
209 3 5 320 5 4 0.4444444444444444
209 2 10 321 10 9 1.0
210 3 5 321 5 4 0.4444444444444444
210 2 7 321 7 6 0.6666666666666666
211 3 5 321 5 4 0.4444444444444444
212 3 5 322 5 4 0.4444444444444444
212 2 7 322 7 6 0.6666666666666666
213 3 5 322 5 4 0.4444444444444444
214 3 5 324 5 4 0.4444444444444444
215 3 5 325 5 4 0.4444444444444444
216 3 5 326 5 4 0.4444444444444444
216 2 7 326 7 6 0.6666666666666666
217 2 7 326 7 6 0.6666666666666666
217 3 5 326 5 4 0.4444444444444444
218 3 5 327 5 4 0.4444444444444444
218 2 7 328 7 6 0.6666666666666666
219 3 5 328 5 4 0.4444444444444444
220 3 5 329 5 4 0.4444444444444444
221 3 5 331 5 4 0.4444444444444444
221 2 7 331 7 6 0.6666666666666666
222 3 5 331 5 4 0.4444444444444444
222 2 7 331 7 6 0.6666666666666666
223 3 5 333 5 4 0.4444444444444444
224 3 5 334 5 4 0.4444444444444444
225 2 7 337 7 6 0.6666666666666666
225 3 5 338 5 4 0.4444444444444444
226 2 10 339 10 9 1.0
226 3 5 339 5 4 0.4444444444444444
227 3 5 340 5 4 0.4444444444444444
227 2 7 340 7 6 0.6666666666666666
228 3 5 340 5 4 0.4444444444444444
228 2 7 340 7 6 0.6666666666666666
229 2 7 340 7 6 0.6666666666666666
229 3 5 340 5 4 0.4444444444444444
230 3 5 341 5 4 0.4444444444444444
231 3 5 342 5 4 0.4444444444444444
231 2 7 344 7 6 0.6666666666666666
232 3 5 344 5 4 0.4444444444444444
232 2 7 345 7 6 0.6666666666666666
233 3 5 345 5 4 0.4444444444444444
234 3 5 345 5 4 0.4444444444444444
235 3 5 348 5 4 0.4444444444444444
236 3 5 352 5 4 0.4444444444444444
237 3 5 352 5 4 0.4444444444444444
238 3 5 354 5 4 0.4444444444444444
239 3 5 354 5 4 0.4444444444444444
240 3 5 354 5 4 0.4444444444444444
240 2 7 355 7 6 0.6666666666666666
241 3 5 356 5 4 0.4444444444444444
241 2 7 357 7 6 0.6666666666666666
242 3 5 357 5 4 0.4444444444444444
242 2 7 357 7 6 0.6666666666666666
243 3 5 358 5 4 0.4444444444444444
244 3 5 360 5 4 0.4444444444444444
245 3 5 360 5 4 0.4444444444444444
245 2 7 361 7 6 0.6666666666666666
246 3 5 363 5 4 0.4444444444444444
247 3 5 364 5 4 0.4444444444444444
248 3 5 365 5 4 0.4444444444444444
248 2 7 366 7 6 0.6666666666666666
249 3 5 366 5 4 0.4444444444444444
250 3 5 366 5 4 0.4444444444444444
251 3 5 367 5 4 0.4444444444444444
251 2 7 368 7 6 0.6666666666666666
252 3 5 369 5 4 0.4444444444444444
253 3 5 371 5 4 0.4444444444444444
254 3 5 371 5 4 0.4444444444444444
254 2 7 372 7 6 0.6666666666666666
255 3 5 372 5 4 0.4444444444444444
255 2 7 373 7 6 0.6666666666666666
256 3 5 373 5 4 0.4444444444444444
256 2 7 373 7 6 0.6666666666666666
257 3 5 375 5 4 0.4444444444444444
257 2 7 375 7 6 0.6666666666666666
258 3 5 376 5 4 0.4444444444444444
259 3 5 377 5 4 0.4444444444444444
259 2 7 377 7 6 0.6666666666666666
260 3 5 378 5 4 0.4444444444444444
260 2 7 378 7 6 0.6666666666666666
261 3 5 378 5 4 0.4444444444444444
261 2 7 378 7 6 0.6666666666666666
262 3 5 378 5 4 0.4444444444444444
263 3 5 380 5 4 0.4444444444444444
264 3 5 380 5 4 0.4444444444444444
265 3 5 381 5 4 0.4444444444444444
265 2 7 381 7 6 0.6666666666666666
266 3 5 381 5 4 0.4444444444444444
267 3 5 381 5 4 0.4444444444444444
267 2 7 381 7 6 0.6666666666666666
268 3 5 382 5 4 0.4444444444444444
268 2 7 382 7 6 0.6666666666666666
269 3 5 382 5 4 0.4444444444444444
270 3 5 383 5 4 0.4444444444444444
270 2 7 383 7 6 0.6666666666666666
271 3 5 383 5 4 0.4444444444444444
271 2 7 384 7 6 0.6666666666666666
272 3 5 385 5 4 0.4444444444444444
272 2 7 385 7 6 0.6666666666666666
273 3 5 385 5 4 0.4444444444444444
273 2 7 386 7 6 0.6666666666666666
274 3 5 386 5 4 0.4444444444444444
275 3 5 386 5 4 0.4444444444444444
275 2 7 387 7 6 0.6666666666666666
276 3 5 387 5 4 0.4444444444444444
276 2 10 387 10 9 1.0
277 3 5 387 5 4 0.4444444444444444
278 3 5 387 5 4 0.4444444444444444
278 2 7 387 7 6 0.6666666666666666
279 3 5 387 5 4 0.4444444444444444
279 2 7 387 7 6 0.6666666666666666
280 3 5 387 5 4 0.4444444444444444
280 2 7 387 7 6 0.6666666666666666
281 3 5 388 5 4 0.4444444444444444
282 3 5 388 5 4 0.4444444444444444
283 3 5 389 5 4 0.4444444444444444
284 3 5 390 5 4 0.4444444444444444
284 2 7 391 7 6 0.6666666666666666
285 3 5 392 5 4 0.4444444444444444
285 2 7 393 7 6 0.6666666666666666
286 3 5 393 5 4 0.4444444444444444
287 3 5 394 5 4 0.4444444444444444
287 2 7 394 7 6 0.6666666666666666
288 3 5 395 5 4 0.4444444444444444
288 2 7 396 7 6 0.6666666666666666
289 3 5 396 5 4 0.4444444444444444
289 2 7 396 7 6 0.6666666666666666
290 3 5 396 5 4 0.4444444444444444
290 2 7 396 7 6 0.6666666666666666
291 3 5 397 5 4 0.4444444444444444
292 3 5 398 5 4 0.4444444444444444
292 2 10 398 10 9 1.0
293 3 5 399 5 4 0.4444444444444444
294 3 5 399 5 4 0.4444444444444444
295 3 5 401 5 4 0.4444444444444444
296 3 5 402 5 4 0.4444444444444444
297 2 7 402 7 6 0.6666666666666666
297 3 5 402 5 4 0.4444444444444444
298 3 5 402 5 4 0.4444444444444444
299 3 5 403 5 4 0.4444444444444444
300 3 5 404 5 4 0.4444444444444444
301 3 5 404 5 4 0.4444444444444444
302 3 5 405 5 4 0.4444444444444444
303 3 5 405 5 4 0.4444444444444444
303 2 7 405 7 6 0.6666666666666666
304 3 5 407 5 4 0.4444444444444444
304 2 7 407 7 6 0.6666666666666666
305 3 5 408 5 4 0.4444444444444444
305 2 7 408 7 6 0.6666666666666666
306 2 7 408 7 6 0.6666666666666666
306 3 5 409 5 4 0.4444444444444444
307 3 5 411 5 4 0.4444444444444444
307 2 7 411 7 6 0.6666666666666666
308 3 5 411 5 4 0.4444444444444444
308 2 7 411 7 6 0.6666666666666666
309 3 5 411 5 4 0.4444444444444444
310 3 5 412 5 4 0.4444444444444444
310 2 7 412 7 6 0.6666666666666666
311 3 5 413 5 4 0.4444444444444444
312 3 5 413 5 4 0.4444444444444444
312 2 7 415 7 6 0.6666666666666666
313 3 5 416 5 4 0.4444444444444444
313 2 10 416 10 9 1.0
314 3 5 418 5 4 0.4444444444444444
315 3 5 419 5 4 0.4444444444444444
316 3 5 419 5 4 0.4444444444444444
316 2 7 419 7 6 0.6666666666666666
317 3 5 420 5 4 0.4444444444444444
317 2 7 420 7 6 0.6666666666666666
318 3 5 420 5 4 0.4444444444444444
318 2 7 420 7 6 0.6666666666666666
319 3 5 420 5 4 0.4444444444444444
320 3 5 420 5 4 0.4444444444444444
321 3 5 421 5 4 0.4444444444444444
322 2 7 421 7 6 0.6666666666666666
322 3 5 421 5 4 0.4444444444444444
323 3 5 423 5 4 0.4444444444444444
324 2 7 426 7 6 0.6666666666666666
324 3 5 426 5 4 0.4444444444444444
325 3 5 428 5 4 0.4444444444444444
325 2 7 428 7 6 0.6666666666666666
326 2 7 430 7 6 0.6666666666666666
326 3 5 430 5 4 0.4444444444444444
327 3 5 430 5 4 0.4444444444444444
328 3 5 432 5 4 0.4444444444444444
329 3 5 432 5 4 0.4444444444444444
330 3 5 433 5 4 0.4444444444444444
331 3 5 433 5 4 0.4444444444444444
332 3 5 434 5 4 0.4444444444444444
333 3 5 435 5 4 0.4444444444444444
333 2 7 436 7 6 0.6666666666666666
334 3 5 436 5 4 0.4444444444444444
335 3 5 436 5 4 0.4444444444444444
336 3 5 436 5 4 0.4444444444444444
336 2 7 436 7 6 0.6666666666666666
337 3 5 436 5 4 0.4444444444444444
338 3 5 437 5 4 0.4444444444444444
339 3 5 437 5 4 0.4444444444444444
339 2 7 437 7 6 0.6666666666666666
340 3 5 438 5 4 0.4444444444444444
341 3 5 438 5 4 0.4444444444444444
342 2 7 438 7 6 0.6666666666666666
342 3 5 438 5 4 0.4444444444444444
343 3 5 438 5 4 0.4444444444444444
343 2 7 438 7 6 0.6666666666666666
344 3 5 438 5 4 0.4444444444444444
345 3 5 440 5 4 0.4444444444444444
346 3 5 443 5 4 0.4444444444444444
347 3 5 443 5 4 0.4444444444444444
347 2 7 444 7 6 0.6666666666666666
348 3 5 445 5 4 0.4444444444444444
349 3 5 446 5 4 0.4444444444444444
349 2 7 446 7 6 0.6666666666666666
350 3 5 447 5 4 0.4444444444444444
351 3 5 449 5 4 0.4444444444444444
352 3 5 450 5 4 0.4444444444444444
353 3 5 452 5 4 0.4444444444444444
354 3 5 452 5 4 0.4444444444444444
354 2 7 452 7 6 0.6666666666666666
355 3 5 452 5 4 0.4444444444444444
356 3 5 454 5 4 0.4444444444444444
357 3 5 455 5 4 0.4444444444444444
358 3 5 455 5 4 0.4444444444444444
359 3 5 456 5 4 0.4444444444444444
360 2 7 457 7 6 0.6666666666666666
360 3 5 457 5 4 0.4444444444444444
361 3 5 457 5 4 0.4444444444444444
361 2 7 457 7 6 0.6666666666666666
362 3 5 457 5 4 0.4444444444444444
363 3 5 460 5 4 0.4444444444444444
363 2 7 460 7 6 0.6666666666666666
364 2 7 461 7 6 0.6666666666666666
364 3 5 461 5 4 0.4444444444444444
365 3 5 461 5 4 0.4444444444444444
366 3 5 462 5 4 0.4444444444444444
367 3 5 464 5 4 0.4444444444444444
368 3 5 465 5 4 0.4444444444444444
369 3 5 468 5 4 0.4444444444444444
370 3 5 468 5 4 0.4444444444444444
370 2 7 468 7 6 0.6666666666666666
371 3 5 468 5 4 0.4444444444444444
371 2 7 468 7 6 0.6666666666666666
372 3 5 468 5 4 0.4444444444444444
373 2 7 468 7 6 0.6666666666666666
373 3 5 468 5 4 0.4444444444444444
374 3 5 468 5 4 0.4444444444444444
374 2 7 469 7 6 0.6666666666666666
375 3 5 470 5 4 0.4444444444444444
376 3 5 470 5 4 0.4444444444444444
376 2 7 470 7 6 0.6666666666666666
377 3 5 470 5 4 0.4444444444444444
377 2 7 470 7 6 0.6666666666666666
378 3 5 470 5 4 0.4444444444444444
378 2 7 471 7 6 0.6666666666666666
379 3 5 473 5 4 0.4444444444444444
380 3 5 473 5 4 0.4444444444444444
381 3 5 475 5 4 0.4444444444444444
382 3 5 475 5 4 0.4444444444444444
383 3 5 476 5 4 0.4444444444444444
384 3 5 477 5 4 0.4444444444444444
385 2 7 479 7 6 0.6666666666666666
385 3 5 479 5 4 0.4444444444444444
386 3 5 479 5 4 0.4444444444444444
386 2 7 479 7 6 0.6666666666666666
387 3 5 479 5 4 0.4444444444444444
388 3 5 479 5 4 0.4444444444444444
389 3 5 479 5 4 0.4444444444444444
390 3 5 480 5 4 0.4444444444444444
390 2 10 480 10 9 1.0
391 3 5 481 5 4 0.4444444444444444
392 3 5 483 5 4 0.4444444444444444
393 3 5 484 5 4 0.4444444444444444
393 2 7 484 7 6 0.6666666666666666
394 3 5 484 5 4 0.4444444444444444
394 2 7 484 7 6 0.6666666666666666
395 3 5 484 5 4 0.4444444444444444
396 3 5 484 5 4 0.4444444444444444
396 2 7 484 7 6 0.6666666666666666
397 3 5 484 5 4 0.4444444444444444
398 3 5 484 5 4 0.4444444444444444
399 3 5 485 5 4 0.4444444444444444
399 2 7 485 7 6 0.6666666666666666
400 3 5 486 5 4 0.4444444444444444
400 2 7 486 7 6 0.6666666666666666
401 3 5 486 5 4 0.4444444444444444
401 2 7 486 7 6 0.6666666666666666
402 3 5 486 5 4 0.4444444444444444
403 3 5 487 5 4 0.4444444444444444
404 3 5 487 5 4 0.4444444444444444
405 3 5 487 5 4 0.4444444444444444
406 3 5 488 5 4 0.4444444444444444
407 3 5 488 5 4 0.4444444444444444
408 3 5 488 5 4 0.4444444444444444
408 2 7 488 7 6 0.6666666666666666
409 3 5 488 5 4 0.4444444444444444
410 3 5 489 5 4 0.4444444444444444
410 2 7 489 7 6 0.6666666666666666
411 3 5 489 5 4 0.4444444444444444
411 2 7 489 7 6 0.6666666666666666
412 3 5 489 5 4 0.4444444444444444
413 3 5 489 5 4 0.4444444444444444
414 3 5 491 5 4 0.4444444444444444
415 3 5 491 5 4 0.4444444444444444
416 3 5 492 5 4 0.4444444444444444
416 2 7 492 7 6 0.6666666666666666
417 3 5 492 5 4 0.4444444444444444
418 3 5 492 5 4 0.4444444444444444
419 3 5 492 5 4 0.4444444444444444
420 3 5 493 5 4 0.4444444444444444
420 2 7 493 7 6 0.6666666666666666
421 3 5 494 5 4 0.4444444444444444
422 3 5 494 5 4 0.4444444444444444
423 3 5 495 5 4 0.4444444444444444
424 3 5 495 5 4 0.4444444444444444
425 3 5 495 5 4 0.4444444444444444
426 3 5 496 5 4 0.4444444444444444
426 2 10 497 10 9 1.0
427 3 5 497 5 4 0.4444444444444444
427 2 7 497 7 6 0.6666666666666666
428 3 5 497 5 4 0.4444444444444444
429 3 1 498 1 0 0.0
430 2 6 498 6 5 0.5555555555555556
431 2 6 500 6 5 0.5555555555555556
432 2 6 502 6 5 0.5555555555555556
433 2 6 502 6 5 0.5555555555555556
434 2 6 502 6 5 0.5555555555555556
435 2 6 502 6 5 0.5555555555555556
436 2 6 503 6 5 0.5555555555555556
437 2 6 505 6 5 0.5555555555555556
438 2 6 505 6 5 0.5555555555555556
439 2 6 506 6 5 0.5555555555555556
440 2 6 506 6 5 0.5555555555555556
441 2 6 507 6 5 0.5555555555555556
442 2 6 507 6 5 0.5555555555555556
443 2 5 509 5 4 0.4444444444444444
444 3 1 510 1 0 0.0
445 3 1 511 1 0 0.0
446 3 1 511 1 0 0.0
446 2 7 513 7 6 0.6666666666666666
447 3 1 513 1 0 0.0
448 3 1 514 1 0 0.0
449 3 1 515 1 0 0.0
449 2 7 515 7 6 0.6666666666666666
450 2 7 515 7 6 0.6666666666666666
450 3 1 515 1 0 0.0
451 3 1 515 1 0 0.0
451 2 10 515 10 9 1.0
452 3 1 515 1 0 0.0
453 3 1 515 1 0 0.0
453 2 7 515 7 6 0.6666666666666666
454 3 1 515 1 0 0.0
455 3 1 516 1 0 0.0
455 2 7 516 7 6 0.6666666666666666
456 3 1 516 1 0 0.0
457 3 1 516 1 0 0.0
458 3 1 517 1 0 0.0
459 3 1 517 1 0 0.0
460 3 1 518 1 0 0.0
461 2 7 519 7 6 0.6666666666666666
461 3 1 519 1 0 0.0
462 3 1 519 1 0 0.0
463 3 1 519 1 0 0.0
464 3 1 519 1 0 0.0
465 3 1 521 1 0 0.0
466 3 1 522 1 0 0.0
467 3 1 522 1 0 0.0
468 3 1 522 1 0 0.0
468 2 7 522 7 6 0.6666666666666666
469 3 1 523 1 0 0.0
469 2 10 524 10 9 1.0
470 3 1 524 1 0 0.0
470 2 7 525 7 6 0.6666666666666666
471 3 1 525 1 0 0.0
472 2 7 525 7 6 0.6666666666666666
472 3 1 525 1 0 0.0
473 2 7 526 7 6 0.6666666666666666
473 3 1 526 1 0 0.0
474 3 1 528 1 0 0.0
475 3 1 529 1 0 0.0
476 2 7 530 7 6 0.6666666666666666
476 3 1 530 1 0 0.0
477 3 1 530 1 0 0.0
478 3 1 530 1 0 0.0
478 2 7 530 7 6 0.6666666666666666
479 3 1 530 1 0 0.0
480 3 1 530 1 0 0.0
481 3 1 530 1 0 0.0
481 2 7 530 7 6 0.6666666666666666
482 3 1 530 1 0 0.0
482 2 7 530 7 6 0.6666666666666666
483 3 1 530 1 0 0.0
484 3 1 530 1 0 0.0
484 2 7 530 7 6 0.6666666666666666
485 3 1 530 1 0 0.0
486 3 1 530 1 0 0.0
487 3 1 530 1 0 0.0
487 2 7 530 7 6 0.6666666666666666
488 3 1 530 1 0 0.0
488 2 7 530 7 6 0.6666666666666666
489 3 1 532 1 0 0.0
489 2 7 532 7 6 0.6666666666666666
490 3 1 533 1 0 0.0
490 2 7 533 7 6 0.6666666666666666
491 3 1 533 1 0 0.0
492 3 1 535 1 0 0.0
493 3 1 538 1 0 0.0
494 3 1 539 1 0 0.0
495 3 1 541 1 0 0.0
495 2 7 541 7 6 0.6666666666666666
496 3 1 541 1 0 0.0
497 3 1 541 1 0 0.0
498 3 1 543 1 0 0.0
499 3 1 546 1 0 0.0
500 3 1 546 1 0 0.0
501 3 1 546 1 0 0.0
501 2 7 546 7 6 0.6666666666666666
502 3 1 546 1 0 0.0
503 3 1 546 1 0 0.0
504 3 1 546 1 0 0.0
505 3 1 546 1 0 0.0
506 3 1 546 1 0 0.0
507 3 1 547 1 0 0.0
508 3 1 547 1 0 0.0
508 2 7 547 7 6 0.6666666666666666
509 3 1 548 1 0 0.0
510 3 1 550 1 0 0.0
510 2 7 550 7 6 0.6666666666666666
511 3 1 552 1 0 0.0
512 3 1 553 1 0 0.0
512 2 7 553 7 6 0.6666666666666666
513 3 1 553 1 0 0.0
514 3 1 553 1 0 0.0
515 3 1 553 1 0 0.0
516 3 1 553 1 0 0.0
517 3 1 553 1 0 0.0
518 3 1 553 1 0 0.0
518 2 7 554 7 6 0.6666666666666666
519 3 1 554 1 0 0.0
520 3 1 554 1 0 0.0
521 3 1 555 1 0 0.0
522 3 1 555 1 0 0.0
522 2 7 555 7 6 0.6666666666666666
523 3 1 555 1 0 0.0
524 3 1 556 1 0 0.0
524 2 7 556 7 6 0.6666666666666666
525 3 1 556 1 0 0.0
526 3 1 556 1 0 0.0
527 3 1 556 1 0 0.0
528 3 1 556 1 0 0.0
529 3 1 557 1 0 0.0
529 2 7 558 7 6 0.6666666666666666
530 2 7 558 7 6 0.6666666666666666
530 3 1 558 1 0 0.0
531 3 1 558 1 0 0.0
531 2 7 560 7 6 0.6666666666666666
532 3 1 560 1 0 0.0
533 3 1 560 1 0 0.0
534 3 1 561 1 0 0.0
534 2 7 561 7 6 0.6666666666666666
535 3 1 561 1 0 0.0
536 3 1 561 1 0 0.0
537 2 7 561 7 6 0.6666666666666666
537 3 1 561 1 0 0.0
538 3 1 561 1 0 0.0
538 2 7 561 7 6 0.6666666666666666
539 3 1 562 1 0 0.0
539 2 7 563 7 6 0.6666666666666666
540 2 7 563 7 6 0.6666666666666666
540 3 1 563 1 0 0.0
541 3 1 563 1 0 0.0
542 3 1 563 1 0 0.0
543 3 1 563 1 0 0.0
544 3 1 563 1 0 0.0
545 3 1 564 1 0 0.0
545 2 10 564 10 9 1.0
546 3 1 565 1 0 0.0
546 2 7 565 7 6 0.6666666666666666
547 3 1 565 1 0 0.0
548 3 1 565 1 0 0.0
549 3 1 566 1 0 0.0
550 3 1 566 1 0 0.0
551 3 1 566 1 0 0.0
552 3 1 568 1 0 0.0
553 3 1 568 1 0 0.0
554 3 1 568 1 0 0.0
554 2 7 569 7 6 0.6666666666666666
555 3 1 569 1 0 0.0
556 3 1 569 1 0 0.0
557 3 1 569 1 0 0.0
558 3 1 569 1 0 0.0
559 3 1 570 1 0 0.0
560 3 1 570 1 0 0.0
561 3 1 571 1 0 0.0
562 3 1 573 1 0 0.0
562 2 7 573 7 6 0.6666666666666666
563 3 1 573 1 0 0.0
564 3 1 573 1 0 0.0
565 3 1 573 1 0 0.0
566 3 1 573 1 0 0.0
567 3 1 573 1 0 0.0
568 3 1 573 1 0 0.0
569 3 1 573 1 0 0.0
570 3 1 574 1 0 0.0
571 3 1 574 1 0 0.0
572 3 1 575 1 0 0.0
573 3 1 576 1 0 0.0
574 3 1 576 1 0 0.0
575 3 1 576 1 0 0.0
576 3 1 576 1 0 0.0
577 3 1 576 1 0 0.0
578 3 1 578 1 0 0.0
578 2 7 579 7 6 0.6666666666666666
579 3 1 579 1 0 0.0
580 3 1 579 1 0 0.0
580 2 7 579 7 6 0.6666666666666666
581 3 1 580 1 0 0.0
581 2 7 581 7 6 0.6666666666666666
582 3 1 581 1 0 0.0
582 2 7 581 7 6 0.6666666666666666
583 3 1 581 1 0 0.0
584 3 1 583 1 0 0.0
584 2 7 583 7 6 0.6666666666666666
585 3 1 583 1 0 0.0
586 3 1 583 1 0 0.0
586 2 7 584 7 6 0.6666666666666666
587 3 1 584 1 0 0.0
587 2 7 584 7 6 0.6666666666666666
588 3 1 584 1 0 0.0
589 3 1 585 1 0 0.0
590 3 1 586 1 0 0.0
590 2 7 587 7 6 0.6666666666666666
591 3 1 587 1 0 0.0
592 3 1 587 1 0 0.0
593 3 1 587 1 0 0.0
593 2 7 587 7 6 0.6666666666666666
594 3 1 587 1 0 0.0
595 3 1 587 1 0 0.0
596 3 1 588 1 0 0.0
597 3 1 588 1 0 0.0
598 3 1 589 1 0 0.0
599 3 1 589 1 0 0.0
600 3 1 589 1 0 0.0
601 3 1 590 1 0 0.0
602 3 1 591 1 0 0.0
603 3 1 591 1 0 0.0
604 3 1 592 1 0 0.0
604 2 7 594 7 6 0.6666666666666666
605 2 10 595 10 9 1.0
605 3 1 595 1 0 0.0
606 3 1 596 1 0 0.0
607 3 1 596 1 0 0.0
607 2 7 596 7 6 0.6666666666666666
608 3 1 596 1 0 0.0
609 3 1 596 1 0 0.0
610 3 1 596 1 0 0.0
611 3 1 597 1 0 0.0
612 3 1 597 1 0 0.0
612 2 7 597 7 6 0.6666666666666666
613 3 1 597 1 0 0.0
614 3 1 597 1 0 0.0
614 2 7 597 7 6 0.6666666666666666
615 3 1 597 1 0 0.0
616 3 1 597 1 0 0.0
617 3 1 597 1 0 0.0
618 3 1 599 1 0 0.0
618 2 7 599 7 6 0.6666666666666666
619 3 1 600 1 0 0.0
619 2 7 600 7 6 0.6666666666666666
620 3 1 601 1 0 0.0
621 3 1 601 1 0 0.0
622 3 1 603 1 0 0.0
622 2 7 603 7 6 0.6666666666666666
623 3 1 603 1 0 0.0
623 2 10 603 10 9 1.0
624 3 1 604 1 0 0.0
625 3 1 605 1 0 0.0
626 3 1 605 1 0 0.0
626 2 7 605 7 6 0.6666666666666666
627 3 1 605 1 0 0.0
627 2 7 605 7 6 0.6666666666666666
628 3 1 605 1 0 0.0
629 3 1 605 1 0 0.0
630 3 1 605 1 0 0.0
631 3 1 606 1 0 0.0
631 2 7 607 7 6 0.6666666666666666
632 3 1 609 1 0 0.0
632 2 7 609 7 6 0.6666666666666666
633 3 1 609 1 0 0.0
634 3 1 609 1 0 0.0
634 2 7 609 7 6 0.6666666666666666
635 3 1 609 1 0 0.0
636 2 7 609 7 6 0.6666666666666666
636 3 1 609 1 0 0.0
637 3 1 609 1 0 0.0
638 3 1 610 1 0 0.0
638 2 7 610 7 6 0.6666666666666666
639 3 1 610 1 0 0.0
640 3 1 611 1 0 0.0
641 3 1 612 1 0 0.0
642 3 1 613 1 0 0.0
642 2 7 613 7 6 0.6666666666666666
643 3 1 613 1 0 0.0
643 2 7 614 7 6 0.6666666666666666
644 3 1 614 1 0 0.0
644 2 7 614 7 6 0.6666666666666666
645 3 1 614 1 0 0.0
646 2 7 614 7 6 0.6666666666666666
646 3 1 614 1 0 0.0
647 3 1 614 1 0 0.0
648 3 1 614 1 0 0.0
648 2 7 615 7 6 0.6666666666666666
649 3 1 616 1 0 0.0
650 3 1 616 1 0 0.0
651 3 1 616 1 0 0.0
652 3 1 617 1 0 0.0
653 3 1 617 1 0 0.0
654 3 1 619 1 0 0.0
655 2 7 619 7 6 0.6666666666666666
655 3 1 619 1 0 0.0
656 3 1 619 1 0 0.0
657 3 1 620 1 0 0.0
657 2 7 620 7 6 0.6666666666666666
658 3 1 620 1 0 0.0
659 3 1 620 1 0 0.0
660 3 1 620 1 0 0.0
661 3 1 620 1 0 0.0
661 2 10 623 10 9 1.0
662 3 1 624 1 0 0.0
663 3 1 624 1 0 0.0
663 2 7 624 7 6 0.6666666666666666
664 3 1 624 1 0 0.0
665 3 1 624 1 0 0.0
666 3 1 626 1 0 0.0
667 3 1 626 1 0 0.0
668 3 1 626 1 0 0.0
669 2 7 627 7 6 0.6666666666666666
669 3 1 627 1 0 0.0
670 3 1 628 1 0 0.0
671 3 1 630 1 0 0.0
671 2 7 630 7 6 0.6666666666666666
672 3 1 630 1 0 0.0
673 3 1 630 1 0 0.0
674 3 1 632 1 0 0.0
674 2 7 632 7 6 0.6666666666666666
675 3 1 632 1 0 0.0
675 2 7 633 7 6 0.6666666666666666
676 3 1 633 1 0 0.0
677 3 1 633 1 0 0.0
678 3 1 633 1 0 0.0
679 3 1 633 1 0 0.0
679 2 7 633 7 6 0.6666666666666666
680 3 1 633 1 0 0.0
680 2 7 633 7 6 0.6666666666666666
681 3 1 634 1 0 0.0
681 2 7 634 7 6 0.6666666666666666
682 3 1 634 1 0 0.0
683 3 1 634 1 0 0.0
684 2 7 634 7 6 0.6666666666666666
684 3 1 634 1 0 0.0
685 3 1 634 1 0 0.0
685 2 7 634 7 6 0.6666666666666666
686 3 1 634 1 0 0.0
687 3 1 634 1 0 0.0
688 3 1 634 1 0 0.0
689 3 1 634 1 0 0.0
689 2 7 635 7 6 0.6666666666666666
690 3 1 635 1 0 0.0
691 3 1 636 1 0 0.0
691 2 7 636 7 6 0.6666666666666666
692 3 1 636 1 0 0.0
692 2 7 636 7 6 0.6666666666666666
693 3 1 636 1 0 0.0
694 3 1 637 1 0 0.0
695 3 1 637 1 0 0.0
696 3 1 637 1 0 0.0
697 3 1 638 1 0 0.0
698 3 1 639 1 0 0.0
699 3 1 639 1 0 0.0
700 3 1 639 1 0 0.0
701 3 1 639 1 0 0.0
702 3 1 641 1 0 0.0
702 2 7 641 7 6 0.6666666666666666
703 3 1 641 1 0 0.0
703 2 7 641 7 6 0.6666666666666666
704 3 1 641 1 0 0.0
705 3 1 641 1 0 0.0
706 3 1 641 1 0 0.0
707 3 1 641 1 0 0.0
708 3 1 641 1 0 0.0
708 2 7 641 7 6 0.6666666666666666
709 3 1 641 1 0 0.0
710 3 1 642 1 0 0.0
711 3 1 642 1 0 0.0
712 3 1 642 1 0 0.0
712 2 7 642 7 6 0.6666666666666666
713 3 1 642 1 0 0.0
713 2 7 643 7 6 0.6666666666666666
714 3 1 643 1 0 0.0
715 3 1 643 1 0 0.0
715 2 7 643 7 6 0.6666666666666666
716 3 1 643 1 0 0.0
717 3 1 643 1 0 0.0
718 3 1 643 1 0 0.0
719 3 1 644 1 0 0.0
720 3 1 644 1 0 0.0
721 3 1 645 1 0 0.0
722 3 1 646 1 0 0.0
723 3 1 649 1 0 0.0
724 3 1 650 1 0 0.0
725 3 1 651 1 0 0.0
725 2 7 651 7 6 0.6666666666666666
726 3 1 651 1 0 0.0
726 2 7 651 7 6 0.6666666666666666
727 3 1 651 1 0 0.0
728 3 1 651 1 0 0.0
728 2 7 651 7 6 0.6666666666666666
729 3 1 651 1 0 0.0
729 2 7 651 7 6 0.6666666666666666
730 3 1 651 1 0 0.0
731 3 1 651 1 0 0.0
732 3 1 651 1 0 0.0
732 2 7 651 7 6 0.6666666666666666
733 3 1 651 1 0 0.0
733 2 7 652 7 6 0.6666666666666666
734 3 1 652 1 0 0.0
735 3 1 653 1 0 0.0
735 2 7 653 7 6 0.6666666666666666
736 3 1 653 1 0 0.0
737 3 1 653 1 0 0.0
737 2 7 653 7 6 0.6666666666666666
738 3 1 653 1 0 0.0
739 3 1 653 1 0 0.0
740 3 1 653 1 0 0.0
741 2 7 653 7 6 0.6666666666666666
741 3 1 653 1 0 0.0
742 3 1 654 1 0 0.0
742 2 7 654 7 6 0.6666666666666666
743 3 1 654 1 0 0.0
743 2 7 654 7 6 0.6666666666666666
744 3 1 654 1 0 0.0
744 2 7 654 7 6 0.6666666666666666
745 3 1 654 1 0 0.0
746 3 1 655 1 0 0.0
747 3 1 655 1 0 0.0
748 3 1 655 1 0 0.0
749 3 1 655 1 0 0.0
750 3 1 657 1 0 0.0
751 3 1 658 1 0 0.0
751 2 7 658 7 6 0.6666666666666666
752 3 1 658 1 0 0.0
752 2 7 658 7 6 0.6666666666666666
753 3 1 658 1 0 0.0
754 3 1 659 1 0 0.0
755 3 1 659 1 0 0.0
756 3 1 659 1 0 0.0
757 3 1 659 1 0 0.0
757 2 7 659 7 6 0.6666666666666666
758 2 7 659 7 6 0.6666666666666666
758 3 1 659 1 0 0.0
759 3 1 659 1 0 0.0
759 2 10 659 10 9 1.0
760 2 7 660 7 6 0.6666666666666666
760 3 1 660 1 0 0.0
761 3 1 660 1 0 0.0
762 3 1 661 1 0 0.0
763 3 1 661 1 0 0.0
763 2 7 661 7 6 0.6666666666666666
764 3 1 661 1 0 0.0
765 3 1 662 1 0 0.0
765 2 7 662 7 6 0.6666666666666666
766 3 1 662 1 0 0.0
766 2 7 662 7 6 0.6666666666666666
767 3 1 662 1 0 0.0
767 2 7 662 7 6 0.6666666666666666
768 3 1 662 1 0 0.0
769 3 1 663 1 0 0.0
770 3 1 663 1 0 0.0
770 2 7 663 7 6 0.6666666666666666
771 3 1 663 1 0 0.0
771 2 7 663 7 6 0.6666666666666666
772 3 1 663 1 0 0.0
773 3 1 665 1 0 0.0
774 3 1 666 1 0 0.0
775 3 1 668 1 0 0.0
775 2 7 668 7 6 0.6666666666666666
776 3 1 668 1 0 0.0
777 3 1 668 1 0 0.0
777 2 7 668 7 6 0.6666666666666666
778 3 1 668 1 0 0.0
779 3 1 668 1 0 0.0
780 3 1 668 1 0 0.0
780 2 7 668 7 6 0.6666666666666666
781 3 1 668 1 0 0.0
781 2 7 668 7 6 0.6666666666666666
782 3 1 668 1 0 0.0
783 3 1 668 1 0 0.0
783 2 7 668 7 6 0.6666666666666666
784 3 1 668 1 0 0.0
785 3 1 668 1 0 0.0
786 3 1 668 1 0 0.0
787 3 1 668 1 0 0.0
788 2 7 668 7 6 0.6666666666666666
788 3 1 668 1 0 0.0
789 3 1 668 1 0 0.0
790 3 1 668 1 0 0.0
791 3 1 668 1 0 0.0
791 2 7 668 7 6 0.6666666666666666
792 3 1 669 1 0 0.0
793 3 1 669 1 0 0.0
794 3 1 669 1 0 0.0
795 3 1 669 1 0 0.0
796 3 1 669 1 0 0.0
797 3 1 669 1 0 0.0
798 3 1 669 1 0 0.0
798 2 7 669 7 6 0.6666666666666666
799 3 1 669 1 0 0.0
800 3 1 669 1 0 0.0
800 2 7 669 7 6 0.6666666666666666
801 3 1 669 1 0 0.0
802 3 1 669 1 0 0.0
803 3 1 670 1 0 0.0
804 3 1 670 1 0 0.0
805 3 1 672 1 0 0.0
806 3 1 672 1 0 0.0
807 3 1 673 1 0 0.0
807 2 7 673 7 6 0.6666666666666666
808 3 1 673 1 0 0.0
809 3 1 673 1 0 0.0
810 3 1 673 1 0 0.0
810 2 7 673 7 6 0.6666666666666666
811 3 1 673 1 0 0.0
812 3 1 673 1 0 0.0
813 3 1 674 1 0 0.0
813 2 7 674 7 6 0.6666666666666666
814 3 1 674 1 0 0.0
815 3 1 674 1 0 0.0
816 3 1 675 1 0 0.0
816 2 7 675 7 6 0.6666666666666666
817 3 1 675 1 0 0.0
818 3 1 675 1 0 0.0
818 2 7 675 7 6 0.6666666666666666
819 3 1 676 1 0 0.0
819 2 7 676 7 6 0.6666666666666666
820 2 7 676 7 6 0.6666666666666666
820 3 1 676 1 0 0.0
821 3 1 678 1 0 0.0
821 2 7 678 7 6 0.6666666666666666
822 2 10 679 10 9 1.0
822 3 1 679 1 0 0.0
823 3 1 679 1 0 0.0
824 3 1 680 1 0 0.0
824 2 7 680 7 6 0.6666666666666666
825 2 7 680 7 6 0.6666666666666666
825 3 1 680 1 0 0.0
826 3 1 680 1 0 0.0
826 2 7 680 7 6 0.6666666666666666
827 3 1 680 1 0 0.0
828 3 1 680 1 0 0.0
828 2 7 680 7 6 0.6666666666666666
829 3 1 680 1 0 0.0
830 3 1 681 1 0 0.0
831 3 1 681 1 0 0.0
832 3 1 683 1 0 0.0
833 3 1 683 1 0 0.0
834 3 1 684 1 0 0.0
835 3 1 685 1 0 0.0
835 2 7 685 7 6 0.6666666666666666
836 3 1 685 1 0 0.0
837 3 1 685 1 0 0.0
837 2 7 685 7 6 0.6666666666666666
838 3 1 685 1 0 0.0
839 3 1 685 1 0 0.0
839 2 7 685 7 6 0.6666666666666666
840 3 1 685 1 0 0.0
841 2 7 685 7 6 0.6666666666666666
841 3 1 685 1 0 0.0
842 3 1 686 1 0 0.0
843 3 1 686 1 0 0.0
843 2 7 686 7 6 0.6666666666666666
844 3 1 686 1 0 0.0
845 3 1 687 1 0 0.0
846 2 7 687 7 6 0.6666666666666666
846 3 1 687 1 0 0.0
847 3 1 688 1 0 0.0
848 3 1 688 1 0 0.0
849 3 1 688 1 0 0.0
850 3 1 689 1 0 0.0
851 3 1 690 1 0 0.0
852 2 7 690 7 6 0.6666666666666666
852 3 1 690 1 0 0.0
853 3 1 690 1 0 0.0
854 3 1 690 1 0 0.0
854 2 7 690 7 6 0.6666666666666666
855 3 1 690 1 0 0.0
855 2 7 690 7 6 0.6666666666666666
856 2 7 690 7 6 0.6666666666666666
856 3 1 690 1 0 0.0
857 3 1 690 1 0 0.0
857 2 7 690 7 6 0.6666666666666666
858 3 1 690 1 0 0.0
858 2 7 691 7 6 0.6666666666666666
859 3 1 691 1 0 0.0
860 3 1 691 1 0 0.0
861 3 1 691 1 0 0.0
862 3 1 692 1 0 0.0
863 3 1 692 1 0 0.0
863 2 7 692 7 6 0.6666666666666666
864 3 1 693 1 0 0.0
865 2 7 693 7 6 0.6666666666666666
865 3 1 693 1 0 0.0
866 3 1 693 1 0 0.0
867 3 1 693 1 0 0.0
867 2 7 693 7 6 0.6666666666666666
868 3 1 693 1 0 0.0
869 3 1 694 1 0 0.0
870 3 1 694 1 0 0.0
871 3 1 694 1 0 0.0
871 2 7 694 7 6 0.6666666666666666
872 2 7 695 7 6 0.6666666666666666
872 3 1 695 1 0 0.0
873 3 1 695 1 0 0.0
874 3 1 695 1 0 0.0
874 2 7 695 7 6 0.6666666666666666
875 2 7 695 7 6 0.6666666666666666
875 3 1 695 1 0 0.0
876 3 1 695 1 0 0.0
877 3 1 696 1 0 0.0
878 3 1 696 1 0 0.0
878 2 7 696 7 6 0.6666666666666666
879 3 1 697 1 0 0.0
880 3 1 698 1 0 0.0
881 3 1 698 1 0 0.0
881 2 7 698 7 6 0.6666666666666666
882 3 1 698 1 0 0.0
883 3 1 699 1 0 0.0
884 3 1 699 1 0 0.0
884 2 7 699 7 6 0.6666666666666666
885 3 1 701 1 0 0.0
886 3 1 702 1 0 0.0
886 2 10 703 10 9 1.0
887 3 1 704 1 0 0.0
888 3 1 704 1 0 0.0
889 3 1 705 1 0 0.0
890 3 1 705 1 0 0.0
891 3 1 705 1 0 0.0
892 3 1 705 1 0 0.0
892 2 7 705 7 6 0.6666666666666666
893 3 1 705 1 0 0.0
894 3 1 705 1 0 0.0
895 3 1 705 1 0 0.0
895 2 7 705 7 6 0.6666666666666666
896 3 1 706 1 0 0.0
897 3 1 706 1 0 0.0
898 3 1 706 1 0 0.0
898 2 7 706 7 6 0.6666666666666666
899 3 1 706 1 0 0.0
899 2 7 706 7 6 0.6666666666666666
900 3 1 706 1 0 0.0
901 3 1 707 1 0 0.0
902 3 1 707 1 0 0.0
903 3 1 707 1 0 0.0
903 2 7 707 7 6 0.6666666666666666
904 3 1 707 1 0 0.0
904 2 7 707 7 6 0.6666666666666666
905 3 1 707 1 0 0.0
905 2 7 707 7 6 0.6666666666666666
906 3 1 708 1 0 0.0
907 3 1 708 1 0 0.0
908 3 1 708 1 0 0.0
909 3 1 708 1 0 0.0
910 3 1 708 1 0 0.0
910 2 7 708 7 6 0.6666666666666666
911 3 1 708 1 0 0.0
911 2 7 708 7 6 0.6666666666666666
912 3 1 708 1 0 0.0
913 3 1 708 1 0 0.0
914 3 1 708 1 0 0.0
914 2 7 709 7 6 0.6666666666666666
915 3 1 709 1 0 0.0
916 3 1 709 1 0 0.0
916 2 7 710 7 6 0.6666666666666666
917 3 1 710 1 0 0.0
917 2 7 710 7 6 0.6666666666666666
918 3 1 710 1 0 0.0
919 3 1 710 1 0 0.0
920 3 1 710 1 0 0.0
921 3 1 710 1 0 0.0
922 3 1 710 1 0 0.0
922 2 7 710 7 6 0.6666666666666666
923 3 1 710 1 0 0.0
923 2 7 710 7 6 0.6666666666666666
924 3 1 710 1 0 0.0
924 2 7 710 7 6 0.6666666666666666
925 3 1 710 1 0 0.0
926 3 1 710 1 0 0.0
927 3 1 710 1 0 0.0
928 3 1 710 1 0 0.0
928 2 7 710 7 6 0.6666666666666666
929 3 1 710 1 0 0.0
930 3 1 710 1 0 0.0
930 2 7 710 7 6 0.6666666666666666
931 3 1 710 1 0 0.0
932 3 1 710 1 0 0.0
932 2 7 710 7 6 0.6666666666666666
933 3 1 710 1 0 0.0
934 3 1 710 1 0 0.0
935 3 1 710 1 0 0.0
936 3 1 710 1 0 0.0
937 3 1 710 1 0 0.0
937 2 7 710 7 6 0.6666666666666666
938 3 1 710 1 0 0.0
939 3 1 710 1 0 0.0
940 3 1 711 1 0 0.0
941 3 1 711 1 0 0.0
942 3 1 711 1 0 0.0
942 2 7 711 7 6 0.6666666666666666
943 3 1 711 1 0 0.0
944 3 1 713 1 0 0.0
945 3 1 713 1 0 0.0
946 3 1 713 1 0 0.0
946 2 7 713 7 6 0.6666666666666666
947 3 1 713 1 0 0.0
948 3 1 714 1 0 0.0
949 2 7 714 7 6 0.6666666666666666
949 3 1 714 1 0 0.0
950 3 1 714 1 0 0.0
951 3 1 714 1 0 0.0
952 3 1 714 1 0 0.0
952 2 7 714 7 6 0.6666666666666666
953 3 1 714 1 0 0.0
953 2 7 714 7 6 0.6666666666666666
954 3 1 715 1 0 0.0
955 3 1 715 1 0 0.0
955 2 7 715 7 6 0.6666666666666666
956 3 1 715 1 0 0.0
957 3 1 715 1 0 0.0
958 3 1 715 1 0 0.0
959 3 1 716 1 0 0.0
960 3 1 716 1 0 0.0
960 2 7 716 7 6 0.6666666666666666
961 3 1 716 1 0 0.0
961 2 7 716 7 6 0.6666666666666666
962 3 1 716 1 0 0.0
962 2 7 716 7 6 0.6666666666666666
963 3 1 716 1 0 0.0
963 2 7 716 7 6 0.6666666666666666
964 2 7 717 7 6 0.6666666666666666
964 3 1 717 1 0 0.0
965 3 1 717 1 0 0.0
966 3 1 717 1 0 0.0
967 3 1 717 1 0 0.0
968 3 1 717 1 0 0.0
968 2 10 718 10 9 1.0
969 3 1 718 1 0 0.0
970 3 1 718 1 0 0.0
970 2 7 719 7 6 0.6666666666666666
971 3 1 719 1 0 0.0
972 3 1 719 1 0 0.0
972 2 7 719 7 6 0.6666666666666666
973 3 1 719 1 0 0.0
974 3 1 719 1 0 0.0
975 2 7 719 7 6 0.6666666666666666
975 3 1 719 1 0 0.0
976 3 1 720 1 0 0.0
977 2 7 720 7 6 0.6666666666666666
977 3 1 720 1 0 0.0
978 3 1 721 1 0 0.0
978 2 7 721 7 6 0.6666666666666666
979 3 1 721 1 0 0.0
980 3 1 722 1 0 0.0
980 2 7 722 7 6 0.6666666666666666
981 3 1 722 1 0 0.0
981 2 7 722 7 6 0.6666666666666666
982 3 1 722 1 0 0.0
983 3 1 722 1 0 0.0
984 3 1 722 1 0 0.0
985 3 1 722 1 0 0.0
986 3 1 722 1 0 0.0
987 3 1 722 1 0 0.0
988 3 1 723 1 0 0.0
989 2 7 723 7 6 0.6666666666666666
989 3 1 723 1 0 0.0
990 3 1 723 1 0 0.0
991 2 1 725 1 0 0.0
992 2 1 725 1 0 0.0
992 1 9 725 9 8 0.8888888888888888
993 2 1 725 1 0 0.0
994 2 1 725 1 0 0.0
995 2 1 726 1 0 0.0
996 2 1 726 1 0 0.0
997 2 1 726 1 0 0.0
998 2 1 727 1 0 0.0
999 2 1 727 1 0 0.0
1000 2 1 727 1 0 0.0
