gen testSuiteSize notKilledMutants number_of_tests no_discount_objective no_equiv_mut_not_killed no_equiv_mut_not_killed_perc
1 4 9 26 9 8 0.8888888888888888
1 5 1 36 1 0 0.0
1 3 10 45 10 9 1.0
2 4 9 50 9 8 0.8888888888888888
2 5 1 52 1 0 0.0
3 5 1 57 1 0 0.0
4 5 1 64 1 0 0.0
5 5 1 69 1 0 0.0
6 5 1 73 1 0 0.0
6 4 10 74 10 9 1.0
7 5 1 76 1 0 0.0
8 5 1 79 1 0 0.0
9 5 1 83 1 0 0.0
10 5 1 87 1 0 0.0
10 4 10 89 10 9 1.0
11 5 1 89 1 0 0.0
12 5 1 91 1 0 0.0
12 4 10 93 10 9 1.0
13 5 1 95 1 0 0.0
13 4 10 96 10 9 1.0
14 5 1 96 1 0 0.0
14 4 10 96 10 9 1.0
15 5 1 97 1 0 0.0
15 4 10 100 10 9 1.0
16 5 1 101 1 0 0.0
17 5 1 101 1 0 0.0
18 5 1 107 1 0 0.0
18 4 10 110 10 9 1.0
19 5 1 110 1 0 0.0
20 5 1 114 1 0 0.0
20 4 10 114 10 9 1.0
21 5 1 118 1 0 0.0
22 5 1 123 1 0 0.0
22 4 10 125 10 9 1.0
23 5 1 127 1 0 0.0
23 4 10 127 10 9 1.0
24 5 1 128 1 0 0.0
25 5 1 135 1 0 0.0
26 4 10 137 10 9 1.0
26 5 1 138 1 0 0.0
27 5 1 143 1 0 0.0
28 5 1 146 1 0 0.0
29 5 1 150 1 0 0.0
30 5 1 153 1 0 0.0
31 5 1 158 1 0 0.0
32 5 1 159 1 0 0.0
33 5 1 163 1 0 0.0
34 5 1 166 1 0 0.0
34 4 10 171 10 9 1.0
35 5 1 175 1 0 0.0
36 5 1 183 1 0 0.0
37 5 1 186 1 0 0.0
38 5 1 191 1 0 0.0
38 4 10 192 10 9 1.0
39 5 1 194 1 0 0.0
39 4 10 196 10 9 1.0
40 5 1 198 1 0 0.0
40 4 10 202 10 9 1.0
41 5 1 202 1 0 0.0
41 4 10 203 10 9 1.0
42 5 1 205 1 0 0.0
42 4 10 205 10 9 1.0
43 5 1 206 1 0 0.0
43 4 10 207 10 9 1.0
44 5 1 208 1 0 0.0
45 5 1 212 1 0 0.0
46 5 1 214 1 0 0.0
46 4 10 214 10 9 1.0
47 5 1 219 1 0 0.0
48 5 1 223 1 0 0.0
48 4 10 223 10 9 1.0
49 5 1 225 1 0 0.0
50 5 1 231 1 0 0.0
51 5 1 233 1 0 0.0
51 4 10 233 10 9 1.0
52 5 1 235 1 0 0.0
53 5 1 238 1 0 0.0
54 5 1 244 1 0 0.0
54 4 10 246 10 9 1.0
55 5 1 246 1 0 0.0
56 5 1 254 1 0 0.0
56 4 10 254 10 9 1.0
57 5 1 256 1 0 0.0
58 5 1 257 1 0 0.0
59 5 1 258 1 0 0.0
60 5 1 258 1 0 0.0
61 5 1 262 1 0 0.0
62 5 1 265 1 0 0.0
63 5 1 267 1 0 0.0
63 4 10 267 10 9 1.0
64 5 1 271 1 0 0.0
65 5 1 275 1 0 0.0
66 5 1 276 1 0 0.0
67 5 1 278 1 0 0.0
68 5 1 284 1 0 0.0
69 5 1 286 1 0 0.0
69 4 10 290 10 9 1.0
70 5 1 290 1 0 0.0
70 4 10 290 10 9 1.0
71 5 1 292 1 0 0.0
72 5 1 297 1 0 0.0
72 4 10 302 10 9 1.0
73 5 1 304 1 0 0.0
74 5 1 306 1 0 0.0
74 4 10 308 10 9 1.0
75 5 1 308 1 0 0.0
75 4 10 311 10 9 1.0
76 5 1 311 1 0 0.0
76 4 10 311 10 9 1.0
77 5 1 312 1 0 0.0
78 5 1 316 1 0 0.0
79 5 1 320 1 0 0.0
80 5 1 325 1 0 0.0
81 5 1 326 1 0 0.0
82 5 1 328 1 0 0.0
83 5 1 330 1 0 0.0
84 5 1 331 1 0 0.0
85 5 1 334 1 0 0.0
86 5 1 337 1 0 0.0
87 5 1 338 1 0 0.0
88 5 1 339 1 0 0.0
89 5 1 341 1 0 0.0
90 5 1 343 1 0 0.0
91 5 1 346 1 0 0.0
92 5 1 349 1 0 0.0
92 4 10 349 10 9 1.0
93 5 1 351 1 0 0.0
93 4 10 354 10 9 1.0
94 5 1 354 1 0 0.0
95 5 1 356 1 0 0.0
96 5 1 359 1 0 0.0
96 4 10 359 10 9 1.0
97 5 1 359 1 0 0.0
98 5 1 359 1 0 0.0
99 5 1 361 1 0 0.0
99 4 10 361 10 9 1.0
100 5 1 362 1 0 0.0
101 5 1 363 1 0 0.0
102 5 1 365 1 0 0.0
102 4 10 366 10 9 1.0
103 5 1 369 1 0 0.0
104 5 1 373 1 0 0.0
104 4 10 374 10 9 1.0
105 5 1 375 1 0 0.0
106 5 1 379 1 0 0.0
107 5 1 382 1 0 0.0
108 5 1 385 1 0 0.0
109 5 1 387 1 0 0.0
110 5 1 390 1 0 0.0
110 4 10 390 10 9 1.0
111 5 1 392 1 0 0.0
112 5 1 395 1 0 0.0
112 4 10 398 10 9 1.0
113 5 1 398 1 0 0.0
114 5 1 400 1 0 0.0
115 5 1 402 1 0 0.0
116 5 1 404 1 0 0.0
117 5 1 407 1 0 0.0
118 5 1 409 1 0 0.0
119 5 1 414 1 0 0.0
119 4 10 415 10 9 1.0
120 5 1 415 1 0 0.0
120 4 10 415 10 9 1.0
121 5 1 418 1 0 0.0
122 5 1 421 1 0 0.0
122 4 10 422 10 9 1.0
123 5 1 424 1 0 0.0
123 4 10 424 10 9 1.0
124 5 1 426 1 0 0.0
124 4 10 427 10 9 1.0
125 5 1 427 1 0 0.0
126 5 1 428 1 0 0.0
127 4 10 429 10 9 1.0
127 5 1 429 1 0 0.0
128 5 1 429 1 0 0.0
129 5 1 430 1 0 0.0
130 5 1 432 1 0 0.0
131 5 1 434 1 0 0.0
131 4 10 434 10 9 1.0
132 5 1 436 1 0 0.0
133 5 1 440 1 0 0.0
134 5 1 442 1 0 0.0
135 5 1 444 1 0 0.0
136 5 1 448 1 0 0.0
137 5 1 448 1 0 0.0
137 4 10 448 10 9 1.0
138 5 1 451 1 0 0.0
139 5 1 455 1 0 0.0
139 4 10 457 10 9 1.0
140 5 1 457 1 0 0.0
141 5 1 458 1 0 0.0
141 4 10 458 10 9 1.0
142 4 10 461 10 9 1.0
142 5 1 461 1 0 0.0
143 5 1 463 1 0 0.0
144 5 1 465 1 0 0.0
144 4 10 466 10 9 1.0
145 5 1 467 1 0 0.0
146 5 1 468 1 0 0.0
147 5 1 470 1 0 0.0
147 4 10 471 10 9 1.0
148 5 1 471 1 0 0.0
149 5 1 472 1 0 0.0
149 4 10 472 10 9 1.0
150 5 1 475 1 0 0.0
151 5 1 479 1 0 0.0
152 5 1 480 1 0 0.0
153 5 1 483 1 0 0.0
154 5 1 484 1 0 0.0
155 5 1 486 1 0 0.0
156 5 1 490 1 0 0.0
156 4 10 492 10 9 1.0
157 5 1 492 1 0 0.0
158 5 1 493 1 0 0.0
159 5 1 498 1 0 0.0
159 4 10 498 10 9 1.0
160 5 1 499 1 0 0.0
161 5 1 499 1 0 0.0
161 4 10 501 10 9 1.0
162 5 1 503 1 0 0.0
163 5 1 504 1 0 0.0
164 5 1 505 1 0 0.0
165 5 1 507 1 0 0.0
165 4 10 508 10 9 1.0
166 5 1 508 1 0 0.0
167 5 1 508 1 0 0.0
167 4 10 510 10 9 1.0
168 5 1 513 1 0 0.0
169 5 1 514 1 0 0.0
169 4 10 514 10 9 1.0
170 5 1 514 1 0 0.0
170 4 10 515 10 9 1.0
171 5 1 516 1 0 0.0
172 5 1 517 1 0 0.0
173 5 1 517 1 0 0.0
174 5 1 520 1 0 0.0
175 5 1 520 1 0 0.0
176 5 1 521 1 0 0.0
176 4 10 521 10 9 1.0
177 5 1 522 1 0 0.0
178 5 1 522 1 0 0.0
178 4 10 525 10 9 1.0
179 5 1 526 1 0 0.0
180 5 1 526 1 0 0.0
181 5 1 529 1 0 0.0
181 4 10 529 10 9 1.0
182 5 1 530 1 0 0.0
182 4 10 530 10 9 1.0
183 5 1 531 1 0 0.0
184 5 1 532 1 0 0.0
185 5 1 534 1 0 0.0
186 5 1 536 1 0 0.0
186 4 10 537 10 9 1.0
187 5 1 537 1 0 0.0
188 5 1 541 1 0 0.0
189 5 1 544 1 0 0.0
189 4 10 545 10 9 1.0
190 5 1 545 1 0 0.0
190 4 10 545 10 9 1.0
191 5 1 546 1 0 0.0
191 4 10 546 10 9 1.0
192 5 1 546 1 0 0.0
192 4 10 546 10 9 1.0
193 5 1 547 1 0 0.0
194 5 1 550 1 0 0.0
195 5 1 553 1 0 0.0
196 5 1 554 1 0 0.0
197 5 1 556 1 0 0.0
197 4 10 556 10 9 1.0
198 5 1 556 1 0 0.0
199 5 1 557 1 0 0.0
200 5 1 557 1 0 0.0
201 5 1 558 1 0 0.0
201 4 10 559 10 9 1.0
202 5 1 559 1 0 0.0
202 4 10 559 10 9 1.0
203 5 1 559 1 0 0.0
204 5 1 559 1 0 0.0
205 5 1 560 1 0 0.0
205 4 10 562 10 9 1.0
206 5 1 562 1 0 0.0
207 5 1 565 1 0 0.0
208 5 1 567 1 0 0.0
209 5 1 569 1 0 0.0
210 4 10 570 10 9 1.0
210 5 1 571 1 0 0.0
211 5 1 573 1 0 0.0
212 5 1 573 1 0 0.0
212 4 10 573 10 9 1.0
213 5 1 576 1 0 0.0
214 5 1 578 1 0 0.0
215 5 1 579 1 0 0.0
215 4 10 579 10 9 1.0
216 5 1 579 1 0 0.0
217 5 1 581 1 0 0.0
218 5 1 582 1 0 0.0
218 4 10 583 10 9 1.0
219 5 1 583 1 0 0.0
220 5 1 585 1 0 0.0
220 4 10 585 10 9 1.0
221 5 1 585 1 0 0.0
222 5 1 586 1 0 0.0
223 5 1 586 1 0 0.0
224 4 10 586 10 9 1.0
224 5 1 586 1 0 0.0
225 5 1 586 1 0 0.0
225 4 10 586 10 9 1.0
226 5 1 588 1 0 0.0
227 5 1 589 1 0 0.0
228 5 1 590 1 0 0.0
229 5 1 591 1 0 0.0
229 4 10 592 10 9 1.0
230 5 1 594 1 0 0.0
230 4 10 594 10 9 1.0
231 5 1 595 1 0 0.0
232 5 1 597 1 0 0.0
233 5 1 598 1 0 0.0
234 5 1 599 1 0 0.0
235 5 1 600 1 0 0.0
235 4 10 600 10 9 1.0
236 5 1 600 1 0 0.0
237 5 1 601 1 0 0.0
237 4 10 601 10 9 1.0
238 5 1 601 1 0 0.0
239 5 1 602 1 0 0.0
240 5 1 603 1 0 0.0
241 5 1 603 1 0 0.0
242 5 1 605 1 0 0.0
242 4 10 605 10 9 1.0
243 5 1 605 1 0 0.0
244 5 1 608 1 0 0.0
245 5 1 611 1 0 0.0
246 5 1 611 1 0 0.0
247 5 1 612 1 0 0.0
247 4 10 613 10 9 1.0
248 5 1 614 1 0 0.0
249 5 1 615 1 0 0.0
250 5 1 616 1 0 0.0
250 4 10 616 10 9 1.0
251 5 1 616 1 0 0.0
252 5 1 617 1 0 0.0
253 5 1 617 1 0 0.0
253 4 10 617 10 9 1.0
254 5 1 617 1 0 0.0
254 4 10 617 10 9 1.0
255 5 1 617 1 0 0.0
256 5 1 620 1 0 0.0
256 4 10 621 10 9 1.0
257 5 1 621 1 0 0.0
258 5 1 623 1 0 0.0
259 5 1 626 1 0 0.0
259 4 10 626 10 9 1.0
260 5 1 628 1 0 0.0
260 4 10 629 10 9 1.0
261 5 1 631 1 0 0.0
262 5 1 631 1 0 0.0
262 4 10 631 10 9 1.0
263 5 1 631 1 0 0.0
264 5 1 632 1 0 0.0
265 5 1 633 1 0 0.0
265 4 10 634 10 9 1.0
266 5 1 634 1 0 0.0
267 5 1 637 1 0 0.0
268 5 1 639 1 0 0.0
268 4 9 640 9 8 0.8888888888888888
269 5 1 641 1 0 0.0
270 4 10 641 10 9 1.0
270 5 1 641 1 0 0.0
271 5 1 643 1 0 0.0
272 5 1 644 1 0 0.0
273 5 1 644 1 0 0.0
274 4 10 647 10 9 1.0
274 5 1 647 1 0 0.0
275 5 1 648 1 0 0.0
275 4 10 650 10 9 1.0
276 5 1 650 1 0 0.0
277 5 1 653 1 0 0.0
278 5 1 653 1 0 0.0
279 5 1 655 1 0 0.0
279 4 10 655 10 9 1.0
280 5 1 655 1 0 0.0
280 4 10 655 10 9 1.0
281 5 1 656 1 0 0.0
282 5 1 657 1 0 0.0
283 4 10 658 10 9 1.0
283 5 1 659 1 0 0.0
284 5 1 660 1 0 0.0
284 4 10 661 10 9 1.0
285 5 1 663 1 0 0.0
286 4 10 664 10 9 1.0
286 5 1 664 1 0 0.0
287 5 1 664 1 0 0.0
288 5 1 667 1 0 0.0
288 4 10 667 10 9 1.0
289 5 1 668 1 0 0.0
289 4 10 668 10 9 1.0
290 5 1 668 1 0 0.0
291 5 1 670 1 0 0.0
291 4 10 670 10 9 1.0
292 5 1 672 1 0 0.0
293 5 1 672 1 0 0.0
294 5 1 674 1 0 0.0
295 5 1 676 1 0 0.0
295 4 10 678 10 9 1.0
296 5 1 679 1 0 0.0
296 4 10 679 10 9 1.0
297 5 1 680 1 0 0.0
298 5 1 680 1 0 0.0
298 4 10 680 10 9 1.0
299 5 1 680 1 0 0.0
300 5 1 680 1 0 0.0
301 5 1 680 1 0 0.0
302 5 1 681 1 0 0.0
303 5 1 683 1 0 0.0
303 4 10 683 10 9 1.0
304 5 1 683 1 0 0.0
304 4 10 683 10 9 1.0
305 5 1 683 1 0 0.0
305 4 10 683 10 9 1.0
306 5 1 683 1 0 0.0
307 5 1 685 1 0 0.0
307 4 10 685 10 9 1.0
308 4 10 686 10 9 1.0
308 5 1 686 1 0 0.0
309 5 1 689 1 0 0.0
310 5 1 689 1 0 0.0
311 5 1 690 1 0 0.0
312 5 1 691 1 0 0.0
312 4 10 691 10 9 1.0
313 5 1 695 1 0 0.0
313 4 10 695 10 9 1.0
314 5 1 696 1 0 0.0
315 5 1 696 1 0 0.0
316 5 1 697 1 0 0.0
317 5 1 698 1 0 0.0
318 5 1 700 1 0 0.0
318 4 10 700 10 9 1.0
319 5 1 700 1 0 0.0
319 4 10 700 10 9 1.0
320 5 1 700 1 0 0.0
321 5 1 702 1 0 0.0
322 5 1 702 1 0 0.0
322 4 10 702 10 9 1.0
323 5 1 702 1 0 0.0
324 5 1 703 1 0 0.0
325 5 1 703 1 0 0.0
325 4 10 703 10 9 1.0
326 5 1 704 1 0 0.0
326 4 10 704 10 9 1.0
327 5 1 705 1 0 0.0
327 4 10 705 10 9 1.0
328 5 1 705 1 0 0.0
329 5 1 706 1 0 0.0
329 4 10 707 10 9 1.0
330 5 1 708 1 0 0.0
331 5 1 708 1 0 0.0
332 5 1 708 1 0 0.0
333 5 1 708 1 0 0.0
333 4 10 708 10 9 1.0
334 5 1 708 1 0 0.0
335 5 1 709 1 0 0.0
335 4 10 709 10 9 1.0
336 5 1 709 1 0 0.0
336 4 10 709 10 9 1.0
337 5 1 711 1 0 0.0
337 4 10 711 10 9 1.0
338 5 1 711 1 0 0.0
339 5 1 712 1 0 0.0
340 5 1 712 1 0 0.0
341 5 1 713 1 0 0.0
341 4 10 713 10 9 1.0
342 5 1 713 1 0 0.0
343 5 1 713 1 0 0.0
344 5 1 717 1 0 0.0
344 4 10 717 10 9 1.0
345 5 1 717 1 0 0.0
346 4 10 717 10 9 1.0
346 5 1 717 1 0 0.0
347 5 1 718 1 0 0.0
348 5 1 718 1 0 0.0
349 5 1 718 1 0 0.0
350 5 1 718 1 0 0.0
350 4 10 718 10 9 1.0
351 5 1 718 1 0 0.0
352 5 1 718 1 0 0.0
353 5 1 718 1 0 0.0
353 4 10 719 10 9 1.0
354 5 1 719 1 0 0.0
355 5 1 720 1 0 0.0
356 5 1 721 1 0 0.0
357 5 1 725 1 0 0.0
357 4 10 725 10 9 1.0
358 5 1 725 1 0 0.0
359 5 1 726 1 0 0.0
359 4 10 726 10 9 1.0
360 5 1 726 1 0 0.0
360 4 10 726 10 9 1.0
361 5 1 727 1 0 0.0
362 5 1 727 1 0 0.0
362 4 10 727 10 9 1.0
363 5 1 727 1 0 0.0
364 5 1 727 1 0 0.0
364 4 10 729 10 9 1.0
365 5 1 729 1 0 0.0
366 5 1 729 1 0 0.0
366 4 10 729 10 9 1.0
367 5 1 730 1 0 0.0
368 5 1 730 1 0 0.0
369 5 1 730 1 0 0.0
370 5 1 731 1 0 0.0
371 5 1 731 1 0 0.0
372 5 1 731 1 0 0.0
373 5 1 732 1 0 0.0
374 5 1 732 1 0 0.0
374 4 10 733 10 9 1.0
375 5 1 733 1 0 0.0
376 5 1 736 1 0 0.0
376 4 10 736 10 9 1.0
377 5 1 737 1 0 0.0
378 5 1 737 1 0 0.0
378 4 10 737 10 9 1.0
379 5 1 737 1 0 0.0
380 5 1 738 1 0 0.0
380 4 10 738 10 9 1.0
381 5 1 738 1 0 0.0
381 4 10 739 10 9 1.0
382 5 1 739 1 0 0.0
383 5 1 740 1 0 0.0
384 5 1 741 1 0 0.0
384 4 10 741 10 9 1.0
385 5 1 741 1 0 0.0
386 5 1 741 1 0 0.0
386 4 10 741 10 9 1.0
387 5 1 741 1 0 0.0
388 5 1 741 1 0 0.0
388 4 10 742 10 9 1.0
389 5 1 742 1 0 0.0
390 5 1 745 1 0 0.0
391 5 1 746 1 0 0.0
392 5 1 746 1 0 0.0
393 5 1 748 1 0 0.0
394 5 1 748 1 0 0.0
394 4 10 749 10 9 1.0
395 5 1 750 1 0 0.0
396 5 1 750 1 0 0.0
396 4 10 750 10 9 1.0
397 5 1 750 1 0 0.0
397 4 10 750 10 9 1.0
398 4 10 750 10 9 1.0
398 5 1 750 1 0 0.0
399 4 10 750 10 9 1.0
399 5 1 750 1 0 0.0
400 5 1 750 1 0 0.0
401 5 1 751 1 0 0.0
402 5 1 751 1 0 0.0
402 4 10 751 10 9 1.0
403 5 1 752 1 0 0.0
404 5 1 752 1 0 0.0
405 5 1 753 1 0 0.0
406 5 1 753 1 0 0.0
406 4 10 755 10 9 1.0
407 5 1 755 1 0 0.0
408 5 1 755 1 0 0.0
409 5 1 756 1 0 0.0
410 5 1 756 1 0 0.0
411 5 1 758 1 0 0.0
412 5 1 758 1 0 0.0
413 5 1 758 1 0 0.0
413 4 10 759 10 9 1.0
414 5 1 759 1 0 0.0
415 5 1 760 1 0 0.0
416 5 1 760 1 0 0.0
417 5 1 762 1 0 0.0
417 4 10 762 10 9 1.0
418 5 1 762 1 0 0.0
418 4 10 762 10 9 1.0
419 5 1 762 1 0 0.0
420 5 1 763 1 0 0.0
420 4 10 763 10 9 1.0
421 5 1 763 1 0 0.0
422 5 1 764 1 0 0.0
423 5 1 767 1 0 0.0
424 5 1 768 1 0 0.0
425 5 1 769 1 0 0.0
426 5 1 770 1 0 0.0
426 4 10 770 10 9 1.0
427 5 1 770 1 0 0.0
428 5 1 770 1 0 0.0
429 5 1 770 1 0 0.0
430 5 1 771 1 0 0.0
431 5 1 771 1 0 0.0
432 5 1 772 1 0 0.0
433 5 1 772 1 0 0.0
433 4 10 772 10 9 1.0
434 5 1 774 1 0 0.0
434 4 10 775 10 9 1.0
435 5 1 775 1 0 0.0
435 4 10 775 10 9 1.0
436 5 1 775 1 0 0.0
437 5 1 775 1 0 0.0
437 4 10 776 10 9 1.0
438 5 1 777 1 0 0.0
438 4 10 777 10 9 1.0
439 5 1 777 1 0 0.0
440 5 1 778 1 0 0.0
441 5 1 778 1 0 0.0
442 5 1 779 1 0 0.0
442 4 10 781 10 9 1.0
443 5 1 781 1 0 0.0
444 5 1 782 1 0 0.0
445 5 1 782 1 0 0.0
446 5 1 782 1 0 0.0
447 5 1 783 1 0 0.0
448 5 1 785 1 0 0.0
448 4 10 786 10 9 1.0
449 5 1 787 1 0 0.0
450 5 1 787 1 0 0.0
451 5 1 788 1 0 0.0
451 4 10 789 10 9 1.0
452 5 1 789 1 0 0.0
453 5 1 790 1 0 0.0
454 5 1 792 1 0 0.0
455 5 1 792 1 0 0.0
455 4 10 793 10 9 1.0
456 5 1 793 1 0 0.0
457 5 1 794 1 0 0.0
457 4 10 794 10 9 1.0
458 5 1 794 1 0 0.0
459 5 1 794 1 0 0.0
459 4 10 794 10 9 1.0
460 5 1 794 1 0 0.0
460 4 10 794 10 9 1.0
461 5 1 795 1 0 0.0
462 4 10 795 10 9 1.0
462 5 1 795 1 0 0.0
463 5 1 795 1 0 0.0
463 4 10 796 10 9 1.0
464 5 1 798 1 0 0.0
464 4 10 799 10 9 1.0
465 5 1 799 1 0 0.0
466 5 1 799 1 0 0.0
467 5 1 799 1 0 0.0
467 4 10 799 10 9 1.0
468 5 1 801 1 0 0.0
468 4 10 801 10 9 1.0
469 5 1 802 1 0 0.0
470 5 1 802 1 0 0.0
470 4 10 802 10 9 1.0
471 5 1 803 1 0 0.0
472 5 1 803 1 0 0.0
473 5 1 804 1 0 0.0
474 5 1 805 1 0 0.0
474 4 10 805 10 9 1.0
475 5 1 806 1 0 0.0
475 4 10 806 10 9 1.0
476 5 1 806 1 0 0.0
476 4 10 808 10 9 1.0
477 5 1 808 1 0 0.0
478 5 1 808 1 0 0.0
478 4 10 808 10 9 1.0
479 5 1 809 1 0 0.0
480 5 1 809 1 0 0.0
481 5 1 809 1 0 0.0
482 5 1 810 1 0 0.0
483 5 1 810 1 0 0.0
483 4 10 811 10 9 1.0
484 5 1 811 1 0 0.0
485 5 1 813 1 0 0.0
486 5 1 814 1 0 0.0
486 4 10 814 10 9 1.0
487 5 1 814 1 0 0.0
488 5 1 814 1 0 0.0
488 4 10 814 10 9 1.0
489 5 1 814 1 0 0.0
490 5 1 814 1 0 0.0
490 4 10 814 10 9 1.0
491 4 10 814 10 9 1.0
491 5 1 814 1 0 0.0
492 5 1 814 1 0 0.0
493 5 1 814 1 0 0.0
494 5 1 814 1 0 0.0
495 5 1 814 1 0 0.0
496 5 1 815 1 0 0.0
496 4 10 815 10 9 1.0
497 5 1 815 1 0 0.0
498 5 1 815 1 0 0.0
498 4 10 815 10 9 1.0
499 5 1 815 1 0 0.0
499 4 10 815 10 9 1.0
500 5 1 816 1 0 0.0
500 4 10 816 10 9 1.0
501 5 1 816 1 0 0.0
502 5 1 816 1 0 0.0
503 5 1 817 1 0 0.0
504 5 1 817 1 0 0.0
505 5 1 817 1 0 0.0
506 5 1 817 1 0 0.0
507 5 1 817 1 0 0.0
508 5 1 818 1 0 0.0
509 5 1 819 1 0 0.0
510 5 1 820 1 0 0.0
511 5 1 820 1 0 0.0
512 5 1 820 1 0 0.0
513 5 1 820 1 0 0.0
514 5 1 821 1 0 0.0
514 4 10 821 10 9 1.0
515 5 1 821 1 0 0.0
515 4 10 821 10 9 1.0
516 5 1 822 1 0 0.0
517 5 1 822 1 0 0.0
518 5 1 822 1 0 0.0
519 4 10 822 10 9 1.0
519 5 1 822 1 0 0.0
520 5 1 822 1 0 0.0
521 5 1 822 1 0 0.0
522 5 1 822 1 0 0.0
523 5 1 823 1 0 0.0
523 4 10 823 10 9 1.0
524 5 1 823 1 0 0.0
524 4 10 823 10 9 1.0
525 5 1 823 1 0 0.0
526 5 1 823 1 0 0.0
526 4 10 823 10 9 1.0
527 5 1 823 1 0 0.0
528 5 1 827 1 0 0.0
528 4 10 828 10 9 1.0
529 4 10 828 10 9 1.0
529 5 1 828 1 0 0.0
530 5 1 828 1 0 0.0
531 5 1 829 1 0 0.0
531 4 10 829 10 9 1.0
532 5 1 830 1 0 0.0
532 4 10 830 10 9 1.0
533 5 1 830 1 0 0.0
534 5 1 830 1 0 0.0
534 4 10 830 10 9 1.0
535 5 1 830 1 0 0.0
536 5 1 831 1 0 0.0
536 4 10 831 10 9 1.0
537 5 1 831 1 0 0.0
538 5 1 831 1 0 0.0
539 5 1 832 1 0 0.0
540 5 1 832 1 0 0.0
541 5 1 832 1 0 0.0
542 5 1 832 1 0 0.0
542 4 10 832 10 9 1.0
543 5 1 832 1 0 0.0
544 5 1 832 1 0 0.0
545 5 1 832 1 0 0.0
545 4 10 832 10 9 1.0
546 5 1 832 1 0 0.0
546 4 10 833 10 9 1.0
547 5 1 833 1 0 0.0
548 5 1 833 1 0 0.0
548 4 10 833 10 9 1.0
549 5 1 833 1 0 0.0
550 5 1 833 1 0 0.0
551 5 1 834 1 0 0.0
551 4 10 834 10 9 1.0
552 5 1 836 1 0 0.0
552 4 10 836 10 9 1.0
553 5 1 836 1 0 0.0
554 5 1 836 1 0 0.0
554 4 10 838 10 9 1.0
555 5 1 838 1 0 0.0
555 4 10 838 10 9 1.0
556 5 1 838 1 0 0.0
556 4 10 838 10 9 1.0
557 5 1 838 1 0 0.0
558 5 1 838 1 0 0.0
559 5 1 838 1 0 0.0
560 5 1 839 1 0 0.0
560 4 10 840 10 9 1.0
561 5 1 840 1 0 0.0
561 4 10 840 10 9 1.0
562 5 1 840 1 0 0.0
563 5 1 840 1 0 0.0
564 5 1 841 1 0 0.0
565 5 1 841 1 0 0.0
566 5 1 841 1 0 0.0
567 5 1 841 1 0 0.0
567 4 10 842 10 9 1.0
568 5 1 842 1 0 0.0
568 4 10 842 10 9 1.0
569 5 1 842 1 0 0.0
570 5 1 842 1 0 0.0
571 5 1 842 1 0 0.0
572 5 1 844 1 0 0.0
572 4 10 844 10 9 1.0
573 5 1 844 1 0 0.0
574 5 1 844 1 0 0.0
575 5 1 844 1 0 0.0
576 5 1 844 1 0 0.0
577 5 1 845 1 0 0.0
577 4 10 845 10 9 1.0
578 5 1 845 1 0 0.0
578 4 10 845 10 9 1.0
579 5 1 845 1 0 0.0
579 4 10 845 10 9 1.0
580 5 1 845 1 0 0.0
581 5 1 845 1 0 0.0
581 4 10 845 10 9 1.0
582 5 1 845 1 0 0.0
583 5 1 845 1 0 0.0
583 4 10 845 10 9 1.0
584 5 1 845 1 0 0.0
585 5 1 845 1 0 0.0
586 5 1 845 1 0 0.0
587 5 1 845 1 0 0.0
588 5 1 845 1 0 0.0
589 5 1 846 1 0 0.0
590 5 1 846 1 0 0.0
590 4 10 846 10 9 1.0
591 5 1 846 1 0 0.0
592 5 1 847 1 0 0.0
593 5 1 847 1 0 0.0
593 4 10 847 10 9 1.0
594 5 1 847 1 0 0.0
594 4 10 847 10 9 1.0
595 5 1 848 1 0 0.0
596 5 1 848 1 0 0.0
597 5 1 849 1 0 0.0
597 4 10 849 10 9 1.0
598 5 1 849 1 0 0.0
599 5 1 849 1 0 0.0
600 5 1 849 1 0 0.0
601 5 1 849 1 0 0.0
602 5 1 849 1 0 0.0
602 4 10 849 10 9 1.0
603 5 1 849 1 0 0.0
603 4 10 849 10 9 1.0
604 5 1 849 1 0 0.0
604 4 10 850 10 9 1.0
605 5 1 850 1 0 0.0
605 4 10 850 10 9 1.0
606 5 1 850 1 0 0.0
607 5 1 850 1 0 0.0
607 4 10 850 10 9 1.0
608 5 1 850 1 0 0.0
609 5 1 850 1 0 0.0
610 5 1 850 1 0 0.0
611 5 1 850 1 0 0.0
612 5 1 851 1 0 0.0
612 4 10 852 10 9 1.0
613 5 1 852 1 0 0.0
613 4 10 852 10 9 1.0
614 5 1 852 1 0 0.0
614 4 10 852 10 9 1.0
615 5 1 853 1 0 0.0
615 4 10 854 10 9 1.0
616 5 1 854 1 0 0.0
616 4 10 854 10 9 1.0
617 5 1 854 1 0 0.0
618 5 1 855 1 0 0.0
619 5 1 855 1 0 0.0
620 5 1 855 1 0 0.0
620 4 10 856 10 9 1.0
621 5 1 856 1 0 0.0
622 5 1 856 1 0 0.0
623 5 1 856 1 0 0.0
624 5 1 856 1 0 0.0
624 4 10 856 10 9 1.0
625 5 1 856 1 0 0.0
626 5 1 857 1 0 0.0
627 5 1 857 1 0 0.0
628 5 1 857 1 0 0.0
629 5 1 858 1 0 0.0
629 4 10 858 10 9 1.0
630 5 1 858 1 0 0.0
631 4 10 858 10 9 1.0
631 5 1 858 1 0 0.0
632 5 1 859 1 0 0.0
632 4 10 859 10 9 1.0
633 5 1 859 1 0 0.0
634 5 1 859 1 0 0.0
634 4 10 859 10 9 1.0
635 5 1 859 1 0 0.0
635 4 10 859 10 9 1.0
636 5 1 859 1 0 0.0
636 4 10 859 10 9 1.0
637 5 1 859 1 0 0.0
638 4 10 859 10 9 1.0
638 5 1 859 1 0 0.0
639 5 1 860 1 0 0.0
640 5 1 860 1 0 0.0
641 5 1 860 1 0 0.0
641 4 10 860 10 9 1.0
642 5 1 860 1 0 0.0
643 5 1 860 1 0 0.0
643 4 10 860 10 9 1.0
644 5 1 860 1 0 0.0
644 4 10 861 10 9 1.0
645 5 1 861 1 0 0.0
646 4 10 861 10 9 1.0
646 5 1 861 1 0 0.0
647 5 1 861 1 0 0.0
647 4 10 861 10 9 1.0
648 4 10 862 10 9 1.0
648 5 1 862 1 0 0.0
649 5 1 862 1 0 0.0
650 5 1 862 1 0 0.0
651 5 1 863 1 0 0.0
652 4 10 863 10 9 1.0
652 5 1 864 1 0 0.0
653 4 10 866 10 9 1.0
653 5 1 866 1 0 0.0
654 5 1 867 1 0 0.0
654 4 10 867 10 9 1.0
655 5 1 867 1 0 0.0
656 5 1 867 1 0 0.0
657 5 1 869 1 0 0.0
657 4 10 869 10 9 1.0
658 5 1 869 1 0 0.0
658 4 10 870 10 9 1.0
659 5 1 870 1 0 0.0
660 5 1 870 1 0 0.0
660 4 10 870 10 9 1.0
661 5 1 870 1 0 0.0
662 5 1 870 1 0 0.0
662 4 10 870 10 9 1.0
663 5 1 870 1 0 0.0
663 4 10 870 10 9 1.0
664 5 1 870 1 0 0.0
665 5 1 870 1 0 0.0
665 4 10 870 10 9 1.0
666 5 1 870 1 0 0.0
667 5 1 870 1 0 0.0
668 5 1 871 1 0 0.0
668 4 10 871 10 9 1.0
669 5 1 871 1 0 0.0
670 5 1 872 1 0 0.0
671 5 1 873 1 0 0.0
671 4 10 874 10 9 1.0
672 5 1 874 1 0 0.0
673 5 1 875 1 0 0.0
674 5 1 876 1 0 0.0
675 5 1 876 1 0 0.0
676 5 1 876 1 0 0.0
677 5 1 876 1 0 0.0
678 5 1 876 1 0 0.0
678 4 10 876 10 9 1.0
679 5 1 876 1 0 0.0
680 5 1 876 1 0 0.0
681 5 1 876 1 0 0.0
682 5 1 877 1 0 0.0
683 5 1 877 1 0 0.0
683 4 10 877 10 9 1.0
684 5 1 877 1 0 0.0
685 5 1 878 1 0 0.0
685 4 10 878 10 9 1.0
686 5 1 878 1 0 0.0
687 5 1 878 1 0 0.0
688 5 1 879 1 0 0.0
688 4 10 879 10 9 1.0
689 5 1 879 1 0 0.0
689 4 10 879 10 9 1.0
690 5 1 879 1 0 0.0
690 4 10 879 10 9 1.0
691 5 1 879 1 0 0.0
691 4 10 879 10 9 1.0
692 5 1 879 1 0 0.0
693 5 1 879 1 0 0.0
693 4 10 881 10 9 1.0
694 5 1 881 1 0 0.0
694 4 10 881 10 9 1.0
695 5 1 881 1 0 0.0
695 4 10 881 10 9 1.0
696 5 1 881 1 0 0.0
696 4 10 881 10 9 1.0
697 5 1 881 1 0 0.0
697 4 10 881 10 9 1.0
698 5 1 881 1 0 0.0
699 5 1 882 1 0 0.0
699 4 10 882 10 9 1.0
700 5 1 883 1 0 0.0
700 4 10 883 10 9 1.0
701 5 1 883 1 0 0.0
702 5 1 883 1 0 0.0
703 5 1 883 1 0 0.0
704 5 1 883 1 0 0.0
705 5 1 884 1 0 0.0
705 4 10 885 10 9 1.0
706 5 1 885 1 0 0.0
707 5 1 885 1 0 0.0
707 4 10 885 10 9 1.0
708 5 1 885 1 0 0.0
709 5 1 887 1 0 0.0
710 5 1 887 1 0 0.0
711 5 1 887 1 0 0.0
712 5 1 887 1 0 0.0
713 5 1 887 1 0 0.0
713 4 10 887 10 9 1.0
714 5 1 887 1 0 0.0
715 5 1 887 1 0 0.0
716 5 1 889 1 0 0.0
717 5 1 889 1 0 0.0
718 5 1 889 1 0 0.0
719 5 1 889 1 0 0.0
720 5 1 889 1 0 0.0
721 5 1 889 1 0 0.0
722 5 1 889 1 0 0.0
723 5 1 889 1 0 0.0
724 5 1 889 1 0 0.0
725 5 1 889 1 0 0.0
726 5 1 889 1 0 0.0
727 5 1 889 1 0 0.0
727 4 10 890 10 9 1.0
728 5 1 890 1 0 0.0
728 4 10 890 10 9 1.0
729 4 10 890 10 9 1.0
729 5 1 890 1 0 0.0
730 5 1 891 1 0 0.0
731 4 10 891 10 9 1.0
731 5 1 891 1 0 0.0
732 5 1 891 1 0 0.0
733 5 1 891 1 0 0.0
733 4 10 891 10 9 1.0
734 5 1 891 1 0 0.0
734 4 10 891 10 9 1.0
735 5 1 891 1 0 0.0
736 5 1 891 1 0 0.0
737 5 1 894 1 0 0.0
738 5 1 894 1 0 0.0
739 5 1 895 1 0 0.0
740 5 1 895 1 0 0.0
741 5 1 895 1 0 0.0
741 4 10 896 10 9 1.0
742 5 1 896 1 0 0.0
743 5 1 896 1 0 0.0
744 5 1 898 1 0 0.0
745 5 1 899 1 0 0.0
746 5 1 899 1 0 0.0
746 4 10 899 10 9 1.0
747 5 1 900 1 0 0.0
748 5 1 900 1 0 0.0
748 4 10 900 10 9 1.0
749 5 1 900 1 0 0.0
750 5 1 900 1 0 0.0
751 5 1 900 1 0 0.0
751 4 10 900 10 9 1.0
752 5 1 900 1 0 0.0
753 5 1 900 1 0 0.0
754 5 1 900 1 0 0.0
755 5 1 900 1 0 0.0
756 5 1 900 1 0 0.0
757 5 1 900 1 0 0.0
758 5 1 900 1 0 0.0
758 4 10 900 10 9 1.0
759 5 1 900 1 0 0.0
759 4 10 900 10 9 1.0
760 5 1 900 1 0 0.0
760 4 10 900 10 9 1.0
761 5 1 900 1 0 0.0
761 4 10 902 10 9 1.0
762 5 1 902 1 0 0.0
763 5 1 902 1 0 0.0
764 5 1 902 1 0 0.0
765 5 1 903 1 0 0.0
766 5 1 903 1 0 0.0
766 4 10 903 10 9 1.0
767 5 1 903 1 0 0.0
768 5 1 903 1 0 0.0
769 5 1 903 1 0 0.0
770 5 1 903 1 0 0.0
771 5 1 903 1 0 0.0
771 4 10 903 10 9 1.0
772 5 1 903 1 0 0.0
773 5 1 903 1 0 0.0
773 4 10 903 10 9 1.0
774 5 1 903 1 0 0.0
775 5 1 903 1 0 0.0
776 5 1 903 1 0 0.0
776 4 10 903 10 9 1.0
777 5 1 903 1 0 0.0
777 4 10 903 10 9 1.0
778 5 1 903 1 0 0.0
779 5 1 903 1 0 0.0
780 5 1 903 1 0 0.0
781 5 1 903 1 0 0.0
782 5 1 903 1 0 0.0
783 5 1 903 1 0 0.0
783 4 10 903 10 9 1.0
784 5 1 903 1 0 0.0
784 4 10 903 10 9 1.0
785 5 1 904 1 0 0.0
785 4 10 904 10 9 1.0
786 5 1 904 1 0 0.0
786 4 10 904 10 9 1.0
787 5 1 904 1 0 0.0
788 5 1 904 1 0 0.0
788 4 10 904 10 9 1.0
789 5 1 904 1 0 0.0
790 5 1 904 1 0 0.0
791 5 1 904 1 0 0.0
791 4 10 904 10 9 1.0
792 5 1 904 1 0 0.0
792 4 10 904 10 9 1.0
793 5 1 904 1 0 0.0
794 4 10 904 10 9 1.0
794 5 1 904 1 0 0.0
795 5 1 904 1 0 0.0
795 4 10 904 10 9 1.0
796 5 1 904 1 0 0.0
796 4 10 904 10 9 1.0
797 5 1 904 1 0 0.0
798 5 1 904 1 0 0.0
799 5 1 904 1 0 0.0
799 4 10 904 10 9 1.0
800 5 1 904 1 0 0.0
801 5 1 904 1 0 0.0
801 4 10 904 10 9 1.0
802 5 1 904 1 0 0.0
802 4 10 904 10 9 1.0
803 5 1 904 1 0 0.0
804 5 1 904 1 0 0.0
804 4 10 904 10 9 1.0
805 5 1 904 1 0 0.0
806 5 1 904 1 0 0.0
806 4 10 904 10 9 1.0
807 5 1 904 1 0 0.0
808 5 1 904 1 0 0.0
808 4 10 904 10 9 1.0
809 5 1 904 1 0 0.0
810 5 1 904 1 0 0.0
811 5 1 905 1 0 0.0
811 4 10 905 10 9 1.0
812 5 1 905 1 0 0.0
813 5 1 905 1 0 0.0
814 5 1 906 1 0 0.0
814 4 10 907 10 9 1.0
815 5 1 907 1 0 0.0
816 5 1 907 1 0 0.0
817 5 1 907 1 0 0.0
817 4 10 907 10 9 1.0
818 4 10 907 10 9 1.0
818 5 1 907 1 0 0.0
819 5 1 907 1 0 0.0
820 5 1 908 1 0 0.0
820 4 10 909 10 9 1.0
821 5 1 909 1 0 0.0
821 4 10 909 10 9 1.0
822 5 1 909 1 0 0.0
823 5 1 910 1 0 0.0
823 4 10 910 10 9 1.0
824 5 1 910 1 0 0.0
824 4 10 911 10 9 1.0
825 5 1 911 1 0 0.0
825 4 10 911 10 9 1.0
826 5 1 911 1 0 0.0
827 5 1 911 1 0 0.0
828 5 1 911 1 0 0.0
829 5 1 911 1 0 0.0
829 4 10 911 10 9 1.0
830 5 1 911 1 0 0.0
830 4 10 911 10 9 1.0
831 5 1 912 1 0 0.0
831 4 10 912 10 9 1.0
832 5 1 913 1 0 0.0
833 5 1 913 1 0 0.0
834 5 1 913 1 0 0.0
834 4 10 913 10 9 1.0
835 5 1 913 1 0 0.0
835 4 10 914 10 9 1.0
836 5 1 914 1 0 0.0
837 5 1 914 1 0 0.0
838 5 1 914 1 0 0.0
839 5 1 916 1 0 0.0
840 5 1 916 1 0 0.0
841 5 1 916 1 0 0.0
842 5 1 916 1 0 0.0
843 5 1 916 1 0 0.0
844 5 1 916 1 0 0.0
844 4 10 916 10 9 1.0
845 5 1 916 1 0 0.0
846 5 1 916 1 0 0.0
847 5 1 916 1 0 0.0
848 5 1 916 1 0 0.0
849 5 1 916 1 0 0.0
850 5 1 916 1 0 0.0
851 5 1 916 1 0 0.0
852 4 10 916 10 9 1.0
852 5 1 916 1 0 0.0
853 5 1 916 1 0 0.0
854 5 1 916 1 0 0.0
855 5 1 916 1 0 0.0
856 5 1 917 1 0 0.0
857 5 1 917 1 0 0.0
858 5 1 917 1 0 0.0
858 4 10 917 10 9 1.0
859 5 1 917 1 0 0.0
859 4 10 917 10 9 1.0
860 4 10 917 10 9 1.0
860 5 1 917 1 0 0.0
861 5 1 917 1 0 0.0
862 5 1 918 1 0 0.0
863 5 1 918 1 0 0.0
863 4 10 918 10 9 1.0
864 5 1 918 1 0 0.0
865 5 1 918 1 0 0.0
865 4 10 918 10 9 1.0
866 5 1 918 1 0 0.0
866 4 10 918 10 9 1.0
867 5 1 919 1 0 0.0
867 4 10 919 10 9 1.0
868 5 1 920 1 0 0.0
868 4 9 920 9 8 0.8888888888888888
869 5 1 921 1 0 0.0
869 4 10 922 10 9 1.0
870 5 1 922 1 0 0.0
870 4 10 922 10 9 1.0
871 5 1 922 1 0 0.0
871 4 10 922 10 9 1.0
872 5 1 922 1 0 0.0
873 5 1 922 1 0 0.0
874 5 1 923 1 0 0.0
874 4 10 923 10 9 1.0
875 5 1 923 1 0 0.0
875 4 10 923 10 9 1.0
876 5 1 923 1 0 0.0
876 4 10 923 10 9 1.0
877 5 1 923 1 0 0.0
878 5 1 923 1 0 0.0
879 5 1 924 1 0 0.0
880 5 1 925 1 0 0.0
880 4 10 925 10 9 1.0
881 5 1 925 1 0 0.0
881 4 10 925 10 9 1.0
882 5 1 925 1 0 0.0
883 5 1 925 1 0 0.0
884 5 1 925 1 0 0.0
884 4 10 925 10 9 1.0
885 5 1 925 1 0 0.0
886 5 1 925 1 0 0.0
886 4 10 925 10 9 1.0
887 5 1 925 1 0 0.0
887 4 10 925 10 9 1.0
888 5 1 925 1 0 0.0
889 5 1 925 1 0 0.0
890 5 1 925 1 0 0.0
890 4 10 925 10 9 1.0
891 5 1 925 1 0 0.0
891 4 10 925 10 9 1.0
892 4 10 925 10 9 1.0
892 5 1 925 1 0 0.0
893 5 1 925 1 0 0.0
893 4 10 925 10 9 1.0
894 5 1 925 1 0 0.0
895 5 1 925 1 0 0.0
896 5 1 925 1 0 0.0
897 5 1 925 1 0 0.0
897 4 10 925 10 9 1.0
898 5 1 925 1 0 0.0
899 5 1 925 1 0 0.0
900 5 1 925 1 0 0.0
900 4 10 925 10 9 1.0
901 5 1 925 1 0 0.0
901 4 9 925 9 8 0.8888888888888888
902 5 1 925 1 0 0.0
903 5 1 925 1 0 0.0
904 5 1 925 1 0 0.0
904 4 10 925 10 9 1.0
905 5 1 925 1 0 0.0
905 4 10 925 10 9 1.0
906 5 1 925 1 0 0.0
907 5 1 925 1 0 0.0
908 5 1 926 1 0 0.0
908 4 10 926 10 9 1.0
909 4 10 926 10 9 1.0
909 5 1 926 1 0 0.0
910 5 1 926 1 0 0.0
911 5 1 926 1 0 0.0
912 5 1 926 1 0 0.0
913 5 1 927 1 0 0.0
913 4 10 927 10 9 1.0
914 5 1 927 1 0 0.0
915 5 1 927 1 0 0.0
916 5 1 928 1 0 0.0
916 4 10 928 10 9 1.0
917 5 1 928 1 0 0.0
918 5 1 928 1 0 0.0
918 4 10 928 10 9 1.0
919 5 1 928 1 0 0.0
920 5 1 928 1 0 0.0
920 4 10 928 10 9 1.0
921 5 1 928 1 0 0.0
921 4 10 928 10 9 1.0
922 5 1 928 1 0 0.0
923 5 1 928 1 0 0.0
923 4 10 928 10 9 1.0
924 5 1 928 1 0 0.0
924 4 10 928 10 9 1.0
925 5 1 928 1 0 0.0
925 4 10 928 10 9 1.0
926 4 10 928 10 9 1.0
926 5 1 928 1 0 0.0
927 5 1 928 1 0 0.0
927 4 10 928 10 9 1.0
928 5 1 929 1 0 0.0
929 5 1 929 1 0 0.0
930 5 1 930 1 0 0.0
930 4 10 930 10 9 1.0
931 5 1 930 1 0 0.0
931 4 10 930 10 9 1.0
932 5 1 930 1 0 0.0
933 5 1 931 1 0 0.0
934 5 1 931 1 0 0.0
935 5 1 931 1 0 0.0
936 5 1 931 1 0 0.0
936 4 10 931 10 9 1.0
937 5 1 931 1 0 0.0
938 5 1 931 1 0 0.0
938 4 10 931 10 9 1.0
939 5 1 931 1 0 0.0
940 5 1 931 1 0 0.0
941 5 1 931 1 0 0.0
941 4 10 932 10 9 1.0
942 5 1 932 1 0 0.0
942 4 10 932 10 9 1.0
943 5 1 932 1 0 0.0
944 5 1 933 1 0 0.0
945 5 1 933 1 0 0.0
946 5 1 933 1 0 0.0
947 4 1 934 1 0 0.0
948 2 10 934 10 9 1.0
949 4 1 934 1 0 0.0
950 4 1 934 1 0 0.0
951 4 1 934 1 0 0.0
952 4 1 935 1 0 0.0
953 4 1 935 1 0 0.0
953 3 10 935 10 9 1.0
954 4 1 935 1 0 0.0
955 4 1 935 1 0 0.0
956 4 1 935 1 0 0.0
957 4 1 935 1 0 0.0
958 4 1 935 1 0 0.0
958 3 10 935 10 9 1.0
959 4 1 935 1 0 0.0
960 4 1 935 1 0 0.0
961 4 1 935 1 0 0.0
961 3 10 935 10 9 1.0
962 4 1 935 1 0 0.0
963 4 1 936 1 0 0.0
964 4 1 936 1 0 0.0
964 3 10 936 10 9 1.0
965 4 1 936 1 0 0.0
966 4 1 936 1 0 0.0
966 3 10 936 10 9 1.0
967 4 1 936 1 0 0.0
968 4 1 936 1 0 0.0
969 4 1 936 1 0 0.0
970 4 1 936 1 0 0.0
970 3 10 936 10 9 1.0
971 4 1 936 1 0 0.0
971 3 10 936 10 9 1.0
972 3 10 936 10 9 1.0
972 4 1 936 1 0 0.0
973 4 1 936 1 0 0.0
974 4 1 936 1 0 0.0
975 4 1 936 1 0 0.0
976 4 1 936 1 0 0.0
976 3 10 936 10 9 1.0
977 4 1 936 1 0 0.0
977 3 10 936 10 9 1.0
978 4 1 936 1 0 0.0
979 4 1 936 1 0 0.0
980 4 1 936 1 0 0.0
981 4 1 936 1 0 0.0
982 4 1 936 1 0 0.0
982 3 10 937 10 9 1.0
983 4 1 937 1 0 0.0
984 4 1 937 1 0 0.0
984 3 10 937 10 9 1.0
985 4 1 937 1 0 0.0
986 4 1 937 1 0 0.0
987 4 1 937 1 0 0.0
988 3 10 937 10 9 1.0
988 4 1 937 1 0 0.0
989 4 1 937 1 0 0.0
989 3 10 937 10 9 1.0
990 4 1 937 1 0 0.0
991 4 1 938 1 0 0.0
991 3 10 938 10 9 1.0
992 4 1 938 1 0 0.0
993 3 10 938 10 9 1.0
993 4 1 938 1 0 0.0
994 4 1 938 1 0 0.0
994 3 10 938 10 9 1.0
995 4 1 938 1 0 0.0
996 4 1 938 1 0 0.0
997 4 1 938 1 0 0.0
997 3 10 938 10 9 1.0
998 4 1 938 1 0 0.0
999 4 1 939 1 0 0.0
1000 4 1 939 1 0 0.0
