gen testSuiteSize notKilledMutants number_of_tests no_discount_objective no_equiv_mut_not_killed no_equiv_mut_not_killed_perc
1 3 9 28 9 6 0.8571428571428571
2 3 9 44 9 6 0.8571428571428571
3 3 9 46 9 6 0.8571428571428571
4 3 9 49 9 6 0.8571428571428571
5 3 9 51 9 6 0.8571428571428571
6 3 9 55 9 6 0.8571428571428571
6 4 8 56 8 5 0.7142857142857143
7 3 9 60 9 6 0.8571428571428571
8 3 9 64 9 6 0.8571428571428571
9 3 9 69 9 6 0.8571428571428571
10 3 9 70 9 6 0.8571428571428571
11 3 9 71 9 6 0.8571428571428571
12 3 9 77 9 6 0.8571428571428571
13 3 9 82 9 6 0.8571428571428571
14 3 9 87 9 6 0.8571428571428571
15 3 9 89 9 6 0.8571428571428571
16 3 9 91 9 6 0.8571428571428571
17 3 9 94 9 6 0.8571428571428571
18 3 9 98 9 6 0.8571428571428571
19 3 9 99 9 6 0.8571428571428571
20 3 9 103 9 6 0.8571428571428571
21 3 9 105 9 6 0.8571428571428571
22 3 9 107 9 6 0.8571428571428571
23 3 9 109 9 6 0.8571428571428571
24 3 9 110 9 6 0.8571428571428571
25 3 9 113 9 6 0.8571428571428571
26 3 9 116 9 6 0.8571428571428571
27 3 9 120 9 6 0.8571428571428571
28 3 9 126 9 6 0.8571428571428571
29 3 9 129 9 6 0.8571428571428571
30 3 9 131 9 6 0.8571428571428571
31 3 9 135 9 6 0.8571428571428571
32 3 9 138 9 6 0.8571428571428571
33 3 9 140 9 6 0.8571428571428571
34 3 9 141 9 6 0.8571428571428571
35 3 9 143 9 6 0.8571428571428571
36 3 9 144 9 6 0.8571428571428571
37 2 9 148 9 6 0.8571428571428571
38 4 8 150 8 5 0.7142857142857143
38 3 9 150 9 6 0.8571428571428571
39 4 8 154 8 5 0.7142857142857143
40 4 8 155 8 5 0.7142857142857143
41 4 8 156 8 5 0.7142857142857143
41 3 10 157 10 7 1.0
42 4 8 159 8 5 0.7142857142857143
43 4 8 162 8 5 0.7142857142857143
43 3 9 162 9 6 0.8571428571428571
44 4 8 162 8 5 0.7142857142857143
45 3 9 165 9 6 0.8571428571428571
45 4 7 166 7 4 0.5714285714285714
46 2 9 168 9 6 0.8571428571428571
47 2 9 170 9 6 0.8571428571428571
48 2 9 170 9 6 0.8571428571428571
49 2 9 172 9 6 0.8571428571428571
50 2 9 173 9 6 0.8571428571428571
51 2 9 176 9 6 0.8571428571428571
52 2 9 177 9 6 0.8571428571428571
53 2 9 180 9 6 0.8571428571428571
54 2 9 185 9 6 0.8571428571428571
55 2 9 185 9 6 0.8571428571428571
56 2 9 189 9 6 0.8571428571428571
57 2 9 189 9 6 0.8571428571428571
58 2 9 191 9 6 0.8571428571428571
59 2 9 192 9 6 0.8571428571428571
59 3 7 192 7 4 0.5714285714285714
60 2 9 192 9 6 0.8571428571428571
61 2 9 194 9 6 0.8571428571428571
62 2 9 195 9 6 0.8571428571428571
63 2 9 195 9 6 0.8571428571428571
64 2 9 200 9 6 0.8571428571428571
65 2 9 201 9 6 0.8571428571428571
66 2 9 203 9 6 0.8571428571428571
67 2 9 204 9 6 0.8571428571428571
68 2 9 208 9 6 0.8571428571428571
69 2 9 211 9 6 0.8571428571428571
70 2 9 213 9 6 0.8571428571428571
71 2 9 216 9 6 0.8571428571428571
72 2 9 217 9 6 0.8571428571428571
73 2 9 217 9 6 0.8571428571428571
74 2 9 220 9 6 0.8571428571428571
75 2 9 223 9 6 0.8571428571428571
76 2 9 226 9 6 0.8571428571428571
77 2 9 226 9 6 0.8571428571428571
78 2 9 231 9 6 0.8571428571428571
79 2 9 232 9 6 0.8571428571428571
80 2 9 233 9 6 0.8571428571428571
80 4 8 235 8 5 0.7142857142857143
81 2 9 237 9 6 0.8571428571428571
82 2 9 240 9 6 0.8571428571428571
83 2 9 240 9 6 0.8571428571428571
84 2 9 242 9 6 0.8571428571428571
85 2 9 243 9 6 0.8571428571428571
85 3 7 245 7 4 0.5714285714285714
86 2 9 247 9 6 0.8571428571428571
87 2 9 248 9 6 0.8571428571428571
88 2 9 248 9 6 0.8571428571428571
89 2 9 250 9 6 0.8571428571428571
90 2 9 253 9 6 0.8571428571428571
91 2 9 256 9 6 0.8571428571428571
92 2 9 258 9 6 0.8571428571428571
93 2 9 261 9 6 0.8571428571428571
94 2 9 261 9 6 0.8571428571428571
94 3 7 261 7 4 0.5714285714285714
95 2 9 261 9 6 0.8571428571428571
96 2 9 261 9 6 0.8571428571428571
97 2 9 264 9 6 0.8571428571428571
98 2 9 265 9 6 0.8571428571428571
99 2 9 267 9 6 0.8571428571428571
100 2 9 269 9 6 0.8571428571428571
101 2 9 269 9 6 0.8571428571428571
102 2 9 270 9 6 0.8571428571428571
103 2 9 271 9 6 0.8571428571428571
104 2 9 273 9 6 0.8571428571428571
105 2 9 273 9 6 0.8571428571428571
106 2 9 274 9 6 0.8571428571428571
107 2 9 275 9 6 0.8571428571428571
108 2 9 277 9 6 0.8571428571428571
109 2 9 278 9 6 0.8571428571428571
110 2 9 282 9 6 0.8571428571428571
111 2 9 284 9 6 0.8571428571428571
112 2 9 286 9 6 0.8571428571428571
113 2 9 287 9 6 0.8571428571428571
114 2 9 287 9 6 0.8571428571428571
115 2 9 289 9 6 0.8571428571428571
116 2 9 290 9 6 0.8571428571428571
117 2 9 291 9 6 0.8571428571428571
118 2 9 292 9 6 0.8571428571428571
119 2 9 294 9 6 0.8571428571428571
120 2 9 295 9 6 0.8571428571428571
121 2 9 297 9 6 0.8571428571428571
122 2 9 298 9 6 0.8571428571428571
123 2 9 300 9 6 0.8571428571428571
124 2 9 303 9 6 0.8571428571428571
125 2 9 303 9 6 0.8571428571428571
126 2 9 305 9 6 0.8571428571428571
127 2 9 307 9 6 0.8571428571428571
128 2 9 308 9 6 0.8571428571428571
129 2 9 308 9 6 0.8571428571428571
130 2 9 309 9 6 0.8571428571428571
131 2 9 312 9 6 0.8571428571428571
132 2 9 313 9 6 0.8571428571428571
133 2 9 315 9 6 0.8571428571428571
133 3 8 315 8 5 0.7142857142857143
134 2 9 316 9 6 0.8571428571428571
135 2 9 316 9 6 0.8571428571428571
136 2 9 316 9 6 0.8571428571428571
137 2 9 317 9 6 0.8571428571428571
138 2 9 319 9 6 0.8571428571428571
139 2 9 320 9 6 0.8571428571428571
140 2 9 321 9 6 0.8571428571428571
141 2 9 323 9 6 0.8571428571428571
142 2 9 326 9 6 0.8571428571428571
143 2 9 327 9 6 0.8571428571428571
144 2 9 328 9 6 0.8571428571428571
145 2 9 330 9 6 0.8571428571428571
146 2 9 330 9 6 0.8571428571428571
147 2 9 331 9 6 0.8571428571428571
148 2 9 331 9 6 0.8571428571428571
149 2 9 333 9 6 0.8571428571428571
150 2 9 334 9 6 0.8571428571428571
151 2 9 336 9 6 0.8571428571428571
152 2 9 338 9 6 0.8571428571428571
153 2 9 341 9 6 0.8571428571428571
154 2 9 343 9 6 0.8571428571428571
155 2 9 344 9 6 0.8571428571428571
156 2 9 345 9 6 0.8571428571428571
157 2 9 347 9 6 0.8571428571428571
158 2 9 349 9 6 0.8571428571428571
159 2 9 350 9 6 0.8571428571428571
160 2 9 351 9 6 0.8571428571428571
161 2 9 351 9 6 0.8571428571428571
162 2 9 353 9 6 0.8571428571428571
163 2 9 353 9 6 0.8571428571428571
164 2 9 354 9 6 0.8571428571428571
165 2 9 355 9 6 0.8571428571428571
166 2 9 357 9 6 0.8571428571428571
167 2 9 357 9 6 0.8571428571428571
168 2 9 358 9 6 0.8571428571428571
169 2 9 359 9 6 0.8571428571428571
170 2 9 362 9 6 0.8571428571428571
171 2 9 364 9 6 0.8571428571428571
172 2 9 365 9 6 0.8571428571428571
173 2 9 368 9 6 0.8571428571428571
174 2 9 370 9 6 0.8571428571428571
175 2 9 371 9 6 0.8571428571428571
176 2 9 372 9 6 0.8571428571428571
177 2 9 372 9 6 0.8571428571428571
178 2 9 373 9 6 0.8571428571428571
179 2 9 373 9 6 0.8571428571428571
180 2 9 375 9 6 0.8571428571428571
180 3 8 376 8 5 0.7142857142857143
181 2 9 377 9 6 0.8571428571428571
182 2 9 378 9 6 0.8571428571428571
183 2 9 380 9 6 0.8571428571428571
184 2 9 382 9 6 0.8571428571428571
185 2 9 382 9 6 0.8571428571428571
186 2 9 383 9 6 0.8571428571428571
187 2 9 383 9 6 0.8571428571428571
188 2 9 386 9 6 0.8571428571428571
189 2 9 389 9 6 0.8571428571428571
190 2 9 389 9 6 0.8571428571428571
191 2 9 390 9 6 0.8571428571428571
192 2 9 391 9 6 0.8571428571428571
193 2 9 391 9 6 0.8571428571428571
194 2 9 392 9 6 0.8571428571428571
195 2 9 397 9 6 0.8571428571428571
196 2 9 397 9 6 0.8571428571428571
197 2 9 398 9 6 0.8571428571428571
198 2 9 399 9 6 0.8571428571428571
199 2 9 402 9 6 0.8571428571428571
200 2 9 402 9 6 0.8571428571428571
201 2 9 406 9 6 0.8571428571428571
202 2 9 406 9 6 0.8571428571428571
203 2 9 408 9 6 0.8571428571428571
204 2 9 409 9 6 0.8571428571428571
205 2 9 411 9 6 0.8571428571428571
206 2 9 412 9 6 0.8571428571428571
207 2 9 413 9 6 0.8571428571428571
208 2 9 414 9 6 0.8571428571428571
209 2 9 417 9 6 0.8571428571428571
210 2 9 418 9 6 0.8571428571428571
211 2 9 420 9 6 0.8571428571428571
212 2 9 420 9 6 0.8571428571428571
213 2 9 420 9 6 0.8571428571428571
214 2 9 422 9 6 0.8571428571428571
215 2 9 424 9 6 0.8571428571428571
216 2 9 425 9 6 0.8571428571428571
217 2 9 426 9 6 0.8571428571428571
218 2 9 428 9 6 0.8571428571428571
219 2 9 430 9 6 0.8571428571428571
220 2 9 431 9 6 0.8571428571428571
221 2 9 431 9 6 0.8571428571428571
222 2 9 433 9 6 0.8571428571428571
223 2 9 434 9 6 0.8571428571428571
224 2 9 434 9 6 0.8571428571428571
225 2 9 435 9 6 0.8571428571428571
226 2 9 435 9 6 0.8571428571428571
227 2 9 436 9 6 0.8571428571428571
228 2 9 436 9 6 0.8571428571428571
229 2 9 436 9 6 0.8571428571428571
230 2 9 436 9 6 0.8571428571428571
231 2 9 439 9 6 0.8571428571428571
232 2 9 439 9 6 0.8571428571428571
233 2 9 440 9 6 0.8571428571428571
234 2 9 442 9 6 0.8571428571428571
235 2 9 446 9 6 0.8571428571428571
236 2 9 446 9 6 0.8571428571428571
237 2 9 446 9 6 0.8571428571428571
238 2 9 449 9 6 0.8571428571428571
238 3 8 450 8 5 0.7142857142857143
239 2 9 451 9 6 0.8571428571428571
240 2 9 453 9 6 0.8571428571428571
241 2 9 455 9 6 0.8571428571428571
242 2 9 456 9 6 0.8571428571428571
243 2 9 459 9 6 0.8571428571428571
244 2 9 459 9 6 0.8571428571428571
245 2 9 461 9 6 0.8571428571428571
246 2 9 465 9 6 0.8571428571428571
247 2 9 465 9 6 0.8571428571428571
248 2 9 465 9 6 0.8571428571428571
249 2 9 465 9 6 0.8571428571428571
250 2 9 465 9 6 0.8571428571428571
251 2 9 466 9 6 0.8571428571428571
252 2 9 466 9 6 0.8571428571428571
253 2 9 467 9 6 0.8571428571428571
254 2 9 468 9 6 0.8571428571428571
255 2 9 469 9 6 0.8571428571428571
256 2 9 471 9 6 0.8571428571428571
257 2 9 472 9 6 0.8571428571428571
258 2 9 473 9 6 0.8571428571428571
259 2 9 475 9 6 0.8571428571428571
260 2 9 476 9 6 0.8571428571428571
260 3 8 478 8 5 0.7142857142857143
261 2 9 478 9 6 0.8571428571428571
262 2 9 478 9 6 0.8571428571428571
263 2 9 479 9 6 0.8571428571428571
264 2 9 480 9 6 0.8571428571428571
265 2 9 480 9 6 0.8571428571428571
266 2 9 482 9 6 0.8571428571428571
267 2 9 482 9 6 0.8571428571428571
268 2 9 482 9 6 0.8571428571428571
269 2 9 486 9 6 0.8571428571428571
270 2 9 486 9 6 0.8571428571428571
271 2 9 487 9 6 0.8571428571428571
272 2 9 489 9 6 0.8571428571428571
273 2 9 491 9 6 0.8571428571428571
274 2 9 491 9 6 0.8571428571428571
275 2 9 491 9 6 0.8571428571428571
276 2 9 494 9 6 0.8571428571428571
277 2 9 495 9 6 0.8571428571428571
278 2 9 496 9 6 0.8571428571428571
279 2 9 497 9 6 0.8571428571428571
280 2 9 497 9 6 0.8571428571428571
281 2 9 497 9 6 0.8571428571428571
282 2 9 498 9 6 0.8571428571428571
283 2 9 499 9 6 0.8571428571428571
284 2 9 500 9 6 0.8571428571428571
285 2 9 501 9 6 0.8571428571428571
286 2 9 503 9 6 0.8571428571428571
287 2 9 505 9 6 0.8571428571428571
288 2 9 510 9 6 0.8571428571428571
288 3 8 510 8 5 0.7142857142857143
289 2 9 510 9 6 0.8571428571428571
290 2 9 513 9 6 0.8571428571428571
291 2 9 514 9 6 0.8571428571428571
292 2 9 515 9 6 0.8571428571428571
293 2 9 515 9 6 0.8571428571428571
294 2 9 516 9 6 0.8571428571428571
295 2 9 519 9 6 0.8571428571428571
296 2 9 523 9 6 0.8571428571428571
297 2 9 523 9 6 0.8571428571428571
298 2 9 524 9 6 0.8571428571428571
299 2 9 527 9 6 0.8571428571428571
300 2 9 527 9 6 0.8571428571428571
301 2 9 529 9 6 0.8571428571428571
302 2 9 529 9 6 0.8571428571428571
303 2 9 529 9 6 0.8571428571428571
304 2 9 529 9 6 0.8571428571428571
305 2 9 530 9 6 0.8571428571428571
306 2 9 533 9 6 0.8571428571428571
307 2 9 533 9 6 0.8571428571428571
308 2 9 536 9 6 0.8571428571428571
309 2 9 536 9 6 0.8571428571428571
310 2 9 538 9 6 0.8571428571428571
311 2 9 539 9 6 0.8571428571428571
312 2 9 539 9 6 0.8571428571428571
313 2 9 539 9 6 0.8571428571428571
314 2 9 539 9 6 0.8571428571428571
315 2 9 539 9 6 0.8571428571428571
315 3 7 541 7 4 0.5714285714285714
316 2 9 541 9 6 0.8571428571428571
317 2 9 542 9 6 0.8571428571428571
318 2 9 545 9 6 0.8571428571428571
319 2 9 545 9 6 0.8571428571428571
320 2 9 545 9 6 0.8571428571428571
321 2 9 545 9 6 0.8571428571428571
322 2 9 545 9 6 0.8571428571428571
323 2 9 546 9 6 0.8571428571428571
324 2 9 547 9 6 0.8571428571428571
325 2 9 547 9 6 0.8571428571428571
326 2 9 547 9 6 0.8571428571428571
327 2 9 549 9 6 0.8571428571428571
328 2 9 550 9 6 0.8571428571428571
329 2 9 552 9 6 0.8571428571428571
330 2 9 554 9 6 0.8571428571428571
331 2 9 554 9 6 0.8571428571428571
332 2 9 555 9 6 0.8571428571428571
332 3 6 556 6 3 0.42857142857142855
333 2 9 557 9 6 0.8571428571428571
333 3 3 558 3 0 0.0
334 3 8 560 8 5 0.7142857142857143
334 2 9 560 9 6 0.8571428571428571
335 2 9 562 9 6 0.8571428571428571
336 2 9 562 9 6 0.8571428571428571
337 2 9 562 9 6 0.8571428571428571
338 2 9 564 9 6 0.8571428571428571
339 2 9 564 9 6 0.8571428571428571
340 2 9 564 9 6 0.8571428571428571
341 2 9 564 9 6 0.8571428571428571
341 3 8 564 8 5 0.7142857142857143
342 2 9 565 9 6 0.8571428571428571
343 2 9 565 9 6 0.8571428571428571
344 2 9 565 9 6 0.8571428571428571
345 2 9 566 9 6 0.8571428571428571
346 2 9 567 9 6 0.8571428571428571
347 2 9 567 9 6 0.8571428571428571
348 2 9 567 9 6 0.8571428571428571
349 2 9 567 9 6 0.8571428571428571
350 2 9 568 9 6 0.8571428571428571
351 2 9 568 9 6 0.8571428571428571
352 2 9 568 9 6 0.8571428571428571
353 2 9 569 9 6 0.8571428571428571
354 2 9 569 9 6 0.8571428571428571
355 2 9 569 9 6 0.8571428571428571
356 2 9 569 9 6 0.8571428571428571
357 2 9 569 9 6 0.8571428571428571
358 2 9 569 9 6 0.8571428571428571
359 2 9 570 9 6 0.8571428571428571
359 3 6 571 6 3 0.42857142857142855
360 2 9 572 9 6 0.8571428571428571
361 2 9 572 9 6 0.8571428571428571
362 2 9 573 9 6 0.8571428571428571
363 2 9 573 9 6 0.8571428571428571
364 2 9 573 9 6 0.8571428571428571
365 2 9 573 9 6 0.8571428571428571
366 2 9 574 9 6 0.8571428571428571
367 2 9 574 9 6 0.8571428571428571
368 2 9 576 9 6 0.8571428571428571
369 2 9 578 9 6 0.8571428571428571
370 2 9 579 9 6 0.8571428571428571
371 2 9 579 9 6 0.8571428571428571
372 2 9 580 9 6 0.8571428571428571
373 2 9 581 9 6 0.8571428571428571
374 2 9 581 9 6 0.8571428571428571
375 2 9 581 9 6 0.8571428571428571
376 2 9 582 9 6 0.8571428571428571
377 2 9 582 9 6 0.8571428571428571
378 2 9 582 9 6 0.8571428571428571
379 2 9 583 9 6 0.8571428571428571
380 2 9 583 9 6 0.8571428571428571
381 2 9 583 9 6 0.8571428571428571
382 2 9 585 9 6 0.8571428571428571
383 2 9 588 9 6 0.8571428571428571
384 2 9 588 9 6 0.8571428571428571
385 2 9 588 9 6 0.8571428571428571
386 2 9 588 9 6 0.8571428571428571
387 2 9 588 9 6 0.8571428571428571
388 2 9 588 9 6 0.8571428571428571
389 2 9 589 9 6 0.8571428571428571
390 2 9 589 9 6 0.8571428571428571
391 2 9 589 9 6 0.8571428571428571
392 2 9 591 9 6 0.8571428571428571
393 2 9 592 9 6 0.8571428571428571
394 2 9 594 9 6 0.8571428571428571
395 2 9 594 9 6 0.8571428571428571
396 2 9 595 9 6 0.8571428571428571
397 2 9 597 9 6 0.8571428571428571
398 2 9 598 9 6 0.8571428571428571
399 2 9 599 9 6 0.8571428571428571
400 2 9 599 9 6 0.8571428571428571
401 2 9 599 9 6 0.8571428571428571
402 2 9 599 9 6 0.8571428571428571
403 2 9 602 9 6 0.8571428571428571
404 2 9 604 9 6 0.8571428571428571
405 2 9 605 9 6 0.8571428571428571
406 2 9 607 9 6 0.8571428571428571
407 2 9 608 9 6 0.8571428571428571
408 2 9 610 9 6 0.8571428571428571
409 2 9 611 9 6 0.8571428571428571
410 2 9 612 9 6 0.8571428571428571
411 2 9 612 9 6 0.8571428571428571
412 2 9 613 9 6 0.8571428571428571
413 2 9 615 9 6 0.8571428571428571
414 2 9 616 9 6 0.8571428571428571
415 2 9 617 9 6 0.8571428571428571
416 2 9 618 9 6 0.8571428571428571
417 2 9 618 9 6 0.8571428571428571
418 2 9 618 9 6 0.8571428571428571
419 2 9 618 9 6 0.8571428571428571
420 2 9 618 9 6 0.8571428571428571
421 3 8 620 8 5 0.7142857142857143
421 2 9 620 9 6 0.8571428571428571
422 2 9 621 9 6 0.8571428571428571
423 2 9 621 9 6 0.8571428571428571
424 2 9 622 9 6 0.8571428571428571
425 2 9 622 9 6 0.8571428571428571
426 2 9 622 9 6 0.8571428571428571
426 3 8 622 8 5 0.7142857142857143
427 2 9 622 9 6 0.8571428571428571
428 2 9 622 9 6 0.8571428571428571
429 2 9 625 9 6 0.8571428571428571
430 2 9 626 9 6 0.8571428571428571
431 2 9 626 9 6 0.8571428571428571
432 2 9 626 9 6 0.8571428571428571
433 2 9 627 9 6 0.8571428571428571
434 2 9 628 9 6 0.8571428571428571
435 2 9 628 9 6 0.8571428571428571
436 2 9 628 9 6 0.8571428571428571
437 2 9 628 9 6 0.8571428571428571
438 2 9 629 9 6 0.8571428571428571
439 2 9 630 9 6 0.8571428571428571
440 2 9 630 9 6 0.8571428571428571
441 2 9 632 9 6 0.8571428571428571
442 2 9 635 9 6 0.8571428571428571
443 2 9 635 9 6 0.8571428571428571
444 2 9 635 9 6 0.8571428571428571
445 2 9 637 9 6 0.8571428571428571
445 3 7 638 7 4 0.5714285714285714
446 2 9 638 9 6 0.8571428571428571
447 2 9 638 9 6 0.8571428571428571
448 2 9 638 9 6 0.8571428571428571
449 2 9 641 9 6 0.8571428571428571
450 2 9 641 9 6 0.8571428571428571
451 2 9 642 9 6 0.8571428571428571
452 2 9 642 9 6 0.8571428571428571
453 2 9 642 9 6 0.8571428571428571
454 2 9 642 9 6 0.8571428571428571
455 2 9 642 9 6 0.8571428571428571
456 2 9 642 9 6 0.8571428571428571
457 2 9 642 9 6 0.8571428571428571
458 2 9 643 9 6 0.8571428571428571
459 2 9 643 9 6 0.8571428571428571
460 2 9 643 9 6 0.8571428571428571
461 2 9 644 9 6 0.8571428571428571
462 2 9 644 9 6 0.8571428571428571
463 2 9 644 9 6 0.8571428571428571
464 2 9 644 9 6 0.8571428571428571
465 2 9 647 9 6 0.8571428571428571
466 3 7 647 7 4 0.5714285714285714
466 2 9 647 9 6 0.8571428571428571
467 2 9 649 9 6 0.8571428571428571
468 2 9 649 9 6 0.8571428571428571
469 2 9 650 9 6 0.8571428571428571
469 3 8 650 8 5 0.7142857142857143
470 2 9 651 9 6 0.8571428571428571
471 2 9 651 9 6 0.8571428571428571
472 2 9 651 9 6 0.8571428571428571
473 2 9 651 9 6 0.8571428571428571
474 2 9 651 9 6 0.8571428571428571
475 2 9 651 9 6 0.8571428571428571
476 2 9 652 9 6 0.8571428571428571
477 2 9 653 9 6 0.8571428571428571
478 2 9 653 9 6 0.8571428571428571
479 2 9 653 9 6 0.8571428571428571
480 2 9 653 9 6 0.8571428571428571
481 2 9 653 9 6 0.8571428571428571
482 2 9 653 9 6 0.8571428571428571
483 2 9 653 9 6 0.8571428571428571
484 2 9 654 9 6 0.8571428571428571
485 2 9 654 9 6 0.8571428571428571
486 2 9 656 9 6 0.8571428571428571
487 2 9 657 9 6 0.8571428571428571
488 2 9 657 9 6 0.8571428571428571
489 2 9 658 9 6 0.8571428571428571
490 2 9 658 9 6 0.8571428571428571
491 2 9 658 9 6 0.8571428571428571
492 2 9 659 9 6 0.8571428571428571
493 2 9 659 9 6 0.8571428571428571
494 2 9 660 9 6 0.8571428571428571
495 2 9 662 9 6 0.8571428571428571
496 2 9 662 9 6 0.8571428571428571
497 2 9 663 9 6 0.8571428571428571
498 2 9 664 9 6 0.8571428571428571
499 2 9 664 9 6 0.8571428571428571
499 3 7 665 7 4 0.5714285714285714
500 2 9 666 9 6 0.8571428571428571
501 2 9 666 9 6 0.8571428571428571
501 3 7 666 7 4 0.5714285714285714
502 2 9 666 9 6 0.8571428571428571
503 2 9 668 9 6 0.8571428571428571
504 2 9 668 9 6 0.8571428571428571
505 2 9 669 9 6 0.8571428571428571
505 3 8 669 8 5 0.7142857142857143
506 2 9 669 9 6 0.8571428571428571
507 2 9 669 9 6 0.8571428571428571
508 2 9 669 9 6 0.8571428571428571
509 2 9 669 9 6 0.8571428571428571
510 2 9 670 9 6 0.8571428571428571
511 2 9 671 9 6 0.8571428571428571
512 2 9 671 9 6 0.8571428571428571
513 2 9 671 9 6 0.8571428571428571
514 2 9 671 9 6 0.8571428571428571
515 2 9 671 9 6 0.8571428571428571
516 2 9 671 9 6 0.8571428571428571
517 2 9 672 9 6 0.8571428571428571
518 2 9 672 9 6 0.8571428571428571
518 3 6 672 6 3 0.42857142857142855
519 2 9 672 9 6 0.8571428571428571
520 2 9 672 9 6 0.8571428571428571
521 2 9 673 9 6 0.8571428571428571
522 2 9 673 9 6 0.8571428571428571
523 2 9 673 9 6 0.8571428571428571
524 2 9 673 9 6 0.8571428571428571
525 2 9 674 9 6 0.8571428571428571
526 2 9 675 9 6 0.8571428571428571
527 2 9 675 9 6 0.8571428571428571
528 3 7 675 7 4 0.5714285714285714
528 2 9 675 9 6 0.8571428571428571
529 2 9 675 9 6 0.8571428571428571
530 2 9 675 9 6 0.8571428571428571
531 2 9 676 9 6 0.8571428571428571
532 2 9 677 9 6 0.8571428571428571
533 2 9 677 9 6 0.8571428571428571
534 2 9 677 9 6 0.8571428571428571
535 2 9 677 9 6 0.8571428571428571
535 3 7 677 7 4 0.5714285714285714
536 2 9 677 9 6 0.8571428571428571
536 3 8 677 8 5 0.7142857142857143
537 2 9 677 9 6 0.8571428571428571
538 2 9 679 9 6 0.8571428571428571
539 2 9 680 9 6 0.8571428571428571
540 2 9 680 9 6 0.8571428571428571
541 2 9 680 9 6 0.8571428571428571
541 3 7 680 7 4 0.5714285714285714
542 2 9 680 9 6 0.8571428571428571
543 2 9 680 9 6 0.8571428571428571
544 2 9 681 9 6 0.8571428571428571
545 2 9 681 9 6 0.8571428571428571
546 2 9 684 9 6 0.8571428571428571
546 3 7 686 7 4 0.5714285714285714
547 2 9 686 9 6 0.8571428571428571
548 2 9 686 9 6 0.8571428571428571
549 2 9 686 9 6 0.8571428571428571
550 2 9 686 9 6 0.8571428571428571
551 2 9 686 9 6 0.8571428571428571
552 2 9 686 9 6 0.8571428571428571
553 2 9 688 9 6 0.8571428571428571
554 2 9 688 9 6 0.8571428571428571
555 2 9 688 9 6 0.8571428571428571
556 2 9 688 9 6 0.8571428571428571
557 2 9 688 9 6 0.8571428571428571
558 2 9 688 9 6 0.8571428571428571
559 2 9 688 9 6 0.8571428571428571
560 2 9 689 9 6 0.8571428571428571
561 2 9 689 9 6 0.8571428571428571
562 2 9 689 9 6 0.8571428571428571
563 2 9 689 9 6 0.8571428571428571
564 2 9 690 9 6 0.8571428571428571
565 2 9 691 9 6 0.8571428571428571
566 2 9 691 9 6 0.8571428571428571
567 2 9 692 9 6 0.8571428571428571
568 2 9 693 9 6 0.8571428571428571
569 2 9 694 9 6 0.8571428571428571
569 3 8 694 8 5 0.7142857142857143
570 2 9 694 9 6 0.8571428571428571
571 2 9 694 9 6 0.8571428571428571
572 2 9 694 9 6 0.8571428571428571
573 2 9 694 9 6 0.8571428571428571
574 2 9 694 9 6 0.8571428571428571
575 2 9 695 9 6 0.8571428571428571
576 2 9 695 9 6 0.8571428571428571
577 2 9 697 9 6 0.8571428571428571
578 2 9 697 9 6 0.8571428571428571
579 2 9 698 9 6 0.8571428571428571
580 2 9 698 9 6 0.8571428571428571
581 2 9 699 9 6 0.8571428571428571
582 2 9 699 9 6 0.8571428571428571
583 2 9 701 9 6 0.8571428571428571
584 2 9 701 9 6 0.8571428571428571
585 2 9 701 9 6 0.8571428571428571
586 2 9 702 9 6 0.8571428571428571
586 3 8 703 8 5 0.7142857142857143
587 2 9 703 9 6 0.8571428571428571
588 2 9 703 9 6 0.8571428571428571
589 2 9 704 9 6 0.8571428571428571
590 2 9 704 9 6 0.8571428571428571
590 3 8 705 8 5 0.7142857142857143
591 2 9 707 9 6 0.8571428571428571
592 2 9 707 9 6 0.8571428571428571
593 2 9 707 9 6 0.8571428571428571
594 2 8 709 8 5 0.7142857142857143
595 3 3 710 3 0 0.0
595 2 9 710 9 6 0.8571428571428571
596 3 3 710 3 0 0.0
597 3 3 710 3 0 0.0
598 3 3 710 3 0 0.0
598 2 9 710 9 6 0.8571428571428571
599 3 3 711 3 0 0.0
600 3 3 711 3 0 0.0
600 2 9 711 9 6 0.8571428571428571
601 3 3 712 3 0 0.0
602 3 3 712 3 0 0.0
602 2 9 713 9 6 0.8571428571428571
603 2 9 713 9 6 0.8571428571428571
603 3 3 714 3 0 0.0
604 3 3 715 3 0 0.0
605 3 3 716 3 0 0.0
605 2 9 716 9 6 0.8571428571428571
606 3 3 716 3 0 0.0
607 3 3 716 3 0 0.0
607 2 9 716 9 6 0.8571428571428571
608 3 3 717 3 0 0.0
609 2 9 718 9 6 0.8571428571428571
609 3 3 718 3 0 0.0
610 3 3 718 3 0 0.0
610 2 10 718 10 7 1.0
611 3 3 718 3 0 0.0
612 3 3 719 3 0 0.0
612 2 9 719 9 6 0.8571428571428571
613 3 3 720 3 0 0.0
614 3 3 720 3 0 0.0
615 3 3 720 3 0 0.0
616 3 3 720 3 0 0.0
616 2 9 720 9 6 0.8571428571428571
617 3 3 720 3 0 0.0
618 3 3 720 3 0 0.0
619 3 3 721 3 0 0.0
619 2 9 721 9 6 0.8571428571428571
620 3 3 721 3 0 0.0
621 3 3 721 3 0 0.0
622 3 3 721 3 0 0.0
622 2 9 721 9 6 0.8571428571428571
623 3 3 721 3 0 0.0
624 3 3 723 3 0 0.0
625 3 3 723 3 0 0.0
625 2 9 723 9 6 0.8571428571428571
626 3 3 723 3 0 0.0
627 3 3 723 3 0 0.0
627 2 9 724 9 6 0.8571428571428571
628 3 3 725 3 0 0.0
629 3 3 726 3 0 0.0
629 2 9 726 9 6 0.8571428571428571
630 3 3 727 3 0 0.0
631 3 3 728 3 0 0.0
631 2 9 728 9 6 0.8571428571428571
632 3 3 728 3 0 0.0
633 3 3 728 3 0 0.0
634 3 3 728 3 0 0.0
635 3 3 728 3 0 0.0
636 3 3 728 3 0 0.0
637 2 9 728 9 6 0.8571428571428571
637 3 3 728 3 0 0.0
638 3 3 728 3 0 0.0
639 3 3 728 3 0 0.0
639 2 9 728 9 6 0.8571428571428571
640 3 3 728 3 0 0.0
640 2 10 728 10 7 1.0
641 3 3 728 3 0 0.0
642 3 3 728 3 0 0.0
643 3 3 729 3 0 0.0
643 2 10 729 10 7 1.0
644 3 3 729 3 0 0.0
645 3 3 729 3 0 0.0
646 3 3 730 3 0 0.0
647 3 3 731 3 0 0.0
648 3 3 733 3 0 0.0
648 2 9 733 9 6 0.8571428571428571
649 3 3 733 3 0 0.0
649 2 9 733 9 6 0.8571428571428571
650 3 3 733 3 0 0.0
650 2 9 733 9 6 0.8571428571428571
651 3 3 734 3 0 0.0
652 3 3 735 3 0 0.0
653 3 3 735 3 0 0.0
654 3 3 735 3 0 0.0
655 3 3 735 3 0 0.0
655 2 9 736 9 6 0.8571428571428571
656 3 3 736 3 0 0.0
656 2 9 736 9 6 0.8571428571428571
657 3 3 736 3 0 0.0
658 3 3 736 3 0 0.0
659 3 3 736 3 0 0.0
660 3 3 736 3 0 0.0
661 3 3 736 3 0 0.0
661 2 9 736 9 6 0.8571428571428571
662 3 3 736 3 0 0.0
663 3 3 736 3 0 0.0
664 3 3 737 3 0 0.0
665 3 3 737 3 0 0.0
666 3 3 740 3 0 0.0
667 3 3 741 3 0 0.0
667 2 9 741 9 6 0.8571428571428571
668 3 3 741 3 0 0.0
669 3 3 741 3 0 0.0
669 2 9 743 9 6 0.8571428571428571
670 3 3 743 3 0 0.0
671 3 3 743 3 0 0.0
672 3 3 744 3 0 0.0
673 3 3 745 3 0 0.0
674 2 9 745 9 6 0.8571428571428571
674 3 3 745 3 0 0.0
675 3 3 745 3 0 0.0
675 2 9 745 9 6 0.8571428571428571
676 3 3 745 3 0 0.0
676 2 10 746 10 7 1.0
677 3 3 746 3 0 0.0
678 3 3 746 3 0 0.0
679 3 3 746 3 0 0.0
680 3 3 746 3 0 0.0
681 3 3 746 3 0 0.0
682 3 3 748 3 0 0.0
682 2 9 748 9 6 0.8571428571428571
683 2 9 748 9 6 0.8571428571428571
683 3 3 748 3 0 0.0
684 3 3 748 3 0 0.0
685 3 3 749 3 0 0.0
686 3 3 749 3 0 0.0
687 3 3 749 3 0 0.0
687 2 9 750 9 6 0.8571428571428571
688 3 3 750 3 0 0.0
689 3 3 751 3 0 0.0
689 2 9 751 9 6 0.8571428571428571
690 3 3 751 3 0 0.0
691 3 3 751 3 0 0.0
692 3 3 751 3 0 0.0
693 3 3 753 3 0 0.0
693 2 9 753 9 6 0.8571428571428571
694 3 3 753 3 0 0.0
695 3 3 753 3 0 0.0
696 3 3 753 3 0 0.0
696 2 10 753 10 7 1.0
697 3 3 753 3 0 0.0
697 2 9 753 9 6 0.8571428571428571
698 3 3 753 3 0 0.0
698 2 9 753 9 6 0.8571428571428571
699 3 3 754 3 0 0.0
700 3 3 754 3 0 0.0
701 3 3 754 3 0 0.0
702 3 3 755 3 0 0.0
703 3 3 755 3 0 0.0
703 2 9 755 9 6 0.8571428571428571
704 3 3 755 3 0 0.0
705 3 3 756 3 0 0.0
706 3 3 756 3 0 0.0
707 2 9 756 9 6 0.8571428571428571
707 3 3 756 3 0 0.0
708 3 3 756 3 0 0.0
708 2 9 756 9 6 0.8571428571428571
709 3 3 756 3 0 0.0
709 2 9 756 9 6 0.8571428571428571
710 2 9 756 9 6 0.8571428571428571
710 3 3 756 3 0 0.0
711 3 3 756 3 0 0.0
712 3 3 756 3 0 0.0
713 3 3 756 3 0 0.0
714 3 3 756 3 0 0.0
715 3 3 756 3 0 0.0
715 2 9 756 9 6 0.8571428571428571
716 3 3 756 3 0 0.0
716 2 9 756 9 6 0.8571428571428571
717 3 3 756 3 0 0.0
718 3 3 756 3 0 0.0
719 3 3 756 3 0 0.0
720 3 3 756 3 0 0.0
721 3 3 756 3 0 0.0
721 2 9 756 9 6 0.8571428571428571
722 3 3 756 3 0 0.0
722 2 9 756 9 6 0.8571428571428571
723 3 3 756 3 0 0.0
723 2 9 757 9 6 0.8571428571428571
724 3 3 757 3 0 0.0
724 2 9 757 9 6 0.8571428571428571
725 3 3 757 3 0 0.0
725 2 9 758 9 6 0.8571428571428571
726 3 3 758 3 0 0.0
726 2 9 758 9 6 0.8571428571428571
727 3 3 758 3 0 0.0
728 3 3 758 3 0 0.0
728 2 9 758 9 6 0.8571428571428571
729 3 3 759 3 0 0.0
730 3 3 759 3 0 0.0
731 3 3 759 3 0 0.0
732 3 3 759 3 0 0.0
732 2 9 759 9 6 0.8571428571428571
733 3 3 759 3 0 0.0
734 3 3 759 3 0 0.0
734 2 9 759 9 6 0.8571428571428571
735 3 3 760 3 0 0.0
736 3 3 760 3 0 0.0
737 3 3 760 3 0 0.0
738 2 9 760 9 6 0.8571428571428571
738 3 3 760 3 0 0.0
739 3 3 760 3 0 0.0
740 3 3 760 3 0 0.0
741 3 3 760 3 0 0.0
742 3 3 761 3 0 0.0
743 3 3 762 3 0 0.0
744 3 3 762 3 0 0.0
745 3 3 762 3 0 0.0
746 3 3 762 3 0 0.0
747 2 9 762 9 6 0.8571428571428571
747 3 3 762 3 0 0.0
748 3 3 762 3 0 0.0
749 3 3 762 3 0 0.0
750 3 3 762 3 0 0.0
751 3 3 762 3 0 0.0
751 2 9 762 9 6 0.8571428571428571
752 3 3 762 3 0 0.0
753 3 3 762 3 0 0.0
753 2 9 762 9 6 0.8571428571428571
754 3 3 762 3 0 0.0
754 2 9 762 9 6 0.8571428571428571
755 3 3 763 3 0 0.0
756 3 3 764 3 0 0.0
757 3 3 764 3 0 0.0
758 3 3 765 3 0 0.0
759 3 3 766 3 0 0.0
760 3 3 766 3 0 0.0
761 3 3 766 3 0 0.0
762 3 3 766 3 0 0.0
763 3 3 766 3 0 0.0
764 2 9 766 9 6 0.8571428571428571
764 3 3 766 3 0 0.0
765 3 3 766 3 0 0.0
766 3 3 766 3 0 0.0
767 3 3 766 3 0 0.0
768 3 3 767 3 0 0.0
769 3 3 767 3 0 0.0
769 2 9 767 9 6 0.8571428571428571
770 3 3 767 3 0 0.0
771 3 3 767 3 0 0.0
772 3 3 767 3 0 0.0
773 3 3 768 3 0 0.0
774 3 3 768 3 0 0.0
775 3 3 768 3 0 0.0
775 2 9 768 9 6 0.8571428571428571
776 3 3 768 3 0 0.0
776 2 9 768 9 6 0.8571428571428571
777 3 3 768 3 0 0.0
777 2 9 769 9 6 0.8571428571428571
778 3 3 769 3 0 0.0
779 3 3 770 3 0 0.0
780 3 3 770 3 0 0.0
780 2 9 770 9 6 0.8571428571428571
781 3 3 770 3 0 0.0
781 2 9 770 9 6 0.8571428571428571
782 3 3 770 3 0 0.0
783 3 3 770 3 0 0.0
784 3 3 770 3 0 0.0
785 3 3 770 3 0 0.0
785 2 9 770 9 6 0.8571428571428571
786 3 3 770 3 0 0.0
786 2 9 770 9 6 0.8571428571428571
787 3 3 770 3 0 0.0
788 3 3 770 3 0 0.0
789 3 3 770 3 0 0.0
790 2 9 771 9 6 0.8571428571428571
790 3 3 771 3 0 0.0
791 3 3 771 3 0 0.0
791 2 9 771 9 6 0.8571428571428571
792 3 3 771 3 0 0.0
793 3 3 771 3 0 0.0
794 3 3 771 3 0 0.0
795 3 3 771 3 0 0.0
796 2 9 771 9 6 0.8571428571428571
796 3 3 771 3 0 0.0
797 3 3 771 3 0 0.0
798 3 3 771 3 0 0.0
798 2 10 771 10 7 1.0
799 3 3 771 3 0 0.0
800 3 3 772 3 0 0.0
800 2 9 772 9 6 0.8571428571428571
801 3 3 772 3 0 0.0
801 2 9 772 9 6 0.8571428571428571
802 3 3 773 3 0 0.0
802 2 9 773 9 6 0.8571428571428571
803 3 3 773 3 0 0.0
803 2 9 773 9 6 0.8571428571428571
804 3 3 773 3 0 0.0
805 3 3 773 3 0 0.0
806 3 3 773 3 0 0.0
807 3 3 773 3 0 0.0
808 3 3 773 3 0 0.0
809 3 3 773 3 0 0.0
809 2 9 774 9 6 0.8571428571428571
810 2 9 775 9 6 0.8571428571428571
810 3 3 775 3 0 0.0
811 3 3 776 3 0 0.0
812 3 3 776 3 0 0.0
812 2 9 776 9 6 0.8571428571428571
813 3 3 776 3 0 0.0
814 3 3 776 3 0 0.0
815 3 3 776 3 0 0.0
816 3 3 776 3 0 0.0
817 3 3 776 3 0 0.0
818 3 3 776 3 0 0.0
818 2 9 778 9 6 0.8571428571428571
819 3 3 778 3 0 0.0
820 3 3 778 3 0 0.0
820 2 9 778 9 6 0.8571428571428571
821 3 3 778 3 0 0.0
822 3 3 778 3 0 0.0
823 3 3 778 3 0 0.0
824 3 3 778 3 0 0.0
825 3 3 780 3 0 0.0
826 3 3 780 3 0 0.0
826 2 10 780 10 7 1.0
827 3 3 780 3 0 0.0
827 2 9 780 9 6 0.8571428571428571
828 3 3 780 3 0 0.0
828 2 9 781 9 6 0.8571428571428571
829 3 3 781 3 0 0.0
830 3 3 781 3 0 0.0
831 3 3 781 3 0 0.0
831 2 9 781 9 6 0.8571428571428571
832 2 9 781 9 6 0.8571428571428571
832 3 3 781 3 0 0.0
833 3 3 781 3 0 0.0
834 2 9 781 9 6 0.8571428571428571
834 3 3 781 3 0 0.0
835 3 3 782 3 0 0.0
836 3 3 782 3 0 0.0
836 2 9 782 9 6 0.8571428571428571
837 3 3 783 3 0 0.0
838 3 3 783 3 0 0.0
839 3 3 783 3 0 0.0
840 3 3 783 3 0 0.0
840 2 9 783 9 6 0.8571428571428571
841 3 3 783 3 0 0.0
842 3 3 783 3 0 0.0
843 3 3 783 3 0 0.0
844 3 3 783 3 0 0.0
845 3 3 784 3 0 0.0
845 2 9 785 9 6 0.8571428571428571
846 3 3 785 3 0 0.0
847 3 3 785 3 0 0.0
847 2 9 785 9 6 0.8571428571428571
848 3 3 785 3 0 0.0
849 3 3 785 3 0 0.0
850 3 3 786 3 0 0.0
850 2 9 786 9 6 0.8571428571428571
851 3 3 786 3 0 0.0
852 3 3 786 3 0 0.0
853 3 3 786 3 0 0.0
854 3 3 786 3 0 0.0
855 3 3 786 3 0 0.0
855 2 9 786 9 6 0.8571428571428571
856 3 3 787 3 0 0.0
856 2 9 788 9 6 0.8571428571428571
857 3 3 788 3 0 0.0
857 2 9 788 9 6 0.8571428571428571
858 2 9 788 9 6 0.8571428571428571
858 3 3 788 3 0 0.0
859 3 3 789 3 0 0.0
860 3 3 789 3 0 0.0
861 3 3 790 3 0 0.0
862 3 3 791 3 0 0.0
863 3 3 792 3 0 0.0
864 3 3 793 3 0 0.0
865 3 3 794 3 0 0.0
865 2 9 794 9 6 0.8571428571428571
866 3 3 794 3 0 0.0
866 2 9 794 9 6 0.8571428571428571
867 2 9 794 9 6 0.8571428571428571
867 3 3 794 3 0 0.0
868 2 9 794 9 6 0.8571428571428571
868 3 3 794 3 0 0.0
869 3 3 795 3 0 0.0
870 3 3 796 3 0 0.0
871 3 3 796 3 0 0.0
872 3 3 797 3 0 0.0
873 3 3 797 3 0 0.0
873 2 9 797 9 6 0.8571428571428571
874 2 9 797 9 6 0.8571428571428571
874 3 3 797 3 0 0.0
875 3 3 797 3 0 0.0
875 2 9 797 9 6 0.8571428571428571
876 3 3 797 3 0 0.0
877 3 3 798 3 0 0.0
878 3 3 798 3 0 0.0
878 2 10 798 10 7 1.0
879 3 3 798 3 0 0.0
880 3 3 798 3 0 0.0
881 3 3 799 3 0 0.0
882 3 3 799 3 0 0.0
883 3 3 800 3 0 0.0
884 3 3 800 3 0 0.0
885 3 3 801 3 0 0.0
886 3 3 802 3 0 0.0
886 2 9 802 9 6 0.8571428571428571
887 3 3 802 3 0 0.0
887 2 9 803 9 6 0.8571428571428571
888 3 3 804 3 0 0.0
888 2 9 804 9 6 0.8571428571428571
889 3 3 805 3 0 0.0
890 3 3 805 3 0 0.0
890 2 10 805 10 7 1.0
891 3 3 806 3 0 0.0
892 2 9 806 9 6 0.8571428571428571
892 3 3 806 3 0 0.0
893 3 3 806 3 0 0.0
893 2 9 806 9 6 0.8571428571428571
894 3 3 806 3 0 0.0
895 3 3 806 3 0 0.0
895 2 9 806 9 6 0.8571428571428571
896 3 3 806 3 0 0.0
897 3 3 806 3 0 0.0
898 2 9 806 9 6 0.8571428571428571
898 3 3 806 3 0 0.0
899 3 3 806 3 0 0.0
900 3 3 806 3 0 0.0
900 2 9 806 9 6 0.8571428571428571
901 3 3 806 3 0 0.0
902 3 3 806 3 0 0.0
903 3 3 807 3 0 0.0
904 3 3 809 3 0 0.0
905 3 3 810 3 0 0.0
906 3 3 810 3 0 0.0
906 2 9 811 9 6 0.8571428571428571
907 3 3 811 3 0 0.0
908 2 9 811 9 6 0.8571428571428571
908 3 3 811 3 0 0.0
909 3 3 811 3 0 0.0
910 3 3 812 3 0 0.0
911 3 3 812 3 0 0.0
912 3 3 812 3 0 0.0
913 3 3 812 3 0 0.0
914 3 3 813 3 0 0.0
914 2 9 813 9 6 0.8571428571428571
915 3 3 813 3 0 0.0
915 2 9 813 9 6 0.8571428571428571
916 3 3 813 3 0 0.0
917 3 3 813 3 0 0.0
918 3 3 813 3 0 0.0
918 2 9 813 9 6 0.8571428571428571
919 3 3 814 3 0 0.0
920 3 3 814 3 0 0.0
921 3 3 815 3 0 0.0
921 2 9 815 9 6 0.8571428571428571
922 3 3 815 3 0 0.0
923 3 3 815 3 0 0.0
924 3 3 815 3 0 0.0
924 2 9 815 9 6 0.8571428571428571
925 3 3 815 3 0 0.0
925 2 9 815 9 6 0.8571428571428571
926 3 3 815 3 0 0.0
927 3 3 816 3 0 0.0
928 3 3 816 3 0 0.0
929 3 3 816 3 0 0.0
930 3 3 816 3 0 0.0
931 3 3 816 3 0 0.0
932 3 3 818 3 0 0.0
933 3 3 820 3 0 0.0
934 3 3 820 3 0 0.0
935 3 3 820 3 0 0.0
936 3 3 820 3 0 0.0
937 3 3 820 3 0 0.0
938 3 3 820 3 0 0.0
939 3 3 820 3 0 0.0
940 3 3 820 3 0 0.0
940 2 9 820 9 6 0.8571428571428571
941 3 3 820 3 0 0.0
942 3 3 820 3 0 0.0
943 3 3 821 3 0 0.0
944 2 10 821 10 7 1.0
944 3 3 821 3 0 0.0
945 3 3 821 3 0 0.0
946 3 3 822 3 0 0.0
946 2 9 822 9 6 0.8571428571428571
947 3 3 822 3 0 0.0
947 2 9 822 9 6 0.8571428571428571
948 3 3 822 3 0 0.0
949 3 3 823 3 0 0.0
950 3 3 823 3 0 0.0
951 3 3 823 3 0 0.0
952 3 3 823 3 0 0.0
952 2 9 823 9 6 0.8571428571428571
953 3 3 823 3 0 0.0
953 2 9 823 9 6 0.8571428571428571
954 3 3 825 3 0 0.0
955 3 3 825 3 0 0.0
955 2 10 825 10 7 1.0
956 3 3 825 3 0 0.0
956 2 10 826 10 7 1.0
957 3 3 826 3 0 0.0
958 3 3 826 3 0 0.0
958 2 9 826 9 6 0.8571428571428571
959 3 3 826 3 0 0.0
960 3 3 826 3 0 0.0
961 3 3 826 3 0 0.0
962 3 3 826 3 0 0.0
963 3 3 827 3 0 0.0
963 2 9 827 9 6 0.8571428571428571
964 3 3 827 3 0 0.0
965 3 3 827 3 0 0.0
965 2 9 827 9 6 0.8571428571428571
966 3 3 827 3 0 0.0
967 3 3 827 3 0 0.0
968 3 3 827 3 0 0.0
969 3 3 827 3 0 0.0
970 3 3 828 3 0 0.0
970 2 9 828 9 6 0.8571428571428571
971 3 3 828 3 0 0.0
971 2 9 828 9 6 0.8571428571428571
972 3 3 828 3 0 0.0
973 3 3 828 3 0 0.0
973 2 10 828 10 7 1.0
974 3 3 828 3 0 0.0
975 3 3 828 3 0 0.0
976 3 3 828 3 0 0.0
977 3 3 828 3 0 0.0
977 2 9 828 9 6 0.8571428571428571
978 3 3 828 3 0 0.0
978 2 9 828 9 6 0.8571428571428571
979 3 3 828 3 0 0.0
980 3 3 828 3 0 0.0
980 2 9 828 9 6 0.8571428571428571
981 3 3 828 3 0 0.0
982 3 3 828 3 0 0.0
983 3 3 829 3 0 0.0
984 3 3 829 3 0 0.0
984 2 9 829 9 6 0.8571428571428571
985 3 3 829 3 0 0.0
986 3 3 829 3 0 0.0
986 2 9 829 9 6 0.8571428571428571
987 3 3 829 3 0 0.0
988 3 3 829 3 0 0.0
988 2 9 829 9 6 0.8571428571428571
989 3 3 831 3 0 0.0
989 2 9 833 9 6 0.8571428571428571
990 3 3 833 3 0 0.0
991 3 3 833 3 0 0.0
992 3 3 833 3 0 0.0
992 2 9 833 9 6 0.8571428571428571
993 3 3 833 3 0 0.0
994 3 3 834 3 0 0.0
994 2 9 834 9 6 0.8571428571428571
995 3 3 834 3 0 0.0
996 3 3 834 3 0 0.0
997 2 9 834 9 6 0.8571428571428571
997 3 3 834 3 0 0.0
998 3 3 835 3 0 0.0
999 3 3 835 3 0 0.0
1000 2 9 835 9 6 0.8571428571428571
1000 3 3 835 3 0 0.0
