gen HV HVnoDiscount fitness_notKilledMutants notKilledNonEqMutants fitness_testSuiteSize
1 6.2578125 4.0 8.734375 6.0 6.0
2 9.197265625 5.0 8.34375 6.0 7.0
3 23.5302734375 20.0 5.43359375 3.0 5.0
4 23.5302734375 20.0 5.43359375 3.0 5.0
5 26.2392578125 22.0 5.4111328125 3.0 5.0
6 26.2392578125 22.0 5.4111328125 3.0 5.0
7 26.2392578125 22.0 5.4111328125 3.0 5.0
8 26.2392578125 22.0 5.4111328125 3.0 5.0
9 26.2392578125 22.0 5.4111328125 3.0 5.0
10 26.2392578125 22.0 5.4111328125 3.0 5.0
11 26.2392578125 22.0 5.4111328125 3.0 5.0
12 33.1494140625 24.0 4.69921875 3.0 4.0
13 33.1494140625 24.0 4.69921875 3.0 4.0
14 33.1494140625 24.0 4.5322265625 3.0 7.0
15 34.904296875 24.0 4.447265625 3.0 4.0
16 34.904296875 24.0 4.447265625 3.0 4.0
17 34.904296875 24.0 4.2890625 3.0 5.0
18 34.904296875 24.0 4.2890625 3.0 5.0
19 34.904296875 24.0 4.2890625 3.0 5.0
20 34.904296875 24.0 4.2890625 3.0 5.0
21 34.904296875 24.0 4.2890625 3.0 5.0
22 34.904296875 24.0 4.2890625 3.0 5.0
23 34.904296875 24.0 4.2890625 3.0 5.0
24 34.904296875 24.0 4.2890625 3.0 5.0
25 34.904296875 24.0 4.2890625 3.0 5.0
26 34.904296875 24.0 4.2890625 3.0 5.0
27 34.904296875 24.0 4.2890625 3.0 5.0
28 34.904296875 24.0 4.2890625 3.0 5.0
29 34.904296875 24.0 4.2890625 3.0 5.0
30 42.1171875 24.0 4.2890625 3.0 5.0
31 42.1171875 24.0 4.2890625 3.0 5.0
32 42.1171875 24.0 4.2890625 3.0 5.0
33 42.1171875 24.0 4.2890625 3.0 5.0
34 42.1171875 24.0 4.2890625 3.0 5.0
35 42.1171875 24.0 3.5068359375 3.0 8.0
36 42.1171875 24.0 3.5068359375 3.0 8.0
37 42.1171875 24.0 3.5068359375 3.0 8.0
38 42.1171875 24.0 3.5068359375 3.0 8.0
39 42.1171875 24.0 3.5068359375 3.0 8.0
40 42.1171875 24.0 3.5068359375 3.0 8.0
41 42.1171875 24.0 3.5068359375 3.0 8.0
42 42.1171875 24.0 3.5068359375 3.0 8.0
43 42.1171875 24.0 3.5068359375 3.0 8.0
44 42.1171875 24.0 3.5068359375 3.0 8.0
45 42.1171875 24.0 3.5068359375 3.0 8.0
46 42.1171875 24.0 3.5068359375 3.0 8.0
47 42.1171875 24.0 3.5068359375 3.0 8.0
48 42.1171875 24.0 3.5068359375 3.0 8.0
49 42.1171875 24.0 3.5068359375 3.0 8.0
50 42.1171875 24.0 3.22265625 3.0 6.0
51 42.1171875 24.0 2.1875 2.0 6.0
52 42.1171875 24.0 2.1875 2.0 6.0
53 42.1171875 24.0 2.1875 2.0 6.0
54 42.1171875 24.0 2.1875 2.0 6.0
55 42.1171875 24.0 2.1875 2.0 6.0
56 46.828125 24.0 2.1875 2.0 6.0
57 46.828125 24.0 2.1875 2.0 6.0
58 46.828125 24.0 2.1875 2.0 6.0
59 46.828125 24.0 2.1875 2.0 6.0
60 46.828125 24.0 2.1875 2.0 6.0
61 48.220703125 28.0 2.1875 2.0 6.0
62 48.220703125 28.0 2.1875 2.0 6.0
63 48.220703125 28.0 2.1875 2.0 6.0
64 48.220703125 28.0 2.1875 2.0 6.0
65 48.220703125 28.0 2.1875 2.0 6.0
66 48.220703125 28.0 2.1875 2.0 6.0
67 48.220703125 28.0 2.1875 2.0 6.0
68 48.220703125 28.0 2.1875 2.0 6.0
69 48.220703125 28.0 2.1875 2.0 6.0
70 48.220703125 28.0 2.1875 2.0 6.0
71 48.220703125 28.0 2.1875 2.0 6.0
72 48.220703125 28.0 2.1875 2.0 6.0
73 48.220703125 28.0 2.1875 2.0 6.0
74 48.220703125 28.0 2.1875 2.0 6.0
75 48.220703125 28.0 2.1875 2.0 6.0
76 48.220703125 28.0 2.1875 2.0 6.0
77 48.6513671875 28.0 2.1875 2.0 6.0
78 48.6513671875 28.0 2.1875 2.0 6.0
79 48.6513671875 28.0 2.1875 2.0 6.0
80 48.6513671875 28.0 2.1875 2.0 6.0
81 48.6513671875 28.0 2.1875 2.0 6.0
82 48.6513671875 28.0 2.1875 2.0 6.0
83 48.6513671875 28.0 2.1875 2.0 6.0
84 48.6513671875 28.0 2.1875 2.0 6.0
85 48.6513671875 28.0 2.1875 2.0 6.0
86 48.6513671875 28.0 2.1875 2.0 6.0
87 48.6513671875 28.0 2.1875 2.0 6.0
88 48.6513671875 28.0 2.1875 2.0 6.0
89 48.6513671875 28.0 2.1875 2.0 6.0
90 48.6513671875 28.0 2.1875 2.0 6.0
91 48.6513671875 28.0 2.1875 2.0 6.0
92 48.6513671875 28.0 2.1875 2.0 6.0
93 48.6513671875 28.0 2.1875 2.0 6.0
94 48.6513671875 28.0 2.1875 2.0 6.0
95 48.6513671875 28.0 2.1875 2.0 6.0
96 48.6513671875 28.0 2.1875 2.0 6.0
97 48.6513671875 28.0 2.1875 2.0 6.0
98 48.6513671875 28.0 2.1875 2.0 6.0
99 48.6513671875 28.0 2.1875 2.0 6.0
100 48.6513671875 28.0 2.1875 2.0 6.0
101 48.6513671875 28.0 2.1875 2.0 6.0
102 48.6513671875 28.0 2.1875 2.0 6.0
103 48.6513671875 28.0 2.1875 2.0 6.0
104 48.6513671875 28.0 2.1875 2.0 6.0
105 48.6513671875 28.0 2.1875 2.0 6.0
106 48.6513671875 28.0 2.1875 2.0 6.0
107 48.6513671875 28.0 2.1875 2.0 6.0
108 48.6513671875 28.0 2.1875 2.0 6.0
109 48.6513671875 28.0 2.1875 2.0 6.0
110 48.6513671875 28.0 2.1875 2.0 6.0
111 48.6513671875 28.0 2.1875 2.0 6.0
112 48.6513671875 28.0 2.1875 2.0 6.0
113 48.6513671875 28.0 2.1875 2.0 6.0
114 48.6513671875 28.0 2.1875 2.0 6.0
115 48.6513671875 28.0 2.1875 2.0 6.0
116 48.6513671875 28.0 2.1875 2.0 6.0
117 48.6513671875 28.0 2.1875 2.0 6.0
118 48.6513671875 28.0 2.1875 2.0 6.0
119 48.6513671875 28.0 2.1875 2.0 6.0
120 48.6513671875 28.0 2.1875 2.0 6.0
121 48.6513671875 28.0 2.1875 2.0 6.0
122 48.6513671875 28.0 2.1875 2.0 6.0
123 48.6513671875 28.0 2.1875 2.0 6.0
124 48.6513671875 28.0 2.1875 2.0 6.0
125 48.6513671875 28.0 2.1875 2.0 6.0
126 48.6513671875 28.0 2.1875 2.0 6.0
127 48.6513671875 28.0 2.1875 2.0 6.0
128 48.6513671875 28.0 2.1875 2.0 6.0
129 48.6513671875 28.0 2.1875 2.0 6.0
130 48.6513671875 28.0 2.1875 2.0 6.0
131 48.6513671875 28.0 2.1875 2.0 6.0
132 48.6513671875 28.0 2.1875 2.0 6.0
133 48.6513671875 28.0 2.1875 2.0 6.0
134 48.6513671875 28.0 2.1875 2.0 6.0
135 48.6513671875 28.0 2.1875 2.0 6.0
136 48.6513671875 28.0 2.1875 2.0 6.0
137 48.6513671875 28.0 2.1875 2.0 6.0
138 48.6513671875 28.0 2.1875 2.0 6.0
139 48.6513671875 28.0 2.1875 2.0 6.0
140 48.6513671875 28.0 2.1875 2.0 6.0
141 48.6513671875 28.0 2.1875 2.0 6.0
142 48.6513671875 28.0 2.1875 2.0 6.0
143 48.6513671875 28.0 2.1875 2.0 6.0
144 48.6513671875 28.0 2.1875 2.0 6.0
145 48.6513671875 28.0 2.1875 2.0 6.0
146 48.6513671875 28.0 2.1875 2.0 6.0
147 48.6513671875 28.0 2.1875 2.0 6.0
148 48.6513671875 28.0 2.1875 2.0 6.0
149 48.6513671875 28.0 2.1875 2.0 6.0
150 48.6513671875 28.0 2.1875 2.0 6.0
151 48.6513671875 28.0 2.1875 2.0 6.0
152 48.6513671875 28.0 2.1875 2.0 6.0
153 48.6513671875 28.0 2.1875 2.0 6.0
154 48.6513671875 28.0 2.1875 2.0 6.0
155 48.6513671875 28.0 2.1875 2.0 6.0
156 48.6513671875 28.0 2.1875 2.0 6.0
157 48.6513671875 28.0 2.1875 2.0 6.0
158 48.6513671875 28.0 2.1875 2.0 6.0
159 48.6513671875 28.0 2.1875 2.0 6.0
160 48.6513671875 28.0 2.1875 2.0 6.0
161 48.6513671875 28.0 2.1875 2.0 6.0
162 48.6513671875 28.0 2.1875 2.0 6.0
163 48.6513671875 28.0 2.1875 2.0 6.0
164 48.6513671875 28.0 2.1875 2.0 6.0
165 48.6513671875 28.0 2.1875 2.0 6.0
166 48.6513671875 28.0 2.1875 2.0 6.0
167 48.6513671875 28.0 2.1875 2.0 6.0
168 48.6513671875 28.0 2.1875 2.0 6.0
169 48.6513671875 28.0 2.1875 2.0 6.0
170 48.6513671875 28.0 2.1875 2.0 6.0
171 48.6513671875 28.0 2.1875 2.0 6.0
172 48.6513671875 28.0 2.1875 2.0 6.0
173 48.6513671875 28.0 2.1875 2.0 6.0
174 48.6513671875 28.0 2.1875 2.0 6.0
175 48.6513671875 28.0 2.1875 2.0 6.0
176 48.6513671875 28.0 2.1875 2.0 6.0
177 49.0 28.0 2.1875 2.0 6.0
178 49.0 28.0 2.1875 2.0 6.0
179 49.0 28.0 2.1875 2.0 6.0
180 49.0 28.0 2.1875 2.0 6.0
181 49.0 28.0 2.1875 2.0 6.0
182 49.0 28.0 2.1875 2.0 6.0
183 49.0 28.0 2.1875 2.0 6.0
184 49.0 28.0 2.1875 2.0 6.0
185 49.0 28.0 2.1875 2.0 6.0
186 49.0 28.0 2.1875 2.0 6.0
187 49.0 28.0 2.1875 2.0 6.0
188 49.0 28.0 2.1875 2.0 6.0
189 49.0 28.0 2.1875 2.0 6.0
190 49.0 28.0 2.1875 2.0 6.0
191 49.0 28.0 2.1875 2.0 6.0
192 49.0 28.0 2.1875 2.0 6.0
193 49.0 28.0 2.1875 2.0 6.0
194 49.0 28.0 2.1875 2.0 6.0
195 49.0 28.0 2.1875 2.0 6.0
196 49.0 28.0 2.1875 2.0 6.0
197 49.0 28.0 2.1875 2.0 6.0
198 49.0 28.0 2.1875 2.0 6.0
199 49.0 28.0 2.1875 2.0 6.0
200 49.0 28.0 2.1875 2.0 6.0
201 49.0 28.0 2.1875 2.0 6.0
202 49.0 28.0 2.1875 2.0 6.0
203 49.0 28.0 2.1875 2.0 6.0
204 49.0 28.0 2.1875 2.0 6.0
205 49.0 28.0 2.1875 2.0 6.0
206 49.0 28.0 2.1875 2.0 6.0
207 49.0 28.0 2.1875 2.0 6.0
208 49.0 28.0 2.1875 2.0 6.0
209 49.0 28.0 2.1875 2.0 6.0
210 49.0 28.0 2.1875 2.0 6.0
211 49.0 28.0 2.1875 2.0 6.0
212 49.0 28.0 2.1875 2.0 6.0
213 49.0 28.0 2.1875 2.0 6.0
214 49.0 28.0 2.1875 2.0 6.0
215 49.0 28.0 2.1875 2.0 6.0
216 49.0 28.0 2.1875 2.0 6.0
217 49.0 28.0 2.1875 2.0 6.0
218 49.0 28.0 2.1875 2.0 6.0
219 49.0 28.0 2.1875 2.0 6.0
220 49.0 28.0 2.1875 2.0 6.0
221 49.0 28.0 2.1875 2.0 6.0
222 49.0 28.0 2.1875 2.0 6.0
223 49.0 28.0 2.1875 2.0 6.0
224 49.0 28.0 2.1875 2.0 6.0
225 49.0 28.0 2.1875 2.0 6.0
226 49.0 28.0 2.1875 2.0 6.0
227 49.0 28.0 2.1875 2.0 6.0
228 49.0 28.0 2.1875 2.0 6.0
229 49.0 28.0 2.1875 2.0 6.0
230 49.0 28.0 2.1875 2.0 6.0
231 49.0 28.0 2.1875 2.0 6.0
232 49.0 28.0 2.1875 2.0 6.0
233 49.0 28.0 2.1875 2.0 6.0
234 49.0 28.0 2.1875 2.0 6.0
235 49.0 28.0 2.1875 2.0 6.0
236 49.0 28.0 2.1875 2.0 6.0
237 49.0 28.0 2.1875 2.0 6.0
238 49.0 28.0 2.1875 2.0 6.0
239 49.0 28.0 2.1875 2.0 6.0
240 49.0 28.0 2.1875 2.0 6.0
241 49.0 28.0 2.1875 2.0 6.0
242 49.0 28.0 2.1875 2.0 6.0
243 49.0 28.0 2.1875 2.0 6.0
244 49.0 28.0 2.1875 2.0 6.0
245 49.0 28.0 2.1875 2.0 6.0
246 49.0 28.0 2.1875 2.0 6.0
247 49.0 28.0 2.1875 2.0 6.0
248 49.0 28.0 2.1875 2.0 6.0
249 49.0 28.0 2.1875 2.0 6.0
250 49.0 28.0 2.1875 2.0 6.0
251 49.0 28.0 2.1875 2.0 6.0
252 49.0 28.0 2.1875 2.0 6.0
253 49.0 28.0 2.1875 2.0 6.0
254 49.0 28.0 2.1875 2.0 6.0
255 49.0 28.0 2.1875 2.0 6.0
256 56.0 32.0 2.0 2.0 6.0
257 56.0 32.0 2.0 2.0 6.0
258 56.0 32.0 2.0 2.0 6.0
259 56.0 32.0 2.0 2.0 6.0
260 56.0 32.0 2.0 2.0 6.0
261 56.0 32.0 2.0 2.0 6.0
262 56.0 32.0 2.0 2.0 6.0
263 56.0 32.0 2.0 2.0 6.0
264 56.0 32.0 2.0 2.0 6.0
265 56.0 32.0 2.0 2.0 6.0
266 56.0 32.0 2.0 2.0 6.0
267 56.0 32.0 2.0 2.0 6.0
268 56.0 32.0 2.0 2.0 6.0
269 56.0 32.0 2.0 2.0 6.0
270 56.0 32.0 2.0 2.0 6.0
271 56.0 32.0 2.0 2.0 6.0
272 56.0 32.0 2.0 2.0 6.0
273 56.0 32.0 2.0 2.0 6.0
274 56.0 32.0 2.0 2.0 6.0
275 56.0 32.0 2.0 2.0 6.0
276 56.0 32.0 2.0 2.0 6.0
277 56.0 32.0 2.0 2.0 6.0
278 56.0 32.0 2.0 2.0 6.0
279 56.0 32.0 2.0 2.0 6.0
280 56.0 32.0 2.0 2.0 6.0
281 56.0 32.0 2.0 2.0 6.0
282 56.0 32.0 2.0 2.0 6.0
283 56.0 32.0 2.0 2.0 6.0
284 56.0 32.0 2.0 2.0 6.0
285 56.0 32.0 2.0 2.0 6.0
286 56.0 32.0 2.0 2.0 6.0
287 56.0 32.0 2.0 2.0 6.0
288 56.0 32.0 2.0 2.0 6.0
289 56.0 32.0 2.0 2.0 6.0
290 56.0 32.0 2.0 2.0 6.0
291 56.0 32.0 2.0 2.0 6.0
292 56.0 32.0 2.0 2.0 6.0
293 56.0 32.0 2.0 2.0 6.0
294 56.0 32.0 2.0 2.0 6.0
295 56.0 32.0 2.0 2.0 6.0
296 56.0 32.0 2.0 2.0 6.0
297 56.0 32.0 2.0 2.0 6.0
298 56.0 32.0 2.0 2.0 6.0
299 56.0 32.0 2.0 2.0 6.0
300 56.0 32.0 2.0 2.0 6.0
301 56.0 32.0 2.0 2.0 6.0
302 56.0 32.0 2.0 2.0 6.0
303 56.0 32.0 2.0 2.0 6.0
304 56.0 32.0 2.0 2.0 6.0
305 56.0 32.0 2.0 2.0 6.0
306 56.0 32.0 2.0 2.0 6.0
307 56.0 32.0 2.0 2.0 6.0
308 56.0 32.0 2.0 2.0 6.0
309 56.0 32.0 2.0 2.0 6.0
310 56.0 32.0 2.0 2.0 6.0
311 56.0 32.0 2.0 2.0 6.0
312 56.0 32.0 2.0 2.0 6.0
313 56.0 32.0 2.0 2.0 6.0
314 56.0 32.0 2.0 2.0 6.0
315 56.0 32.0 2.0 2.0 6.0
316 56.0 32.0 2.0 2.0 6.0
317 56.0 32.0 2.0 2.0 6.0
318 56.0 32.0 2.0 2.0 6.0
319 56.0 32.0 2.0 2.0 6.0
320 56.0 32.0 2.0 2.0 6.0
321 56.0 32.0 2.0 2.0 6.0
322 56.0 32.0 2.0 2.0 6.0
323 56.0 32.0 2.0 2.0 6.0
324 56.0 32.0 2.0 2.0 6.0
325 56.0 32.0 2.0 2.0 6.0
326 56.0 32.0 2.0 2.0 6.0
327 56.0 32.0 2.0 2.0 6.0
328 56.0 32.0 2.0 2.0 6.0
329 56.0 32.0 2.0 2.0 6.0
330 56.0 32.0 2.0 2.0 6.0
331 56.0 32.0 2.0 2.0 6.0
332 56.0 32.0 2.0 2.0 6.0
333 56.0 32.0 2.0 2.0 6.0
334 56.0 32.0 2.0 2.0 6.0
335 56.0 32.0 2.0 2.0 6.0
336 56.0 32.0 2.0 2.0 6.0
337 56.0 32.0 2.0 2.0 6.0
338 56.0 32.0 2.0 2.0 6.0
339 56.0 32.0 2.0 2.0 6.0
340 56.0 32.0 2.0 2.0 6.0
341 56.0 32.0 2.0 2.0 6.0
342 56.0 32.0 2.0 2.0 6.0
343 56.0 32.0 2.0 2.0 6.0
344 56.0 32.0 2.0 2.0 6.0
345 56.0 32.0 2.0 2.0 6.0
346 56.0 32.0 2.0 2.0 6.0
347 56.0 32.0 2.0 2.0 6.0
348 56.0 32.0 2.0 2.0 6.0
349 56.0 32.0 2.0 2.0 6.0
350 56.0 32.0 2.0 2.0 6.0
351 56.0 32.0 2.0 2.0 6.0
352 56.0 32.0 2.0 2.0 6.0
353 56.0 32.0 2.0 2.0 6.0
354 56.0 32.0 2.0 2.0 6.0
355 56.0 32.0 2.0 2.0 6.0
356 56.0 32.0 2.0 2.0 6.0
357 56.0 32.0 2.0 2.0 6.0
358 56.0 32.0 2.0 2.0 6.0
359 56.0 32.0 2.0 2.0 6.0
360 56.0 32.0 2.0 2.0 6.0
361 56.0 32.0 2.0 2.0 6.0
362 56.0 32.0 2.0 2.0 6.0
363 56.0 32.0 2.0 2.0 6.0
364 56.0 32.0 2.0 2.0 6.0
365 56.0 32.0 2.0 2.0 6.0
366 56.0 32.0 2.0 2.0 6.0
367 56.0 32.0 2.0 2.0 6.0
368 56.0 32.0 2.0 2.0 6.0
369 56.0 32.0 2.0 2.0 6.0
370 56.0 32.0 2.0 2.0 6.0
371 56.0 32.0 2.0 2.0 6.0
372 56.0 32.0 2.0 2.0 6.0
373 56.0 32.0 2.0 2.0 6.0
374 56.0 32.0 2.0 2.0 6.0
375 56.0 32.0 2.0 2.0 6.0
376 56.0 32.0 2.0 2.0 6.0
377 56.0 32.0 2.0 2.0 6.0
378 56.0 32.0 2.0 2.0 6.0
379 56.0 32.0 2.0 2.0 6.0
380 56.0 32.0 2.0 2.0 6.0
381 56.0 32.0 2.0 2.0 6.0
382 56.0 32.0 2.0 2.0 6.0
383 56.0 32.0 2.0 2.0 6.0
384 56.0 32.0 2.0 2.0 6.0
385 56.0 32.0 2.0 2.0 6.0
386 56.0 32.0 2.0 2.0 6.0
387 56.0 32.0 2.0 2.0 6.0
388 56.0 32.0 2.0 2.0 6.0
389 56.0 32.0 2.0 2.0 6.0
390 56.0 32.0 2.0 2.0 6.0
391 56.0 32.0 2.0 2.0 6.0
392 56.0 32.0 2.0 2.0 6.0
393 56.0 32.0 2.0 2.0 6.0
394 56.0 32.0 2.0 2.0 6.0
395 56.0 32.0 2.0 2.0 6.0
396 56.0 32.0 2.0 2.0 6.0
397 56.0 32.0 2.0 2.0 6.0
398 56.0 32.0 2.0 2.0 6.0
399 56.0 32.0 2.0 2.0 6.0
400 56.0 32.0 2.0 2.0 6.0
401 56.0 32.0 2.0 2.0 6.0
402 56.0 32.0 2.0 2.0 6.0
403 56.0 32.0 2.0 2.0 6.0
404 56.0 32.0 2.0 2.0 6.0
405 56.0 32.0 2.0 2.0 6.0
406 56.0 32.0 2.0 2.0 6.0
407 56.0 32.0 2.0 2.0 6.0
408 56.0 32.0 2.0 2.0 6.0
409 56.0 32.0 2.0 2.0 6.0
410 56.0 32.0 2.0 2.0 6.0
411 56.0 32.0 2.0 2.0 6.0
412 56.0 32.0 2.0 2.0 6.0
413 56.0 32.0 2.0 2.0 6.0
414 56.0 32.0 2.0 2.0 6.0
415 56.0 32.0 2.0 2.0 6.0
416 56.0 32.0 2.0 2.0 6.0
417 56.0 32.0 2.0 2.0 6.0
418 56.0 32.0 2.0 2.0 6.0
419 56.0 32.0 2.0 2.0 6.0
420 56.0 32.0 2.0 2.0 6.0
421 56.0 32.0 2.0 2.0 6.0
422 56.0 32.0 2.0 2.0 6.0
423 56.0 32.0 2.0 2.0 6.0
424 56.0 32.0 2.0 2.0 6.0
425 56.0 32.0 2.0 2.0 6.0
426 56.0 32.0 2.0 2.0 6.0
427 56.0 32.0 2.0 2.0 6.0
428 56.0 32.0 2.0 2.0 6.0
429 56.0 32.0 2.0 2.0 6.0
430 56.0 32.0 2.0 2.0 6.0
431 56.0 32.0 2.0 2.0 6.0
432 56.0 32.0 2.0 2.0 6.0
433 56.0 32.0 2.0 2.0 6.0
434 56.0 32.0 2.0 2.0 6.0
435 56.0 32.0 2.0 2.0 6.0
436 56.0 32.0 2.0 2.0 6.0
437 56.0 32.0 2.0 2.0 6.0
438 56.0 32.0 2.0 2.0 6.0
439 56.0 32.0 2.0 2.0 6.0
440 56.0 32.0 2.0 2.0 6.0
441 56.0 32.0 2.0 2.0 6.0
442 56.0 32.0 2.0 2.0 6.0
443 56.0 32.0 2.0 2.0 6.0
444 56.0 32.0 2.0 2.0 6.0
445 56.0 32.0 2.0 2.0 6.0
446 56.0 32.0 2.0 2.0 6.0
447 56.0 32.0 2.0 2.0 6.0
448 56.0 32.0 2.0 2.0 6.0
449 56.0 32.0 2.0 2.0 6.0
450 56.0 32.0 2.0 2.0 6.0
451 56.0 32.0 2.0 2.0 6.0
452 56.0 32.0 2.0 2.0 6.0
453 56.0 32.0 2.0 2.0 6.0
454 56.0 32.0 2.0 2.0 6.0
455 56.0 32.0 2.0 2.0 6.0
456 56.0 32.0 2.0 2.0 6.0
457 56.0 32.0 2.0 2.0 6.0
458 56.0 32.0 2.0 2.0 6.0
459 56.0 32.0 2.0 2.0 6.0
460 56.0 32.0 2.0 2.0 6.0
461 56.0 32.0 2.0 2.0 6.0
462 56.0 32.0 2.0 2.0 6.0
463 56.0 32.0 2.0 2.0 6.0
464 56.0 32.0 2.0 2.0 6.0
465 56.0 32.0 2.0 2.0 6.0
466 56.0 32.0 2.0 2.0 6.0
467 56.0 32.0 2.0 2.0 6.0
468 56.0 32.0 2.0 2.0 6.0
469 56.0 32.0 2.0 2.0 6.0
470 56.0 32.0 2.0 2.0 6.0
471 56.0 32.0 2.0 2.0 6.0
472 56.0 32.0 2.0 2.0 6.0
473 56.0 32.0 2.0 2.0 6.0
474 56.0 32.0 2.0 2.0 6.0
475 56.0 32.0 2.0 2.0 6.0
476 56.0 32.0 2.0 2.0 6.0
477 56.0 32.0 2.0 2.0 6.0
478 56.0 32.0 2.0 2.0 6.0
479 56.0 32.0 2.0 2.0 6.0
480 56.0 32.0 2.0 2.0 6.0
481 56.0 32.0 2.0 2.0 6.0
482 56.0 32.0 2.0 2.0 6.0
483 56.0 32.0 2.0 2.0 6.0
484 56.0 32.0 2.0 2.0 6.0
485 56.0 32.0 2.0 2.0 6.0
486 56.0 32.0 2.0 2.0 6.0
487 56.0 32.0 2.0 2.0 6.0
488 56.0 32.0 2.0 2.0 6.0
489 56.0 32.0 2.0 2.0 6.0
490 56.0 32.0 2.0 2.0 6.0
491 56.0 32.0 2.0 2.0 6.0
492 56.0 32.0 2.0 2.0 6.0
493 56.0 32.0 2.0 2.0 6.0
494 56.0 32.0 2.0 2.0 6.0
495 56.0 32.0 2.0 2.0 6.0
496 56.0 32.0 2.0 2.0 6.0
497 56.0 32.0 2.0 2.0 6.0
498 56.0 32.0 2.0 2.0 6.0
499 56.0 32.0 2.0 2.0 6.0
500 56.0 32.0 2.0 2.0 6.0
501 56.0 32.0 2.0 2.0 6.0
502 56.0 32.0 2.0 2.0 6.0
503 56.0 32.0 2.0 2.0 6.0
504 56.0 32.0 2.0 2.0 6.0
505 56.0 32.0 2.0 2.0 6.0
506 56.0 32.0 2.0 2.0 6.0
507 56.0 32.0 2.0 2.0 6.0
508 56.0 32.0 2.0 2.0 6.0
509 56.0 32.0 2.0 2.0 6.0
510 56.0 32.0 2.0 2.0 6.0
511 56.0 32.0 2.0 2.0 6.0
512 56.0 32.0 2.0 2.0 6.0
513 56.0 32.0 2.0 2.0 6.0
514 56.0 32.0 2.0 2.0 6.0
515 56.0 32.0 2.0 2.0 6.0
516 56.0 32.0 2.0 2.0 6.0
517 56.0 32.0 2.0 2.0 6.0
518 56.0 32.0 2.0 2.0 6.0
519 56.0 32.0 2.0 2.0 6.0
520 56.0 32.0 2.0 2.0 6.0
521 56.0 32.0 2.0 2.0 6.0
522 56.0 32.0 2.0 2.0 6.0
523 56.0 32.0 2.0 2.0 6.0
524 56.0 32.0 2.0 2.0 6.0
525 56.0 32.0 2.0 2.0 6.0
526 56.0 32.0 2.0 2.0 6.0
527 56.0 32.0 2.0 2.0 6.0
528 56.0 32.0 2.0 2.0 6.0
529 56.0 32.0 2.0 2.0 6.0
530 56.0 32.0 2.0 2.0 6.0
531 56.0 32.0 2.0 2.0 6.0
532 56.0 32.0 2.0 2.0 6.0
533 56.0 32.0 2.0 2.0 6.0
534 56.0 32.0 2.0 2.0 6.0
535 56.0 32.0 2.0 2.0 6.0
536 56.0 32.0 2.0 2.0 6.0
537 56.0 32.0 2.0 2.0 6.0
538 56.0 32.0 2.0 2.0 6.0
539 56.0 32.0 2.0 2.0 6.0
540 56.0 32.0 2.0 2.0 6.0
541 56.0 32.0 2.0 2.0 6.0
542 56.0 32.0 2.0 2.0 6.0
543 56.0 32.0 2.0 2.0 6.0
544 56.0 32.0 2.0 2.0 6.0
545 56.0 32.0 2.0 2.0 6.0
546 56.0 32.0 2.0 2.0 6.0
547 56.0 32.0 2.0 2.0 6.0
548 56.0 32.0 2.0 2.0 6.0
549 56.0 32.0 2.0 2.0 6.0
550 56.0 32.0 2.0 2.0 6.0
551 56.0 32.0 2.0 2.0 6.0
552 56.0 32.0 2.0 2.0 6.0
553 56.0 32.0 2.0 2.0 6.0
554 56.0 32.0 2.0 2.0 6.0
555 56.0 32.0 2.0 2.0 6.0
556 56.0 32.0 2.0 2.0 6.0
557 56.0 32.0 2.0 2.0 6.0
558 56.0 32.0 2.0 2.0 6.0
559 56.0 32.0 2.0 2.0 5.0
560 56.0 32.0 2.0 2.0 5.0
561 56.0 32.0 2.0 2.0 5.0
562 56.0 32.0 2.0 2.0 5.0
563 56.0 32.0 2.0 2.0 5.0
564 56.0 32.0 2.0 2.0 5.0
565 56.0 32.0 2.0 2.0 5.0
566 56.0 32.0 2.0 2.0 5.0
567 56.0 32.0 2.0 2.0 5.0
568 56.0 32.0 2.0 2.0 5.0
569 56.0 32.0 2.0 2.0 5.0
570 56.0 32.0 2.0 2.0 5.0
571 56.0 32.0 2.0 2.0 5.0
572 56.0 32.0 2.0 2.0 5.0
573 56.0 32.0 2.0 2.0 5.0
574 56.0 32.0 2.0 2.0 5.0
575 56.0 32.0 2.0 2.0 5.0
576 56.0 32.0 2.0 2.0 5.0
577 56.0 32.0 2.0 2.0 5.0
578 56.0 32.0 2.0 2.0 5.0
579 56.0 32.0 2.0 2.0 5.0
580 56.0 32.0 2.0 2.0 5.0
581 56.0 32.0 2.0 2.0 5.0
582 56.0 32.0 2.0 2.0 5.0
583 56.0 32.0 2.0 2.0 5.0
584 56.0 32.0 2.0 2.0 5.0
585 56.0 32.0 2.0 2.0 5.0
586 56.0 32.0 2.0 2.0 5.0
587 56.0 32.0 2.0 2.0 5.0
588 56.0 32.0 2.0 2.0 5.0
589 56.0 32.0 2.0 2.0 5.0
590 56.0 32.0 2.0 2.0 5.0
591 56.0 32.0 2.0 2.0 5.0
592 56.0 32.0 2.0 2.0 5.0
593 56.0 32.0 2.0 2.0 5.0
594 56.0 32.0 2.0 2.0 5.0
595 56.0 32.0 2.0 2.0 5.0
596 56.0 32.0 2.0 2.0 5.0
597 56.0 32.0 2.0 2.0 5.0
598 56.0 32.0 2.0 2.0 5.0
599 56.0 32.0 2.0 2.0 5.0
600 56.0 32.0 2.0 2.0 5.0
601 56.0 32.0 2.0 2.0 5.0
602 56.0 32.0 2.0 2.0 5.0
603 56.0 32.0 2.0 2.0 5.0
604 56.0 32.0 2.0 2.0 5.0
605 56.0 32.0 2.0 2.0 5.0
606 56.0 32.0 2.0 2.0 5.0
607 56.0 32.0 2.0 2.0 5.0
608 56.0 32.0 2.0 2.0 5.0
609 56.0 32.0 2.0 2.0 5.0
610 56.0 32.0 2.0 2.0 5.0
611 56.0 32.0 2.0 2.0 5.0
612 56.0 32.0 2.0 2.0 5.0
613 56.0 32.0 2.0 2.0 5.0
614 56.0 32.0 2.0 2.0 5.0
615 56.0 32.0 2.0 2.0 5.0
616 56.0 32.0 2.0 2.0 5.0
617 56.0 32.0 2.0 2.0 5.0
618 56.0 32.0 2.0 2.0 5.0
619 56.0 32.0 2.0 2.0 5.0
620 56.0 32.0 2.0 2.0 5.0
621 56.0 32.0 2.0 2.0 5.0
622 56.0 32.0 2.0 2.0 5.0
623 56.0 32.0 2.0 2.0 5.0
624 56.0 32.0 2.0 2.0 5.0
625 56.0 32.0 2.0 2.0 5.0
626 56.0 32.0 2.0 2.0 5.0
627 56.0 32.0 2.0 2.0 5.0
628 56.0 32.0 2.0 2.0 5.0
629 56.0 32.0 2.0 2.0 5.0
630 56.0 32.0 2.0 2.0 5.0
631 56.0 32.0 2.0 2.0 5.0
632 56.0 32.0 2.0 2.0 5.0
633 56.0 32.0 2.0 2.0 5.0
634 56.0 32.0 2.0 2.0 5.0
635 56.0 32.0 2.0 2.0 5.0
636 56.0 32.0 2.0 2.0 5.0
637 56.0 32.0 2.0 2.0 5.0
638 56.0 32.0 2.0 2.0 5.0
639 56.0 32.0 2.0 2.0 5.0
640 56.0 32.0 2.0 2.0 5.0
641 56.0 32.0 2.0 2.0 5.0
642 56.0 32.0 2.0 2.0 5.0
643 56.0 32.0 2.0 2.0 5.0
644 56.0 32.0 2.0 2.0 5.0
645 56.0 32.0 2.0 2.0 5.0
646 56.0 32.0 2.0 2.0 5.0
647 56.0 32.0 2.0 2.0 5.0
648 56.0 32.0 2.0 2.0 5.0
649 56.0 32.0 2.0 2.0 5.0
650 56.0 32.0 2.0 2.0 5.0
651 56.0 32.0 2.0 2.0 5.0
652 56.0 32.0 2.0 2.0 5.0
653 56.0 32.0 2.0 2.0 5.0
654 56.0 32.0 2.0 2.0 5.0
655 56.0 32.0 2.0 2.0 5.0
656 56.0 32.0 2.0 2.0 5.0
657 56.0 32.0 2.0 2.0 5.0
658 56.0 32.0 2.0 2.0 5.0
659 56.0 32.0 2.0 2.0 5.0
660 56.0 32.0 2.0 2.0 5.0
661 56.0 32.0 2.0 2.0 5.0
662 56.0 32.0 2.0 2.0 5.0
663 56.0 32.0 2.0 2.0 5.0
664 56.0 32.0 2.0 2.0 5.0
665 56.0 32.0 2.0 2.0 5.0
666 56.0 32.0 2.0 2.0 5.0
667 56.0 32.0 2.0 2.0 5.0
668 56.0 32.0 2.0 2.0 5.0
669 56.0 32.0 2.0 2.0 5.0
670 56.0 32.0 2.0 2.0 5.0
671 56.0 32.0 2.0 2.0 5.0
672 56.0 32.0 2.0 2.0 5.0
673 56.0 32.0 2.0 2.0 5.0
674 56.0 32.0 2.0 2.0 5.0
675 56.0 32.0 2.0 2.0 5.0
676 56.0 32.0 2.0 2.0 5.0
677 56.0 32.0 2.0 2.0 5.0
678 56.0 32.0 2.0 2.0 5.0
679 56.0 32.0 2.0 2.0 5.0
680 56.0 32.0 2.0 2.0 5.0
681 56.0 32.0 2.0 2.0 5.0
682 56.0 32.0 2.0 2.0 5.0
683 56.0 32.0 2.0 2.0 5.0
684 56.0 32.0 2.0 2.0 5.0
685 56.0 32.0 2.0 2.0 5.0
686 56.0 32.0 2.0 2.0 5.0
687 56.0 32.0 2.0 2.0 5.0
688 56.0 32.0 2.0 2.0 5.0
689 56.0 32.0 2.0 2.0 5.0
690 56.0 32.0 2.0 2.0 5.0
691 56.0 32.0 2.0 2.0 5.0
692 56.0 32.0 2.0 2.0 5.0
693 56.0 32.0 2.0 2.0 5.0
694 56.0 32.0 2.0 2.0 5.0
695 56.0 32.0 2.0 2.0 5.0
696 56.0 32.0 2.0 2.0 5.0
697 56.0 32.0 2.0 2.0 5.0
698 56.0 32.0 2.0 2.0 5.0
699 56.0 32.0 2.0 2.0 5.0
700 56.0 32.0 2.0 2.0 5.0
701 56.0 32.0 2.0 2.0 5.0
702 56.0 32.0 2.0 2.0 5.0
703 56.0 32.0 2.0 2.0 5.0
704 56.0 32.0 2.0 2.0 5.0
705 56.0 32.0 2.0 2.0 5.0
706 56.0 32.0 2.0 2.0 5.0
707 56.0 32.0 2.0 2.0 5.0
708 56.0 32.0 2.0 2.0 5.0
709 56.0 32.0 2.0 2.0 5.0
710 56.0 32.0 2.0 2.0 5.0
711 56.0 32.0 2.0 2.0 5.0
712 56.0 32.0 2.0 2.0 5.0
713 56.0 32.0 2.0 2.0 5.0
714 56.0 32.0 2.0 2.0 5.0
715 56.0 32.0 2.0 2.0 5.0
716 56.0 32.0 2.0 2.0 5.0
717 56.0 32.0 2.0 2.0 5.0
718 56.0 32.0 2.0 2.0 5.0
719 56.0 32.0 2.0 2.0 5.0
720 56.0 32.0 2.0 2.0 5.0
721 56.0 32.0 2.0 2.0 5.0
722 56.0 32.0 2.0 2.0 5.0
723 56.0 32.0 2.0 2.0 5.0
724 56.0 32.0 2.0 2.0 5.0
725 56.0 32.0 2.0 2.0 5.0
726 56.0 32.0 2.0 2.0 5.0
727 56.0 32.0 2.0 2.0 5.0
728 56.0 32.0 2.0 2.0 5.0
729 56.0 32.0 2.0 2.0 5.0
730 56.0 32.0 2.0 2.0 5.0
731 56.0 32.0 2.0 2.0 5.0
732 56.0 32.0 2.0 2.0 5.0
733 56.0 32.0 2.0 2.0 5.0
734 56.0 32.0 2.0 2.0 5.0
735 56.0 32.0 2.0 2.0 5.0
736 56.0 32.0 2.0 2.0 5.0
737 56.0 32.0 2.0 2.0 5.0
738 56.0 32.0 2.0 2.0 5.0
739 56.0 32.0 2.0 2.0 5.0
740 56.0 32.0 2.0 2.0 5.0
741 56.0 32.0 2.0 2.0 5.0
742 56.0 32.0 2.0 2.0 5.0
743 56.0 32.0 2.0 2.0 5.0
744 56.0 32.0 2.0 2.0 5.0
745 56.0 32.0 2.0 2.0 5.0
746 56.0 32.0 2.0 2.0 5.0
747 56.0 32.0 2.0 2.0 5.0
748 56.0 32.0 2.0 2.0 5.0
749 56.0 32.0 2.0 2.0 5.0
750 56.0 32.0 2.0 2.0 5.0
751 56.0 32.0 2.0 2.0 5.0
752 56.0 32.0 2.0 2.0 5.0
753 56.0 32.0 2.0 2.0 5.0
754 56.0 32.0 2.0 2.0 5.0
755 56.0 32.0 2.0 2.0 5.0
756 56.0 32.0 2.0 2.0 5.0
757 56.0 32.0 2.0 2.0 5.0
758 56.0 32.0 2.0 2.0 5.0
759 56.0 32.0 2.0 2.0 5.0
760 56.0 32.0 2.0 2.0 5.0
761 56.0 32.0 2.0 2.0 5.0
762 56.0 32.0 2.0 2.0 5.0
763 56.0 32.0 2.0 2.0 5.0
764 56.0 32.0 2.0 2.0 5.0
765 56.0 32.0 2.0 2.0 5.0
766 56.0 32.0 2.0 2.0 5.0
767 56.0 32.0 2.0 2.0 5.0
768 56.0 32.0 2.0 2.0 5.0
769 56.0 32.0 2.0 2.0 5.0
770 56.0 32.0 2.0 2.0 5.0
771 56.0 32.0 2.0 2.0 5.0
772 56.0 32.0 2.0 2.0 5.0
773 56.0 32.0 2.0 2.0 5.0
774 56.0 32.0 2.0 2.0 5.0
775 56.0 32.0 2.0 2.0 5.0
776 56.0 32.0 2.0 2.0 5.0
777 56.0 32.0 2.0 2.0 5.0
778 56.0 32.0 2.0 2.0 5.0
779 56.0 32.0 2.0 2.0 5.0
780 56.0 32.0 2.0 2.0 5.0
781 56.0 32.0 2.0 2.0 5.0
782 56.0 32.0 2.0 2.0 5.0
783 56.0 32.0 2.0 2.0 5.0
784 56.0 32.0 2.0 2.0 5.0
785 56.0 32.0 2.0 2.0 5.0
786 56.0 32.0 2.0 2.0 5.0
787 56.0 32.0 2.0 2.0 5.0
788 56.0 32.0 2.0 2.0 5.0
789 56.0 32.0 2.0 2.0 5.0
790 56.0 32.0 2.0 2.0 5.0
791 56.0 32.0 2.0 2.0 5.0
792 56.0 32.0 2.0 2.0 5.0
793 56.0 32.0 2.0 2.0 5.0
794 56.0 32.0 2.0 2.0 5.0
795 56.0 32.0 2.0 2.0 5.0
796 56.0 32.0 2.0 2.0 5.0
797 56.0 32.0 2.0 2.0 5.0
798 56.0 32.0 2.0 2.0 5.0
799 56.0 32.0 2.0 2.0 5.0
800 56.0 32.0 2.0 2.0 5.0
801 56.0 32.0 2.0 2.0 5.0
802 56.0 32.0 2.0 2.0 5.0
803 56.0 32.0 2.0 2.0 5.0
804 56.0 32.0 2.0 2.0 5.0
805 56.0 32.0 2.0 2.0 5.0
806 56.0 32.0 2.0 2.0 5.0
807 56.0 32.0 2.0 2.0 5.0
808 56.0 32.0 2.0 2.0 5.0
809 56.0 32.0 2.0 2.0 5.0
810 56.0 32.0 2.0 2.0 5.0
811 56.0 32.0 2.0 2.0 5.0
812 56.0 32.0 2.0 2.0 5.0
813 56.0 32.0 2.0 2.0 5.0
814 56.0 32.0 2.0 2.0 5.0
815 56.0 32.0 2.0 2.0 5.0
816 56.0 32.0 2.0 2.0 5.0
817 56.0 32.0 2.0 2.0 5.0
818 56.0 32.0 2.0 2.0 5.0
819 56.0 32.0 2.0 2.0 5.0
820 56.0 32.0 2.0 2.0 5.0
821 56.0 32.0 2.0 2.0 5.0
822 56.0 32.0 2.0 2.0 5.0
823 56.0 32.0 2.0 2.0 5.0
824 56.0 32.0 2.0 2.0 5.0
825 56.0 32.0 2.0 2.0 5.0
826 56.0 32.0 2.0 2.0 5.0
827 56.0 32.0 2.0 2.0 5.0
828 56.0 32.0 2.0 2.0 5.0
829 56.0 32.0 2.0 2.0 5.0
830 56.0 32.0 2.0 2.0 5.0
831 56.0 32.0 2.0 2.0 5.0
832 56.0 32.0 2.0 2.0 5.0
833 56.0 32.0 2.0 2.0 5.0
834 56.0 32.0 2.0 2.0 5.0
835 56.0 32.0 2.0 2.0 5.0
836 56.0 32.0 2.0 2.0 5.0
837 56.0 32.0 2.0 2.0 5.0
838 56.0 32.0 2.0 2.0 5.0
839 56.0 32.0 2.0 2.0 5.0
840 56.0 32.0 2.0 2.0 5.0
841 56.0 32.0 2.0 2.0 5.0
842 56.0 32.0 2.0 2.0 5.0
843 56.0 32.0 2.0 2.0 5.0
844 56.0 32.0 2.0 2.0 5.0
845 56.0 32.0 2.0 2.0 5.0
846 56.0 32.0 2.0 2.0 5.0
847 56.0 32.0 2.0 2.0 5.0
848 56.0 32.0 2.0 2.0 5.0
849 56.0 32.0 2.0 2.0 5.0
850 56.0 32.0 2.0 2.0 5.0
851 56.0 32.0 2.0 2.0 5.0
852 56.0 32.0 2.0 2.0 5.0
853 56.0 32.0 2.0 2.0 5.0
854 56.0 32.0 2.0 2.0 5.0
855 56.0 32.0 2.0 2.0 5.0
856 56.0 32.0 2.0 2.0 5.0
857 56.0 32.0 2.0 2.0 5.0
858 56.0 32.0 2.0 2.0 5.0
859 56.0 32.0 2.0 2.0 5.0
860 56.0 32.0 2.0 2.0 5.0
861 56.0 32.0 2.0 2.0 5.0
862 56.0 32.0 2.0 2.0 5.0
863 56.0 32.0 2.0 2.0 5.0
864 56.0 32.0 2.0 2.0 5.0
865 56.0 32.0 2.0 2.0 5.0
866 56.0 32.0 2.0 2.0 5.0
867 56.0 32.0 2.0 2.0 5.0
868 56.0 32.0 2.0 2.0 5.0
869 56.0 32.0 2.0 2.0 5.0
870 56.0 32.0 2.0 2.0 5.0
871 56.0 32.0 2.0 2.0 5.0
872 56.0 32.0 2.0 2.0 5.0
873 57.0 32.0 2.0 2.0 4.0
874 57.0 32.0 2.0 2.0 4.0
875 57.0 32.0 2.0 2.0 4.0
876 57.0 32.0 2.0 2.0 4.0
877 57.0 32.0 2.0 2.0 4.0
878 57.0 32.0 2.0 2.0 4.0
879 57.0 32.0 2.0 2.0 4.0
880 57.0 32.0 2.0 2.0 4.0
881 57.0 32.0 2.0 2.0 4.0
882 57.0 32.0 2.0 2.0 4.0
883 57.0 32.0 2.0 2.0 4.0
884 57.0 32.0 2.0 2.0 4.0
885 57.0 32.0 2.0 2.0 4.0
886 57.0 32.0 2.0 2.0 4.0
887 57.0 32.0 2.0 2.0 4.0
888 57.0 32.0 2.0 2.0 4.0
889 57.0 32.0 2.0 2.0 4.0
890 57.0 32.0 2.0 2.0 4.0
891 57.0 32.0 2.0 2.0 4.0
892 57.0 32.0 2.0 2.0 4.0
893 57.0 32.0 2.0 2.0 4.0
894 57.0 32.0 2.0 2.0 4.0
895 57.0 32.0 2.0 2.0 4.0
896 57.0 32.0 2.0 2.0 4.0
897 57.0 32.0 2.0 2.0 4.0
898 57.0 32.0 2.0 2.0 4.0
899 57.0 32.0 2.0 2.0 4.0
900 57.0 32.0 2.0 2.0 4.0
901 57.0 32.0 2.0 2.0 4.0
902 57.0 32.0 2.0 2.0 4.0
903 57.0 32.0 2.0 2.0 4.0
904 57.0 32.0 2.0 2.0 4.0
905 57.0 32.0 2.0 2.0 4.0
906 57.0 32.0 2.0 2.0 4.0
907 57.0 32.0 2.0 2.0 4.0
908 57.0 32.0 2.0 2.0 4.0
909 57.0 32.0 2.0 2.0 4.0
910 57.0 32.0 2.0 2.0 4.0
911 57.0 32.0 2.0 2.0 4.0
912 57.0 32.0 2.0 2.0 4.0
913 57.0 32.0 2.0 2.0 4.0
914 57.0 32.0 2.0 2.0 4.0
915 57.0 32.0 2.0 2.0 4.0
916 57.0 32.0 2.0 2.0 4.0
917 57.0 32.0 2.0 2.0 4.0
918 57.0 32.0 2.0 2.0 4.0
919 57.0 32.0 2.0 2.0 4.0
920 57.0 32.0 2.0 2.0 4.0
921 57.0 32.0 2.0 2.0 4.0
922 57.0 32.0 2.0 2.0 4.0
923 57.0 32.0 2.0 2.0 4.0
924 57.0 32.0 2.0 2.0 4.0
925 57.0 32.0 2.0 2.0 4.0
926 57.0 32.0 2.0 2.0 4.0
927 57.0 32.0 2.0 2.0 4.0
928 57.0 32.0 2.0 2.0 4.0
929 57.0 32.0 2.0 2.0 4.0
930 57.0 32.0 2.0 2.0 4.0
931 57.0 32.0 2.0 2.0 4.0
932 57.0 32.0 2.0 2.0 4.0
933 57.0 32.0 2.0 2.0 4.0
934 57.0 32.0 2.0 2.0 4.0
935 57.0 32.0 2.0 2.0 4.0
936 57.0 32.0 2.0 2.0 4.0
937 57.0 32.0 2.0 2.0 4.0
938 57.0 32.0 2.0 2.0 4.0
939 57.0 32.0 2.0 2.0 4.0
940 57.0 32.0 2.0 2.0 4.0
941 57.0 32.0 2.0 2.0 4.0
942 57.0 32.0 2.0 2.0 4.0
943 57.0 32.0 2.0 2.0 4.0
944 57.0 32.0 2.0 2.0 4.0
945 57.0 32.0 2.0 2.0 4.0
946 57.0 32.0 2.0 2.0 4.0
947 57.0 32.0 2.0 2.0 4.0
948 57.0 32.0 2.0 2.0 4.0
949 57.0 32.0 2.0 2.0 4.0
950 57.0 32.0 2.0 2.0 4.0
951 57.0 32.0 2.0 2.0 4.0
952 57.0 32.0 2.0 2.0 4.0
953 57.0 32.0 2.0 2.0 4.0
954 57.0 32.0 2.0 2.0 4.0
955 57.0 32.0 2.0 2.0 4.0
956 57.0 32.0 2.0 2.0 4.0
957 57.0 32.0 2.0 2.0 4.0
958 57.0 32.0 2.0 2.0 4.0
959 57.0 32.0 2.0 2.0 4.0
960 57.0 32.0 2.0 2.0 4.0
961 57.0 32.0 2.0 2.0 4.0
962 57.0 32.0 2.0 2.0 4.0
963 57.0 32.0 2.0 2.0 4.0
964 57.0 32.0 2.0 2.0 4.0
965 57.0 32.0 2.0 2.0 4.0
966 57.0 32.0 2.0 2.0 4.0
967 57.0 32.0 2.0 2.0 4.0
968 57.0 32.0 2.0 2.0 4.0
969 57.0 32.0 2.0 2.0 4.0
970 57.0 32.0 2.0 2.0 4.0
971 57.0 32.0 2.0 2.0 4.0
972 57.0 32.0 2.0 2.0 4.0
973 57.0 32.0 2.0 2.0 4.0
974 57.0 32.0 2.0 2.0 4.0
975 57.0 32.0 2.0 2.0 4.0
976 57.0 32.0 2.0 2.0 4.0
977 57.0 32.0 2.0 2.0 4.0
978 57.0 32.0 2.0 2.0 4.0
979 57.0 32.0 2.0 2.0 4.0
980 57.0 32.0 2.0 2.0 4.0
981 57.0 32.0 2.0 2.0 4.0
982 57.0 32.0 2.0 2.0 4.0
983 57.0 32.0 2.0 2.0 4.0
984 57.0 32.0 2.0 2.0 4.0
985 57.0 32.0 2.0 2.0 4.0
986 57.0 32.0 2.0 2.0 4.0
987 57.0 32.0 2.0 2.0 4.0
988 57.0 32.0 2.0 2.0 4.0
989 57.0 32.0 2.0 2.0 4.0
990 57.0 32.0 2.0 2.0 4.0
991 57.0 32.0 2.0 2.0 4.0
992 57.0 32.0 2.0 2.0 4.0
993 57.0 32.0 2.0 2.0 4.0
994 57.0 32.0 2.0 2.0 4.0
995 57.0 32.0 2.0 2.0 4.0
996 57.0 32.0 2.0 2.0 4.0
997 57.0 32.0 2.0 2.0 4.0
998 57.0 32.0 2.0 2.0 4.0
999 57.0 32.0 2.0 2.0 4.0
1000 57.0 32.0 2.0 2.0 4.0
