gen HV HVnoDiscount fitness_notKilledMutants notKilledNonEqMutants fitness_testSuiteSize
1 2.8515625 0.0 9.5703125 9.0 6.0
2 31.662109375 28.0 5.560546875 5.0 3.0
3 31.662109375 28.0 5.560546875 5.0 3.0
4 31.662109375 28.0 5.560546875 5.0 3.0
5 31.662109375 28.0 5.560546875 5.0 3.0
6 31.662109375 28.0 4.7548828125 4.0 5.0
7 31.662109375 28.0 4.7548828125 4.0 5.0
8 31.662109375 28.0 4.7548828125 4.0 5.0
9 31.662109375 28.0 4.7548828125 4.0 5.0
10 31.662109375 28.0 4.7548828125 4.0 5.0
11 31.662109375 28.0 4.7548828125 4.0 5.0
12 31.662109375 28.0 4.7548828125 4.0 5.0
13 31.662109375 28.0 4.7548828125 4.0 5.0
14 31.662109375 28.0 4.7548828125 4.0 5.0
15 31.662109375 28.0 4.7548828125 4.0 5.0
16 31.662109375 28.0 4.7548828125 4.0 5.0
17 31.662109375 28.0 4.7548828125 4.0 5.0
18 31.662109375 28.0 4.7548828125 4.0 5.0
19 31.662109375 28.0 4.7548828125 4.0 5.0
20 31.662109375 28.0 4.7548828125 4.0 5.0
21 31.662109375 28.0 4.7548828125 4.0 5.0
22 31.662109375 28.0 4.3447265625 4.0 5.0
23 31.662109375 28.0 4.3447265625 4.0 5.0
24 31.662109375 28.0 4.3447265625 4.0 5.0
25 31.662109375 28.0 4.3447265625 4.0 5.0
26 31.662109375 28.0 4.3447265625 4.0 5.0
27 31.662109375 28.0 4.3447265625 4.0 5.0
28 31.662109375 28.0 4.3447265625 4.0 5.0
29 31.662109375 28.0 4.3447265625 4.0 5.0
30 31.662109375 28.0 4.3447265625 4.0 5.0
31 31.662109375 28.0 4.3447265625 4.0 5.0
32 31.662109375 28.0 4.3447265625 4.0 5.0
33 31.662109375 28.0 4.3447265625 4.0 5.0
34 31.662109375 28.0 4.3447265625 4.0 5.0
35 31.662109375 28.0 4.3447265625 4.0 5.0
36 31.662109375 28.0 4.3447265625 4.0 5.0
37 31.662109375 28.0 4.3447265625 4.0 5.0
38 31.662109375 28.0 4.3447265625 4.0 5.0
39 31.662109375 28.0 4.3447265625 4.0 5.0
40 31.662109375 28.0 4.3447265625 4.0 5.0
41 31.662109375 28.0 4.3447265625 4.0 5.0
42 31.662109375 28.0 4.3447265625 4.0 5.0
43 31.662109375 28.0 4.3447265625 4.0 5.0
44 31.662109375 28.0 4.3447265625 4.0 5.0
45 31.662109375 28.0 4.3447265625 4.0 5.0
46 31.662109375 28.0 4.3447265625 4.0 5.0
47 31.662109375 28.0 4.3447265625 4.0 5.0
48 31.662109375 28.0 4.3447265625 4.0 5.0
49 31.662109375 28.0 4.3447265625 4.0 5.0
50 31.662109375 28.0 4.3447265625 4.0 5.0
51 31.662109375 28.0 4.3447265625 4.0 5.0
52 31.662109375 28.0 4.0810546875 4.0 5.0
53 31.662109375 28.0 4.0810546875 4.0 5.0
54 31.662109375 28.0 4.0810546875 4.0 5.0
55 31.662109375 28.0 4.0810546875 4.0 5.0
56 31.662109375 28.0 4.0810546875 4.0 5.0
57 31.662109375 28.0 4.0810546875 4.0 5.0
58 31.662109375 28.0 4.0810546875 4.0 5.0
59 31.662109375 28.0 4.0810546875 4.0 5.0
60 31.662109375 28.0 4.0810546875 4.0 5.0
61 31.662109375 28.0 4.0810546875 4.0 5.0
62 31.662109375 28.0 4.0810546875 4.0 5.0
63 31.662109375 28.0 4.0810546875 4.0 5.0
64 31.662109375 28.0 4.0810546875 4.0 5.0
65 31.662109375 28.0 4.0810546875 4.0 5.0
66 31.662109375 28.0 4.0810546875 4.0 5.0
67 31.662109375 28.0 4.0810546875 4.0 5.0
68 31.662109375 28.0 4.0810546875 4.0 5.0
69 31.662109375 28.0 4.0810546875 4.0 5.0
70 31.662109375 28.0 4.0810546875 4.0 5.0
71 31.662109375 28.0 4.0810546875 4.0 5.0
72 31.662109375 28.0 4.0810546875 4.0 5.0
73 31.662109375 28.0 4.0810546875 4.0 5.0
74 31.662109375 28.0 4.0810546875 4.0 5.0
75 31.662109375 28.0 4.0810546875 4.0 5.0
76 31.662109375 28.0 4.0810546875 4.0 5.0
77 31.662109375 28.0 4.0810546875 4.0 5.0
78 31.662109375 28.0 4.021484375 4.0 6.0
79 31.662109375 28.0 4.021484375 4.0 6.0
80 31.662109375 28.0 4.021484375 4.0 6.0
81 31.662109375 28.0 4.021484375 4.0 6.0
82 31.662109375 28.0 4.021484375 4.0 6.0
83 31.662109375 28.0 4.021484375 4.0 6.0
84 31.662109375 28.0 4.021484375 4.0 6.0
85 31.662109375 28.0 4.021484375 4.0 6.0
86 31.662109375 28.0 4.021484375 4.0 6.0
87 31.662109375 28.0 4.021484375 4.0 6.0
88 31.662109375 28.0 4.021484375 4.0 6.0
89 31.662109375 28.0 4.021484375 4.0 6.0
90 31.662109375 28.0 4.021484375 4.0 6.0
91 31.662109375 28.0 4.021484375 4.0 6.0
92 31.662109375 28.0 4.021484375 4.0 6.0
93 31.662109375 28.0 4.021484375 4.0 6.0
94 31.662109375 28.0 4.021484375 4.0 6.0
95 31.662109375 28.0 4.021484375 4.0 6.0
96 31.662109375 28.0 4.021484375 4.0 6.0
97 37.953125 30.0 4.005859375 4.0 4.0
98 37.953125 30.0 4.005859375 4.0 4.0
99 37.953125 30.0 4.005859375 4.0 4.0
100 37.953125 30.0 4.005859375 4.0 4.0
101 37.953125 30.0 4.005859375 4.0 4.0
102 37.953125 30.0 4.005859375 4.0 4.0
103 37.953125 30.0 4.005859375 4.0 4.0
104 47.9609375 40.0 4.0048828125 4.0 2.0
105 47.9609375 40.0 4.0048828125 4.0 2.0
106 47.9609375 40.0 4.0048828125 4.0 2.0
107 47.9609375 40.0 4.0048828125 4.0 2.0
108 47.9609375 40.0 4.0048828125 4.0 2.0
109 47.9609375 40.0 4.0048828125 4.0 2.0
110 47.9609375 40.0 4.0048828125 4.0 2.0
111 47.9609375 40.0 4.0048828125 4.0 2.0
112 47.9609375 40.0 4.0048828125 4.0 2.0
113 47.9609375 40.0 4.0048828125 4.0 2.0
114 47.9609375 40.0 4.0048828125 4.0 2.0
115 47.9609375 40.0 4.0048828125 4.0 2.0
116 47.9609375 40.0 4.0048828125 4.0 2.0
117 47.9609375 40.0 4.0048828125 4.0 2.0
118 47.9609375 40.0 4.0048828125 4.0 2.0
119 47.9609375 40.0 4.0048828125 4.0 2.0
120 47.9609375 40.0 4.0048828125 4.0 2.0
121 47.9609375 40.0 4.0048828125 4.0 2.0
122 47.9609375 40.0 4.0048828125 4.0 2.0
123 47.9609375 40.0 4.0048828125 4.0 2.0
124 47.9609375 40.0 4.0048828125 4.0 2.0
125 47.9609375 40.0 4.0048828125 4.0 2.0
126 47.9609375 40.0 4.0048828125 4.0 2.0
127 47.9609375 40.0 4.0048828125 4.0 2.0
128 47.9609375 40.0 4.0048828125 4.0 2.0
129 47.9609375 40.0 4.0009765625 4.0 4.0
130 47.9609375 40.0 4.0009765625 4.0 4.0
131 47.9609375 40.0 4.0009765625 4.0 4.0
132 47.9609375 40.0 4.0009765625 4.0 4.0
133 47.9609375 40.0 4.0009765625 4.0 4.0
134 47.9609375 40.0 4.0009765625 4.0 4.0
135 47.9609375 40.0 4.0009765625 4.0 4.0
136 47.9609375 40.0 4.0009765625 4.0 4.0
137 47.9609375 40.0 4.0009765625 4.0 4.0
138 47.9609375 40.0 4.0009765625 4.0 4.0
139 47.9609375 40.0 4.0009765625 4.0 4.0
140 47.9609375 40.0 4.0009765625 4.0 4.0
141 47.9609375 40.0 4.0 4.0 5.0
142 47.9609375 40.0 4.0 4.0 5.0
143 47.9609375 40.0 4.0 4.0 5.0
144 47.9609375 40.0 4.0 4.0 5.0
145 47.9609375 40.0 4.0 4.0 5.0
146 47.9609375 40.0 4.0 4.0 5.0
147 47.9609375 40.0 4.0 4.0 5.0
148 47.9609375 40.0 4.0 4.0 5.0
149 47.9609375 40.0 4.0 4.0 5.0
150 47.9609375 40.0 4.0 4.0 5.0
151 47.9609375 40.0 4.0 4.0 5.0
152 47.9609375 40.0 4.0 4.0 5.0
153 47.9609375 40.0 4.0 4.0 5.0
154 47.9609375 40.0 4.0 4.0 5.0
155 47.9609375 40.0 4.0 4.0 5.0
156 47.9609375 40.0 4.0 4.0 5.0
157 47.9609375 40.0 4.0 4.0 5.0
158 47.9609375 40.0 4.0 4.0 5.0
159 47.9609375 40.0 4.0 4.0 5.0
160 47.9609375 40.0 4.0 4.0 5.0
161 47.9609375 40.0 4.0 4.0 5.0
162 47.9609375 40.0 4.0 4.0 5.0
163 47.9609375 40.0 4.0 4.0 5.0
164 47.9609375 40.0 4.0 4.0 5.0
165 47.9609375 40.0 4.0 4.0 5.0
166 47.9609375 40.0 4.0 4.0 5.0
167 47.9609375 40.0 4.0 4.0 5.0
168 47.9609375 40.0 4.0 4.0 5.0
169 47.9609375 40.0 4.0 4.0 5.0
170 47.9609375 40.0 4.0 4.0 5.0
171 47.9609375 40.0 4.0 4.0 5.0
172 47.9609375 40.0 4.0 4.0 5.0
173 47.9609375 40.0 4.0 4.0 5.0
174 47.9609375 40.0 4.0 4.0 5.0
175 47.9609375 40.0 4.0 4.0 5.0
176 47.9609375 40.0 4.0 4.0 5.0
177 47.9609375 40.0 4.0 4.0 5.0
178 47.9609375 40.0 4.0 4.0 5.0
179 47.9609375 40.0 4.0 4.0 5.0
180 47.9609375 40.0 4.0 4.0 5.0
181 47.9609375 40.0 4.0 4.0 5.0
182 47.9609375 40.0 4.0 4.0 5.0
183 47.9609375 40.0 4.0 4.0 5.0
184 47.9609375 40.0 4.0 4.0 5.0
185 47.9609375 40.0 4.0 4.0 5.0
186 47.9609375 40.0 4.0 4.0 5.0
187 47.9609375 40.0 4.0 4.0 5.0
188 47.9609375 40.0 4.0 4.0 5.0
189 47.9609375 40.0 4.0 4.0 5.0
190 47.9609375 40.0 4.0 4.0 5.0
191 47.9609375 40.0 4.0 4.0 5.0
192 47.9609375 40.0 4.0 4.0 5.0
193 47.9609375 40.0 4.0 4.0 5.0
194 47.9609375 40.0 4.0 4.0 5.0
195 47.9609375 40.0 4.0 4.0 5.0
196 47.9609375 40.0 4.0 4.0 5.0
197 47.9609375 40.0 4.0 4.0 5.0
198 47.9609375 40.0 4.0 4.0 5.0
199 47.9609375 40.0 4.0 4.0 5.0
200 47.9609375 40.0 4.0 4.0 5.0
201 47.9609375 40.0 4.0 4.0 5.0
202 47.9609375 40.0 4.0 4.0 5.0
203 47.9609375 40.0 4.0 4.0 5.0
204 47.9609375 40.0 4.0 4.0 5.0
205 47.9609375 40.0 4.0 4.0 5.0
206 47.9609375 40.0 4.0 4.0 5.0
207 47.9609375 40.0 4.0 4.0 5.0
208 47.9609375 40.0 4.0 4.0 5.0
209 47.9609375 40.0 4.0 4.0 5.0
210 47.9609375 40.0 4.0 4.0 5.0
211 47.9609375 40.0 4.0 4.0 5.0
212 47.9609375 40.0 4.0 4.0 5.0
213 47.9609375 40.0 4.0 4.0 5.0
214 47.9609375 40.0 4.0 4.0 5.0
215 47.9609375 40.0 4.0 4.0 5.0
216 47.9609375 40.0 4.0 4.0 5.0
217 47.9609375 40.0 4.0 4.0 5.0
218 47.9609375 40.0 4.0 4.0 5.0
219 47.9609375 40.0 4.0 4.0 5.0
220 47.9609375 40.0 4.0 4.0 5.0
221 47.9609375 40.0 4.0 4.0 5.0
222 47.9609375 40.0 3.0 3.0 6.0
223 47.9609375 40.0 3.0 3.0 6.0
224 47.9609375 40.0 3.0 3.0 6.0
225 47.9609375 40.0 3.0 3.0 6.0
226 47.9609375 40.0 3.0 3.0 6.0
227 47.9609375 40.0 3.0 3.0 6.0
228 47.9609375 40.0 3.0 3.0 6.0
229 47.9609375 40.0 3.0 3.0 6.0
230 47.9609375 40.0 3.0 3.0 6.0
231 47.9609375 40.0 3.0 3.0 6.0
232 47.9609375 40.0 3.0 3.0 6.0
233 47.9609375 40.0 3.0 3.0 6.0
234 47.9609375 40.0 3.0 3.0 6.0
235 47.9609375 40.0 3.0 3.0 6.0
236 47.9609375 40.0 3.0 3.0 6.0
237 47.9609375 40.0 3.0 3.0 6.0
238 47.9609375 40.0 3.0 3.0 6.0
239 47.9609375 40.0 3.0 3.0 6.0
240 47.9609375 40.0 3.0 3.0 6.0
241 47.9609375 40.0 3.0 3.0 6.0
242 47.9609375 40.0 3.0 3.0 6.0
243 47.9609375 40.0 3.0 3.0 6.0
244 47.9609375 40.0 3.0 3.0 6.0
245 47.9609375 40.0 3.0 3.0 6.0
246 47.9609375 40.0 3.0 3.0 6.0
247 47.9609375 40.0 3.0 3.0 6.0
248 47.9609375 40.0 3.0 3.0 6.0
249 47.9609375 40.0 3.0 3.0 6.0
250 47.9609375 40.0 3.0 3.0 6.0
251 47.9609375 40.0 3.0 3.0 6.0
252 47.9609375 40.0 3.0 3.0 6.0
253 47.9609375 40.0 3.0 3.0 6.0
254 47.9609375 40.0 3.0 3.0 6.0
255 47.9609375 40.0 3.0 3.0 6.0
256 47.9609375 40.0 3.0 3.0 6.0
257 47.9609375 40.0 3.0 3.0 6.0
258 47.9609375 40.0 3.0 3.0 6.0
259 47.9609375 40.0 3.0 3.0 6.0
260 47.9609375 40.0 3.0 3.0 6.0
261 47.9609375 40.0 3.0 3.0 6.0
262 47.9609375 40.0 3.0 3.0 6.0
263 47.9609375 40.0 3.0 3.0 6.0
264 47.9609375 40.0 3.0 3.0 6.0
265 47.9609375 40.0 3.0 3.0 6.0
266 47.9609375 40.0 3.0 3.0 6.0
267 47.9609375 40.0 3.0 3.0 6.0
268 47.9609375 40.0 3.0 3.0 6.0
269 47.9609375 40.0 3.0 3.0 6.0
270 47.9609375 40.0 3.0 3.0 6.0
271 47.9609375 40.0 3.0 3.0 6.0
272 47.9609375 40.0 3.0 3.0 6.0
273 47.9609375 40.0 3.0 3.0 6.0
274 47.9609375 40.0 3.0 3.0 6.0
275 47.9609375 40.0 3.0 3.0 6.0
276 47.9609375 40.0 3.0 3.0 6.0
277 47.9609375 40.0 3.0 3.0 6.0
278 47.9609375 40.0 3.0 3.0 6.0
279 47.9609375 40.0 3.0 3.0 6.0
280 47.9609375 40.0 3.0 3.0 6.0
281 47.9609375 40.0 3.0 3.0 6.0
282 47.9609375 40.0 3.0 3.0 6.0
283 47.9609375 40.0 3.0 3.0 6.0
284 47.9609375 40.0 3.0 3.0 6.0
285 47.9609375 40.0 3.0 3.0 6.0
286 47.9609375 40.0 3.0 3.0 6.0
287 47.9609375 40.0 3.0 3.0 6.0
288 47.9609375 40.0 3.0 3.0 6.0
289 47.9609375 40.0 3.0 3.0 6.0
290 47.9609375 40.0 3.0 3.0 6.0
291 47.9609375 40.0 3.0 3.0 6.0
292 47.9609375 40.0 3.0 3.0 6.0
293 47.9609375 40.0 3.0 3.0 6.0
294 47.9609375 40.0 3.0 3.0 6.0
295 47.9609375 40.0 3.0 3.0 6.0
296 47.9609375 40.0 3.0 3.0 6.0
297 47.9609375 40.0 3.0 3.0 6.0
298 47.9609375 40.0 3.0 3.0 6.0
299 47.9609375 40.0 3.0 3.0 6.0
300 47.9609375 40.0 3.0 3.0 6.0
301 47.9609375 40.0 3.0 3.0 6.0
302 47.9609375 40.0 3.0 3.0 6.0
303 47.9609375 40.0 3.0 3.0 6.0
304 47.9609375 40.0 3.0 3.0 6.0
305 47.9609375 40.0 3.0 3.0 6.0
306 47.9609375 40.0 3.0 3.0 6.0
307 47.9609375 40.0 3.0 3.0 6.0
308 47.9609375 40.0 3.0 3.0 6.0
309 47.9609375 40.0 3.0 3.0 6.0
310 47.9609375 40.0 3.0 3.0 6.0
311 47.9609375 40.0 3.0 3.0 6.0
312 47.9609375 40.0 3.0 3.0 6.0
313 47.9609375 40.0 3.0 3.0 6.0
314 47.9609375 40.0 3.0 3.0 6.0
315 47.9609375 40.0 3.0 3.0 6.0
316 47.9609375 40.0 3.0 3.0 6.0
317 47.9609375 40.0 3.0 3.0 6.0
318 47.9609375 40.0 3.0 3.0 6.0
319 47.9609375 40.0 3.0 3.0 6.0
320 47.9609375 40.0 3.0 3.0 6.0
321 47.9609375 40.0 3.0 3.0 6.0
322 47.9609375 40.0 3.0 3.0 6.0
323 47.9609375 40.0 3.0 3.0 6.0
324 47.9609375 40.0 3.0 3.0 6.0
325 47.9609375 40.0 3.0 3.0 6.0
326 47.9609375 40.0 3.0 3.0 6.0
327 47.9609375 40.0 3.0 3.0 6.0
328 47.9609375 40.0 3.0 3.0 6.0
329 47.9609375 40.0 3.0 3.0 6.0
330 47.9609375 40.0 3.0 3.0 6.0
331 47.9609375 40.0 3.0 3.0 6.0
332 47.9609375 40.0 3.0 3.0 6.0
333 47.9609375 40.0 3.0 3.0 6.0
334 47.9609375 40.0 3.0 3.0 6.0
335 47.9609375 40.0 3.0 3.0 6.0
336 47.9609375 40.0 3.0 3.0 6.0
337 47.9609375 40.0 3.0 3.0 6.0
338 47.9609375 40.0 3.0 3.0 6.0
339 47.9609375 40.0 3.0 3.0 6.0
340 47.9609375 40.0 3.0 3.0 6.0
341 47.9609375 40.0 3.0 3.0 6.0
342 47.9609375 40.0 3.0 3.0 6.0
343 47.9609375 40.0 3.0 3.0 6.0
344 47.9609375 40.0 3.0 3.0 6.0
345 47.9609375 40.0 3.0 3.0 6.0
346 47.9609375 40.0 3.0 3.0 6.0
347 47.9609375 40.0 3.0 3.0 6.0
348 47.9609375 40.0 3.0 3.0 6.0
349 47.9609375 40.0 3.0 3.0 6.0
350 47.9609375 40.0 3.0 3.0 6.0
351 47.9609375 40.0 3.0 3.0 6.0
352 47.9609375 40.0 3.0 3.0 6.0
353 47.9609375 40.0 3.0 3.0 6.0
354 47.9609375 40.0 3.0 3.0 6.0
355 47.9609375 40.0 3.0 3.0 6.0
356 47.9609375 40.0 3.0 3.0 6.0
357 47.9609375 40.0 3.0 3.0 6.0
358 47.9609375 40.0 3.0 3.0 6.0
359 47.9609375 40.0 3.0 3.0 6.0
360 47.9609375 40.0 3.0 3.0 6.0
361 47.9609375 40.0 3.0 3.0 6.0
362 47.9609375 40.0 3.0 3.0 6.0
363 47.9609375 40.0 3.0 3.0 6.0
364 47.9609375 40.0 3.0 3.0 6.0
365 47.9609375 40.0 3.0 3.0 6.0
366 47.9609375 40.0 3.0 3.0 6.0
367 47.9609375 40.0 3.0 3.0 6.0
368 47.9609375 40.0 3.0 3.0 6.0
369 47.9609375 40.0 3.0 3.0 6.0
370 47.9609375 40.0 3.0 3.0 6.0
371 47.9609375 40.0 3.0 3.0 6.0
372 47.9609375 40.0 3.0 3.0 6.0
373 47.9609375 40.0 3.0 3.0 6.0
374 47.9609375 40.0 3.0 3.0 6.0
375 47.9609375 40.0 3.0 3.0 6.0
376 47.9609375 40.0 3.0 3.0 6.0
377 47.9609375 40.0 3.0 3.0 6.0
378 47.9609375 40.0 3.0 3.0 6.0
379 47.9609375 40.0 3.0 3.0 6.0
380 47.9609375 40.0 3.0 3.0 6.0
381 47.9609375 40.0 3.0 3.0 6.0
382 47.9609375 40.0 3.0 3.0 6.0
383 47.9609375 40.0 3.0 3.0 6.0
384 47.9609375 40.0 3.0 3.0 6.0
385 47.9609375 40.0 3.0 3.0 6.0
386 47.9609375 40.0 3.0 3.0 6.0
387 47.9609375 40.0 3.0 3.0 6.0
388 47.9609375 40.0 3.0 3.0 6.0
389 47.9609375 40.0 3.0 3.0 6.0
390 47.9609375 40.0 3.0 3.0 6.0
391 47.9609375 40.0 3.0 3.0 6.0
392 47.9609375 40.0 3.0 3.0 6.0
393 47.9609375 40.0 3.0 3.0 6.0
394 47.9609375 40.0 3.0 3.0 6.0
395 47.9609375 40.0 3.0 3.0 6.0
396 47.9609375 40.0 3.0 3.0 6.0
397 47.9609375 40.0 3.0 3.0 6.0
398 47.9609375 40.0 3.0 3.0 6.0
399 47.9609375 40.0 3.0 3.0 6.0
400 47.9609375 40.0 3.0 3.0 6.0
401 47.9609375 40.0 3.0 3.0 6.0
402 47.9609375 40.0 3.0 3.0 6.0
403 47.9609375 40.0 3.0 3.0 6.0
404 47.9609375 40.0 3.0 3.0 6.0
405 47.9609375 40.0 3.0 3.0 6.0
406 47.9609375 40.0 3.0 3.0 6.0
407 47.9609375 40.0 3.0 3.0 6.0
408 47.9609375 40.0 3.0 3.0 6.0
409 47.9609375 40.0 3.0 3.0 6.0
410 47.9609375 40.0 3.0 3.0 6.0
411 47.9609375 40.0 3.0 3.0 6.0
412 47.9609375 40.0 3.0 3.0 6.0
413 47.9609375 40.0 3.0 3.0 6.0
414 47.9609375 40.0 3.0 3.0 6.0
415 47.9609375 40.0 3.0 3.0 6.0
416 47.9609375 40.0 3.0 3.0 6.0
417 47.9609375 40.0 3.0 3.0 6.0
418 47.9609375 40.0 3.0 3.0 6.0
419 47.9609375 40.0 3.0 3.0 6.0
420 47.9609375 40.0 3.0 3.0 6.0
421 47.9609375 40.0 3.0 3.0 6.0
422 47.9609375 40.0 3.0 3.0 6.0
423 47.9609375 40.0 3.0 3.0 6.0
424 47.9609375 40.0 3.0 3.0 6.0
425 47.9609375 40.0 3.0 3.0 6.0
426 47.9609375 40.0 3.0 3.0 6.0
427 47.9609375 40.0 3.0 3.0 6.0
428 47.9609375 40.0 3.0 3.0 6.0
429 47.9609375 40.0 3.0 3.0 6.0
430 47.9609375 40.0 3.0 3.0 6.0
431 47.9609375 40.0 3.0 3.0 6.0
432 47.9609375 40.0 3.0 3.0 6.0
433 47.9609375 40.0 3.0 3.0 6.0
434 47.9609375 40.0 3.0 3.0 6.0
435 47.9609375 40.0 3.0 3.0 6.0
436 47.9609375 40.0 3.0 3.0 6.0
437 47.9609375 40.0 3.0 3.0 6.0
438 47.9609375 40.0 3.0 3.0 6.0
439 47.9609375 40.0 3.0 3.0 6.0
440 47.9609375 40.0 3.0 3.0 6.0
441 47.9609375 40.0 3.0 3.0 6.0
442 47.9609375 40.0 3.0 3.0 6.0
443 47.9609375 40.0 3.0 3.0 6.0
444 47.9609375 40.0 3.0 3.0 6.0
445 47.9609375 40.0 3.0 3.0 6.0
446 47.9609375 40.0 3.0 3.0 6.0
447 47.9609375 40.0 3.0 3.0 6.0
448 47.9609375 40.0 3.0 3.0 6.0
449 47.9609375 40.0 3.0 3.0 6.0
450 47.9609375 40.0 3.0 3.0 6.0
451 47.9609375 40.0 3.0 3.0 6.0
452 47.9609375 40.0 3.0 3.0 6.0
453 47.9609375 40.0 3.0 3.0 6.0
454 47.9609375 40.0 3.0 3.0 6.0
455 47.9609375 40.0 3.0 3.0 6.0
456 47.9609375 40.0 3.0 3.0 6.0
457 47.9609375 40.0 3.0 3.0 6.0
458 47.9609375 40.0 3.0 3.0 6.0
459 47.9609375 40.0 3.0 3.0 6.0
460 47.9609375 40.0 3.0 3.0 6.0
461 47.9609375 40.0 3.0 3.0 6.0
462 47.9609375 40.0 3.0 3.0 6.0
463 47.9609375 40.0 3.0 3.0 6.0
464 47.9609375 40.0 3.0 3.0 6.0
465 47.9609375 40.0 3.0 3.0 6.0
466 47.9609375 40.0 3.0 3.0 6.0
467 47.9609375 40.0 3.0 3.0 6.0
468 47.9609375 40.0 3.0 3.0 6.0
469 47.9609375 40.0 3.0 3.0 6.0
470 47.9609375 40.0 3.0 3.0 6.0
471 47.9609375 40.0 3.0 3.0 6.0
472 47.9609375 40.0 3.0 3.0 6.0
473 47.9609375 40.0 3.0 3.0 6.0
474 47.9609375 40.0 3.0 3.0 6.0
475 47.9609375 40.0 3.0 3.0 6.0
476 47.9609375 40.0 3.0 3.0 6.0
477 47.9609375 40.0 3.0 3.0 6.0
478 47.9609375 40.0 3.0 3.0 6.0
479 47.9609375 40.0 3.0 3.0 6.0
480 47.9609375 40.0 3.0 3.0 6.0
481 47.9609375 40.0 3.0 3.0 6.0
482 47.9609375 40.0 3.0 3.0 6.0
483 47.9609375 40.0 3.0 3.0 6.0
484 47.9609375 40.0 3.0 3.0 6.0
485 47.9609375 40.0 3.0 3.0 6.0
486 47.9609375 40.0 3.0 3.0 6.0
487 47.9609375 40.0 3.0 3.0 6.0
488 47.9609375 40.0 3.0 3.0 6.0
489 47.9609375 40.0 3.0 3.0 6.0
490 47.9609375 40.0 3.0 3.0 6.0
491 47.9609375 40.0 3.0 3.0 6.0
492 47.9609375 40.0 3.0 3.0 6.0
493 47.9609375 40.0 3.0 3.0 6.0
494 47.9609375 40.0 3.0 3.0 6.0
495 47.9609375 40.0 3.0 3.0 6.0
496 47.9609375 40.0 3.0 3.0 6.0
497 47.9609375 40.0 3.0 3.0 6.0
498 47.9609375 40.0 3.0 3.0 6.0
499 47.9609375 40.0 3.0 3.0 6.0
500 47.9609375 40.0 3.0 3.0 6.0
501 47.9609375 40.0 3.0 3.0 6.0
502 47.9609375 40.0 3.0 3.0 6.0
503 47.9609375 40.0 2.0 2.0 5.0
504 47.9609375 40.0 2.0 2.0 5.0
505 47.9609375 40.0 2.0 2.0 5.0
506 47.9609375 40.0 2.0 2.0 5.0
507 47.9609375 40.0 2.0 2.0 5.0
508 47.9609375 40.0 2.0 2.0 5.0
509 47.9609375 40.0 2.0 2.0 5.0
510 47.9609375 40.0 2.0 2.0 5.0
511 47.9609375 40.0 2.0 2.0 5.0
512 47.9609375 40.0 2.0 2.0 5.0
513 47.9609375 40.0 2.0 2.0 5.0
514 47.9609375 40.0 2.0 2.0 5.0
515 47.9609375 40.0 2.0 2.0 5.0
516 47.9609375 40.0 2.0 2.0 5.0
517 47.9609375 40.0 2.0 2.0 5.0
518 47.9609375 40.0 2.0 2.0 5.0
519 47.9609375 40.0 2.0 2.0 5.0
520 47.9609375 40.0 2.0 2.0 5.0
521 47.9609375 40.0 2.0 2.0 5.0
522 47.9609375 40.0 2.0 2.0 5.0
523 47.9609375 40.0 2.0 2.0 5.0
524 47.9609375 40.0 2.0 2.0 5.0
525 47.9609375 40.0 2.0 2.0 5.0
526 47.9609375 40.0 2.0 2.0 5.0
527 47.9609375 40.0 2.0 2.0 5.0
528 47.9609375 40.0 2.0 2.0 5.0
529 47.9609375 40.0 2.0 2.0 5.0
530 47.9609375 40.0 2.0 2.0 5.0
531 47.9609375 40.0 2.0 2.0 5.0
532 47.9609375 40.0 2.0 2.0 5.0
533 47.9609375 40.0 2.0 2.0 5.0
534 47.9609375 40.0 2.0 2.0 5.0
535 47.9609375 40.0 2.0 2.0 5.0
536 47.9609375 40.0 2.0 2.0 5.0
537 47.9609375 40.0 2.0 2.0 5.0
538 47.9609375 40.0 2.0 2.0 5.0
539 47.9609375 40.0 2.0 2.0 5.0
540 47.9609375 40.0 2.0 2.0 5.0
541 47.9609375 40.0 2.0 2.0 5.0
542 47.9609375 40.0 2.0 2.0 5.0
543 47.9609375 40.0 2.0 2.0 5.0
544 47.9609375 40.0 2.0 2.0 5.0
545 47.9609375 40.0 2.0 2.0 5.0
546 47.9609375 40.0 2.0 2.0 5.0
547 47.9609375 40.0 2.0 2.0 5.0
548 47.9609375 40.0 2.0 2.0 5.0
549 47.9609375 40.0 2.0 2.0 5.0
550 47.9609375 40.0 2.0 2.0 5.0
551 47.9609375 40.0 2.0 2.0 5.0
552 47.9609375 40.0 2.0 2.0 5.0
553 47.9609375 40.0 2.0 2.0 5.0
554 47.9609375 40.0 2.0 2.0 5.0
555 47.9609375 40.0 2.0 2.0 5.0
556 47.9609375 40.0 2.0 2.0 5.0
557 47.9609375 40.0 2.0 2.0 5.0
558 47.9609375 40.0 2.0 2.0 5.0
559 47.9609375 40.0 2.0 2.0 5.0
560 47.9609375 40.0 2.0 2.0 5.0
561 47.9609375 40.0 2.0 2.0 5.0
562 47.9609375 40.0 2.0 2.0 5.0
563 47.9609375 40.0 2.0 2.0 5.0
564 47.9609375 40.0 2.0 2.0 5.0
565 47.9609375 40.0 2.0 2.0 5.0
566 47.9609375 40.0 2.0 2.0 5.0
567 47.9609375 40.0 2.0 2.0 5.0
568 47.9609375 40.0 2.0 2.0 5.0
569 47.9609375 40.0 2.0 2.0 5.0
570 47.9609375 40.0 2.0 2.0 5.0
571 47.9609375 40.0 2.0 2.0 5.0
572 47.9609375 40.0 2.0 2.0 5.0
573 47.9609375 40.0 2.0 2.0 5.0
574 47.9609375 40.0 2.0 2.0 5.0
575 47.9609375 40.0 2.0 2.0 5.0
576 47.9609375 40.0 2.0 2.0 5.0
577 47.9609375 40.0 2.0 2.0 5.0
578 47.9609375 40.0 2.0 2.0 5.0
579 47.9609375 40.0 2.0 2.0 5.0
580 47.9609375 40.0 2.0 2.0 5.0
581 47.9609375 40.0 2.0 2.0 5.0
582 47.9609375 40.0 2.0 2.0 5.0
583 47.9609375 40.0 2.0 2.0 5.0
584 47.9609375 40.0 2.0 2.0 5.0
585 47.9609375 40.0 2.0 2.0 5.0
586 47.9609375 40.0 2.0 2.0 5.0
587 47.9609375 40.0 2.0 2.0 5.0
588 47.9609375 40.0 2.0 2.0 5.0
589 47.9609375 40.0 2.0 2.0 5.0
590 47.9609375 40.0 2.0 2.0 5.0
591 47.9609375 40.0 2.0 2.0 5.0
592 47.9609375 40.0 2.0 2.0 5.0
593 47.9609375 40.0 2.0 2.0 5.0
594 47.9609375 40.0 2.0 2.0 5.0
595 47.9609375 40.0 2.0 2.0 5.0
596 47.9609375 40.0 2.0 2.0 5.0
597 47.9609375 40.0 2.0 2.0 5.0
598 47.9609375 40.0 2.0 2.0 5.0
599 47.9609375 40.0 2.0 2.0 5.0
600 47.9609375 40.0 2.0 2.0 5.0
601 47.9609375 40.0 2.0 2.0 5.0
602 47.9609375 40.0 2.0 2.0 5.0
603 47.9609375 40.0 2.0 2.0 5.0
604 47.9609375 40.0 2.0 2.0 5.0
605 47.9609375 40.0 2.0 2.0 5.0
606 47.9609375 40.0 2.0 2.0 5.0
607 47.9609375 40.0 2.0 2.0 5.0
608 47.9609375 40.0 2.0 2.0 5.0
609 47.9609375 40.0 2.0 2.0 5.0
610 47.9609375 40.0 2.0 2.0 5.0
611 47.9609375 40.0 2.0 2.0 5.0
612 47.9609375 40.0 2.0 2.0 5.0
613 47.9609375 40.0 2.0 2.0 5.0
614 47.9609375 40.0 2.0 2.0 5.0
615 47.9609375 40.0 2.0 2.0 5.0
616 47.9609375 40.0 2.0 2.0 5.0
617 47.9609375 40.0 2.0 2.0 5.0
618 47.9609375 40.0 2.0 2.0 5.0
619 47.9609375 40.0 2.0 2.0 5.0
620 47.9609375 40.0 2.0 2.0 5.0
621 47.9609375 40.0 2.0 2.0 5.0
622 47.9609375 40.0 2.0 2.0 5.0
623 47.9609375 40.0 2.0 2.0 5.0
624 47.9609375 40.0 2.0 2.0 5.0
625 47.9609375 40.0 2.0 2.0 5.0
626 47.9609375 40.0 2.0 2.0 5.0
627 47.9609375 40.0 2.0 2.0 5.0
628 47.9609375 40.0 2.0 2.0 5.0
629 47.9609375 40.0 2.0 2.0 5.0
630 47.9609375 40.0 2.0 2.0 5.0
631 47.9609375 40.0 2.0 2.0 5.0
632 47.9609375 40.0 2.0 2.0 5.0
633 47.9609375 40.0 2.0 2.0 5.0
634 47.9609375 40.0 2.0 2.0 5.0
635 47.9609375 40.0 2.0 2.0 5.0
636 47.9609375 40.0 2.0 2.0 5.0
637 47.9609375 40.0 2.0 2.0 5.0
638 47.9609375 40.0 2.0 2.0 5.0
639 47.9609375 40.0 2.0 2.0 5.0
640 47.9609375 40.0 2.0 2.0 5.0
641 47.9609375 40.0 2.0 2.0 5.0
642 47.9609375 40.0 2.0 2.0 5.0
643 47.9609375 40.0 2.0 2.0 5.0
644 47.9609375 40.0 2.0 2.0 5.0
645 47.9609375 40.0 2.0 2.0 5.0
646 47.9609375 40.0 2.0 2.0 5.0
647 47.9609375 40.0 2.0 2.0 5.0
648 47.9609375 40.0 2.0 2.0 5.0
649 47.9609375 40.0 2.0 2.0 5.0
650 47.9609375 40.0 2.0 2.0 5.0
651 47.9609375 40.0 2.0 2.0 5.0
652 47.9609375 40.0 2.0 2.0 5.0
653 47.9609375 40.0 2.0 2.0 5.0
654 47.9609375 40.0 2.0 2.0 5.0
655 47.9609375 40.0 2.0 2.0 5.0
656 47.9609375 40.0 2.0 2.0 5.0
657 47.9609375 40.0 2.0 2.0 5.0
658 47.9609375 40.0 2.0 2.0 5.0
659 47.9609375 40.0 2.0 2.0 5.0
660 47.9609375 40.0 2.0 2.0 5.0
661 47.9609375 40.0 2.0 2.0 5.0
662 47.9609375 40.0 2.0 2.0 5.0
663 47.9609375 40.0 2.0 2.0 5.0
664 47.9609375 40.0 2.0 2.0 5.0
665 47.9609375 40.0 2.0 2.0 5.0
666 47.9609375 40.0 2.0 2.0 5.0
667 47.9609375 40.0 2.0 2.0 5.0
668 47.9609375 40.0 2.0 2.0 5.0
669 47.9609375 40.0 2.0 2.0 5.0
670 47.9609375 40.0 2.0 2.0 5.0
671 47.9609375 40.0 2.0 2.0 5.0
672 47.9609375 40.0 2.0 2.0 5.0
673 47.9609375 40.0 2.0 2.0 5.0
674 47.9609375 40.0 2.0 2.0 5.0
675 47.9609375 40.0 2.0 2.0 5.0
676 47.9609375 40.0 2.0 2.0 5.0
677 47.9609375 40.0 2.0 2.0 5.0
678 47.9609375 40.0 2.0 2.0 5.0
679 47.9609375 40.0 2.0 2.0 5.0
680 47.9609375 40.0 2.0 2.0 5.0
681 47.9609375 40.0 2.0 2.0 5.0
682 47.9609375 40.0 2.0 2.0 5.0
683 47.9609375 40.0 2.0 2.0 5.0
684 47.9609375 40.0 2.0 2.0 5.0
685 47.9609375 40.0 2.0 2.0 5.0
686 47.9609375 40.0 2.0 2.0 5.0
687 47.9609375 40.0 2.0 2.0 5.0
688 47.9609375 40.0 2.0 2.0 5.0
689 47.9609375 40.0 2.0 2.0 5.0
690 47.9609375 40.0 2.0 2.0 5.0
691 47.9609375 40.0 2.0 2.0 5.0
692 47.9609375 40.0 2.0 2.0 5.0
693 47.9609375 40.0 2.0 2.0 5.0
694 47.9609375 40.0 2.0 2.0 5.0
695 47.9609375 40.0 2.0 2.0 5.0
696 47.9609375 40.0 2.0 2.0 5.0
697 47.9609375 40.0 2.0 2.0 5.0
698 47.9609375 40.0 2.0 2.0 5.0
699 47.9609375 40.0 2.0 2.0 5.0
700 47.9609375 40.0 2.0 2.0 5.0
701 47.9609375 40.0 2.0 2.0 5.0
702 47.9609375 40.0 2.0 2.0 5.0
703 47.9609375 40.0 2.0 2.0 5.0
704 47.9609375 40.0 2.0 2.0 5.0
705 47.9609375 40.0 2.0 2.0 5.0
706 47.9609375 40.0 2.0 2.0 5.0
707 47.9609375 40.0 2.0 2.0 5.0
708 47.9609375 40.0 2.0 2.0 5.0
709 47.9609375 40.0 2.0 2.0 5.0
710 47.9609375 40.0 2.0 2.0 5.0
711 47.9609375 40.0 2.0 2.0 5.0
712 47.9609375 40.0 2.0 2.0 5.0
713 47.9609375 40.0 2.0 2.0 5.0
714 47.9609375 40.0 2.0 2.0 5.0
715 47.9609375 40.0 2.0 2.0 5.0
716 47.9609375 40.0 2.0 2.0 5.0
717 47.9609375 40.0 2.0 2.0 5.0
718 47.9609375 40.0 2.0 2.0 5.0
719 47.9609375 40.0 2.0 2.0 5.0
720 47.9609375 40.0 2.0 2.0 5.0
721 47.9609375 40.0 2.0 2.0 5.0
722 47.9609375 40.0 2.0 2.0 5.0
723 47.9609375 40.0 2.0 2.0 5.0
724 47.9609375 40.0 2.0 2.0 5.0
725 47.9609375 40.0 2.0 2.0 5.0
726 47.9609375 40.0 2.0 2.0 5.0
727 47.9609375 40.0 2.0 2.0 5.0
728 47.9609375 40.0 2.0 2.0 5.0
729 47.9609375 40.0 2.0 2.0 5.0
730 47.9609375 40.0 2.0 2.0 5.0
731 47.9609375 40.0 2.0 2.0 5.0
732 47.9609375 40.0 2.0 2.0 5.0
733 47.9609375 40.0 2.0 2.0 5.0
734 47.9609375 40.0 2.0 2.0 5.0
735 47.9609375 40.0 2.0 2.0 5.0
736 47.9609375 40.0 2.0 2.0 5.0
737 47.9609375 40.0 2.0 2.0 5.0
738 47.9609375 40.0 2.0 2.0 5.0
739 47.9609375 40.0 2.0 2.0 5.0
740 47.9609375 40.0 2.0 2.0 5.0
741 47.9609375 40.0 2.0 2.0 5.0
742 47.9609375 40.0 2.0 2.0 5.0
743 47.9609375 40.0 2.0 2.0 5.0
744 47.9609375 40.0 2.0 2.0 5.0
745 47.9609375 40.0 2.0 2.0 5.0
746 47.9609375 40.0 2.0 2.0 5.0
747 47.9609375 40.0 2.0 2.0 5.0
748 47.9609375 40.0 2.0 2.0 5.0
749 47.9609375 40.0 2.0 2.0 5.0
750 47.9609375 40.0 2.0 2.0 5.0
751 47.9609375 40.0 2.0 2.0 5.0
752 47.9609375 40.0 2.0 2.0 5.0
753 47.9609375 40.0 2.0 2.0 5.0
754 47.9609375 40.0 2.0 2.0 5.0
755 47.9609375 40.0 2.0 2.0 5.0
756 47.9609375 40.0 2.0 2.0 5.0
757 47.9609375 40.0 2.0 2.0 5.0
758 47.9609375 40.0 2.0 2.0 5.0
759 47.9609375 40.0 2.0 2.0 5.0
760 47.9609375 40.0 2.0 2.0 5.0
761 47.9609375 40.0 2.0 2.0 5.0
762 47.9609375 40.0 2.0 2.0 5.0
763 47.9609375 40.0 2.0 2.0 5.0
764 47.9609375 40.0 2.0 2.0 5.0
765 47.9609375 40.0 2.0 2.0 5.0
766 47.9609375 40.0 2.0 2.0 5.0
767 47.9609375 40.0 2.0 2.0 5.0
768 47.9609375 40.0 2.0 2.0 5.0
769 47.9609375 40.0 2.0 2.0 5.0
770 47.9609375 40.0 2.0 2.0 5.0
771 47.9609375 40.0 2.0 2.0 5.0
772 47.9609375 40.0 2.0 2.0 5.0
773 47.9609375 40.0 2.0 2.0 5.0
774 47.9609375 40.0 2.0 2.0 5.0
775 47.9609375 40.0 2.0 2.0 5.0
776 47.9609375 40.0 2.0 2.0 5.0
777 47.9609375 40.0 2.0 2.0 5.0
778 47.9609375 40.0 2.0 2.0 5.0
779 47.9609375 40.0 2.0 2.0 5.0
780 47.9609375 40.0 2.0 2.0 5.0
781 47.9609375 40.0 2.0 2.0 5.0
782 47.9609375 40.0 2.0 2.0 5.0
783 47.9609375 40.0 2.0 2.0 5.0
784 47.9609375 40.0 2.0 2.0 5.0
785 47.9609375 40.0 2.0 2.0 5.0
786 47.9609375 40.0 2.0 2.0 5.0
787 47.9609375 40.0 2.0 2.0 5.0
788 47.9609375 40.0 2.0 2.0 5.0
789 47.9609375 40.0 2.0 2.0 5.0
790 47.9609375 40.0 2.0 2.0 5.0
791 47.9609375 40.0 2.0 2.0 5.0
792 47.9609375 40.0 2.0 2.0 5.0
793 47.9609375 40.0 2.0 2.0 5.0
794 47.9609375 40.0 2.0 2.0 5.0
795 47.9609375 40.0 2.0 2.0 5.0
796 47.9609375 40.0 2.0 2.0 5.0
797 47.9609375 40.0 2.0 2.0 5.0
798 47.9609375 40.0 2.0 2.0 5.0
799 47.9609375 40.0 2.0 2.0 5.0
800 47.9609375 40.0 2.0 2.0 5.0
801 47.9609375 40.0 2.0 2.0 5.0
802 47.9609375 40.0 2.0 2.0 5.0
803 47.9609375 40.0 2.0 2.0 5.0
804 47.9609375 40.0 2.0 2.0 5.0
805 47.9609375 40.0 2.0 2.0 5.0
806 47.9609375 40.0 2.0 2.0 5.0
807 47.9609375 40.0 2.0 2.0 5.0
808 47.9609375 40.0 2.0 2.0 5.0
809 47.9609375 40.0 2.0 2.0 5.0
810 47.9609375 40.0 2.0 2.0 5.0
811 47.9609375 40.0 2.0 2.0 5.0
812 47.9609375 40.0 2.0 2.0 5.0
813 47.9609375 40.0 2.0 2.0 5.0
814 47.9609375 40.0 2.0 2.0 5.0
815 47.9609375 40.0 2.0 2.0 5.0
816 47.9609375 40.0 2.0 2.0 5.0
817 47.9609375 40.0 2.0 2.0 5.0
818 47.9609375 40.0 2.0 2.0 5.0
819 47.9609375 40.0 2.0 2.0 5.0
820 47.9609375 40.0 2.0 2.0 5.0
821 47.9609375 40.0 2.0 2.0 5.0
822 47.9609375 40.0 2.0 2.0 5.0
823 47.9609375 40.0 2.0 2.0 5.0
824 47.9609375 40.0 2.0 2.0 5.0
825 47.9609375 40.0 2.0 2.0 5.0
826 47.9609375 40.0 2.0 2.0 5.0
827 47.9609375 40.0 2.0 2.0 5.0
828 47.9609375 40.0 2.0 2.0 5.0
829 47.9609375 40.0 2.0 2.0 5.0
830 47.9609375 40.0 2.0 2.0 5.0
831 47.9609375 40.0 2.0 2.0 5.0
832 47.9609375 40.0 2.0 2.0 5.0
833 47.9609375 40.0 2.0 2.0 5.0
834 47.9609375 40.0 2.0 2.0 5.0
835 47.9609375 40.0 2.0 2.0 5.0
836 47.9609375 40.0 2.0 2.0 5.0
837 47.9609375 40.0 2.0 2.0 5.0
838 47.9609375 40.0 2.0 2.0 5.0
839 47.9609375 40.0 2.0 2.0 5.0
840 47.9609375 40.0 2.0 2.0 5.0
841 47.9609375 40.0 2.0 2.0 5.0
842 47.9609375 40.0 2.0 2.0 5.0
843 47.9609375 40.0 2.0 2.0 5.0
844 47.9609375 40.0 2.0 2.0 5.0
845 47.9609375 40.0 2.0 2.0 5.0
846 47.9609375 40.0 2.0 2.0 5.0
847 47.9609375 40.0 2.0 2.0 5.0
848 47.9609375 40.0 2.0 2.0 5.0
849 47.9609375 40.0 2.0 2.0 5.0
850 47.9609375 40.0 2.0 2.0 5.0
851 47.9609375 40.0 2.0 2.0 5.0
852 47.9609375 40.0 2.0 2.0 5.0
853 47.9609375 40.0 2.0 2.0 5.0
854 47.9609375 40.0 2.0 2.0 5.0
855 47.9609375 40.0 2.0 2.0 5.0
856 47.9609375 40.0 2.0 2.0 5.0
857 47.9609375 40.0 2.0 2.0 5.0
858 47.9609375 40.0 2.0 2.0 5.0
859 47.9609375 40.0 2.0 2.0 5.0
860 47.9609375 40.0 2.0 2.0 5.0
861 47.9609375 40.0 2.0 2.0 5.0
862 47.9609375 40.0 2.0 2.0 5.0
863 47.9609375 40.0 2.0 2.0 5.0
864 47.9609375 40.0 2.0 2.0 5.0
865 47.9609375 40.0 2.0 2.0 5.0
866 47.9609375 40.0 2.0 2.0 5.0
867 47.9609375 40.0 2.0 2.0 5.0
868 47.9609375 40.0 2.0 2.0 5.0
869 47.9609375 40.0 2.0 2.0 5.0
870 47.9609375 40.0 2.0 2.0 5.0
871 47.9609375 40.0 2.0 2.0 5.0
872 47.9609375 40.0 2.0 2.0 5.0
873 47.9609375 40.0 2.0 2.0 5.0
874 47.9609375 40.0 2.0 2.0 5.0
875 47.9609375 40.0 2.0 2.0 5.0
876 47.9609375 40.0 2.0 2.0 5.0
877 47.9609375 40.0 2.0 2.0 5.0
878 47.9609375 40.0 2.0 2.0 5.0
879 47.9609375 40.0 2.0 2.0 5.0
880 47.9609375 40.0 2.0 2.0 5.0
881 47.9609375 40.0 2.0 2.0 5.0
882 47.9609375 40.0 2.0 2.0 5.0
883 47.9609375 40.0 2.0 2.0 5.0
884 47.9609375 40.0 2.0 2.0 5.0
885 47.9609375 40.0 2.0 2.0 5.0
886 47.9609375 40.0 2.0 2.0 5.0
887 47.9609375 40.0 2.0 2.0 5.0
888 47.9609375 40.0 2.0 2.0 5.0
889 47.9609375 40.0 2.0 2.0 5.0
890 47.9609375 40.0 2.0 2.0 5.0
891 47.9609375 40.0 2.0 2.0 5.0
892 47.9609375 40.0 2.0 2.0 5.0
893 47.9609375 40.0 2.0 2.0 5.0
894 47.9609375 40.0 2.0 2.0 5.0
895 47.9609375 40.0 2.0 2.0 5.0
896 47.9609375 40.0 2.0 2.0 5.0
897 47.9609375 40.0 2.0 2.0 5.0
898 47.9609375 40.0 2.0 2.0 5.0
899 47.9609375 40.0 2.0 2.0 5.0
900 47.9609375 40.0 2.0 2.0 5.0
901 47.9609375 40.0 2.0 2.0 5.0
902 47.9609375 40.0 2.0 2.0 5.0
903 47.9609375 40.0 2.0 2.0 5.0
904 47.9609375 40.0 2.0 2.0 5.0
905 47.9609375 40.0 2.0 2.0 5.0
906 47.9609375 40.0 2.0 2.0 5.0
907 47.9609375 40.0 2.0 2.0 5.0
908 47.9609375 40.0 2.0 2.0 5.0
909 47.9609375 40.0 2.0 2.0 5.0
910 47.9609375 40.0 2.0 2.0 5.0
911 47.9609375 40.0 2.0 2.0 5.0
912 47.9609375 40.0 2.0 2.0 5.0
913 47.9609375 40.0 2.0 2.0 5.0
914 47.9609375 40.0 2.0 2.0 5.0
915 47.9609375 40.0 2.0 2.0 5.0
916 47.9609375 40.0 2.0 2.0 5.0
917 47.9609375 40.0 2.0 2.0 5.0
918 47.9609375 40.0 2.0 2.0 5.0
919 47.9609375 40.0 2.0 2.0 5.0
920 47.9609375 40.0 2.0 2.0 5.0
921 47.9609375 40.0 2.0 2.0 5.0
922 47.9609375 40.0 2.0 2.0 5.0
923 47.9609375 40.0 2.0 2.0 5.0
924 47.9609375 40.0 2.0 2.0 5.0
925 47.9609375 40.0 2.0 2.0 5.0
926 47.9609375 40.0 2.0 2.0 5.0
927 47.9609375 40.0 2.0 2.0 5.0
928 47.9609375 40.0 2.0 2.0 5.0
929 47.9609375 40.0 2.0 2.0 5.0
930 47.9609375 40.0 2.0 2.0 5.0
931 47.9609375 40.0 2.0 2.0 5.0
932 47.9609375 40.0 2.0 2.0 5.0
933 47.9609375 40.0 2.0 2.0 5.0
934 47.9609375 40.0 2.0 2.0 5.0
935 47.9609375 40.0 2.0 2.0 5.0
936 47.9609375 40.0 2.0 2.0 5.0
937 47.9609375 40.0 2.0 2.0 5.0
938 47.9609375 40.0 2.0 2.0 5.0
939 47.9609375 40.0 2.0 2.0 5.0
940 47.9609375 40.0 2.0 2.0 5.0
941 47.9609375 40.0 2.0 2.0 5.0
942 47.9609375 40.0 2.0 2.0 5.0
943 47.9609375 40.0 2.0 2.0 5.0
944 47.9609375 40.0 2.0 2.0 5.0
945 47.9609375 40.0 2.0 2.0 5.0
946 47.9609375 40.0 2.0 2.0 5.0
947 47.9609375 40.0 2.0 2.0 5.0
948 47.9609375 40.0 2.0 2.0 5.0
949 47.9609375 40.0 2.0 2.0 5.0
950 47.9609375 40.0 2.0 2.0 5.0
951 47.9609375 40.0 2.0 2.0 5.0
952 47.9609375 40.0 2.0 2.0 5.0
953 47.9609375 40.0 2.0 2.0 5.0
954 47.9609375 40.0 2.0 2.0 5.0
955 47.9609375 40.0 2.0 2.0 5.0
956 47.9609375 40.0 2.0 2.0 5.0
957 47.9609375 40.0 2.0 2.0 5.0
958 47.9609375 40.0 2.0 2.0 5.0
959 47.9609375 40.0 2.0 2.0 5.0
960 47.9609375 40.0 2.0 2.0 5.0
961 47.9609375 40.0 2.0 2.0 5.0
962 47.9609375 40.0 2.0 2.0 5.0
963 47.9609375 40.0 2.0 2.0 5.0
964 47.9609375 40.0 2.0 2.0 5.0
965 47.9609375 40.0 2.0 2.0 5.0
966 47.9609375 40.0 2.0 2.0 5.0
967 47.9609375 40.0 2.0 2.0 5.0
968 47.9609375 40.0 2.0 2.0 5.0
969 47.9609375 40.0 2.0 2.0 5.0
970 47.9609375 40.0 2.0 2.0 5.0
971 47.9609375 40.0 2.0 2.0 5.0
972 47.9609375 40.0 2.0 2.0 5.0
973 47.9609375 40.0 2.0 2.0 5.0
974 47.9609375 40.0 2.0 2.0 5.0
975 47.9609375 40.0 2.0 2.0 5.0
976 47.9609375 40.0 2.0 2.0 5.0
977 47.9609375 40.0 2.0 2.0 5.0
978 47.9609375 40.0 2.0 2.0 5.0
979 47.9609375 40.0 2.0 2.0 5.0
980 47.9609375 40.0 2.0 2.0 5.0
981 47.9609375 40.0 2.0 2.0 5.0
982 47.9609375 40.0 2.0 2.0 5.0
983 47.9609375 40.0 2.0 2.0 5.0
984 47.9609375 40.0 2.0 2.0 5.0
985 47.9609375 40.0 2.0 2.0 5.0
986 47.9609375 40.0 2.0 2.0 5.0
987 47.9609375 40.0 2.0 2.0 5.0
988 47.9609375 40.0 2.0 2.0 5.0
989 47.9609375 40.0 2.0 2.0 5.0
990 47.9609375 40.0 2.0 2.0 5.0
991 47.9609375 40.0 2.0 2.0 5.0
992 47.9609375 40.0 2.0 2.0 5.0
993 47.9609375 40.0 2.0 2.0 5.0
994 47.9609375 40.0 2.0 2.0 5.0
995 47.9609375 40.0 2.0 2.0 5.0
996 47.9609375 40.0 2.0 2.0 5.0
997 47.9609375 40.0 2.0 2.0 5.0
998 47.9609375 40.0 2.0 2.0 5.0
999 47.9609375 40.0 2.0 2.0 5.0
1000 47.9609375 40.0 2.0 2.0 5.0
