gen HV HVnoDiscount fitness_notKilledMutants notKilledNonEqMutants fitness_testSuiteSize
1 76.0 76.0 0.0 0.0 4.0
2 76.0 76.0 0.0 0.0 4.0
3 76.0 76.0 0.0 0.0 4.0
4 76.0 76.0 0.0 0.0 4.0
5 76.0 76.0 0.0 0.0 4.0
6 76.0 76.0 0.0 0.0 4.0
7 76.0 76.0 0.0 0.0 4.0
8 76.0 76.0 0.0 0.0 4.0
9 76.0 76.0 0.0 0.0 4.0
10 76.0 76.0 0.0 0.0 4.0
11 76.0 76.0 0.0 0.0 4.0
12 76.0 76.0 0.0 0.0 4.0
13 76.0 76.0 0.0 0.0 4.0
14 76.0 76.0 0.0 0.0 4.0
15 76.0 76.0 0.0 0.0 4.0
16 76.0 76.0 0.0 0.0 4.0
17 76.0 76.0 0.0 0.0 4.0
18 76.0 76.0 0.0 0.0 4.0
19 76.0 76.0 0.0 0.0 4.0
20 76.0 76.0 0.0 0.0 4.0
21 76.0 76.0 0.0 0.0 4.0
22 76.0 76.0 0.0 0.0 4.0
23 76.0 76.0 0.0 0.0 4.0
24 76.0 76.0 0.0 0.0 4.0
25 76.0 76.0 0.0 0.0 4.0
26 76.0 76.0 0.0 0.0 4.0
27 76.0 76.0 0.0 0.0 4.0
28 76.0 76.0 0.0 0.0 4.0
29 76.0 76.0 0.0 0.0 4.0
30 76.0 76.0 0.0 0.0 4.0
31 76.0 76.0 0.0 0.0 4.0
32 76.0 76.0 0.0 0.0 4.0
33 76.0 76.0 0.0 0.0 4.0
34 76.0 76.0 0.0 0.0 4.0
35 76.0 76.0 0.0 0.0 4.0
36 76.0 76.0 0.0 0.0 4.0
37 76.0 76.0 0.0 0.0 4.0
38 76.0 76.0 0.0 0.0 4.0
39 76.0 76.0 0.0 0.0 4.0
40 76.0 76.0 0.0 0.0 4.0
41 76.0 76.0 0.0 0.0 4.0
42 76.0 76.0 0.0 0.0 4.0
43 76.0 76.0 0.0 0.0 4.0
44 76.0 76.0 0.0 0.0 4.0
45 76.0 76.0 0.0 0.0 4.0
46 76.0 76.0 0.0 0.0 4.0
47 76.0 76.0 0.0 0.0 4.0
48 76.0 76.0 0.0 0.0 4.0
49 76.0 76.0 0.0 0.0 4.0
50 76.0 76.0 0.0 0.0 4.0
51 76.0 76.0 0.0 0.0 4.0
52 76.0 76.0 0.0 0.0 3.0
53 76.0 76.0 0.0 0.0 3.0
54 76.0 76.0 0.0 0.0 3.0
55 76.0 76.0 0.0 0.0 3.0
56 76.0 76.0 0.0 0.0 3.0
57 76.0 76.0 0.0 0.0 3.0
58 76.0 76.0 0.0 0.0 3.0
59 76.0 76.0 0.0 0.0 3.0
60 76.0 76.0 0.0 0.0 3.0
61 76.0 76.0 0.0 0.0 3.0
62 76.0 76.0 0.0 0.0 3.0
63 76.0 76.0 0.0 0.0 3.0
64 76.0 76.0 0.0 0.0 3.0
65 76.0 76.0 0.0 0.0 3.0
66 76.0 76.0 0.0 0.0 3.0
67 76.0 76.0 0.0 0.0 3.0
68 76.0 76.0 0.0 0.0 3.0
69 76.0 76.0 0.0 0.0 3.0
70 76.0 76.0 0.0 0.0 3.0
71 76.0 76.0 0.0 0.0 3.0
72 76.0 76.0 0.0 0.0 3.0
73 76.0 76.0 0.0 0.0 3.0
74 76.0 76.0 0.0 0.0 3.0
75 76.0 76.0 0.0 0.0 3.0
76 76.0 76.0 0.0 0.0 3.0
77 76.0 76.0 0.0 0.0 3.0
78 76.0 76.0 0.0 0.0 3.0
79 76.0 76.0 0.0 0.0 3.0
80 76.0 76.0 0.0 0.0 3.0
81 76.0 76.0 0.0 0.0 3.0
82 76.0 76.0 0.0 0.0 3.0
83 76.0 76.0 0.0 0.0 3.0
84 76.0 76.0 0.0 0.0 3.0
85 76.0 76.0 0.0 0.0 3.0
86 76.0 76.0 0.0 0.0 3.0
87 76.0 76.0 0.0 0.0 3.0
88 76.0 76.0 0.0 0.0 3.0
89 76.0 76.0 0.0 0.0 3.0
90 76.0 76.0 0.0 0.0 3.0
91 76.0 76.0 0.0 0.0 3.0
92 76.0 76.0 0.0 0.0 3.0
93 76.0 76.0 0.0 0.0 3.0
94 76.0 76.0 0.0 0.0 3.0
95 76.0 76.0 0.0 0.0 3.0
96 76.0 76.0 0.0 0.0 3.0
97 76.0 76.0 0.0 0.0 3.0
98 76.0 76.0 0.0 0.0 3.0
99 76.0 76.0 0.0 0.0 3.0
100 76.0 76.0 0.0 0.0 3.0
101 76.0 76.0 0.0 0.0 3.0
102 76.0 76.0 0.0 0.0 3.0
103 76.0 76.0 0.0 0.0 3.0
104 76.0 76.0 0.0 0.0 3.0
105 76.0 76.0 0.0 0.0 3.0
106 76.0 76.0 0.0 0.0 3.0
107 76.0 76.0 0.0 0.0 3.0
108 76.0 76.0 0.0 0.0 3.0
109 76.0 76.0 0.0 0.0 3.0
110 76.0 76.0 0.0 0.0 3.0
111 76.0 76.0 0.0 0.0 3.0
112 76.0 76.0 0.0 0.0 3.0
113 76.0 76.0 0.0 0.0 3.0
114 76.0 76.0 0.0 0.0 3.0
115 76.0 76.0 0.0 0.0 3.0
116 76.0 76.0 0.0 0.0 3.0
117 76.0 76.0 0.0 0.0 3.0
118 76.0 76.0 0.0 0.0 3.0
119 76.0 76.0 0.0 0.0 3.0
120 76.0 76.0 0.0 0.0 3.0
121 76.0 76.0 0.0 0.0 3.0
122 76.0 76.0 0.0 0.0 3.0
123 76.0 76.0 0.0 0.0 3.0
124 76.0 76.0 0.0 0.0 3.0
125 76.0 76.0 0.0 0.0 3.0
126 76.0 76.0 0.0 0.0 3.0
127 76.0 76.0 0.0 0.0 3.0
128 76.0 76.0 0.0 0.0 3.0
129 76.0 76.0 0.0 0.0 3.0
130 76.0 76.0 0.0 0.0 3.0
131 76.0 76.0 0.0 0.0 3.0
132 76.0 76.0 0.0 0.0 3.0
133 76.0 76.0 0.0 0.0 3.0
134 79.0 79.0 0.0 0.0 3.0
135 79.0 79.0 0.0 0.0 3.0
136 79.0 79.0 0.0 0.0 3.0
137 79.0 79.0 0.0 0.0 3.0
138 79.0 79.0 0.0 0.0 3.0
139 79.0 79.0 0.0 0.0 3.0
140 79.0 79.0 0.0 0.0 3.0
141 79.0 79.0 0.0 0.0 3.0
142 79.0 79.0 0.0 0.0 3.0
143 79.0 79.0 0.0 0.0 3.0
144 79.0 79.0 0.0 0.0 3.0
145 79.0 79.0 0.0 0.0 3.0
146 79.0 79.0 0.0 0.0 3.0
147 79.0 79.0 0.0 0.0 3.0
148 79.0 79.0 0.0 0.0 3.0
149 79.0 79.0 0.0 0.0 3.0
150 79.0 79.0 0.0 0.0 3.0
151 79.0 79.0 0.0 0.0 3.0
152 79.0 79.0 0.0 0.0 3.0
153 79.0 79.0 0.0 0.0 3.0
154 79.0 79.0 0.0 0.0 3.0
155 79.0 79.0 0.0 0.0 3.0
156 79.0 79.0 0.0 0.0 3.0
157 79.0 79.0 0.0 0.0 3.0
158 79.0 79.0 0.0 0.0 3.0
159 79.0 79.0 0.0 0.0 3.0
160 79.0 79.0 0.0 0.0 3.0
161 79.0 79.0 0.0 0.0 3.0
162 79.0 79.0 0.0 0.0 3.0
163 79.0 79.0 0.0 0.0 3.0
164 79.0 79.0 0.0 0.0 3.0
165 79.0 79.0 0.0 0.0 3.0
166 79.0 79.0 0.0 0.0 3.0
167 79.0 79.0 0.0 0.0 3.0
168 79.0 79.0 0.0 0.0 3.0
169 79.0 79.0 0.0 0.0 3.0
170 79.0 79.0 0.0 0.0 3.0
171 79.0 79.0 0.0 0.0 3.0
172 79.0 79.0 0.0 0.0 3.0
173 79.0 79.0 0.0 0.0 3.0
174 79.0 79.0 0.0 0.0 3.0
175 79.0 79.0 0.0 0.0 3.0
176 79.0 79.0 0.0 0.0 3.0
177 79.0 79.0 0.0 0.0 3.0
178 79.0 79.0 0.0 0.0 3.0
179 79.0 79.0 0.0 0.0 3.0
180 79.0 79.0 0.0 0.0 3.0
181 79.0 79.0 0.0 0.0 3.0
182 79.0 79.0 0.0 0.0 3.0
183 79.0 79.0 0.0 0.0 3.0
184 79.0 79.0 0.0 0.0 3.0
185 79.0 79.0 0.0 0.0 3.0
186 79.0 79.0 0.0 0.0 3.0
187 79.0 79.0 0.0 0.0 3.0
188 79.0 79.0 0.0 0.0 3.0
189 79.0 79.0 0.0 0.0 3.0
190 79.0 79.0 0.0 0.0 3.0
191 79.0 79.0 0.0 0.0 3.0
192 79.0 79.0 0.0 0.0 3.0
193 79.0 79.0 0.0 0.0 3.0
194 79.0 79.0 0.0 0.0 3.0
195 79.0 79.0 0.0 0.0 3.0
196 79.0 79.0 0.0 0.0 3.0
197 79.0 79.0 0.0 0.0 3.0
198 79.0 79.0 0.0 0.0 3.0
199 79.0 79.0 0.0 0.0 3.0
200 79.0 79.0 0.0 0.0 3.0
201 79.0 79.0 0.0 0.0 3.0
202 79.0 79.0 0.0 0.0 3.0
203 79.0 79.0 0.0 0.0 3.0
204 79.0 79.0 0.0 0.0 3.0
205 79.0 79.0 0.0 0.0 3.0
206 79.0 79.0 0.0 0.0 3.0
207 79.0 79.0 0.0 0.0 3.0
208 79.0 79.0 0.0 0.0 3.0
209 79.0 79.0 0.0 0.0 3.0
210 79.0 79.0 0.0 0.0 3.0
211 79.0 79.0 0.0 0.0 3.0
212 79.0 79.0 0.0 0.0 3.0
213 79.0 79.0 0.0 0.0 3.0
214 79.0 79.0 0.0 0.0 3.0
215 79.0 79.0 0.0 0.0 3.0
216 79.0 79.0 0.0 0.0 3.0
217 79.0 79.0 0.0 0.0 3.0
218 79.0 79.0 0.0 0.0 3.0
219 79.0 79.0 0.0 0.0 3.0
220 79.0 79.0 0.0 0.0 3.0
221 79.0 79.0 0.0 0.0 3.0
222 79.0 79.0 0.0 0.0 3.0
223 79.0 79.0 0.0 0.0 3.0
224 79.0 79.0 0.0 0.0 3.0
225 79.0 79.0 0.0 0.0 3.0
226 79.0 79.0 0.0 0.0 3.0
227 79.0 79.0 0.0 0.0 3.0
228 79.0 79.0 0.0 0.0 3.0
229 79.0 79.0 0.0 0.0 3.0
230 79.0 79.0 0.0 0.0 3.0
231 79.0 79.0 0.0 0.0 3.0
232 79.0 79.0 0.0 0.0 3.0
233 79.0 79.0 0.0 0.0 3.0
234 79.0 79.0 0.0 0.0 3.0
235 79.0 79.0 0.0 0.0 3.0
236 79.0 79.0 0.0 0.0 3.0
237 79.0 79.0 0.0 0.0 3.0
238 79.0 79.0 0.0 0.0 3.0
239 79.0 79.0 0.0 0.0 3.0
240 79.0 79.0 0.0 0.0 3.0
241 79.0 79.0 0.0 0.0 3.0
242 79.0 79.0 0.0 0.0 3.0
243 79.0 79.0 0.0 0.0 3.0
244 79.0 79.0 0.0 0.0 3.0
245 79.0 79.0 0.0 0.0 3.0
246 79.0 79.0 0.0 0.0 3.0
247 79.0 79.0 0.0 0.0 3.0
248 79.0 79.0 0.0 0.0 3.0
249 79.0 79.0 0.0 0.0 3.0
250 79.0 79.0 0.0 0.0 3.0
251 79.0 79.0 0.0 0.0 3.0
252 79.0 79.0 0.0 0.0 3.0
253 79.0 79.0 0.0 0.0 3.0
254 79.0 79.0 0.0 0.0 3.0
255 79.0 79.0 0.0 0.0 3.0
256 79.0 79.0 0.0 0.0 3.0
257 79.0 79.0 0.0 0.0 3.0
258 79.0 79.0 0.0 0.0 3.0
259 79.0 79.0 0.0 0.0 3.0
260 79.0 79.0 0.0 0.0 3.0
261 79.0 79.0 0.0 0.0 3.0
262 79.0 79.0 0.0 0.0 3.0
263 79.0 79.0 0.0 0.0 3.0
264 79.0 79.0 0.0 0.0 3.0
265 80.0 80.0 0.0 0.0 2.0
266 80.0 80.0 0.0 0.0 2.0
267 80.0 80.0 0.0 0.0 2.0
268 80.0 80.0 0.0 0.0 2.0
269 80.0 80.0 0.0 0.0 2.0
270 80.0 80.0 0.0 0.0 2.0
271 80.0 80.0 0.0 0.0 2.0
272 80.0 80.0 0.0 0.0 2.0
273 80.0 80.0 0.0 0.0 2.0
274 80.0 80.0 0.0 0.0 2.0
275 80.0 80.0 0.0 0.0 2.0
276 80.0 80.0 0.0 0.0 2.0
277 80.0 80.0 0.0 0.0 2.0
278 80.0 80.0 0.0 0.0 2.0
279 80.0 80.0 0.0 0.0 2.0
280 80.0 80.0 0.0 0.0 2.0
281 80.0 80.0 0.0 0.0 2.0
282 80.0 80.0 0.0 0.0 2.0
283 80.0 80.0 0.0 0.0 2.0
284 80.0 80.0 0.0 0.0 2.0
285 80.0 80.0 0.0 0.0 2.0
286 80.0 80.0 0.0 0.0 2.0
287 80.0 80.0 0.0 0.0 2.0
288 80.0 80.0 0.0 0.0 2.0
289 80.0 80.0 0.0 0.0 2.0
290 80.0 80.0 0.0 0.0 2.0
291 80.0 80.0 0.0 0.0 2.0
292 80.0 80.0 0.0 0.0 2.0
293 80.0 80.0 0.0 0.0 2.0
294 80.0 80.0 0.0 0.0 2.0
295 80.0 80.0 0.0 0.0 2.0
296 80.0 80.0 0.0 0.0 2.0
297 80.0 80.0 0.0 0.0 2.0
298 80.0 80.0 0.0 0.0 2.0
299 80.0 80.0 0.0 0.0 2.0
300 80.0 80.0 0.0 0.0 2.0
301 80.0 80.0 0.0 0.0 2.0
302 80.0 80.0 0.0 0.0 2.0
303 80.0 80.0 0.0 0.0 2.0
304 80.0 80.0 0.0 0.0 2.0
305 80.0 80.0 0.0 0.0 2.0
306 80.0 80.0 0.0 0.0 2.0
307 80.0 80.0 0.0 0.0 2.0
308 80.0 80.0 0.0 0.0 2.0
309 80.0 80.0 0.0 0.0 2.0
310 80.0 80.0 0.0 0.0 2.0
311 80.0 80.0 0.0 0.0 2.0
312 80.0 80.0 0.0 0.0 2.0
313 80.0 80.0 0.0 0.0 2.0
314 80.0 80.0 0.0 0.0 2.0
315 80.0 80.0 0.0 0.0 2.0
316 80.0 80.0 0.0 0.0 2.0
317 80.0 80.0 0.0 0.0 2.0
318 80.0 80.0 0.0 0.0 2.0
319 80.0 80.0 0.0 0.0 2.0
320 80.0 80.0 0.0 0.0 2.0
321 80.0 80.0 0.0 0.0 2.0
322 80.0 80.0 0.0 0.0 2.0
323 80.0 80.0 0.0 0.0 2.0
324 80.0 80.0 0.0 0.0 2.0
325 80.0 80.0 0.0 0.0 2.0
326 80.0 80.0 0.0 0.0 2.0
327 80.0 80.0 0.0 0.0 2.0
328 80.0 80.0 0.0 0.0 2.0
329 80.0 80.0 0.0 0.0 2.0
330 80.0 80.0 0.0 0.0 2.0
331 80.0 80.0 0.0 0.0 2.0
332 80.0 80.0 0.0 0.0 2.0
333 80.0 80.0 0.0 0.0 2.0
334 80.0 80.0 0.0 0.0 2.0
335 80.0 80.0 0.0 0.0 2.0
336 80.0 80.0 0.0 0.0 2.0
337 80.0 80.0 0.0 0.0 2.0
338 80.0 80.0 0.0 0.0 2.0
339 80.0 80.0 0.0 0.0 2.0
340 80.0 80.0 0.0 0.0 2.0
341 80.0 80.0 0.0 0.0 2.0
342 80.0 80.0 0.0 0.0 2.0
343 80.0 80.0 0.0 0.0 2.0
344 80.0 80.0 0.0 0.0 2.0
345 80.0 80.0 0.0 0.0 2.0
346 80.0 80.0 0.0 0.0 2.0
347 80.0 80.0 0.0 0.0 2.0
348 80.0 80.0 0.0 0.0 2.0
349 80.0 80.0 0.0 0.0 2.0
350 80.0 80.0 0.0 0.0 2.0
351 80.0 80.0 0.0 0.0 2.0
352 80.0 80.0 0.0 0.0 2.0
353 80.0 80.0 0.0 0.0 2.0
354 80.0 80.0 0.0 0.0 2.0
355 80.0 80.0 0.0 0.0 2.0
356 80.0 80.0 0.0 0.0 2.0
357 80.0 80.0 0.0 0.0 2.0
358 80.0 80.0 0.0 0.0 2.0
359 80.0 80.0 0.0 0.0 2.0
360 80.0 80.0 0.0 0.0 2.0
361 80.0 80.0 0.0 0.0 2.0
362 80.0 80.0 0.0 0.0 2.0
363 80.0 80.0 0.0 0.0 2.0
364 80.0 80.0 0.0 0.0 2.0
365 80.0 80.0 0.0 0.0 2.0
366 80.0 80.0 0.0 0.0 2.0
367 80.0 80.0 0.0 0.0 2.0
368 80.0 80.0 0.0 0.0 2.0
369 80.0 80.0 0.0 0.0 2.0
370 80.0 80.0 0.0 0.0 2.0
371 80.0 80.0 0.0 0.0 2.0
372 80.0 80.0 0.0 0.0 2.0
373 80.0 80.0 0.0 0.0 2.0
374 80.0 80.0 0.0 0.0 2.0
375 80.0 80.0 0.0 0.0 2.0
376 80.0 80.0 0.0 0.0 2.0
377 80.0 80.0 0.0 0.0 2.0
378 80.0 80.0 0.0 0.0 2.0
379 80.0 80.0 0.0 0.0 2.0
380 80.0 80.0 0.0 0.0 2.0
381 80.0 80.0 0.0 0.0 2.0
382 80.0 80.0 0.0 0.0 2.0
383 80.0 80.0 0.0 0.0 2.0
384 80.0 80.0 0.0 0.0 2.0
385 80.0 80.0 0.0 0.0 2.0
386 80.0 80.0 0.0 0.0 2.0
387 80.0 80.0 0.0 0.0 2.0
388 80.0 80.0 0.0 0.0 2.0
389 80.0 80.0 0.0 0.0 2.0
390 80.0 80.0 0.0 0.0 2.0
391 80.0 80.0 0.0 0.0 2.0
392 80.0 80.0 0.0 0.0 2.0
393 80.0 80.0 0.0 0.0 2.0
394 80.0 80.0 0.0 0.0 2.0
395 80.0 80.0 0.0 0.0 2.0
396 80.0 80.0 0.0 0.0 2.0
397 80.0 80.0 0.0 0.0 2.0
398 80.0 80.0 0.0 0.0 2.0
399 80.0 80.0 0.0 0.0 2.0
400 80.0 80.0 0.0 0.0 2.0
401 80.0 80.0 0.0 0.0 2.0
402 80.0 80.0 0.0 0.0 2.0
403 80.0 80.0 0.0 0.0 2.0
404 80.0 80.0 0.0 0.0 2.0
405 80.0 80.0 0.0 0.0 2.0
406 80.0 80.0 0.0 0.0 2.0
407 80.0 80.0 0.0 0.0 2.0
408 80.0 80.0 0.0 0.0 2.0
409 80.0 80.0 0.0 0.0 2.0
410 80.0 80.0 0.0 0.0 2.0
411 80.0 80.0 0.0 0.0 2.0
412 80.0 80.0 0.0 0.0 2.0
413 80.0 80.0 0.0 0.0 2.0
414 80.0 80.0 0.0 0.0 2.0
415 80.0 80.0 0.0 0.0 2.0
416 80.0 80.0 0.0 0.0 2.0
417 80.0 80.0 0.0 0.0 2.0
418 80.0 80.0 0.0 0.0 2.0
419 80.0 80.0 0.0 0.0 2.0
420 80.0 80.0 0.0 0.0 2.0
421 80.0 80.0 0.0 0.0 2.0
422 80.0 80.0 0.0 0.0 2.0
423 80.0 80.0 0.0 0.0 2.0
424 80.0 80.0 0.0 0.0 2.0
425 80.0 80.0 0.0 0.0 2.0
426 80.0 80.0 0.0 0.0 2.0
427 80.0 80.0 0.0 0.0 2.0
428 80.0 80.0 0.0 0.0 2.0
429 80.0 80.0 0.0 0.0 2.0
430 80.0 80.0 0.0 0.0 2.0
431 80.0 80.0 0.0 0.0 2.0
432 80.0 80.0 0.0 0.0 2.0
433 80.0 80.0 0.0 0.0 2.0
434 80.0 80.0 0.0 0.0 2.0
435 80.0 80.0 0.0 0.0 2.0
436 80.0 80.0 0.0 0.0 2.0
437 80.0 80.0 0.0 0.0 2.0
438 80.0 80.0 0.0 0.0 2.0
439 80.0 80.0 0.0 0.0 2.0
440 80.0 80.0 0.0 0.0 2.0
441 80.0 80.0 0.0 0.0 2.0
442 80.0 80.0 0.0 0.0 2.0
443 80.0 80.0 0.0 0.0 2.0
444 80.0 80.0 0.0 0.0 2.0
445 86.0 86.0 0.0 0.0 2.0
446 86.0 86.0 0.0 0.0 2.0
447 86.0 86.0 0.0 0.0 2.0
448 86.0 86.0 0.0 0.0 2.0
449 86.0 86.0 0.0 0.0 2.0
450 86.0 86.0 0.0 0.0 2.0
451 87.0 87.0 0.0 0.0 2.0
452 87.0 87.0 0.0 0.0 2.0
453 87.0 87.0 0.0 0.0 2.0
454 87.0 87.0 0.0 0.0 2.0
455 87.0 87.0 0.0 0.0 2.0
456 87.0 87.0 0.0 0.0 2.0
457 87.0 87.0 0.0 0.0 2.0
458 87.0 87.0 0.0 0.0 2.0
459 87.0 87.0 0.0 0.0 2.0
460 87.0 87.0 0.0 0.0 2.0
461 87.0 87.0 0.0 0.0 2.0
462 87.0 87.0 0.0 0.0 2.0
463 87.0 87.0 0.0 0.0 2.0
464 87.0 87.0 0.0 0.0 2.0
465 87.0 87.0 0.0 0.0 2.0
466 87.0 87.0 0.0 0.0 2.0
467 87.0 87.0 0.0 0.0 2.0
468 87.0 87.0 0.0 0.0 2.0
469 87.0 87.0 0.0 0.0 2.0
470 87.0 87.0 0.0 0.0 2.0
471 87.0 87.0 0.0 0.0 2.0
472 87.0 87.0 0.0 0.0 2.0
473 87.0 87.0 0.0 0.0 2.0
474 87.0 87.0 0.0 0.0 2.0
475 87.0 87.0 0.0 0.0 2.0
476 87.0 87.0 0.0 0.0 2.0
477 87.0 87.0 0.0 0.0 2.0
478 87.0 87.0 0.0 0.0 2.0
479 87.0 87.0 0.0 0.0 2.0
480 87.0 87.0 0.0 0.0 2.0
481 87.0 87.0 0.0 0.0 2.0
482 87.0 87.0 0.0 0.0 2.0
483 87.0 87.0 0.0 0.0 2.0
484 87.0 87.0 0.0 0.0 2.0
485 87.0 87.0 0.0 0.0 2.0
486 87.0 87.0 0.0 0.0 2.0
487 87.0 87.0 0.0 0.0 2.0
488 87.0 87.0 0.0 0.0 2.0
489 87.0 87.0 0.0 0.0 2.0
490 87.0 87.0 0.0 0.0 2.0
491 87.0 87.0 0.0 0.0 2.0
492 87.0 87.0 0.0 0.0 2.0
493 87.0 87.0 0.0 0.0 2.0
494 87.0 87.0 0.0 0.0 2.0
495 87.0 87.0 0.0 0.0 2.0
496 87.0 87.0 0.0 0.0 2.0
497 87.0 87.0 0.0 0.0 2.0
498 87.0 87.0 0.0 0.0 2.0
499 87.0 87.0 0.0 0.0 2.0
500 87.0 87.0 0.0 0.0 2.0
501 87.0 87.0 0.0 0.0 2.0
502 87.0 87.0 0.0 0.0 2.0
503 87.0 87.0 0.0 0.0 2.0
504 87.0 87.0 0.0 0.0 2.0
505 87.0 87.0 0.0 0.0 2.0
506 87.0 87.0 0.0 0.0 2.0
507 87.0 87.0 0.0 0.0 2.0
508 87.0 87.0 0.0 0.0 2.0
509 87.0 87.0 0.0 0.0 2.0
510 87.0 87.0 0.0 0.0 2.0
511 87.0 87.0 0.0 0.0 2.0
512 87.0 87.0 0.0 0.0 2.0
513 87.0 87.0 0.0 0.0 2.0
514 87.0 87.0 0.0 0.0 2.0
515 87.0 87.0 0.0 0.0 2.0
516 87.0 87.0 0.0 0.0 2.0
517 87.0 87.0 0.0 0.0 2.0
518 87.0 87.0 0.0 0.0 2.0
519 87.0 87.0 0.0 0.0 2.0
520 87.0 87.0 0.0 0.0 2.0
521 87.0 87.0 0.0 0.0 2.0
522 87.0 87.0 0.0 0.0 2.0
523 87.0 87.0 0.0 0.0 2.0
524 87.0 87.0 0.0 0.0 2.0
525 87.0 87.0 0.0 0.0 2.0
526 87.0 87.0 0.0 0.0 2.0
527 87.0 87.0 0.0 0.0 2.0
528 87.0 87.0 0.0 0.0 2.0
529 87.0 87.0 0.0 0.0 2.0
530 87.0 87.0 0.0 0.0 2.0
531 87.0 87.0 0.0 0.0 2.0
532 87.0 87.0 0.0 0.0 2.0
533 87.0 87.0 0.0 0.0 2.0
534 87.0 87.0 0.0 0.0 2.0
535 87.0 87.0 0.0 0.0 2.0
536 87.0 87.0 0.0 0.0 2.0
537 87.0 87.0 0.0 0.0 2.0
538 87.0 87.0 0.0 0.0 2.0
539 87.0 87.0 0.0 0.0 2.0
540 87.0 87.0 0.0 0.0 2.0
541 87.0 87.0 0.0 0.0 2.0
542 87.0 87.0 0.0 0.0 2.0
543 87.0 87.0 0.0 0.0 2.0
544 87.0 87.0 0.0 0.0 2.0
545 87.0 87.0 0.0 0.0 2.0
546 87.0 87.0 0.0 0.0 2.0
547 87.0 87.0 0.0 0.0 2.0
548 87.0 87.0 0.0 0.0 2.0
549 87.0 87.0 0.0 0.0 2.0
550 87.0 87.0 0.0 0.0 2.0
551 87.0 87.0 0.0 0.0 2.0
552 87.0 87.0 0.0 0.0 2.0
553 87.0 87.0 0.0 0.0 2.0
554 87.0 87.0 0.0 0.0 2.0
555 87.0 87.0 0.0 0.0 2.0
556 87.0 87.0 0.0 0.0 2.0
557 87.0 87.0 0.0 0.0 2.0
558 87.0 87.0 0.0 0.0 2.0
559 87.0 87.0 0.0 0.0 2.0
560 87.0 87.0 0.0 0.0 2.0
561 87.0 87.0 0.0 0.0 2.0
562 87.0 87.0 0.0 0.0 2.0
563 87.0 87.0 0.0 0.0 2.0
564 87.0 87.0 0.0 0.0 2.0
565 87.0 87.0 0.0 0.0 2.0
566 87.0 87.0 0.0 0.0 2.0
567 87.0 87.0 0.0 0.0 2.0
568 87.0 87.0 0.0 0.0 2.0
569 87.0 87.0 0.0 0.0 2.0
570 87.0 87.0 0.0 0.0 2.0
571 87.0 87.0 0.0 0.0 2.0
572 87.0 87.0 0.0 0.0 2.0
573 87.0 87.0 0.0 0.0 2.0
574 87.0 87.0 0.0 0.0 2.0
575 87.0 87.0 0.0 0.0 2.0
576 87.0 87.0 0.0 0.0 2.0
577 87.0 87.0 0.0 0.0 2.0
578 87.0 87.0 0.0 0.0 2.0
579 87.0 87.0 0.0 0.0 2.0
580 87.0 87.0 0.0 0.0 2.0
581 87.0 87.0 0.0 0.0 2.0
582 87.0 87.0 0.0 0.0 2.0
583 87.0 87.0 0.0 0.0 2.0
584 87.0 87.0 0.0 0.0 2.0
585 87.0 87.0 0.0 0.0 2.0
586 87.0 87.0 0.0 0.0 2.0
587 87.0 87.0 0.0 0.0 2.0
588 87.0 87.0 0.0 0.0 2.0
589 87.0 87.0 0.0 0.0 2.0
590 87.0 87.0 0.0 0.0 2.0
591 87.0 87.0 0.0 0.0 2.0
592 87.0 87.0 0.0 0.0 2.0
593 87.0 87.0 0.0 0.0 2.0
594 87.0 87.0 0.0 0.0 2.0
595 87.0 87.0 0.0 0.0 2.0
596 87.0 87.0 0.0 0.0 2.0
597 87.0 87.0 0.0 0.0 2.0
598 87.0 87.0 0.0 0.0 2.0
599 87.0 87.0 0.0 0.0 2.0
600 87.0 87.0 0.0 0.0 2.0
601 87.0 87.0 0.0 0.0 2.0
602 87.0 87.0 0.0 0.0 2.0
603 87.0 87.0 0.0 0.0 2.0
604 87.0 87.0 0.0 0.0 2.0
605 87.0 87.0 0.0 0.0 2.0
606 87.0 87.0 0.0 0.0 2.0
607 87.0 87.0 0.0 0.0 2.0
608 87.0 87.0 0.0 0.0 2.0
609 87.0 87.0 0.0 0.0 2.0
610 87.0 87.0 0.0 0.0 2.0
611 87.0 87.0 0.0 0.0 2.0
612 87.0 87.0 0.0 0.0 2.0
613 87.0 87.0 0.0 0.0 2.0
614 87.0 87.0 0.0 0.0 2.0
615 87.0 87.0 0.0 0.0 2.0
616 87.0 87.0 0.0 0.0 2.0
617 87.0 87.0 0.0 0.0 2.0
618 87.0 87.0 0.0 0.0 2.0
619 87.0 87.0 0.0 0.0 2.0
620 87.0 87.0 0.0 0.0 2.0
621 87.0 87.0 0.0 0.0 2.0
622 87.0 87.0 0.0 0.0 2.0
623 87.0 87.0 0.0 0.0 2.0
624 87.0 87.0 0.0 0.0 2.0
625 87.0 87.0 0.0 0.0 2.0
626 87.0 87.0 0.0 0.0 2.0
627 87.0 87.0 0.0 0.0 2.0
628 87.0 87.0 0.0 0.0 2.0
629 87.0 87.0 0.0 0.0 2.0
630 87.0 87.0 0.0 0.0 2.0
631 87.0 87.0 0.0 0.0 2.0
632 87.0 87.0 0.0 0.0 2.0
633 87.0 87.0 0.0 0.0 2.0
634 87.0 87.0 0.0 0.0 2.0
635 87.0 87.0 0.0 0.0 2.0
636 87.0 87.0 0.0 0.0 2.0
637 87.0 87.0 0.0 0.0 2.0
638 87.0 87.0 0.0 0.0 2.0
639 87.0 87.0 0.0 0.0 2.0
640 87.0 87.0 0.0 0.0 2.0
641 87.0 87.0 0.0 0.0 2.0
642 87.0 87.0 0.0 0.0 2.0
643 87.0 87.0 0.0 0.0 2.0
644 87.0 87.0 0.0 0.0 2.0
645 87.0 87.0 0.0 0.0 2.0
646 87.0 87.0 0.0 0.0 2.0
647 87.0 87.0 0.0 0.0 2.0
648 87.0 87.0 0.0 0.0 2.0
649 87.0 87.0 0.0 0.0 2.0
650 87.0 87.0 0.0 0.0 2.0
651 87.0 87.0 0.0 0.0 2.0
652 87.0 87.0 0.0 0.0 2.0
653 87.0 87.0 0.0 0.0 2.0
654 87.0 87.0 0.0 0.0 2.0
655 87.0 87.0 0.0 0.0 2.0
656 87.0 87.0 0.0 0.0 2.0
657 87.0 87.0 0.0 0.0 2.0
658 87.0 87.0 0.0 0.0 2.0
659 87.0 87.0 0.0 0.0 2.0
660 87.0 87.0 0.0 0.0 2.0
661 87.0 87.0 0.0 0.0 2.0
662 87.0 87.0 0.0 0.0 2.0
663 87.0 87.0 0.0 0.0 2.0
664 87.0 87.0 0.0 0.0 2.0
665 87.0 87.0 0.0 0.0 2.0
666 87.0 87.0 0.0 0.0 2.0
667 87.0 87.0 0.0 0.0 2.0
668 87.0 87.0 0.0 0.0 2.0
669 87.0 87.0 0.0 0.0 2.0
670 87.0 87.0 0.0 0.0 2.0
671 87.0 87.0 0.0 0.0 2.0
672 87.0 87.0 0.0 0.0 2.0
673 87.0 87.0 0.0 0.0 2.0
674 87.0 87.0 0.0 0.0 2.0
675 87.0 87.0 0.0 0.0 2.0
676 87.0 87.0 0.0 0.0 2.0
677 87.0 87.0 0.0 0.0 2.0
678 87.0 87.0 0.0 0.0 2.0
679 87.0 87.0 0.0 0.0 2.0
680 87.0 87.0 0.0 0.0 2.0
681 87.0 87.0 0.0 0.0 2.0
682 87.0 87.0 0.0 0.0 2.0
683 87.0 87.0 0.0 0.0 2.0
684 87.0 87.0 0.0 0.0 2.0
685 87.0 87.0 0.0 0.0 2.0
686 87.0 87.0 0.0 0.0 2.0
687 87.0 87.0 0.0 0.0 2.0
688 87.0 87.0 0.0 0.0 2.0
689 87.0 87.0 0.0 0.0 2.0
690 87.0 87.0 0.0 0.0 2.0
691 87.0 87.0 0.0 0.0 2.0
692 87.0 87.0 0.0 0.0 2.0
693 87.0 87.0 0.0 0.0 2.0
694 87.0 87.0 0.0 0.0 2.0
695 87.0 87.0 0.0 0.0 2.0
696 87.0 87.0 0.0 0.0 2.0
697 87.0 87.0 0.0 0.0 2.0
698 87.0 87.0 0.0 0.0 2.0
699 87.0 87.0 0.0 0.0 2.0
700 87.0 87.0 0.0 0.0 2.0
701 87.0 87.0 0.0 0.0 2.0
702 87.0 87.0 0.0 0.0 2.0
703 87.0 87.0 0.0 0.0 2.0
704 87.0 87.0 0.0 0.0 2.0
705 87.0 87.0 0.0 0.0 2.0
706 87.0 87.0 0.0 0.0 2.0
707 87.0 87.0 0.0 0.0 2.0
708 87.0 87.0 0.0 0.0 2.0
709 87.0 87.0 0.0 0.0 2.0
710 87.0 87.0 0.0 0.0 2.0
711 87.0 87.0 0.0 0.0 2.0
712 87.0 87.0 0.0 0.0 2.0
713 87.0 87.0 0.0 0.0 2.0
714 87.0 87.0 0.0 0.0 2.0
715 87.0 87.0 0.0 0.0 2.0
716 87.0 87.0 0.0 0.0 2.0
717 87.0 87.0 0.0 0.0 2.0
718 87.0 87.0 0.0 0.0 2.0
719 87.0 87.0 0.0 0.0 2.0
720 87.0 87.0 0.0 0.0 2.0
721 87.0 87.0 0.0 0.0 2.0
722 87.0 87.0 0.0 0.0 2.0
723 87.0 87.0 0.0 0.0 2.0
724 87.0 87.0 0.0 0.0 2.0
725 87.0 87.0 0.0 0.0 2.0
726 87.0 87.0 0.0 0.0 2.0
727 87.0 87.0 0.0 0.0 2.0
728 87.0 87.0 0.0 0.0 2.0
729 87.0 87.0 0.0 0.0 2.0
730 87.0 87.0 0.0 0.0 2.0
731 87.0 87.0 0.0 0.0 2.0
732 87.0 87.0 0.0 0.0 2.0
733 87.0 87.0 0.0 0.0 2.0
734 87.0 87.0 0.0 0.0 2.0
735 87.0 87.0 0.0 0.0 2.0
736 87.0 87.0 0.0 0.0 2.0
737 87.0 87.0 0.0 0.0 2.0
738 87.0 87.0 0.0 0.0 2.0
739 87.0 87.0 0.0 0.0 2.0
740 87.0 87.0 0.0 0.0 2.0
741 87.0 87.0 0.0 0.0 2.0
742 87.0 87.0 0.0 0.0 2.0
743 87.0 87.0 0.0 0.0 2.0
744 87.0 87.0 0.0 0.0 2.0
745 87.0 87.0 0.0 0.0 2.0
746 87.0 87.0 0.0 0.0 2.0
747 87.0 87.0 0.0 0.0 2.0
748 87.0 87.0 0.0 0.0 2.0
749 87.0 87.0 0.0 0.0 2.0
750 87.0 87.0 0.0 0.0 2.0
751 87.0 87.0 0.0 0.0 2.0
752 87.0 87.0 0.0 0.0 2.0
753 87.0 87.0 0.0 0.0 2.0
754 87.0 87.0 0.0 0.0 2.0
755 87.0 87.0 0.0 0.0 2.0
756 87.0 87.0 0.0 0.0 2.0
757 87.0 87.0 0.0 0.0 2.0
758 87.0 87.0 0.0 0.0 2.0
759 87.0 87.0 0.0 0.0 2.0
760 87.0 87.0 0.0 0.0 2.0
761 87.0 87.0 0.0 0.0 2.0
762 87.0 87.0 0.0 0.0 2.0
763 87.0 87.0 0.0 0.0 2.0
764 87.0 87.0 0.0 0.0 2.0
765 87.0 87.0 0.0 0.0 2.0
766 87.0 87.0 0.0 0.0 2.0
767 87.0 87.0 0.0 0.0 2.0
768 87.0 87.0 0.0 0.0 2.0
769 87.0 87.0 0.0 0.0 2.0
770 87.0 87.0 0.0 0.0 2.0
771 87.0 87.0 0.0 0.0 2.0
772 87.0 87.0 0.0 0.0 2.0
773 87.0 87.0 0.0 0.0 2.0
774 87.0 87.0 0.0 0.0 2.0
775 87.0 87.0 0.0 0.0 2.0
776 87.0 87.0 0.0 0.0 2.0
777 87.0 87.0 0.0 0.0 2.0
778 87.0 87.0 0.0 0.0 2.0
779 87.0 87.0 0.0 0.0 2.0
780 87.0 87.0 0.0 0.0 2.0
781 87.0 87.0 0.0 0.0 2.0
782 87.0 87.0 0.0 0.0 2.0
783 87.0 87.0 0.0 0.0 2.0
784 87.0 87.0 0.0 0.0 2.0
785 87.0 87.0 0.0 0.0 2.0
786 87.0 87.0 0.0 0.0 2.0
787 87.0 87.0 0.0 0.0 2.0
788 87.0 87.0 0.0 0.0 2.0
789 87.0 87.0 0.0 0.0 2.0
790 87.0 87.0 0.0 0.0 2.0
791 87.0 87.0 0.0 0.0 2.0
792 87.0 87.0 0.0 0.0 2.0
793 87.0 87.0 0.0 0.0 2.0
794 87.0 87.0 0.0 0.0 2.0
795 87.0 87.0 0.0 0.0 2.0
796 87.0 87.0 0.0 0.0 2.0
797 87.0 87.0 0.0 0.0 2.0
798 87.0 87.0 0.0 0.0 2.0
799 87.0 87.0 0.0 0.0 2.0
800 87.0 87.0 0.0 0.0 2.0
801 87.0 87.0 0.0 0.0 2.0
802 87.0 87.0 0.0 0.0 2.0
803 87.0 87.0 0.0 0.0 2.0
804 87.0 87.0 0.0 0.0 2.0
805 87.0 87.0 0.0 0.0 2.0
806 87.0 87.0 0.0 0.0 2.0
807 87.0 87.0 0.0 0.0 2.0
808 87.0 87.0 0.0 0.0 2.0
809 87.0 87.0 0.0 0.0 2.0
810 87.0 87.0 0.0 0.0 2.0
811 87.0 87.0 0.0 0.0 2.0
812 87.0 87.0 0.0 0.0 2.0
813 87.0 87.0 0.0 0.0 2.0
814 87.0 87.0 0.0 0.0 2.0
815 87.0 87.0 0.0 0.0 2.0
816 87.0 87.0 0.0 0.0 2.0
817 87.0 87.0 0.0 0.0 2.0
818 87.0 87.0 0.0 0.0 2.0
819 87.0 87.0 0.0 0.0 2.0
820 87.0 87.0 0.0 0.0 2.0
821 87.0 87.0 0.0 0.0 2.0
822 87.0 87.0 0.0 0.0 2.0
823 87.0 87.0 0.0 0.0 2.0
824 87.0 87.0 0.0 0.0 2.0
825 87.0 87.0 0.0 0.0 2.0
826 87.0 87.0 0.0 0.0 2.0
827 87.0 87.0 0.0 0.0 2.0
828 87.0 87.0 0.0 0.0 2.0
829 87.0 87.0 0.0 0.0 2.0
830 87.0 87.0 0.0 0.0 2.0
831 87.0 87.0 0.0 0.0 2.0
832 87.0 87.0 0.0 0.0 2.0
833 87.0 87.0 0.0 0.0 2.0
834 87.0 87.0 0.0 0.0 2.0
835 87.0 87.0 0.0 0.0 2.0
836 87.0 87.0 0.0 0.0 2.0
837 87.0 87.0 0.0 0.0 2.0
838 87.0 87.0 0.0 0.0 2.0
839 87.0 87.0 0.0 0.0 2.0
840 87.0 87.0 0.0 0.0 2.0
841 87.0 87.0 0.0 0.0 2.0
842 87.0 87.0 0.0 0.0 2.0
843 87.0 87.0 0.0 0.0 2.0
844 87.0 87.0 0.0 0.0 2.0
845 87.0 87.0 0.0 0.0 2.0
846 87.0 87.0 0.0 0.0 2.0
847 87.0 87.0 0.0 0.0 2.0
848 87.0 87.0 0.0 0.0 2.0
849 87.0 87.0 0.0 0.0 2.0
850 87.0 87.0 0.0 0.0 2.0
851 87.0 87.0 0.0 0.0 2.0
852 87.0 87.0 0.0 0.0 2.0
853 87.0 87.0 0.0 0.0 2.0
854 87.0 87.0 0.0 0.0 2.0
855 87.0 87.0 0.0 0.0 2.0
856 87.0 87.0 0.0 0.0 2.0
857 87.0 87.0 0.0 0.0 2.0
858 87.0 87.0 0.0 0.0 2.0
859 87.0 87.0 0.0 0.0 2.0
860 87.0 87.0 0.0 0.0 2.0
861 87.0 87.0 0.0 0.0 2.0
862 87.0 87.0 0.0 0.0 2.0
863 87.0 87.0 0.0 0.0 2.0
864 87.0 87.0 0.0 0.0 2.0
865 87.0 87.0 0.0 0.0 2.0
866 87.0 87.0 0.0 0.0 2.0
867 87.0 87.0 0.0 0.0 2.0
868 87.0 87.0 0.0 0.0 2.0
869 87.0 87.0 0.0 0.0 2.0
870 87.0 87.0 0.0 0.0 2.0
871 87.0 87.0 0.0 0.0 2.0
872 87.0 87.0 0.0 0.0 2.0
873 87.0 87.0 0.0 0.0 2.0
874 87.0 87.0 0.0 0.0 2.0
875 87.0 87.0 0.0 0.0 2.0
876 87.0 87.0 0.0 0.0 2.0
877 87.0 87.0 0.0 0.0 2.0
878 87.0 87.0 0.0 0.0 2.0
879 87.0 87.0 0.0 0.0 2.0
880 87.0 87.0 0.0 0.0 2.0
881 87.0 87.0 0.0 0.0 2.0
882 87.0 87.0 0.0 0.0 2.0
883 87.0 87.0 0.0 0.0 2.0
884 87.0 87.0 0.0 0.0 2.0
885 87.0 87.0 0.0 0.0 2.0
886 87.0 87.0 0.0 0.0 2.0
887 87.0 87.0 0.0 0.0 2.0
888 87.0 87.0 0.0 0.0 2.0
889 87.0 87.0 0.0 0.0 2.0
890 87.0 87.0 0.0 0.0 2.0
891 87.0 87.0 0.0 0.0 2.0
892 87.0 87.0 0.0 0.0 2.0
893 87.0 87.0 0.0 0.0 2.0
894 87.0 87.0 0.0 0.0 2.0
895 87.0 87.0 0.0 0.0 2.0
896 87.0 87.0 0.0 0.0 2.0
897 87.0 87.0 0.0 0.0 2.0
898 87.0 87.0 0.0 0.0 2.0
899 87.0 87.0 0.0 0.0 2.0
900 87.0 87.0 0.0 0.0 2.0
901 87.0 87.0 0.0 0.0 2.0
902 87.0 87.0 0.0 0.0 2.0
903 87.0 87.0 0.0 0.0 2.0
904 87.0 87.0 0.0 0.0 2.0
905 87.0 87.0 0.0 0.0 2.0
906 87.0 87.0 0.0 0.0 2.0
907 87.0 87.0 0.0 0.0 2.0
908 87.0 87.0 0.0 0.0 2.0
909 87.0 87.0 0.0 0.0 2.0
910 87.0 87.0 0.0 0.0 2.0
911 87.0 87.0 0.0 0.0 2.0
912 87.0 87.0 0.0 0.0 2.0
913 87.0 87.0 0.0 0.0 2.0
914 87.0 87.0 0.0 0.0 2.0
915 87.0 87.0 0.0 0.0 2.0
916 87.0 87.0 0.0 0.0 2.0
917 87.0 87.0 0.0 0.0 2.0
918 87.0 87.0 0.0 0.0 2.0
919 87.0 87.0 0.0 0.0 2.0
920 87.0 87.0 0.0 0.0 2.0
921 87.0 87.0 0.0 0.0 2.0
922 87.0 87.0 0.0 0.0 2.0
923 87.0 87.0 0.0 0.0 2.0
924 87.0 87.0 0.0 0.0 2.0
925 87.0 87.0 0.0 0.0 2.0
926 87.0 87.0 0.0 0.0 2.0
927 87.0 87.0 0.0 0.0 2.0
928 87.0 87.0 0.0 0.0 2.0
929 87.0 87.0 0.0 0.0 2.0
930 87.0 87.0 0.0 0.0 2.0
931 87.0 87.0 0.0 0.0 2.0
932 87.0 87.0 0.0 0.0 2.0
933 87.0 87.0 0.0 0.0 2.0
934 87.0 87.0 0.0 0.0 2.0
935 87.0 87.0 0.0 0.0 2.0
936 87.0 87.0 0.0 0.0 2.0
937 87.0 87.0 0.0 0.0 2.0
938 87.0 87.0 0.0 0.0 2.0
939 87.0 87.0 0.0 0.0 2.0
940 87.0 87.0 0.0 0.0 2.0
941 87.0 87.0 0.0 0.0 2.0
942 87.0 87.0 0.0 0.0 2.0
943 87.0 87.0 0.0 0.0 2.0
944 87.0 87.0 0.0 0.0 2.0
945 87.0 87.0 0.0 0.0 2.0
946 87.0 87.0 0.0 0.0 2.0
947 87.0 87.0 0.0 0.0 2.0
948 87.0 87.0 0.0 0.0 2.0
949 87.0 87.0 0.0 0.0 2.0
950 87.0 87.0 0.0 0.0 2.0
951 87.0 87.0 0.0 0.0 2.0
952 87.0 87.0 0.0 0.0 2.0
953 87.0 87.0 0.0 0.0 2.0
954 87.0 87.0 0.0 0.0 2.0
955 87.0 87.0 0.0 0.0 2.0
956 87.0 87.0 0.0 0.0 2.0
957 87.0 87.0 0.0 0.0 2.0
958 87.0 87.0 0.0 0.0 2.0
959 87.0 87.0 0.0 0.0 2.0
960 87.0 87.0 0.0 0.0 2.0
961 87.0 87.0 0.0 0.0 2.0
962 87.0 87.0 0.0 0.0 2.0
963 87.0 87.0 0.0 0.0 2.0
964 87.0 87.0 0.0 0.0 2.0
965 87.0 87.0 0.0 0.0 2.0
966 87.0 87.0 0.0 0.0 2.0
967 87.0 87.0 0.0 0.0 2.0
968 87.0 87.0 0.0 0.0 2.0
969 87.0 87.0 0.0 0.0 2.0
970 87.0 87.0 0.0 0.0 2.0
971 87.0 87.0 0.0 0.0 2.0
972 87.0 87.0 0.0 0.0 2.0
973 87.0 87.0 0.0 0.0 2.0
974 87.0 87.0 0.0 0.0 2.0
975 87.0 87.0 0.0 0.0 2.0
976 87.0 87.0 0.0 0.0 2.0
977 87.0 87.0 0.0 0.0 2.0
978 87.0 87.0 0.0 0.0 2.0
979 87.0 87.0 0.0 0.0 2.0
980 87.0 87.0 0.0 0.0 2.0
981 87.0 87.0 0.0 0.0 2.0
982 87.0 87.0 0.0 0.0 2.0
983 87.0 87.0 0.0 0.0 2.0
984 87.0 87.0 0.0 0.0 2.0
985 87.0 87.0 0.0 0.0 2.0
986 87.0 87.0 0.0 0.0 2.0
987 87.0 87.0 0.0 0.0 2.0
988 87.0 87.0 0.0 0.0 2.0
989 87.0 87.0 0.0 0.0 2.0
990 87.0 87.0 0.0 0.0 2.0
991 87.0 87.0 0.0 0.0 2.0
992 87.0 87.0 0.0 0.0 2.0
993 87.0 87.0 0.0 0.0 2.0
994 87.0 87.0 0.0 0.0 2.0
995 87.0 87.0 0.0 0.0 2.0
996 87.0 87.0 0.0 0.0 2.0
997 87.0 87.0 0.0 0.0 2.0
998 87.0 87.0 0.0 0.0 2.0
999 87.0 87.0 0.0 0.0 2.0
1000 87.0 87.0 0.0 0.0 2.0
