gen HV HVnoDiscount fitness_notKilledMutants notKilledNonEqMutants fitness_testSuiteSize
1 48.0 48.0 3.0 3.0 4.0
2 48.0 48.0 3.0 3.0 4.0
3 48.0 48.0 3.0 3.0 4.0
4 54.0 54.0 1.0 1.0 4.0
5 54.0 54.0 1.0 1.0 4.0
6 54.0 54.0 1.0 1.0 4.0
7 54.0 54.0 1.0 1.0 4.0
8 54.0 54.0 1.0 1.0 4.0
9 54.0 54.0 1.0 1.0 4.0
10 54.0 54.0 1.0 1.0 4.0
11 54.0 54.0 1.0 1.0 4.0
12 54.0 54.0 1.0 1.0 4.0
13 54.0 54.0 1.0 1.0 4.0
14 61.0 61.0 1.0 1.0 4.0
15 61.0 61.0 1.0 1.0 4.0
16 61.0 61.0 1.0 1.0 4.0
17 61.0 61.0 1.0 1.0 4.0
18 61.0 61.0 1.0 1.0 4.0
19 61.0 61.0 1.0 1.0 4.0
20 61.0 61.0 1.0 1.0 4.0
21 61.0 61.0 1.0 1.0 4.0
22 61.0 61.0 1.0 1.0 4.0
23 61.0 61.0 1.0 1.0 4.0
24 61.0 61.0 1.0 1.0 4.0
25 61.0 61.0 1.0 1.0 4.0
26 61.0 61.0 1.0 1.0 4.0
27 61.0 61.0 1.0 1.0 4.0
28 61.0 61.0 1.0 1.0 4.0
29 67.0 67.0 0.0 0.0 4.0
30 67.0 67.0 0.0 0.0 4.0
31 67.0 67.0 0.0 0.0 4.0
32 67.0 67.0 0.0 0.0 4.0
33 67.0 67.0 0.0 0.0 4.0
34 67.0 67.0 0.0 0.0 4.0
35 67.0 67.0 0.0 0.0 4.0
36 67.0 67.0 0.0 0.0 4.0
37 70.0 70.0 0.0 0.0 3.0
38 70.0 70.0 0.0 0.0 3.0
39 70.0 70.0 0.0 0.0 3.0
40 70.0 70.0 0.0 0.0 3.0
41 70.0 70.0 0.0 0.0 3.0
42 70.0 70.0 0.0 0.0 3.0
43 70.0 70.0 0.0 0.0 3.0
44 70.0 70.0 0.0 0.0 3.0
45 70.0 70.0 0.0 0.0 3.0
46 70.0 70.0 0.0 0.0 3.0
47 70.0 70.0 0.0 0.0 3.0
48 70.0 70.0 0.0 0.0 3.0
49 70.0 70.0 0.0 0.0 3.0
50 70.0 70.0 0.0 0.0 3.0
51 70.0 70.0 0.0 0.0 3.0
52 70.0 70.0 0.0 0.0 3.0
53 70.0 70.0 0.0 0.0 3.0
54 70.0 70.0 0.0 0.0 3.0
55 70.0 70.0 0.0 0.0 3.0
56 70.0 70.0 0.0 0.0 3.0
57 70.0 70.0 0.0 0.0 3.0
58 70.0 70.0 0.0 0.0 3.0
59 70.0 70.0 0.0 0.0 3.0
60 70.0 70.0 0.0 0.0 3.0
61 70.0 70.0 0.0 0.0 3.0
62 70.0 70.0 0.0 0.0 3.0
63 70.0 70.0 0.0 0.0 3.0
64 72.0 72.0 0.0 0.0 3.0
65 72.0 72.0 0.0 0.0 3.0
66 72.0 72.0 0.0 0.0 3.0
67 72.0 72.0 0.0 0.0 3.0
68 72.0 72.0 0.0 0.0 3.0
69 72.0 72.0 0.0 0.0 3.0
70 72.0 72.0 0.0 0.0 3.0
71 72.0 72.0 0.0 0.0 3.0
72 72.0 72.0 0.0 0.0 3.0
73 72.0 72.0 0.0 0.0 3.0
74 72.0 72.0 0.0 0.0 3.0
75 72.0 72.0 0.0 0.0 3.0
76 72.0 72.0 0.0 0.0 3.0
77 72.0 72.0 0.0 0.0 3.0
78 72.0 72.0 0.0 0.0 3.0
79 72.0 72.0 0.0 0.0 3.0
80 72.0 72.0 0.0 0.0 3.0
81 72.0 72.0 0.0 0.0 3.0
82 72.0 72.0 0.0 0.0 3.0
83 72.0 72.0 0.0 0.0 3.0
84 72.0 72.0 0.0 0.0 3.0
85 72.0 72.0 0.0 0.0 3.0
86 72.0 72.0 0.0 0.0 3.0
87 72.0 72.0 0.0 0.0 3.0
88 72.0 72.0 0.0 0.0 3.0
89 72.0 72.0 0.0 0.0 3.0
90 72.0 72.0 0.0 0.0 3.0
91 72.0 72.0 0.0 0.0 3.0
92 72.0 72.0 0.0 0.0 3.0
93 72.0 72.0 0.0 0.0 3.0
94 72.0 72.0 0.0 0.0 3.0
95 72.0 72.0 0.0 0.0 3.0
96 72.0 72.0 0.0 0.0 3.0
97 72.0 72.0 0.0 0.0 3.0
98 72.0 72.0 0.0 0.0 3.0
99 72.0 72.0 0.0 0.0 3.0
100 72.0 72.0 0.0 0.0 3.0
101 72.0 72.0 0.0 0.0 3.0
102 72.0 72.0 0.0 0.0 3.0
103 72.0 72.0 0.0 0.0 3.0
104 72.0 72.0 0.0 0.0 3.0
105 72.0 72.0 0.0 0.0 3.0
106 72.0 72.0 0.0 0.0 3.0
107 72.0 72.0 0.0 0.0 3.0
108 72.0 72.0 0.0 0.0 3.0
109 72.0 72.0 0.0 0.0 3.0
110 72.0 72.0 0.0 0.0 3.0
111 72.0 72.0 0.0 0.0 3.0
112 72.0 72.0 0.0 0.0 3.0
113 72.0 72.0 0.0 0.0 3.0
114 72.0 72.0 0.0 0.0 3.0
115 72.0 72.0 0.0 0.0 3.0
116 72.0 72.0 0.0 0.0 3.0
117 72.0 72.0 0.0 0.0 3.0
118 72.0 72.0 0.0 0.0 3.0
119 72.0 72.0 0.0 0.0 3.0
120 72.0 72.0 0.0 0.0 3.0
121 72.0 72.0 0.0 0.0 3.0
122 72.0 72.0 0.0 0.0 3.0
123 72.0 72.0 0.0 0.0 3.0
124 72.0 72.0 0.0 0.0 3.0
125 72.0 72.0 0.0 0.0 3.0
126 72.0 72.0 0.0 0.0 3.0
127 72.0 72.0 0.0 0.0 3.0
128 72.0 72.0 0.0 0.0 3.0
129 72.0 72.0 0.0 0.0 3.0
130 72.0 72.0 0.0 0.0 3.0
131 72.0 72.0 0.0 0.0 3.0
132 72.0 72.0 0.0 0.0 3.0
133 72.0 72.0 0.0 0.0 3.0
134 72.0 72.0 0.0 0.0 3.0
135 72.0 72.0 0.0 0.0 3.0
136 72.0 72.0 0.0 0.0 3.0
137 72.0 72.0 0.0 0.0 3.0
138 72.0 72.0 0.0 0.0 3.0
139 72.0 72.0 0.0 0.0 3.0
140 72.0 72.0 0.0 0.0 3.0
141 72.0 72.0 0.0 0.0 3.0
142 72.0 72.0 0.0 0.0 3.0
143 72.0 72.0 0.0 0.0 3.0
144 72.0 72.0 0.0 0.0 3.0
145 72.0 72.0 0.0 0.0 3.0
146 72.0 72.0 0.0 0.0 3.0
147 72.0 72.0 0.0 0.0 3.0
148 72.0 72.0 0.0 0.0 3.0
149 72.0 72.0 0.0 0.0 3.0
150 72.0 72.0 0.0 0.0 3.0
151 72.0 72.0 0.0 0.0 3.0
152 72.0 72.0 0.0 0.0 3.0
153 72.0 72.0 0.0 0.0 3.0
154 72.0 72.0 0.0 0.0 3.0
155 72.0 72.0 0.0 0.0 3.0
156 72.0 72.0 0.0 0.0 3.0
157 72.0 72.0 0.0 0.0 3.0
158 72.0 72.0 0.0 0.0 3.0
159 72.0 72.0 0.0 0.0 3.0
160 72.0 72.0 0.0 0.0 3.0
161 72.0 72.0 0.0 0.0 3.0
162 72.0 72.0 0.0 0.0 3.0
163 72.0 72.0 0.0 0.0 3.0
164 72.0 72.0 0.0 0.0 3.0
165 72.0 72.0 0.0 0.0 3.0
166 72.0 72.0 0.0 0.0 3.0
167 72.0 72.0 0.0 0.0 3.0
168 72.0 72.0 0.0 0.0 3.0
169 72.0 72.0 0.0 0.0 3.0
170 72.0 72.0 0.0 0.0 3.0
171 72.0 72.0 0.0 0.0 3.0
172 72.0 72.0 0.0 0.0 3.0
173 72.0 72.0 0.0 0.0 3.0
174 72.0 72.0 0.0 0.0 3.0
175 72.0 72.0 0.0 0.0 3.0
176 72.0 72.0 0.0 0.0 3.0
177 72.0 72.0 0.0 0.0 3.0
178 72.0 72.0 0.0 0.0 3.0
179 72.0 72.0 0.0 0.0 3.0
180 72.0 72.0 0.0 0.0 3.0
181 72.0 72.0 0.0 0.0 3.0
182 72.0 72.0 0.0 0.0 3.0
183 72.0 72.0 0.0 0.0 3.0
184 72.0 72.0 0.0 0.0 3.0
185 72.0 72.0 0.0 0.0 3.0
186 72.0 72.0 0.0 0.0 3.0
187 72.0 72.0 0.0 0.0 3.0
188 72.0 72.0 0.0 0.0 3.0
189 72.0 72.0 0.0 0.0 3.0
190 72.0 72.0 0.0 0.0 3.0
191 72.0 72.0 0.0 0.0 3.0
192 72.0 72.0 0.0 0.0 3.0
193 72.0 72.0 0.0 0.0 3.0
194 72.0 72.0 0.0 0.0 3.0
195 72.0 72.0 0.0 0.0 3.0
196 72.0 72.0 0.0 0.0 3.0
197 72.0 72.0 0.0 0.0 3.0
198 72.0 72.0 0.0 0.0 3.0
199 72.0 72.0 0.0 0.0 3.0
200 72.0 72.0 0.0 0.0 3.0
201 72.0 72.0 0.0 0.0 3.0
202 72.0 72.0 0.0 0.0 3.0
203 72.0 72.0 0.0 0.0 3.0
204 72.0 72.0 0.0 0.0 3.0
205 72.0 72.0 0.0 0.0 3.0
206 72.0 72.0 0.0 0.0 3.0
207 72.0 72.0 0.0 0.0 3.0
208 72.0 72.0 0.0 0.0 3.0
209 72.0 72.0 0.0 0.0 3.0
210 72.0 72.0 0.0 0.0 3.0
211 72.0 72.0 0.0 0.0 3.0
212 72.0 72.0 0.0 0.0 3.0
213 72.0 72.0 0.0 0.0 3.0
214 72.0 72.0 0.0 0.0 3.0
215 72.0 72.0 0.0 0.0 3.0
216 72.0 72.0 0.0 0.0 3.0
217 72.0 72.0 0.0 0.0 3.0
218 72.0 72.0 0.0 0.0 3.0
219 72.0 72.0 0.0 0.0 3.0
220 72.0 72.0 0.0 0.0 3.0
221 72.0 72.0 0.0 0.0 3.0
222 72.0 72.0 0.0 0.0 3.0
223 72.0 72.0 0.0 0.0 3.0
224 72.0 72.0 0.0 0.0 3.0
225 72.0 72.0 0.0 0.0 3.0
226 72.0 72.0 0.0 0.0 3.0
227 72.0 72.0 0.0 0.0 3.0
228 72.0 72.0 0.0 0.0 3.0
229 72.0 72.0 0.0 0.0 3.0
230 72.0 72.0 0.0 0.0 3.0
231 72.0 72.0 0.0 0.0 3.0
232 72.0 72.0 0.0 0.0 3.0
233 72.0 72.0 0.0 0.0 3.0
234 72.0 72.0 0.0 0.0 3.0
235 72.0 72.0 0.0 0.0 3.0
236 72.0 72.0 0.0 0.0 3.0
237 72.0 72.0 0.0 0.0 3.0
238 72.0 72.0 0.0 0.0 3.0
239 72.0 72.0 0.0 0.0 3.0
240 72.0 72.0 0.0 0.0 3.0
241 72.0 72.0 0.0 0.0 3.0
242 72.0 72.0 0.0 0.0 3.0
243 72.0 72.0 0.0 0.0 3.0
244 72.0 72.0 0.0 0.0 3.0
245 72.0 72.0 0.0 0.0 3.0
246 72.0 72.0 0.0 0.0 3.0
247 72.0 72.0 0.0 0.0 3.0
248 72.0 72.0 0.0 0.0 3.0
249 72.0 72.0 0.0 0.0 3.0
250 72.0 72.0 0.0 0.0 3.0
251 72.0 72.0 0.0 0.0 3.0
252 72.0 72.0 0.0 0.0 3.0
253 72.0 72.0 0.0 0.0 3.0
254 72.0 72.0 0.0 0.0 3.0
255 72.0 72.0 0.0 0.0 3.0
256 72.0 72.0 0.0 0.0 3.0
257 72.0 72.0 0.0 0.0 3.0
258 72.0 72.0 0.0 0.0 3.0
259 72.0 72.0 0.0 0.0 3.0
260 72.0 72.0 0.0 0.0 3.0
261 72.0 72.0 0.0 0.0 3.0
262 72.0 72.0 0.0 0.0 3.0
263 72.0 72.0 0.0 0.0 3.0
264 72.0 72.0 0.0 0.0 3.0
265 72.0 72.0 0.0 0.0 3.0
266 72.0 72.0 0.0 0.0 3.0
267 72.0 72.0 0.0 0.0 3.0
268 72.0 72.0 0.0 0.0 3.0
269 72.0 72.0 0.0 0.0 3.0
270 72.0 72.0 0.0 0.0 3.0
271 72.0 72.0 0.0 0.0 3.0
272 72.0 72.0 0.0 0.0 3.0
273 72.0 72.0 0.0 0.0 3.0
274 72.0 72.0 0.0 0.0 3.0
275 72.0 72.0 0.0 0.0 3.0
276 72.0 72.0 0.0 0.0 3.0
277 72.0 72.0 0.0 0.0 3.0
278 72.0 72.0 0.0 0.0 3.0
279 72.0 72.0 0.0 0.0 3.0
280 72.0 72.0 0.0 0.0 3.0
281 72.0 72.0 0.0 0.0 3.0
282 72.0 72.0 0.0 0.0 3.0
283 72.0 72.0 0.0 0.0 3.0
284 72.0 72.0 0.0 0.0 3.0
285 72.0 72.0 0.0 0.0 3.0
286 72.0 72.0 0.0 0.0 3.0
287 72.0 72.0 0.0 0.0 3.0
288 72.0 72.0 0.0 0.0 3.0
289 72.0 72.0 0.0 0.0 3.0
290 72.0 72.0 0.0 0.0 3.0
291 72.0 72.0 0.0 0.0 3.0
292 72.0 72.0 0.0 0.0 3.0
293 72.0 72.0 0.0 0.0 3.0
294 72.0 72.0 0.0 0.0 3.0
295 72.0 72.0 0.0 0.0 3.0
296 72.0 72.0 0.0 0.0 3.0
297 72.0 72.0 0.0 0.0 3.0
298 72.0 72.0 0.0 0.0 3.0
299 72.0 72.0 0.0 0.0 3.0
300 72.0 72.0 0.0 0.0 3.0
301 72.0 72.0 0.0 0.0 3.0
302 72.0 72.0 0.0 0.0 3.0
303 72.0 72.0 0.0 0.0 3.0
304 72.0 72.0 0.0 0.0 3.0
305 72.0 72.0 0.0 0.0 3.0
306 72.0 72.0 0.0 0.0 3.0
307 72.0 72.0 0.0 0.0 3.0
308 72.0 72.0 0.0 0.0 3.0
309 72.0 72.0 0.0 0.0 3.0
310 72.0 72.0 0.0 0.0 3.0
311 72.0 72.0 0.0 0.0 3.0
312 72.0 72.0 0.0 0.0 3.0
313 72.0 72.0 0.0 0.0 3.0
314 72.0 72.0 0.0 0.0 3.0
315 72.0 72.0 0.0 0.0 3.0
316 72.0 72.0 0.0 0.0 3.0
317 72.0 72.0 0.0 0.0 3.0
318 72.0 72.0 0.0 0.0 3.0
319 72.0 72.0 0.0 0.0 3.0
320 72.0 72.0 0.0 0.0 3.0
321 72.0 72.0 0.0 0.0 3.0
322 72.0 72.0 0.0 0.0 3.0
323 72.0 72.0 0.0 0.0 3.0
324 72.0 72.0 0.0 0.0 3.0
325 72.0 72.0 0.0 0.0 3.0
326 72.0 72.0 0.0 0.0 3.0
327 72.0 72.0 0.0 0.0 3.0
328 72.0 72.0 0.0 0.0 3.0
329 72.0 72.0 0.0 0.0 3.0
330 72.0 72.0 0.0 0.0 3.0
331 72.0 72.0 0.0 0.0 3.0
332 72.0 72.0 0.0 0.0 3.0
333 72.0 72.0 0.0 0.0 3.0
334 72.0 72.0 0.0 0.0 3.0
335 72.0 72.0 0.0 0.0 3.0
336 72.0 72.0 0.0 0.0 3.0
337 72.0 72.0 0.0 0.0 3.0
338 72.0 72.0 0.0 0.0 3.0
339 72.0 72.0 0.0 0.0 3.0
340 72.0 72.0 0.0 0.0 3.0
341 72.0 72.0 0.0 0.0 3.0
342 72.0 72.0 0.0 0.0 3.0
343 72.0 72.0 0.0 0.0 3.0
344 72.0 72.0 0.0 0.0 3.0
345 72.0 72.0 0.0 0.0 3.0
346 72.0 72.0 0.0 0.0 3.0
347 72.0 72.0 0.0 0.0 3.0
348 72.0 72.0 0.0 0.0 3.0
349 72.0 72.0 0.0 0.0 3.0
350 72.0 72.0 0.0 0.0 3.0
351 72.0 72.0 0.0 0.0 3.0
352 72.0 72.0 0.0 0.0 3.0
353 72.0 72.0 0.0 0.0 3.0
354 72.0 72.0 0.0 0.0 3.0
355 72.0 72.0 0.0 0.0 3.0
356 72.0 72.0 0.0 0.0 3.0
357 72.0 72.0 0.0 0.0 3.0
358 72.0 72.0 0.0 0.0 3.0
359 72.0 72.0 0.0 0.0 3.0
360 72.0 72.0 0.0 0.0 3.0
361 72.0 72.0 0.0 0.0 3.0
362 72.0 72.0 0.0 0.0 3.0
363 72.0 72.0 0.0 0.0 3.0
364 72.0 72.0 0.0 0.0 3.0
365 72.0 72.0 0.0 0.0 3.0
366 72.0 72.0 0.0 0.0 3.0
367 72.0 72.0 0.0 0.0 3.0
368 72.0 72.0 0.0 0.0 3.0
369 72.0 72.0 0.0 0.0 3.0
370 72.0 72.0 0.0 0.0 3.0
371 72.0 72.0 0.0 0.0 3.0
372 72.0 72.0 0.0 0.0 3.0
373 72.0 72.0 0.0 0.0 3.0
374 72.0 72.0 0.0 0.0 3.0
375 72.0 72.0 0.0 0.0 3.0
376 72.0 72.0 0.0 0.0 3.0
377 72.0 72.0 0.0 0.0 3.0
378 72.0 72.0 0.0 0.0 3.0
379 72.0 72.0 0.0 0.0 3.0
380 72.0 72.0 0.0 0.0 3.0
381 72.0 72.0 0.0 0.0 3.0
382 72.0 72.0 0.0 0.0 3.0
383 72.0 72.0 0.0 0.0 3.0
384 72.0 72.0 0.0 0.0 3.0
385 80.0 80.0 0.0 0.0 2.0
386 80.0 80.0 0.0 0.0 2.0
387 80.0 80.0 0.0 0.0 2.0
388 80.0 80.0 0.0 0.0 2.0
389 80.0 80.0 0.0 0.0 2.0
390 80.0 80.0 0.0 0.0 2.0
391 80.0 80.0 0.0 0.0 2.0
392 80.0 80.0 0.0 0.0 2.0
393 80.0 80.0 0.0 0.0 2.0
394 80.0 80.0 0.0 0.0 2.0
395 80.0 80.0 0.0 0.0 2.0
396 80.0 80.0 0.0 0.0 2.0
397 80.0 80.0 0.0 0.0 2.0
398 80.0 80.0 0.0 0.0 2.0
399 80.0 80.0 0.0 0.0 2.0
400 80.0 80.0 0.0 0.0 2.0
401 80.0 80.0 0.0 0.0 2.0
402 80.0 80.0 0.0 0.0 2.0
403 80.0 80.0 0.0 0.0 2.0
404 80.0 80.0 0.0 0.0 2.0
405 80.0 80.0 0.0 0.0 2.0
406 80.0 80.0 0.0 0.0 2.0
407 80.0 80.0 0.0 0.0 2.0
408 80.0 80.0 0.0 0.0 2.0
409 80.0 80.0 0.0 0.0 2.0
410 80.0 80.0 0.0 0.0 2.0
411 80.0 80.0 0.0 0.0 2.0
412 80.0 80.0 0.0 0.0 2.0
413 80.0 80.0 0.0 0.0 2.0
414 80.0 80.0 0.0 0.0 2.0
415 80.0 80.0 0.0 0.0 2.0
416 80.0 80.0 0.0 0.0 2.0
417 80.0 80.0 0.0 0.0 2.0
418 80.0 80.0 0.0 0.0 2.0
419 80.0 80.0 0.0 0.0 2.0
420 80.0 80.0 0.0 0.0 2.0
421 80.0 80.0 0.0 0.0 2.0
422 80.0 80.0 0.0 0.0 2.0
423 80.0 80.0 0.0 0.0 2.0
424 80.0 80.0 0.0 0.0 2.0
425 80.0 80.0 0.0 0.0 2.0
426 80.0 80.0 0.0 0.0 2.0
427 80.0 80.0 0.0 0.0 2.0
428 80.0 80.0 0.0 0.0 2.0
429 80.0 80.0 0.0 0.0 2.0
430 80.0 80.0 0.0 0.0 2.0
431 80.0 80.0 0.0 0.0 2.0
432 80.0 80.0 0.0 0.0 2.0
433 80.0 80.0 0.0 0.0 2.0
434 80.0 80.0 0.0 0.0 2.0
435 80.0 80.0 0.0 0.0 2.0
436 80.0 80.0 0.0 0.0 2.0
437 80.0 80.0 0.0 0.0 2.0
438 80.0 80.0 0.0 0.0 2.0
439 80.0 80.0 0.0 0.0 2.0
440 80.0 80.0 0.0 0.0 2.0
441 80.0 80.0 0.0 0.0 2.0
442 80.0 80.0 0.0 0.0 2.0
443 80.0 80.0 0.0 0.0 2.0
444 80.0 80.0 0.0 0.0 2.0
445 80.0 80.0 0.0 0.0 2.0
446 80.0 80.0 0.0 0.0 2.0
447 80.0 80.0 0.0 0.0 2.0
448 80.0 80.0 0.0 0.0 2.0
449 80.0 80.0 0.0 0.0 2.0
450 80.0 80.0 0.0 0.0 2.0
451 80.0 80.0 0.0 0.0 2.0
452 80.0 80.0 0.0 0.0 2.0
453 80.0 80.0 0.0 0.0 2.0
454 80.0 80.0 0.0 0.0 2.0
455 80.0 80.0 0.0 0.0 2.0
456 80.0 80.0 0.0 0.0 2.0
457 80.0 80.0 0.0 0.0 2.0
458 80.0 80.0 0.0 0.0 2.0
459 80.0 80.0 0.0 0.0 2.0
460 80.0 80.0 0.0 0.0 2.0
461 80.0 80.0 0.0 0.0 2.0
462 80.0 80.0 0.0 0.0 2.0
463 80.0 80.0 0.0 0.0 2.0
464 80.0 80.0 0.0 0.0 2.0
465 80.0 80.0 0.0 0.0 2.0
466 80.0 80.0 0.0 0.0 2.0
467 80.0 80.0 0.0 0.0 2.0
468 80.0 80.0 0.0 0.0 2.0
469 80.0 80.0 0.0 0.0 2.0
470 80.0 80.0 0.0 0.0 2.0
471 80.0 80.0 0.0 0.0 2.0
472 80.0 80.0 0.0 0.0 2.0
473 80.0 80.0 0.0 0.0 2.0
474 80.0 80.0 0.0 0.0 2.0
475 80.0 80.0 0.0 0.0 2.0
476 80.0 80.0 0.0 0.0 2.0
477 80.0 80.0 0.0 0.0 2.0
478 80.0 80.0 0.0 0.0 2.0
479 80.0 80.0 0.0 0.0 2.0
480 80.0 80.0 0.0 0.0 2.0
481 80.0 80.0 0.0 0.0 2.0
482 80.0 80.0 0.0 0.0 2.0
483 80.0 80.0 0.0 0.0 2.0
484 80.0 80.0 0.0 0.0 2.0
485 80.0 80.0 0.0 0.0 2.0
486 80.0 80.0 0.0 0.0 2.0
487 80.0 80.0 0.0 0.0 2.0
488 80.0 80.0 0.0 0.0 2.0
489 80.0 80.0 0.0 0.0 2.0
490 80.0 80.0 0.0 0.0 2.0
491 80.0 80.0 0.0 0.0 2.0
492 80.0 80.0 0.0 0.0 2.0
493 80.0 80.0 0.0 0.0 2.0
494 80.0 80.0 0.0 0.0 2.0
495 80.0 80.0 0.0 0.0 2.0
496 80.0 80.0 0.0 0.0 2.0
497 80.0 80.0 0.0 0.0 2.0
498 80.0 80.0 0.0 0.0 2.0
499 80.0 80.0 0.0 0.0 2.0
500 80.0 80.0 0.0 0.0 2.0
501 80.0 80.0 0.0 0.0 2.0
502 80.0 80.0 0.0 0.0 2.0
503 80.0 80.0 0.0 0.0 2.0
504 80.0 80.0 0.0 0.0 2.0
505 80.0 80.0 0.0 0.0 2.0
506 80.0 80.0 0.0 0.0 2.0
507 80.0 80.0 0.0 0.0 2.0
508 80.0 80.0 0.0 0.0 2.0
509 80.0 80.0 0.0 0.0 2.0
510 80.0 80.0 0.0 0.0 2.0
511 80.0 80.0 0.0 0.0 2.0
512 80.0 80.0 0.0 0.0 2.0
513 80.0 80.0 0.0 0.0 2.0
514 80.0 80.0 0.0 0.0 2.0
515 80.0 80.0 0.0 0.0 2.0
516 80.0 80.0 0.0 0.0 2.0
517 80.0 80.0 0.0 0.0 2.0
518 80.0 80.0 0.0 0.0 2.0
519 80.0 80.0 0.0 0.0 2.0
520 80.0 80.0 0.0 0.0 2.0
521 80.0 80.0 0.0 0.0 2.0
522 80.0 80.0 0.0 0.0 2.0
523 80.0 80.0 0.0 0.0 2.0
524 80.0 80.0 0.0 0.0 2.0
525 80.0 80.0 0.0 0.0 2.0
526 80.0 80.0 0.0 0.0 2.0
527 80.0 80.0 0.0 0.0 2.0
528 80.0 80.0 0.0 0.0 2.0
529 80.0 80.0 0.0 0.0 2.0
530 80.0 80.0 0.0 0.0 2.0
531 80.0 80.0 0.0 0.0 2.0
532 80.0 80.0 0.0 0.0 2.0
533 80.0 80.0 0.0 0.0 2.0
534 80.0 80.0 0.0 0.0 2.0
535 80.0 80.0 0.0 0.0 2.0
536 80.0 80.0 0.0 0.0 2.0
537 80.0 80.0 0.0 0.0 2.0
538 80.0 80.0 0.0 0.0 2.0
539 80.0 80.0 0.0 0.0 2.0
540 80.0 80.0 0.0 0.0 2.0
541 80.0 80.0 0.0 0.0 2.0
542 80.0 80.0 0.0 0.0 2.0
543 80.0 80.0 0.0 0.0 2.0
544 80.0 80.0 0.0 0.0 2.0
545 80.0 80.0 0.0 0.0 2.0
546 80.0 80.0 0.0 0.0 2.0
547 80.0 80.0 0.0 0.0 2.0
548 80.0 80.0 0.0 0.0 2.0
549 80.0 80.0 0.0 0.0 2.0
550 80.0 80.0 0.0 0.0 2.0
551 80.0 80.0 0.0 0.0 2.0
552 80.0 80.0 0.0 0.0 2.0
553 80.0 80.0 0.0 0.0 2.0
554 80.0 80.0 0.0 0.0 2.0
555 80.0 80.0 0.0 0.0 2.0
556 80.0 80.0 0.0 0.0 2.0
557 80.0 80.0 0.0 0.0 2.0
558 80.0 80.0 0.0 0.0 2.0
559 80.0 80.0 0.0 0.0 2.0
560 80.0 80.0 0.0 0.0 2.0
561 80.0 80.0 0.0 0.0 2.0
562 80.0 80.0 0.0 0.0 2.0
563 80.0 80.0 0.0 0.0 2.0
564 80.0 80.0 0.0 0.0 2.0
565 80.0 80.0 0.0 0.0 2.0
566 80.0 80.0 0.0 0.0 2.0
567 80.0 80.0 0.0 0.0 2.0
568 80.0 80.0 0.0 0.0 2.0
569 80.0 80.0 0.0 0.0 2.0
570 80.0 80.0 0.0 0.0 2.0
571 80.0 80.0 0.0 0.0 2.0
572 80.0 80.0 0.0 0.0 2.0
573 80.0 80.0 0.0 0.0 2.0
574 80.0 80.0 0.0 0.0 2.0
575 80.0 80.0 0.0 0.0 2.0
576 80.0 80.0 0.0 0.0 2.0
577 80.0 80.0 0.0 0.0 2.0
578 80.0 80.0 0.0 0.0 2.0
579 80.0 80.0 0.0 0.0 2.0
580 80.0 80.0 0.0 0.0 2.0
581 80.0 80.0 0.0 0.0 2.0
582 80.0 80.0 0.0 0.0 2.0
583 80.0 80.0 0.0 0.0 2.0
584 80.0 80.0 0.0 0.0 2.0
585 80.0 80.0 0.0 0.0 2.0
586 80.0 80.0 0.0 0.0 2.0
587 80.0 80.0 0.0 0.0 2.0
588 80.0 80.0 0.0 0.0 2.0
589 80.0 80.0 0.0 0.0 2.0
590 80.0 80.0 0.0 0.0 2.0
591 80.0 80.0 0.0 0.0 2.0
592 80.0 80.0 0.0 0.0 2.0
593 80.0 80.0 0.0 0.0 2.0
594 80.0 80.0 0.0 0.0 2.0
595 80.0 80.0 0.0 0.0 2.0
596 80.0 80.0 0.0 0.0 2.0
597 80.0 80.0 0.0 0.0 2.0
598 80.0 80.0 0.0 0.0 2.0
599 80.0 80.0 0.0 0.0 2.0
600 80.0 80.0 0.0 0.0 2.0
601 80.0 80.0 0.0 0.0 2.0
602 80.0 80.0 0.0 0.0 2.0
603 80.0 80.0 0.0 0.0 2.0
604 80.0 80.0 0.0 0.0 2.0
605 80.0 80.0 0.0 0.0 2.0
606 80.0 80.0 0.0 0.0 2.0
607 80.0 80.0 0.0 0.0 2.0
608 80.0 80.0 0.0 0.0 2.0
609 80.0 80.0 0.0 0.0 2.0
610 80.0 80.0 0.0 0.0 2.0
611 80.0 80.0 0.0 0.0 2.0
612 80.0 80.0 0.0 0.0 2.0
613 80.0 80.0 0.0 0.0 2.0
614 80.0 80.0 0.0 0.0 2.0
615 80.0 80.0 0.0 0.0 2.0
616 80.0 80.0 0.0 0.0 2.0
617 80.0 80.0 0.0 0.0 2.0
618 80.0 80.0 0.0 0.0 2.0
619 80.0 80.0 0.0 0.0 2.0
620 80.0 80.0 0.0 0.0 2.0
621 80.0 80.0 0.0 0.0 2.0
622 80.0 80.0 0.0 0.0 2.0
623 80.0 80.0 0.0 0.0 2.0
624 80.0 80.0 0.0 0.0 2.0
625 80.0 80.0 0.0 0.0 2.0
626 80.0 80.0 0.0 0.0 2.0
627 80.0 80.0 0.0 0.0 2.0
628 80.0 80.0 0.0 0.0 2.0
629 80.0 80.0 0.0 0.0 2.0
630 80.0 80.0 0.0 0.0 2.0
631 80.0 80.0 0.0 0.0 2.0
632 80.0 80.0 0.0 0.0 2.0
633 80.0 80.0 0.0 0.0 2.0
634 80.0 80.0 0.0 0.0 2.0
635 80.0 80.0 0.0 0.0 2.0
636 80.0 80.0 0.0 0.0 2.0
637 80.0 80.0 0.0 0.0 2.0
638 80.0 80.0 0.0 0.0 2.0
639 80.0 80.0 0.0 0.0 2.0
640 80.0 80.0 0.0 0.0 2.0
641 80.0 80.0 0.0 0.0 2.0
642 80.0 80.0 0.0 0.0 2.0
643 80.0 80.0 0.0 0.0 2.0
644 80.0 80.0 0.0 0.0 2.0
645 80.0 80.0 0.0 0.0 2.0
646 80.0 80.0 0.0 0.0 2.0
647 80.0 80.0 0.0 0.0 2.0
648 80.0 80.0 0.0 0.0 2.0
649 80.0 80.0 0.0 0.0 2.0
650 80.0 80.0 0.0 0.0 2.0
651 80.0 80.0 0.0 0.0 2.0
652 80.0 80.0 0.0 0.0 2.0
653 80.0 80.0 0.0 0.0 2.0
654 80.0 80.0 0.0 0.0 2.0
655 80.0 80.0 0.0 0.0 2.0
656 80.0 80.0 0.0 0.0 2.0
657 80.0 80.0 0.0 0.0 2.0
658 80.0 80.0 0.0 0.0 2.0
659 80.0 80.0 0.0 0.0 2.0
660 80.0 80.0 0.0 0.0 2.0
661 80.0 80.0 0.0 0.0 2.0
662 80.0 80.0 0.0 0.0 2.0
663 80.0 80.0 0.0 0.0 2.0
664 80.0 80.0 0.0 0.0 2.0
665 80.0 80.0 0.0 0.0 2.0
666 80.0 80.0 0.0 0.0 2.0
667 80.0 80.0 0.0 0.0 2.0
668 80.0 80.0 0.0 0.0 2.0
669 80.0 80.0 0.0 0.0 2.0
670 80.0 80.0 0.0 0.0 2.0
671 80.0 80.0 0.0 0.0 2.0
672 80.0 80.0 0.0 0.0 2.0
673 80.0 80.0 0.0 0.0 2.0
674 80.0 80.0 0.0 0.0 2.0
675 80.0 80.0 0.0 0.0 2.0
676 80.0 80.0 0.0 0.0 2.0
677 80.0 80.0 0.0 0.0 2.0
678 80.0 80.0 0.0 0.0 2.0
679 80.0 80.0 0.0 0.0 2.0
680 80.0 80.0 0.0 0.0 2.0
681 80.0 80.0 0.0 0.0 2.0
682 80.0 80.0 0.0 0.0 2.0
683 80.0 80.0 0.0 0.0 2.0
684 80.0 80.0 0.0 0.0 2.0
685 80.0 80.0 0.0 0.0 2.0
686 80.0 80.0 0.0 0.0 2.0
687 80.0 80.0 0.0 0.0 2.0
688 80.0 80.0 0.0 0.0 2.0
689 80.0 80.0 0.0 0.0 2.0
690 80.0 80.0 0.0 0.0 2.0
691 80.0 80.0 0.0 0.0 2.0
692 80.0 80.0 0.0 0.0 2.0
693 80.0 80.0 0.0 0.0 2.0
694 80.0 80.0 0.0 0.0 2.0
695 80.0 80.0 0.0 0.0 2.0
696 80.0 80.0 0.0 0.0 2.0
697 80.0 80.0 0.0 0.0 2.0
698 80.0 80.0 0.0 0.0 2.0
699 80.0 80.0 0.0 0.0 2.0
700 80.0 80.0 0.0 0.0 2.0
701 80.0 80.0 0.0 0.0 2.0
702 80.0 80.0 0.0 0.0 2.0
703 80.0 80.0 0.0 0.0 2.0
704 80.0 80.0 0.0 0.0 2.0
705 80.0 80.0 0.0 0.0 2.0
706 80.0 80.0 0.0 0.0 2.0
707 80.0 80.0 0.0 0.0 2.0
708 80.0 80.0 0.0 0.0 2.0
709 80.0 80.0 0.0 0.0 2.0
710 80.0 80.0 0.0 0.0 2.0
711 80.0 80.0 0.0 0.0 2.0
712 80.0 80.0 0.0 0.0 2.0
713 80.0 80.0 0.0 0.0 2.0
714 80.0 80.0 0.0 0.0 2.0
715 80.0 80.0 0.0 0.0 2.0
716 80.0 80.0 0.0 0.0 2.0
717 80.0 80.0 0.0 0.0 2.0
718 80.0 80.0 0.0 0.0 2.0
719 80.0 80.0 0.0 0.0 2.0
720 80.0 80.0 0.0 0.0 2.0
721 80.0 80.0 0.0 0.0 2.0
722 80.0 80.0 0.0 0.0 2.0
723 80.0 80.0 0.0 0.0 2.0
724 80.0 80.0 0.0 0.0 2.0
725 80.0 80.0 0.0 0.0 2.0
726 80.0 80.0 0.0 0.0 2.0
727 80.0 80.0 0.0 0.0 2.0
728 80.0 80.0 0.0 0.0 2.0
729 80.0 80.0 0.0 0.0 2.0
730 80.0 80.0 0.0 0.0 2.0
731 80.0 80.0 0.0 0.0 2.0
732 80.0 80.0 0.0 0.0 2.0
733 80.0 80.0 0.0 0.0 2.0
734 80.0 80.0 0.0 0.0 2.0
735 80.0 80.0 0.0 0.0 2.0
736 80.0 80.0 0.0 0.0 2.0
737 80.0 80.0 0.0 0.0 2.0
738 80.0 80.0 0.0 0.0 2.0
739 80.0 80.0 0.0 0.0 2.0
740 80.0 80.0 0.0 0.0 2.0
741 80.0 80.0 0.0 0.0 2.0
742 80.0 80.0 0.0 0.0 2.0
743 80.0 80.0 0.0 0.0 2.0
744 80.0 80.0 0.0 0.0 2.0
745 80.0 80.0 0.0 0.0 2.0
746 80.0 80.0 0.0 0.0 2.0
747 80.0 80.0 0.0 0.0 2.0
748 80.0 80.0 0.0 0.0 2.0
749 80.0 80.0 0.0 0.0 2.0
750 80.0 80.0 0.0 0.0 2.0
751 80.0 80.0 0.0 0.0 2.0
752 80.0 80.0 0.0 0.0 2.0
753 80.0 80.0 0.0 0.0 2.0
754 80.0 80.0 0.0 0.0 2.0
755 80.0 80.0 0.0 0.0 2.0
756 80.0 80.0 0.0 0.0 2.0
757 80.0 80.0 0.0 0.0 2.0
758 80.0 80.0 0.0 0.0 2.0
759 80.0 80.0 0.0 0.0 2.0
760 80.0 80.0 0.0 0.0 2.0
761 80.0 80.0 0.0 0.0 2.0
762 80.0 80.0 0.0 0.0 2.0
763 80.0 80.0 0.0 0.0 2.0
764 80.0 80.0 0.0 0.0 2.0
765 80.0 80.0 0.0 0.0 2.0
766 80.0 80.0 0.0 0.0 2.0
767 80.0 80.0 0.0 0.0 2.0
768 80.0 80.0 0.0 0.0 2.0
769 80.0 80.0 0.0 0.0 2.0
770 80.0 80.0 0.0 0.0 2.0
771 80.0 80.0 0.0 0.0 2.0
772 80.0 80.0 0.0 0.0 2.0
773 80.0 80.0 0.0 0.0 2.0
774 80.0 80.0 0.0 0.0 2.0
775 80.0 80.0 0.0 0.0 2.0
776 80.0 80.0 0.0 0.0 2.0
777 80.0 80.0 0.0 0.0 2.0
778 80.0 80.0 0.0 0.0 2.0
779 80.0 80.0 0.0 0.0 2.0
780 80.0 80.0 0.0 0.0 2.0
781 80.0 80.0 0.0 0.0 2.0
782 80.0 80.0 0.0 0.0 2.0
783 80.0 80.0 0.0 0.0 2.0
784 80.0 80.0 0.0 0.0 2.0
785 80.0 80.0 0.0 0.0 2.0
786 80.0 80.0 0.0 0.0 2.0
787 80.0 80.0 0.0 0.0 2.0
788 80.0 80.0 0.0 0.0 2.0
789 80.0 80.0 0.0 0.0 2.0
790 80.0 80.0 0.0 0.0 2.0
791 80.0 80.0 0.0 0.0 2.0
792 84.0 84.0 0.0 0.0 2.0
793 84.0 84.0 0.0 0.0 2.0
794 84.0 84.0 0.0 0.0 2.0
795 84.0 84.0 0.0 0.0 2.0
796 84.0 84.0 0.0 0.0 2.0
797 84.0 84.0 0.0 0.0 2.0
798 84.0 84.0 0.0 0.0 2.0
799 84.0 84.0 0.0 0.0 2.0
800 84.0 84.0 0.0 0.0 2.0
801 84.0 84.0 0.0 0.0 2.0
802 84.0 84.0 0.0 0.0 2.0
803 84.0 84.0 0.0 0.0 2.0
804 84.0 84.0 0.0 0.0 2.0
805 84.0 84.0 0.0 0.0 2.0
806 84.0 84.0 0.0 0.0 2.0
807 84.0 84.0 0.0 0.0 2.0
808 84.0 84.0 0.0 0.0 2.0
809 84.0 84.0 0.0 0.0 2.0
810 84.0 84.0 0.0 0.0 2.0
811 84.0 84.0 0.0 0.0 2.0
812 84.0 84.0 0.0 0.0 2.0
813 84.0 84.0 0.0 0.0 2.0
814 84.0 84.0 0.0 0.0 2.0
815 84.0 84.0 0.0 0.0 2.0
816 84.0 84.0 0.0 0.0 2.0
817 84.0 84.0 0.0 0.0 2.0
818 84.0 84.0 0.0 0.0 2.0
819 84.0 84.0 0.0 0.0 2.0
820 84.0 84.0 0.0 0.0 2.0
821 84.0 84.0 0.0 0.0 2.0
822 84.0 84.0 0.0 0.0 2.0
823 84.0 84.0 0.0 0.0 2.0
824 84.0 84.0 0.0 0.0 2.0
825 84.0 84.0 0.0 0.0 2.0
826 84.0 84.0 0.0 0.0 2.0
827 84.0 84.0 0.0 0.0 2.0
828 84.0 84.0 0.0 0.0 2.0
829 84.0 84.0 0.0 0.0 2.0
830 84.0 84.0 0.0 0.0 2.0
831 84.0 84.0 0.0 0.0 2.0
832 84.0 84.0 0.0 0.0 2.0
833 84.0 84.0 0.0 0.0 2.0
834 84.0 84.0 0.0 0.0 2.0
835 84.0 84.0 0.0 0.0 2.0
836 84.0 84.0 0.0 0.0 2.0
837 84.0 84.0 0.0 0.0 2.0
838 84.0 84.0 0.0 0.0 2.0
839 84.0 84.0 0.0 0.0 2.0
840 84.0 84.0 0.0 0.0 2.0
841 84.0 84.0 0.0 0.0 2.0
842 84.0 84.0 0.0 0.0 2.0
843 84.0 84.0 0.0 0.0 2.0
844 84.0 84.0 0.0 0.0 2.0
845 84.0 84.0 0.0 0.0 2.0
846 84.0 84.0 0.0 0.0 2.0
847 84.0 84.0 0.0 0.0 2.0
848 84.0 84.0 0.0 0.0 2.0
849 84.0 84.0 0.0 0.0 2.0
850 84.0 84.0 0.0 0.0 2.0
851 84.0 84.0 0.0 0.0 2.0
852 84.0 84.0 0.0 0.0 2.0
853 84.0 84.0 0.0 0.0 2.0
854 84.0 84.0 0.0 0.0 2.0
855 84.0 84.0 0.0 0.0 2.0
856 84.0 84.0 0.0 0.0 2.0
857 84.0 84.0 0.0 0.0 2.0
858 84.0 84.0 0.0 0.0 2.0
859 84.0 84.0 0.0 0.0 2.0
860 84.0 84.0 0.0 0.0 2.0
861 84.0 84.0 0.0 0.0 2.0
862 84.0 84.0 0.0 0.0 2.0
863 84.0 84.0 0.0 0.0 2.0
864 84.0 84.0 0.0 0.0 2.0
865 84.0 84.0 0.0 0.0 2.0
866 84.0 84.0 0.0 0.0 2.0
867 84.0 84.0 0.0 0.0 2.0
868 84.0 84.0 0.0 0.0 2.0
869 84.0 84.0 0.0 0.0 2.0
870 84.0 84.0 0.0 0.0 2.0
871 84.0 84.0 0.0 0.0 2.0
872 84.0 84.0 0.0 0.0 2.0
873 84.0 84.0 0.0 0.0 2.0
874 84.0 84.0 0.0 0.0 2.0
875 84.0 84.0 0.0 0.0 2.0
876 84.0 84.0 0.0 0.0 2.0
877 84.0 84.0 0.0 0.0 2.0
878 84.0 84.0 0.0 0.0 2.0
879 84.0 84.0 0.0 0.0 2.0
880 84.0 84.0 0.0 0.0 2.0
881 84.0 84.0 0.0 0.0 2.0
882 84.0 84.0 0.0 0.0 2.0
883 84.0 84.0 0.0 0.0 2.0
884 84.0 84.0 0.0 0.0 2.0
885 84.0 84.0 0.0 0.0 2.0
886 84.0 84.0 0.0 0.0 2.0
887 84.0 84.0 0.0 0.0 2.0
888 84.0 84.0 0.0 0.0 2.0
889 84.0 84.0 0.0 0.0 2.0
890 84.0 84.0 0.0 0.0 2.0
891 84.0 84.0 0.0 0.0 2.0
892 84.0 84.0 0.0 0.0 2.0
893 84.0 84.0 0.0 0.0 2.0
894 84.0 84.0 0.0 0.0 2.0
895 84.0 84.0 0.0 0.0 2.0
896 84.0 84.0 0.0 0.0 2.0
897 84.0 84.0 0.0 0.0 2.0
898 84.0 84.0 0.0 0.0 2.0
899 84.0 84.0 0.0 0.0 2.0
900 84.0 84.0 0.0 0.0 2.0
901 84.0 84.0 0.0 0.0 2.0
902 84.0 84.0 0.0 0.0 2.0
903 84.0 84.0 0.0 0.0 2.0
904 84.0 84.0 0.0 0.0 2.0
905 84.0 84.0 0.0 0.0 2.0
906 84.0 84.0 0.0 0.0 2.0
907 84.0 84.0 0.0 0.0 2.0
908 84.0 84.0 0.0 0.0 2.0
909 84.0 84.0 0.0 0.0 2.0
910 84.0 84.0 0.0 0.0 2.0
911 84.0 84.0 0.0 0.0 2.0
912 84.0 84.0 0.0 0.0 2.0
913 84.0 84.0 0.0 0.0 2.0
914 84.0 84.0 0.0 0.0 2.0
915 84.0 84.0 0.0 0.0 2.0
916 84.0 84.0 0.0 0.0 2.0
917 84.0 84.0 0.0 0.0 2.0
918 84.0 84.0 0.0 0.0 2.0
919 84.0 84.0 0.0 0.0 2.0
920 84.0 84.0 0.0 0.0 2.0
921 84.0 84.0 0.0 0.0 2.0
922 84.0 84.0 0.0 0.0 2.0
923 84.0 84.0 0.0 0.0 2.0
924 84.0 84.0 0.0 0.0 2.0
925 84.0 84.0 0.0 0.0 2.0
926 84.0 84.0 0.0 0.0 2.0
927 84.0 84.0 0.0 0.0 2.0
928 84.0 84.0 0.0 0.0 2.0
929 84.0 84.0 0.0 0.0 2.0
930 84.0 84.0 0.0 0.0 2.0
931 84.0 84.0 0.0 0.0 2.0
932 84.0 84.0 0.0 0.0 2.0
933 84.0 84.0 0.0 0.0 2.0
934 84.0 84.0 0.0 0.0 2.0
935 84.0 84.0 0.0 0.0 2.0
936 84.0 84.0 0.0 0.0 2.0
937 84.0 84.0 0.0 0.0 2.0
938 84.0 84.0 0.0 0.0 2.0
939 84.0 84.0 0.0 0.0 2.0
940 84.0 84.0 0.0 0.0 2.0
941 84.0 84.0 0.0 0.0 2.0
942 84.0 84.0 0.0 0.0 2.0
943 84.0 84.0 0.0 0.0 2.0
944 84.0 84.0 0.0 0.0 2.0
945 84.0 84.0 0.0 0.0 2.0
946 84.0 84.0 0.0 0.0 2.0
947 84.0 84.0 0.0 0.0 2.0
948 84.0 84.0 0.0 0.0 2.0
949 84.0 84.0 0.0 0.0 2.0
950 84.0 84.0 0.0 0.0 2.0
951 84.0 84.0 0.0 0.0 2.0
952 84.0 84.0 0.0 0.0 2.0
953 84.0 84.0 0.0 0.0 2.0
954 84.0 84.0 0.0 0.0 2.0
955 84.0 84.0 0.0 0.0 2.0
956 84.0 84.0 0.0 0.0 2.0
957 84.0 84.0 0.0 0.0 2.0
958 84.0 84.0 0.0 0.0 2.0
959 84.0 84.0 0.0 0.0 2.0
960 84.0 84.0 0.0 0.0 2.0
961 84.0 84.0 0.0 0.0 2.0
962 84.0 84.0 0.0 0.0 2.0
963 84.0 84.0 0.0 0.0 2.0
964 84.0 84.0 0.0 0.0 2.0
965 84.0 84.0 0.0 0.0 2.0
966 84.0 84.0 0.0 0.0 2.0
967 84.0 84.0 0.0 0.0 2.0
968 84.0 84.0 0.0 0.0 2.0
969 84.0 84.0 0.0 0.0 2.0
970 84.0 84.0 0.0 0.0 2.0
971 84.0 84.0 0.0 0.0 2.0
972 84.0 84.0 0.0 0.0 2.0
973 84.0 84.0 0.0 0.0 2.0
974 84.0 84.0 0.0 0.0 2.0
975 84.0 84.0 0.0 0.0 2.0
976 84.0 84.0 0.0 0.0 2.0
977 84.0 84.0 0.0 0.0 2.0
978 84.0 84.0 0.0 0.0 2.0
979 84.0 84.0 0.0 0.0 2.0
980 84.0 84.0 0.0 0.0 2.0
981 84.0 84.0 0.0 0.0 2.0
982 84.0 84.0 0.0 0.0 2.0
983 84.0 84.0 0.0 0.0 2.0
984 84.0 84.0 0.0 0.0 2.0
985 84.0 84.0 0.0 0.0 2.0
986 84.0 84.0 0.0 0.0 2.0
987 84.0 84.0 0.0 0.0 2.0
988 84.0 84.0 0.0 0.0 2.0
989 84.0 84.0 0.0 0.0 2.0
990 84.0 84.0 0.0 0.0 2.0
991 84.0 84.0 0.0 0.0 2.0
992 84.0 84.0 0.0 0.0 2.0
993 84.0 84.0 0.0 0.0 2.0
994 84.0 84.0 0.0 0.0 2.0
995 84.0 84.0 0.0 0.0 2.0
996 84.0 84.0 0.0 0.0 2.0
997 84.0 84.0 0.0 0.0 2.0
998 84.0 84.0 0.0 0.0 2.0
999 84.0 84.0 0.0 0.0 2.0
1000 84.0 84.0 0.0 0.0 2.0
