gen HV HVnoDiscount fitness_notKilledMutants notKilledNonEqMutants fitness_testSuiteSize
1 68.0 68.0 0.0 0.0 5.0
2 70.0 70.0 0.0 0.0 3.0
3 70.0 70.0 0.0 0.0 3.0
4 70.0 70.0 0.0 0.0 3.0
5 70.0 70.0 0.0 0.0 3.0
6 70.0 70.0 0.0 0.0 3.0
7 70.0 70.0 0.0 0.0 3.0
8 70.0 70.0 0.0 0.0 3.0
9 70.0 70.0 0.0 0.0 3.0
10 70.0 70.0 0.0 0.0 3.0
11 70.0 70.0 0.0 0.0 3.0
12 70.0 70.0 0.0 0.0 3.0
13 70.0 70.0 0.0 0.0 3.0
14 70.0 70.0 0.0 0.0 3.0
15 70.0 70.0 0.0 0.0 3.0
16 70.0 70.0 0.0 0.0 3.0
17 70.0 70.0 0.0 0.0 3.0
18 70.0 70.0 0.0 0.0 3.0
19 70.0 70.0 0.0 0.0 3.0
20 70.0 70.0 0.0 0.0 3.0
21 70.0 70.0 0.0 0.0 3.0
22 70.0 70.0 0.0 0.0 3.0
23 70.0 70.0 0.0 0.0 3.0
24 70.0 70.0 0.0 0.0 3.0
25 70.0 70.0 0.0 0.0 3.0
26 70.0 70.0 0.0 0.0 3.0
27 70.0 70.0 0.0 0.0 3.0
28 70.0 70.0 0.0 0.0 3.0
29 70.0 70.0 0.0 0.0 3.0
30 70.0 70.0 0.0 0.0 3.0
31 70.0 70.0 0.0 0.0 3.0
32 70.0 70.0 0.0 0.0 3.0
33 70.0 70.0 0.0 0.0 3.0
34 70.0 70.0 0.0 0.0 3.0
35 70.0 70.0 0.0 0.0 3.0
36 70.0 70.0 0.0 0.0 3.0
37 70.0 70.0 0.0 0.0 3.0
38 70.0 70.0 0.0 0.0 3.0
39 70.0 70.0 0.0 0.0 3.0
40 70.0 70.0 0.0 0.0 3.0
41 70.0 70.0 0.0 0.0 3.0
42 70.0 70.0 0.0 0.0 3.0
43 70.0 70.0 0.0 0.0 3.0
44 70.0 70.0 0.0 0.0 3.0
45 70.0 70.0 0.0 0.0 3.0
46 70.0 70.0 0.0 0.0 3.0
47 70.0 70.0 0.0 0.0 3.0
48 70.0 70.0 0.0 0.0 3.0
49 70.0 70.0 0.0 0.0 3.0
50 70.0 70.0 0.0 0.0 3.0
51 70.0 70.0 0.0 0.0 3.0
52 70.0 70.0 0.0 0.0 3.0
53 70.0 70.0 0.0 0.0 3.0
54 70.0 70.0 0.0 0.0 3.0
55 70.0 70.0 0.0 0.0 3.0
56 70.0 70.0 0.0 0.0 3.0
57 70.0 70.0 0.0 0.0 3.0
58 70.0 70.0 0.0 0.0 3.0
59 70.0 70.0 0.0 0.0 3.0
60 70.0 70.0 0.0 0.0 3.0
61 70.0 70.0 0.0 0.0 3.0
62 70.0 70.0 0.0 0.0 3.0
63 70.0 70.0 0.0 0.0 3.0
64 70.0 70.0 0.0 0.0 3.0
65 70.0 70.0 0.0 0.0 3.0
66 70.0 70.0 0.0 0.0 3.0
67 70.0 70.0 0.0 0.0 3.0
68 70.0 70.0 0.0 0.0 3.0
69 70.0 70.0 0.0 0.0 3.0
70 70.0 70.0 0.0 0.0 3.0
71 70.0 70.0 0.0 0.0 3.0
72 70.0 70.0 0.0 0.0 3.0
73 70.0 70.0 0.0 0.0 3.0
74 70.0 70.0 0.0 0.0 3.0
75 70.0 70.0 0.0 0.0 3.0
76 70.0 70.0 0.0 0.0 3.0
77 70.0 70.0 0.0 0.0 3.0
78 70.0 70.0 0.0 0.0 3.0
79 70.0 70.0 0.0 0.0 3.0
80 70.0 70.0 0.0 0.0 3.0
81 70.0 70.0 0.0 0.0 3.0
82 70.0 70.0 0.0 0.0 3.0
83 70.0 70.0 0.0 0.0 3.0
84 70.0 70.0 0.0 0.0 3.0
85 70.0 70.0 0.0 0.0 3.0
86 70.0 70.0 0.0 0.0 3.0
87 70.0 70.0 0.0 0.0 3.0
88 70.0 70.0 0.0 0.0 3.0
89 70.0 70.0 0.0 0.0 3.0
90 70.0 70.0 0.0 0.0 3.0
91 70.0 70.0 0.0 0.0 3.0
92 70.0 70.0 0.0 0.0 3.0
93 70.0 70.0 0.0 0.0 3.0
94 70.0 70.0 0.0 0.0 3.0
95 70.0 70.0 0.0 0.0 3.0
96 70.0 70.0 0.0 0.0 3.0
97 70.0 70.0 0.0 0.0 3.0
98 70.0 70.0 0.0 0.0 3.0
99 70.0 70.0 0.0 0.0 3.0
100 70.0 70.0 0.0 0.0 3.0
101 70.0 70.0 0.0 0.0 3.0
102 70.0 70.0 0.0 0.0 3.0
103 70.0 70.0 0.0 0.0 3.0
104 70.0 70.0 0.0 0.0 3.0
105 70.0 70.0 0.0 0.0 3.0
106 70.0 70.0 0.0 0.0 3.0
107 70.0 70.0 0.0 0.0 3.0
108 70.0 70.0 0.0 0.0 3.0
109 70.0 70.0 0.0 0.0 3.0
110 70.0 70.0 0.0 0.0 3.0
111 70.0 70.0 0.0 0.0 3.0
112 70.0 70.0 0.0 0.0 3.0
113 70.0 70.0 0.0 0.0 3.0
114 70.0 70.0 0.0 0.0 3.0
115 70.0 70.0 0.0 0.0 3.0
116 70.0 70.0 0.0 0.0 3.0
117 70.0 70.0 0.0 0.0 3.0
118 70.0 70.0 0.0 0.0 3.0
119 70.0 70.0 0.0 0.0 3.0
120 70.0 70.0 0.0 0.0 3.0
121 70.0 70.0 0.0 0.0 3.0
122 70.0 70.0 0.0 0.0 3.0
123 70.0 70.0 0.0 0.0 3.0
124 70.0 70.0 0.0 0.0 3.0
125 70.0 70.0 0.0 0.0 3.0
126 70.0 70.0 0.0 0.0 3.0
127 70.0 70.0 0.0 0.0 3.0
128 70.0 70.0 0.0 0.0 3.0
129 70.0 70.0 0.0 0.0 3.0
130 70.0 70.0 0.0 0.0 3.0
131 70.0 70.0 0.0 0.0 3.0
132 70.0 70.0 0.0 0.0 3.0
133 70.0 70.0 0.0 0.0 3.0
134 70.0 70.0 0.0 0.0 3.0
135 70.0 70.0 0.0 0.0 3.0
136 70.0 70.0 0.0 0.0 3.0
137 70.0 70.0 0.0 0.0 3.0
138 70.0 70.0 0.0 0.0 3.0
139 70.0 70.0 0.0 0.0 3.0
140 70.0 70.0 0.0 0.0 3.0
141 70.0 70.0 0.0 0.0 3.0
142 70.0 70.0 0.0 0.0 3.0
143 70.0 70.0 0.0 0.0 3.0
144 70.0 70.0 0.0 0.0 3.0
145 70.0 70.0 0.0 0.0 3.0
146 70.0 70.0 0.0 0.0 3.0
147 70.0 70.0 0.0 0.0 3.0
148 70.0 70.0 0.0 0.0 3.0
149 70.0 70.0 0.0 0.0 3.0
150 70.0 70.0 0.0 0.0 3.0
151 70.0 70.0 0.0 0.0 3.0
152 70.0 70.0 0.0 0.0 3.0
153 70.0 70.0 0.0 0.0 3.0
154 70.0 70.0 0.0 0.0 3.0
155 70.0 70.0 0.0 0.0 3.0
156 70.0 70.0 0.0 0.0 3.0
157 70.0 70.0 0.0 0.0 3.0
158 70.0 70.0 0.0 0.0 3.0
159 70.0 70.0 0.0 0.0 3.0
160 70.0 70.0 0.0 0.0 3.0
161 70.0 70.0 0.0 0.0 3.0
162 70.0 70.0 0.0 0.0 3.0
163 70.0 70.0 0.0 0.0 3.0
164 70.0 70.0 0.0 0.0 3.0
165 70.0 70.0 0.0 0.0 3.0
166 70.0 70.0 0.0 0.0 3.0
167 70.0 70.0 0.0 0.0 3.0
168 70.0 70.0 0.0 0.0 3.0
169 70.0 70.0 0.0 0.0 3.0
170 70.0 70.0 0.0 0.0 3.0
171 70.0 70.0 0.0 0.0 3.0
172 70.0 70.0 0.0 0.0 3.0
173 70.0 70.0 0.0 0.0 3.0
174 70.0 70.0 0.0 0.0 3.0
175 70.0 70.0 0.0 0.0 3.0
176 70.0 70.0 0.0 0.0 3.0
177 70.0 70.0 0.0 0.0 3.0
178 70.0 70.0 0.0 0.0 3.0
179 70.0 70.0 0.0 0.0 3.0
180 70.0 70.0 0.0 0.0 3.0
181 70.0 70.0 0.0 0.0 3.0
182 70.0 70.0 0.0 0.0 3.0
183 70.0 70.0 0.0 0.0 3.0
184 70.0 70.0 0.0 0.0 3.0
185 70.0 70.0 0.0 0.0 3.0
186 70.0 70.0 0.0 0.0 3.0
187 70.0 70.0 0.0 0.0 3.0
188 70.0 70.0 0.0 0.0 3.0
189 70.0 70.0 0.0 0.0 3.0
190 70.0 70.0 0.0 0.0 3.0
191 70.0 70.0 0.0 0.0 3.0
192 70.0 70.0 0.0 0.0 3.0
193 70.0 70.0 0.0 0.0 3.0
194 70.0 70.0 0.0 0.0 3.0
195 70.0 70.0 0.0 0.0 3.0
196 70.0 70.0 0.0 0.0 3.0
197 70.0 70.0 0.0 0.0 3.0
198 70.0 70.0 0.0 0.0 3.0
199 70.0 70.0 0.0 0.0 3.0
200 70.0 70.0 0.0 0.0 3.0
201 70.0 70.0 0.0 0.0 3.0
202 70.0 70.0 0.0 0.0 3.0
203 70.0 70.0 0.0 0.0 3.0
204 70.0 70.0 0.0 0.0 3.0
205 70.0 70.0 0.0 0.0 3.0
206 70.0 70.0 0.0 0.0 3.0
207 70.0 70.0 0.0 0.0 3.0
208 70.0 70.0 0.0 0.0 3.0
209 70.0 70.0 0.0 0.0 3.0
210 70.0 70.0 0.0 0.0 3.0
211 70.0 70.0 0.0 0.0 3.0
212 70.0 70.0 0.0 0.0 3.0
213 70.0 70.0 0.0 0.0 3.0
214 70.0 70.0 0.0 0.0 3.0
215 70.0 70.0 0.0 0.0 3.0
216 70.0 70.0 0.0 0.0 3.0
217 70.0 70.0 0.0 0.0 3.0
218 70.0 70.0 0.0 0.0 3.0
219 70.0 70.0 0.0 0.0 3.0
220 70.0 70.0 0.0 0.0 3.0
221 70.0 70.0 0.0 0.0 3.0
222 70.0 70.0 0.0 0.0 3.0
223 70.0 70.0 0.0 0.0 3.0
224 70.0 70.0 0.0 0.0 3.0
225 70.0 70.0 0.0 0.0 3.0
226 70.0 70.0 0.0 0.0 3.0
227 70.0 70.0 0.0 0.0 3.0
228 70.0 70.0 0.0 0.0 3.0
229 70.0 70.0 0.0 0.0 3.0
230 70.0 70.0 0.0 0.0 3.0
231 70.0 70.0 0.0 0.0 3.0
232 70.0 70.0 0.0 0.0 3.0
233 70.0 70.0 0.0 0.0 3.0
234 70.0 70.0 0.0 0.0 3.0
235 70.0 70.0 0.0 0.0 3.0
236 70.0 70.0 0.0 0.0 3.0
237 70.0 70.0 0.0 0.0 3.0
238 70.0 70.0 0.0 0.0 3.0
239 70.0 70.0 0.0 0.0 3.0
240 70.0 70.0 0.0 0.0 3.0
241 70.0 70.0 0.0 0.0 3.0
242 70.0 70.0 0.0 0.0 3.0
243 70.0 70.0 0.0 0.0 3.0
244 70.0 70.0 0.0 0.0 3.0
245 70.0 70.0 0.0 0.0 3.0
246 70.0 70.0 0.0 0.0 3.0
247 70.0 70.0 0.0 0.0 3.0
248 70.0 70.0 0.0 0.0 3.0
249 70.0 70.0 0.0 0.0 3.0
250 70.0 70.0 0.0 0.0 3.0
251 70.0 70.0 0.0 0.0 3.0
252 70.0 70.0 0.0 0.0 3.0
253 70.0 70.0 0.0 0.0 3.0
254 70.0 70.0 0.0 0.0 3.0
255 70.0 70.0 0.0 0.0 3.0
256 70.0 70.0 0.0 0.0 3.0
257 70.0 70.0 0.0 0.0 3.0
258 70.0 70.0 0.0 0.0 3.0
259 70.0 70.0 0.0 0.0 3.0
260 70.0 70.0 0.0 0.0 3.0
261 70.0 70.0 0.0 0.0 3.0
262 70.0 70.0 0.0 0.0 3.0
263 70.0 70.0 0.0 0.0 3.0
264 70.0 70.0 0.0 0.0 3.0
265 70.0 70.0 0.0 0.0 3.0
266 70.0 70.0 0.0 0.0 3.0
267 70.0 70.0 0.0 0.0 3.0
268 70.0 70.0 0.0 0.0 3.0
269 70.0 70.0 0.0 0.0 3.0
270 70.0 70.0 0.0 0.0 3.0
271 70.0 70.0 0.0 0.0 3.0
272 70.0 70.0 0.0 0.0 3.0
273 70.0 70.0 0.0 0.0 3.0
274 70.0 70.0 0.0 0.0 3.0
275 70.0 70.0 0.0 0.0 3.0
276 70.0 70.0 0.0 0.0 3.0
277 70.0 70.0 0.0 0.0 3.0
278 70.0 70.0 0.0 0.0 3.0
279 70.0 70.0 0.0 0.0 3.0
280 70.0 70.0 0.0 0.0 3.0
281 70.0 70.0 0.0 0.0 3.0
282 70.0 70.0 0.0 0.0 3.0
283 70.0 70.0 0.0 0.0 3.0
284 70.0 70.0 0.0 0.0 3.0
285 70.0 70.0 0.0 0.0 3.0
286 70.0 70.0 0.0 0.0 3.0
287 70.0 70.0 0.0 0.0 3.0
288 70.0 70.0 0.0 0.0 3.0
289 70.0 70.0 0.0 0.0 3.0
290 70.0 70.0 0.0 0.0 3.0
291 70.0 70.0 0.0 0.0 3.0
292 70.0 70.0 0.0 0.0 3.0
293 70.0 70.0 0.0 0.0 3.0
294 70.0 70.0 0.0 0.0 3.0
295 70.0 70.0 0.0 0.0 3.0
296 70.0 70.0 0.0 0.0 3.0
297 70.0 70.0 0.0 0.0 3.0
298 70.0 70.0 0.0 0.0 3.0
299 70.0 70.0 0.0 0.0 3.0
300 70.0 70.0 0.0 0.0 3.0
301 70.0 70.0 0.0 0.0 3.0
302 70.0 70.0 0.0 0.0 3.0
303 70.0 70.0 0.0 0.0 3.0
304 70.0 70.0 0.0 0.0 3.0
305 70.0 70.0 0.0 0.0 3.0
306 70.0 70.0 0.0 0.0 3.0
307 70.0 70.0 0.0 0.0 3.0
308 70.0 70.0 0.0 0.0 3.0
309 70.0 70.0 0.0 0.0 3.0
310 70.0 70.0 0.0 0.0 3.0
311 70.0 70.0 0.0 0.0 3.0
312 70.0 70.0 0.0 0.0 3.0
313 70.0 70.0 0.0 0.0 3.0
314 70.0 70.0 0.0 0.0 3.0
315 70.0 70.0 0.0 0.0 3.0
316 70.0 70.0 0.0 0.0 3.0
317 70.0 70.0 0.0 0.0 3.0
318 70.0 70.0 0.0 0.0 3.0
319 70.0 70.0 0.0 0.0 3.0
320 70.0 70.0 0.0 0.0 3.0
321 70.0 70.0 0.0 0.0 3.0
322 70.0 70.0 0.0 0.0 3.0
323 70.0 70.0 0.0 0.0 3.0
324 70.0 70.0 0.0 0.0 3.0
325 70.0 70.0 0.0 0.0 3.0
326 70.0 70.0 0.0 0.0 3.0
327 70.0 70.0 0.0 0.0 3.0
328 70.0 70.0 0.0 0.0 3.0
329 70.0 70.0 0.0 0.0 3.0
330 70.0 70.0 0.0 0.0 3.0
331 70.0 70.0 0.0 0.0 3.0
332 70.0 70.0 0.0 0.0 3.0
333 70.0 70.0 0.0 0.0 3.0
334 70.0 70.0 0.0 0.0 3.0
335 70.0 70.0 0.0 0.0 3.0
336 70.0 70.0 0.0 0.0 3.0
337 70.0 70.0 0.0 0.0 3.0
338 70.0 70.0 0.0 0.0 3.0
339 70.0 70.0 0.0 0.0 3.0
340 70.0 70.0 0.0 0.0 3.0
341 70.0 70.0 0.0 0.0 3.0
342 70.0 70.0 0.0 0.0 3.0
343 70.0 70.0 0.0 0.0 3.0
344 70.0 70.0 0.0 0.0 3.0
345 70.0 70.0 0.0 0.0 3.0
346 70.0 70.0 0.0 0.0 3.0
347 70.0 70.0 0.0 0.0 3.0
348 70.0 70.0 0.0 0.0 3.0
349 70.0 70.0 0.0 0.0 3.0
350 70.0 70.0 0.0 0.0 3.0
351 70.0 70.0 0.0 0.0 3.0
352 70.0 70.0 0.0 0.0 3.0
353 70.0 70.0 0.0 0.0 3.0
354 70.0 70.0 0.0 0.0 3.0
355 70.0 70.0 0.0 0.0 3.0
356 70.0 70.0 0.0 0.0 3.0
357 70.0 70.0 0.0 0.0 3.0
358 70.0 70.0 0.0 0.0 3.0
359 70.0 70.0 0.0 0.0 3.0
360 70.0 70.0 0.0 0.0 3.0
361 70.0 70.0 0.0 0.0 3.0
362 70.0 70.0 0.0 0.0 3.0
363 70.0 70.0 0.0 0.0 3.0
364 70.0 70.0 0.0 0.0 3.0
365 70.0 70.0 0.0 0.0 3.0
366 70.0 70.0 0.0 0.0 3.0
367 70.0 70.0 0.0 0.0 3.0
368 70.0 70.0 0.0 0.0 3.0
369 70.0 70.0 0.0 0.0 3.0
370 70.0 70.0 0.0 0.0 3.0
371 70.0 70.0 0.0 0.0 3.0
372 70.0 70.0 0.0 0.0 3.0
373 70.0 70.0 0.0 0.0 3.0
374 70.0 70.0 0.0 0.0 3.0
375 70.0 70.0 0.0 0.0 3.0
376 70.0 70.0 0.0 0.0 3.0
377 70.0 70.0 0.0 0.0 3.0
378 70.0 70.0 0.0 0.0 3.0
379 70.0 70.0 0.0 0.0 3.0
380 70.0 70.0 0.0 0.0 3.0
381 70.0 70.0 0.0 0.0 3.0
382 70.0 70.0 0.0 0.0 3.0
383 70.0 70.0 0.0 0.0 3.0
384 70.0 70.0 0.0 0.0 3.0
385 70.0 70.0 0.0 0.0 3.0
386 70.0 70.0 0.0 0.0 3.0
387 70.0 70.0 0.0 0.0 3.0
388 70.0 70.0 0.0 0.0 3.0
389 70.0 70.0 0.0 0.0 3.0
390 70.0 70.0 0.0 0.0 3.0
391 70.0 70.0 0.0 0.0 3.0
392 70.0 70.0 0.0 0.0 3.0
393 70.0 70.0 0.0 0.0 3.0
394 70.0 70.0 0.0 0.0 3.0
395 70.0 70.0 0.0 0.0 3.0
396 70.0 70.0 0.0 0.0 3.0
397 70.0 70.0 0.0 0.0 3.0
398 70.0 70.0 0.0 0.0 3.0
399 70.0 70.0 0.0 0.0 3.0
400 70.0 70.0 0.0 0.0 3.0
401 70.0 70.0 0.0 0.0 3.0
402 70.0 70.0 0.0 0.0 3.0
403 70.0 70.0 0.0 0.0 3.0
404 70.0 70.0 0.0 0.0 3.0
405 70.0 70.0 0.0 0.0 3.0
406 70.0 70.0 0.0 0.0 3.0
407 70.0 70.0 0.0 0.0 3.0
408 70.0 70.0 0.0 0.0 3.0
409 70.0 70.0 0.0 0.0 3.0
410 70.0 70.0 0.0 0.0 3.0
411 70.0 70.0 0.0 0.0 3.0
412 70.0 70.0 0.0 0.0 3.0
413 70.0 70.0 0.0 0.0 3.0
414 70.0 70.0 0.0 0.0 3.0
415 70.0 70.0 0.0 0.0 3.0
416 70.0 70.0 0.0 0.0 3.0
417 70.0 70.0 0.0 0.0 3.0
418 70.0 70.0 0.0 0.0 3.0
419 70.0 70.0 0.0 0.0 3.0
420 70.0 70.0 0.0 0.0 3.0
421 70.0 70.0 0.0 0.0 3.0
422 70.0 70.0 0.0 0.0 3.0
423 70.0 70.0 0.0 0.0 3.0
424 70.0 70.0 0.0 0.0 3.0
425 70.0 70.0 0.0 0.0 3.0
426 70.0 70.0 0.0 0.0 3.0
427 70.0 70.0 0.0 0.0 3.0
428 70.0 70.0 0.0 0.0 3.0
429 70.0 70.0 0.0 0.0 3.0
430 70.0 70.0 0.0 0.0 3.0
431 70.0 70.0 0.0 0.0 3.0
432 70.0 70.0 0.0 0.0 3.0
433 70.0 70.0 0.0 0.0 3.0
434 70.0 70.0 0.0 0.0 3.0
435 70.0 70.0 0.0 0.0 3.0
436 70.0 70.0 0.0 0.0 3.0
437 70.0 70.0 0.0 0.0 3.0
438 70.0 70.0 0.0 0.0 3.0
439 70.0 70.0 0.0 0.0 3.0
440 70.0 70.0 0.0 0.0 3.0
441 70.0 70.0 0.0 0.0 3.0
442 70.0 70.0 0.0 0.0 3.0
443 70.0 70.0 0.0 0.0 3.0
444 70.0 70.0 0.0 0.0 3.0
445 70.0 70.0 0.0 0.0 3.0
446 70.0 70.0 0.0 0.0 3.0
447 70.0 70.0 0.0 0.0 3.0
448 70.0 70.0 0.0 0.0 3.0
449 70.0 70.0 0.0 0.0 3.0
450 70.0 70.0 0.0 0.0 3.0
451 70.0 70.0 0.0 0.0 3.0
452 70.0 70.0 0.0 0.0 3.0
453 70.0 70.0 0.0 0.0 3.0
454 70.0 70.0 0.0 0.0 3.0
455 70.0 70.0 0.0 0.0 3.0
456 70.0 70.0 0.0 0.0 3.0
457 77.0 77.0 0.0 0.0 3.0
458 77.0 77.0 0.0 0.0 3.0
459 77.0 77.0 0.0 0.0 3.0
460 77.0 77.0 0.0 0.0 3.0
461 77.0 77.0 0.0 0.0 3.0
462 77.0 77.0 0.0 0.0 3.0
463 77.0 77.0 0.0 0.0 3.0
464 77.0 77.0 0.0 0.0 3.0
465 77.0 77.0 0.0 0.0 3.0
466 77.0 77.0 0.0 0.0 3.0
467 77.0 77.0 0.0 0.0 3.0
468 77.0 77.0 0.0 0.0 3.0
469 77.0 77.0 0.0 0.0 3.0
470 77.0 77.0 0.0 0.0 3.0
471 77.0 77.0 0.0 0.0 3.0
472 77.0 77.0 0.0 0.0 3.0
473 77.0 77.0 0.0 0.0 3.0
474 77.0 77.0 0.0 0.0 3.0
475 77.0 77.0 0.0 0.0 3.0
476 77.0 77.0 0.0 0.0 3.0
477 77.0 77.0 0.0 0.0 3.0
478 77.0 77.0 0.0 0.0 3.0
479 77.0 77.0 0.0 0.0 3.0
480 77.0 77.0 0.0 0.0 3.0
481 77.0 77.0 0.0 0.0 3.0
482 77.0 77.0 0.0 0.0 3.0
483 77.0 77.0 0.0 0.0 3.0
484 77.0 77.0 0.0 0.0 3.0
485 77.0 77.0 0.0 0.0 3.0
486 77.0 77.0 0.0 0.0 3.0
487 77.0 77.0 0.0 0.0 3.0
488 77.0 77.0 0.0 0.0 3.0
489 77.0 77.0 0.0 0.0 3.0
490 77.0 77.0 0.0 0.0 3.0
491 77.0 77.0 0.0 0.0 3.0
492 77.0 77.0 0.0 0.0 3.0
493 77.0 77.0 0.0 0.0 3.0
494 77.0 77.0 0.0 0.0 3.0
495 77.0 77.0 0.0 0.0 3.0
496 77.0 77.0 0.0 0.0 3.0
497 77.0 77.0 0.0 0.0 3.0
498 77.0 77.0 0.0 0.0 3.0
499 77.0 77.0 0.0 0.0 3.0
500 77.0 77.0 0.0 0.0 3.0
501 77.0 77.0 0.0 0.0 3.0
502 77.0 77.0 0.0 0.0 3.0
503 77.0 77.0 0.0 0.0 3.0
504 77.0 77.0 0.0 0.0 3.0
505 77.0 77.0 0.0 0.0 3.0
506 77.0 77.0 0.0 0.0 3.0
507 77.0 77.0 0.0 0.0 3.0
508 77.0 77.0 0.0 0.0 3.0
509 77.0 77.0 0.0 0.0 3.0
510 77.0 77.0 0.0 0.0 3.0
511 77.0 77.0 0.0 0.0 3.0
512 77.0 77.0 0.0 0.0 3.0
513 77.0 77.0 0.0 0.0 3.0
514 77.0 77.0 0.0 0.0 3.0
515 77.0 77.0 0.0 0.0 3.0
516 77.0 77.0 0.0 0.0 3.0
517 77.0 77.0 0.0 0.0 3.0
518 77.0 77.0 0.0 0.0 3.0
519 77.0 77.0 0.0 0.0 3.0
520 77.0 77.0 0.0 0.0 3.0
521 77.0 77.0 0.0 0.0 3.0
522 77.0 77.0 0.0 0.0 3.0
523 77.0 77.0 0.0 0.0 3.0
524 77.0 77.0 0.0 0.0 3.0
525 77.0 77.0 0.0 0.0 3.0
526 77.0 77.0 0.0 0.0 3.0
527 77.0 77.0 0.0 0.0 3.0
528 77.0 77.0 0.0 0.0 3.0
529 77.0 77.0 0.0 0.0 3.0
530 77.0 77.0 0.0 0.0 3.0
531 77.0 77.0 0.0 0.0 3.0
532 77.0 77.0 0.0 0.0 3.0
533 77.0 77.0 0.0 0.0 3.0
534 77.0 77.0 0.0 0.0 3.0
535 77.0 77.0 0.0 0.0 3.0
536 77.0 77.0 0.0 0.0 3.0
537 77.0 77.0 0.0 0.0 3.0
538 77.0 77.0 0.0 0.0 3.0
539 77.0 77.0 0.0 0.0 3.0
540 77.0 77.0 0.0 0.0 3.0
541 77.0 77.0 0.0 0.0 3.0
542 77.0 77.0 0.0 0.0 3.0
543 77.0 77.0 0.0 0.0 3.0
544 77.0 77.0 0.0 0.0 3.0
545 77.0 77.0 0.0 0.0 3.0
546 77.0 77.0 0.0 0.0 3.0
547 77.0 77.0 0.0 0.0 3.0
548 77.0 77.0 0.0 0.0 3.0
549 77.0 77.0 0.0 0.0 3.0
550 77.0 77.0 0.0 0.0 3.0
551 77.0 77.0 0.0 0.0 3.0
552 77.0 77.0 0.0 0.0 3.0
553 77.0 77.0 0.0 0.0 3.0
554 77.0 77.0 0.0 0.0 3.0
555 77.0 77.0 0.0 0.0 3.0
556 77.0 77.0 0.0 0.0 3.0
557 77.0 77.0 0.0 0.0 3.0
558 77.0 77.0 0.0 0.0 3.0
559 77.0 77.0 0.0 0.0 3.0
560 77.0 77.0 0.0 0.0 3.0
561 77.0 77.0 0.0 0.0 3.0
562 77.0 77.0 0.0 0.0 3.0
563 77.0 77.0 0.0 0.0 3.0
564 77.0 77.0 0.0 0.0 3.0
565 77.0 77.0 0.0 0.0 3.0
566 77.0 77.0 0.0 0.0 3.0
567 77.0 77.0 0.0 0.0 3.0
568 77.0 77.0 0.0 0.0 3.0
569 77.0 77.0 0.0 0.0 3.0
570 77.0 77.0 0.0 0.0 3.0
571 77.0 77.0 0.0 0.0 3.0
572 77.0 77.0 0.0 0.0 3.0
573 77.0 77.0 0.0 0.0 3.0
574 77.0 77.0 0.0 0.0 3.0
575 77.0 77.0 0.0 0.0 3.0
576 77.0 77.0 0.0 0.0 3.0
577 77.0 77.0 0.0 0.0 3.0
578 77.0 77.0 0.0 0.0 3.0
579 77.0 77.0 0.0 0.0 3.0
580 77.0 77.0 0.0 0.0 3.0
581 77.0 77.0 0.0 0.0 3.0
582 77.0 77.0 0.0 0.0 3.0
583 77.0 77.0 0.0 0.0 3.0
584 77.0 77.0 0.0 0.0 3.0
585 77.0 77.0 0.0 0.0 3.0
586 77.0 77.0 0.0 0.0 3.0
587 77.0 77.0 0.0 0.0 3.0
588 77.0 77.0 0.0 0.0 3.0
589 77.0 77.0 0.0 0.0 3.0
590 77.0 77.0 0.0 0.0 3.0
591 77.0 77.0 0.0 0.0 3.0
592 77.0 77.0 0.0 0.0 3.0
593 77.0 77.0 0.0 0.0 3.0
594 77.0 77.0 0.0 0.0 3.0
595 77.0 77.0 0.0 0.0 3.0
596 77.0 77.0 0.0 0.0 3.0
597 77.0 77.0 0.0 0.0 3.0
598 77.0 77.0 0.0 0.0 3.0
599 77.0 77.0 0.0 0.0 3.0
600 77.0 77.0 0.0 0.0 3.0
601 77.0 77.0 0.0 0.0 3.0
602 77.0 77.0 0.0 0.0 3.0
603 77.0 77.0 0.0 0.0 3.0
604 77.0 77.0 0.0 0.0 3.0
605 77.0 77.0 0.0 0.0 3.0
606 77.0 77.0 0.0 0.0 3.0
607 77.0 77.0 0.0 0.0 3.0
608 77.0 77.0 0.0 0.0 3.0
609 77.0 77.0 0.0 0.0 3.0
610 77.0 77.0 0.0 0.0 3.0
611 77.0 77.0 0.0 0.0 3.0
612 77.0 77.0 0.0 0.0 3.0
613 77.0 77.0 0.0 0.0 3.0
614 77.0 77.0 0.0 0.0 3.0
615 77.0 77.0 0.0 0.0 3.0
616 77.0 77.0 0.0 0.0 3.0
617 77.0 77.0 0.0 0.0 3.0
618 77.0 77.0 0.0 0.0 3.0
619 77.0 77.0 0.0 0.0 3.0
620 77.0 77.0 0.0 0.0 3.0
621 77.0 77.0 0.0 0.0 3.0
622 77.0 77.0 0.0 0.0 3.0
623 77.0 77.0 0.0 0.0 3.0
624 77.0 77.0 0.0 0.0 3.0
625 77.0 77.0 0.0 0.0 3.0
626 77.0 77.0 0.0 0.0 3.0
627 77.0 77.0 0.0 0.0 3.0
628 77.0 77.0 0.0 0.0 3.0
629 77.0 77.0 0.0 0.0 3.0
630 77.0 77.0 0.0 0.0 3.0
631 77.0 77.0 0.0 0.0 3.0
632 77.0 77.0 0.0 0.0 3.0
633 77.0 77.0 0.0 0.0 3.0
634 77.0 77.0 0.0 0.0 3.0
635 77.0 77.0 0.0 0.0 3.0
636 77.0 77.0 0.0 0.0 3.0
637 77.0 77.0 0.0 0.0 3.0
638 77.0 77.0 0.0 0.0 3.0
639 77.0 77.0 0.0 0.0 3.0
640 77.0 77.0 0.0 0.0 3.0
641 77.0 77.0 0.0 0.0 3.0
642 77.0 77.0 0.0 0.0 3.0
643 77.0 77.0 0.0 0.0 3.0
644 77.0 77.0 0.0 0.0 3.0
645 77.0 77.0 0.0 0.0 3.0
646 77.0 77.0 0.0 0.0 3.0
647 77.0 77.0 0.0 0.0 3.0
648 77.0 77.0 0.0 0.0 3.0
649 77.0 77.0 0.0 0.0 3.0
650 77.0 77.0 0.0 0.0 3.0
651 77.0 77.0 0.0 0.0 3.0
652 77.0 77.0 0.0 0.0 3.0
653 77.0 77.0 0.0 0.0 3.0
654 77.0 77.0 0.0 0.0 3.0
655 77.0 77.0 0.0 0.0 3.0
656 77.0 77.0 0.0 0.0 3.0
657 77.0 77.0 0.0 0.0 3.0
658 77.0 77.0 0.0 0.0 3.0
659 77.0 77.0 0.0 0.0 3.0
660 77.0 77.0 0.0 0.0 3.0
661 77.0 77.0 0.0 0.0 3.0
662 77.0 77.0 0.0 0.0 3.0
663 77.0 77.0 0.0 0.0 3.0
664 77.0 77.0 0.0 0.0 3.0
665 77.0 77.0 0.0 0.0 3.0
666 77.0 77.0 0.0 0.0 3.0
667 77.0 77.0 0.0 0.0 3.0
668 77.0 77.0 0.0 0.0 3.0
669 77.0 77.0 0.0 0.0 3.0
670 77.0 77.0 0.0 0.0 3.0
671 77.0 77.0 0.0 0.0 3.0
672 77.0 77.0 0.0 0.0 3.0
673 77.0 77.0 0.0 0.0 3.0
674 77.0 77.0 0.0 0.0 3.0
675 77.0 77.0 0.0 0.0 3.0
676 77.0 77.0 0.0 0.0 3.0
677 77.0 77.0 0.0 0.0 3.0
678 77.0 77.0 0.0 0.0 3.0
679 77.0 77.0 0.0 0.0 3.0
680 77.0 77.0 0.0 0.0 3.0
681 77.0 77.0 0.0 0.0 3.0
682 77.0 77.0 0.0 0.0 3.0
683 77.0 77.0 0.0 0.0 3.0
684 77.0 77.0 0.0 0.0 3.0
685 77.0 77.0 0.0 0.0 3.0
686 77.0 77.0 0.0 0.0 3.0
687 77.0 77.0 0.0 0.0 3.0
688 77.0 77.0 0.0 0.0 3.0
689 77.0 77.0 0.0 0.0 3.0
690 77.0 77.0 0.0 0.0 3.0
691 77.0 77.0 0.0 0.0 3.0
692 77.0 77.0 0.0 0.0 3.0
693 77.0 77.0 0.0 0.0 3.0
694 77.0 77.0 0.0 0.0 3.0
695 77.0 77.0 0.0 0.0 3.0
696 77.0 77.0 0.0 0.0 3.0
697 77.0 77.0 0.0 0.0 3.0
698 77.0 77.0 0.0 0.0 3.0
699 77.0 77.0 0.0 0.0 3.0
700 77.0 77.0 0.0 0.0 3.0
701 77.0 77.0 0.0 0.0 3.0
702 77.0 77.0 0.0 0.0 3.0
703 77.0 77.0 0.0 0.0 3.0
704 77.0 77.0 0.0 0.0 3.0
705 77.0 77.0 0.0 0.0 3.0
706 77.0 77.0 0.0 0.0 3.0
707 77.0 77.0 0.0 0.0 3.0
708 77.0 77.0 0.0 0.0 3.0
709 77.0 77.0 0.0 0.0 3.0
710 77.0 77.0 0.0 0.0 3.0
711 77.0 77.0 0.0 0.0 3.0
712 77.0 77.0 0.0 0.0 3.0
713 77.0 77.0 0.0 0.0 3.0
714 77.0 77.0 0.0 0.0 3.0
715 77.0 77.0 0.0 0.0 3.0
716 77.0 77.0 0.0 0.0 3.0
717 77.0 77.0 0.0 0.0 3.0
718 77.0 77.0 0.0 0.0 3.0
719 77.0 77.0 0.0 0.0 3.0
720 77.0 77.0 0.0 0.0 3.0
721 77.0 77.0 0.0 0.0 3.0
722 77.0 77.0 0.0 0.0 3.0
723 77.0 77.0 0.0 0.0 3.0
724 77.0 77.0 0.0 0.0 3.0
725 77.0 77.0 0.0 0.0 3.0
726 77.0 77.0 0.0 0.0 3.0
727 77.0 77.0 0.0 0.0 3.0
728 77.0 77.0 0.0 0.0 3.0
729 77.0 77.0 0.0 0.0 3.0
730 77.0 77.0 0.0 0.0 3.0
731 77.0 77.0 0.0 0.0 3.0
732 77.0 77.0 0.0 0.0 3.0
733 77.0 77.0 0.0 0.0 3.0
734 77.0 77.0 0.0 0.0 3.0
735 77.0 77.0 0.0 0.0 3.0
736 77.0 77.0 0.0 0.0 3.0
737 77.0 77.0 0.0 0.0 3.0
738 77.0 77.0 0.0 0.0 3.0
739 77.0 77.0 0.0 0.0 3.0
740 77.0 77.0 0.0 0.0 3.0
741 77.0 77.0 0.0 0.0 3.0
742 77.0 77.0 0.0 0.0 3.0
743 77.0 77.0 0.0 0.0 3.0
744 77.0 77.0 0.0 0.0 3.0
745 77.0 77.0 0.0 0.0 3.0
746 77.0 77.0 0.0 0.0 3.0
747 77.0 77.0 0.0 0.0 3.0
748 77.0 77.0 0.0 0.0 3.0
749 77.0 77.0 0.0 0.0 3.0
750 77.0 77.0 0.0 0.0 3.0
751 77.0 77.0 0.0 0.0 3.0
752 77.0 77.0 0.0 0.0 3.0
753 77.0 77.0 0.0 0.0 3.0
754 77.0 77.0 0.0 0.0 3.0
755 77.0 77.0 0.0 0.0 3.0
756 77.0 77.0 0.0 0.0 3.0
757 77.0 77.0 0.0 0.0 3.0
758 77.0 77.0 0.0 0.0 3.0
759 77.0 77.0 0.0 0.0 3.0
760 77.0 77.0 0.0 0.0 3.0
761 77.0 77.0 0.0 0.0 3.0
762 77.0 77.0 0.0 0.0 3.0
763 77.0 77.0 0.0 0.0 3.0
764 77.0 77.0 0.0 0.0 3.0
765 77.0 77.0 0.0 0.0 3.0
766 77.0 77.0 0.0 0.0 3.0
767 77.0 77.0 0.0 0.0 3.0
768 77.0 77.0 0.0 0.0 3.0
769 77.0 77.0 0.0 0.0 3.0
770 77.0 77.0 0.0 0.0 3.0
771 77.0 77.0 0.0 0.0 3.0
772 77.0 77.0 0.0 0.0 3.0
773 77.0 77.0 0.0 0.0 3.0
774 77.0 77.0 0.0 0.0 3.0
775 77.0 77.0 0.0 0.0 3.0
776 77.0 77.0 0.0 0.0 3.0
777 77.0 77.0 0.0 0.0 3.0
778 77.0 77.0 0.0 0.0 3.0
779 77.0 77.0 0.0 0.0 3.0
780 77.0 77.0 0.0 0.0 3.0
781 77.0 77.0 0.0 0.0 3.0
782 77.0 77.0 0.0 0.0 3.0
783 77.0 77.0 0.0 0.0 3.0
784 77.0 77.0 0.0 0.0 3.0
785 77.0 77.0 0.0 0.0 3.0
786 77.0 77.0 0.0 0.0 3.0
787 77.0 77.0 0.0 0.0 3.0
788 77.0 77.0 0.0 0.0 3.0
789 77.0 77.0 0.0 0.0 3.0
790 77.0 77.0 0.0 0.0 3.0
791 77.0 77.0 0.0 0.0 3.0
792 77.0 77.0 0.0 0.0 3.0
793 77.0 77.0 0.0 0.0 3.0
794 77.0 77.0 0.0 0.0 3.0
795 77.0 77.0 0.0 0.0 3.0
796 77.0 77.0 0.0 0.0 3.0
797 77.0 77.0 0.0 0.0 3.0
798 77.0 77.0 0.0 0.0 3.0
799 77.0 77.0 0.0 0.0 3.0
800 77.0 77.0 0.0 0.0 3.0
801 77.0 77.0 0.0 0.0 3.0
802 77.0 77.0 0.0 0.0 3.0
803 77.0 77.0 0.0 0.0 3.0
804 77.0 77.0 0.0 0.0 3.0
805 77.0 77.0 0.0 0.0 3.0
806 77.0 77.0 0.0 0.0 3.0
807 77.0 77.0 0.0 0.0 3.0
808 77.0 77.0 0.0 0.0 3.0
809 77.0 77.0 0.0 0.0 3.0
810 77.0 77.0 0.0 0.0 3.0
811 77.0 77.0 0.0 0.0 3.0
812 77.0 77.0 0.0 0.0 3.0
813 77.0 77.0 0.0 0.0 3.0
814 77.0 77.0 0.0 0.0 3.0
815 77.0 77.0 0.0 0.0 3.0
816 77.0 77.0 0.0 0.0 3.0
817 77.0 77.0 0.0 0.0 3.0
818 77.0 77.0 0.0 0.0 3.0
819 77.0 77.0 0.0 0.0 3.0
820 77.0 77.0 0.0 0.0 3.0
821 77.0 77.0 0.0 0.0 3.0
822 77.0 77.0 0.0 0.0 3.0
823 78.0 78.0 0.0 0.0 3.0
824 78.0 78.0 0.0 0.0 3.0
825 78.0 78.0 0.0 0.0 3.0
826 78.0 78.0 0.0 0.0 3.0
827 78.0 78.0 0.0 0.0 3.0
828 78.0 78.0 0.0 0.0 3.0
829 78.0 78.0 0.0 0.0 3.0
830 78.0 78.0 0.0 0.0 3.0
831 78.0 78.0 0.0 0.0 3.0
832 78.0 78.0 0.0 0.0 3.0
833 78.0 78.0 0.0 0.0 3.0
834 78.0 78.0 0.0 0.0 3.0
835 78.0 78.0 0.0 0.0 3.0
836 78.0 78.0 0.0 0.0 3.0
837 78.0 78.0 0.0 0.0 3.0
838 78.0 78.0 0.0 0.0 3.0
839 78.0 78.0 0.0 0.0 3.0
840 78.0 78.0 0.0 0.0 3.0
841 78.0 78.0 0.0 0.0 3.0
842 78.0 78.0 0.0 0.0 3.0
843 78.0 78.0 0.0 0.0 3.0
844 78.0 78.0 0.0 0.0 3.0
845 78.0 78.0 0.0 0.0 3.0
846 78.0 78.0 0.0 0.0 3.0
847 78.0 78.0 0.0 0.0 3.0
848 78.0 78.0 0.0 0.0 3.0
849 78.0 78.0 0.0 0.0 3.0
850 78.0 78.0 0.0 0.0 3.0
851 78.0 78.0 0.0 0.0 3.0
852 78.0 78.0 0.0 0.0 3.0
853 78.0 78.0 0.0 0.0 3.0
854 78.0 78.0 0.0 0.0 3.0
855 78.0 78.0 0.0 0.0 3.0
856 78.0 78.0 0.0 0.0 3.0
857 78.0 78.0 0.0 0.0 3.0
858 78.0 78.0 0.0 0.0 3.0
859 78.0 78.0 0.0 0.0 3.0
860 78.0 78.0 0.0 0.0 3.0
861 78.0 78.0 0.0 0.0 3.0
862 78.0 78.0 0.0 0.0 3.0
863 78.0 78.0 0.0 0.0 3.0
864 78.0 78.0 0.0 0.0 3.0
865 78.0 78.0 0.0 0.0 3.0
866 78.0 78.0 0.0 0.0 3.0
867 78.0 78.0 0.0 0.0 3.0
868 78.0 78.0 0.0 0.0 3.0
869 78.0 78.0 0.0 0.0 3.0
870 78.0 78.0 0.0 0.0 3.0
871 78.0 78.0 0.0 0.0 3.0
872 78.0 78.0 0.0 0.0 3.0
873 78.0 78.0 0.0 0.0 3.0
874 78.0 78.0 0.0 0.0 3.0
875 78.0 78.0 0.0 0.0 3.0
876 78.0 78.0 0.0 0.0 3.0
877 78.0 78.0 0.0 0.0 3.0
878 78.0 78.0 0.0 0.0 3.0
879 78.0 78.0 0.0 0.0 3.0
880 78.0 78.0 0.0 0.0 3.0
881 78.0 78.0 0.0 0.0 3.0
882 78.0 78.0 0.0 0.0 3.0
883 78.0 78.0 0.0 0.0 3.0
884 78.0 78.0 0.0 0.0 3.0
885 78.0 78.0 0.0 0.0 3.0
886 78.0 78.0 0.0 0.0 3.0
887 78.0 78.0 0.0 0.0 3.0
888 78.0 78.0 0.0 0.0 3.0
889 78.0 78.0 0.0 0.0 3.0
890 78.0 78.0 0.0 0.0 3.0
891 78.0 78.0 0.0 0.0 3.0
892 78.0 78.0 0.0 0.0 3.0
893 78.0 78.0 0.0 0.0 3.0
894 78.0 78.0 0.0 0.0 3.0
895 78.0 78.0 0.0 0.0 3.0
896 78.0 78.0 0.0 0.0 3.0
897 78.0 78.0 0.0 0.0 3.0
898 78.0 78.0 0.0 0.0 3.0
899 78.0 78.0 0.0 0.0 3.0
900 78.0 78.0 0.0 0.0 3.0
901 78.0 78.0 0.0 0.0 3.0
902 78.0 78.0 0.0 0.0 3.0
903 78.0 78.0 0.0 0.0 3.0
904 78.0 78.0 0.0 0.0 3.0
905 78.0 78.0 0.0 0.0 3.0
906 78.0 78.0 0.0 0.0 3.0
907 78.0 78.0 0.0 0.0 3.0
908 78.0 78.0 0.0 0.0 3.0
909 78.0 78.0 0.0 0.0 3.0
910 78.0 78.0 0.0 0.0 3.0
911 78.0 78.0 0.0 0.0 3.0
912 78.0 78.0 0.0 0.0 3.0
913 78.0 78.0 0.0 0.0 3.0
914 78.0 78.0 0.0 0.0 3.0
915 78.0 78.0 0.0 0.0 3.0
916 78.0 78.0 0.0 0.0 3.0
917 78.0 78.0 0.0 0.0 3.0
918 78.0 78.0 0.0 0.0 3.0
919 78.0 78.0 0.0 0.0 3.0
920 78.0 78.0 0.0 0.0 3.0
921 78.0 78.0 0.0 0.0 3.0
922 78.0 78.0 0.0 0.0 3.0
923 78.0 78.0 0.0 0.0 3.0
924 78.0 78.0 0.0 0.0 3.0
925 78.0 78.0 0.0 0.0 3.0
926 78.0 78.0 0.0 0.0 3.0
927 78.0 78.0 0.0 0.0 3.0
928 78.0 78.0 0.0 0.0 3.0
929 78.0 78.0 0.0 0.0 3.0
930 78.0 78.0 0.0 0.0 3.0
931 78.0 78.0 0.0 0.0 3.0
932 78.0 78.0 0.0 0.0 3.0
933 78.0 78.0 0.0 0.0 3.0
934 78.0 78.0 0.0 0.0 3.0
935 78.0 78.0 0.0 0.0 3.0
936 78.0 78.0 0.0 0.0 3.0
937 78.0 78.0 0.0 0.0 3.0
938 78.0 78.0 0.0 0.0 3.0
939 78.0 78.0 0.0 0.0 3.0
940 78.0 78.0 0.0 0.0 3.0
941 78.0 78.0 0.0 0.0 3.0
942 78.0 78.0 0.0 0.0 3.0
943 78.0 78.0 0.0 0.0 3.0
944 78.0 78.0 0.0 0.0 3.0
945 78.0 78.0 0.0 0.0 3.0
946 78.0 78.0 0.0 0.0 3.0
947 78.0 78.0 0.0 0.0 3.0
948 78.0 78.0 0.0 0.0 3.0
949 78.0 78.0 0.0 0.0 3.0
950 78.0 78.0 0.0 0.0 3.0
951 78.0 78.0 0.0 0.0 3.0
952 78.0 78.0 0.0 0.0 3.0
953 78.0 78.0 0.0 0.0 3.0
954 78.0 78.0 0.0 0.0 3.0
955 78.0 78.0 0.0 0.0 3.0
956 78.0 78.0 0.0 0.0 3.0
957 78.0 78.0 0.0 0.0 3.0
958 78.0 78.0 0.0 0.0 3.0
959 78.0 78.0 0.0 0.0 3.0
960 78.0 78.0 0.0 0.0 3.0
961 78.0 78.0 0.0 0.0 3.0
962 78.0 78.0 0.0 0.0 3.0
963 78.0 78.0 0.0 0.0 3.0
964 78.0 78.0 0.0 0.0 3.0
965 78.0 78.0 0.0 0.0 3.0
966 78.0 78.0 0.0 0.0 3.0
967 78.0 78.0 0.0 0.0 3.0
968 78.0 78.0 0.0 0.0 3.0
969 78.0 78.0 0.0 0.0 3.0
970 78.0 78.0 0.0 0.0 3.0
971 78.0 78.0 0.0 0.0 3.0
972 78.0 78.0 0.0 0.0 3.0
973 78.0 78.0 0.0 0.0 3.0
974 78.0 78.0 0.0 0.0 3.0
975 78.0 78.0 0.0 0.0 3.0
976 78.0 78.0 0.0 0.0 3.0
977 78.0 78.0 0.0 0.0 3.0
978 78.0 78.0 0.0 0.0 3.0
979 78.0 78.0 0.0 0.0 3.0
980 78.0 78.0 0.0 0.0 3.0
981 78.0 78.0 0.0 0.0 3.0
982 78.0 78.0 0.0 0.0 3.0
983 78.0 78.0 0.0 0.0 3.0
984 78.0 78.0 0.0 0.0 3.0
985 78.0 78.0 0.0 0.0 3.0
986 78.0 78.0 0.0 0.0 3.0
987 78.0 78.0 0.0 0.0 3.0
988 78.0 78.0 0.0 0.0 3.0
989 78.0 78.0 0.0 0.0 3.0
990 78.0 78.0 0.0 0.0 3.0
991 78.0 78.0 0.0 0.0 3.0
992 78.0 78.0 0.0 0.0 3.0
993 78.0 78.0 0.0 0.0 3.0
994 78.0 78.0 0.0 0.0 3.0
995 78.0 78.0 0.0 0.0 3.0
996 78.0 78.0 0.0 0.0 3.0
997 78.0 78.0 0.0 0.0 3.0
998 78.0 78.0 0.0 0.0 3.0
999 78.0 78.0 0.0 0.0 3.0
1000 78.0 78.0 0.0 0.0 3.0
