gen testSuiteSize notKilledMutants number_of_tests no_discount_objective no_equiv_mut_not_killed no_equiv_mut_not_killed_perc
1 7 7.671875 42 8 5 0.7142857142857143
1 2 9.59375 52 10 7 1.0
2 3 9.53125 60 10 7 1.0
2 6 7.61328125 66 8 5 0.7142857142857143
2 2 9.537109375 79 10 7 1.0
2 5 9.478515625 89 10 7 1.0
3 5 6.58984375 105 7 4 0.5714285714285714
3 1 9.4921875 130 10 7 1.0
3 3 9.45703125 139 10 7 1.0
4 9 6.548828125 154 7 4 0.5714285714285714
4 3 7.4931640625 173 8 5 0.7142857142857143
5 3 9.3994140625 205 10 7 1.0
5 5 6.3876953125 209 7 4 0.5714285714285714
5 4 9.3818359375 211 10 7 1.0
6 4 7.2353515625 261 8 5 0.7142857142857143
7 2 9.14453125 292 10 7 1.0
7 4 9.126953125 298 10 7 1.0
7 6 2.115234375 302 3 0 0.0
8 5 8.0888671875 311 9 6 0.8571428571428571
8 2 9.0361328125 329 10 7 1.0
8 3 9.033203125 330 10 7 1.0
9 3 9.0302734375 331 10 7 1.0
9 4 8.9951171875 343 10 7 1.0
9 6 6.951171875 358 8 5 0.7142857142857143
9 5 8.9482421875 359 10 7 1.0
10 3 8.91015625 372 10 7 1.0
10 4 8.869140625 386 10 7 1.0
10 8 8.857421875 390 10 7 1.0
11 3 8.810546875 406 10 7 1.0
11 5 6.751953125 426 8 5 0.7142857142857143
12 2 8.6904296875 447 10 7 1.0
12 4 8.681640625 450 10 7 1.0
12 5 8.669921875 454 10 7 1.0
13 5 7.5966796875 479 9 6 0.8571428571428571
13 7 5.5703125 488 7 4 0.5714285714285714
13 2 8.5673828125 489 10 7 1.0
14 7 5.5 512 7 4 0.5714285714285714
14 3 8.494140625 514 10 7 1.0
15 2 8.470703125 522 10 7 1.0
15 3 8.4091796875 543 10 7 1.0
16 2 8.4091796875 543 10 7 1.0
16 3 8.365234375 558 10 7 1.0
16 4 8.3623046875 559 10 7 1.0
16 5 8.353515625 562 10 7 1.0
16 6 8.3388671875 567 10 7 1.0
17 2 8.306640625 578 10 7 1.0
17 5 6.30078125 580 8 5 0.7142857142857143
17 3 8.2861328125 585 10 7 1.0
18 4 8.283203125 586 10 7 1.0
18 5 7.259765625 594 9 6 0.8571428571428571
19 6 7.1806640625 621 9 6 0.8571428571428571
19 3 8.16015625 628 10 7 1.0
19 4 8.154296875 630 10 7 1.0
20 7 5.1484375 632 7 4 0.5714285714285714
20 3 8.1279296875 639 10 7 1.0
20 4 8.095703125 650 10 7 1.0
21 3 1.08984375 652 3 0 0.0
22 2 8.0341796875 671 10 7 1.0
22 3 8.0224609375 675 10 7 1.0
22 5 8.01953125 676 10 7 1.0
22 6 8.0048828125 681 10 7 1.0
23 3 7.984375 688 10 7 1.0
23 7 6.9638671875 695 9 6 0.8571428571428571
23 5 7.94921875 700 10 7 1.0
24 7 6.92578125 708 9 6 0.8571428571428571
24 2 7.92578125 708 10 7 1.0
24 4 7.9228515625 709 10 7 1.0
24 5 7.9140625 712 10 7 1.0
25 8 4.90234375 716 7 4 0.5714285714285714
25 2 7.890625 720 10 7 1.0
25 6 7.8671875 728 10 7 1.0
26 1 7.837890625 738 10 7 1.0
26 5 4.826171875 742 7 4 0.5714285714285714
27 7 6.791015625 754 9 6 0.8571428571428571
27 1 7.78515625 756 10 7 1.0
27 4 7.7822265625 757 10 7 1.0
27 6 7.7646484375 763 10 7 1.0
28 2 7.7646484375 763 10 7 1.0
28 3 7.7470703125 769 10 7 1.0
28 7 5.732421875 774 8 5 0.7142857142857143
28 4 7.720703125 778 10 7 1.0
29 3 7.7001953125 785 10 7 1.0
29 4 7.685546875 790 10 7 1.0
30 5 0.66796875 796 3 0 0.0
30 3 7.6474609375 803 10 7 1.0
31 6 4.6357421875 807 7 4 0.5714285714285714
31 2 7.626953125 810 10 7 1.0
32 3 7.609375 816 10 7 1.0
32 4 7.6005859375 819 10 7 1.0
32 7 4.5888671875 823 7 4 0.5714285714285714
32 5 7.5830078125 825 10 7 1.0
33 3 7.5478515625 837 10 7 1.0
33 4 7.544921875 838 10 7 1.0
33 6 7.5419921875 839 10 7 1.0
34 2 7.533203125 842 10 7 1.0
34 3 7.521484375 846 10 7 1.0
35 2 7.48046875 860 10 7 1.0
36 8 6.474609375 862 9 6 0.8571428571428571
36 2 7.4482421875 871 10 7 1.0
37 2 7.4453125 872 10 7 1.0
37 3 6.439453125 874 9 6 0.8571428571428571
37 4 6.4365234375 875 9 6 0.8571428571428571
38 4 5.4306640625 877 8 5 0.7142857142857143
38 2 7.4248046875 879 10 7 1.0
39 3 7.404296875 886 10 7 1.0
40 3 7.3984375 888 10 7 1.0
40 4 6.392578125 890 9 6 0.8571428571428571
41 3 7.3720703125 897 10 7 1.0
42 3 7.3720703125 897 10 7 1.0
42 5 4.369140625 898 7 4 0.5714285714285714
42 4 7.3603515625 901 10 7 1.0
43 1 7.3486328125 905 10 7 1.0
43 6 6.3486328125 905 9 6 0.8571428571428571
44 5 0.333984375 910 3 0 0.0
44 3 7.328125 912 10 7 1.0
45 3 6.3134765625 917 9 6 0.8571428571428571
46 3 7.3134765625 917 10 7 1.0
46 4 7.3017578125 921 10 7 1.0
47 3 7.2958984375 923 10 7 1.0
47 4 7.287109375 926 10 7 1.0
48 2 7.28125 928 10 7 1.0
48 4 4.2724609375 931 7 4 0.5714285714285714
49 4 6.2666015625 933 9 6 0.8571428571428571
49 1 7.2666015625 933 10 7 1.0
49 3 7.263671875 934 10 7 1.0
50 2 7.2578125 936 10 7 1.0
50 5 4.2490234375 939 7 4 0.5714285714285714
50 3 7.2431640625 941 10 7 1.0
50 6 4.2431640625 941 7 4 0.5714285714285714
51 3 7.2314453125 945 10 7 1.0
51 4 7.228515625 946 10 7 1.0
52 7 6.2197265625 949 9 6 0.8571428571428571
52 4 7.2138671875 951 10 7 1.0
53 4 6.2080078125 953 9 6 0.8571428571428571
53 1 7.2080078125 953 10 7 1.0
54 3 7.2021484375 955 10 7 1.0
54 4 7.1962890625 957 10 7 1.0
55 3 7.193359375 958 10 7 1.0
55 7 0.193359375 958 3 0 0.0
55 4 7.1875 960 10 7 1.0
56 3 7.1845703125 961 10 7 1.0
56 7 7.181640625 962 10 7 1.0
57 3 7.181640625 962 10 7 1.0
57 4 6.181640625 962 9 6 0.8571428571428571
58 3 5.1787109375 963 8 5 0.7142857142857143
58 2 7.1787109375 963 10 7 1.0
59 3 7.169921875 966 10 7 1.0
59 4 7.1669921875 967 10 7 1.0
59 5 6.1669921875 967 9 6 0.8571428571428571
60 2 7.1552734375 971 10 7 1.0
61 1 7.1552734375 971 10 7 1.0
61 3 4.15234375 972 7 4 0.5714285714285714
62 5 5.146484375 974 8 5 0.7142857142857143
62 3 7.146484375 974 10 7 1.0
63 5 6.140625 976 9 6 0.8571428571428571
63 2 7.140625 976 10 7 1.0
64 5 6.1376953125 977 9 6 0.8571428571428571
64 4 7.1376953125 977 10 7 1.0
65 1 7.134765625 978 10 7 1.0
65 4 6.134765625 978 9 6 0.8571428571428571
65 3 7.1318359375 979 10 7 1.0
66 3 7.1259765625 981 10 7 1.0
66 7 7.1201171875 983 10 7 1.0
67 5 6.1201171875 983 9 6 0.8571428571428571
67 1 7.1201171875 983 10 7 1.0
68 7 6.1142578125 985 9 6 0.8571428571428571
68 2 7.1142578125 985 10 7 1.0
69 3 7.10546875 988 10 7 1.0
70 4 6.099609375 990 9 6 0.8571428571428571
70 5 5.099609375 990 8 5 0.7142857142857143
70 2 7.09375 992 10 7 1.0
71 5 5.087890625 994 8 5 0.7142857142857143
71 2 7.087890625 994 10 7 1.0
72 4 7.0849609375 995 10 7 1.0
72 5 6.0849609375 995 9 6 0.8571428571428571
73 5 5.0791015625 997 8 5 0.7142857142857143
73 4 7.0791015625 997 10 7 1.0
74 6 6.0791015625 997 9 6 0.8571428571428571
74 3 7.0791015625 997 10 7 1.0
75 2 7.0703125 1000 10 7 1.0
76 8 0.0673828125 1001 3 0 0.0
76 3 7.064453125 1002 10 7 1.0
76 6 6.064453125 1002 9 6 0.8571428571428571
77 4 7.05859375 1004 10 7 1.0
78 8 6.052734375 1006 9 6 0.8571428571428571
78 3 7.052734375 1006 10 7 1.0
79 5 6.052734375 1006 9 6 0.8571428571428571
79 1 7.052734375 1006 10 7 1.0
80 4 7.052734375 1006 10 7 1.0
80 6 6.052734375 1006 9 6 0.8571428571428571
81 6 6.0498046875 1007 9 6 0.8571428571428571
81 1 7.0498046875 1007 10 7 1.0
82 0 7.0498046875 1007 10 7 1.0
83 1 7.046875 1008 10 7 1.0
84 3 7.046875 1008 10 7 1.0
84 4 7.0439453125 1009 10 7 1.0
84 5 7.041015625 1010 10 7 1.0
85 3 7.0380859375 1011 10 7 1.0
86 5 4.03515625 1012 7 4 0.5714285714285714
86 3 7.03515625 1012 10 7 1.0
87 3 7.03515625 1012 10 7 1.0
88 5 0.03515625 1012 3 0 0.0
88 4 7.03515625 1012 10 7 1.0
89 1 7.03515625 1012 10 7 1.0
89 3 7.0322265625 1013 10 7 1.0
89 5 6.029296875 1014 9 6 0.8571428571428571
90 2 7.029296875 1014 10 7 1.0
90 6 6.0263671875 1015 9 6 0.8571428571428571
90 4 7.0263671875 1015 10 7 1.0
91 2 7.0263671875 1015 10 7 1.0
91 5 6.0263671875 1015 9 6 0.8571428571428571
92 6 6.0205078125 1017 9 6 0.8571428571428571
92 4 7.0205078125 1017 10 7 1.0
93 3 7.0205078125 1017 10 7 1.0
93 7 4.0205078125 1017 7 4 0.5714285714285714
94 1 7.0205078125 1017 10 7 1.0
94 6 6.0205078125 1017 9 6 0.8571428571428571
95 4 0.0205078125 1017 3 0 0.0
96 2 7.0205078125 1017 10 7 1.0
97 1 7.0205078125 1017 10 7 1.0
98 3 7.0205078125 1017 10 7 1.0
99 3 7.0205078125 1017 10 7 1.0
99 5 6.0205078125 1017 9 6 0.8571428571428571
100 7 4.0205078125 1017 7 4 0.5714285714285714
100 5 5.0205078125 1017 8 5 0.7142857142857143
100 2 7.0205078125 1017 10 7 1.0
101 7 5.0205078125 1017 8 5 0.7142857142857143
101 2 7.0205078125 1017 10 7 1.0
101 4 6.0205078125 1017 9 6 0.8571428571428571
102 5 6.017578125 1018 9 6 0.8571428571428571
102 2 7.017578125 1018 10 7 1.0
103 3 7.017578125 1018 10 7 1.0
103 6 6.017578125 1018 9 6 0.8571428571428571
104 6 0.017578125 1018 3 0 0.0
104 3 7.017578125 1018 10 7 1.0
105 2 7.017578125 1018 10 7 1.0
105 7 6.017578125 1018 9 6 0.8571428571428571
106 4 6.017578125 1018 9 6 0.8571428571428571
106 2 7.017578125 1018 10 7 1.0
107 5 6.017578125 1018 9 6 0.8571428571428571
107 3 7.017578125 1018 10 7 1.0
108 1 7.0146484375 1019 10 7 1.0
108 8 7.01171875 1020 10 7 1.0
109 4 7.01171875 1020 10 7 1.0
109 6 6.01171875 1020 9 6 0.8571428571428571
110 3 7.01171875 1020 10 7 1.0
110 4 6.01171875 1020 9 6 0.8571428571428571
111 5 6.0087890625 1021 9 6 0.8571428571428571
111 3 7.005859375 1022 10 7 1.0
111 6 5.005859375 1022 8 5 0.7142857142857143
112 6 6.005859375 1022 9 6 0.8571428571428571
112 1 7.005859375 1022 10 7 1.0
113 4 7.005859375 1022 10 7 1.0
113 5 6.005859375 1022 9 6 0.8571428571428571
114 3 7.005859375 1022 10 7 1.0
114 7 6.005859375 1022 9 6 0.8571428571428571
115 5 7.005859375 1022 10 7 1.0
116 2 7.005859375 1022 10 7 1.0
117 6 4.005859375 1022 7 4 0.5714285714285714
117 5 6.005859375 1022 9 6 0.8571428571428571
117 4 7.005859375 1022 10 7 1.0
118 3 7.005859375 1022 10 7 1.0
118 7 6.005859375 1022 9 6 0.8571428571428571
119 3 7.005859375 1022 10 7 1.0
120 3 7.005859375 1022 10 7 1.0
120 5 6.005859375 1022 9 6 0.8571428571428571
121 3 7.005859375 1022 10 7 1.0
121 5 5.005859375 1022 8 5 0.7142857142857143
122 4 7.005859375 1022 10 7 1.0
123 2 7.005859375 1022 10 7 1.0
123 4 6.005859375 1022 9 6 0.8571428571428571
124 3 6.0029296875 1023 9 6 0.8571428571428571
124 2 7.0029296875 1023 10 7 1.0
125 3 7.0029296875 1023 10 7 1.0
126 2 7.0029296875 1023 10 7 1.0
126 3 6.0029296875 1023 9 6 0.8571428571428571
127 7 5.0029296875 1023 8 5 0.7142857142857143
127 2 7.0029296875 1023 10 7 1.0
127 5 6.0029296875 1023 9 6 0.8571428571428571
128 1 7.0029296875 1023 10 7 1.0
129 3 7.0029296875 1023 10 7 1.0
129 4 6.0029296875 1023 9 6 0.8571428571428571
130 2 7.0029296875 1023 10 7 1.0
130 7 4.0029296875 1023 7 4 0.5714285714285714
131 3 7.0029296875 1023 10 7 1.0
131 6 6.0029296875 1023 9 6 0.8571428571428571
132 5 6.0029296875 1023 9 6 0.8571428571428571
132 2 7.0029296875 1023 10 7 1.0
133 6 6 1024 9 6 0.8571428571428571
133 8 4 1024 7 4 0.5714285714285714
133 3 7 1024 10 7 1.0
134 4 5 1024 8 5 0.7142857142857143
134 3 7 1024 10 7 1.0
135 2 7 1024 10 7 1.0
135 4 6 1024 9 6 0.8571428571428571
136 4 7 1024 10 7 1.0
137 4 6 1024 9 6 0.8571428571428571
137 3 7 1024 10 7 1.0
137 6 4 1024 7 4 0.5714285714285714
138 2 6 1024 9 6 0.8571428571428571
138 6 4 1024 7 4 0.5714285714285714
139 2 7 1024 10 7 1.0
139 5 6 1024 9 6 0.8571428571428571
140 5 6 1024 9 6 0.8571428571428571
140 3 7 1024 10 7 1.0
141 3 7 1024 10 7 1.0
142 6 6 1024 9 6 0.8571428571428571
142 4 7 1024 10 7 1.0
143 4 7 1024 10 7 1.0
144 3 7 1024 10 7 1.0
144 5 4 1024 7 4 0.5714285714285714
145 4 7 1024 10 7 1.0
146 3 7 1024 10 7 1.0
147 3 7 1024 10 7 1.0
147 6 6 1024 9 6 0.8571428571428571
148 3 7 1024 10 7 1.0
149 3 7 1024 10 7 1.0
149 5 6 1024 9 6 0.8571428571428571
150 4 7 1024 10 7 1.0
151 3 7 1024 10 7 1.0
152 5 6 1024 9 6 0.8571428571428571
152 1 7 1024 10 7 1.0
153 3 5 1024 8 5 0.7142857142857143
153 2 7 1024 10 7 1.0
154 4 6 1024 9 6 0.8571428571428571
155 5 5 1024 8 5 0.7142857142857143
155 3 7 1024 10 7 1.0
156 3 6 1024 9 6 0.8571428571428571
156 2 7 1024 10 7 1.0
157 4 7 1024 10 7 1.0
157 5 6 1024 9 6 0.8571428571428571
158 3 7 1024 10 7 1.0
158 8 5 1024 8 5 0.7142857142857143
159 3 7 1024 10 7 1.0
159 8 0 1024 3 0 0.0
160 3 7 1024 10 7 1.0
161 5 4 1024 7 4 0.5714285714285714
161 4 6 1024 9 6 0.8571428571428571
162 3 7 1024 10 7 1.0
162 5 6 1024 9 6 0.8571428571428571
163 4 6 1024 9 6 0.8571428571428571
163 2 7 1024 10 7 1.0
164 2 7 1024 10 7 1.0
164 4 4 1024 7 4 0.5714285714285714
164 3 6 1024 9 6 0.8571428571428571
165 3 7 1024 10 7 1.0
166 3 7 1024 10 7 1.0
167 7 4 1024 7 4 0.5714285714285714
167 6 5 1024 8 5 0.7142857142857143
167 1 7 1024 10 7 1.0
168 6 6 1024 9 6 0.8571428571428571
168 3 7 1024 10 7 1.0
169 2 7 1024 10 7 1.0
169 3 6 1024 9 6 0.8571428571428571
170 2 7 1024 10 7 1.0
170 3 5 1024 8 5 0.7142857142857143
171 6 0 1024 3 0 0.0
171 3 6 1024 9 6 0.8571428571428571
172 5 0 1024 3 0 0.0
172 2 7 1024 10 7 1.0
173 4 5 1024 8 5 0.7142857142857143
174 3 7 1024 10 7 1.0
174 6 4 1024 7 4 0.5714285714285714
174 5 6 1024 9 6 0.8571428571428571
175 3 7 1024 10 7 1.0
175 7 0 1024 3 0 0.0
176 3 6 1024 9 6 0.8571428571428571
176 6 5 1024 8 5 0.7142857142857143
177 2 7 1024 10 7 1.0
178 3 7 1024 10 7 1.0
178 7 6 1024 9 6 0.8571428571428571
179 3 4 1024 7 4 0.5714285714285714
180 3 7 1024 10 7 1.0
181 1 7 1024 10 7 1.0
182 4 6 1024 9 6 0.8571428571428571
182 3 7 1024 10 7 1.0
183 8 4 1024 7 4 0.5714285714285714
183 4 7 1024 10 7 1.0
184 4 6 1024 9 6 0.8571428571428571
184 8 4 1024 7 4 0.5714285714285714
185 3 7 1024 10 7 1.0
185 5 6 1024 9 6 0.8571428571428571
186 6 6 1024 9 6 0.8571428571428571
186 2 7 1024 10 7 1.0
186 7 4 1024 7 4 0.5714285714285714
187 4 6 1024 9 6 0.8571428571428571
187 3 7 1024 10 7 1.0
188 3 7 1024 10 7 1.0
188 7 5 1024 8 5 0.7142857142857143
189 3 7 1024 10 7 1.0
189 4 5 1024 8 5 0.7142857142857143
190 5 6 1024 9 6 0.8571428571428571
190 2 7 1024 10 7 1.0
190 6 5 1024 8 5 0.7142857142857143
191 3 7 1024 10 7 1.0
191 5 0 1024 3 0 0.0
192 4 6 1024 9 6 0.8571428571428571
192 3 7 1024 10 7 1.0
192 6 5 1024 8 5 0.7142857142857143
193 1 7 1024 10 7 1.0
193 6 5 1024 8 5 0.7142857142857143
193 4 6 1024 9 6 0.8571428571428571
194 4 6 1024 9 6 0.8571428571428571
194 6 4 1024 7 4 0.5714285714285714
195 4 7 1024 10 7 1.0
196 6 6 1024 9 6 0.8571428571428571
196 2 7 1024 10 7 1.0
196 7 5 1024 8 5 0.7142857142857143
197 7 0 1024 3 0 0.0
197 2 7 1024 10 7 1.0
198 2 6 1024 9 6 0.8571428571428571
199 1 7 1024 10 7 1.0
199 4 6 1024 9 6 0.8571428571428571
200 2 7 1024 10 7 1.0
201 4 7 1024 10 7 1.0
201 8 6 1024 9 6 0.8571428571428571
202 2 7 1024 10 7 1.0
202 5 6 1024 9 6 0.8571428571428571
203 4 7 1024 10 7 1.0
204 4 4 1024 7 4 0.5714285714285714
205 6 6 1024 9 6 0.8571428571428571
205 3 7 1024 10 7 1.0
206 2 7 1024 10 7 1.0
207 6 6 1024 9 6 0.8571428571428571
207 3 7 1024 10 7 1.0
208 3 7 1024 10 7 1.0
209 2 7 1024 10 7 1.0
209 3 6 1024 9 6 0.8571428571428571
210 3 7 1024 10 7 1.0
211 4 6 1024 9 6 0.8571428571428571
211 3 7 1024 10 7 1.0
212 3 7 1024 10 7 1.0
212 4 6 1024 9 6 0.8571428571428571
213 4 7 1024 10 7 1.0
214 4 6 1024 9 6 0.8571428571428571
214 7 0 1024 3 0 0.0
214 3 7 1024 10 7 1.0
215 4 7 1024 10 7 1.0
216 3 7 1024 10 7 1.0
216 4 6 1024 9 6 0.8571428571428571
217 4 7 1024 10 7 1.0
217 8 6 1024 9 6 0.8571428571428571
218 2 7 1024 10 7 1.0
219 4 4 1024 7 4 0.5714285714285714
219 1 7 1024 10 7 1.0
220 4 4 1024 7 4 0.5714285714285714
221 4 7 1024 10 7 1.0
221 6 4 1024 7 4 0.5714285714285714
222 2 7 1024 10 7 1.0
223 3 7 1024 10 7 1.0
224 2 7 1024 10 7 1.0
225 2 7 1024 10 7 1.0
226 4 7 1024 10 7 1.0
227 1 7 1024 10 7 1.0
228 2 7 1024 10 7 1.0
228 6 6 1024 9 6 0.8571428571428571
229 5 7 1024 10 7 1.0
229 6 6 1024 9 6 0.8571428571428571
230 2 7 1024 10 7 1.0
230 4 6 1024 9 6 0.8571428571428571
231 3 7 1024 10 7 1.0
232 3 7 1024 10 7 1.0
232 4 6 1024 9 6 0.8571428571428571
233 3 4 1024 7 4 0.5714285714285714
234 6 4 1024 7 4 0.5714285714285714
234 2 7 1024 10 7 1.0
234 4 6 1024 9 6 0.8571428571428571
235 3 7 1024 10 7 1.0
236 1 7 1024 10 7 1.0
237 3 7 1024 10 7 1.0
237 4 5 1024 8 5 0.7142857142857143
238 5 6 1024 9 6 0.8571428571428571
238 0 7 1024 10 7 1.0
239 2 7 1024 10 7 1.0
239 7 5 1024 8 5 0.7142857142857143
240 3 7 1024 10 7 1.0
240 7 4 1024 7 4 0.5714285714285714
241 2 7 1024 10 7 1.0
242 5 4 1024 7 4 0.5714285714285714
242 3 7 1024 10 7 1.0
243 4 6 1024 9 6 0.8571428571428571
243 2 7 1024 10 7 1.0
244 4 6 1024 9 6 0.8571428571428571
244 1 7 1024 10 7 1.0
245 5 6 1024 9 6 0.8571428571428571
245 3 7 1024 10 7 1.0
246 2 7 1024 10 7 1.0
246 3 6 1024 9 6 0.8571428571428571
247 4 5 1024 8 5 0.7142857142857143
248 2 6 1024 9 6 0.8571428571428571
249 6 0 1024 3 0 0.0
249 3 7 1024 10 7 1.0
250 3 7 1024 10 7 1.0
251 2 7 1024 10 7 1.0
251 4 6 1024 9 6 0.8571428571428571
252 6 5 1024 8 5 0.7142857142857143
252 2 7 1024 10 7 1.0
253 3 6 1024 9 6 0.8571428571428571
254 3 7 1024 10 7 1.0
255 2 7 1024 10 7 1.0
256 7 6 1024 9 6 0.8571428571428571
256 1 7 1024 10 7 1.0
257 2 7 1024 10 7 1.0
258 6 5 1024 8 5 0.7142857142857143
258 2 7 1024 10 7 1.0
259 3 7 1024 10 7 1.0
260 4 7 1024 10 7 1.0
261 3 7 1024 10 7 1.0
262 2 7 1024 10 7 1.0
262 5 6 1024 9 6 0.8571428571428571
263 2 7 1024 10 7 1.0
264 2 7 1024 10 7 1.0
265 1 7 1024 10 7 1.0
266 5 6 1024 9 6 0.8571428571428571
266 3 7 1024 10 7 1.0
266 6 5 1024 8 5 0.7142857142857143
267 3 7 1024 10 7 1.0
267 4 6 1024 9 6 0.8571428571428571
267 6 4 1024 7 4 0.5714285714285714
268 4 7 1024 10 7 1.0
268 6 6 1024 9 6 0.8571428571428571
269 3 7 1024 10 7 1.0
270 2 7 1024 10 7 1.0
271 2 7 1024 10 7 1.0
272 4 6 1024 9 6 0.8571428571428571
272 2 7 1024 10 7 1.0
273 2 7 1024 10 7 1.0
273 5 5 1024 8 5 0.7142857142857143
274 2 7 1024 10 7 1.0
275 7 4 1024 7 4 0.5714285714285714
275 3 7 1024 10 7 1.0
276 7 4 1024 7 4 0.5714285714285714
276 1 7 1024 10 7 1.0
277 4 7 1024 10 7 1.0
277 6 5 1024 8 5 0.7142857142857143
278 3 7 1024 10 7 1.0
279 6 6 1024 9 6 0.8571428571428571
279 3 7 1024 10 7 1.0
280 4 7 1024 10 7 1.0
281 2 7 1024 10 7 1.0
282 2 7 1024 10 7 1.0
282 7 4 1024 7 4 0.5714285714285714
282 5 6 1024 9 6 0.8571428571428571
283 5 4 1024 7 4 0.5714285714285714
283 3 7 1024 10 7 1.0
284 8 5 1024 8 5 0.7142857142857143
284 0 7 1024 10 7 1.0
285 2 7 1024 10 7 1.0
285 5 4 1024 7 4 0.5714285714285714
286 2 7 1024 10 7 1.0
286 7 0 1024 3 0 0.0
287 2 7 1024 10 7 1.0
288 2 7 1024 10 7 1.0
288 5 6 1024 9 6 0.8571428571428571
289 2 7 1024 10 7 1.0
289 5 6 1024 9 6 0.8571428571428571
289 6 5 1024 8 5 0.7142857142857143
290 4 6 1024 9 6 0.8571428571428571
290 3 7 1024 10 7 1.0
291 2 7 1024 10 7 1.0
292 6 5 1024 8 5 0.7142857142857143
292 3 7 1024 10 7 1.0
293 3 7 1024 10 7 1.0
294 3 7 1024 10 7 1.0
295 3 6 1024 9 6 0.8571428571428571
296 3 7 1024 10 7 1.0
296 6 5 1024 8 5 0.7142857142857143
296 4 6 1024 9 6 0.8571428571428571
297 4 7 1024 10 7 1.0
297 6 6 1024 9 6 0.8571428571428571
297 7 4 1024 7 4 0.5714285714285714
298 2 7 1024 10 7 1.0
298 9 4 1024 7 4 0.5714285714285714
299 5 0 1024 3 0 0.0
299 2 7 1024 10 7 1.0
300 2 7 1024 10 7 1.0
301 3 7 1024 10 7 1.0
301 5 0 1024 3 0 0.0
302 3 7 1024 10 7 1.0
302 6 4 1024 7 4 0.5714285714285714
303 4 5 1024 8 5 0.7142857142857143
303 7 4 1024 7 4 0.5714285714285714
303 3 7 1024 10 7 1.0
304 7 6 1024 9 6 0.8571428571428571
304 3 7 1024 10 7 1.0
305 6 6 1024 9 6 0.8571428571428571
305 1 7 1024 10 7 1.0
306 2 7 1024 10 7 1.0
307 3 7 1024 10 7 1.0
307 6 6 1024 9 6 0.8571428571428571
308 4 6 1024 9 6 0.8571428571428571
308 2 7 1024 10 7 1.0
309 2 7 1024 10 7 1.0
310 3 7 1024 10 7 1.0
311 2 7 1024 10 7 1.0
312 3 7 1024 10 7 1.0
313 3 7 1024 10 7 1.0
314 3 7 1024 10 7 1.0
315 3 7 1024 10 7 1.0
315 6 5 1024 8 5 0.7142857142857143
316 4 7 1024 10 7 1.0
316 8 4 1024 7 4 0.5714285714285714
317 2 7 1024 10 7 1.0
317 5 6 1024 9 6 0.8571428571428571
318 3 7 1024 10 7 1.0
318 8 5 1024 8 5 0.7142857142857143
319 2 7 1024 10 7 1.0
320 3 7 1024 10 7 1.0
320 4 6 1024 9 6 0.8571428571428571
321 2 7 1024 10 7 1.0
322 3 7 1024 10 7 1.0
322 7 6 1024 9 6 0.8571428571428571
323 7 6 1024 9 6 0.8571428571428571
323 4 7 1024 10 7 1.0
324 2 7 1024 10 7 1.0
324 4 4 1024 7 4 0.5714285714285714
325 5 5 1024 8 5 0.7142857142857143
325 3 6 1024 9 6 0.8571428571428571
326 6 6 1024 9 6 0.8571428571428571
326 3 7 1024 10 7 1.0
327 3 7 1024 10 7 1.0
327 7 5 1024 8 5 0.7142857142857143
328 3 7 1024 10 7 1.0
328 6 5 1024 8 5 0.7142857142857143
329 1 7 1024 10 7 1.0
329 4 6 1024 9 6 0.8571428571428571
330 2 7 1024 10 7 1.0
331 3 7 1024 10 7 1.0
332 3 7 1024 10 7 1.0
333 4 6 1024 9 6 0.8571428571428571
333 2 7 1024 10 7 1.0
334 4 7 1024 10 7 1.0
335 4 7 1024 10 7 1.0
335 5 6 1024 9 6 0.8571428571428571
336 2 6 1024 9 6 0.8571428571428571
337 2 7 1024 10 7 1.0
337 5 6 1024 9 6 0.8571428571428571
338 4 7 1024 10 7 1.0
338 7 4 1024 7 4 0.5714285714285714
339 3 7 1024 10 7 1.0
339 6 6 1024 9 6 0.8571428571428571
340 3 7 1024 10 7 1.0
340 4 6 1024 9 6 0.8571428571428571
341 5 6 1024 9 6 0.8571428571428571
341 4 7 1024 10 7 1.0
341 7 4 1024 7 4 0.5714285714285714
342 2 7 1024 10 7 1.0
342 7 4 1024 7 4 0.5714285714285714
343 3 7 1024 10 7 1.0
343 5 6 1024 9 6 0.8571428571428571
344 2 7 1024 10 7 1.0
345 6 6 1024 9 6 0.8571428571428571
345 2 7 1024 10 7 1.0
346 2 7 1024 10 7 1.0
347 2 7 1024 10 7 1.0
348 5 6 1024 9 6 0.8571428571428571
348 3 7 1024 10 7 1.0
349 3 5 1024 8 5 0.7142857142857143
349 1 7 1024 10 7 1.0
350 1 7 1024 10 7 1.0
351 5 5 1024 8 5 0.7142857142857143
351 3 7 1024 10 7 1.0
352 2 7 1024 10 7 1.0
352 4 6 1024 9 6 0.8571428571428571
353 8 5 1024 8 5 0.7142857142857143
353 5 6 1024 9 6 0.8571428571428571
354 1 7 1024 10 7 1.0
355 4 7 1024 10 7 1.0
356 1 7 1024 10 7 1.0
356 9 5 1024 8 5 0.7142857142857143
357 2 7 1024 10 7 1.0
358 2 7 1024 10 7 1.0
358 5 6 1024 9 6 0.8571428571428571
359 5 6 1024 9 6 0.8571428571428571
359 3 7 1024 10 7 1.0
360 1 7 1024 10 7 1.0
360 4 6 1024 9 6 0.8571428571428571
360 6 5 1024 8 5 0.7142857142857143
361 2 7 1024 10 7 1.0
361 7 5 1024 8 5 0.7142857142857143
362 3 7 1024 10 7 1.0
362 5 6 1024 9 6 0.8571428571428571
363 5 6 1024 9 6 0.8571428571428571
363 2 7 1024 10 7 1.0
363 8 5 1024 8 5 0.7142857142857143
364 3 7 1024 10 7 1.0
364 5 4 1024 7 4 0.5714285714285714
365 2 7 1024 10 7 1.0
366 4 7 1024 10 7 1.0
367 2 7 1024 10 7 1.0
367 7 6 1024 9 6 0.8571428571428571
368 2 7 1024 10 7 1.0
368 7 4 1024 7 4 0.5714285714285714
369 4 4 1024 7 4 0.5714285714285714
369 3 7 1024 10 7 1.0
370 3 5 1024 8 5 0.7142857142857143
371 4 7 1024 10 7 1.0
371 7 6 1024 9 6 0.8571428571428571
372 1 7 1024 10 7 1.0
373 3 7 1024 10 7 1.0
373 4 4 1024 7 4 0.5714285714285714
374 3 7 1024 10 7 1.0
375 7 0 1024 3 0 0.0
375 3 7 1024 10 7 1.0
375 6 4 1024 7 4 0.5714285714285714
376 6 4 1024 7 4 0.5714285714285714
376 3 7 1024 10 7 1.0
377 2 7 1024 10 7 1.0
378 2 7 1024 10 7 1.0
379 2 7 1024 10 7 1.0
380 7 6 1024 9 6 0.8571428571428571
380 3 7 1024 10 7 1.0
381 2 5 1024 8 5 0.7142857142857143
381 1 7 1024 10 7 1.0
382 3 7 1024 10 7 1.0
382 4 4 1024 7 4 0.5714285714285714
383 7 6 1024 9 6 0.8571428571428571
383 3 7 1024 10 7 1.0
384 4 7 1024 10 7 1.0
384 7 6 1024 9 6 0.8571428571428571
385 3 7 1024 10 7 1.0
385 6 5 1024 8 5 0.7142857142857143
386 3 7 1024 10 7 1.0
387 4 7 1024 10 7 1.0
388 4 6 1024 9 6 0.8571428571428571
388 5 5 1024 8 5 0.7142857142857143
388 2 7 1024 10 7 1.0
389 4 4 1024 7 4 0.5714285714285714
389 3 7 1024 10 7 1.0
390 0 7 1024 10 7 1.0
390 5 4 1024 7 4 0.5714285714285714
391 4 7 1024 10 7 1.0
391 7 0 1024 3 0 0.0
392 2 7 1024 10 7 1.0
392 4 0 1024 3 0 0.0
393 4 7 1024 10 7 1.0
393 6 6 1024 9 6 0.8571428571428571
394 4 7 1024 10 7 1.0
394 8 4 1024 7 4 0.5714285714285714
395 3 7 1024 10 7 1.0
396 6 6 1024 9 6 0.8571428571428571
396 2 7 1024 10 7 1.0
397 5 6 1024 9 6 0.8571428571428571
397 3 7 1024 10 7 1.0
398 3 7 1024 10 7 1.0
398 4 5 1024 8 5 0.7142857142857143
399 2 7 1024 10 7 1.0
399 5 5 1024 8 5 0.7142857142857143
400 2 7 1024 10 7 1.0
401 4 6 1024 9 6 0.8571428571428571
401 2 7 1024 10 7 1.0
402 4 6 1024 9 6 0.8571428571428571
403 3 7 1024 10 7 1.0
403 8 5 1024 8 5 0.7142857142857143
403 5 6 1024 9 6 0.8571428571428571
404 3 7 1024 10 7 1.0
405 5 6 1024 9 6 0.8571428571428571
405 3 7 1024 10 7 1.0
406 4 5 1024 8 5 0.7142857142857143
406 5 4 1024 7 4 0.5714285714285714
407 2 7 1024 10 7 1.0
407 6 6 1024 9 6 0.8571428571428571
408 2 7 1024 10 7 1.0
408 5 6 1024 9 6 0.8571428571428571
409 6 4 1024 7 4 0.5714285714285714
409 3 7 1024 10 7 1.0
410 3 7 1024 10 7 1.0
411 5 6 1024 9 6 0.8571428571428571
411 3 7 1024 10 7 1.0
412 4 6 1024 9 6 0.8571428571428571
412 6 5 1024 8 5 0.7142857142857143
412 2 7 1024 10 7 1.0
413 3 7 1024 10 7 1.0
413 6 5 1024 8 5 0.7142857142857143
414 2 7 1024 10 7 1.0
414 7 4 1024 7 4 0.5714285714285714
415 2 7 1024 10 7 1.0
415 6 4 1024 7 4 0.5714285714285714
416 3 4 1024 7 4 0.5714285714285714
417 5 6 1024 9 6 0.8571428571428571
417 4 7 1024 10 7 1.0
418 6 4 1024 7 4 0.5714285714285714
418 3 7 1024 10 7 1.0
419 3 7 1024 10 7 1.0
420 6 5 1024 8 5 0.7142857142857143
420 2 7 1024 10 7 1.0
421 5 5 1024 8 5 0.7142857142857143
421 3 7 1024 10 7 1.0
422 4 6 1024 9 6 0.8571428571428571
422 3 7 1024 10 7 1.0
423 4 7 1024 10 7 1.0
424 3 7 1024 10 7 1.0
424 7 5 1024 8 5 0.7142857142857143
425 7 4 1024 7 4 0.5714285714285714
425 1 7 1024 10 7 1.0
425 4 6 1024 9 6 0.8571428571428571
426 5 6 1024 9 6 0.8571428571428571
426 3 7 1024 10 7 1.0
427 5 7 1024 10 7 1.0
427 7 6 1024 9 6 0.8571428571428571
428 7 4 1024 7 4 0.5714285714285714
428 2 7 1024 10 7 1.0
429 4 6 1024 9 6 0.8571428571428571
429 2 7 1024 10 7 1.0
430 4 7 1024 10 7 1.0
431 2 7 1024 10 7 1.0
432 4 7 1024 10 7 1.0
432 7 6 1024 9 6 0.8571428571428571
433 6 3 1024 6 3 0.42857142857142855
433 2 7 1024 10 7 1.0
434 2 7 1024 10 7 1.0
434 3 0 1024 3 0 0.0
435 6 6 1024 9 6 0.8571428571428571
435 2 7 1024 10 7 1.0
436 3 7 1024 10 7 1.0
436 6 5 1024 8 5 0.7142857142857143
437 2 7 1024 10 7 1.0
437 3 6 1024 9 6 0.8571428571428571
438 2 7 1024 10 7 1.0
438 6 6 1024 9 6 0.8571428571428571
439 1 7 1024 10 7 1.0
440 1 7 1024 10 7 1.0
441 3 7 1024 10 7 1.0
442 5 6 1024 9 6 0.8571428571428571
442 3 7 1024 10 7 1.0
443 4 7 1024 10 7 1.0
443 6 5 1024 8 5 0.7142857142857143
444 2 0 1024 3 0 0.0
445 6 4 1024 7 4 0.5714285714285714
445 3 6 1024 9 6 0.8571428571428571
446 3 7 1024 10 7 1.0
446 6 4 1024 7 4 0.5714285714285714
447 3 6 1024 9 6 0.8571428571428571
448 5 5 1024 8 5 0.7142857142857143
448 2 7 1024 10 7 1.0
449 4 7 1024 10 7 1.0
450 6 6 1024 9 6 0.8571428571428571
450 3 7 1024 10 7 1.0
451 2 7 1024 10 7 1.0
451 3 5 1024 8 5 0.7142857142857143
452 2 7 1024 10 7 1.0
452 4 6 1024 9 6 0.8571428571428571
453 3 7 1024 10 7 1.0
453 7 6 1024 9 6 0.8571428571428571
454 4 7 1024 10 7 1.0
455 6 6 1024 9 6 0.8571428571428571
455 2 7 1024 10 7 1.0
456 2 5 1024 8 5 0.7142857142857143
457 3 7 1024 10 7 1.0
458 3 6 1024 9 6 0.8571428571428571
459 6 5 1024 8 5 0.7142857142857143
459 2 7 1024 10 7 1.0
460 2 7 1024 10 7 1.0
461 3 7 1024 10 7 1.0
462 7 4 1024 7 4 0.5714285714285714
462 3 7 1024 10 7 1.0
463 2 7 1024 10 7 1.0
463 5 6 1024 9 6 0.8571428571428571
464 4 6 1024 9 6 0.8571428571428571
464 7 4 1024 7 4 0.5714285714285714
465 5 6 1024 9 6 0.8571428571428571
465 4 7 1024 10 7 1.0
466 7 6 1024 9 6 0.8571428571428571
466 3 7 1024 10 7 1.0
467 4 7 1024 10 7 1.0
468 1 7 1024 10 7 1.0
469 5 5 1024 8 5 0.7142857142857143
469 4 7 1024 10 7 1.0
470 4 6 1024 9 6 0.8571428571428571
470 2 7 1024 10 7 1.0
471 4 4 1024 7 4 0.5714285714285714
471 2 7 1024 10 7 1.0
472 2 7 1024 10 7 1.0
473 2 7 1024 10 7 1.0
474 3 7 1024 10 7 1.0
475 3 6 1024 9 6 0.8571428571428571
476 4 7 1024 10 7 1.0
476 5 5 1024 8 5 0.7142857142857143
477 3 6 1024 9 6 0.8571428571428571
477 2 7 1024 10 7 1.0
478 3 5 1024 8 5 0.7142857142857143
479 2 7 1024 10 7 1.0
480 6 6 1024 9 6 0.8571428571428571
480 4 7 1024 10 7 1.0
481 7 6 1024 9 6 0.8571428571428571
481 3 7 1024 10 7 1.0
482 2 7 1024 10 7 1.0
482 3 6 1024 9 6 0.8571428571428571
483 3 7 1024 10 7 1.0
484 4 5 1024 8 5 0.7142857142857143
484 0 7 1024 10 7 1.0
485 2 7 1024 10 7 1.0
486 3 7 1024 10 7 1.0
487 4 6 1024 9 6 0.8571428571428571
487 2 7 1024 10 7 1.0
488 3 7 1024 10 7 1.0
488 6 6 1024 9 6 0.8571428571428571
489 4 7 1024 10 7 1.0
490 2 7 1024 10 7 1.0
491 2 7 1024 10 7 1.0
492 6 6 1024 9 6 0.8571428571428571
492 3 7 1024 10 7 1.0
493 6 4 1024 7 4 0.5714285714285714
493 3 7 1024 10 7 1.0
494 6 0 1024 3 0 0.0
494 2 7 1024 10 7 1.0
495 1 7 1024 10 7 1.0
496 5 6 1024 9 6 0.8571428571428571
496 4 7 1024 10 7 1.0
497 1 7 1024 10 7 1.0
498 3 7 1024 10 7 1.0
498 5 5 1024 8 5 0.7142857142857143
499 4 7 1024 10 7 1.0
499 7 5 1024 8 5 0.7142857142857143
500 2 4 1024 7 4 0.5714285714285714
501 3 7 1024 10 7 1.0
501 6 5 1024 8 5 0.7142857142857143
502 1 7 1024 10 7 1.0
503 4 6 1024 9 6 0.8571428571428571
504 1 7 1024 10 7 1.0
505 7 6 1024 9 6 0.8571428571428571
505 1 7 1024 10 7 1.0
506 3 7 1024 10 7 1.0
506 6 6 1024 9 6 0.8571428571428571
506 7 5 1024 8 5 0.7142857142857143
507 2 7 1024 10 7 1.0
507 8 6 1024 9 6 0.8571428571428571
508 3 7 1024 10 7 1.0
508 6 6 1024 9 6 0.8571428571428571
509 1 7 1024 10 7 1.0
510 3 7 1024 10 7 1.0
511 3 7 1024 10 7 1.0
512 3 6 1024 9 6 0.8571428571428571
513 3 7 1024 10 7 1.0
513 10 6 1024 9 6 0.8571428571428571
514 5 5 1024 8 5 0.7142857142857143
514 3 7 1024 10 7 1.0
515 3 7 1024 10 7 1.0
516 7 4 1024 7 4 0.5714285714285714
516 1 7 1024 10 7 1.0
517 4 7 1024 10 7 1.0
517 5 6 1024 9 6 0.8571428571428571
518 7 6 1024 9 6 0.8571428571428571
518 3 7 1024 10 7 1.0
519 5 5 1024 8 5 0.7142857142857143
519 2 7 1024 10 7 1.0
520 2 7 1024 10 7 1.0
520 6 6 1024 9 6 0.8571428571428571
521 6 5 1024 8 5 0.7142857142857143
521 2 7 1024 10 7 1.0
522 4 4 1024 7 4 0.5714285714285714
523 2 7 1024 10 7 1.0
524 2 7 1024 10 7 1.0
525 4 4 1024 7 4 0.5714285714285714
525 2 7 1024 10 7 1.0
526 3 7 1024 10 7 1.0
526 6 4 1024 7 4 0.5714285714285714
527 4 7 1024 10 7 1.0
528 4 7 1024 10 7 1.0
529 2 7 1024 10 7 1.0
530 4 4 1024 7 4 0.5714285714285714
530 2 6 1024 9 6 0.8571428571428571
531 2 7 1024 10 7 1.0
531 5 6 1024 9 6 0.8571428571428571
531 6 5 1024 8 5 0.7142857142857143
532 7 6 1024 9 6 0.8571428571428571
532 3 7 1024 10 7 1.0
533 4 7 1024 10 7 1.0
533 7 6 1024 9 6 0.8571428571428571
534 4 0 1024 3 0 0.0
534 2 7 1024 10 7 1.0
535 4 5 1024 8 5 0.7142857142857143
535 3 6 1024 9 6 0.8571428571428571
535 2 7 1024 10 7 1.0
536 3 7 1024 10 7 1.0
537 3 7 1024 10 7 1.0
537 5 6 1024 9 6 0.8571428571428571
538 2 7 1024 10 7 1.0
538 6 6 1024 9 6 0.8571428571428571
539 4 4 1024 7 4 0.5714285714285714
540 3 7 1024 10 7 1.0
541 1 7 1024 10 7 1.0
541 7 6 1024 9 6 0.8571428571428571
542 1 7 1024 10 7 1.0
543 4 7 1024 10 7 1.0
544 2 7 1024 10 7 1.0
545 7 6 1024 9 6 0.8571428571428571
545 2 7 1024 10 7 1.0
546 4 7 1024 10 7 1.0
546 6 6 1024 9 6 0.8571428571428571
547 2 7 1024 10 7 1.0
548 3 7 1024 10 7 1.0
548 5 6 1024 9 6 0.8571428571428571
549 3 7 1024 10 7 1.0
549 5 6 1024 9 6 0.8571428571428571
550 4 5 1024 8 5 0.7142857142857143
551 5 6 1024 9 6 0.8571428571428571
551 3 7 1024 10 7 1.0
552 4 7 1024 10 7 1.0
552 5 4 1024 7 4 0.5714285714285714
553 5 6 1024 9 6 0.8571428571428571
553 4 7 1024 10 7 1.0
553 6 5 1024 8 5 0.7142857142857143
554 7 6 1024 9 6 0.8571428571428571
554 2 7 1024 10 7 1.0
555 4 7 1024 10 7 1.0
555 5 6 1024 9 6 0.8571428571428571
556 4 7 1024 10 7 1.0
556 6 6 1024 9 6 0.8571428571428571
556 8 4 1024 7 4 0.5714285714285714
557 3 7 1024 10 7 1.0
557 5 5 1024 8 5 0.7142857142857143
558 3 7 1024 10 7 1.0
559 2 7 1024 10 7 1.0
560 3 7 1024 10 7 1.0
560 8 6 1024 9 6 0.8571428571428571
561 2 7 1024 10 7 1.0
562 2 7 1024 10 7 1.0
562 5 5 1024 8 5 0.7142857142857143
562 3 6 1024 9 6 0.8571428571428571
563 2 7 1024 10 7 1.0
563 5 6 1024 9 6 0.8571428571428571
564 5 6 1024 9 6 0.8571428571428571
564 3 7 1024 10 7 1.0
565 4 7 1024 10 7 1.0
566 3 7 1024 10 7 1.0
566 6 0 1024 3 0 0.0
567 4 7 1024 10 7 1.0
567 6 4 1024 7 4 0.5714285714285714
568 3 0 1024 3 0 0.0
569 5 5 1024 8 5 0.7142857142857143
569 4 7 1024 10 7 1.0
570 7 4 1024 7 4 0.5714285714285714
570 1 7 1024 10 7 1.0
571 5 6 1024 9 6 0.8571428571428571
571 3 7 1024 10 7 1.0
572 3 7 1024 10 7 1.0
573 3 5 1024 8 5 0.7142857142857143
573 6 4 1024 7 4 0.5714285714285714
574 4 7 1024 10 7 1.0
574 5 5 1024 8 5 0.7142857142857143
575 7 5 1024 8 5 0.7142857142857143
575 1 7 1024 10 7 1.0
576 5 0 1024 3 0 0.0
576 3 7 1024 10 7 1.0
577 4 0 1024 3 0 0.0
577 3 7 1024 10 7 1.0
578 2 7 1024 10 7 1.0
578 5 5 1024 8 5 0.7142857142857143
579 8 5 1024 8 5 0.7142857142857143
579 3 6 1024 9 6 0.8571428571428571
580 0 7 1024 10 7 1.0
580 6 4 1024 7 4 0.5714285714285714
580 5 6 1024 9 6 0.8571428571428571
581 6 4 1024 7 4 0.5714285714285714
581 2 7 1024 10 7 1.0
582 2 7 1024 10 7 1.0
582 7 5 1024 8 5 0.7142857142857143
583 2 7 1024 10 7 1.0
584 5 4 1024 7 4 0.5714285714285714
584 3 7 1024 10 7 1.0
585 2 7 1024 10 7 1.0
586 5 4 1024 7 4 0.5714285714285714
586 3 7 1024 10 7 1.0
587 4 7 1024 10 7 1.0
588 3 7 1024 10 7 1.0
588 6 5 1024 8 5 0.7142857142857143
589 4 6 1024 9 6 0.8571428571428571
589 2 7 1024 10 7 1.0
590 2 7 1024 10 7 1.0
590 3 4 1024 7 4 0.5714285714285714
591 2 7 1024 10 7 1.0
592 3 7 1024 10 7 1.0
592 6 5 1024 8 5 0.7142857142857143
593 5 7 1024 10 7 1.0
593 6 6 1024 9 6 0.8571428571428571
594 3 7 1024 10 7 1.0
594 5 6 1024 9 6 0.8571428571428571
595 3 7 1024 10 7 1.0
595 4 6 1024 9 6 0.8571428571428571
596 2 7 1024 10 7 1.0
596 3 6 1024 9 6 0.8571428571428571
597 6 4 1024 7 4 0.5714285714285714
597 4 7 1024 10 7 1.0
598 3 7 1024 10 7 1.0
598 6 5 1024 8 5 0.7142857142857143
599 4 6 1024 9 6 0.8571428571428571
600 3 7 1024 10 7 1.0
601 3 7 1024 10 7 1.0
601 4 5 1024 8 5 0.7142857142857143
602 2 7 1024 10 7 1.0
603 2 7 1024 10 7 1.0
603 5 0 1024 3 0 0.0
604 4 7 1024 10 7 1.0
605 4 6 1024 9 6 0.8571428571428571
605 2 7 1024 10 7 1.0
606 7 4 1024 7 4 0.5714285714285714
606 3 7 1024 10 7 1.0
606 5 5 1024 8 5 0.7142857142857143
607 3 7 1024 10 7 1.0
607 7 6 1024 9 6 0.8571428571428571
608 2 7 1024 10 7 1.0
609 3 0 1024 3 0 0.0
610 5 6 1024 9 6 0.8571428571428571
610 2 7 1024 10 7 1.0
611 4 6 1024 9 6 0.8571428571428571
611 2 7 1024 10 7 1.0
612 5 6 1024 9 6 0.8571428571428571
612 4 7 1024 10 7 1.0
613 4 7 1024 10 7 1.0
613 6 5 1024 8 5 0.7142857142857143
614 4 5 1024 8 5 0.7142857142857143
615 2 7 1024 10 7 1.0
616 6 5 1024 8 5 0.7142857142857143
616 4 7 1024 10 7 1.0
617 2 0 1024 3 0 0.0
618 6 0 1024 3 0 0.0
618 3 7 1024 10 7 1.0
619 4 0 1024 3 0 0.0
619 2 7 1024 10 7 1.0
620 3 7 1024 10 7 1.0
620 6 4 1024 7 4 0.5714285714285714
621 2 5 1024 8 5 0.7142857142857143
622 4 7 1024 10 7 1.0
622 6 4 1024 7 4 0.5714285714285714
622 5 6 1024 9 6 0.8571428571428571
623 2 7 1024 10 7 1.0
624 3 5 1024 8 5 0.7142857142857143
625 3 7 1024 10 7 1.0
625 5 6 1024 9 6 0.8571428571428571
626 4 7 1024 10 7 1.0
626 6 4 1024 7 4 0.5714285714285714
626 5 6 1024 9 6 0.8571428571428571
627 2 7 1024 10 7 1.0
627 7 6 1024 9 6 0.8571428571428571
628 3 7 1024 10 7 1.0
629 4 6 1024 9 6 0.8571428571428571
629 6 0 1024 3 0 0.0
630 7 6 1024 9 6 0.8571428571428571
630 2 7 1024 10 7 1.0
631 4 6 1024 9 6 0.8571428571428571
631 3 7 1024 10 7 1.0
632 3 7 1024 10 7 1.0
633 1 7 1024 10 7 1.0
634 3 7 1024 10 7 1.0
634 5 4 1024 7 4 0.5714285714285714
635 6 5 1024 8 5 0.7142857142857143
635 2 7 1024 10 7 1.0
635 3 6 1024 9 6 0.8571428571428571
636 8 5 1024 8 5 0.7142857142857143
636 7 6 1024 9 6 0.8571428571428571
636 4 7 1024 10 7 1.0
637 3 7 1024 10 7 1.0
637 4 6 1024 9 6 0.8571428571428571
638 3 7 1024 10 7 1.0
639 2 7 1024 10 7 1.0
639 7 6 1024 9 6 0.8571428571428571
640 7 6 1024 9 6 0.8571428571428571
640 2 7 1024 10 7 1.0
641 3 7 1024 10 7 1.0
641 4 6 1024 9 6 0.8571428571428571
642 4 6 1024 9 6 0.8571428571428571
642 3 7 1024 10 7 1.0
643 2 7 1024 10 7 1.0
644 3 7 1024 10 7 1.0
644 6 6 1024 9 6 0.8571428571428571
645 4 7 1024 10 7 1.0
646 4 7 1024 10 7 1.0
647 3 7 1024 10 7 1.0
648 2 7 1024 10 7 1.0
649 5 6 1024 9 6 0.8571428571428571
649 1 7 1024 10 7 1.0
650 3 7 1024 10 7 1.0
650 5 6 1024 9 6 0.8571428571428571
651 3 7 1024 10 7 1.0
651 7 4 1024 7 4 0.5714285714285714
651 6 6 1024 9 6 0.8571428571428571
652 5 4 1024 7 4 0.5714285714285714
652 3 7 1024 10 7 1.0
652 4 5 1024 8 5 0.7142857142857143
653 7 5 1024 8 5 0.7142857142857143
653 2 7 1024 10 7 1.0
653 5 6 1024 9 6 0.8571428571428571
654 3 7 1024 10 7 1.0
654 6 6 1024 9 6 0.8571428571428571
655 4 7 1024 10 7 1.0
655 5 6 1024 9 6 0.8571428571428571
655 7 4 1024 7 4 0.5714285714285714
656 3 7 1024 10 7 1.0
657 3 7 1024 10 7 1.0
658 3 7 1024 10 7 1.0
659 3 7 1024 10 7 1.0
660 2 7 1024 10 7 1.0
661 2 4 1024 7 4 0.5714285714285714
662 6 4 1024 7 4 0.5714285714285714
662 5 7 1024 10 7 1.0
663 3 7 1024 10 7 1.0
663 5 6 1024 9 6 0.8571428571428571
664 3 7 1024 10 7 1.0
664 4 6 1024 9 6 0.8571428571428571
664 6 5 1024 8 5 0.7142857142857143
665 3 7 1024 10 7 1.0
665 6 6 1024 9 6 0.8571428571428571
666 1 7 1024 10 7 1.0
667 6 6 1024 9 6 0.8571428571428571
667 3 7 1024 10 7 1.0
668 3 7 1024 10 7 1.0
668 5 4 1024 7 4 0.5714285714285714
669 5 6 1024 9 6 0.8571428571428571
669 3 7 1024 10 7 1.0
670 4 6 1024 9 6 0.8571428571428571
670 3 7 1024 10 7 1.0
671 3 7 1024 10 7 1.0
671 6 5 1024 8 5 0.7142857142857143
672 5 6 1024 9 6 0.8571428571428571
672 3 7 1024 10 7 1.0
672 6 5 1024 8 5 0.7142857142857143
673 5 5 1024 8 5 0.7142857142857143
673 3 7 1024 10 7 1.0
674 4 7 1024 10 7 1.0
674 7 6 1024 9 6 0.8571428571428571
675 4 7 1024 10 7 1.0
676 2 7 1024 10 7 1.0
676 5 6 1024 9 6 0.8571428571428571
676 6 4 1024 7 4 0.5714285714285714
677 4 7 1024 10 7 1.0
677 7 5 1024 8 5 0.7142857142857143
677 6 6 1024 9 6 0.8571428571428571
678 4 6 1024 9 6 0.8571428571428571
678 1 7 1024 10 7 1.0
679 1 7 1024 10 7 1.0
679 4 6 1024 9 6 0.8571428571428571
680 7 5 1024 8 5 0.7142857142857143
680 6 6 1024 9 6 0.8571428571428571
680 1 7 1024 10 7 1.0
681 3 7 1024 10 7 1.0
682 3 7 1024 10 7 1.0
683 4 6 1024 9 6 0.8571428571428571
683 5 4 1024 7 4 0.5714285714285714
683 2 7 1024 10 7 1.0
684 5 5 1024 8 5 0.7142857142857143
684 4 7 1024 10 7 1.0
685 2 7 1024 10 7 1.0
686 3 7 1024 10 7 1.0
686 6 5 1024 8 5 0.7142857142857143
687 2 7 1024 10 7 1.0
688 2 7 1024 10 7 1.0
689 7 5 1024 8 5 0.7142857142857143
689 2 7 1024 10 7 1.0
690 2 7 1024 10 7 1.0
691 5 4 1024 7 4 0.5714285714285714
691 2 7 1024 10 7 1.0
692 3 7 1024 10 7 1.0
692 5 6 1024 9 6 0.8571428571428571
693 3 7 1024 10 7 1.0
693 5 6 1024 9 6 0.8571428571428571
694 2 7 1024 10 7 1.0
694 4 6 1024 9 6 0.8571428571428571
695 2 7 1024 10 7 1.0
696 3 7 1024 10 7 1.0
697 4 6 1024 9 6 0.8571428571428571
697 3 7 1024 10 7 1.0
698 3 7 1024 10 7 1.0
698 6 6 1024 9 6 0.8571428571428571
699 2 7 1024 10 7 1.0
699 4 4 1024 7 4 0.5714285714285714
700 3 5 1024 8 5 0.7142857142857143
701 2 7 1024 10 7 1.0
701 8 5 1024 8 5 0.7142857142857143
702 6 6 1024 9 6 0.8571428571428571
702 3 7 1024 10 7 1.0
703 1 7 1024 10 7 1.0
704 5 4 1024 7 4 0.5714285714285714
704 2 7 1024 10 7 1.0
705 2 6 1024 9 6 0.8571428571428571
706 3 7 1024 10 7 1.0
706 7 6 1024 9 6 0.8571428571428571
707 4 7 1024 10 7 1.0
708 4 6 1024 9 6 0.8571428571428571
708 2 7 1024 10 7 1.0
709 3 7 1024 10 7 1.0
709 8 6 1024 9 6 0.8571428571428571
710 6 4 1024 7 4 0.5714285714285714
710 5 6 1024 9 6 0.8571428571428571
710 1 7 1024 10 7 1.0
711 1 7 1024 10 7 1.0
711 7 4 1024 7 4 0.5714285714285714
712 4 4 1024 7 4 0.5714285714285714
712 2 7 1024 10 7 1.0
713 3 7 1024 10 7 1.0
714 4 7 1024 10 7 1.0
715 7 6 1024 9 6 0.8571428571428571
715 3 7 1024 10 7 1.0
716 6 6 1024 9 6 0.8571428571428571
716 7 4 1024 7 4 0.5714285714285714
716 2 7 1024 10 7 1.0
717 4 5 1024 8 5 0.7142857142857143
717 3 7 1024 10 7 1.0
718 6 4 1024 7 4 0.5714285714285714
718 0 7 1024 10 7 1.0
719 5 0 1024 3 0 0.0
719 2 7 1024 10 7 1.0
720 2 7 1024 10 7 1.0
720 5 5 1024 8 5 0.7142857142857143
721 6 6 1024 9 6 0.8571428571428571
721 2 7 1024 10 7 1.0
722 3 7 1024 10 7 1.0
723 1 7 1024 10 7 1.0
724 3 7 1024 10 7 1.0
724 7 5 1024 8 5 0.7142857142857143
725 3 7 1024 10 7 1.0
725 5 0 1024 3 0 0.0
726 2 7 1024 10 7 1.0
727 5 5 1024 8 5 0.7142857142857143
727 2 6 1024 9 6 0.8571428571428571
727 6 0 1024 3 0 0.0
728 1 7 1024 10 7 1.0
728 5 6 1024 9 6 0.8571428571428571
728 7 5 1024 8 5 0.7142857142857143
729 3 5 1024 8 5 0.7142857142857143
730 3 7 1024 10 7 1.0
730 6 6 1024 9 6 0.8571428571428571
731 3 4 1024 7 4 0.5714285714285714
731 2 7 1024 10 7 1.0
732 7 6 1024 9 6 0.8571428571428571
732 4 7 1024 10 7 1.0
733 7 5 1024 8 5 0.7142857142857143
733 2 7 1024 10 7 1.0
734 6 5 1024 8 5 0.7142857142857143
734 1 7 1024 10 7 1.0
735 4 7 1024 10 7 1.0
735 8 6 1024 9 6 0.8571428571428571
736 5 6 1024 9 6 0.8571428571428571
736 2 7 1024 10 7 1.0
737 2 7 1024 10 7 1.0
738 4 7 1024 10 7 1.0
738 6 6 1024 9 6 0.8571428571428571
739 3 7 1024 10 7 1.0
739 5 6 1024 9 6 0.8571428571428571
740 2 7 1024 10 7 1.0
741 3 7 1024 10 7 1.0
742 3 7 1024 10 7 1.0
743 5 3 1024 6 3 0.42857142857142855
743 3 7 1024 10 7 1.0
744 5 6 1024 9 6 0.8571428571428571
744 3 7 1024 10 7 1.0
745 4 0 1024 3 0 0.0
746 8 4 1024 7 4 0.5714285714285714
746 2 7 1024 10 7 1.0
747 3 7 1024 10 7 1.0
747 4 6 1024 9 6 0.8571428571428571
748 4 7 1024 10 7 1.0
749 3 7 1024 10 7 1.0
749 5 5 1024 8 5 0.7142857142857143
750 3 7 1024 10 7 1.0
751 1 7 1024 10 7 1.0
752 5 6 1024 9 6 0.8571428571428571
752 3 7 1024 10 7 1.0
753 2 7 1024 10 7 1.0
753 3 0 1024 3 0 0.0
754 3 7 1024 10 7 1.0
754 7 6 1024 9 6 0.8571428571428571
755 2 7 1024 10 7 1.0
756 3 7 1024 10 7 1.0
756 5 6 1024 9 6 0.8571428571428571
757 6 6 1024 9 6 0.8571428571428571
757 3 7 1024 10 7 1.0
758 6 6 1024 9 6 0.8571428571428571
758 3 7 1024 10 7 1.0
759 5 6 1024 9 6 0.8571428571428571
760 3 7 1024 10 7 1.0
760 5 5 1024 8 5 0.7142857142857143
761 4 7 1024 10 7 1.0
762 6 4 1024 7 4 0.5714285714285714
762 3 7 1024 10 7 1.0
763 3 0 1024 3 0 0.0
764 3 6 1024 9 6 0.8571428571428571
764 2 7 1024 10 7 1.0
765 5 6 1024 9 6 0.8571428571428571
765 8 4 1024 7 4 0.5714285714285714
765 7 5 1024 8 5 0.7142857142857143
766 3 7 1024 10 7 1.0
766 4 6 1024 9 6 0.8571428571428571
767 6 5 1024 8 5 0.7142857142857143
767 2 7 1024 10 7 1.0
767 4 6 1024 9 6 0.8571428571428571
768 5 6 1024 9 6 0.8571428571428571
768 2 7 1024 10 7 1.0
769 2 7 1024 10 7 1.0
770 2 7 1024 10 7 1.0
771 2 7 1024 10 7 1.0
771 7 6 1024 9 6 0.8571428571428571
772 3 5 1024 8 5 0.7142857142857143
773 3 5 1024 8 5 0.7142857142857143
774 5 6 1024 9 6 0.8571428571428571
774 2 7 1024 10 7 1.0
775 4 7 1024 10 7 1.0
776 7 5 1024 8 5 0.7142857142857143
776 3 6 1024 9 6 0.8571428571428571
777 1 7 1024 10 7 1.0
778 2 7 1024 10 7 1.0
778 7 3 1024 6 3 0.42857142857142855
779 3 7 1024 10 7 1.0
779 4 4 1024 7 4 0.5714285714285714
780 4 7 1024 10 7 1.0
781 3 7 1024 10 7 1.0
781 6 0 1024 3 0 0.0
781 5 6 1024 9 6 0.8571428571428571
782 7 0 1024 3 0 0.0
782 2 7 1024 10 7 1.0
783 3 7 1024 10 7 1.0
784 4 6 1024 9 6 0.8571428571428571
785 4 6 1024 9 6 0.8571428571428571
786 5 6 1024 9 6 0.8571428571428571
786 3 7 1024 10 7 1.0
787 3 7 1024 10 7 1.0
788 4 7 1024 10 7 1.0
789 2 7 1024 10 7 1.0
789 6 5 1024 8 5 0.7142857142857143
790 3 7 1024 10 7 1.0
790 5 5 1024 8 5 0.7142857142857143
791 4 7 1024 10 7 1.0
791 6 6 1024 9 6 0.8571428571428571
792 4 5 1024 8 5 0.7142857142857143
792 3 7 1024 10 7 1.0
793 2 7 1024 10 7 1.0
794 3 7 1024 10 7 1.0
794 6 6 1024 9 6 0.8571428571428571
795 3 6 1024 9 6 0.8571428571428571
796 8 4 1024 7 4 0.5714285714285714
796 2 7 1024 10 7 1.0
797 3 7 1024 10 7 1.0
798 3 7 1024 10 7 1.0
798 4 6 1024 9 6 0.8571428571428571
799 2 7 1024 10 7 1.0
800 3 6 1024 9 6 0.8571428571428571
800 1 7 1024 10 7 1.0
800 5 5 1024 8 5 0.7142857142857143
801 5 6 1024 9 6 0.8571428571428571
801 2 7 1024 10 7 1.0
802 3 7 1024 10 7 1.0
802 4 6 1024 9 6 0.8571428571428571
803 3 7 1024 10 7 1.0
804 3 7 1024 10 7 1.0
804 6 5 1024 8 5 0.7142857142857143
805 3 7 1024 10 7 1.0
805 6 6 1024 9 6 0.8571428571428571
806 3 7 1024 10 7 1.0
806 5 4 1024 7 4 0.5714285714285714
807 2 5 1024 8 5 0.7142857142857143
808 4 6 1024 9 6 0.8571428571428571
808 2 7 1024 10 7 1.0
809 3 6 1024 9 6 0.8571428571428571
809 7 0 1024 3 0 0.0
810 3 7 1024 10 7 1.0
811 2 7 1024 10 7 1.0
812 2 7 1024 10 7 1.0
813 2 7 1024 10 7 1.0
814 3 7 1024 10 7 1.0
814 5 6 1024 9 6 0.8571428571428571
815 3 7 1024 10 7 1.0
815 8 5 1024 8 5 0.7142857142857143
816 5 4 1024 7 4 0.5714285714285714
816 2 7 1024 10 7 1.0
817 3 7 1024 10 7 1.0
818 2 7 1024 10 7 1.0
818 6 5 1024 8 5 0.7142857142857143
818 3 6 1024 9 6 0.8571428571428571
819 5 6 1024 9 6 0.8571428571428571
819 3 7 1024 10 7 1.0
820 3 7 1024 10 7 1.0
821 4 7 1024 10 7 1.0
822 2 7 1024 10 7 1.0
822 4 6 1024 9 6 0.8571428571428571
823 3 7 1024 10 7 1.0
824 2 7 1024 10 7 1.0
824 4 6 1024 9 6 0.8571428571428571
825 3 7 1024 10 7 1.0
825 8 4 1024 7 4 0.5714285714285714
826 2 7 1024 10 7 1.0
826 5 5 1024 8 5 0.7142857142857143
827 3 7 1024 10 7 1.0
828 3 7 1024 10 7 1.0
829 3 7 1024 10 7 1.0
829 5 5 1024 8 5 0.7142857142857143
830 3 7 1024 10 7 1.0
831 6 6 1024 9 6 0.8571428571428571
831 2 7 1024 10 7 1.0
832 1 7 1024 10 7 1.0
832 7 6 1024 9 6 0.8571428571428571
833 2 7 1024 10 7 1.0
833 4 5 1024 8 5 0.7142857142857143
834 8 6 1024 9 6 0.8571428571428571
834 2 7 1024 10 7 1.0
835 3 7 1024 10 7 1.0
835 6 5 1024 8 5 0.7142857142857143
836 4 7 1024 10 7 1.0
837 6 6 1024 9 6 0.8571428571428571
837 3 7 1024 10 7 1.0
838 5 5 1024 8 5 0.7142857142857143
838 2 7 1024 10 7 1.0
839 2 5 1024 8 5 0.7142857142857143
840 8 4 1024 7 4 0.5714285714285714
840 3 7 1024 10 7 1.0
840 4 6 1024 9 6 0.8571428571428571
841 2 7 1024 10 7 1.0
842 4 4 1024 7 4 0.5714285714285714
843 3 5 1024 8 5 0.7142857142857143
844 2 6 1024 9 6 0.8571428571428571
845 4 7 1024 10 7 1.0
846 3 7 1024 10 7 1.0
846 4 0 1024 3 0 0.0
847 1 7 1024 10 7 1.0
847 5 6 1024 9 6 0.8571428571428571
848 4 5 1024 8 5 0.7142857142857143
848 3 6 1024 9 6 0.8571428571428571
848 2 7 1024 10 7 1.0
849 1 7 1024 10 7 1.0
850 5 6 1024 9 6 0.8571428571428571
850 2 7 1024 10 7 1.0
850 8 5 1024 8 5 0.7142857142857143
851 2 7 1024 10 7 1.0
852 4 6 1024 9 6 0.8571428571428571
853 5 0 1024 3 0 0.0
853 2 7 1024 10 7 1.0
854 5 6 1024 9 6 0.8571428571428571
854 4 7 1024 10 7 1.0
855 3 7 1024 10 7 1.0
855 6 5 1024 8 5 0.7142857142857143
855 4 6 1024 9 6 0.8571428571428571
856 4 7 1024 10 7 1.0
857 2 7 1024 10 7 1.0
858 1 7 1024 10 7 1.0
858 6 5 1024 8 5 0.7142857142857143
859 2 7 1024 10 7 1.0
860 7 6 1024 9 6 0.8571428571428571
860 4 7 1024 10 7 1.0
861 3 7 1024 10 7 1.0
861 6 4 1024 7 4 0.5714285714285714
862 2 5 1024 8 5 0.7142857142857143
863 3 7 1024 10 7 1.0
863 6 5 1024 8 5 0.7142857142857143
864 2 7 1024 10 7 1.0
865 1 7 1024 10 7 1.0
865 4 4 1024 7 4 0.5714285714285714
866 3 7 1024 10 7 1.0
867 2 7 1024 10 7 1.0
867 4 0 1024 3 0 0.0
868 1 7 1024 10 7 1.0
868 6 6 1024 9 6 0.8571428571428571
869 2 6 1024 9 6 0.8571428571428571
870 6 4 1024 7 4 0.5714285714285714
870 2 7 1024 10 7 1.0
871 4 7 1024 10 7 1.0
871 6 3 1024 6 3 0.42857142857142855
872 3 7 1024 10 7 1.0
872 5 0 1024 3 0 0.0
873 2 7 1024 10 7 1.0
873 4 5 1024 8 5 0.7142857142857143
874 5 6 1024 9 6 0.8571428571428571
874 3 7 1024 10 7 1.0
875 3 7 1024 10 7 1.0
876 4 5 1024 8 5 0.7142857142857143
876 3 7 1024 10 7 1.0
877 3 7 1024 10 7 1.0
877 5 6 1024 9 6 0.8571428571428571
878 3 7 1024 10 7 1.0
879 4 7 1024 10 7 1.0
879 6 6 1024 9 6 0.8571428571428571
880 1 7 1024 10 7 1.0
881 1 7 1024 10 7 1.0
881 5 5 1024 8 5 0.7142857142857143
881 7 4 1024 7 4 0.5714285714285714
882 3 7 1024 10 7 1.0
882 4 5 1024 8 5 0.7142857142857143
883 3 7 1024 10 7 1.0
883 8 4 1024 7 4 0.5714285714285714
884 3 6 1024 9 6 0.8571428571428571
884 7 5 1024 8 5 0.7142857142857143
885 3 7 1024 10 7 1.0
885 5 6 1024 9 6 0.8571428571428571
886 2 7 1024 10 7 1.0
886 6 6 1024 9 6 0.8571428571428571
887 4 6 1024 9 6 0.8571428571428571
887 6 0 1024 3 0 0.0
887 1 7 1024 10 7 1.0
888 4 6 1024 9 6 0.8571428571428571
888 2 7 1024 10 7 1.0
889 4 7 1024 10 7 1.0
890 3 7 1024 10 7 1.0
890 5 5 1024 8 5 0.7142857142857143
891 2 7 1024 10 7 1.0
891 6 6 1024 9 6 0.8571428571428571
892 5 6 1024 9 6 0.8571428571428571
892 4 7 1024 10 7 1.0
893 3 7 1024 10 7 1.0
893 5 5 1024 8 5 0.7142857142857143
894 5 5 1024 8 5 0.7142857142857143
894 7 4 1024 7 4 0.5714285714285714
894 4 7 1024 10 7 1.0
895 3 7 1024 10 7 1.0
896 6 6 1024 9 6 0.8571428571428571
896 4 7 1024 10 7 1.0
897 6 4 1024 7 4 0.5714285714285714
897 2 7 1024 10 7 1.0
898 1 7 1024 10 7 1.0
899 5 6 1024 9 6 0.8571428571428571
899 7 0 1024 3 0 0.0
899 4 7 1024 10 7 1.0
900 3 7 1024 10 7 1.0
900 5 6 1024 9 6 0.8571428571428571
901 2 7 1024 10 7 1.0
902 3 7 1024 10 7 1.0
903 5 5 1024 8 5 0.7142857142857143
903 1 7 1024 10 7 1.0
904 2 7 1024 10 7 1.0
905 2 7 1024 10 7 1.0
905 3 6 1024 9 6 0.8571428571428571
906 6 4 1024 7 4 0.5714285714285714
906 2 7 1024 10 7 1.0
907 6 6 1024 9 6 0.8571428571428571
907 3 7 1024 10 7 1.0
908 2 7 1024 10 7 1.0
908 4 0 1024 3 0 0.0
909 6 6 1024 9 6 0.8571428571428571
909 2 7 1024 10 7 1.0
910 6 6 1024 9 6 0.8571428571428571
910 4 7 1024 10 7 1.0
911 4 7 1024 10 7 1.0
912 2 7 1024 10 7 1.0
912 4 6 1024 9 6 0.8571428571428571
913 4 5 1024 8 5 0.7142857142857143
913 3 7 1024 10 7 1.0
914 2 7 1024 10 7 1.0
915 3 7 1024 10 7 1.0
915 9 5 1024 8 5 0.7142857142857143
915 7 6 1024 9 6 0.8571428571428571
916 4 6 1024 9 6 0.8571428571428571
916 5 4 1024 7 4 0.5714285714285714
916 3 7 1024 10 7 1.0
917 2 7 1024 10 7 1.0
917 5 4 1024 7 4 0.5714285714285714
918 4 7 1024 10 7 1.0
919 2 7 1024 10 7 1.0
919 3 6 1024 9 6 0.8571428571428571
920 3 7 1024 10 7 1.0
921 2 7 1024 10 7 1.0
922 5 6 1024 9 6 0.8571428571428571
922 2 7 1024 10 7 1.0
923 3 7 1024 10 7 1.0
924 6 5 1024 8 5 0.7142857142857143
924 2 7 1024 10 7 1.0
925 6 5 1024 8 5 0.7142857142857143
925 2 7 1024 10 7 1.0
926 3 0 1024 3 0 0.0
926 2 7 1024 10 7 1.0
927 3 7 1024 10 7 1.0
927 6 5 1024 8 5 0.7142857142857143
928 2 4 1024 7 4 0.5714285714285714
929 1 7 1024 10 7 1.0
930 3 7 1024 10 7 1.0
930 5 5 1024 8 5 0.7142857142857143
931 5 5 1024 8 5 0.7142857142857143
931 2 7 1024 10 7 1.0
932 2 7 1024 10 7 1.0
933 4 6 1024 9 6 0.8571428571428571
934 3 7 1024 10 7 1.0
934 6 4 1024 7 4 0.5714285714285714
935 2 7 1024 10 7 1.0
935 5 6 1024 9 6 0.8571428571428571
936 6 6 1024 9 6 0.8571428571428571
936 3 7 1024 10 7 1.0
937 2 7 1024 10 7 1.0
937 3 4 1024 7 4 0.5714285714285714
938 3 7 1024 10 7 1.0
938 5 5 1024 8 5 0.7142857142857143
939 2 7 1024 10 7 1.0
940 2 7 1024 10 7 1.0
941 5 7 1024 10 7 1.0
941 6 4 1024 7 4 0.5714285714285714
942 4 7 1024 10 7 1.0
942 7 5 1024 8 5 0.7142857142857143
943 6 5 1024 8 5 0.7142857142857143
943 1 7 1024 10 7 1.0
944 4 6 1024 9 6 0.8571428571428571
945 3 5 1024 8 5 0.7142857142857143
945 2 7 1024 10 7 1.0
946 1 7 1024 10 7 1.0
946 6 5 1024 8 5 0.7142857142857143
947 2 6 1024 9 6 0.8571428571428571
948 2 7 1024 10 7 1.0
948 8 4 1024 7 4 0.5714285714285714
949 3 7 1024 10 7 1.0
950 3 7 1024 10 7 1.0
950 4 6 1024 9 6 0.8571428571428571
951 3 7 1024 10 7 1.0
951 4 6 1024 9 6 0.8571428571428571
952 4 7 1024 10 7 1.0
952 6 5 1024 8 5 0.7142857142857143
953 2 7 1024 10 7 1.0
953 4 6 1024 9 6 0.8571428571428571
954 3 6 1024 9 6 0.8571428571428571
955 4 4 1024 7 4 0.5714285714285714
956 4 0 1024 3 0 0.0
957 3 7 1024 10 7 1.0
957 5 5 1024 8 5 0.7142857142857143
958 3 7 1024 10 7 1.0
958 5 5 1024 8 5 0.7142857142857143
959 7 6 1024 9 6 0.8571428571428571
959 3 7 1024 10 7 1.0
960 6 5 1024 8 5 0.7142857142857143
960 5 6 1024 9 6 0.8571428571428571
960 4 7 1024 10 7 1.0
961 2 7 1024 10 7 1.0
962 6 4 1024 7 4 0.5714285714285714
962 2 7 1024 10 7 1.0
962 4 6 1024 9 6 0.8571428571428571
963 3 7 1024 10 7 1.0
963 6 6 1024 9 6 0.8571428571428571
964 2 7 1024 10 7 1.0
964 7 6 1024 9 6 0.8571428571428571
965 1 7 1024 10 7 1.0
965 5 6 1024 9 6 0.8571428571428571
966 3 7 1024 10 7 1.0
967 7 0 1024 3 0 0.0
967 1 7 1024 10 7 1.0
968 2 7 1024 10 7 1.0
969 5 6 1024 9 6 0.8571428571428571
969 2 7 1024 10 7 1.0
970 3 7 1024 10 7 1.0
971 2 7 1024 10 7 1.0
971 7 6 1024 9 6 0.8571428571428571
972 3 7 1024 10 7 1.0
972 7 5 1024 8 5 0.7142857142857143
973 3 7 1024 10 7 1.0
973 6 4 1024 7 4 0.5714285714285714
974 3 7 1024 10 7 1.0
974 7 4 1024 7 4 0.5714285714285714
975 3 7 1024 10 7 1.0
975 7 5 1024 8 5 0.7142857142857143
976 3 7 1024 10 7 1.0
976 4 6 1024 9 6 0.8571428571428571
977 2 7 1024 10 7 1.0
978 3 7 1024 10 7 1.0
978 6 4 1024 7 4 0.5714285714285714
979 4 7 1024 10 7 1.0
980 2 7 1024 10 7 1.0
981 4 7 1024 10 7 1.0
981 5 5 1024 8 5 0.7142857142857143
982 3 7 1024 10 7 1.0
982 5 6 1024 9 6 0.8571428571428571
983 2 7 1024 10 7 1.0
983 9 0 1024 3 0 0.0
984 3 7 1024 10 7 1.0
985 3 7 1024 10 7 1.0
986 8 5 1024 8 5 0.7142857142857143
986 4 7 1024 10 7 1.0
987 3 7 1024 10 7 1.0
988 3 7 1024 10 7 1.0
989 3 5 1024 8 5 0.7142857142857143
990 4 7 1024 10 7 1.0
991 6 6 1024 9 6 0.8571428571428571
991 3 7 1024 10 7 1.0
992 1 7 1024 10 7 1.0
993 3 7 1024 10 7 1.0
994 7 6 1024 9 6 0.8571428571428571
994 4 7 1024 10 7 1.0
995 3 4 1024 7 4 0.5714285714285714
996 6 6 1024 9 6 0.8571428571428571
996 2 7 1024 10 7 1.0
997 3 7 1024 10 7 1.0
998 4 7 1024 10 7 1.0
998 7 6 1024 9 6 0.8571428571428571
999 1 7 1024 10 7 1.0
1000 3 7 1024 10 7 1.0
