gen testSuiteSize notKilledMutants number_of_tests no_discount_objective no_equiv_mut_not_killed no_equiv_mut_not_killed_perc
1 2 4 7 4 4 0.4
1 4 0 11 0 0 0.0
1 3 2 20 2 2 0.2
2 3 1 61 1 1 0.1
2 5 0 66 0 0 0.0
3 3 2 99 2 2 0.2
3 6 0 104 0 0 0.0
3 4 1 108 1 1 0.1
4 2 2 138 2 2 0.2
4 3 0 158 0 0 0.0
5 4 0 170 0 0 0.0
5 1 3 179 3 3 0.3
6 4 0 218 0 0 0.0
6 2 1 229 1 1 0.1
7 4 0 251 0 0 0.0
7 2 1 254 1 1 0.1
8 3 1 293 1 1 0.1
8 7 0 309 0 0 0.0
9 5 0 311 0 0 0.0
9 3 3 331 3 3 0.3
10 3 1 354 1 1 0.1
10 5 0 361 0 0 0.0
11 6 0 387 0 0 0.0
11 2 1 390 1 1 0.1
12 1 5 413 5 5 0.5
12 5 0 422 0 0 0.0
12 3 1 424 1 1 0.1
13 3 1 442 1 1 0.1
13 4 0 444 0 0 0.0
13 1 6 453 6 6 0.6
14 6 0 471 0 0 0.0
14 4 1 484 1 1 0.1
15 4 0 516 0 0 0.0
16 3 0 533 0 0 0.0
17 3 0 560 0 0 0.0
18 3 0 563 0 0 0.0
18 2 2 565 2 2 0.2
19 2 0 589 0 0 0.0
20 5 0 607 0 0 0.0
20 4 1 609 1 1 0.1
20 3 3 611 3 3 0.3
21 4 0 614 0 0 0.0
21 3 1 614 1 1 0.1
21 2 4 622 4 4 0.4
22 3 0 645 0 0 0.0
23 4 0 647 0 0 0.0
24 4 0 673 0 0 0.0
24 3 1 679 1 1 0.1
25 3 2 685 2 2 0.2
25 5 0 688 0 0 0.0
26 3 0 710 0 0 0.0
27 2 2 718 2 2 0.2
27 4 0 722 0 0 0.0
28 4 0 734 0 0 0.0
28 3 1 747 1 1 0.1
29 3 0 753 0 0 0.0
30 5 0 768 0 0 0.0
30 3 1 772 1 1 0.1
31 2 4 773 4 4 0.4
31 4 1 781 1 1 0.1
31 5 0 783 0 0 0.0
32 3 0 791 0 0 0.0
33 2 2 797 2 2 0.2
33 4 0 800 0 0 0.0
34 6 0 803 0 0 0.0
34 3 1 808 1 1 0.1
35 4 0 814 0 0 0.0
36 4 0 825 0 0 0.0
36 2 7 827 7 7 0.7
36 3 3 827 3 3 0.3
37 3 1 837 1 1 0.1
37 6 0 839 0 0 0.0
38 3 0 847 0 0 0.0
39 2 6 852 6 6 0.6
39 3 1 855 1 1 0.1
39 5 0 855 0 0 0.0
40 4 0 858 0 0 0.0
41 3 0 862 0 0 0.0
41 2 3 862 3 3 0.3
42 4 1 870 1 1 0.1
42 5 0 870 0 0 0.0
42 2 4 874 4 4 0.4
43 2 0 877 0 0 0.0
44 2 5 886 5 5 0.5
44 4 0 889 0 0 0.0
45 2 0 896 0 0 0.0
46 3 1 897 1 1 0.1
46 4 0 897 0 0 0.0
47 2 0 903 0 0 0.0
48 3 0 907 0 0 0.0
49 4 0 912 0 0 0.0
49 2 1 912 1 1 0.1
49 1 5 913 5 5 0.5
50 4 0 916 0 0 0.0
50 2 4 917 4 4 0.4
50 3 1 917 1 1 0.1
51 4 0 918 0 0 0.0
51 2 5 921 5 5 0.5
52 2 0 922 0 0 0.0
53 3 1 927 1 1 0.1
53 7 0 927 0 0 0.0
53 1 6 927 6 6 0.6
54 4 0 930 0 0 0.0
54 3 1 931 1 1 0.1
55 3 2 934 2 2 0.2
55 4 0 936 0 0 0.0
56 4 0 936 0 0 0.0
57 5 0 940 0 0 0.0
57 4 3 943 3 3 0.3
58 3 0 947 0 0 0.0
59 3 0 951 0 0 0.0
60 4 1 954 1 1 0.1
60 0 10 954 10 10 1.0
60 3 4 954 4 4 0.4
60 5 0 954 0 0 0.0
61 4 0 956 0 0 0.0
61 2 1 957 1 1 0.1
62 6 0 959 0 0 0.0
62 3 1 962 1 1 0.1
63 4 1 963 1 1 0.1
63 6 0 964 0 0 0.0
63 2 4 967 4 4 0.4
64 1 3 968 3 3 0.3
64 5 0 970 0 0 0.0
65 2 4 970 4 4 0.4
65 3 3 971 3 3 0.3
65 5 0 972 0 0 0.0
66 3 1 975 1 1 0.1
66 4 0 976 0 0 0.0
66 2 4 977 4 4 0.4
67 2 4 980 4 4 0.4
67 5 0 981 0 0 0.0
67 4 3 981 3 3 0.3
68 3 3 981 3 3 0.3
68 4 0 982 0 0 0.0
69 3 0 983 0 0 0.0
70 3 0 984 0 0 0.0
71 3 0 984 0 0 0.0
72 2 1 984 1 1 0.1
72 5 0 985 0 0 0.0
73 3 0 986 0 0 0.0
74 2 3 987 3 3 0.3
74 4 0 987 0 0 0.0
75 3 0 988 0 0 0.0
76 3 0 989 0 0 0.0
77 1 5 994 5 5 0.5
77 3 1 994 1 1 0.1
77 4 0 996 0 0 0.0
78 2 1 997 1 1 0.1
78 4 0 997 0 0 0.0
79 4 1 998 1 1 0.1
79 2 4 999 4 4 0.4
79 5 0 999 0 0 0.0
80 3 1 999 1 1 0.1
80 5 0 999 0 0 0.0
81 3 2 999 2 2 0.2
81 6 0 999 0 0 0.0
81 4 1 999 1 1 0.1
82 3 0 999 0 0 0.0
82 2 1 999 1 1 0.1
83 3 0 1000 0 0 0.0
84 3 1 1004 1 1 0.1
84 6 0 1004 0 0 0.0
85 5 0 1006 0 0 0.0
85 3 1 1006 1 1 0.1
85 2 4 1006 4 4 0.4
86 3 1 1006 1 1 0.1
86 5 0 1006 0 0 0.0
87 6 0 1006 0 0 0.0
87 2 1 1007 1 1 0.1
88 6 0 1008 0 0 0.0
88 4 1 1009 1 1 0.1
88 2 5 1009 5 5 0.5
89 2 2 1009 2 2 0.2
89 3 1 1009 1 1 0.1
89 4 0 1009 0 0 0.0
90 5 0 1009 0 0 0.0
90 2 1 1009 1 1 0.1
91 5 0 1009 0 0 0.0
91 2 1 1010 1 1 0.1
92 2 4 1010 4 4 0.4
92 3 0 1010 0 0 0.0
93 3 3 1011 3 3 0.3
93 4 0 1011 0 0 0.0
94 2 2 1011 2 2 0.2
94 1 5 1012 5 5 0.5
94 4 0 1012 0 0 0.0
94 3 1 1012 1 1 0.1
95 4 1 1012 1 1 0.1
95 6 0 1012 0 0 0.0
96 4 0 1013 0 0 0.0
96 2 1 1013 1 1 0.1
97 3 0 1013 0 0 0.0
98 3 1 1013 1 1 0.1
98 5 0 1013 0 0 0.0
99 4 0 1013 0 0 0.0
99 2 2 1013 2 2 0.2
100 1 6 1013 6 6 0.6
100 3 0 1013 0 0 0.0
101 4 0 1014 0 0 0.0
102 5 0 1014 0 0 0.0
102 3 3 1015 3 3 0.3
103 4 0 1015 0 0 0.0
103 3 2 1015 2 2 0.2
104 4 0 1015 0 0 0.0
104 2 5 1015 5 5 0.5
104 3 2 1016 2 2 0.2
105 4 0 1016 0 0 0.0
105 2 1 1016 1 1 0.1
106 4 0 1016 0 0 0.0
106 3 1 1017 1 1 0.1
107 5 0 1017 0 0 0.0
107 3 1 1017 1 1 0.1
108 4 1 1017 1 1 0.1
108 5 0 1017 0 0 0.0
109 6 0 1018 0 0 0.0
109 3 1 1018 1 1 0.1
110 3 1 1020 1 1 0.1
110 6 0 1021 0 0 0.0
111 2 2 1021 2 2 0.2
111 4 0 1021 0 0 0.0
112 4 0 1021 0 0 0.0
113 4 0 1021 0 0 0.0
113 3 1 1021 1 1 0.1
114 4 0 1021 0 0 0.0
114 3 1 1021 1 1 0.1
115 4 0 1021 0 0 0.0
115 2 3 1021 3 3 0.3
116 1 1 1021 1 1 0.1
116 6 0 1021 0 0 0.0
117 2 4 1021 4 4 0.4
117 6 0 1021 0 0 0.0
117 3 2 1021 2 2 0.2
117 4 1 1021 1 1 0.1
118 2 2 1021 2 2 0.2
118 4 0 1021 0 0 0.0
119 2 1 1021 1 1 0.1
119 4 0 1021 0 0 0.0
120 3 1 1021 1 1 0.1
120 4 0 1022 0 0 0.0
121 3 2 1022 2 2 0.2
121 5 0 1022 0 0 0.0
121 4 1 1022 1 1 0.1
122 7 0 1022 0 0 0.0
122 5 1 1022 1 1 0.1
122 2 3 1022 3 3 0.3
123 3 3 1022 3 3 0.3
123 5 0 1022 0 0 0.0
123 4 1 1022 1 1 0.1
124 3 0 1022 0 0 0.0
125 4 0 1023 0 0 0.0
126 4 0 1023 0 0 0.0
126 3 3 1023 3 3 0.3
127 5 0 1023 0 0 0.0
127 4 1 1023 1 1 0.1
128 3 0 1023 0 0 0.0
129 3 0 1023 0 0 0.0
130 3 0 1023 0 0 0.0
131 5 0 1023 0 0 0.0
131 4 1 1023 1 1 0.1
131 2 2 1023 2 2 0.2
132 3 0 1023 0 0 0.0
133 2 4 1023 4 4 0.4
133 3 0 1023 0 0 0.0
134 3 0 1023 0 0 0.0
135 3 0 1023 0 0 0.0
136 5 0 1023 0 0 0.0
136 2 1 1023 1 1 0.1
137 2 2 1023 2 2 0.2
137 3 0 1023 0 0 0.0
138 4 0 1023 0 0 0.0
138 3 7 1023 7 7 0.7
139 6 0 1023 0 0 0.0
139 3 1 1023 1 1 0.1
140 5 0 1023 0 0 0.0
140 3 1 1023 1 1 0.1
141 5 0 1023 0 0 0.0
141 4 1 1023 1 1 0.1
142 5 0 1023 0 0 0.0
142 4 1 1023 1 1 0.1
143 4 0 1023 0 0 0.0
143 3 1 1023 1 1 0.1
143 2 6 1023 6 6 0.6
144 4 0 1023 0 0 0.0
144 2 1 1023 1 1 0.1
145 2 3 1023 3 3 0.3
145 3 0 1023 0 0 0.0
146 6 0 1023 0 0 0.0
146 3 1 1023 1 1 0.1
147 4 0 1023 0 0 0.0
147 3 4 1023 4 4 0.4
148 4 0 1024 0 0 0.0
149 3 0 1024 0 0 0.0
149 2 3 1024 3 3 0.3
150 2 2 1024 2 2 0.2
150 4 0 1024 0 0 0.0
151 4 0 1024 0 0 0.0
151 2 1 1024 1 1 0.1
152 5 0 1024 0 0 0.0
152 2 4 1024 4 4 0.4
153 3 3 1024 3 3 0.3
153 5 0 1024 0 0 0.0
154 4 0 1024 0 0 0.0
154 3 1 1024 1 1 0.1
155 6 0 1024 0 0 0.0
155 2 3 1024 3 3 0.3
155 4 1 1024 1 1 0.1
156 3 0 1024 0 0 0.0
157 3 3 1024 3 3 0.3
157 4 0 1024 0 0 0.0
158 5 0 1024 0 0 0.0
158 4 3 1024 3 3 0.3
159 3 0 1024 0 0 0.0
160 2 0 1024 0 0 0.0
161 2 1 1024 1 1 0.1
161 1 5 1024 5 5 0.5
161 4 0 1024 0 0 0.0
162 5 0 1024 0 0 0.0
162 4 2 1024 2 2 0.2
162 3 4 1024 4 4 0.4
163 2 0 1024 0 0 0.0
164 5 0 1024 0 0 0.0
164 4 1 1024 1 1 0.1
164 2 6 1024 6 6 0.6
165 4 1 1024 1 1 0.1
165 6 0 1024 0 0 0.0
165 1 7 1024 7 7 0.7
166 4 0 1024 0 0 0.0
166 1 4 1024 4 4 0.4
166 2 3 1024 3 3 0.3
167 4 0 1024 0 0 0.0
167 3 1 1024 1 1 0.1
168 1 4 1024 4 4 0.4
168 4 0 1024 0 0 0.0
169 5 1 1024 1 1 0.1
169 6 0 1024 0 0 0.0
169 2 2 1024 2 2 0.2
170 5 0 1024 0 0 0.0
171 3 0 1024 0 0 0.0
172 4 0 1024 0 0 0.0
173 2 1 1024 1 1 0.1
173 5 0 1024 0 0 0.0
174 5 0 1024 0 0 0.0
175 4 0 1024 0 0 0.0
175 2 2 1024 2 2 0.2
175 1 5 1024 5 5 0.5
176 3 2 1024 2 2 0.2
176 4 0 1024 0 0 0.0
177 4 1 1024 1 1 0.1
177 5 0 1024 0 0 0.0
178 4 0 1024 0 0 0.0
179 2 0 1024 0 0 0.0
180 3 1 1024 1 1 0.1
180 4 0 1024 0 0 0.0
181 3 0 1024 0 0 0.0
182 3 0 1024 0 0 0.0
183 4 0 1024 0 0 0.0
184 5 0 1024 0 0 0.0
185 3 0 1024 0 0 0.0
186 2 5 1024 5 5 0.5
186 4 0 1024 0 0 0.0
187 4 0 1024 0 0 0.0
187 2 1 1024 1 1 0.1
188 4 0 1024 0 0 0.0
188 2 2 1024 2 2 0.2
188 3 1 1024 1 1 0.1
189 1 4 1024 4 4 0.4
189 3 1 1024 1 1 0.1
189 4 0 1024 0 0 0.0
190 3 1 1024 1 1 0.1
190 5 0 1024 0 0 0.0
191 3 1 1024 1 1 0.1
191 5 0 1024 0 0 0.0
192 3 0 1024 0 0 0.0
193 2 5 1024 5 5 0.5
193 3 0 1024 0 0 0.0
194 5 0 1024 0 0 0.0
194 3 6 1024 6 6 0.6
194 4 3 1024 3 3 0.3
195 4 1 1024 1 1 0.1
195 1 4 1024 4 4 0.4
195 5 0 1024 0 0 0.0
196 5 0 1024 0 0 0.0
196 3 1 1024 1 1 0.1
197 4 1 1024 1 1 0.1
197 6 0 1024 0 0 0.0
197 2 4 1024 4 4 0.4
198 4 2 1024 2 2 0.2
198 5 0 1024 0 0 0.0
199 2 0 1024 0 0 0.0
200 3 0 1024 0 0 0.0
201 2 4 1024 4 4 0.4
201 4 0 1024 0 0 0.0
202 5 0 1024 0 0 0.0
202 4 1 1024 1 1 0.1
202 3 2 1024 2 2 0.2
203 3 0 1024 0 0 0.0
204 5 0 1024 0 0 0.0
204 4 1 1024 1 1 0.1
204 0 10 1024 10 10 1.0
205 4 0 1024 0 0 0.0
206 4 0 1024 0 0 0.0
206 3 1 1024 1 1 0.1
207 4 0 1024 0 0 0.0
207 3 1 1024 1 1 0.1
208 4 0 1024 0 0 0.0
208 3 1 1024 1 1 0.1
209 4 0 1024 0 0 0.0
210 4 0 1024 0 0 0.0
211 3 0 1024 0 0 0.0
211 1 1 1024 1 1 0.1
212 4 0 1024 0 0 0.0
212 2 2 1024 2 2 0.2
213 3 0 1024 0 0 0.0
214 4 0 1024 0 0 0.0
214 2 4 1024 4 4 0.4
215 2 4 1024 4 4 0.4
215 4 0 1024 0 0 0.0
215 3 2 1024 2 2 0.2
216 3 0 1024 0 0 0.0
217 4 0 1024 0 0 0.0
217 1 4 1024 4 4 0.4
218 5 0 1024 0 0 0.0
218 4 1 1024 1 1 0.1
219 3 0 1024 0 0 0.0
220 2 0 1024 0 0 0.0
221 3 3 1024 3 3 0.3
221 4 1 1024 1 1 0.1
221 5 0 1024 0 0 0.0
222 4 0 1024 0 0 0.0
222 3 1 1024 1 1 0.1
223 2 0 1024 0 0 0.0
224 2 3 1024 3 3 0.3
224 3 1 1024 1 1 0.1
224 4 0 1024 0 0 0.0
225 4 0 1024 0 0 0.0
225 2 1 1024 1 1 0.1
226 5 0 1024 0 0 0.0
226 4 1 1024 1 1 0.1
227 3 1 1024 1 1 0.1
227 4 0 1024 0 0 0.0
228 3 2 1024 2 2 0.2
228 4 0 1024 0 0 0.0
229 5 0 1024 0 0 0.0
229 4 2 1024 2 2 0.2
230 4 1 1024 1 1 0.1
230 5 0 1024 0 0 0.0
231 5 0 1024 0 0 0.0
231 3 1 1024 1 1 0.1
232 4 1 1024 1 1 0.1
232 5 0 1024 0 0 0.0
233 4 0 1024 0 0 0.0
234 4 0 1024 0 0 0.0
234 1 3 1024 3 3 0.3
235 3 1 1024 1 1 0.1
235 4 0 1024 0 0 0.0
235 2 4 1024 4 4 0.4
236 5 0 1024 0 0 0.0
236 3 1 1024 1 1 0.1
237 6 0 1024 0 0 0.0
237 3 1 1024 1 1 0.1
237 2 2 1024 2 2 0.2
238 2 4 1024 4 4 0.4
238 4 0 1024 0 0 0.0
239 4 0 1024 0 0 0.0
239 3 1 1024 1 1 0.1
240 4 0 1024 0 0 0.0
241 4 0 1024 0 0 0.0
242 4 1 1024 1 1 0.1
242 6 0 1024 0 0 0.0
242 2 7 1024 7 7 0.7
243 4 1 1024 1 1 0.1
243 5 0 1024 0 0 0.0
244 3 1 1024 1 1 0.1
244 4 0 1024 0 0 0.0
245 5 0 1024 0 0 0.0
245 4 4 1024 4 4 0.4
246 3 0 1024 0 0 0.0
247 3 0 1024 0 0 0.0
248 4 0 1024 0 0 0.0
248 3 2 1024 2 2 0.2
249 6 0 1024 0 0 0.0
249 3 1 1024 1 1 0.1
250 1 5 1024 5 5 0.5
250 4 0 1024 0 0 0.0
251 3 2 1024 2 2 0.2
251 4 0 1024 0 0 0.0
251 2 6 1024 6 6 0.6
252 4 0 1024 0 0 0.0
252 3 1 1024 1 1 0.1
253 4 0 1024 0 0 0.0
254 4 0 1024 0 0 0.0
255 3 3 1024 3 3 0.3
255 4 0 1024 0 0 0.0
256 4 0 1024 0 0 0.0
257 7 0 1024 0 0 0.0
257 3 1 1024 1 1 0.1
258 3 0 1024 0 0 0.0
258 1 6 1024 6 6 0.6
259 4 0 1024 0 0 0.0
259 3 4 1024 4 4 0.4
260 3 0 1024 0 0 0.0
261 5 0 1024 0 0 0.0
261 4 1 1024 1 1 0.1
262 4 0 1024 0 0 0.0
262 2 1 1024 1 1 0.1
263 4 1 1024 1 1 0.1
263 3 2 1024 2 2 0.2
263 2 4 1024 4 4 0.4
263 7 0 1024 0 0 0.0
264 4 0 1024 0 0 0.0
264 3 1 1024 1 1 0.1
265 4 1 1024 1 1 0.1
265 5 0 1024 0 0 0.0
265 3 3 1024 3 3 0.3
266 4 0 1024 0 0 0.0
266 1 4 1024 4 4 0.4
266 3 3 1024 3 3 0.3
267 4 0 1024 0 0 0.0
268 2 1 1024 1 1 0.1
268 4 0 1024 0 0 0.0
269 2 4 1024 4 4 0.4
269 5 0 1024 0 0 0.0
269 4 1 1024 1 1 0.1
270 2 2 1024 2 2 0.2
270 4 0 1024 0 0 0.0
271 4 0 1024 0 0 0.0
272 3 1 1024 1 1 0.1
272 6 0 1024 0 0 0.0
273 5 0 1024 0 0 0.0
273 4 1 1024 1 1 0.1
274 2 0 1024 0 0 0.0
275 2 5 1024 5 5 0.5
275 3 0 1024 0 0 0.0
276 3 0 1024 0 0 0.0
276 2 1 1024 1 1 0.1
277 2 5 1024 5 5 0.5
277 3 0 1024 0 0 0.0
278 2 0 1024 0 0 0.0
279 3 3 1024 3 3 0.3
279 4 0 1024 0 0 0.0
280 1 2 1024 2 2 0.2
280 4 0 1024 0 0 0.0
281 4 0 1024 0 0 0.0
282 6 0 1024 0 0 0.0
282 3 1 1024 1 1 0.1
283 3 0 1024 0 0 0.0
284 5 0 1024 0 0 0.0
284 3 1 1024 1 1 0.1
285 2 4 1024 4 4 0.4
285 4 0 1024 0 0 0.0
286 5 1 1024 1 1 0.1
286 6 0 1024 0 0 0.0
287 3 0 1024 0 0 0.0
288 3 1 1024 1 1 0.1
288 4 0 1024 0 0 0.0
289 3 0 1024 0 0 0.0
290 4 0 1024 0 0 0.0
291 4 1 1024 1 1 0.1
291 6 0 1024 0 0 0.0
292 2 2 1024 2 2 0.2
292 4 0 1024 0 0 0.0
293 4 0 1024 0 0 0.0
293 3 4 1024 4 4 0.4
294 0 10 1024 10 10 1.0
294 3 0 1024 0 0 0.0
295 3 2 1024 2 2 0.2
295 4 0 1024 0 0 0.0
296 3 2 1024 2 2 0.2
296 2 3 1024 3 3 0.3
296 6 0 1024 0 0 0.0
297 3 1 1024 1 1 0.1
297 4 0 1024 0 0 0.0
297 2 6 1024 6 6 0.6
298 4 0 1024 0 0 0.0
298 3 1 1024 1 1 0.1
299 2 2 1024 2 2 0.2
299 4 0 1024 0 0 0.0
300 2 5 1024 5 5 0.5
300 5 0 1024 0 0 0.0
300 3 1 1024 1 1 0.1
301 4 1 1024 1 1 0.1
301 1 5 1024 5 5 0.5
301 5 0 1024 0 0 0.0
302 4 0 1024 0 0 0.0
302 3 2 1024 2 2 0.2
303 3 0 1024 0 0 0.0
304 4 1 1024 1 1 0.1
304 3 3 1024 3 3 0.3
304 6 0 1024 0 0 0.0
305 3 2 1024 2 2 0.2
305 4 1 1024 1 1 0.1
305 5 0 1024 0 0 0.0
305 2 3 1024 3 3 0.3
306 3 0 1024 0 0 0.0
307 4 0 1024 0 0 0.0
307 2 2 1024 2 2 0.2
308 2 2 1024 2 2 0.2
308 3 0 1024 0 0 0.0
309 5 0 1024 0 0 0.0
309 3 1 1024 1 1 0.1
309 2 4 1024 4 4 0.4
310 3 1 1024 1 1 0.1
310 4 0 1024 0 0 0.0
311 3 1 1024 1 1 0.1
311 5 0 1024 0 0 0.0
312 6 0 1024 0 0 0.0
312 3 1 1024 1 1 0.1
313 4 2 1024 2 2 0.2
313 5 0 1024 0 0 0.0
313 3 3 1024 3 3 0.3
314 4 0 1024 0 0 0.0
315 3 0 1024 0 0 0.0
315 2 5 1024 5 5 0.5
316 2 0 1024 0 0 0.0
317 3 3 1024 3 3 0.3
317 4 0 1024 0 0 0.0
318 2 4 1024 4 4 0.4
318 4 0 1024 0 0 0.0
318 3 3 1024 3 3 0.3
319 4 0 1024 0 0 0.0
319 2 1 1024 1 1 0.1
320 2 1 1024 1 1 0.1
320 6 0 1024 0 0 0.0
321 3 0 1024 0 0 0.0
322 3 1 1024 1 1 0.1
322 4 0 1024 0 0 0.0
323 6 0 1024 0 0 0.0
323 3 2 1024 2 2 0.2
323 5 1 1024 1 1 0.1
324 3 0 1024 0 0 0.0
325 4 0 1024 0 0 0.0
326 2 3 1024 3 3 0.3
326 4 0 1024 0 0 0.0
327 3 1 1024 1 1 0.1
327 4 0 1024 0 0 0.0
328 2 4 1024 4 4 0.4
328 4 0 1024 0 0 0.0
329 0 10 1024 10 10 1.0
329 3 0 1024 0 0 0.0
330 5 0 1024 0 0 0.0
330 1 4 1024 4 4 0.4
330 2 1 1024 1 1 0.1
331 3 0 1024 0 0 0.0
332 6 0 1024 0 0 0.0
332 5 1 1024 1 1 0.1
332 4 3 1024 3 3 0.3
332 2 4 1024 4 4 0.4
333 3 1 1024 1 1 0.1
333 5 0 1024 0 0 0.0
334 3 1 1024 1 1 0.1
334 2 4 1024 4 4 0.4
334 4 0 1024 0 0 0.0
335 3 0 1024 0 0 0.0
336 4 0 1024 0 0 0.0
336 3 2 1024 2 2 0.2
337 3 1 1024 1 1 0.1
337 5 0 1024 0 0 0.0
338 5 1 1024 1 1 0.1
338 1 5 1024 5 5 0.5
338 6 0 1024 0 0 0.0
338 3 4 1024 4 4 0.4
339 3 1 1024 1 1 0.1
339 4 0 1024 0 0 0.0
340 2 3 1024 3 3 0.3
340 6 0 1024 0 0 0.0
340 4 1 1024 1 1 0.1
341 4 0 1024 0 0 0.0
341 3 1 1024 1 1 0.1
342 1 2 1024 2 2 0.2
342 3 1 1024 1 1 0.1
342 4 0 1024 0 0 0.0
343 4 0 1024 0 0 0.0
344 5 0 1024 0 0 0.0
344 3 1 1024 1 1 0.1
345 4 0 1024 0 0 0.0
345 3 4 1024 4 4 0.4
346 5 0 1024 0 0 0.0
346 3 3 1024 3 3 0.3
346 2 4 1024 4 4 0.4
347 7 0 1024 0 0 0.0
347 3 1 1024 1 1 0.1
347 2 2 1024 2 2 0.2
348 3 1 1024 1 1 0.1
348 6 0 1024 0 0 0.0
349 3 1 1024 1 1 0.1
349 5 0 1024 0 0 0.0
350 5 0 1024 0 0 0.0
350 3 4 1024 4 4 0.4
351 2 0 1024 0 0 0.0
352 1 3 1024 3 3 0.3
352 4 0 1024 0 0 0.0
353 5 0 1024 0 0 0.0
353 3 1 1024 1 1 0.1
354 2 1 1024 1 1 0.1
354 3 0 1024 0 0 0.0
355 3 1 1024 1 1 0.1
355 5 0 1024 0 0 0.0
356 5 0 1024 0 0 0.0
356 4 1 1024 1 1 0.1
357 4 0 1024 0 0 0.0
358 2 2 1024 2 2 0.2
358 4 0 1024 0 0 0.0
359 3 1 1024 1 1 0.1
359 2 5 1024 5 5 0.5
359 4 0 1024 0 0 0.0
360 3 0 1024 0 0 0.0
361 2 4 1024 4 4 0.4
361 4 0 1024 0 0 0.0
361 3 1 1024 1 1 0.1
362 2 0 1024 0 0 0.0
363 3 0 1024 0 0 0.0
364 6 0 1024 0 0 0.0
364 2 1 1024 1 1 0.1
365 4 3 1024 3 3 0.3
365 5 0 1024 0 0 0.0
366 3 1 1024 1 1 0.1
366 5 0 1024 0 0 0.0
367 2 1 1024 1 1 0.1
367 3 0 1024 0 0 0.0
368 4 0 1024 0 0 0.0
368 2 1 1024 1 1 0.1
369 2 4 1024 4 4 0.4
369 4 0 1024 0 0 0.0
369 3 2 1024 2 2 0.2
370 5 0 1024 0 0 0.0
370 3 1 1024 1 1 0.1
371 2 3 1024 3 3 0.3
371 4 0 1024 0 0 0.0
372 5 0 1024 0 0 0.0
372 1 1 1024 1 1 0.1
373 4 1 1024 1 1 0.1
373 5 0 1024 0 0 0.0
374 3 2 1024 2 2 0.2
374 4 0 1024 0 0 0.0
375 3 1 1024 1 1 0.1
375 5 0 1024 0 0 0.0
376 4 0 1024 0 0 0.0
377 4 1 1024 1 1 0.1
377 6 0 1024 0 0 0.0
377 2 2 1024 2 2 0.2
378 4 0 1024 0 0 0.0
378 3 4 1024 4 4 0.4
379 1 6 1024 6 6 0.6
379 3 1 1024 1 1 0.1
379 5 0 1024 0 0 0.0
380 3 0 1024 0 0 0.0
381 4 0 1024 0 0 0.0
381 3 2 1024 2 2 0.2
382 3 0 1024 0 0 0.0
383 3 0 1024 0 0 0.0
384 5 0 1024 0 0 0.0
384 4 2 1024 2 2 0.2
384 3 3 1024 3 3 0.3
385 4 0 1024 0 0 0.0
385 3 2 1024 2 2 0.2
385 2 5 1024 5 5 0.5
386 1 1 1024 1 1 0.1
386 6 0 1024 0 0 0.0
387 3 0 1024 0 0 0.0
388 2 1 1024 1 1 0.1
388 3 0 1024 0 0 0.0
389 4 0 1024 0 0 0.0
389 3 2 1024 2 2 0.2
390 3 0 1024 0 0 0.0
391 4 0 1024 0 0 0.0
392 5 0 1024 0 0 0.0
393 2 0 1024 0 0 0.0
394 4 0 1024 0 0 0.0
395 1 6 1024 6 6 0.6
395 3 3 1024 3 3 0.3
395 5 0 1024 0 0 0.0
396 4 0 1024 0 0 0.0
397 4 0 1024 0 0 0.0
397 2 5 1024 5 5 0.5
397 3 1 1024 1 1 0.1
398 4 2 1024 2 2 0.2
398 6 0 1024 0 0 0.0
398 5 1 1024 1 1 0.1
399 3 0 1024 0 0 0.0
400 3 1 1024 1 1 0.1
400 1 6 1024 6 6 0.6
400 5 0 1024 0 0 0.0
401 4 0 1024 0 0 0.0
401 3 3 1024 3 3 0.3
402 3 0 1024 0 0 0.0
403 3 4 1024 4 4 0.4
403 4 1 1024 1 1 0.1
403 5 0 1024 0 0 0.0
404 2 1 1024 1 1 0.1
404 5 0 1024 0 0 0.0
405 5 0 1024 0 0 0.0
405 3 1 1024 1 1 0.1
406 3 0 1024 0 0 0.0
407 4 0 1024 0 0 0.0
407 3 1 1024 1 1 0.1
408 4 0 1024 0 0 0.0
409 3 0 1024 0 0 0.0
410 2 2 1024 2 2 0.2
410 4 0 1024 0 0 0.0
411 4 0 1024 0 0 0.0
412 3 0 1024 0 0 0.0
413 1 6 1024 6 6 0.6
413 2 3 1024 3 3 0.3
413 4 0 1024 0 0 0.0
414 4 0 1024 0 0 0.0
414 3 2 1024 2 2 0.2
414 2 3 1024 3 3 0.3
415 4 0 1024 0 0 0.0
416 4 1 1024 1 1 0.1
416 5 0 1024 0 0 0.0
417 3 1 1024 1 1 0.1
417 4 0 1024 0 0 0.0
418 4 0 1024 0 0 0.0
418 3 2 1024 2 2 0.2
419 6 0 1024 0 0 0.0
419 3 1 1024 1 1 0.1
420 4 1 1024 1 1 0.1
420 5 0 1024 0 0 0.0
421 3 0 1024 0 0 0.0
422 6 0 1024 0 0 0.0
422 2 1 1024 1 1 0.1
423 5 0 1024 0 0 0.0
423 4 1 1024 1 1 0.1
423 2 6 1024 6 6 0.6
424 5 0 1024 0 0 0.0
424 4 2 1024 2 2 0.2
425 2 5 1024 5 5 0.5
425 5 1 1024 1 1 0.1
425 3 2 1024 2 2 0.2
425 7 0 1024 0 0 0.0
426 4 0 1024 0 0 0.0
427 3 1 1024 1 1 0.1
427 5 0 1024 0 0 0.0
428 3 2 1024 2 2 0.2
428 4 0 1024 0 0 0.0
429 5 0 1024 0 0 0.0
429 1 3 1024 3 3 0.3
430 4 1 1024 1 1 0.1
430 2 3 1024 3 3 0.3
430 6 0 1024 0 0 0.0
431 4 0 1024 0 0 0.0
431 3 1 1024 1 1 0.1
432 3 1 1024 1 1 0.1
432 4 0 1024 0 0 0.0
432 2 3 1024 3 3 0.3
433 4 0 1024 0 0 0.0
433 3 1 1024 1 1 0.1
434 2 1 1024 1 1 0.1
434 4 0 1024 0 0 0.0
435 3 2 1024 2 2 0.2
435 4 0 1024 0 0 0.0
436 2 4 1024 4 4 0.4
436 4 0 1024 0 0 0.0
437 4 0 1024 0 0 0.0
437 3 2 1024 2 2 0.2
438 5 0 1024 0 0 0.0
438 4 4 1024 4 4 0.4
439 4 0 1024 0 0 0.0
440 4 0 1024 0 0 0.0
441 4 2 1024 2 2 0.2
441 6 0 1024 0 0 0.0
441 2 4 1024 4 4 0.4
441 5 1 1024 1 1 0.1
442 2 0 1024 0 0 0.0
443 3 0 1024 0 0 0.0
444 4 0 1024 0 0 0.0
445 2 1 1024 1 1 0.1
445 6 0 1024 0 0 0.0
445 1 2 1024 2 2 0.2
446 3 1 1024 1 1 0.1
446 4 0 1024 0 0 0.0
447 5 0 1024 0 0 0.0
447 2 1 1024 1 1 0.1
448 3 0 1024 0 0 0.0
449 4 1 1024 1 1 0.1
449 3 2 1024 2 2 0.2
449 5 0 1024 0 0 0.0
450 1 6 1024 6 6 0.6
450 2 4 1024 4 4 0.4
450 4 0 1024 0 0 0.0
451 5 0 1024 0 0 0.0
451 2 1 1024 1 1 0.1
452 2 3 1024 3 3 0.3
452 3 0 1024 0 0 0.0
453 3 1 1024 1 1 0.1
453 4 0 1024 0 0 0.0
453 2 4 1024 4 4 0.4
454 2 4 1024 4 4 0.4
454 4 0 1024 0 0 0.0
454 3 2 1024 2 2 0.2
455 3 0 1024 0 0 0.0
455 2 3 1024 3 3 0.3
456 2 0 1024 0 0 0.0
457 4 0 1024 0 0 0.0
458 4 0 1024 0 0 0.0
459 4 0 1024 0 0 0.0
459 2 3 1024 3 3 0.3
460 3 0 1024 0 0 0.0
461 3 0 1024 0 0 0.0
462 2 3 1024 3 3 0.3
462 5 0 1024 0 0 0.0
462 3 2 1024 2 2 0.2
463 3 0 1024 0 0 0.0
464 5 0 1024 0 0 0.0
464 2 2 1024 2 2 0.2
465 2 1 1024 1 1 0.1
465 3 0 1024 0 0 0.0
466 2 2 1024 2 2 0.2
466 4 0 1024 0 0 0.0
467 3 4 1024 4 4 0.4
467 4 0 1024 0 0 0.0
468 3 1 1024 1 1 0.1
468 5 0 1024 0 0 0.0
468 2 3 1024 3 3 0.3
469 4 0 1024 0 0 0.0
469 2 1 1024 1 1 0.1
470 2 4 1024 4 4 0.4
470 3 0 1024 0 0 0.0
471 2 1 1024 1 1 0.1
471 4 0 1024 0 0 0.0
472 7 0 1024 0 0 0.0
472 3 1 1024 1 1 0.1
473 3 2 1024 2 2 0.2
473 4 0 1024 0 0 0.0
474 5 0 1024 0 0 0.0
474 4 3 1024 3 3 0.3
474 3 4 1024 4 4 0.4
475 3 0 1024 0 0 0.0
476 5 0 1024 0 0 0.0
476 1 6 1024 6 6 0.6
476 3 2 1024 2 2 0.2
477 5 0 1024 0 0 0.0
477 2 3 1024 3 3 0.3
477 3 1 1024 1 1 0.1
478 2 1 1024 1 1 0.1
478 6 0 1024 0 0 0.0
479 3 0 1024 0 0 0.0
480 4 0 1024 0 0 0.0
480 3 1 1024 1 1 0.1
481 5 0 1024 0 0 0.0
481 3 2 1024 2 2 0.2
481 4 1 1024 1 1 0.1
482 5 0 1024 0 0 0.0
482 3 1 1024 1 1 0.1
482 2 5 1024 5 5 0.5
483 5 0 1024 0 0 0.0
484 4 0 1024 0 0 0.0
485 3 1 1024 1 1 0.1
485 1 7 1024 7 7 0.7
485 4 0 1024 0 0 0.0
486 6 0 1024 0 0 0.0
486 3 1 1024 1 1 0.1
487 4 0 1024 0 0 0.0
487 2 6 1024 6 6 0.6
488 3 1 1024 1 1 0.1
488 2 2 1024 2 2 0.2
488 4 0 1024 0 0 0.0
489 3 0 1024 0 0 0.0
489 1 7 1024 7 7 0.7
490 4 1 1024 1 1 0.1
490 6 0 1024 0 0 0.0
491 6 0 1024 0 0 0.0
491 4 1 1024 1 1 0.1
492 3 0 1024 0 0 0.0
493 4 0 1024 0 0 0.0
493 3 1 1024 1 1 0.1
494 2 1 1024 1 1 0.1
494 3 0 1024 0 0 0.0
495 4 0 1024 0 0 0.0
496 3 1 1024 1 1 0.1
496 6 0 1024 0 0 0.0
497 4 0 1024 0 0 0.0
497 2 3 1024 3 3 0.3
498 4 0 1024 0 0 0.0
498 3 1 1024 1 1 0.1
499 5 0 1024 0 0 0.0
499 4 1 1024 1 1 0.1
499 1 3 1024 3 3 0.3
500 2 0 1024 0 0 0.0
501 4 0 1024 0 0 0.0
502 4 0 1024 0 0 0.0
502 2 2 1024 2 2 0.2
503 4 0 1024 0 0 0.0
503 3 1 1024 1 1 0.1
504 3 0 1024 0 0 0.0
505 3 2 1024 2 2 0.2
505 6 0 1024 0 0 0.0
506 1 1 1024 1 1 0.1
506 4 0 1024 0 0 0.0
507 4 0 1024 0 0 0.0
508 4 0 1024 0 0 0.0
508 3 5 1024 5 5 0.5
509 3 0 1024 0 0 0.0
510 5 0 1024 0 0 0.0
510 3 4 1024 4 4 0.4
511 4 0 1024 0 0 0.0
511 3 1 1024 1 1 0.1
512 6 0 1024 0 0 0.0
512 3 1 1024 1 1 0.1
513 4 0 1024 0 0 0.0
513 2 4 1024 4 4 0.4
514 3 0 1024 0 0 0.0
515 3 0 1024 0 0 0.0
516 3 1 1024 1 1 0.1
516 4 0 1024 0 0 0.0
517 5 0 1024 0 0 0.0
517 1 7 1024 7 7 0.7
517 4 1 1024 1 1 0.1
517 2 4 1024 4 4 0.4
518 4 0 1024 0 0 0.0
518 2 1 1024 1 1 0.1
519 4 0 1024 0 0 0.0
519 2 2 1024 2 2 0.2
520 6 0 1024 0 0 0.0
520 3 1 1024 1 1 0.1
521 5 0 1024 0 0 0.0
521 2 5 1024 5 5 0.5
522 5 0 1024 0 0 0.0
522 3 1 1024 1 1 0.1
523 6 0 1024 0 0 0.0
523 2 1 1024 1 1 0.1
524 3 1 1024 1 1 0.1
524 5 0 1024 0 0 0.0
525 3 1 1024 1 1 0.1
525 5 0 1024 0 0 0.0
526 3 1 1024 1 1 0.1
526 4 0 1024 0 0 0.0
527 4 0 1024 0 0 0.0
527 3 1 1024 1 1 0.1
528 3 4 1024 4 4 0.4
528 4 0 1024 0 0 0.0
529 3 3 1024 3 3 0.3
529 4 0 1024 0 0 0.0
530 4 0 1024 0 0 0.0
531 5 0 1024 0 0 0.0
531 3 2 1024 2 2 0.2
532 3 3 1024 3 3 0.3
532 4 0 1024 0 0 0.0
533 4 0 1024 0 0 0.0
534 5 0 1024 0 0 0.0
534 3 1 1024 1 1 0.1
535 3 1 1024 1 1 0.1
535 2 3 1024 3 3 0.3
535 4 0 1024 0 0 0.0
536 4 0 1024 0 0 0.0
537 4 0 1024 0 0 0.0
537 3 1 1024 1 1 0.1
537 2 4 1024 4 4 0.4
538 5 1 1024 1 1 0.1
538 4 2 1024 2 2 0.2
538 7 0 1024 0 0 0.0
539 6 0 1024 0 0 0.0
539 4 1 1024 1 1 0.1
540 4 1 1024 1 1 0.1
540 5 0 1024 0 0 0.0
541 3 1 1024 1 1 0.1
541 4 0 1024 0 0 0.0
542 6 0 1024 0 0 0.0
542 2 4 1024 4 4 0.4
542 3 1 1024 1 1 0.1
543 4 0 1024 0 0 0.0
543 2 4 1024 4 4 0.4
544 2 3 1024 3 3 0.3
544 3 1 1024 1 1 0.1
544 7 0 1024 0 0 0.0
545 6 0 1024 0 0 0.0
545 4 1 1024 1 1 0.1
546 2 1 1024 1 1 0.1
546 5 0 1024 0 0 0.0
547 2 0 1024 0 0 0.0
548 5 0 1024 0 0 0.0
548 3 3 1024 3 3 0.3
548 4 1 1024 1 1 0.1
549 5 0 1024 0 0 0.0
549 4 1 1024 1 1 0.1
549 2 2 1024 2 2 0.2
549 0 10 1024 10 10 1.0
550 4 1 1024 1 1 0.1
550 5 0 1024 0 0 0.0
550 2 2 1024 2 2 0.2
551 4 0 1024 0 0 0.0
551 0 10 1024 10 10 1.0
552 3 0 1024 0 0 0.0
553 5 0 1024 0 0 0.0
553 3 1 1024 1 1 0.1
554 4 0 1024 0 0 0.0
554 3 1 1024 1 1 0.1
555 3 0 1024 0 0 0.0
556 4 1 1024 1 1 0.1
556 5 0 1024 0 0 0.0
557 2 1 1024 1 1 0.1
557 5 0 1024 0 0 0.0
558 3 1 1024 1 1 0.1
558 4 0 1024 0 0 0.0
559 4 0 1024 0 0 0.0
559 3 6 1024 6 6 0.6
560 4 1 1024 1 1 0.1
560 3 2 1024 2 2 0.2
560 5 0 1024 0 0 0.0
561 3 1 1024 1 1 0.1
561 5 0 1024 0 0 0.0
562 4 0 1024 0 0 0.0
562 3 3 1024 3 3 0.3
563 3 1 1024 1 1 0.1
563 5 0 1024 0 0 0.0
563 2 4 1024 4 4 0.4
564 4 0 1024 0 0 0.0
565 0 10 1024 10 10 1.0
565 5 0 1024 0 0 0.0
565 3 4 1024 4 4 0.4
565 4 1 1024 1 1 0.1
566 4 0 1024 0 0 0.0
566 2 1 1024 1 1 0.1
567 2 5 1024 5 5 0.5
567 3 1 1024 1 1 0.1
567 6 0 1024 0 0 0.0
568 5 0 1024 0 0 0.0
568 4 1 1024 1 1 0.1
569 1 1 1024 1 1 0.1
569 3 0 1024 0 0 0.0
570 4 0 1024 0 0 0.0
570 3 2 1024 2 2 0.2
571 5 0 1024 0 0 0.0
571 2 1 1024 1 1 0.1
572 4 0 1024 0 0 0.0
572 3 2 1024 2 2 0.2
573 4 0 1024 0 0 0.0
573 3 1 1024 1 1 0.1
574 2 4 1024 4 4 0.4
574 4 0 1024 0 0 0.0
574 3 1 1024 1 1 0.1
575 4 0 1024 0 0 0.0
575 3 3 1024 3 3 0.3
576 3 0 1024 0 0 0.0
577 3 1 1024 1 1 0.1
577 4 0 1024 0 0 0.0
578 3 1 1024 1 1 0.1
578 4 0 1024 0 0 0.0
578 2 2 1024 2 2 0.2
579 3 1 1024 1 1 0.1
579 4 0 1024 0 0 0.0
580 3 0 1024 0 0 0.0
581 3 0 1024 0 0 0.0
582 4 0 1024 0 0 0.0
583 1 6 1024 6 6 0.6
583 3 0 1024 0 0 0.0
584 5 0 1024 0 0 0.0
584 3 3 1024 3 3 0.3
585 3 1 1024 1 1 0.1
585 4 0 1024 0 0 0.0
586 3 0 1024 0 0 0.0
587 5 0 1024 0 0 0.0
587 4 1 1024 1 1 0.1
588 4 0 1024 0 0 0.0
588 3 4 1024 4 4 0.4
589 5 0 1024 0 0 0.0
589 3 3 1024 3 3 0.3
589 4 1 1024 1 1 0.1
589 1 4 1024 4 4 0.4
590 5 0 1024 0 0 0.0
590 4 4 1024 4 4 0.4
591 4 0 1024 0 0 0.0
591 2 2 1024 2 2 0.2
591 3 1 1024 1 1 0.1
592 3 0 1024 0 0 0.0
593 5 0 1024 0 0 0.0
593 3 1 1024 1 1 0.1
594 5 0 1024 0 0 0.0
594 3 2 1024 2 2 0.2
594 4 1 1024 1 1 0.1
595 4 0 1024 0 0 0.0
596 4 0 1024 0 0 0.0
596 2 1 1024 1 1 0.1
597 3 0 1024 0 0 0.0
597 2 4 1024 4 4 0.4
598 3 1 1024 1 1 0.1
598 4 0 1024 0 0 0.0
598 2 5 1024 5 5 0.5
599 2 5 1024 5 5 0.5
599 3 0 1024 0 0 0.0
600 3 3 1024 3 3 0.3
600 4 0 1024 0 0 0.0
601 4 0 1024 0 0 0.0
602 0 10 1024 10 10 1.0
602 3 0 1024 0 0 0.0
603 5 0 1024 0 0 0.0
603 4 1 1024 1 1 0.1
603 2 3 1024 3 3 0.3
604 5 0 1024 0 0 0.0
604 3 2 1024 2 2 0.2
604 4 1 1024 1 1 0.1
605 2 4 1024 4 4 0.4
605 4 0 1024 0 0 0.0
606 3 2 1024 2 2 0.2
606 4 0 1024 0 0 0.0
607 3 0 1024 0 0 0.0
607 2 1 1024 1 1 0.1
608 4 0 1024 0 0 0.0
609 2 0 1024 0 0 0.0
610 5 0 1024 0 0 0.0
611 4 0 1024 0 0 0.0
611 3 2 1024 2 2 0.2
612 4 0 1024 0 0 0.0
613 5 0 1024 0 0 0.0
613 4 1 1024 1 1 0.1
614 4 1 1024 1 1 0.1
614 6 0 1024 0 0 0.0
614 2 3 1024 3 3 0.3
615 4 0 1024 0 0 0.0
615 3 2 1024 2 2 0.2
616 4 0 1024 0 0 0.0
616 1 1 1024 1 1 0.1
617 2 3 1024 3 3 0.3
617 3 0 1024 0 0 0.0
618 5 0 1024 0 0 0.0
618 1 1 1024 1 1 0.1
619 4 0 1024 0 0 0.0
619 2 3 1024 3 3 0.3
620 3 0 1024 0 0 0.0
620 2 2 1024 2 2 0.2
621 4 1 1024 1 1 0.1
621 6 0 1024 0 0 0.0
621 3 3 1024 3 3 0.3
622 3 0 1024 0 0 0.0
623 5 0 1024 0 0 0.0
623 4 1 1024 1 1 0.1
623 3 4 1024 4 4 0.4
623 2 5 1024 5 5 0.5
624 2 2 1024 2 2 0.2
624 5 0 1024 0 0 0.0
625 2 2 1024 2 2 0.2
625 4 0 1024 0 0 0.0
626 4 0 1024 0 0 0.0
626 2 3 1024 3 3 0.3
627 2 1 1024 1 1 0.1
627 3 0 1024 0 0 0.0
628 4 1 1024 1 1 0.1
628 2 3 1024 3 3 0.3
628 5 0 1024 0 0 0.0
629 2 0 1024 0 0 0.0
629 1 5 1024 5 5 0.5
630 6 0 1024 0 0 0.0
630 4 1 1024 1 1 0.1
630 0 10 1024 10 10 1.0
631 2 4 1024 4 4 0.4
631 3 0 1024 0 0 0.0
632 4 0 1024 0 0 0.0
632 3 1 1024 1 1 0.1
633 2 0 1024 0 0 0.0
634 3 0 1024 0 0 0.0
635 2 0 1024 0 0 0.0
636 4 0 1024 0 0 0.0
637 2 5 1024 5 5 0.5
637 3 3 1024 3 3 0.3
637 5 0 1024 0 0 0.0
638 4 0 1024 0 0 0.0
639 3 0 1024 0 0 0.0
640 2 0 1024 0 0 0.0
641 4 1 1024 1 1 0.1
641 3 2 1024 2 2 0.2
641 5 0 1024 0 0 0.0
642 2 0 1024 0 0 0.0
643 2 3 1024 3 3 0.3
643 4 0 1024 0 0 0.0
643 3 1 1024 1 1 0.1
644 5 0 1024 0 0 0.0
644 4 2 1024 2 2 0.2
644 2 5 1024 5 5 0.5
645 3 0 1024 0 0 0.0
646 3 2 1024 2 2 0.2
646 4 0 1024 0 0 0.0
647 3 0 1024 0 0 0.0
647 2 1 1024 1 1 0.1
648 6 0 1024 0 0 0.0
648 3 2 1024 2 2 0.2
648 5 1 1024 1 1 0.1
649 3 3 1024 3 3 0.3
649 4 0 1024 0 0 0.0
650 5 0 1024 0 0 0.0
650 4 1 1024 1 1 0.1
651 2 0 1024 0 0 0.0
652 3 0 1024 0 0 0.0
653 5 0 1024 0 0 0.0
653 4 1 1024 1 1 0.1
653 3 2 1024 2 2 0.2
654 4 0 1024 0 0 0.0
654 2 3 1024 3 3 0.3
654 3 1 1024 1 1 0.1
655 4 0 1024 0 0 0.0
655 3 3 1024 3 3 0.3
656 5 0 1024 0 0 0.0
656 2 2 1024 2 2 0.2
657 2 1 1024 1 1 0.1
657 4 0 1024 0 0 0.0
657 1 4 1024 4 4 0.4
658 3 0 1024 0 0 0.0
659 3 0 1024 0 0 0.0
660 5 0 1024 0 0 0.0
660 3 1 1024 1 1 0.1
661 3 1 1024 1 1 0.1
661 5 0 1024 0 0 0.0
661 2 5 1024 5 5 0.5
662 5 0 1024 0 0 0.0
663 3 1 1024 1 1 0.1
663 4 0 1024 0 0 0.0
664 1 4 1024 4 4 0.4
664 3 0 1024 0 0 0.0
665 8 0 1024 0 0 0.0
665 3 1 1024 1 1 0.1
666 1 0 1024 0 0 0.0
667 2 4 1024 4 4 0.4
667 3 2 1024 2 2 0.2
667 4 0 1024 0 0 0.0
668 3 0 1024 0 0 0.0
669 5 0 1024 0 0 0.0
669 3 1 1024 1 1 0.1
669 2 4 1024 4 4 0.4
670 1 5 1024 5 5 0.5
670 3 0 1024 0 0 0.0
671 5 0 1024 0 0 0.0
671 4 4 1024 4 4 0.4
672 4 0 1024 0 0 0.0
672 3 1 1024 1 1 0.1
673 5 0 1024 0 0 0.0
673 3 1 1024 1 1 0.1
674 3 1 1024 1 1 0.1
674 4 0 1024 0 0 0.0
675 3 3 1024 3 3 0.3
675 5 1 1024 1 1 0.1
676 5 0 1024 0 0 0.0
676 4 1 1024 1 1 0.1
677 2 2 1024 2 2 0.2
677 6 0 1024 0 0 0.0
677 5 1 1024 1 1 0.1
677 1 4 1024 4 4 0.4
678 2 2 1024 2 2 0.2
678 3 0 1024 0 0 0.0
679 3 0 1024 0 0 0.0
679 2 4 1024 4 4 0.4
680 3 0 1024 0 0 0.0
681 4 0 1024 0 0 0.0
682 4 0 1024 0 0 0.0
682 3 1 1024 1 1 0.1
682 2 3 1024 3 3 0.3
683 5 0 1024 0 0 0.0
683 4 1 1024 1 1 0.1
683 3 3 1024 3 3 0.3
684 5 0 1024 0 0 0.0
684 3 1 1024 1 1 0.1
685 2 4 1024 4 4 0.4
685 3 2 1024 2 2 0.2
685 4 1 1024 1 1 0.1
685 5 0 1024 0 0 0.0
686 4 0 1024 0 0 0.0
686 3 2 1024 2 2 0.2
687 3 2 1024 2 2 0.2
687 4 0 1024 0 0 0.0
688 2 0 1024 0 0 0.0
689 2 1 1024 1 1 0.1
689 3 0 1024 0 0 0.0
690 6 0 1024 0 0 0.0
690 4 1 1024 1 1 0.1
690 3 3 1024 3 3 0.3
691 3 4 1024 4 4 0.4
691 4 0 1024 0 0 0.0
692 3 0 1024 0 0 0.0
693 5 0 1024 0 0 0.0
693 3 3 1024 3 3 0.3
694 3 0 1024 0 0 0.0
695 5 0 1024 0 0 0.0
695 2 3 1024 3 3 0.3
695 4 1 1024 1 1 0.1
696 6 0 1024 0 0 0.0
696 5 1 1024 1 1 0.1
696 4 2 1024 2 2 0.2
697 4 0 1024 0 0 0.0
697 3 1 1024 1 1 0.1
698 4 0 1024 0 0 0.0
699 6 0 1024 0 0 0.0
699 4 1 1024 1 1 0.1
700 2 0 1024 0 0 0.0
701 2 2 1024 2 2 0.2
701 3 0 1024 0 0 0.0
702 4 1 1024 1 1 0.1
702 5 0 1024 0 0 0.0
703 3 1 1024 1 1 0.1
703 2 4 1024 4 4 0.4
703 5 0 1024 0 0 0.0
704 4 0 1024 0 0 0.0
704 2 2 1024 2 2 0.2
705 3 1 1024 1 1 0.1
705 4 0 1024 0 0 0.0
706 4 0 1024 0 0 0.0
707 2 1 1024 1 1 0.1
707 4 0 1024 0 0 0.0
708 5 0 1024 0 0 0.0
708 2 2 1024 2 2 0.2
709 4 0 1024 0 0 0.0
710 4 2 1024 2 2 0.2
710 5 0 1024 0 0 0.0
710 3 3 1024 3 3 0.3
711 4 0 1024 0 0 0.0
712 3 0 1024 0 0 0.0
713 5 0 1024 0 0 0.0
713 2 1 1024 1 1 0.1
714 5 0 1024 0 0 0.0
714 3 3 1024 3 3 0.3
715 4 0 1024 0 0 0.0
715 3 1 1024 1 1 0.1
716 5 0 1024 0 0 0.0
716 4 1 1024 1 1 0.1
717 3 0 1024 0 0 0.0
718 4 0 1024 0 0 0.0
718 3 1 1024 1 1 0.1
718 2 3 1024 3 3 0.3
719 2 0 1024 0 0 0.0
720 6 0 1024 0 0 0.0
720 5 1 1024 1 1 0.1
720 3 3 1024 3 3 0.3
721 4 0 1024 0 0 0.0
721 3 1 1024 1 1 0.1
722 2 2 1024 2 2 0.2
722 4 0 1024 0 0 0.0
723 3 3 1024 3 3 0.3
723 4 2 1024 2 2 0.2
723 5 0 1024 0 0 0.0
724 4 0 1024 0 0 0.0
725 2 1 1024 1 1 0.1
725 3 0 1024 0 0 0.0
726 4 0 1024 0 0 0.0
726 3 1 1024 1 1 0.1
727 7 0 1024 0 0 0.0
727 3 1 1024 1 1 0.1
728 3 0 1024 0 0 0.0
728 2 3 1024 3 3 0.3
729 6 0 1024 0 0 0.0
729 3 1 1024 1 1 0.1
730 3 0 1024 0 0 0.0
731 3 4 1024 4 4 0.4
731 4 0 1024 0 0 0.0
732 3 0 1024 0 0 0.0
733 3 3 1024 3 3 0.3
733 5 1 1024 1 1 0.1
733 7 0 1024 0 0 0.0
733 4 2 1024 2 2 0.2
734 2 3 1024 3 3 0.3
734 5 0 1024 0 0 0.0
735 1 2 1024 2 2 0.2
735 4 0 1024 0 0 0.0
736 5 0 1024 0 0 0.0
736 2 1 1024 1 1 0.1
737 1 3 1024 3 3 0.3
737 3 0 1024 0 0 0.0
738 3 0 1024 0 0 0.0
739 6 0 1024 0 0 0.0
739 2 4 1024 4 4 0.4
739 4 1 1024 1 1 0.1
740 3 0 1024 0 0 0.0
741 4 0 1024 0 0 0.0
742 3 0 1024 0 0 0.0
743 4 0 1024 0 0 0.0
744 4 0 1024 0 0 0.0
745 3 3 1024 3 3 0.3
745 4 1 1024 1 1 0.1
745 5 0 1024 0 0 0.0
746 4 1 1024 1 1 0.1
746 6 0 1024 0 0 0.0
747 4 0 1024 0 0 0.0
748 3 0 1024 0 0 0.0
748 2 3 1024 3 3 0.3
749 4 0 1024 0 0 0.0
749 3 2 1024 2 2 0.2
750 3 0 1024 0 0 0.0
751 5 0 1024 0 0 0.0
751 2 2 1024 2 2 0.2
752 2 3 1024 3 3 0.3
752 5 0 1024 0 0 0.0
752 3 1 1024 1 1 0.1
753 3 2 1024 2 2 0.2
753 4 1 1024 1 1 0.1
753 5 0 1024 0 0 0.0
754 3 0 1024 0 0 0.0
755 5 0 1024 0 0 0.0
755 4 1 1024 1 1 0.1
756 5 0 1024 0 0 0.0
756 3 3 1024 3 3 0.3
757 3 1 1024 1 1 0.1
757 4 0 1024 0 0 0.0
758 4 1 1024 1 1 0.1
758 5 0 1024 0 0 0.0
759 4 0 1024 0 0 0.0
759 3 1 1024 1 1 0.1
760 2 3 1024 3 3 0.3
760 4 0 1024 0 0 0.0
761 4 0 1024 0 0 0.0
762 2 1 1024 1 1 0.1
762 6 0 1024 0 0 0.0
763 4 0 1024 0 0 0.0
764 4 0 1024 0 0 0.0
764 2 4 1024 4 4 0.4
765 4 0 1024 0 0 0.0
765 3 5 1024 5 5 0.5
766 4 0 1024 0 0 0.0
766 3 1 1024 1 1 0.1
767 4 0 1024 0 0 0.0
767 3 3 1024 3 3 0.3
768 2 0 1024 0 0 0.0
769 3 1 1024 1 1 0.1
769 6 0 1024 0 0 0.0
769 2 7 1024 7 7 0.7
770 4 0 1024 0 0 0.0
771 5 0 1024 0 0 0.0
771 2 4 1024 4 4 0.4
771 4 1 1024 1 1 0.1
772 3 0 1024 0 0 0.0
773 3 2 1024 2 2 0.2
773 5 0 1024 0 0 0.0
774 2 4 1024 4 4 0.4
774 3 2 1024 2 2 0.2
774 4 0 1024 0 0 0.0
775 4 0 1024 0 0 0.0
775 2 3 1024 3 3 0.3
775 3 2 1024 2 2 0.2
776 3 4 1024 4 4 0.4
776 4 0 1024 0 0 0.0
777 2 2 1024 2 2 0.2
777 3 0 1024 0 0 0.0
778 3 0 1024 0 0 0.0
779 4 0 1024 0 0 0.0
779 3 1 1024 1 1 0.1
780 0 10 1024 10 10 1.0
780 4 0 1024 0 0 0.0
781 5 0 1024 0 0 0.0
781 3 1 1024 1 1 0.1
782 4 1 1024 1 1 0.1
782 2 2 1024 2 2 0.2
782 5 0 1024 0 0 0.0
783 4 0 1024 0 0 0.0
783 2 5 1024 5 5 0.5
784 2 0 1024 0 0 0.0
785 4 0 1024 0 0 0.0
785 1 6 1024 6 6 0.6
786 3 1 1024 1 1 0.1
786 6 0 1024 0 0 0.0
787 3 1 1024 1 1 0.1
787 4 0 1024 0 0 0.0
788 2 0 1024 0 0 0.0
789 4 0 1024 0 0 0.0
789 2 2 1024 2 2 0.2
790 2 4 1024 4 4 0.4
790 5 0 1024 0 0 0.0
790 4 1 1024 1 1 0.1
791 2 3 1024 3 3 0.3
791 5 1 1024 1 1 0.1
791 4 2 1024 2 2 0.2
791 6 0 1024 0 0 0.0
792 1 6 1024 6 6 0.6
792 4 0 1024 0 0 0.0
793 4 0 1024 0 0 0.0
794 2 1 1024 1 1 0.1
794 4 0 1024 0 0 0.0
795 3 0 1024 0 0 0.0
796 4 1 1024 1 1 0.1
796 6 0 1024 0 0 0.0
797 5 1 1024 1 1 0.1
797 6 0 1024 0 0 0.0
797 1 7 1024 7 7 0.7
798 3 1 1024 1 1 0.1
798 6 0 1024 0 0 0.0
799 5 0 1024 0 0 0.0
799 1 5 1024 5 5 0.5
799 2 1 1024 1 1 0.1
800 4 0 1024 0 0 0.0
800 3 1 1024 1 1 0.1
801 4 0 1024 0 0 0.0
801 2 3 1024 3 3 0.3
801 3 1 1024 1 1 0.1
802 6 0 1024 0 0 0.0
802 4 1 1024 1 1 0.1
802 2 2 1024 2 2 0.2
803 3 0 1024 0 0 0.0
803 2 4 1024 4 4 0.4
804 4 0 1024 0 0 0.0
804 2 4 1024 4 4 0.4
805 5 0 1024 0 0 0.0
805 4 1 1024 1 1 0.1
805 2 2 1024 2 2 0.2
806 4 0 1024 0 0 0.0
806 3 2 1024 2 2 0.2
807 4 0 1024 0 0 0.0
808 4 0 1024 0 0 0.0
808 2 1 1024 1 1 0.1
809 5 0 1024 0 0 0.0
809 4 1 1024 1 1 0.1
810 4 0 1024 0 0 0.0
811 3 1 1024 1 1 0.1
811 5 0 1024 0 0 0.0
812 3 1 1024 1 1 0.1
812 5 0 1024 0 0 0.0
813 3 3 1024 3 3 0.3
813 4 0 1024 0 0 0.0
814 3 0 1024 0 0 0.0
815 4 0 1024 0 0 0.0
816 6 0 1024 0 0 0.0
816 4 1 1024 1 1 0.1
816 3 3 1024 3 3 0.3
817 1 4 1024 4 4 0.4
817 3 0 1024 0 0 0.0
818 2 2 1024 2 2 0.2
818 3 1 1024 1 1 0.1
818 5 0 1024 0 0 0.0
819 5 0 1024 0 0 0.0
819 4 3 1024 3 3 0.3
820 4 0 1024 0 0 0.0
821 3 2 1024 2 2 0.2
821 5 0 1024 0 0 0.0
821 2 4 1024 4 4 0.4
821 1 5 1024 5 5 0.5
822 3 1 1024 1 1 0.1
822 5 0 1024 0 0 0.0
823 4 1 1024 1 1 0.1
823 5 0 1024 0 0 0.0
824 5 0 1024 0 0 0.0
824 4 1 1024 1 1 0.1
825 4 1 1024 1 1 0.1
825 5 0 1024 0 0 0.0
826 5 0 1024 0 0 0.0
826 2 1 1024 1 1 0.1
827 4 0 1024 0 0 0.0
828 4 0 1024 0 0 0.0
828 3 4 1024 4 4 0.4
829 2 3 1024 3 3 0.3
829 4 0 1024 0 0 0.0
830 5 0 1024 0 0 0.0
830 3 1 1024 1 1 0.1
830 2 2 1024 2 2 0.2
831 1 1 1024 1 1 0.1
831 5 0 1024 0 0 0.0
832 2 1 1024 1 1 0.1
832 5 0 1024 0 0 0.0
833 2 0 1024 0 0 0.0
834 4 0 1024 0 0 0.0
834 2 2 1024 2 2 0.2
835 4 0 1024 0 0 0.0
836 5 0 1024 0 0 0.0
837 3 0 1024 0 0 0.0
838 3 0 1024 0 0 0.0
838 2 1 1024 1 1 0.1
839 5 0 1024 0 0 0.0
839 4 1 1024 1 1 0.1
839 3 3 1024 3 3 0.3
840 4 0 1024 0 0 0.0
840 1 7 1024 7 7 0.7
841 3 3 1024 3 3 0.3
841 4 0 1024 0 0 0.0
841 1 5 1024 5 5 0.5
842 3 1 1024 1 1 0.1
842 4 0 1024 0 0 0.0
842 2 4 1024 4 4 0.4
843 5 0 1024 0 0 0.0
843 4 1 1024 1 1 0.1
843 3 2 1024 2 2 0.2
844 4 0 1024 0 0 0.0
845 3 0 1024 0 0 0.0
846 4 0 1024 0 0 0.0
846 3 2 1024 2 2 0.2
847 4 0 1024 0 0 0.0
847 3 1 1024 1 1 0.1
848 4 0 1024 0 0 0.0
849 3 1 1024 1 1 0.1
849 2 3 1024 3 3 0.3
849 5 0 1024 0 0 0.0
850 4 0 1024 0 0 0.0
850 3 2 1024 2 2 0.2
851 2 1 1024 1 1 0.1
851 3 0 1024 0 0 0.0
852 3 1 1024 1 1 0.1
852 5 0 1024 0 0 0.0
853 3 3 1024 3 3 0.3
853 4 0 1024 0 0 0.0
854 6 0 1024 0 0 0.0
854 4 1 1024 1 1 0.1
855 4 0 1024 0 0 0.0
856 3 1 1024 1 1 0.1
856 4 0 1024 0 0 0.0
857 3 2 1024 2 2 0.2
857 4 1 1024 1 1 0.1
857 2 3 1024 3 3 0.3
857 6 0 1024 0 0 0.0
858 6 0 1024 0 0 0.0
858 4 1 1024 1 1 0.1
858 3 2 1024 2 2 0.2
859 4 0 1024 0 0 0.0
859 3 2 1024 2 2 0.2
860 2 2 1024 2 2 0.2
860 4 0 1024 0 0 0.0
861 4 0 1024 0 0 0.0
861 3 2 1024 2 2 0.2
862 2 6 1024 6 6 0.6
862 4 1 1024 1 1 0.1
862 3 2 1024 2 2 0.2
862 7 0 1024 0 0 0.0
863 4 1 1024 1 1 0.1
863 6 0 1024 0 0 0.0
864 2 4 1024 4 4 0.4
864 4 0 1024 0 0 0.0
865 4 1 1024 1 1 0.1
865 7 0 1024 0 0 0.0
866 4 1 1024 1 1 0.1
866 3 2 1024 2 2 0.2
866 5 0 1024 0 0 0.0
867 4 0 1024 0 0 0.0
867 2 6 1024 6 6 0.6
868 4 0 1024 0 0 0.0
869 5 0 1024 0 0 0.0
869 1 1 1024 1 1 0.1
870 1 1 1024 1 1 0.1
870 5 0 1024 0 0 0.0
871 5 0 1024 0 0 0.0
871 3 3 1024 3 3 0.3
871 4 1 1024 1 1 0.1
872 3 3 1024 3 3 0.3
872 4 0 1024 0 0 0.0
873 4 0 1024 0 0 0.0
874 5 0 1024 0 0 0.0
874 2 2 1024 2 2 0.2
875 3 1 1024 1 1 0.1
875 5 0 1024 0 0 0.0
876 6 0 1024 0 0 0.0
876 3 1 1024 1 1 0.1
877 2 4 1024 4 4 0.4
877 4 1 1024 1 1 0.1
877 3 2 1024 2 2 0.2
877 5 0 1024 0 0 0.0
878 3 4 1024 4 4 0.4
878 4 0 1024 0 0 0.0
879 3 2 1024 2 2 0.2
879 4 0 1024 0 0 0.0
880 3 2 1024 2 2 0.2
880 5 0 1024 0 0 0.0
881 4 0 1024 0 0 0.0
882 3 1 1024 1 1 0.1
882 4 0 1024 0 0 0.0
883 5 0 1024 0 0 0.0
883 2 1 1024 1 1 0.1
884 3 0 1024 0 0 0.0
885 3 2 1024 2 2 0.2
885 4 0 1024 0 0 0.0
886 5 0 1024 0 0 0.0
886 2 2 1024 2 2 0.2
886 3 1 1024 1 1 0.1
887 3 1 1024 1 1 0.1
887 4 0 1024 0 0 0.0
888 3 3 1024 3 3 0.3
888 4 0 1024 0 0 0.0
889 4 0 1024 0 0 0.0
890 4 0 1024 0 0 0.0
890 3 2 1024 2 2 0.2
891 5 0 1024 0 0 0.0
891 4 3 1024 3 3 0.3
891 3 5 1024 5 5 0.5
892 3 0 1024 0 0 0.0
893 3 2 1024 2 2 0.2
893 2 4 1024 4 4 0.4
893 4 0 1024 0 0 0.0
894 3 0 1024 0 0 0.0
895 5 0 1024 0 0 0.0
895 4 3 1024 3 3 0.3
895 2 5 1024 5 5 0.5
896 3 0 1024 0 0 0.0
897 2 3 1024 3 3 0.3
897 4 0 1024 0 0 0.0
898 2 2 1024 2 2 0.2
898 3 0 1024 0 0 0.0
899 4 0 1024 0 0 0.0
899 3 1 1024 1 1 0.1
900 3 0 1024 0 0 0.0
900 1 4 1024 4 4 0.4
901 3 3 1024 3 3 0.3
901 4 0 1024 0 0 0.0
902 3 0 1024 0 0 0.0
903 5 0 1024 0 0 0.0
903 3 1 1024 1 1 0.1
904 3 0 1024 0 0 0.0
905 4 0 1024 0 0 0.0
905 3 1 1024 1 1 0.1
906 2 1 1024 1 1 0.1
906 4 0 1024 0 0 0.0
907 5 0 1024 0 0 0.0
907 4 2 1024 2 2 0.2
908 3 0 1024 0 0 0.0
908 2 1 1024 1 1 0.1
909 4 2 1024 2 2 0.2
909 5 0 1024 0 0 0.0
910 5 0 1024 0 0 0.0
910 3 1 1024 1 1 0.1
911 5 0 1024 0 0 0.0
911 2 2 1024 2 2 0.2
911 3 1 1024 1 1 0.1
912 3 1 1024 1 1 0.1
912 5 0 1024 0 0 0.0
913 3 1 1024 1 1 0.1
913 7 0 1024 0 0 0.0
913 2 2 1024 2 2 0.2
914 2 4 1024 4 4 0.4
914 5 0 1024 0 0 0.0
914 3 1 1024 1 1 0.1
915 4 0 1024 0 0 0.0
915 3 1 1024 1 1 0.1
916 2 5 1024 5 5 0.5
916 3 0 1024 0 0 0.0
917 4 0 1024 0 0 0.0
917 3 4 1024 4 4 0.4
918 3 0 1024 0 0 0.0
919 3 0 1024 0 0 0.0
920 4 0 1024 0 0 0.0
920 2 2 1024 2 2 0.2
920 3 1 1024 1 1 0.1
921 3 1 1024 1 1 0.1
921 5 0 1024 0 0 0.0
922 3 1 1024 1 1 0.1
922 4 0 1024 0 0 0.0
923 2 3 1024 3 3 0.3
923 4 1 1024 1 1 0.1
923 5 0 1024 0 0 0.0
924 4 1 1024 1 1 0.1
924 5 0 1024 0 0 0.0
925 5 0 1024 0 0 0.0
925 3 1 1024 1 1 0.1
926 2 0 1024 0 0 0.0
927 4 0 1024 0 0 0.0
928 4 0 1024 0 0 0.0
929 3 1 1024 1 1 0.1
929 5 0 1024 0 0 0.0
930 5 0 1024 0 0 0.0
930 2 2 1024 2 2 0.2
931 2 1 1024 1 1 0.1
931 1 7 1024 7 7 0.7
931 5 0 1024 0 0 0.0
932 2 4 1024 4 4 0.4
932 4 0 1024 0 0 0.0
933 2 3 1024 3 3 0.3
933 3 0 1024 0 0 0.0
934 4 0 1024 0 0 0.0
934 2 4 1024 4 4 0.4
935 2 3 1024 3 3 0.3
935 4 0 1024 0 0 0.0
936 2 0 1024 0 0 0.0
937 5 0 1024 0 0 0.0
937 3 2 1024 2 2 0.2
938 5 1 1024 1 1 0.1
938 3 2 1024 2 2 0.2
938 2 3 1024 3 3 0.3
938 9 0 1024 0 0 0.0
939 4 0 1024 0 0 0.0
939 3 1 1024 1 1 0.1
940 5 0 1024 0 0 0.0
940 4 1 1024 1 1 0.1
941 3 1 1024 1 1 0.1
941 5 0 1024 0 0 0.0
941 2 3 1024 3 3 0.3
942 4 0 1024 0 0 0.0
942 3 3 1024 3 3 0.3
943 5 0 1024 0 0 0.0
943 3 1 1024 1 1 0.1
944 6 0 1024 0 0 0.0
944 1 3 1024 3 3 0.3
944 4 1 1024 1 1 0.1
945 4 0 1024 0 0 0.0
945 1 5 1024 5 5 0.5
946 3 0 1024 0 0 0.0
947 5 0 1024 0 0 0.0
947 4 1 1024 1 1 0.1
947 3 4 1024 4 4 0.4
948 4 0 1024 0 0 0.0
948 2 5 1024 5 5 0.5
949 3 1 1024 1 1 0.1
949 2 6 1024 6 6 0.6
949 4 0 1024 0 0 0.0
950 3 1 1024 1 1 0.1
950 4 0 1024 0 0 0.0
950 2 3 1024 3 3 0.3
951 5 0 1024 0 0 0.0
951 3 1 1024 1 1 0.1
952 3 1 1024 1 1 0.1
952 2 2 1024 2 2 0.2
952 4 0 1024 0 0 0.0
953 4 0 1024 0 0 0.0
953 3 1 1024 1 1 0.1
954 4 0 1024 0 0 0.0
955 3 1 1024 1 1 0.1
955 2 4 1024 4 4 0.4
955 4 0 1024 0 0 0.0
956 3 2 1024 2 2 0.2
956 4 1 1024 1 1 0.1
956 1 4 1024 4 4 0.4
956 5 0 1024 0 0 0.0
957 4 0 1024 0 0 0.0
958 2 4 1024 4 4 0.4
958 3 0 1024 0 0 0.0
959 3 2 1024 2 2 0.2
959 4 0 1024 0 0 0.0
960 5 0 1024 0 0 0.0
960 3 1 1024 1 1 0.1
961 3 1 1024 1 1 0.1
961 5 0 1024 0 0 0.0
962 3 1 1024 1 1 0.1
963 4 0 1024 0 0 0.0
964 5 0 1024 0 0 0.0
964 1 1 1024 1 1 0.1
965 5 0 1024 0 0 0.0
965 4 4 1024 4 4 0.4
966 5 0 1024 0 0 0.0
966 4 1 1024 1 1 0.1
967 3 2 1024 2 2 0.2
967 4 0 1024 0 0 0.0
968 4 0 1024 0 0 0.0
968 2 1 1024 1 1 0.1
969 2 5 1024 5 5 0.5
969 3 0 1024 0 0 0.0
970 4 1 1024 1 1 0.1
970 2 2 1024 2 2 0.2
970 5 0 1024 0 0 0.0
971 4 1 1024 1 1 0.1
971 5 0 1024 0 0 0.0
971 2 4 1024 4 4 0.4
972 3 0 1024 0 0 0.0
973 3 1 1024 1 1 0.1
973 4 0 1024 0 0 0.0
974 4 0 1024 0 0 0.0
974 3 1 1024 1 1 0.1
975 3 0 1024 0 0 0.0
976 3 0 1024 0 0 0.0
977 2 2 1024 2 2 0.2
977 3 1 1024 1 1 0.1
978 4 0 1024 0 0 0.0
978 1 3 1024 3 3 0.3
978 3 1 1024 1 1 0.1
979 3 6 1024 6 6 0.6
979 4 1 1024 1 1 0.1
979 6 0 1024 0 0 0.0
980 4 0 1024 0 0 0.0
981 4 0 1024 0 0 0.0
981 3 3 1024 3 3 0.3
982 4 1 1024 1 1 0.1
982 5 0 1024 0 0 0.0
983 4 0 1024 0 0 0.0
983 3 4 1024 4 4 0.4
984 5 0 1024 0 0 0.0
984 2 1 1024 1 1 0.1
984 1 5 1024 5 5 0.5
985 3 0 1024 0 0 0.0
986 3 0 1024 0 0 0.0
987 4 0 1024 0 0 0.0
988 3 2 1024 2 2 0.2
988 4 0 1024 0 0 0.0
989 4 0 1024 0 0 0.0
989 2 2 1024 2 2 0.2
990 3 1 1024 1 1 0.1
990 4 0 1024 0 0 0.0
991 2 2 1024 2 2 0.2
991 4 0 1024 0 0 0.0
992 3 0 1024 0 0 0.0
993 3 1 1024 1 1 0.1
993 4 0 1024 0 0 0.0
994 2 1 1024 1 1 0.1
994 4 0 1024 0 0 0.0
995 3 0 1024 0 0 0.0
996 2 0 1024 0 0 0.0
997 3 0 1024 0 0 0.0
997 2 2 1024 2 2 0.2
998 5 0 1024 0 0 0.0
998 3 2 1024 2 2 0.2
999 4 0 1024 0 0 0.0
1000 4 0 1024 0 0 0.0
1000 3 1 1024 1 1 0.1
