gen testSuiteSize notKilledMutants number_of_tests no_discount_objective no_equiv_mut_not_killed no_equiv_mut_not_killed_perc
1 5 5.947265625 9 6 6 0.6
1 4 6.90625 24 7 7 0.7
1 3 7.89453125 27 8 8 0.8
1 7 5.83984375 41 6 6 0.6
1 2 9.83203125 43 10 10 1.0
2 6 2.888671875 57 3 3 0.3
2 3 9.8828125 60 10 10 1.0
2 9 2 74 2 2 0.2
2 4 7 78 7 7 0.7
3 4 8 106 8 8 0.8
3 3 10 118 10 10 1.0
3 5 7 143 7 7 0.7
4 4 6 147 6 6 0.6
4 6 3 170 3 3 0.3
5 4 5 195 5 5 0.5
5 2 10 201 10 10 1.0
5 3 9 211 9 9 0.9
5 5 4 224 4 4 0.4
6 7 5 237 5 5 0.5
6 8 4 245 4 4 0.4
6 5 8 250 8 8 0.8
6 6 6 256 6 6 0.6
6 3 9 258 9 9 0.9
7 3 9 275 9 9 0.9
7 5 5 290 5 5 0.5
7 4 6 297 6 6 0.6
8 3 9 299 9 9 0.9
8 5 1 302 1 1 0.1
8 1 10 334 10 10 1.0
9 3 9 357 9 9 0.9
9 4 5 366 5 5 0.5
10 3 8 390 8 8 0.8
10 5 5 392 5 5 0.5
11 4 8 395 8 8 0.8
11 2 10 413 10 10 1.0
11 5 6 424 6 6 0.6
12 4 7 425 7 7 0.7
12 8 5 434 5 5 0.5
12 1 8 439 8 8 0.8
13 3 9 451 9 9 0.9
13 5 0 453 0 0 0.0
14 5 0 494 0 0 0.0
14 4 7 496 7 7 0.7
15 5 9 516 9 9 0.9
15 6 5 522 5 5 0.5
16 2 8 548 8 8 0.8
16 5 6 553 6 6 0.6
17 3 6 568 6 6 0.6
17 2 8 569 8 8 0.8
17 6 5 579 5 5 0.5
18 5 5 591 5 5 0.5
18 3 9 593 9 9 0.9
18 4 8 597 8 8 0.8
19 3 3 607 3 3 0.3
20 3 10 624 10 10 1.0
20 4 0 632 0 0 0.0
21 5 6 649 6 6 0.6
21 2 9 654 9 9 0.9
22 5 5 669 5 5 0.5
22 7 3 673 3 3 0.3
22 2 8 676 8 8 0.8
23 5 6 690 6 6 0.6
23 3 8 692 8 8 0.8
23 6 4 693 4 4 0.4
24 3 8 717 8 8 0.8
25 7 3 726 3 3 0.3
25 4 5 728 5 5 0.5
25 3 10 733 10 10 1.0
26 7 5 740 5 5 0.5
26 8 4 746 4 4 0.4
26 3 8 747 8 8 0.8
26 4 6 749 6 6 0.6
27 3 0 761 0 0 0.0
27 2 10 762 10 10 1.0
28 2 8 774 8 8 0.8
28 7 3 775 3 3 0.3
28 5 5 777 5 5 0.5
29 4 2 788 2 2 0.2
30 2 9 796 9 9 0.9
30 4 6 801 6 6 0.6
31 7 0 805 0 0 0.0
31 5 2 810 2 2 0.2
31 2 10 813 10 10 1.0
32 5 5 815 5 5 0.5
32 4 9 817 9 9 0.9
33 4 5 831 5 5 0.5
33 3 8 832 8 8 0.8
34 1 10 836 10 10 1.0
34 5 4 840 4 4 0.4
34 2 5 843 5 5 0.5
35 6 3 847 3 3 0.3
35 4 7 851 7 7 0.7
35 3 9 852 9 9 0.9
36 6 3 857 3 3 0.3
36 4 5 861 5 5 0.5
37 4 7 862 7 7 0.7
37 3 9 864 9 9 0.9
37 6 5 864 5 5 0.5
38 4 10 872 10 10 1.0
38 5 3 873 3 3 0.3
39 5 4 881 4 4 0.4
39 2 8 882 8 8 0.8
40 4 6 886 6 6 0.6
40 2 9 887 9 9 0.9
40 5 4 888 4 4 0.4
41 5 5 889 5 5 0.5
41 3 9 889 9 9 0.9
41 7 4 891 4 4 0.4
41 4 7 892 7 7 0.7
42 6 4 892 4 4 0.4
42 2 5 893 5 5 0.5
43 3 10 896 10 10 1.0
43 4 8 896 8 8 0.8
43 6 2 897 2 2 0.2
44 6 5 897 5 5 0.5
44 3 6 900 6 6 0.6
45 4 5 903 5 5 0.5
45 3 8 907 8 8 0.8
46 5 7 913 7 7 0.7
46 7 2 913 2 2 0.2
46 2 9 916 9 9 0.9
47 5 3 920 3 3 0.3
47 4 8 920 8 8 0.8
48 3 7 925 7 7 0.7
49 4 8 925 8 8 0.8
49 3 9 925 9 9 0.9
49 5 7 930 7 7 0.7
50 5 5 932 5 5 0.5
50 4 8 936 8 8 0.8
50 7 3 936 3 3 0.3
50 2 10 936 10 10 1.0
51 4 8 937 8 8 0.8
51 6 4 938 4 4 0.4
51 5 6 939 6 6 0.6
51 8 0 939 0 0 0.0
52 6 4 939 4 4 0.4
52 3 9 940 9 9 0.9
52 4 6 944 6 6 0.6
53 6 6 945 6 6 0.6
53 2 10 945 10 10 1.0
53 3 8 946 8 8 0.8
54 4 8 948 8 8 0.8
54 5 7 948 7 7 0.7
54 6 6 948 6 6 0.6
55 5 4 952 4 4 0.4
55 4 7 953 7 7 0.7
55 2 10 953 10 10 1.0
56 4 8 954 8 8 0.8
56 5 0 955 0 0 0.0
56 3 9 955 9 9 0.9
57 7 5 959 5 5 0.5
57 2 10 961 10 10 1.0
57 3 7 962 7 7 0.7
58 8 5 963 5 5 0.5
58 4 8 964 8 8 0.8
58 6 6 966 6 6 0.6
59 3 6 967 6 6 0.6
59 5 3 967 3 3 0.3
60 4 7 971 7 7 0.7
60 3 8 971 8 8 0.8
60 5 5 971 5 5 0.5
61 4 8 975 8 8 0.8
61 5 4 978 4 4 0.4
62 4 6 979 6 6 0.6
62 3 10 980 10 10 1.0
63 4 7 980 7 7 0.7
63 3 9 980 9 9 0.9
63 6 5 982 5 5 0.5
63 7 3 982 3 3 0.3
64 4 0 982 0 0 0.0
64 2 10 982 10 10 1.0
65 3 10 982 10 10 1.0
65 4 7 982 7 7 0.7
66 6 4 983 4 4 0.4
66 2 5 983 5 5 0.5
66 8 3 983 3 3 0.3
67 3 5 984 5 5 0.5
67 2 9 984 9 9 0.9
68 6 5 985 5 5 0.5
68 2 7 986 7 7 0.7
69 5 6 987 6 6 0.6
69 6 4 987 4 4 0.4
69 3 8 988 8 8 0.8
70 3 8 989 8 8 0.8
70 6 5 990 5 5 0.5
71 3 7 990 7 7 0.7
71 6 3 990 3 3 0.3
72 6 5 990 5 5 0.5
72 3 7 990 7 7 0.7
73 7 7 991 7 7 0.7
73 8 6 991 6 6 0.6
73 4 8 991 8 8 0.8
73 3 9 991 9 9 0.9
73 1 10 992 10 10 1.0
74 3 9 993 9 9 0.9
74 4 8 993 8 8 0.8
74 6 5 993 5 5 0.5
74 5 6 993 6 6 0.6
75 3 6 993 6 6 0.6
75 2 8 996 8 8 0.8
76 5 2 996 2 2 0.2
76 3 7 996 7 7 0.7
76 2 9 996 9 9 0.9
77 5 7 996 7 7 0.7
77 2 9 997 9 9 0.9
77 6 5 998 5 5 0.5
78 4 8 998 8 8 0.8
78 6 7 998 7 7 0.7
78 2 10 998 10 10 1.0
78 8 4 1000 4 4 0.4
79 4 8 1000 8 8 0.8
79 5 4 1000 4 4 0.4
79 2 10 1000 10 10 1.0
80 4 8 1000 8 8 0.8
80 5 4 1000 4 4 0.4
80 2 9 1000 9 9 0.9
81 2 10 1001 10 10 1.0
81 3 8 1002 8 8 0.8
81 4 5 1003 5 5 0.5
82 4 4 1003 4 4 0.4
82 8 0 1003 0 0 0.0
83 4 6 1005 6 6 0.6
83 3 7 1005 7 7 0.7
84 6 4 1007 4 4 0.4
84 4 7 1008 7 7 0.7
85 3 6 1008 6 6 0.6
85 5 4 1008 4 4 0.4
86 7 4 1008 4 4 0.4
86 4 6 1008 6 6 0.6
86 3 7 1008 7 7 0.7
87 5 3 1008 3 3 0.3
87 3 10 1008 10 10 1.0
87 4 6 1009 6 6 0.6
88 5 6 1009 6 6 0.6
88 3 7 1010 7 7 0.7
89 5 5 1011 5 5 0.5
89 1 9 1011 9 9 0.9
89 8 3 1011 3 3 0.3
90 3 8 1011 8 8 0.8
90 4 7 1011 7 7 0.7
90 5 3 1011 3 3 0.3
91 3 3 1011 3 3 0.3
92 5 6 1012 6 6 0.6
92 3 9 1012 9 9 0.9
92 4 7 1012 7 7 0.7
93 6 3 1012 3 3 0.3
93 1 9 1013 9 9 0.9
94 5 6 1013 6 6 0.6
94 2 10 1014 10 10 1.0
95 4 8 1014 8 8 0.8
95 2 10 1014 10 10 1.0
95 9 0 1014 0 0 0.0
95 6 7 1014 7 7 0.7
96 6 3 1015 3 3 0.3
96 5 6 1015 6 6 0.6
96 4 8 1016 8 8 0.8
97 3 9 1016 9 9 0.9
97 6 6 1016 6 6 0.6
97 4 7 1016 7 7 0.7
98 6 5 1016 5 5 0.5
98 7 4 1016 4 4 0.4
98 3 8 1016 8 8 0.8
99 5 6 1016 6 6 0.6
99 4 7 1016 7 7 0.7
99 2 10 1016 10 10 1.0
99 3 8 1016 8 8 0.8
100 3 9 1016 9 9 0.9
100 4 6 1016 6 6 0.6
100 5 3 1016 3 3 0.3
101 6 4 1016 4 4 0.4
101 2 10 1016 10 10 1.0
101 3 8 1016 8 8 0.8
101 4 5 1016 5 5 0.5
102 2 10 1016 10 10 1.0
102 3 3 1016 3 3 0.3
103 6 2 1016 2 2 0.2
103 3 9 1016 9 9 0.9
103 5 5 1016 5 5 0.5
104 5 8 1016 8 8 0.8
104 3 9 1016 9 9 0.9
104 6 6 1016 6 6 0.6
105 3 10 1016 10 10 1.0
105 5 5 1016 5 5 0.5
105 4 7 1017 7 7 0.7
106 4 6 1018 6 6 0.6
106 6 4 1018 4 4 0.4
106 5 5 1018 5 5 0.5
107 3 7 1018 7 7 0.7
107 2 9 1019 9 9 0.9
107 4 5 1019 5 5 0.5
107 5 4 1019 4 4 0.4
108 2 5 1019 5 5 0.5
109 3 7 1019 7 7 0.7
109 6 4 1019 4 4 0.4
110 5 5 1019 5 5 0.5
110 3 9 1019 9 9 0.9
110 4 6 1019 6 6 0.6
111 3 6 1019 6 6 0.6
112 2 8 1020 8 8 0.8
112 4 7 1020 7 7 0.7
113 5 2 1020 2 2 0.2
113 4 8 1020 8 8 0.8
113 0 10 1020 10 10 1.0
114 3 7 1020 7 7 0.7
114 6 6 1020 6 6 0.6
114 9 3 1020 3 3 0.3
115 3 10 1020 10 10 1.0
115 4 6 1020 6 6 0.6
115 6 5 1020 5 5 0.5
116 3 8 1020 8 8 0.8
116 4 6 1021 6 6 0.6
116 1 10 1021 10 10 1.0
117 5 1 1021 1 1 0.1
117 2 10 1021 10 10 1.0
117 3 5 1021 5 5 0.5
118 3 8 1021 8 8 0.8
118 4 5 1021 5 5 0.5
119 2 8 1021 8 8 0.8
119 5 5 1021 5 5 0.5
120 4 4 1021 4 4 0.4
120 2 10 1021 10 10 1.0
120 3 9 1022 9 9 0.9
121 3 9 1022 9 9 0.9
121 5 5 1023 5 5 0.5
122 5 4 1023 4 4 0.4
122 1 10 1023 10 10 1.0
122 4 8 1023 8 8 0.8
123 6 3 1023 3 3 0.3
123 5 5 1023 5 5 0.5
123 2 9 1023 9 9 0.9
124 4 4 1023 4 4 0.4
125 2 8 1023 8 8 0.8
125 7 3 1023 3 3 0.3
125 3 5 1023 5 5 0.5
126 3 5 1023 5 5 0.5
126 5 2 1023 2 2 0.2
127 3 6 1023 6 6 0.6
128 7 4 1023 4 4 0.4
128 3 9 1023 9 9 0.9
128 4 5 1023 5 5 0.5
129 4 8 1023 8 8 0.8
129 5 2 1023 2 2 0.2
130 7 2 1023 2 2 0.2
130 3 5 1023 5 5 0.5
130 6 3 1023 3 3 0.3
131 1 10 1023 10 10 1.0
131 5 8 1023 8 8 0.8
131 2 9 1023 9 9 0.9
131 6 5 1023 5 5 0.5
132 4 5 1023 5 5 0.5
132 3 8 1023 8 8 0.8
132 5 4 1023 4 4 0.4
133 3 6 1023 6 6 0.6
134 4 2 1023 2 2 0.2
134 2 9 1023 9 9 0.9
135 2 8 1023 8 8 0.8
135 4 6 1023 6 6 0.6
135 3 7 1023 7 7 0.7
136 7 5 1023 5 5 0.5
136 2 9 1023 9 9 0.9
136 3 8 1023 8 8 0.8
137 1 10 1023 10 10 1.0
137 5 5 1023 5 5 0.5
137 2 7 1023 7 7 0.7
138 3 7 1023 7 7 0.7
138 4 4 1023 4 4 0.4
138 5 3 1023 3 3 0.3
139 4 4 1023 4 4 0.4
140 6 5 1023 5 5 0.5
140 3 7 1023 7 7 0.7
141 4 7 1023 7 7 0.7
141 3 9 1023 9 9 0.9
141 5 5 1023 5 5 0.5
142 4 3 1023 3 3 0.3
143 3 9 1023 9 9 0.9
143 5 3 1023 3 3 0.3
143 4 7 1023 7 7 0.7
144 3 8 1023 8 8 0.8
144 6 4 1023 4 4 0.4
144 5 6 1023 6 6 0.6
145 7 4 1023 4 4 0.4
145 3 6 1023 6 6 0.6
146 2 5 1023 5 5 0.5
147 3 6 1023 6 6 0.6
147 6 5 1023 5 5 0.5
148 4 3 1023 3 3 0.3
149 4 8 1023 8 8 0.8
149 2 10 1023 10 10 1.0
149 6 5 1023 5 5 0.5
150 4 5 1023 5 5 0.5
150 3 9 1023 9 9 0.9
151 4 9 1023 9 9 0.9
151 5 7 1023 7 7 0.7
151 1 10 1023 10 10 1.0
152 5 7 1023 7 7 0.7
152 3 8 1023 8 8 0.8
152 7 5 1023 5 5 0.5
153 5 6 1023 6 6 0.6
153 3 8 1023 8 8 0.8
154 6 5 1023 5 5 0.5
154 4 7 1023 7 7 0.7
154 5 6 1023 6 6 0.6
155 5 2 1023 2 2 0.2
155 3 8 1023 8 8 0.8
156 5 5 1023 5 5 0.5
156 3 9 1023 9 9 0.9
156 4 6 1023 6 6 0.6
157 8 0 1024 0 0 0.0
157 3 6 1024 6 6 0.6
158 5 8 1024 8 8 0.8
158 6 3 1024 3 3 0.3
158 4 10 1024 10 10 1.0
159 8 3 1024 3 3 0.3
159 7 6 1024 6 6 0.6
159 3 9 1024 9 9 0.9
159 6 8 1024 8 8 0.8
160 7 4 1024 4 4 0.4
160 3 5 1024 5 5 0.5
161 3 9 1024 9 9 0.9
161 4 5 1024 5 5 0.5
162 4 6 1024 6 6 0.6
163 3 9 1024 9 9 0.9
163 8 4 1024 4 4 0.4
163 6 7 1024 7 7 0.7
163 7 5 1024 5 5 0.5
163 5 8 1024 8 8 0.8
164 2 10 1024 10 10 1.0
164 3 9 1024 9 9 0.9
164 5 4 1024 4 4 0.4
165 5 3 1024 3 3 0.3
165 4 8 1024 8 8 0.8
166 2 8 1024 8 8 0.8
166 6 0 1024 0 0 0.0
166 4 6 1024 6 6 0.6
167 4 6 1024 6 6 0.6
167 7 1 1024 1 1 0.1
167 2 8 1024 8 8 0.8
168 3 5 1024 5 5 0.5
168 6 4 1024 4 4 0.4
169 3 3 1024 3 3 0.3
169 2 8 1024 8 8 0.8
170 5 5 1024 5 5 0.5
170 4 8 1024 8 8 0.8
170 6 0 1024 0 0 0.0
170 2 10 1024 10 10 1.0
171 2 9 1024 9 9 0.9
171 4 7 1024 7 7 0.7
172 4 5 1024 5 5 0.5
172 6 4 1024 4 4 0.4
173 3 6 1024 6 6 0.6
173 5 5 1024 5 5 0.5
174 5 2 1024 2 2 0.2
174 2 7 1024 7 7 0.7
175 6 6 1024 6 6 0.6
175 1 10 1024 10 10 1.0
175 3 9 1024 9 9 0.9
176 5 7 1024 7 7 0.7
176 6 6 1024 6 6 0.6
176 3 10 1024 10 10 1.0
177 2 9 1024 9 9 0.9
177 4 7 1024 7 7 0.7
178 4 5 1024 5 5 0.5
178 3 10 1024 10 10 1.0
178 6 3 1024 3 3 0.3
179 4 7 1024 7 7 0.7
179 3 9 1024 9 9 0.9
179 6 6 1024 6 6 0.6
179 7 5 1024 5 5 0.5
180 3 7 1024 7 7 0.7
180 4 2 1024 2 2 0.2
181 2 8 1024 8 8 0.8
181 4 5 1024 5 5 0.5
182 4 8 1024 8 8 0.8
182 5 6 1024 6 6 0.6
182 3 9 1024 9 9 0.9
182 6 2 1024 2 2 0.2
183 2 8 1024 8 8 0.8
183 3 0 1024 0 0 0.0
184 4 8 1024 8 8 0.8
184 6 5 1024 5 5 0.5
184 7 0 1024 0 0 0.0
185 4 6 1024 6 6 0.6
185 3 8 1024 8 8 0.8
185 7 0 1024 0 0 0.0
185 6 4 1024 4 4 0.4
186 2 6 1024 6 6 0.6
187 4 7 1024 7 7 0.7
187 5 2 1024 2 2 0.2
188 6 4 1024 4 4 0.4
188 4 7 1024 7 7 0.7
189 5 6 1024 6 6 0.6
189 4 8 1024 8 8 0.8
189 3 9 1024 9 9 0.9
190 4 8 1024 8 8 0.8
190 7 4 1024 4 4 0.4
190 5 5 1024 5 5 0.5
191 4 4 1024 4 4 0.4
191 2 6 1024 6 6 0.6
191 5 3 1024 3 3 0.3
192 5 6 1024 6 6 0.6
192 7 5 1024 5 5 0.5
192 1 10 1024 10 10 1.0
192 3 7 1024 7 7 0.7
193 2 10 1024 10 10 1.0
193 6 5 1024 5 5 0.5
193 4 7 1024 7 7 0.7
194 3 6 1024 6 6 0.6
195 3 6 1024 6 6 0.6
195 2 8 1024 8 8 0.8
196 5 4 1024 4 4 0.4
196 4 8 1024 8 8 0.8
197 5 5 1024 5 5 0.5
197 6 4 1024 4 4 0.4
197 3 7 1024 7 7 0.7
198 6 6 1024 6 6 0.6
198 4 8 1024 8 8 0.8
198 3 9 1024 9 9 0.9
198 8 5 1024 5 5 0.5
199 1 7 1024 7 7 0.7
199 6 6 1024 6 6 0.6
199 7 5 1024 5 5 0.5
200 3 9 1024 9 9 0.9
200 4 2 1024 2 2 0.2
201 6 2 1024 2 2 0.2
201 3 8 1024 8 8 0.8
201 2 9 1024 9 9 0.9
201 5 4 1024 4 4 0.4
202 6 5 1024 5 5 0.5
202 3 8 1024 8 8 0.8
202 4 7 1024 7 7 0.7
203 4 8 1024 8 8 0.8
203 1 10 1024 10 10 1.0
203 3 9 1024 9 9 0.9
203 6 7 1024 7 7 0.7
204 2 10 1024 10 10 1.0
204 6 3 1024 3 3 0.3
204 3 7 1024 7 7 0.7
205 5 6 1024 6 6 0.6
205 2 9 1024 9 9 0.9
206 2 9 1024 9 9 0.9
206 4 7 1024 7 7 0.7
206 6 5 1024 5 5 0.5
207 4 8 1024 8 8 0.8
207 5 7 1024 7 7 0.7
207 7 6 1024 6 6 0.6
208 2 8 1024 8 8 0.8
208 4 5 1024 5 5 0.5
209 4 5 1024 5 5 0.5
210 3 9 1024 9 9 0.9
210 4 3 1024 3 3 0.3
211 2 9 1024 9 9 0.9
211 3 8 1024 8 8 0.8
211 5 3 1024 3 3 0.3
212 4 7 1024 7 7 0.7
212 2 10 1024 10 10 1.0
212 6 4 1024 4 4 0.4
213 5 5 1024 5 5 0.5
213 3 8 1024 8 8 0.8
213 2 10 1024 10 10 1.0
214 3 7 1024 7 7 0.7
214 2 9 1024 9 9 0.9
214 4 6 1024 6 6 0.6
215 4 7 1024 7 7 0.7
215 5 3 1024 3 3 0.3
215 2 10 1024 10 10 1.0
215 3 9 1024 9 9 0.9
216 2 8 1024 8 8 0.8
216 4 7 1024 7 7 0.7
216 1 10 1024 10 10 1.0
217 3 7 1024 7 7 0.7
217 7 6 1024 6 6 0.6
218 4 4 1024 4 4 0.4
218 3 5 1024 5 5 0.5
219 3 8 1024 8 8 0.8
219 5 3 1024 3 3 0.3
220 2 9 1024 9 9 0.9
220 4 4 1024 4 4 0.4
221 4 8 1024 8 8 0.8
221 2 9 1024 9 9 0.9
221 5 5 1024 5 5 0.5
222 3 9 1024 9 9 0.9
222 8 0 1024 0 0 0.0
222 2 10 1024 10 10 1.0
222 5 6 1024 6 6 0.6
222 4 7 1024 7 7 0.7
223 1 10 1024 10 10 1.0
223 6 4 1024 4 4 0.4
223 4 5 1024 5 5 0.5
224 6 6 1024 6 6 0.6
224 5 7 1024 7 7 0.7
224 3 9 1024 9 9 0.9
225 5 2 1024 2 2 0.2
225 4 7 1024 7 7 0.7
226 4 6 1024 6 6 0.6
226 2 9 1024 9 9 0.9
226 5 4 1024 4 4 0.4
227 5 8 1024 8 8 0.8
227 4 9 1024 9 9 0.9
227 7 6 1024 6 6 0.6
227 8 3 1024 3 3 0.3
227 2 10 1024 10 10 1.0
228 3 9 1024 9 9 0.9
228 4 8 1024 8 8 0.8
228 6 6 1024 6 6 0.6
228 5 7 1024 7 7 0.7
229 4 7 1024 7 7 0.7
229 5 6 1024 6 6 0.6
229 7 5 1024 5 5 0.5
230 3 4 1024 4 4 0.4
231 5 6 1024 6 6 0.6
231 3 7 1024 7 7 0.7
232 2 10 1024 10 10 1.0
232 4 5 1024 5 5 0.5
232 5 3 1024 3 3 0.3
233 5 6 1024 6 6 0.6
233 4 7 1024 7 7 0.7
234 2 9 1024 9 9 0.9
234 1 10 1024 10 10 1.0
234 4 5 1024 5 5 0.5
234 5 3 1024 3 3 0.3
234 3 7 1024 7 7 0.7
235 3 9 1024 9 9 0.9
235 4 5 1024 5 5 0.5
236 3 10 1024 10 10 1.0
236 4 7 1024 7 7 0.7
236 5 5 1024 5 5 0.5
237 5 4 1024 4 4 0.4
237 1 9 1024 9 9 0.9
238 3 8 1024 8 8 0.8
238 4 4 1024 4 4 0.4
239 5 4 1024 4 4 0.4
239 2 9 1024 9 9 0.9
239 7 3 1024 3 3 0.3
239 4 8 1024 8 8 0.8
240 4 7 1024 7 7 0.7
240 2 9 1024 9 9 0.9
240 5 6 1024 6 6 0.6
241 5 5 1024 5 5 0.5
241 6 4 1024 4 4 0.4
241 1 9 1024 9 9 0.9
241 3 7 1024 7 7 0.7
242 4 7 1024 7 7 0.7
242 5 3 1024 3 3 0.3
242 2 8 1024 8 8 0.8
243 7 4 1024 4 4 0.4
243 4 8 1024 8 8 0.8
244 5 5 1024 5 5 0.5
244 3 8 1024 8 8 0.8
245 4 8 1024 8 8 0.8
245 6 3 1024 3 3 0.3
246 9 6 1024 6 6 0.6
246 3 7 1024 7 7 0.7
247 3 9 1024 9 9 0.9
247 1 10 1024 10 10 1.0
247 6 7 1024 7 7 0.7
248 7 3 1024 3 3 0.3
248 3 7 1024 7 7 0.7
248 4 4 1024 4 4 0.4
249 4 7 1024 7 7 0.7
249 1 10 1024 10 10 1.0
249 8 5 1024 5 5 0.5
250 3 8 1024 8 8 0.8
250 5 0 1024 0 0 0.0
251 5 8 1024 8 8 0.8
251 3 9 1024 9 9 0.9
251 6 3 1024 3 3 0.3
252 2 10 1024 10 10 1.0
252 5 4 1024 4 4 0.4
252 9 1 1024 1 1 0.1
252 4 8 1024 8 8 0.8
253 3 9 1024 9 9 0.9
253 4 8 1024 8 8 0.8
253 6 7 1024 7 7 0.7
254 3 9 1024 9 9 0.9
254 5 4 1024 4 4 0.4
255 3 9 1024 9 9 0.9
255 6 5 1024 5 5 0.5
255 4 8 1024 8 8 0.8
256 5 3 1024 3 3 0.3
256 4 5 1024 5 5 0.5
257 4 6 1024 6 6 0.6
257 2 10 1024 10 10 1.0
258 4 9 1024 9 9 0.9
258 5 8 1024 8 8 0.8
258 7 5 1024 5 5 0.5
258 8 4 1024 4 4 0.4
259 4 5 1024 5 5 0.5
259 2 9 1024 9 9 0.9
259 3 8 1024 8 8 0.8
260 6 3 1024 3 3 0.3
260 2 9 1024 9 9 0.9
260 5 7 1024 7 7 0.7
260 1 10 1024 10 10 1.0
261 6 5 1024 5 5 0.5
261 4 7 1024 7 7 0.7
261 9 4 1024 4 4 0.4
262 5 8 1024 8 8 0.8
262 4 10 1024 10 10 1.0
262 6 3 1024 3 3 0.3
263 4 8 1024 8 8 0.8
263 2 10 1024 10 10 1.0
263 7 3 1024 3 3 0.3
263 3 9 1024 9 9 0.9
263 5 6 1024 6 6 0.6
264 4 7 1024 7 7 0.7
265 3 9 1024 9 9 0.9
265 8 5 1024 5 5 0.5
265 4 6 1024 6 6 0.6
266 6 6 1024 6 6 0.6
266 5 8 1024 8 8 0.8
266 2 10 1024 10 10 1.0
267 3 3 1024 3 3 0.3
268 3 3 1024 3 3 0.3
268 1 10 1024 10 10 1.0
269 3 5 1024 5 5 0.5
270 5 8 1024 8 8 0.8
270 6 4 1024 4 4 0.4
270 4 9 1024 9 9 0.9
270 3 10 1024 10 10 1.0
271 7 4 1024 4 4 0.4
271 8 3 1024 3 3 0.3
271 3 7 1024 7 7 0.7
272 3 10 1024 10 10 1.0
272 4 7 1024 7 7 0.7
273 6 5 1024 5 5 0.5
273 1 9 1024 9 9 0.9
274 1 3 1024 3 3 0.3
275 5 6 1024 6 6 0.6
275 3 8 1024 8 8 0.8
276 4 7 1024 7 7 0.7
276 5 3 1024 3 3 0.3
276 3 8 1024 8 8 0.8
277 2 3 1024 3 3 0.3
278 4 6 1024 6 6 0.6
278 3 10 1024 10 10 1.0
279 4 7 1024 7 7 0.7
279 8 2 1024 2 2 0.2
279 6 5 1024 5 5 0.5
279 3 8 1024 8 8 0.8
280 2 8 1024 8 8 0.8
280 7 0 1024 0 0 0.0
280 6 7 1024 7 7 0.7
281 3 9 1024 9 9 0.9
281 6 4 1024 4 4 0.4
281 8 2 1024 2 2 0.2
282 0 10 1024 10 10 1.0
282 4 7 1024 7 7 0.7
282 2 9 1024 9 9 0.9
283 1 10 1024 10 10 1.0
283 5 6 1024 6 6 0.6
283 4 8 1024 8 8 0.8
283 6 5 1024 5 5 0.5
284 2 8 1024 8 8 0.8
285 3 8 1024 8 8 0.8
285 4 1 1024 1 1 0.1
286 6 3 1024 3 3 0.3
286 4 6 1024 6 6 0.6
286 3 9 1024 9 9 0.9
287 3 10 1024 10 10 1.0
287 5 3 1024 3 3 0.3
287 4 8 1024 8 8 0.8
288 3 6 1024 6 6 0.6
289 4 8 1024 8 8 0.8
289 5 7 1024 7 7 0.7
290 6 6 1024 6 6 0.6
290 3 8 1024 8 8 0.8
290 4 7 1024 7 7 0.7
291 3 9 1024 9 9 0.9
291 5 6 1024 6 6 0.6
291 4 7 1024 7 7 0.7
292 5 7 1024 7 7 0.7
292 4 8 1024 8 8 0.8
292 7 6 1024 6 6 0.6
293 7 2 1024 2 2 0.2
293 2 8 1024 8 8 0.8
293 4 6 1024 6 6 0.6
294 4 5 1024 5 5 0.5
294 7 3 1024 3 3 0.3
295 4 8 1024 8 8 0.8
295 5 3 1024 3 3 0.3
295 2 10 1024 10 10 1.0
296 3 10 1024 10 10 1.0
296 4 6 1024 6 6 0.6
296 6 5 1024 5 5 0.5
297 3 8 1024 8 8 0.8
297 6 7 1024 7 7 0.7
297 2 10 1024 10 10 1.0
298 3 5 1024 5 5 0.5
299 4 7 1024 7 7 0.7
299 3 10 1024 10 10 1.0
299 5 5 1024 5 5 0.5
300 5 4 1024 4 4 0.4
300 3 5 1024 5 5 0.5
301 4 7 1024 7 7 0.7
301 6 4 1024 4 4 0.4
302 2 10 1024 10 10 1.0
302 7 4 1024 4 4 0.4
302 4 6 1024 6 6 0.6
303 2 10 1024 10 10 1.0
303 3 6 1024 6 6 0.6
303 5 5 1024 5 5 0.5
304 3 9 1024 9 9 0.9
304 4 4 1024 4 4 0.4
305 2 9 1024 9 9 0.9
305 3 8 1024 8 8 0.8
305 4 7 1024 7 7 0.7
306 1 8 1024 8 8 0.8
306 6 7 1024 7 7 0.7
307 6 3 1024 3 3 0.3
307 3 9 1024 9 9 0.9
307 2 10 1024 10 10 1.0
307 4 7 1024 7 7 0.7
308 4 0 1024 0 0 0.0
308 3 8 1024 8 8 0.8
309 3 7 1024 7 7 0.7
310 3 6 1024 6 6 0.6
310 2 10 1024 10 10 1.0
310 5 5 1024 5 5 0.5
311 3 8 1024 8 8 0.8
311 4 3 1024 3 3 0.3
312 5 4 1024 4 4 0.4
312 2 9 1024 9 9 0.9
312 6 2 1024 2 2 0.2
313 6 6 1024 6 6 0.6
313 2 10 1024 10 10 1.0
313 3 8 1024 8 8 0.8
314 4 0 1024 0 0 0.0
315 3 6 1024 6 6 0.6
316 2 9 1024 9 9 0.9
316 3 2 1024 2 2 0.2
317 5 5 1024 5 5 0.5
317 2 9 1024 9 9 0.9
317 4 8 1024 8 8 0.8
318 2 8 1024 8 8 0.8
318 4 7 1024 7 7 0.7
318 6 3 1024 3 3 0.3
318 9 1 1024 1 1 0.1
319 7 5 1024 5 5 0.5
319 3 6 1024 6 6 0.6
320 8 6 1024 6 6 0.6
320 4 9 1024 9 9 0.9
320 3 10 1024 10 10 1.0
320 6 7 1024 7 7 0.7
321 4 0 1024 0 0 0.0
321 2 9 1024 9 9 0.9
322 6 4 1024 4 4 0.4
322 5 5 1024 5 5 0.5
322 4 7 1024 7 7 0.7
323 4 6 1024 6 6 0.6
324 1 9 1024 9 9 0.9
324 4 0 1024 0 0 0.0
325 2 9 1024 9 9 0.9
325 3 8 1024 8 8 0.8
325 4 5 1024 5 5 0.5
326 1 9 1024 9 9 0.9
326 4 6 1024 6 6 0.6
326 6 5 1024 5 5 0.5
327 5 8 1024 8 8 0.8
327 3 9 1024 9 9 0.9
327 6 2 1024 2 2 0.2
328 6 3 1024 3 3 0.3
328 2 9 1024 9 9 0.9
328 4 5 1024 5 5 0.5
328 3 8 1024 8 8 0.8
329 6 5 1024 5 5 0.5
329 3 9 1024 9 9 0.9
329 4 6 1024 6 6 0.6
330 8 5 1024 5 5 0.5
330 3 8 1024 8 8 0.8
330 7 7 1024 7 7 0.7
331 4 7 1024 7 7 0.7
331 6 3 1024 3 3 0.3
332 6 6 1024 6 6 0.6
332 3 9 1024 9 9 0.9
332 4 7 1024 7 7 0.7
332 7 3 1024 3 3 0.3
333 7 5 1024 5 5 0.5
333 3 10 1024 10 10 1.0
333 8 1 1024 1 1 0.1
333 5 6 1024 6 6 0.6
334 3 7 1024 7 7 0.7
334 5 2 1024 2 2 0.2
335 4 0 1024 0 0 0.0
335 3 10 1024 10 10 1.0
336 2 8 1024 8 8 0.8
336 0 10 1024 10 10 1.0
337 4 6 1024 6 6 0.6
337 3 7 1024 7 7 0.7
337 2 10 1024 10 10 1.0
338 4 6 1024 6 6 0.6
338 2 10 1024 10 10 1.0
338 6 5 1024 5 5 0.5
339 3 8 1024 8 8 0.8
339 5 6 1024 6 6 0.6
340 4 6 1024 6 6 0.6
340 3 7 1024 7 7 0.7
340 8 5 1024 5 5 0.5
340 2 8 1024 8 8 0.8
341 3 4 1024 4 4 0.4
341 2 5 1024 5 5 0.5
342 3 10 1024 10 10 1.0
342 5 3 1024 3 3 0.3
342 4 7 1024 7 7 0.7
343 6 4 1024 4 4 0.4
343 5 7 1024 7 7 0.7
343 4 10 1024 10 10 1.0
343 7 3 1024 3 3 0.3
344 3 9 1024 9 9 0.9
344 5 7 1024 7 7 0.7
344 2 10 1024 10 10 1.0
345 4 3 1024 3 3 0.3
345 2 10 1024 10 10 1.0
346 3 9 1024 9 9 0.9
346 5 7 1024 7 7 0.7
346 4 8 1024 8 8 0.8
347 3 8 1024 8 8 0.8
347 7 4 1024 4 4 0.4
347 4 7 1024 7 7 0.7
348 4 5 1024 5 5 0.5
348 2 8 1024 8 8 0.8
348 7 1 1024 1 1 0.1
349 5 3 1024 3 3 0.3
349 4 7 1024 7 7 0.7
350 3 10 1024 10 10 1.0
350 5 8 1024 8 8 0.8
350 4 9 1024 9 9 0.9
350 6 6 1024 6 6 0.6
351 6 4 1024 4 4 0.4
351 4 8 1024 8 8 0.8
351 5 5 1024 5 5 0.5
352 5 3 1024 3 3 0.3
352 3 6 1024 6 6 0.6
353 4 7 1024 7 7 0.7
353 5 6 1024 6 6 0.6
354 4 3 1024 3 3 0.3
354 3 5 1024 5 5 0.5
355 2 6 1024 6 6 0.6
355 4 5 1024 5 5 0.5
356 6 3 1024 3 3 0.3
356 4 8 1024 8 8 0.8
356 5 6 1024 6 6 0.6
356 3 10 1024 10 10 1.0
357 6 7 1024 7 7 0.7
357 3 9 1024 9 9 0.9
357 7 3 1024 3 3 0.3
357 2 10 1024 10 10 1.0
358 2 3 1024 3 3 0.3
359 5 6 1024 6 6 0.6
359 4 9 1024 9 9 0.9
360 4 7 1024 7 7 0.7
360 5 6 1024 6 6 0.6
360 2 10 1024 10 10 1.0
361 5 5 1024 5 5 0.5
361 3 8 1024 8 8 0.8
361 6 3 1024 3 3 0.3
362 4 8 1024 8 8 0.8
362 5 6 1024 6 6 0.6
363 6 3 1024 3 3 0.3
363 1 10 1024 10 10 1.0
363 4 5 1024 5 5 0.5
363 3 8 1024 8 8 0.8
364 4 5 1024 5 5 0.5
365 6 3 1024 3 3 0.3
365 2 7 1024 7 7 0.7
366 3 8 1024 8 8 0.8
366 4 4 1024 4 4 0.4
367 5 7 1024 7 7 0.7
367 7 6 1024 6 6 0.6
367 1 9 1024 9 9 0.9
367 8 5 1024 5 5 0.5
367 4 8 1024 8 8 0.8
368 5 6 1024 6 6 0.6
368 3 7 1024 7 7 0.7
369 2 8 1024 8 8 0.8
369 4 6 1024 6 6 0.6
369 1 10 1024 10 10 1.0
370 4 9 1024 9 9 0.9
370 5 4 1024 4 4 0.4
370 2 10 1024 10 10 1.0
370 6 3 1024 3 3 0.3
371 1 9 1024 9 9 0.9
371 4 8 1024 8 8 0.8
371 5 5 1024 5 5 0.5
371 8 2 1024 2 2 0.2
371 7 3 1024 3 3 0.3
372 6 6 1024 6 6 0.6
372 4 9 1024 9 9 0.9
372 5 7 1024 7 7 0.7
373 3 9 1024 9 9 0.9
373 6 4 1024 4 4 0.4
373 4 7 1024 7 7 0.7
374 4 4 1024 4 4 0.4
375 3 9 1024 9 9 0.9
375 4 2 1024 2 2 0.2
376 5 5 1024 5 5 0.5
376 9 4 1024 4 4 0.4
376 4 7 1024 7 7 0.7
377 1 10 1024 10 10 1.0
377 6 5 1024 5 5 0.5
377 4 8 1024 8 8 0.8
377 5 7 1024 7 7 0.7
378 3 7 1024 7 7 0.7
378 5 5 1024 5 5 0.5
378 7 4 1024 4 4 0.4
379 6 0 1024 0 0 0.0
379 1 5 1024 5 5 0.5
380 6 3 1024 3 3 0.3
380 1 10 1024 10 10 1.0
380 2 5 1024 5 5 0.5
381 2 10 1024 10 10 1.0
381 4 4 1024 4 4 0.4
382 6 5 1024 5 5 0.5
382 4 6 1024 6 6 0.6
383 3 7 1024 7 7 0.7
384 4 6 1024 6 6 0.6
384 2 7 1024 7 7 0.7
384 5 4 1024 4 4 0.4
385 4 5 1024 5 5 0.5
385 2 8 1024 8 8 0.8
386 5 5 1024 5 5 0.5
386 3 6 1024 6 6 0.6
387 5 6 1024 6 6 0.6
387 4 7 1024 7 7 0.7
388 4 6 1024 6 6 0.6
388 6 2 1024 2 2 0.2
389 3 7 1024 7 7 0.7
389 4 6 1024 6 6 0.6
389 2 10 1024 10 10 1.0
390 3 8 1024 8 8 0.8
390 4 3 1024 3 3 0.3
390 8 2 1024 2 2 0.2
391 6 3 1024 3 3 0.3
391 5 7 1024 7 7 0.7
391 3 8 1024 8 8 0.8
392 5 5 1024 5 5 0.5
392 2 7 1024 7 7 0.7
392 4 6 1024 6 6 0.6
392 7 4 1024 4 4 0.4
393 3 6 1024 6 6 0.6
394 3 8 1024 8 8 0.8
394 2 9 1024 9 9 0.9
394 4 5 1024 5 5 0.5
394 6 4 1024 4 4 0.4
395 6 4 1024 4 4 0.4
395 3 9 1024 9 9 0.9
395 4 5 1024 5 5 0.5
396 4 9 1024 9 9 0.9
396 5 4 1024 4 4 0.4
396 3 10 1024 10 10 1.0
397 2 8 1024 8 8 0.8
397 5 5 1024 5 5 0.5
398 7 5 1024 5 5 0.5
398 4 7 1024 7 7 0.7
398 3 9 1024 9 9 0.9
399 4 5 1024 5 5 0.5
399 7 4 1024 4 4 0.4
400 3 7 1024 7 7 0.7
401 4 8 1024 8 8 0.8
401 5 0 1024 0 0 0.0
402 4 6 1024 6 6 0.6
402 6 5 1024 5 5 0.5
402 3 8 1024 8 8 0.8
402 8 1 1024 1 1 0.1
403 2 5 1024 5 5 0.5
404 6 6 1024 6 6 0.6
404 4 7 1024 7 7 0.7
404 2 8 1024 8 8 0.8
405 6 5 1024 5 5 0.5
405 2 9 1024 9 9 0.9
405 5 6 1024 6 6 0.6
406 3 9 1024 9 9 0.9
406 5 6 1024 6 6 0.6
406 7 1 1024 1 1 0.1
407 7 4 1024 4 4 0.4
407 5 7 1024 7 7 0.7
407 3 10 1024 10 10 1.0
407 6 5 1024 5 5 0.5
408 9 3 1024 3 3 0.3
408 2 5 1024 5 5 0.5
408 4 4 1024 4 4 0.4
409 3 8 1024 8 8 0.8
409 1 10 1024 10 10 1.0
409 5 5 1024 5 5 0.5
409 6 4 1024 4 4 0.4
409 8 3 1024 3 3 0.3
410 3 8 1024 8 8 0.8
410 4 5 1024 5 5 0.5
411 7 3 1024 3 3 0.3
411 2 5 1024 5 5 0.5
411 5 4 1024 4 4 0.4
412 3 5 1024 5 5 0.5
413 7 4 1024 4 4 0.4
413 2 6 1024 6 6 0.6
414 3 9 1024 9 9 0.9
414 7 7 1024 7 7 0.7
414 4 8 1024 8 8 0.8
415 2 10 1024 10 10 1.0
415 5 6 1024 6 6 0.6
416 5 7 1024 7 7 0.7
416 6 5 1024 5 5 0.5
416 3 9 1024 9 9 0.9
417 5 7 1024 7 7 0.7
417 3 8 1024 8 8 0.8
417 2 9 1024 9 9 0.9
417 6 3 1024 3 3 0.3
418 3 7 1024 7 7 0.7
418 4 6 1024 6 6 0.6
419 4 4 1024 4 4 0.4
420 5 8 1024 8 8 0.8
420 6 4 1024 4 4 0.4
420 3 9 1024 9 9 0.9
421 3 7 1024 7 7 0.7
421 5 5 1024 5 5 0.5
421 4 6 1024 6 6 0.6
422 5 2 1024 2 2 0.2
422 2 10 1024 10 10 1.0
422 4 8 1024 8 8 0.8
423 4 8 1024 8 8 0.8
423 5 4 1024 4 4 0.4
424 4 5 1024 5 5 0.5
425 6 5 1024 5 5 0.5
425 4 7 1024 7 7 0.7
425 3 9 1024 9 9 0.9
426 5 4 1024 4 4 0.4
426 4 5 1024 5 5 0.5
427 2 7 1024 7 7 0.7
427 6 5 1024 5 5 0.5
428 7 3 1024 3 3 0.3
428 3 7 1024 7 7 0.7
429 6 6 1024 6 6 0.6
429 3 7 1024 7 7 0.7
430 3 6 1024 6 6 0.6
430 6 0 1024 0 0 0.0
431 3 3 1024 3 3 0.3
432 3 4 1024 4 4 0.4
433 8 2 1024 2 2 0.2
433 5 6 1024 6 6 0.6
433 6 3 1024 3 3 0.3
433 4 9 1024 9 9 0.9
434 4 0 1024 0 0 0.0
434 2 9 1024 9 9 0.9
434 1 10 1024 10 10 1.0
434 3 8 1024 8 8 0.8
435 2 8 1024 8 8 0.8
435 1 10 1024 10 10 1.0
435 3 3 1024 3 3 0.3
436 4 4 1024 4 4 0.4
437 4 0 1024 0 0 0.0
437 2 9 1024 9 9 0.9
438 3 6 1024 6 6 0.6
438 7 3 1024 3 3 0.3
439 4 5 1024 5 5 0.5
439 2 7 1024 7 7 0.7
439 8 3 1024 3 3 0.3
440 4 5 1024 5 5 0.5
440 1 8 1024 8 8 0.8
441 3 8 1024 8 8 0.8
441 7 2 1024 2 2 0.2
441 6 6 1024 6 6 0.6
442 5 5 1024 5 5 0.5
442 3 10 1024 10 10 1.0
442 4 8 1024 8 8 0.8
443 8 5 1024 5 5 0.5
443 6 6 1024 6 6 0.6
443 3 8 1024 8 8 0.8
444 4 8 1024 8 8 0.8
444 5 2 1024 2 2 0.2
444 3 10 1024 10 10 1.0
445 3 7 1024 7 7 0.7
445 7 4 1024 4 4 0.4
446 4 5 1024 5 5 0.5
446 3 10 1024 10 10 1.0
447 3 7 1024 7 7 0.7
447 5 6 1024 6 6 0.6
448 8 1 1024 1 1 0.1
448 3 7 1024 7 7 0.7
448 7 4 1024 4 4 0.4
448 2 8 1024 8 8 0.8
449 3 8 1024 8 8 0.8
449 4 7 1024 7 7 0.7
449 2 10 1024 10 10 1.0
449 6 6 1024 6 6 0.6
450 3 9 1024 9 9 0.9
450 5 7 1024 7 7 0.7
450 8 4 1024 4 4 0.4
450 4 8 1024 8 8 0.8
451 5 8 1024 8 8 0.8
451 3 9 1024 9 9 0.9
451 6 5 1024 5 5 0.5
452 4 4 1024 4 4 0.4
452 3 9 1024 9 9 0.9
453 5 5 1024 5 5 0.5
453 4 9 1024 9 9 0.9
453 3 10 1024 10 10 1.0
454 3 10 1024 10 10 1.0
454 4 8 1024 8 8 0.8
454 6 7 1024 7 7 0.7
455 3 7 1024 7 7 0.7
455 5 2 1024 2 2 0.2
456 2 8 1024 8 8 0.8
456 4 7 1024 7 7 0.7
457 3 3 1024 3 3 0.3
458 2 5 1024 5 5 0.5
459 3 8 1024 8 8 0.8
459 5 5 1024 5 5 0.5
459 9 4 1024 4 4 0.4
459 2 10 1024 10 10 1.0
460 6 3 1024 3 3 0.3
460 3 7 1024 7 7 0.7
461 3 5 1024 5 5 0.5
461 2 7 1024 7 7 0.7
462 6 6 1024 6 6 0.6
462 3 7 1024 7 7 0.7
463 5 6 1024 6 6 0.6
463 7 5 1024 5 5 0.5
463 3 7 1024 7 7 0.7
464 5 7 1024 7 7 0.7
464 6 5 1024 5 5 0.5
464 3 8 1024 8 8 0.8
465 5 5 1024 5 5 0.5
465 4 8 1024 8 8 0.8
466 5 5 1024 5 5 0.5
466 7 3 1024 3 3 0.3
466 3 6 1024 6 6 0.6
467 4 3 1024 3 3 0.3
468 3 9 1024 9 9 0.9
468 4 7 1024 7 7 0.7
468 5 6 1024 6 6 0.6
468 6 5 1024 5 5 0.5
468 0 10 1024 10 10 1.0
469 5 0 1024 0 0 0.0
469 3 7 1024 7 7 0.7
469 4 6 1024 6 6 0.6
470 5 7 1024 7 7 0.7
470 2 9 1024 9 9 0.9
471 3 3 1024 3 3 0.3
472 3 3 1024 3 3 0.3
473 3 6 1024 6 6 0.6
473 2 9 1024 9 9 0.9
473 4 4 1024 4 4 0.4
474 6 4 1024 4 4 0.4
474 2 7 1024 7 7 0.7
475 3 10 1024 10 10 1.0
475 8 5 1024 5 5 0.5
475 6 6 1024 6 6 0.6
475 5 8 1024 8 8 0.8
476 4 7 1024 7 7 0.7
476 8 4 1024 4 4 0.4
476 2 10 1024 10 10 1.0
476 6 6 1024 6 6 0.6
477 4 5 1024 5 5 0.5
477 3 9 1024 9 9 0.9
478 2 4 1024 4 4 0.4
479 4 7 1024 7 7 0.7
479 5 5 1024 5 5 0.5
479 3 8 1024 8 8 0.8
479 2 10 1024 10 10 1.0
479 8 4 1024 4 4 0.4
480 5 4 1024 4 4 0.4
480 4 6 1024 6 6 0.6
481 9 2 1024 2 2 0.2
481 4 4 1024 4 4 0.4
481 3 9 1024 9 9 0.9
482 1 8 1024 8 8 0.8
482 7 1 1024 1 1 0.1
482 6 5 1024 5 5 0.5
483 3 3 1024 3 3 0.3
483 2 9 1024 9 9 0.9
484 2 7 1024 7 7 0.7
484 6 3 1024 3 3 0.3
485 5 3 1024 3 3 0.3
485 4 5 1024 5 5 0.5
485 3 9 1024 9 9 0.9
486 4 8 1024 8 8 0.8
486 2 10 1024 10 10 1.0
486 6 5 1024 5 5 0.5
487 2 8 1024 8 8 0.8
487 5 5 1024 5 5 0.5
488 3 6 1024 6 6 0.6
488 4 3 1024 3 3 0.3
489 2 9 1024 9 9 0.9
489 4 6 1024 6 6 0.6
489 5 0 1024 0 0 0.0
490 4 4 1024 4 4 0.4
490 3 5 1024 5 5 0.5
491 5 5 1024 5 5 0.5
491 6 2 1024 2 2 0.2
491 4 6 1024 6 6 0.6
491 3 10 1024 10 10 1.0
492 5 5 1024 5 5 0.5
492 2 8 1024 8 8 0.8
493 4 8 1024 8 8 0.8
493 1 10 1024 10 10 1.0
493 6 5 1024 5 5 0.5
494 4 4 1024 4 4 0.4
495 4 5 1024 5 5 0.5
495 2 8 1024 8 8 0.8
495 3 7 1024 7 7 0.7
496 2 8 1024 8 8 0.8
496 3 4 1024 4 4 0.4
497 4 7 1024 7 7 0.7
497 6 6 1024 6 6 0.6
497 8 4 1024 4 4 0.4
497 2 10 1024 10 10 1.0
498 2 9 1024 9 9 0.9
498 4 7 1024 7 7 0.7
498 6 6 1024 6 6 0.6
499 7 1 1024 1 1 0.1
499 3 4 1024 4 4 0.4
500 5 8 1024 8 8 0.8
500 6 4 1024 4 4 0.4
501 4 8 1024 8 8 0.8
501 5 6 1024 6 6 0.6
502 3 7 1024 7 7 0.7
503 1 10 1024 10 10 1.0
503 3 8 1024 8 8 0.8
503 4 2 1024 2 2 0.2
504 5 0 1024 0 0 0.0
504 4 6 1024 6 6 0.6
504 2 9 1024 9 9 0.9
505 2 6 1024 6 6 0.6
505 6 3 1024 3 3 0.3
506 3 5 1024 5 5 0.5
506 4 4 1024 4 4 0.4
507 7 5 1024 5 5 0.5
507 6 6 1024 6 6 0.6
507 5 7 1024 7 7 0.7
507 3 9 1024 9 9 0.9
508 5 5 1024 5 5 0.5
508 6 4 1024 4 4 0.4
509 4 5 1024 5 5 0.5
509 3 8 1024 8 8 0.8
510 4 9 1024 9 9 0.9
510 3 10 1024 10 10 1.0
510 6 5 1024 5 5 0.5
510 8 4 1024 4 4 0.4
511 3 3 1024 3 3 0.3
512 2 10 1024 10 10 1.0
512 3 9 1024 9 9 0.9
512 5 7 1024 7 7 0.7
512 6 4 1024 4 4 0.4
513 5 6 1024 6 6 0.6
513 3 8 1024 8 8 0.8
514 2 8 1024 8 8 0.8
514 4 7 1024 7 7 0.7
515 2 10 1024 10 10 1.0
515 6 5 1024 5 5 0.5
515 5 7 1024 7 7 0.7
516 2 7 1024 7 7 0.7
516 5 6 1024 6 6 0.6
517 4 3 1024 3 3 0.3
517 3 7 1024 7 7 0.7
517 2 10 1024 10 10 1.0
518 6 3 1024 3 3 0.3
518 3 10 1024 10 10 1.0
518 4 6 1024 6 6 0.6
519 4 6 1024 6 6 0.6
519 3 10 1024 10 10 1.0
519 6 4 1024 4 4 0.4
520 3 9 1024 9 9 0.9
520 5 5 1024 5 5 0.5
520 7 3 1024 3 3 0.3
521 5 5 1024 5 5 0.5
521 4 8 1024 8 8 0.8
522 3 7 1024 7 7 0.7
522 4 5 1024 5 5 0.5
523 3 9 1024 9 9 0.9
523 5 5 1024 5 5 0.5
524 4 5 1024 5 5 0.5
524 3 6 1024 6 6 0.6
525 3 5 1024 5 5 0.5
525 2 10 1024 10 10 1.0
525 4 3 1024 3 3 0.3
526 5 3 1024 3 3 0.3
527 4 3 1024 3 3 0.3
527 3 5 1024 5 5 0.5
528 2 8 1024 8 8 0.8
528 6 6 1024 6 6 0.6
529 3 5 1024 5 5 0.5
529 7 4 1024 4 4 0.4
530 2 10 1024 10 10 1.0
530 3 7 1024 7 7 0.7
530 4 3 1024 3 3 0.3
531 3 9 1024 9 9 0.9
531 5 6 1024 6 6 0.6
531 4 8 1024 8 8 0.8
532 2 10 1024 10 10 1.0
532 5 4 1024 4 4 0.4
532 4 7 1024 7 7 0.7
533 4 7 1024 7 7 0.7
533 3 8 1024 8 8 0.8
533 2 9 1024 9 9 0.9
533 6 4 1024 4 4 0.4
534 3 9 1024 9 9 0.9
534 4 2 1024 2 2 0.2
535 3 5 1024 5 5 0.5
535 5 2 1024 2 2 0.2
536 3 3 1024 3 3 0.3
537 3 10 1024 10 10 1.0
537 5 2 1024 2 2 0.2
538 2 10 1024 10 10 1.0
538 5 5 1024 5 5 0.5
538 4 8 1024 8 8 0.8
539 4 5 1024 5 5 0.5
539 7 4 1024 4 4 0.4
540 5 2 1024 2 2 0.2
540 2 9 1024 9 9 0.9
540 3 8 1024 8 8 0.8
541 6 3 1024 3 3 0.3
541 5 5 1024 5 5 0.5
541 7 0 1024 0 0 0.0
541 4 8 1024 8 8 0.8
542 2 8 1024 8 8 0.8
542 5 6 1024 6 6 0.6
543 3 10 1024 10 10 1.0
543 5 4 1024 4 4 0.4
543 4 8 1024 8 8 0.8
544 6 6 1024 6 6 0.6
544 4 8 1024 8 8 0.8
545 3 6 1024 6 6 0.6
545 7 5 1024 5 5 0.5
546 5 6 1024 6 6 0.6
546 3 9 1024 9 9 0.9
547 5 6 1024 6 6 0.6
547 2 10 1024 10 10 1.0
547 9 0 1024 0 0 0.0
547 3 7 1024 7 7 0.7
548 4 6 1024 6 6 0.6
548 2 10 1024 10 10 1.0
548 3 7 1024 7 7 0.7
549 5 6 1024 6 6 0.6
549 3 10 1024 10 10 1.0
550 1 10 1024 10 10 1.0
550 3 7 1024 7 7 0.7
550 4 2 1024 2 2 0.2
550 5 0 1024 0 0 0.0
551 5 8 1024 8 8 0.8
551 6 7 1024 7 7 0.7
551 3 9 1024 9 9 0.9
552 7 3 1024 3 3 0.3
552 3 9 1024 9 9 0.9
552 4 6 1024 6 6 0.6
553 4 4 1024 4 4 0.4
553 2 9 1024 9 9 0.9
554 5 4 1024 4 4 0.4
554 3 5 1024 5 5 0.5
555 4 7 1024 7 7 0.7
556 4 3 1024 3 3 0.3
556 3 8 1024 8 8 0.8
557 2 8 1024 8 8 0.8
557 6 6 1024 6 6 0.6
557 4 7 1024 7 7 0.7
558 5 6 1024 6 6 0.6
558 3 8 1024 8 8 0.8
559 4 6 1024 6 6 0.6
560 6 1 1024 1 1 0.1
560 4 7 1024 7 7 0.7
560 3 10 1024 10 10 1.0
561 3 6 1024 6 6 0.6
561 5 5 1024 5 5 0.5
561 1 9 1024 9 9 0.9
562 5 5 1024 5 5 0.5
562 4 8 1024 8 8 0.8
562 7 2 1024 2 2 0.2
562 3 9 1024 9 9 0.9
563 3 8 1024 8 8 0.8
563 4 6 1024 6 6 0.6
563 6 5 1024 5 5 0.5
564 1 5 1024 5 5 0.5
564 8 4 1024 4 4 0.4
565 5 5 1024 5 5 0.5
565 2 10 1024 10 10 1.0
565 3 9 1024 9 9 0.9
566 3 10 1024 10 10 1.0
566 6 6 1024 6 6 0.6
566 4 8 1024 8 8 0.8
566 7 5 1024 5 5 0.5
567 3 8 1024 8 8 0.8
567 4 5 1024 5 5 0.5
568 3 2 1024 2 2 0.2
569 6 6 1024 6 6 0.6
569 1 10 1024 10 10 1.0
569 3 8 1024 8 8 0.8
569 5 7 1024 7 7 0.7
570 4 5 1024 5 5 0.5
570 3 9 1024 9 9 0.9
570 6 4 1024 4 4 0.4
571 4 4 1024 4 4 0.4
571 3 6 1024 6 6 0.6
572 3 7 1024 7 7 0.7
572 5 5 1024 5 5 0.5
573 7 3 1024 3 3 0.3
573 3 8 1024 8 8 0.8
573 5 6 1024 6 6 0.6
574 2 8 1024 8 8 0.8
574 5 5 1024 5 5 0.5
575 3 6 1024 6 6 0.6
576 7 5 1024 5 5 0.5
576 3 6 1024 6 6 0.6
577 5 8 1024 8 8 0.8
577 8 5 1024 5 5 0.5
577 6 6 1024 6 6 0.6
577 2 10 1024 10 10 1.0
578 4 6 1024 6 6 0.6
578 5 4 1024 4 4 0.4
579 3 10 1024 10 10 1.0
579 4 9 1024 9 9 0.9
579 6 3 1024 3 3 0.3
580 3 5 1024 5 5 0.5
580 1 9 1024 9 9 0.9
581 3 7 1024 7 7 0.7
581 6 3 1024 3 3 0.3
582 5 6 1024 6 6 0.6
582 3 9 1024 9 9 0.9
582 6 4 1024 4 4 0.4
583 3 8 1024 8 8 0.8
583 6 5 1024 5 5 0.5
583 5 7 1024 7 7 0.7
583 2 10 1024 10 10 1.0
584 4 1 1024 1 1 0.1
584 3 8 1024 8 8 0.8
585 3 5 1024 5 5 0.5
585 2 10 1024 10 10 1.0
586 4 6 1024 6 6 0.6
586 5 0 1024 0 0 0.0
587 2 10 1024 10 10 1.0
587 3 6 1024 6 6 0.6
587 4 5 1024 5 5 0.5
588 4 9 1024 9 9 0.9
588 3 10 1024 10 10 1.0
588 5 8 1024 8 8 0.8
588 6 5 1024 5 5 0.5
589 6 4 1024 4 4 0.4
589 5 5 1024 5 5 0.5
589 4 6 1024 6 6 0.6
589 3 8 1024 8 8 0.8
590 4 3 1024 3 3 0.3
591 3 9 1024 9 9 0.9
591 5 6 1024 6 6 0.6
591 8 5 1024 5 5 0.5
592 6 4 1024 4 4 0.4
592 8 2 1024 2 2 0.2
592 3 8 1024 8 8 0.8
592 5 6 1024 6 6 0.6
593 1 10 1024 10 10 1.0
593 2 9 1024 9 9 0.9
593 3 7 1024 7 7 0.7
593 4 4 1024 4 4 0.4
593 6 2 1024 2 2 0.2
594 4 7 1024 7 7 0.7
594 1 10 1024 10 10 1.0
595 3 3 1024 3 3 0.3
596 2 10 1024 10 10 1.0
596 5 7 1024 7 7 0.7
596 6 5 1024 5 5 0.5
597 4 6 1024 6 6 0.6
597 5 5 1024 5 5 0.5
598 3 9 1024 9 9 0.9
598 5 4 1024 4 4 0.4
598 2 10 1024 10 10 1.0
598 4 6 1024 6 6 0.6
599 3 7 1024 7 7 0.7
599 4 5 1024 5 5 0.5
599 6 3 1024 3 3 0.3
600 2 9 1024 9 9 0.9
600 4 5 1024 5 5 0.5
601 4 8 1024 8 8 0.8
601 6 5 1024 5 5 0.5
601 2 9 1024 9 9 0.9
602 3 10 1024 10 10 1.0
602 4 5 1024 5 5 0.5
603 3 7 1024 7 7 0.7
603 4 5 1024 5 5 0.5
604 2 5 1024 5 5 0.5
605 3 7 1024 7 7 0.7
606 5 5 1024 5 5 0.5
606 4 7 1024 7 7 0.7
606 6 2 1024 2 2 0.2
606 3 9 1024 9 9 0.9
607 2 9 1024 9 9 0.9
607 6 8 1024 8 8 0.8
608 4 5 1024 5 5 0.5
609 4 5 1024 5 5 0.5
609 3 10 1024 10 10 1.0
610 3 7 1024 7 7 0.7
610 5 6 1024 6 6 0.6
610 6 5 1024 5 5 0.5
611 4 7 1024 7 7 0.7
611 8 6 1024 6 6 0.6
611 3 8 1024 8 8 0.8
612 7 6 1024 6 6 0.6
612 6 7 1024 7 7 0.7
612 3 8 1024 8 8 0.8
612 2 9 1024 9 9 0.9
613 5 4 1024 4 4 0.4
613 3 5 1024 5 5 0.5
614 4 7 1024 7 7 0.7
614 3 8 1024 8 8 0.8
614 7 6 1024 6 6 0.6
614 1 10 1024 10 10 1.0
615 2 9 1024 9 9 0.9
615 6 4 1024 4 4 0.4
615 3 7 1024 7 7 0.7
616 3 9 1024 9 9 0.9
616 7 5 1024 5 5 0.5
617 3 8 1024 8 8 0.8
617 5 4 1024 4 4 0.4
617 4 7 1024 7 7 0.7
618 4 7 1024 7 7 0.7
618 2 8 1024 8 8 0.8
619 4 7 1024 7 7 0.7
619 6 6 1024 6 6 0.6
619 2 8 1024 8 8 0.8
620 3 6 1024 6 6 0.6
620 4 5 1024 5 5 0.5
620 2 10 1024 10 10 1.0
621 4 3 1024 3 3 0.3
621 3 9 1024 9 9 0.9
622 6 3 1024 3 3 0.3
622 4 6 1024 6 6 0.6
622 1 10 1024 10 10 1.0
623 3 9 1024 9 9 0.9
623 4 2 1024 2 2 0.2
624 4 7 1024 7 7 0.7
624 6 4 1024 4 4 0.4
624 3 9 1024 9 9 0.9
625 6 5 1024 5 5 0.5
625 2 10 1024 10 10 1.0
625 3 7 1024 7 7 0.7
626 7 4 1024 4 4 0.4
626 5 5 1024 5 5 0.5
626 2 9 1024 9 9 0.9
626 4 8 1024 8 8 0.8
627 4 4 1024 4 4 0.4
627 3 8 1024 8 8 0.8
628 4 7 1024 7 7 0.7
628 6 6 1024 6 6 0.6
629 7 0 1024 0 0 0.0
629 3 8 1024 8 8 0.8
629 2 10 1024 10 10 1.0
630 6 5 1024 5 5 0.5
630 5 6 1024 6 6 0.6
630 7 4 1024 4 4 0.4
630 2 7 1024 7 7 0.7
631 3 8 1024 8 8 0.8
631 2 10 1024 10 10 1.0
632 3 5 1024 5 5 0.5
633 7 5 1024 5 5 0.5
633 4 6 1024 6 6 0.6
633 3 9 1024 9 9 0.9
634 3 8 1024 8 8 0.8
634 6 1 1024 1 1 0.1
634 4 7 1024 7 7 0.7
635 3 7 1024 7 7 0.7
636 4 2 1024 2 2 0.2
636 3 9 1024 9 9 0.9
637 7 6 1024 6 6 0.6
637 3 8 1024 8 8 0.8
637 4 7 1024 7 7 0.7
638 6 7 1024 7 7 0.7
638 3 9 1024 9 9 0.9
638 4 8 1024 8 8 0.8
639 3 8 1024 8 8 0.8
639 4 4 1024 4 4 0.4
640 2 10 1024 10 10 1.0
640 3 4 1024 4 4 0.4
641 7 3 1024 3 3 0.3
641 3 5 1024 5 5 0.5
642 5 6 1024 6 6 0.6
642 3 8 1024 8 8 0.8
643 3 7 1024 7 7 0.7
643 4 5 1024 5 5 0.5
644 3 6 1024 6 6 0.6
645 3 8 1024 8 8 0.8
645 6 0 1024 0 0 0.0
645 5 5 1024 5 5 0.5
646 4 7 1024 7 7 0.7
646 5 5 1024 5 5 0.5
647 4 2 1024 2 2 0.2
647 9 1 1024 1 1 0.1
647 3 7 1024 7 7 0.7
648 1 10 1024 10 10 1.0
648 2 4 1024 4 4 0.4
649 2 9 1024 9 9 0.9
649 6 6 1024 6 6 0.6
649 4 7 1024 7 7 0.7
649 9 5 1024 5 5 0.5
650 4 7 1024 7 7 0.7
650 2 9 1024 9 9 0.9
650 7 3 1024 3 3 0.3
651 2 9 1024 9 9 0.9
651 5 7 1024 7 7 0.7
651 6 5 1024 5 5 0.5
651 7 4 1024 4 4 0.4
652 10 5 1024 5 5 0.5
652 2 7 1024 7 7 0.7
653 4 5 1024 5 5 0.5
654 5 4 1024 4 4 0.4
654 4 9 1024 9 9 0.9
655 4 8 1024 8 8 0.8
655 5 7 1024 7 7 0.7
655 1 10 1024 10 10 1.0
655 9 3 1024 3 3 0.3
655 6 6 1024 6 6 0.6
656 3 4 1024 4 4 0.4
656 2 10 1024 10 10 1.0
657 6 6 1024 6 6 0.6
657 3 8 1024 8 8 0.8
658 4 6 1024 6 6 0.6
658 2 10 1024 10 10 1.0
658 9 3 1024 3 3 0.3
659 5 4 1024 4 4 0.4
659 7 0 1024 0 0 0.0
659 4 10 1024 10 10 1.0
660 4 7 1024 7 7 0.7
660 8 5 1024 5 5 0.5
660 2 8 1024 8 8 0.8
661 4 4 1024 4 4 0.4
661 2 8 1024 8 8 0.8
662 4 3 1024 3 3 0.3
662 1 10 1024 10 10 1.0
662 2 9 1024 9 9 0.9
663 2 8 1024 8 8 0.8
663 4 7 1024 7 7 0.7
663 5 6 1024 6 6 0.6
664 5 7 1024 7 7 0.7
664 6 6 1024 6 6 0.6
664 3 8 1024 8 8 0.8
665 4 5 1024 5 5 0.5
666 7 4 1024 4 4 0.4
666 3 9 1024 9 9 0.9
666 4 5 1024 5 5 0.5
666 1 10 1024 10 10 1.0
667 6 2 1024 2 2 0.2
667 5 3 1024 3 3 0.3
667 3 8 1024 8 8 0.8
667 4 7 1024 7 7 0.7
668 3 7 1024 7 7 0.7
668 5 6 1024 6 6 0.6
669 4 8 1024 8 8 0.8
669 3 9 1024 9 9 0.9
669 5 6 1024 6 6 0.6
670 3 9 1024 9 9 0.9
670 5 7 1024 7 7 0.7
671 5 3 1024 3 3 0.3
671 3 8 1024 8 8 0.8
672 3 5 1024 5 5 0.5
673 5 5 1024 5 5 0.5
673 2 9 1024 9 9 0.9
673 6 3 1024 3 3 0.3
673 3 7 1024 7 7 0.7
674 0 10 1024 10 10 1.0
674 6 5 1024 5 5 0.5
674 4 8 1024 8 8 0.8
674 5 6 1024 6 6 0.6
675 4 5 1024 5 5 0.5
675 3 8 1024 8 8 0.8
675 2 9 1024 9 9 0.9
675 6 2 1024 2 2 0.2
676 3 6 1024 6 6 0.6
676 7 5 1024 5 5 0.5
677 3 6 1024 6 6 0.6
678 6 3 1024 3 3 0.3
678 4 7 1024 7 7 0.7
679 2 7 1024 7 7 0.7
679 7 4 1024 4 4 0.4
679 4 6 1024 6 6 0.6
679 5 5 1024 5 5 0.5
680 3 8 1024 8 8 0.8
680 5 6 1024 6 6 0.6
681 5 0 1024 0 0 0.0
681 4 1 1024 1 1 0.1
682 4 3 1024 3 3 0.3
683 6 5 1024 5 5 0.5
683 3 8 1024 8 8 0.8
683 1 10 1024 10 10 1.0
684 5 3 1024 3 3 0.3
684 4 8 1024 8 8 0.8
685 4 2 1024 2 2 0.2
685 3 9 1024 9 9 0.9
686 2 10 1024 10 10 1.0
686 3 9 1024 9 9 0.9
686 6 4 1024 4 4 0.4
686 5 6 1024 6 6 0.6
687 3 10 1024 10 10 1.0
687 4 9 1024 9 9 0.9
687 5 7 1024 7 7 0.7
687 6 4 1024 4 4 0.4
688 5 5 1024 5 5 0.5
688 4 6 1024 6 6 0.6
689 2 10 1024 10 10 1.0
689 3 6 1024 6 6 0.6
690 2 10 1024 10 10 1.0
690 5 5 1024 5 5 0.5
690 3 8 1024 8 8 0.8
691 4 6 1024 6 6 0.6
691 3 9 1024 9 9 0.9
692 4 8 1024 8 8 0.8
692 2 10 1024 10 10 1.0
692 5 6 1024 6 6 0.6
693 6 3 1024 3 3 0.3
693 4 6 1024 6 6 0.6
693 3 9 1024 9 9 0.9
694 3 9 1024 9 9 0.9
694 6 4 1024 4 4 0.4
694 5 8 1024 8 8 0.8
695 0 10 1024 10 10 1.0
695 5 6 1024 6 6 0.6
695 6 1 1024 1 1 0.1
695 4 7 1024 7 7 0.7
696 3 8 1024 8 8 0.8
696 4 7 1024 7 7 0.7
697 6 4 1024 4 4 0.4
697 2 7 1024 7 7 0.7
697 5 6 1024 6 6 0.6
698 6 5 1024 5 5 0.5
698 2 9 1024 9 9 0.9
698 3 6 1024 6 6 0.6
699 3 6 1024 6 6 0.6
699 4 1 1024 1 1 0.1
700 7 2 1024 2 2 0.2
700 5 5 1024 5 5 0.5
700 2 6 1024 6 6 0.6
701 2 10 1024 10 10 1.0
701 6 3 1024 3 3 0.3
701 3 5 1024 5 5 0.5
702 3 9 1024 9 9 0.9
702 4 4 1024 4 4 0.4
703 6 6 1024 6 6 0.6
703 3 7 1024 7 7 0.7
704 6 3 1024 3 3 0.3
704 3 7 1024 7 7 0.7
705 4 7 1024 7 7 0.7
705 5 3 1024 3 3 0.3
706 4 7 1024 7 7 0.7
706 5 6 1024 6 6 0.6
707 2 8 1024 8 8 0.8
707 3 5 1024 5 5 0.5
708 2 9 1024 9 9 0.9
708 3 7 1024 7 7 0.7
709 4 6 1024 6 6 0.6
709 5 5 1024 5 5 0.5
709 3 8 1024 8 8 0.8
710 4 5 1024 5 5 0.5
710 2 9 1024 9 9 0.9
711 4 4 1024 4 4 0.4
711 3 7 1024 7 7 0.7
712 6 4 1024 4 4 0.4
712 2 10 1024 10 10 1.0
712 4 6 1024 6 6 0.6
713 4 9 1024 9 9 0.9
713 5 5 1024 5 5 0.5
713 1 10 1024 10 10 1.0
714 2 7 1024 7 7 0.7
715 7 6 1024 6 6 0.6
715 2 7 1024 7 7 0.7
716 5 7 1024 7 7 0.7
716 7 6 1024 6 6 0.6
716 2 10 1024 10 10 1.0
716 4 8 1024 8 8 0.8
717 5 6 1024 6 6 0.6
717 2 9 1024 9 9 0.9
718 3 5 1024 5 5 0.5
719 4 7 1024 7 7 0.7
719 6 3 1024 3 3 0.3
719 3 10 1024 10 10 1.0
720 3 2 1024 2 2 0.2
721 4 7 1024 7 7 0.7
721 6 6 1024 6 6 0.6
721 7 5 1024 5 5 0.5
722 2 9 1024 9 9 0.9
722 3 7 1024 7 7 0.7
722 1 10 1024 10 10 1.0
723 5 4 1024 4 4 0.4
723 2 9 1024 9 9 0.9
723 4 5 1024 5 5 0.5
724 3 9 1024 9 9 0.9
724 4 7 1024 7 7 0.7
724 6 6 1024 6 6 0.6
725 4 7 1024 7 7 0.7
725 6 2 1024 2 2 0.2
725 1 9 1024 9 9 0.9
726 1 8 1024 8 8 0.8
726 5 6 1024 6 6 0.6
726 7 4 1024 4 4 0.4
727 4 7 1024 7 7 0.7
727 2 8 1024 8 8 0.8
727 6 4 1024 4 4 0.4
727 1 10 1024 10 10 1.0
728 6 3 1024 3 3 0.3
728 3 8 1024 8 8 0.8
728 4 6 1024 6 6 0.6
728 2 10 1024 10 10 1.0
729 2 10 1024 10 10 1.0
729 4 5 1024 5 5 0.5
730 4 6 1024 6 6 0.6
730 6 5 1024 5 5 0.5
730 3 9 1024 9 9 0.9
731 2 5 1024 5 5 0.5
732 4 1 1024 1 1 0.1
732 3 7 1024 7 7 0.7
733 4 6 1024 6 6 0.6
733 3 9 1024 9 9 0.9
733 9 5 1024 5 5 0.5
734 4 7 1024 7 7 0.7
734 2 9 1024 9 9 0.9
734 5 0 1024 0 0 0.0
735 5 5 1024 5 5 0.5
735 4 7 1024 7 7 0.7
735 1 8 1024 8 8 0.8
736 6 4 1024 4 4 0.4
736 1 5 1024 5 5 0.5
737 7 4 1024 4 4 0.4
737 0 10 1024 10 10 1.0
737 2 8 1024 8 8 0.8
737 3 5 1024 5 5 0.5
738 3 8 1024 8 8 0.8
738 2 10 1024 10 10 1.0
738 7 4 1024 4 4 0.4
738 4 7 1024 7 7 0.7
738 6 5 1024 5 5 0.5
739 5 6 1024 6 6 0.6
739 6 5 1024 5 5 0.5
739 3 7 1024 7 7 0.7
739 2 10 1024 10 10 1.0
740 3 9 1024 9 9 0.9
740 6 6 1024 6 6 0.6
740 4 7 1024 7 7 0.7
741 3 5 1024 5 5 0.5
741 6 2 1024 2 2 0.2
742 3 5 1024 5 5 0.5
742 2 9 1024 9 9 0.9
743 4 2 1024 2 2 0.2
743 2 8 1024 8 8 0.8
744 4 8 1024 8 8 0.8
744 5 5 1024 5 5 0.5
745 5 6 1024 6 6 0.6
745 2 10 1024 10 10 1.0
745 7 5 1024 5 5 0.5
745 3 7 1024 7 7 0.7
746 2 10 1024 10 10 1.0
746 3 7 1024 7 7 0.7
746 6 1 1024 1 1 0.1
747 3 8 1024 8 8 0.8
747 4 7 1024 7 7 0.7
747 6 5 1024 5 5 0.5
748 7 3 1024 3 3 0.3
748 4 5 1024 5 5 0.5
749 3 8 1024 8 8 0.8
749 6 3 1024 3 3 0.3
750 6 1 1024 1 1 0.1
750 3 10 1024 10 10 1.0
750 4 6 1024 6 6 0.6
751 5 4 1024 4 4 0.4
751 3 7 1024 7 7 0.7
752 3 7 1024 7 7 0.7
752 1 10 1024 10 10 1.0
752 4 0 1024 0 0 0.0
753 1 10 1024 10 10 1.0
753 3 4 1024 4 4 0.4
754 4 3 1024 3 3 0.3
755 9 6 1024 6 6 0.6
755 2 10 1024 10 10 1.0
755 4 7 1024 7 7 0.7
756 5 5 1024 5 5 0.5
756 3 8 1024 8 8 0.8
756 2 10 1024 10 10 1.0
757 6 5 1024 5 5 0.5
757 5 8 1024 8 8 0.8
757 3 10 1024 10 10 1.0
758 7 4 1024 4 4 0.4
758 4 7 1024 7 7 0.7
758 1 10 1024 10 10 1.0
758 6 6 1024 6 6 0.6
759 4 8 1024 8 8 0.8
759 5 4 1024 4 4 0.4
760 4 8 1024 8 8 0.8
760 0 10 1024 10 10 1.0
761 5 3 1024 3 3 0.3
761 1 10 1024 10 10 1.0
761 2 7 1024 7 7 0.7
762 4 7 1024 7 7 0.7
762 3 8 1024 8 8 0.8
763 3 8 1024 8 8 0.8
763 5 6 1024 6 6 0.6
763 6 5 1024 5 5 0.5
764 4 8 1024 8 8 0.8
764 6 5 1024 5 5 0.5
765 3 10 1024 10 10 1.0
765 4 7 1024 7 7 0.7
765 8 5 1024 5 5 0.5
765 7 6 1024 6 6 0.6
766 3 7 1024 7 7 0.7
766 5 6 1024 6 6 0.6
766 6 5 1024 5 5 0.5
767 3 7 1024 7 7 0.7
767 5 5 1024 5 5 0.5
767 8 4 1024 4 4 0.4
768 3 7 1024 7 7 0.7
768 7 3 1024 3 3 0.3
768 4 5 1024 5 5 0.5
768 2 9 1024 9 9 0.9
769 3 6 1024 6 6 0.6
769 6 0 1024 0 0 0.0
769 4 5 1024 5 5 0.5
770 5 7 1024 7 7 0.7
770 3 8 1024 8 8 0.8
770 6 3 1024 3 3 0.3
771 4 3 1024 3 3 0.3
772 9 5 1024 5 5 0.5
772 4 6 1024 6 6 0.6
773 2 10 1024 10 10 1.0
773 4 7 1024 7 7 0.7
773 5 2 1024 2 2 0.2
774 3 10 1024 10 10 1.0
774 7 6 1024 6 6 0.6
774 6 7 1024 7 7 0.7
774 4 8 1024 8 8 0.8
775 6 4 1024 4 4 0.4
775 4 5 1024 5 5 0.5
775 3 9 1024 9 9 0.9
776 3 9 1024 9 9 0.9
776 4 7 1024 7 7 0.7
776 5 6 1024 6 6 0.6
777 2 8 1024 8 8 0.8
777 4 5 1024 5 5 0.5
778 3 8 1024 8 8 0.8
778 5 7 1024 7 7 0.7
779 4 4 1024 4 4 0.4
779 3 6 1024 6 6 0.6
780 3 8 1024 8 8 0.8
780 4 5 1024 5 5 0.5
780 2 10 1024 10 10 1.0
781 4 8 1024 8 8 0.8
781 5 3 1024 3 3 0.3
781 2 10 1024 10 10 1.0
781 3 9 1024 9 9 0.9
782 4 5 1024 5 5 0.5
782 3 9 1024 9 9 0.9
783 5 4 1024 4 4 0.4
783 4 7 1024 7 7 0.7
783 2 8 1024 8 8 0.8
784 2 9 1024 9 9 0.9
784 4 7 1024 7 7 0.7
784 7 6 1024 6 6 0.6
785 6 5 1024 5 5 0.5
785 5 6 1024 6 6 0.6
785 1 9 1024 9 9 0.9
785 2 7 1024 7 7 0.7
786 5 5 1024 5 5 0.5
786 8 3 1024 3 3 0.3
786 4 8 1024 8 8 0.8
787 6 4 1024 4 4 0.4
787 3 8 1024 8 8 0.8
787 4 5 1024 5 5 0.5
788 5 3 1024 3 3 0.3
788 4 7 1024 7 7 0.7
789 5 8 1024 8 8 0.8
789 6 6 1024 6 6 0.6
789 4 9 1024 9 9 0.9
789 7 3 1024 3 3 0.3
790 6 5 1024 5 5 0.5
790 3 9 1024 9 9 0.9
790 5 7 1024 7 7 0.7
791 4 7 1024 7 7 0.7
791 9 0 1024 0 0 0.0
791 2 10 1024 10 10 1.0
792 2 8 1024 8 8 0.8
792 5 2 1024 2 2 0.2
793 8 6 1024 6 6 0.6
793 4 10 1024 10 10 1.0
793 5 8 1024 8 8 0.8
794 5 6 1024 6 6 0.6
794 4 8 1024 8 8 0.8
794 3 9 1024 9 9 0.9
795 9 0 1024 0 0 0.0
795 1 10 1024 10 10 1.0
795 3 8 1024 8 8 0.8
795 7 5 1024 5 5 0.5
795 4 7 1024 7 7 0.7
796 6 5 1024 5 5 0.5
796 8 3 1024 3 3 0.3
796 3 7 1024 7 7 0.7
797 3 8 1024 8 8 0.8
797 6 7 1024 7 7 0.7
798 5 7 1024 7 7 0.7
798 3 8 1024 8 8 0.8
798 6 4 1024 4 4 0.4
799 5 8 1024 8 8 0.8
799 6 6 1024 6 6 0.6
799 7 4 1024 4 4 0.4
799 4 10 1024 10 10 1.0
800 2 4 1024 4 4 0.4
800 1 7 1024 7 7 0.7
801 7 5 1024 5 5 0.5
801 5 6 1024 6 6 0.6
801 2 9 1024 9 9 0.9
801 8 2 1024 2 2 0.2
802 5 7 1024 7 7 0.7
802 3 8 1024 8 8 0.8
802 6 3 1024 3 3 0.3
803 3 2 1024 2 2 0.2
804 2 5 1024 5 5 0.5
805 6 6 1024 6 6 0.6
805 4 9 1024 9 9 0.9
805 3 10 1024 10 10 1.0
805 7 3 1024 3 3 0.3
806 6 4 1024 4 4 0.4
806 4 7 1024 7 7 0.7
807 4 7 1024 7 7 0.7
807 6 4 1024 4 4 0.4
808 4 9 1024 9 9 0.9
808 5 5 1024 5 5 0.5
809 2 6 1024 6 6 0.6
809 5 5 1024 5 5 0.5
810 5 5 1024 5 5 0.5
810 3 7 1024 7 7 0.7
811 6 4 1024 4 4 0.4
811 5 7 1024 7 7 0.7
811 2 9 1024 9 9 0.9
812 4 7 1024 7 7 0.7
812 6 3 1024 3 3 0.3
812 5 6 1024 6 6 0.6
813 4 3 1024 3 3 0.3
814 5 2 1024 2 2 0.2
814 4 6 1024 6 6 0.6
814 3 9 1024 9 9 0.9
815 3 2 1024 2 2 0.2
816 4 8 1024 8 8 0.8
816 3 9 1024 9 9 0.9
816 1 10 1024 10 10 1.0
816 6 5 1024 5 5 0.5
817 4 7 1024 7 7 0.7
817 6 4 1024 4 4 0.4
818 3 6 1024 6 6 0.6
818 6 5 1024 5 5 0.5
818 2 10 1024 10 10 1.0
819 6 4 1024 4 4 0.4
819 4 5 1024 5 5 0.5
820 6 2 1024 2 2 0.2
820 4 8 1024 8 8 0.8
820 1 9 1024 9 9 0.9
821 4 4 1024 4 4 0.4
821 3 8 1024 8 8 0.8
821 2 10 1024 10 10 1.0
822 4 5 1024 5 5 0.5
822 3 10 1024 10 10 1.0
823 4 8 1024 8 8 0.8
823 3 10 1024 10 10 1.0
823 5 5 1024 5 5 0.5
824 6 3 1024 3 3 0.3
824 5 6 1024 6 6 0.6
824 4 9 1024 9 9 0.9
825 2 5 1024 5 5 0.5
826 4 5 1024 5 5 0.5
827 1 10 1024 10 10 1.0
827 2 8 1024 8 8 0.8
827 4 0 1024 0 0 0.0
828 8 4 1024 4 4 0.4
828 3 9 1024 9 9 0.9
828 4 6 1024 6 6 0.6
829 1 10 1024 10 10 1.0
829 5 0 1024 0 0 0.0
829 3 5 1024 5 5 0.5
830 2 8 1024 8 8 0.8
830 7 4 1024 4 4 0.4
831 4 5 1024 5 5 0.5
831 2 9 1024 9 9 0.9
832 4 9 1024 9 9 0.9
832 5 8 1024 8 8 0.8
832 6 0 1024 0 0 0.0
832 3 10 1024 10 10 1.0
833 5 5 1024 5 5 0.5
833 4 8 1024 8 8 0.8
834 4 7 1024 7 7 0.7
834 2 10 1024 10 10 1.0
834 7 1 1024 1 1 0.1
835 4 3 1024 3 3 0.3
835 3 6 1024 6 6 0.6
835 2 10 1024 10 10 1.0
836 5 6 1024 6 6 0.6
836 4 9 1024 9 9 0.9
836 0 10 1024 10 10 1.0
837 3 9 1024 9 9 0.9
837 4 7 1024 7 7 0.7
837 5 3 1024 3 3 0.3
838 2 8 1024 8 8 0.8
838 6 6 1024 6 6 0.6
838 4 7 1024 7 7 0.7
839 2 10 1024 10 10 1.0
839 3 6 1024 6 6 0.6
839 6 0 1024 0 0 0.0
840 4 6 1024 6 6 0.6
840 6 5 1024 5 5 0.5
840 2 8 1024 8 8 0.8
841 4 5 1024 5 5 0.5
841 3 7 1024 7 7 0.7
842 7 2 1024 2 2 0.2
842 3 7 1024 7 7 0.7
843 7 6 1024 6 6 0.6
843 5 7 1024 7 7 0.7
843 3 8 1024 8 8 0.8
844 3 10 1024 10 10 1.0
844 5 6 1024 6 6 0.6
845 4 8 1024 8 8 0.8
845 7 3 1024 3 3 0.3
845 2 10 1024 10 10 1.0
845 6 7 1024 7 7 0.7
846 4 5 1024 5 5 0.5
846 1 10 1024 10 10 1.0
847 3 8 1024 8 8 0.8
847 5 6 1024 6 6 0.6
847 6 5 1024 5 5 0.5
848 2 8 1024 8 8 0.8
848 7 4 1024 4 4 0.4
848 4 7 1024 7 7 0.7
849 2 10 1024 10 10 1.0
849 4 8 1024 8 8 0.8
849 6 4 1024 4 4 0.4
850 4 8 1024 8 8 0.8
850 7 3 1024 3 3 0.3
850 5 5 1024 5 5 0.5
851 3 6 1024 6 6 0.6
851 7 4 1024 4 4 0.4
851 4 5 1024 5 5 0.5
852 7 2 1024 2 2 0.2
852 2 10 1024 10 10 1.0
852 5 5 1024 5 5 0.5
853 3 9 1024 9 9 0.9
853 5 5 1024 5 5 0.5
853 6 2 1024 2 2 0.2
854 4 5 1024 5 5 0.5
854 8 3 1024 3 3 0.3
854 1 10 1024 10 10 1.0
855 7 0 1024 0 0 0.0
855 3 3 1024 3 3 0.3
855 2 10 1024 10 10 1.0
856 3 9 1024 9 9 0.9
856 4 6 1024 6 6 0.6
857 5 7 1024 7 7 0.7
857 3 8 1024 8 8 0.8
857 6 5 1024 5 5 0.5
858 4 8 1024 8 8 0.8
858 5 4 1024 4 4 0.4
859 8 3 1024 3 3 0.3
859 2 10 1024 10 10 1.0
859 4 6 1024 6 6 0.6
860 5 5 1024 5 5 0.5
860 3 6 1024 6 6 0.6
861 6 3 1024 3 3 0.3
861 4 7 1024 7 7 0.7
861 3 10 1024 10 10 1.0
861 5 4 1024 4 4 0.4
862 5 7 1024 7 7 0.7
862 2 8 1024 8 8 0.8
863 3 8 1024 8 8 0.8
863 4 7 1024 7 7 0.7
864 3 7 1024 7 7 0.7
864 7 0 1024 0 0 0.0
864 6 6 1024 6 6 0.6
865 3 6 1024 6 6 0.6
865 6 5 1024 5 5 0.5
866 5 6 1024 6 6 0.6
866 2 9 1024 9 9 0.9
867 5 3 1024 3 3 0.3
867 3 7 1024 7 7 0.7
867 2 9 1024 9 9 0.9
868 3 9 1024 9 9 0.9
868 8 6 1024 6 6 0.6
868 4 7 1024 7 7 0.7
869 2 10 1024 10 10 1.0
869 3 6 1024 6 6 0.6
870 2 8 1024 8 8 0.8
870 5 4 1024 4 4 0.4
871 4 6 1024 6 6 0.6
871 5 5 1024 5 5 0.5
871 9 4 1024 4 4 0.4
871 3 10 1024 10 10 1.0
872 4 9 1024 9 9 0.9
872 7 3 1024 3 3 0.3
872 3 10 1024 10 10 1.0
872 5 4 1024 4 4 0.4
873 4 3 1024 3 3 0.3
873 3 5 1024 5 5 0.5
874 4 6 1024 6 6 0.6
874 3 8 1024 8 8 0.8
874 6 3 1024 3 3 0.3
875 7 5 1024 5 5 0.5
875 6 6 1024 6 6 0.6
875 3 9 1024 9 9 0.9
875 5 7 1024 7 7 0.7
876 4 8 1024 8 8 0.8
876 5 4 1024 4 4 0.4
876 2 10 1024 10 10 1.0
877 5 7 1024 7 7 0.7
877 7 1 1024 1 1 0.1
877 6 5 1024 5 5 0.5
877 3 10 1024 10 10 1.0
878 3 9 1024 9 9 0.9
878 5 7 1024 7 7 0.7
879 6 7 1024 7 7 0.7
879 7 3 1024 3 3 0.3
879 4 8 1024 8 8 0.8
879 3 9 1024 9 9 0.9
880 4 8 1024 8 8 0.8
880 5 3 1024 3 3 0.3
880 2 10 1024 10 10 1.0
880 3 9 1024 9 9 0.9
881 8 5 1024 5 5 0.5
881 4 7 1024 7 7 0.7
882 3 5 1024 5 5 0.5
882 5 2 1024 2 2 0.2
883 3 8 1024 8 8 0.8
883 6 5 1024 5 5 0.5
884 5 6 1024 6 6 0.6
884 3 10 1024 10 10 1.0
884 7 5 1024 5 5 0.5
885 3 9 1024 9 9 0.9
885 4 7 1024 7 7 0.7
885 8 6 1024 6 6 0.6
886 4 8 1024 8 8 0.8
886 5 6 1024 6 6 0.6
886 6 5 1024 5 5 0.5
887 7 6 1024 6 6 0.6
887 2 10 1024 10 10 1.0
887 3 8 1024 8 8 0.8
888 4 3 1024 3 3 0.3
889 4 7 1024 7 7 0.7
889 7 6 1024 6 6 0.6
889 3 10 1024 10 10 1.0
890 6 3 1024 3 3 0.3
890 4 8 1024 8 8 0.8
890 2 9 1024 9 9 0.9
891 6 5 1024 5 5 0.5
891 3 6 1024 6 6 0.6
892 6 5 1024 5 5 0.5
892 3 8 1024 8 8 0.8
892 4 6 1024 6 6 0.6
893 6 7 1024 7 7 0.7
893 4 8 1024 8 8 0.8
893 8 6 1024 6 6 0.6
893 3 9 1024 9 9 0.9
894 6 6 1024 6 6 0.6
894 3 8 1024 8 8 0.8
894 5 7 1024 7 7 0.7
895 3 10 1024 10 10 1.0
895 6 6 1024 6 6 0.6
895 4 9 1024 9 9 0.9
896 3 9 1024 9 9 0.9
896 8 3 1024 3 3 0.3
896 4 7 1024 7 7 0.7
896 5 5 1024 5 5 0.5
896 2 10 1024 10 10 1.0
897 2 10 1024 10 10 1.0
897 5 7 1024 7 7 0.7
897 3 8 1024 8 8 0.8
898 4 0 1024 0 0 0.0
898 3 6 1024 6 6 0.6
899 7 4 1024 4 4 0.4
899 3 7 1024 7 7 0.7
900 7 5 1024 5 5 0.5
900 3 6 1024 6 6 0.6
901 3 6 1024 6 6 0.6
902 6 5 1024 5 5 0.5
902 4 6 1024 6 6 0.6
903 3 10 1024 10 10 1.0
903 4 5 1024 5 5 0.5
904 4 5 1024 5 5 0.5
904 9 3 1024 3 3 0.3
904 3 9 1024 9 9 0.9
905 3 9 1024 9 9 0.9
905 7 3 1024 3 3 0.3
905 4 6 1024 6 6 0.6
906 5 6 1024 6 6 0.6
906 3 7 1024 7 7 0.7
906 6 4 1024 4 4 0.4
907 3 3 1024 3 3 0.3
907 7 1 1024 1 1 0.1
908 7 4 1024 4 4 0.4
908 4 5 1024 5 5 0.5
909 2 8 1024 8 8 0.8
909 4 7 1024 7 7 0.7
910 3 5 1024 5 5 0.5
910 2 10 1024 10 10 1.0
910 6 4 1024 4 4 0.4
911 6 5 1024 5 5 0.5
911 5 7 1024 7 7 0.7
911 3 8 1024 8 8 0.8
912 6 3 1024 3 3 0.3
912 3 8 1024 8 8 0.8
913 4 6 1024 6 6 0.6
913 3 8 1024 8 8 0.8
913 2 9 1024 9 9 0.9
913 7 5 1024 5 5 0.5
914 3 8 1024 8 8 0.8
914 4 4 1024 4 4 0.4
915 4 5 1024 5 5 0.5
915 2 9 1024 9 9 0.9
915 3 7 1024 7 7 0.7
915 5 3 1024 3 3 0.3
916 4 6 1024 6 6 0.6
916 5 5 1024 5 5 0.5
916 2 8 1024 8 8 0.8
917 3 7 1024 7 7 0.7
918 4 5 1024 5 5 0.5
919 6 4 1024 4 4 0.4
919 3 6 1024 6 6 0.6
919 5 5 1024 5 5 0.5
920 5 3 1024 3 3 0.3
920 2 8 1024 8 8 0.8
921 3 9 1024 9 9 0.9
921 4 3 1024 3 3 0.3
921 2 10 1024 10 10 1.0
922 4 7 1024 7 7 0.7
922 5 4 1024 4 4 0.4
923 4 7 1024 7 7 0.7
923 3 10 1024 10 10 1.0
924 5 6 1024 6 6 0.6
924 4 8 1024 8 8 0.8
924 3 9 1024 9 9 0.9
925 4 6 1024 6 6 0.6
925 2 7 1024 7 7 0.7
926 5 4 1024 4 4 0.4
926 3 9 1024 9 9 0.9
927 4 6 1024 6 6 0.6
927 1 8 1024 8 8 0.8
927 8 2 1024 2 2 0.2
928 3 8 1024 8 8 0.8
928 6 5 1024 5 5 0.5
928 7 2 1024 2 2 0.2
928 5 6 1024 6 6 0.6
929 3 7 1024 7 7 0.7
929 6 6 1024 6 6 0.6
930 1 10 1024 10 10 1.0
930 3 7 1024 7 7 0.7
930 6 5 1024 5 5 0.5
931 8 4 1024 4 4 0.4
931 3 7 1024 7 7 0.7
932 6 5 1024 5 5 0.5
932 4 6 1024 6 6 0.6
933 3 8 1024 8 8 0.8
933 5 7 1024 7 7 0.7
934 5 4 1024 4 4 0.4
934 4 7 1024 7 7 0.7
934 3 8 1024 8 8 0.8
935 7 4 1024 4 4 0.4
935 3 10 1024 10 10 1.0
935 5 5 1024 5 5 0.5
936 6 4 1024 4 4 0.4
936 3 6 1024 6 6 0.6
937 3 10 1024 10 10 1.0
937 4 7 1024 7 7 0.7
937 6 6 1024 6 6 0.6
938 5 7 1024 7 7 0.7
938 6 5 1024 5 5 0.5
938 3 8 1024 8 8 0.8
938 1 9 1024 9 9 0.9
939 3 10 1024 10 10 1.0
939 5 6 1024 6 6 0.6
939 4 8 1024 8 8 0.8
940 4 7 1024 7 7 0.7
940 5 5 1024 5 5 0.5
940 7 4 1024 4 4 0.4
940 2 8 1024 8 8 0.8
941 1 9 1024 9 9 0.9
941 2 5 1024 5 5 0.5
942 5 2 1024 2 2 0.2
943 3 9 1024 9 9 0.9
943 5 6 1024 6 6 0.6
944 3 8 1024 8 8 0.8
944 4 2 1024 2 2 0.2
945 3 4 1024 4 4 0.4
946 4 8 1024 8 8 0.8
946 1 9 1024 9 9 0.9
946 5 3 1024 3 3 0.3
947 5 7 1024 7 7 0.7
947 3 9 1024 9 9 0.9
947 6 6 1024 6 6 0.6
948 5 5 1024 5 5 0.5
948 3 8 1024 8 8 0.8
949 4 4 1024 4 4 0.4
950 2 9 1024 9 9 0.9
950 4 8 1024 8 8 0.8
950 5 5 1024 5 5 0.5
951 4 8 1024 8 8 0.8
951 6 6 1024 6 6 0.6
951 3 9 1024 9 9 0.9
952 6 5 1024 5 5 0.5
952 3 7 1024 7 7 0.7
953 6 3 1024 3 3 0.3
953 5 6 1024 6 6 0.6
953 3 8 1024 8 8 0.8
953 4 7 1024 7 7 0.7
954 3 4 1024 4 4 0.4
955 4 0 1024 0 0 0.0
955 3 7 1024 7 7 0.7
955 2 9 1024 9 9 0.9
956 3 6 1024 6 6 0.6
956 5 4 1024 4 4 0.4
957 2 10 1024 10 10 1.0
957 4 7 1024 7 7 0.7
957 7 4 1024 4 4 0.4
957 5 6 1024 6 6 0.6
958 6 6 1024 6 6 0.6
958 3 7 1024 7 7 0.7
959 2 9 1024 9 9 0.9
959 4 8 1024 8 8 0.8
959 7 3 1024 3 3 0.3
960 7 4 1024 4 4 0.4
960 4 7 1024 7 7 0.7
960 3 9 1024 9 9 0.9
961 7 6 1024 6 6 0.6
961 2 8 1024 8 8 0.8
961 5 7 1024 7 7 0.7
962 2 10 1024 10 10 1.0
962 3 6 1024 6 6 0.6
963 3 10 1024 10 10 1.0
963 7 4 1024 4 4 0.4
963 4 5 1024 5 5 0.5
964 4 6 1024 6 6 0.6
964 2 10 1024 10 10 1.0
964 6 5 1024 5 5 0.5
964 3 7 1024 7 7 0.7
965 5 4 1024 4 4 0.4
965 1 10 1024 10 10 1.0
965 3 7 1024 7 7 0.7
966 5 4 1024 4 4 0.4
966 3 9 1024 9 9 0.9
966 4 7 1024 7 7 0.7
967 5 6 1024 6 6 0.6
967 3 8 1024 8 8 0.8
968 1 9 1024 9 9 0.9
968 4 4 1024 4 4 0.4
969 7 4 1024 4 4 0.4
969 3 6 1024 6 6 0.6
970 5 3 1024 3 3 0.3
970 3 6 1024 6 6 0.6
971 2 3 1024 3 3 0.3
972 6 5 1024 5 5 0.5
972 4 7 1024 7 7 0.7
973 6 4 1024 4 4 0.4
973 2 6 1024 6 6 0.6
974 6 4 1024 4 4 0.4
974 5 6 1024 6 6 0.6
974 2 10 1024 10 10 1.0
974 4 7 1024 7 7 0.7
975 6 5 1024 5 5 0.5
975 5 6 1024 6 6 0.6
975 3 7 1024 7 7 0.7
976 3 4 1024 4 4 0.4
977 4 7 1024 7 7 0.7
977 3 8 1024 8 8 0.8
978 3 8 1024 8 8 0.8
978 4 6 1024 6 6 0.6
978 6 4 1024 4 4 0.4
978 5 5 1024 5 5 0.5
978 2 10 1024 10 10 1.0
979 5 5 1024 5 5 0.5
979 4 7 1024 7 7 0.7
980 4 4 1024 4 4 0.4
980 3 8 1024 8 8 0.8
980 1 10 1024 10 10 1.0
981 3 7 1024 7 7 0.7
981 2 10 1024 10 10 1.0
981 7 5 1024 5 5 0.5
982 3 9 1024 9 9 0.9
982 5 7 1024 7 7 0.7
982 6 6 1024 6 6 0.6
983 3 7 1024 7 7 0.7
983 6 5 1024 5 5 0.5
983 5 6 1024 6 6 0.6
984 3 7 1024 7 7 0.7
984 5 4 1024 4 4 0.4
985 2 8 1024 8 8 0.8
985 6 4 1024 4 4 0.4
986 6 5 1024 5 5 0.5
986 2 10 1024 10 10 1.0
986 5 6 1024 6 6 0.6
986 4 7 1024 7 7 0.7
987 6 5 1024 5 5 0.5
987 3 6 1024 6 6 0.6
988 2 10 1024 10 10 1.0
988 8 5 1024 5 5 0.5
988 4 6 1024 6 6 0.6
989 3 5 1024 5 5 0.5
990 3 6 1024 6 6 0.6
990 6 3 1024 3 3 0.3
991 3 7 1024 7 7 0.7
992 4 7 1024 7 7 0.7
992 2 8 1024 8 8 0.8
992 6 3 1024 3 3 0.3
993 4 4 1024 4 4 0.4
993 2 9 1024 9 9 0.9
994 6 4 1024 4 4 0.4
994 2 10 1024 10 10 1.0
994 3 9 1024 9 9 0.9
994 5 6 1024 6 6 0.6
995 2 9 1024 9 9 0.9
995 3 7 1024 7 7 0.7
995 7 5 1024 5 5 0.5
996 2 5 1024 5 5 0.5
997 4 6 1024 6 6 0.6
998 6 4 1024 4 4 0.4
998 3 8 1024 8 8 0.8
998 4 5 1024 5 5 0.5
999 5 5 1024 5 5 0.5
999 6 4 1024 4 4 0.4
999 2 9 1024 9 9 0.9
1000 3 10 1024 10 10 1.0
1000 5 7 1024 7 7 0.7
1000 7 5 1024 5 5 0.5
1000 4 9 1024 9 9 0.9
