gen testSuiteSize notKilledMutants number_of_tests no_discount_objective no_equiv_mut_not_killed no_equiv_mut_not_killed_perc
1 3 5.9296875 24 6 6 0.6
1 6 5.89453125 36 6 6 0.6
2 5 8.8505859375 51 9 9 0.9
2 4 9.921875 80 10 10 1.0
2 6 4.912109375 90 5 5 0.5
2 7 3.900390625 102 4 4 0.4
3 2 9.8916015625 111 10 10 1.0
3 4 7.876953125 126 8 8 0.8
3 6 4.873046875 130 5 5 0.5
3 7 3 141 3 3 0.3
4 4 8 167 8 8 0.8
4 6 0 196 0 0 0.0
5 3 6 204 6 6 0.6
6 4 9 247 9 9 0.9
6 6 3 258 3 3 0.3
6 2 10 258 10 10 1.0
6 5 7 277 7 7 0.7
7 2 9 282 9 9 0.9
7 6 5 307 5 5 0.5
7 5 6 320 6 6 0.6
7 7 3 325 3 3 0.3
8 1 9 333 9 9 0.9
8 7 1 343 1 1 0.1
8 5 5 350 5 5 0.5
8 4 6 353 6 6 0.6
9 2 9 368 9 9 0.9
9 4 7 373 7 7 0.7
10 3 9 388 9 9 0.9
10 4 8 396 8 8 0.8
10 6 7 404 7 7 0.7
10 2 10 409 10 10 1.0
11 4 7 423 7 7 0.7
11 8 6 436 6 6 0.6
11 3 8 446 8 8 0.8
12 4 7 448 7 7 0.7
12 5 5 468 5 5 0.5
13 4 6 470 6 6 0.6
13 5 0 473 0 0 0.0
13 2 8 480 8 8 0.8
14 3 8 497 8 8 0.8
14 2 10 506 10 10 1.0
14 7 7 509 7 7 0.7
14 8 6 514 6 6 0.6
15 6 6 517 6 6 0.6
15 3 8 527 8 8 0.8
15 5 7 530 7 7 0.7
16 4 6 538 6 6 0.6
16 7 4 543 4 4 0.4
17 4 7 555 7 7 0.7
17 7 6 565 6 6 0.6
18 6 4 574 4 4 0.4
18 4 6 576 6 6 0.6
18 5 5 586 5 5 0.5
18 2 9 589 9 9 0.9
19 3 9 598 9 9 0.9
19 4 7 600 7 7 0.7
19 6 6 606 6 6 0.6
20 4 4 629 4 4 0.4
21 3 10 638 10 10 1.0
21 4 6 642 6 6 0.6
22 2 6 653 6 6 0.6
22 6 4 660 4 4 0.4
22 4 5 661 5 5 0.5
23 2 10 671 10 10 1.0
23 6 3 675 3 3 0.3
23 5 4 676 4 4 0.4
24 3 5 680 5 5 0.5
24 2 9 681 9 9 0.9
25 1 9 699 9 9 0.9
25 4 8 704 8 8 0.8
25 5 6 707 6 6 0.6
26 3 5 715 5 5 0.5
27 2 10 733 10 10 1.0
27 5 8 734 8 8 0.8
27 6 3 740 3 3 0.3
28 4 10 746 10 10 1.0
28 6 4 747 4 4 0.4
28 5 5 749 5 5 0.5
29 6 3 760 3 3 0.3
29 4 5 763 5 5 0.5
29 3 8 765 8 8 0.8
30 5 6 776 6 6 0.6
31 2 10 787 10 10 1.0
31 4 4 792 4 4 0.4
32 4 8 796 8 8 0.8
32 5 4 804 4 4 0.4
32 9 1 808 1 1 0.1
33 5 5 817 5 5 0.5
33 4 8 820 8 8 0.8
34 7 5 825 5 5 0.5
34 3 7 825 7 7 0.7
35 1 10 842 10 10 1.0
35 5 3 844 3 3 0.3
35 3 8 845 8 8 0.8
36 2 10 848 10 10 1.0
36 3 8 848 8 8 0.8
36 5 2 850 2 2 0.2
36 4 7 851 7 7 0.7
37 4 6 856 6 6 0.6
37 9 5 860 5 5 0.5
37 3 7 860 7 7 0.7
38 3 5 860 5 5 0.5
39 3 7 869 7 7 0.7
39 4 4 870 4 4 0.4
40 4 5 870 5 5 0.5
40 3 6 871 6 6 0.6
40 5 0 873 0 0 0.0
41 3 5 880 5 5 0.5
41 7 4 885 4 4 0.4
42 5 5 885 5 5 0.5
42 3 8 885 8 8 0.8
43 6 3 890 3 3 0.3
43 1 8 890 8 8 0.8
43 4 5 895 5 5 0.5
44 4 8 895 8 8 0.8
44 3 9 895 9 9 0.9
44 1 10 896 10 10 1.0
44 5 3 897 3 3 0.3
45 4 4 899 4 4 0.4
45 3 10 901 10 10 1.0
46 4 5 907 5 5 0.5
46 3 9 908 9 9 0.9
47 3 7 912 7 7 0.7
48 7 5 919 5 5 0.5
48 5 6 922 6 6 0.6
48 3 7 923 7 7 0.7
48 2 9 923 9 9 0.9
49 4 5 925 5 5 0.5
50 4 6 929 6 6 0.6
50 3 9 932 9 9 0.9
51 3 8 933 8 8 0.8
51 5 6 935 6 6 0.6
51 2 10 935 10 10 1.0
52 6 3 935 3 3 0.3
52 4 7 936 7 7 0.7
52 3 8 936 8 8 0.8
52 2 10 936 10 10 1.0
53 2 4 937 4 4 0.4
54 7 4 944 4 4 0.4
54 3 5 945 5 5 0.5
55 2 7 948 7 7 0.7
55 7 5 950 5 5 0.5
55 5 6 951 6 6 0.6
56 4 6 951 6 6 0.6
56 7 4 951 4 4 0.4
56 1 10 951 10 10 1.0
57 7 5 954 5 5 0.5
57 4 8 955 8 8 0.8
57 5 7 956 7 7 0.7
58 2 9 958 9 9 0.9
58 4 8 959 8 8 0.8
59 3 9 960 9 9 0.9
59 4 6 962 6 6 0.6
60 3 9 962 9 9 0.9
60 6 3 963 3 3 0.3
60 5 5 963 5 5 0.5
61 2 7 966 7 7 0.7
61 5 5 968 5 5 0.5
62 2 10 968 10 10 1.0
62 3 9 969 9 9 0.9
62 4 7 972 7 7 0.7
62 5 6 973 6 6 0.6
63 3 7 974 7 7 0.7
63 6 6 974 6 6 0.6
63 2 10 974 10 10 1.0
64 4 7 976 7 7 0.7
64 1 10 976 10 10 1.0
64 6 6 976 6 6 0.6
65 4 2 980 2 2 0.2
66 5 5 984 5 5 0.5
67 1 9 985 9 9 0.9
67 2 8 985 8 8 0.8
67 4 5 986 5 5 0.5
68 6 3 988 3 3 0.3
68 8 2 988 2 2 0.2
68 3 5 989 5 5 0.5
69 6 5 990 5 5 0.5
69 4 7 991 7 7 0.7
69 3 8 991 8 8 0.8
70 6 5 991 5 5 0.5
70 3 7 991 7 7 0.7
71 3 10 992 10 10 1.0
71 4 5 992 5 5 0.5
72 6 4 994 4 4 0.4
72 2 9 994 9 9 0.9
72 4 5 994 5 5 0.5
73 8 4 995 4 4 0.4
73 2 10 995 10 10 1.0
73 5 7 996 7 7 0.7
73 3 8 996 8 8 0.8
74 2 4 996 4 4 0.4
75 3 8 997 8 8 0.8
75 4 6 997 6 6 0.6
75 2 10 997 10 10 1.0
76 3 7 999 7 7 0.7
76 5 5 999 5 5 0.5
77 4 4 999 4 4 0.4
77 1 9 999 9 9 0.9
78 4 5 1000 5 5 0.5
78 3 6 1000 6 6 0.6
79 3 8 1001 8 8 0.8
79 2 9 1001 9 9 0.9
79 4 4 1001 4 4 0.4
80 3 10 1001 10 10 1.0
80 4 5 1003 5 5 0.5
81 7 0 1003 0 0 0.0
81 2 9 1003 9 9 0.9
81 6 5 1004 5 5 0.5
82 3 6 1004 6 6 0.6
82 7 5 1005 5 5 0.5
83 5 3 1005 3 3 0.3
83 1 10 1006 10 10 1.0
84 5 5 1006 5 5 0.5
85 5 1 1007 1 1 0.1
85 4 6 1007 6 6 0.6
85 1 10 1007 10 10 1.0
86 3 10 1007 10 10 1.0
86 4 8 1007 8 8 0.8
86 5 6 1007 6 6 0.6
87 3 7 1007 7 7 0.7
87 5 6 1007 6 6 0.6
88 2 9 1009 9 9 0.9
88 4 6 1010 6 6 0.6
88 6 5 1010 5 5 0.5
89 6 5 1010 5 5 0.5
89 4 6 1010 6 6 0.6
89 3 9 1010 9 9 0.9
90 7 3 1010 3 3 0.3
90 6 4 1010 4 4 0.4
90 4 7 1010 7 7 0.7
90 5 5 1010 5 5 0.5
91 3 9 1010 9 9 0.9
91 5 5 1011 5 5 0.5
91 4 8 1012 8 8 0.8
92 2 9 1012 9 9 0.9
92 5 6 1013 6 6 0.6
92 8 4 1014 4 4 0.4
93 4 6 1015 6 6 0.6
93 3 10 1016 10 10 1.0
94 2 5 1016 5 5 0.5
95 1 10 1017 10 10 1.0
95 6 4 1017 4 4 0.4
95 3 8 1017 8 8 0.8
96 4 9 1017 9 9 0.9
96 5 4 1017 4 4 0.4
97 5 6 1018 6 6 0.6
97 3 8 1018 8 8 0.8
98 5 5 1018 5 5 0.5
98 4 7 1018 7 7 0.7
98 8 4 1019 4 4 0.4
99 4 5 1019 5 5 0.5
99 2 6 1019 6 6 0.6
100 3 8 1019 8 8 0.8
100 5 7 1020 7 7 0.7
100 1 9 1020 9 9 0.9
100 6 3 1020 3 3 0.3
101 3 8 1020 8 8 0.8
101 5 2 1020 2 2 0.2
102 2 9 1020 9 9 0.9
102 6 4 1020 4 4 0.4
102 3 5 1021 5 5 0.5
103 3 6 1022 6 6 0.6
103 1 8 1022 8 8 0.8
104 3 8 1022 8 8 0.8
104 5 5 1022 5 5 0.5
105 3 10 1022 10 10 1.0
105 4 4 1022 4 4 0.4
106 3 6 1022 6 6 0.6
106 6 3 1022 3 3 0.3
107 4 5 1022 5 5 0.5
107 3 9 1022 9 9 0.9
108 4 8 1022 8 8 0.8
108 5 7 1022 7 7 0.7
108 3 9 1022 9 9 0.9
108 6 2 1022 2 2 0.2
109 7 6 1022 6 6 0.6
109 3 7 1022 7 7 0.7
109 2 10 1022 10 10 1.0
110 6 3 1022 3 3 0.3
110 3 9 1022 9 9 0.9
110 4 5 1022 5 5 0.5
111 4 7 1022 7 7 0.7
111 5 0 1022 0 0 0.0
112 2 7 1022 7 7 0.7
112 5 5 1022 5 5 0.5
113 3 3 1022 3 3 0.3
114 5 5 1022 5 5 0.5
114 1 9 1022 9 9 0.9
115 5 4 1022 4 4 0.4
115 3 5 1022 5 5 0.5
116 3 3 1022 3 3 0.3
117 4 4 1022 4 4 0.4
117 5 1 1022 1 1 0.1
118 5 3 1022 3 3 0.3
118 3 9 1022 9 9 0.9
118 2 10 1022 10 10 1.0
119 4 9 1022 9 9 0.9
119 2 10 1022 10 10 1.0
119 7 6 1022 6 6 0.6
119 5 7 1022 7 7 0.7
120 6 1 1022 1 1 0.1
120 4 5 1022 5 5 0.5
120 3 9 1022 9 9 0.9
121 3 6 1022 6 6 0.6
121 4 4 1022 4 4 0.4
122 3 3 1023 3 3 0.3
122 2 9 1024 9 9 0.9
123 5 3 1024 3 3 0.3
123 2 8 1024 8 8 0.8
124 5 4 1024 4 4 0.4
124 2 9 1024 9 9 0.9
125 5 6 1024 6 6 0.6
125 4 9 1024 9 9 0.9
125 6 4 1024 4 4 0.4
126 3 9 1024 9 9 0.9
126 4 4 1024 4 4 0.4
127 5 6 1024 6 6 0.6
127 3 8 1024 8 8 0.8
127 6 5 1024 5 5 0.5
128 3 8 1024 8 8 0.8
128 4 6 1024 6 6 0.6
128 6 5 1024 5 5 0.5
129 3 9 1024 9 9 0.9
129 4 2 1024 2 2 0.2
130 4 0 1024 0 0 0.0
131 4 8 1024 8 8 0.8
131 5 4 1024 4 4 0.4
132 4 7 1024 7 7 0.7
132 2 9 1024 9 9 0.9
132 7 4 1024 4 4 0.4
133 4 6 1024 6 6 0.6
133 3 7 1024 7 7 0.7
134 4 3 1024 3 3 0.3
134 3 5 1024 5 5 0.5
134 1 10 1024 10 10 1.0
135 4 6 1024 6 6 0.6
135 3 9 1024 9 9 0.9
135 6 4 1024 4 4 0.4
136 4 7 1024 7 7 0.7
136 1 9 1024 9 9 0.9
136 5 5 1024 5 5 0.5
136 3 8 1024 8 8 0.8
137 2 10 1024 10 10 1.0
137 8 5 1024 5 5 0.5
137 4 6 1024 6 6 0.6
138 6 6 1024 6 6 0.6
138 5 7 1024 7 7 0.7
138 3 8 1024 8 8 0.8
138 7 5 1024 5 5 0.5
139 3 7 1024 7 7 0.7
140 2 10 1024 10 10 1.0
140 4 6 1024 6 6 0.6
141 7 5 1024 5 5 0.5
141 6 7 1024 7 7 0.7
141 5 8 1024 8 8 0.8
142 4 7 1024 7 7 0.7
142 6 3 1024 3 3 0.3
142 5 6 1024 6 6 0.6
143 6 5 1024 5 5 0.5
143 4 6 1024 6 6 0.6
143 7 4 1024 4 4 0.4
144 2 9 1024 9 9 0.9
144 4 4 1024 4 4 0.4
145 1 9 1024 9 9 0.9
145 2 8 1024 8 8 0.8
145 5 3 1024 3 3 0.3
145 4 6 1024 6 6 0.6
146 3 5 1024 5 5 0.5
146 8 4 1024 4 4 0.4
146 2 9 1024 9 9 0.9
147 6 0 1024 0 0 0.0
147 2 10 1024 10 10 1.0
147 4 5 1024 5 5 0.5
148 4 7 1024 7 7 0.7
148 6 6 1024 6 6 0.6
149 7 5 1024 5 5 0.5
149 3 8 1024 8 8 0.8
149 2 9 1024 9 9 0.9
149 4 6 1024 6 6 0.6
150 4 3 1024 3 3 0.3
151 3 8 1024 8 8 0.8
151 4 5 1024 5 5 0.5
152 5 3 1024 3 3 0.3
152 3 7 1024 7 7 0.7
153 5 4 1024 4 4 0.4
153 4 6 1024 6 6 0.6
153 2 9 1024 9 9 0.9
153 8 2 1024 2 2 0.2
154 7 6 1024 6 6 0.6
154 4 8 1024 8 8 0.8
154 5 7 1024 7 7 0.7
154 3 9 1024 9 9 0.9
155 5 5 1024 5 5 0.5
155 3 6 1024 6 6 0.6
156 3 7 1024 7 7 0.7
156 5 5 1024 5 5 0.5
157 6 5 1024 5 5 0.5
157 4 6 1024 6 6 0.6
157 3 8 1024 8 8 0.8
158 6 7 1024 7 7 0.7
158 7 6 1024 6 6 0.6
158 3 8 1024 8 8 0.8
158 2 9 1024 9 9 0.9
159 3 5 1024 5 5 0.5
159 4 3 1024 3 3 0.3
160 6 4 1024 4 4 0.4
160 5 6 1024 6 6 0.6
160 4 8 1024 8 8 0.8
161 4 7 1024 7 7 0.7
161 3 9 1024 9 9 0.9
161 6 6 1024 6 6 0.6
162 3 5 1024 5 5 0.5
162 4 0 1024 0 0 0.0
163 6 3 1024 3 3 0.3
163 2 7 1024 7 7 0.7
164 3 10 1024 10 10 1.0
164 6 5 1024 5 5 0.5
164 4 7 1024 7 7 0.7
165 4 1 1024 1 1 0.1
165 3 10 1024 10 10 1.0
166 6 3 1024 3 3 0.3
166 4 6 1024 6 6 0.6
166 3 7 1024 7 7 0.7
166 2 9 1024 9 9 0.9
167 8 1 1024 1 1 0.1
167 4 6 1024 6 6 0.6
167 3 9 1024 9 9 0.9
168 3 8 1024 8 8 0.8
168 5 4 1024 4 4 0.4
169 3 10 1024 10 10 1.0
169 6 5 1024 5 5 0.5
169 4 7 1024 7 7 0.7
170 6 4 1024 4 4 0.4
170 4 10 1024 10 10 1.0
170 5 7 1024 7 7 0.7
171 3 5 1024 5 5 0.5
171 1 10 1024 10 10 1.0
171 6 3 1024 3 3 0.3
172 4 8 1024 8 8 0.8
172 9 4 1024 4 4 0.4
172 5 7 1024 7 7 0.7
172 2 10 1024 10 10 1.0
173 5 6 1024 6 6 0.6
173 2 9 1024 9 9 0.9
174 4 7 1024 7 7 0.7
175 5 6 1024 6 6 0.6
175 3 7 1024 7 7 0.7
175 2 8 1024 8 8 0.8
176 5 6 1024 6 6 0.6
176 3 8 1024 8 8 0.8
176 2 9 1024 9 9 0.9
177 6 6 1024 6 6 0.6
177 5 8 1024 8 8 0.8
177 2 10 1024 10 10 1.0
177 4 9 1024 9 9 0.9
178 3 6 1024 6 6 0.6
178 6 5 1024 5 5 0.5
179 5 4 1024 4 4 0.4
180 6 6 1024 6 6 0.6
180 7 5 1024 5 5 0.5
180 3 8 1024 8 8 0.8
181 4 7 1024 7 7 0.7
181 3 9 1024 9 9 0.9
181 6 5 1024 5 5 0.5
182 4 3 1024 3 3 0.3
182 1 10 1024 10 10 1.0
182 2 5 1024 5 5 0.5
183 5 5 1024 5 5 0.5
183 4 7 1024 7 7 0.7
183 3 8 1024 8 8 0.8
184 3 6 1024 6 6 0.6
184 6 4 1024 4 4 0.4
184 7 2 1024 2 2 0.2
185 4 6 1024 6 6 0.6
185 5 2 1024 2 2 0.2
185 2 10 1024 10 10 1.0
186 2 8 1024 8 8 0.8
186 4 3 1024 3 3 0.3
187 5 6 1024 6 6 0.6
187 7 2 1024 2 2 0.2
187 6 5 1024 5 5 0.5
187 3 10 1024 10 10 1.0
187 4 9 1024 9 9 0.9
188 5 8 1024 8 8 0.8
188 7 5 1024 5 5 0.5
188 4 9 1024 9 9 0.9
189 8 3 1024 3 3 0.3
189 2 9 1024 9 9 0.9
189 7 6 1024 6 6 0.6
189 5 7 1024 7 7 0.7
190 3 9 1024 9 9 0.9
190 8 6 1024 6 6 0.6
190 5 7 1024 7 7 0.7
191 4 5 1024 5 5 0.5
191 3 10 1024 10 10 1.0
191 6 3 1024 3 3 0.3
192 3 10 1024 10 10 1.0
192 4 7 1024 7 7 0.7
192 5 5 1024 5 5 0.5
193 2 6 1024 6 6 0.6
194 5 5 1024 5 5 0.5
194 3 9 1024 9 9 0.9
195 5 5 1024 5 5 0.5
195 2 9 1024 9 9 0.9
196 4 9 1024 9 9 0.9
196 3 10 1024 10 10 1.0
196 6 5 1024 5 5 0.5
197 5 5 1024 5 5 0.5
198 6 4 1024 4 4 0.4
198 3 6 1024 6 6 0.6
199 5 4 1024 4 4 0.4
199 4 8 1024 8 8 0.8
200 5 6 1024 6 6 0.6
200 4 7 1024 7 7 0.7
200 2 10 1024 10 10 1.0
200 3 8 1024 8 8 0.8
200 7 4 1024 4 4 0.4
201 2 6 1024 6 6 0.6
201 5 3 1024 3 3 0.3
202 2 4 1024 4 4 0.4
203 3 8 1024 8 8 0.8
203 7 5 1024 5 5 0.5
204 4 4 1024 4 4 0.4
204 3 10 1024 10 10 1.0
205 6 3 1024 3 3 0.3
205 4 5 1024 5 5 0.5
206 4 8 1024 8 8 0.8
206 5 6 1024 6 6 0.6
206 8 2 1024 2 2 0.2
206 1 9 1024 9 9 0.9
207 5 6 1024 6 6 0.6
207 3 9 1024 9 9 0.9
207 4 8 1024 8 8 0.8
208 4 6 1024 6 6 0.6
208 6 5 1024 5 5 0.5
208 8 4 1024 4 4 0.4
209 4 5 1024 5 5 0.5
209 3 10 1024 10 10 1.0
209 6 0 1024 0 0 0.0
210 9 4 1024 4 4 0.4
210 3 5 1024 5 5 0.5
211 3 9 1024 9 9 0.9
211 5 3 1024 3 3 0.3
211 4 7 1024 7 7 0.7
212 2 8 1024 8 8 0.8
212 3 2 1024 2 2 0.2
213 3 8 1024 8 8 0.8
213 2 10 1024 10 10 1.0
213 6 6 1024 6 6 0.6
214 6 3 1024 3 3 0.3
214 4 6 1024 6 6 0.6
214 3 8 1024 8 8 0.8
215 4 4 1024 4 4 0.4
216 4 3 1024 3 3 0.3
216 3 10 1024 10 10 1.0
217 6 5 1024 5 5 0.5
217 2 8 1024 8 8 0.8
218 7 2 1024 2 2 0.2
218 3 8 1024 8 8 0.8
218 4 7 1024 7 7 0.7
218 5 3 1024 3 3 0.3
219 3 7 1024 7 7 0.7
219 4 0 1024 0 0 0.0
220 4 4 1024 4 4 0.4
221 3 9 1024 9 9 0.9
221 5 6 1024 6 6 0.6
221 7 3 1024 3 3 0.3
222 5 4 1024 4 4 0.4
222 4 8 1024 8 8 0.8
222 3 9 1024 9 9 0.9
223 5 3 1024 3 3 0.3
223 1 10 1024 10 10 1.0
223 2 9 1024 9 9 0.9
223 4 8 1024 8 8 0.8
224 7 1 1024 1 1 0.1
224 4 5 1024 5 5 0.5
224 6 3 1024 3 3 0.3
225 6 6 1024 6 6 0.6
225 4 7 1024 7 7 0.7
225 2 8 1024 8 8 0.8
226 5 7 1024 7 7 0.7
226 2 9 1024 9 9 0.9
227 2 8 1024 8 8 0.8
227 5 7 1024 7 7 0.7
227 6 5 1024 5 5 0.5
228 2 7 1024 7 7 0.7
228 1 9 1024 9 9 0.9
229 1 10 1024 10 10 1.0
229 3 3 1024 3 3 0.3
230 4 1 1024 1 1 0.1
230 3 8 1024 8 8 0.8
231 4 6 1024 6 6 0.6
231 3 7 1024 7 7 0.7
232 4 5 1024 5 5 0.5
233 3 9 1024 9 9 0.9
233 4 8 1024 8 8 0.8
233 6 6 1024 6 6 0.6
234 2 6 1024 6 6 0.6
234 3 0 1024 0 0 0.0
235 6 3 1024 3 3 0.3
235 5 4 1024 4 4 0.4
236 2 6 1024 6 6 0.6
236 5 5 1024 5 5 0.5
236 6 4 1024 4 4 0.4
237 5 6 1024 6 6 0.6
237 7 3 1024 3 3 0.3
237 3 7 1024 7 7 0.7
237 1 8 1024 8 8 0.8
238 3 3 1024 3 3 0.3
239 4 6 1024 6 6 0.6
239 5 4 1024 4 4 0.4
239 3 9 1024 9 9 0.9
240 3 9 1024 9 9 0.9
240 4 8 1024 8 8 0.8
240 5 4 1024 4 4 0.4
241 5 5 1024 5 5 0.5
241 2 8 1024 8 8 0.8
242 3 7 1024 7 7 0.7
243 3 8 1024 8 8 0.8
243 2 10 1024 10 10 1.0
243 4 6 1024 6 6 0.6
244 3 3 1024 3 3 0.3
245 3 9 1024 9 9 0.9
245 2 10 1024 10 10 1.0
245 5 4 1024 4 4 0.4
245 4 7 1024 7 7 0.7
246 3 6 1024 6 6 0.6
247 6 3 1024 3 3 0.3
247 5 5 1024 5 5 0.5
247 3 6 1024 6 6 0.6
248 6 3 1024 3 3 0.3
248 5 5 1024 5 5 0.5
248 3 8 1024 8 8 0.8
249 4 4 1024 4 4 0.4
249 0 10 1024 10 10 1.0
249 2 8 1024 8 8 0.8
250 1 10 1024 10 10 1.0
250 5 8 1024 8 8 0.8
250 6 4 1024 4 4 0.4
251 4 3 1024 3 3 0.3
252 4 6 1024 6 6 0.6
252 2 9 1024 9 9 0.9
253 3 9 1024 9 9 0.9
253 4 6 1024 6 6 0.6
253 6 2 1024 2 2 0.2
254 2 10 1024 10 10 1.0
254 5 2 1024 2 2 0.2
254 4 7 1024 7 7 0.7
255 3 7 1024 7 7 0.7
255 5 4 1024 4 4 0.4
256 4 3 1024 3 3 0.3
256 2 7 1024 7 7 0.7
257 4 8 1024 8 8 0.8
257 6 5 1024 5 5 0.5
257 5 6 1024 6 6 0.6
258 3 8 1024 8 8 0.8
258 6 6 1024 6 6 0.6
259 4 2 1024 2 2 0.2
259 2 6 1024 6 6 0.6
260 7 2 1024 2 2 0.2
260 3 4 1024 4 4 0.4
261 5 6 1024 6 6 0.6
261 9 3 1024 3 3 0.3
261 3 7 1024 7 7 0.7
262 3 5 1024 5 5 0.5
263 4 6 1024 6 6 0.6
264 4 8 1024 8 8 0.8
264 5 3 1024 3 3 0.3
265 5 5 1024 5 5 0.5
265 4 7 1024 7 7 0.7
266 5 5 1024 5 5 0.5
266 3 9 1024 9 9 0.9
266 8 3 1024 3 3 0.3
266 4 8 1024 8 8 0.8
267 3 6 1024 6 6 0.6
268 8 1 1024 1 1 0.1
268 4 4 1024 4 4 0.4
268 3 5 1024 5 5 0.5
269 8 4 1024 4 4 0.4
269 4 8 1024 8 8 0.8
269 5 6 1024 6 6 0.6
270 3 10 1024 10 10 1.0
270 7 4 1024 4 4 0.4
270 4 6 1024 6 6 0.6
271 5 5 1024 5 5 0.5
271 1 10 1024 10 10 1.0
271 4 7 1024 7 7 0.7
272 6 1 1024 1 1 0.1
272 5 4 1024 4 4 0.4
272 1 6 1024 6 6 0.6
273 5 4 1024 4 4 0.4
273 4 9 1024 9 9 0.9
273 2 10 1024 10 10 1.0
274 3 5 1024 5 5 0.5
274 2 7 1024 7 7 0.7
274 6 3 1024 3 3 0.3
275 3 8 1024 8 8 0.8
275 5 6 1024 6 6 0.6
276 3 9 1024 9 9 0.9
276 4 8 1024 8 8 0.8
276 5 4 1024 4 4 0.4
277 6 6 1024 6 6 0.6
277 2 10 1024 10 10 1.0
277 4 9 1024 9 9 0.9
277 5 7 1024 7 7 0.7
278 3 10 1024 10 10 1.0
278 8 5 1024 5 5 0.5
278 4 7 1024 7 7 0.7
278 5 6 1024 6 6 0.6
279 4 3 1024 3 3 0.3
279 2 9 1024 9 9 0.9
280 3 7 1024 7 7 0.7
280 4 5 1024 5 5 0.5
281 2 10 1024 10 10 1.0
281 3 8 1024 8 8 0.8
281 6 4 1024 4 4 0.4
282 5 3 1024 3 3 0.3
282 4 5 1024 5 5 0.5
283 4 10 1024 10 10 1.0
283 5 6 1024 6 6 0.6
283 7 4 1024 4 4 0.4
284 4 7 1024 7 7 0.7
284 5 5 1024 5 5 0.5
285 4 1 1024 1 1 0.1
286 4 3 1024 3 3 0.3
286 2 5 1024 5 5 0.5
286 1 10 1024 10 10 1.0
287 2 10 1024 10 10 1.0
287 3 5 1024 5 5 0.5
288 1 9 1024 9 9 0.9
288 4 3 1024 3 3 0.3
289 5 5 1024 5 5 0.5
289 2 7 1024 7 7 0.7
290 4 3 1024 3 3 0.3
291 2 9 1024 9 9 0.9
291 3 5 1024 5 5 0.5
292 3 7 1024 7 7 0.7
292 5 4 1024 4 4 0.4
293 2 8 1024 8 8 0.8
293 4 7 1024 7 7 0.7
293 6 2 1024 2 2 0.2
294 3 9 1024 9 9 0.9
294 4 4 1024 4 4 0.4
295 5 7 1024 7 7 0.7
295 2 9 1024 9 9 0.9
295 6 4 1024 4 4 0.4
296 3 9 1024 9 9 0.9
296 5 6 1024 6 6 0.6
296 4 8 1024 8 8 0.8
296 6 3 1024 3 3 0.3
297 2 10 1024 10 10 1.0
297 4 3 1024 3 3 0.3
298 6 4 1024 4 4 0.4
298 3 8 1024 8 8 0.8
298 2 10 1024 10 10 1.0
299 4 7 1024 7 7 0.7
299 2 9 1024 9 9 0.9
299 3 8 1024 8 8 0.8
300 1 3 1024 3 3 0.3
301 3 8 1024 8 8 0.8
301 4 4 1024 4 4 0.4
302 4 6 1024 6 6 0.6
302 3 9 1024 9 9 0.9
303 3 10 1024 10 10 1.0
303 4 9 1024 9 9 0.9
303 5 5 1024 5 5 0.5
304 4 5 1024 5 5 0.5
304 3 6 1024 6 6 0.6
305 3 6 1024 6 6 0.6
305 5 4 1024 4 4 0.4
306 5 5 1024 5 5 0.5
306 4 8 1024 8 8 0.8
307 1 8 1024 8 8 0.8
307 4 4 1024 4 4 0.4
308 6 4 1024 4 4 0.4
308 8 2 1024 2 2 0.2
308 4 7 1024 7 7 0.7
308 3 8 1024 8 8 0.8
309 5 8 1024 8 8 0.8
309 4 9 1024 9 9 0.9
309 3 10 1024 10 10 1.0
309 6 4 1024 4 4 0.4
310 2 7 1024 7 7 0.7
310 5 2 1024 2 2 0.2
311 4 4 1024 4 4 0.4
311 1 5 1024 5 5 0.5
312 6 6 1024 6 6 0.6
312 5 7 1024 7 7 0.7
312 2 10 1024 10 10 1.0
312 3 8 1024 8 8 0.8
312 8 5 1024 5 5 0.5
313 4 5 1024 5 5 0.5
314 4 8 1024 8 8 0.8
314 5 3 1024 3 3 0.3
315 5 4 1024 4 4 0.4
315 2 9 1024 9 9 0.9
315 9 3 1024 3 3 0.3
316 4 6 1024 6 6 0.6
317 5 6 1024 6 6 0.6
317 7 4 1024 4 4 0.4
317 4 8 1024 8 8 0.8
318 2 10 1024 10 10 1.0
318 4 5 1024 5 5 0.5
318 3 6 1024 6 6 0.6
319 5 4 1024 4 4 0.4
319 3 8 1024 8 8 0.8
319 4 5 1024 5 5 0.5
320 3 10 1024 10 10 1.0
320 6 6 1024 6 6 0.6
320 5 8 1024 8 8 0.8
321 4 6 1024 6 6 0.6
321 2 10 1024 10 10 1.0
322 6 3 1024 3 3 0.3
322 3 8 1024 8 8 0.8
322 5 7 1024 7 7 0.7
323 2 5 1024 5 5 0.5
324 7 5 1024 5 5 0.5
324 4 6 1024 6 6 0.6
325 4 9 1024 9 9 0.9
325 2 10 1024 10 10 1.0
325 5 8 1024 8 8 0.8
325 6 3 1024 3 3 0.3
326 5 4 1024 4 4 0.4
326 4 9 1024 9 9 0.9
326 2 10 1024 10 10 1.0
327 6 5 1024 5 5 0.5
327 2 9 1024 9 9 0.9
327 3 7 1024 7 7 0.7
328 3 8 1024 8 8 0.8
328 5 7 1024 7 7 0.7
328 7 6 1024 6 6 0.6
329 4 6 1024 6 6 0.6
329 6 2 1024 2 2 0.2
329 3 7 1024 7 7 0.7
330 7 4 1024 4 4 0.4
330 6 5 1024 5 5 0.5
330 3 6 1024 6 6 0.6
331 7 5 1024 5 5 0.5
331 5 6 1024 6 6 0.6
331 3 9 1024 9 9 0.9
332 5 6 1024 6 6 0.6
332 3 8 1024 8 8 0.8
332 7 4 1024 4 4 0.4
333 6 3 1024 3 3 0.3
333 3 7 1024 7 7 0.7
333 2 10 1024 10 10 1.0
334 4 6 1024 6 6 0.6
334 3 7 1024 7 7 0.7
335 2 3 1024 3 3 0.3
336 4 6 1024 6 6 0.6
336 3 9 1024 9 9 0.9
336 6 4 1024 4 4 0.4
336 5 5 1024 5 5 0.5
337 3 9 1024 9 9 0.9
337 4 4 1024 4 4 0.4
338 4 8 1024 8 8 0.8
338 5 3 1024 3 3 0.3
339 2 8 1024 8 8 0.8
339 7 2 1024 2 2 0.2
340 3 9 1024 9 9 0.9
340 4 6 1024 6 6 0.6
340 7 2 1024 2 2 0.2
341 4 6 1024 6 6 0.6
341 6 5 1024 5 5 0.5
341 3 8 1024 8 8 0.8
342 3 6 1024 6 6 0.6
342 5 5 1024 5 5 0.5
343 5 5 1024 5 5 0.5
343 2 10 1024 10 10 1.0
343 4 6 1024 6 6 0.6
343 6 3 1024 3 3 0.3
344 3 5 1024 5 5 0.5
344 4 4 1024 4 4 0.4
344 2 10 1024 10 10 1.0
345 3 9 1024 9 9 0.9
345 5 0 1024 0 0 0.0
346 4 5 1024 5 5 0.5
346 5 4 1024 4 4 0.4
347 4 4 1024 4 4 0.4
347 3 7 1024 7 7 0.7
348 3 6 1024 6 6 0.6
348 5 3 1024 3 3 0.3
348 4 5 1024 5 5 0.5
349 2 9 1024 9 9 0.9
349 4 8 1024 8 8 0.8
349 6 4 1024 4 4 0.4
350 8 6 1024 6 6 0.6
350 3 7 1024 7 7 0.7
351 4 6 1024 6 6 0.6
351 2 9 1024 9 9 0.9
352 3 7 1024 7 7 0.7
352 1 10 1024 10 10 1.0
352 5 5 1024 5 5 0.5
353 7 4 1024 4 4 0.4
353 1 10 1024 10 10 1.0
353 5 7 1024 7 7 0.7
353 4 9 1024 9 9 0.9
353 6 6 1024 6 6 0.6
354 6 7 1024 7 7 0.7
354 2 10 1024 10 10 1.0
354 4 8 1024 8 8 0.8
355 3 8 1024 8 8 0.8
355 4 7 1024 7 7 0.7
355 6 0 1024 0 0 0.0
356 2 9 1024 9 9 0.9
356 4 8 1024 8 8 0.8
356 5 3 1024 3 3 0.3
357 2 10 1024 10 10 1.0
357 3 8 1024 8 8 0.8
357 5 5 1024 5 5 0.5
358 5 2 1024 2 2 0.2
358 8 0 1024 0 0 0.0
358 2 10 1024 10 10 1.0
359 3 7 1024 7 7 0.7
359 7 5 1024 5 5 0.5
360 4 7 1024 7 7 0.7
360 5 6 1024 6 6 0.6
360 3 9 1024 9 9 0.9
361 8 6 1024 6 6 0.6
361 3 9 1024 9 9 0.9
361 5 7 1024 7 7 0.7
362 2 10 1024 10 10 1.0
362 5 5 1024 5 5 0.5
362 3 7 1024 7 7 0.7
362 7 2 1024 2 2 0.2
363 2 8 1024 8 8 0.8
363 1 10 1024 10 10 1.0
363 5 4 1024 4 4 0.4
364 7 4 1024 4 4 0.4
364 3 6 1024 6 6 0.6
364 2 10 1024 10 10 1.0
364 6 5 1024 5 5 0.5
365 3 8 1024 8 8 0.8
365 5 1 1024 1 1 0.1
366 6 5 1024 5 5 0.5
366 3 8 1024 8 8 0.8
366 5 6 1024 6 6 0.6
366 7 4 1024 4 4 0.4
367 4 4 1024 4 4 0.4
367 3 8 1024 8 8 0.8
367 2 10 1024 10 10 1.0
368 2 8 1024 8 8 0.8
368 5 6 1024 6 6 0.6
368 6 5 1024 5 5 0.5
369 4 6 1024 6 6 0.6
369 3 10 1024 10 10 1.0
370 7 4 1024 4 4 0.4
370 4 6 1024 6 6 0.6
370 3 8 1024 8 8 0.8
371 2 8 1024 8 8 0.8
371 6 6 1024 6 6 0.6
371 5 7 1024 7 7 0.7
372 4 4 1024 4 4 0.4
372 2 9 1024 9 9 0.9
373 5 5 1024 5 5 0.5
374 2 10 1024 10 10 1.0
374 4 5 1024 5 5 0.5
375 9 4 1024 4 4 0.4
375 4 7 1024 7 7 0.7
375 5 6 1024 6 6 0.6
376 3 7 1024 7 7 0.7
376 5 2 1024 2 2 0.2
376 4 5 1024 5 5 0.5
377 4 6 1024 6 6 0.6
377 2 8 1024 8 8 0.8
378 3 8 1024 8 8 0.8
378 4 5 1024 5 5 0.5
379 4 6 1024 6 6 0.6
379 5 5 1024 5 5 0.5
379 3 9 1024 9 9 0.9
380 3 9 1024 9 9 0.9
380 5 6 1024 6 6 0.6
380 4 8 1024 8 8 0.8
381 3 5 1024 5 5 0.5
381 5 4 1024 4 4 0.4
382 8 2 1024 2 2 0.2
382 3 6 1024 6 6 0.6
383 5 5 1024 5 5 0.5
383 3 8 1024 8 8 0.8
384 3 6 1024 6 6 0.6
384 2 9 1024 9 9 0.9
385 3 9 1024 9 9 0.9
385 4 4 1024 4 4 0.4
386 5 7 1024 7 7 0.7
386 6 3 1024 3 3 0.3
386 4 8 1024 8 8 0.8
387 4 8 1024 8 8 0.8
387 3 9 1024 9 9 0.9
387 5 6 1024 6 6 0.6
388 2 9 1024 9 9 0.9
388 5 4 1024 4 4 0.4
388 3 8 1024 8 8 0.8
389 5 5 1024 5 5 0.5
389 3 8 1024 8 8 0.8
390 4 5 1024 5 5 0.5
390 9 4 1024 4 4 0.4
390 3 9 1024 9 9 0.9
391 5 5 1024 5 5 0.5
391 4 8 1024 8 8 0.8
392 4 3 1024 3 3 0.3
392 3 8 1024 8 8 0.8
393 7 5 1024 5 5 0.5
393 5 6 1024 6 6 0.6
393 2 8 1024 8 8 0.8
394 6 5 1024 5 5 0.5
394 7 4 1024 4 4 0.4
394 4 7 1024 7 7 0.7
394 1 10 1024 10 10 1.0
395 4 8 1024 8 8 0.8
395 6 6 1024 6 6 0.6
395 3 9 1024 9 9 0.9
396 4 3 1024 3 3 0.3
396 3 8 1024 8 8 0.8
397 3 10 1024 10 10 1.0
397 4 9 1024 9 9 0.9
397 6 5 1024 5 5 0.5
397 5 8 1024 8 8 0.8
398 2 10 1024 10 10 1.0
398 4 5 1024 5 5 0.5
398 3 9 1024 9 9 0.9
399 3 9 1024 9 9 0.9
399 4 3 1024 3 3 0.3
400 3 7 1024 7 7 0.7
400 6 5 1024 5 5 0.5
401 3 7 1024 7 7 0.7
401 5 3 1024 3 3 0.3
402 4 5 1024 5 5 0.5
402 7 0 1024 0 0 0.0
402 3 10 1024 10 10 1.0
403 3 10 1024 10 10 1.0
403 4 7 1024 7 7 0.7
404 3 3 1024 3 3 0.3
405 4 9 1024 9 9 0.9
405 5 4 1024 4 4 0.4
406 2 8 1024 8 8 0.8
406 5 5 1024 5 5 0.5
406 7 4 1024 4 4 0.4
407 2 10 1024 10 10 1.0
407 6 6 1024 6 6 0.6
407 3 8 1024 8 8 0.8
407 7 4 1024 4 4 0.4
408 4 5 1024 5 5 0.5
408 3 9 1024 9 9 0.9
409 5 4 1024 4 4 0.4
409 7 3 1024 3 3 0.3
409 2 10 1024 10 10 1.0
410 5 4 1024 4 4 0.4
410 8 3 1024 3 3 0.3
410 2 9 1024 9 9 0.9
411 6 7 1024 7 7 0.7
411 7 6 1024 6 6 0.6
411 2 9 1024 9 9 0.9
412 3 6 1024 6 6 0.6
412 4 5 1024 5 5 0.5
412 6 3 1024 3 3 0.3
413 4 7 1024 7 7 0.7
413 5 6 1024 6 6 0.6
413 3 10 1024 10 10 1.0
414 4 6 1024 6 6 0.6
414 2 9 1024 9 9 0.9
415 4 8 1024 8 8 0.8
415 5 4 1024 4 4 0.4
415 3 9 1024 9 9 0.9
416 4 8 1024 8 8 0.8
416 3 10 1024 10 10 1.0
416 5 6 1024 6 6 0.6
417 3 8 1024 8 8 0.8
417 5 5 1024 5 5 0.5
417 2 10 1024 10 10 1.0
418 3 6 1024 6 6 0.6
418 2 10 1024 10 10 1.0
419 4 9 1024 9 9 0.9
419 1 10 1024 10 10 1.0
419 5 3 1024 3 3 0.3
420 3 8 1024 8 8 0.8
420 7 3 1024 3 3 0.3
420 0 10 1024 10 10 1.0
420 4 5 1024 5 5 0.5
421 2 9 1024 9 9 0.9
421 6 4 1024 4 4 0.4
421 5 6 1024 6 6 0.6
421 3 7 1024 7 7 0.7
422 5 6 1024 6 6 0.6
422 2 10 1024 10 10 1.0
423 3 9 1024 9 9 0.9
423 6 3 1024 3 3 0.3
423 4 8 1024 8 8 0.8
424 6 4 1024 4 4 0.4
424 4 7 1024 7 7 0.7
425 4 6 1024 6 6 0.6
425 5 5 1024 5 5 0.5
425 3 9 1024 9 9 0.9
426 4 2 1024 2 2 0.2
426 3 7 1024 7 7 0.7
427 6 5 1024 5 5 0.5
427 4 8 1024 8 8 0.8
427 7 4 1024 4 4 0.4
427 3 9 1024 9 9 0.9
428 4 7 1024 7 7 0.7
428 3 8 1024 8 8 0.8
428 1 10 1024 10 10 1.0
429 1 10 1024 10 10 1.0
429 3 4 1024 4 4 0.4
430 4 8 1024 8 8 0.8
430 6 5 1024 5 5 0.5
430 3 9 1024 9 9 0.9
431 4 5 1024 5 5 0.5
431 3 8 1024 8 8 0.8
432 4 8 1024 8 8 0.8
432 6 3 1024 3 3 0.3
433 4 8 1024 8 8 0.8
433 5 3 1024 3 3 0.3
434 3 7 1024 7 7 0.7
434 2 10 1024 10 10 1.0
435 5 0 1024 0 0 0.0
435 4 5 1024 5 5 0.5
435 3 7 1024 7 7 0.7
436 2 10 1024 10 10 1.0
436 4 5 1024 5 5 0.5
437 4 4 1024 4 4 0.4
438 3 9 1024 9 9 0.9
438 4 8 1024 8 8 0.8
438 5 5 1024 5 5 0.5
438 6 2 1024 2 2 0.2
439 3 4 1024 4 4 0.4
440 9 2 1024 2 2 0.2
440 5 4 1024 4 4 0.4
440 4 8 1024 8 8 0.8
440 3 9 1024 9 9 0.9
441 5 5 1024 5 5 0.5
441 6 0 1024 0 0 0.0
441 4 8 1024 8 8 0.8
442 5 8 1024 8 8 0.8
442 3 9 1024 9 9 0.9
442 6 4 1024 4 4 0.4
443 7 4 1024 4 4 0.4
443 5 8 1024 8 8 0.8
443 3 9 1024 9 9 0.9
443 6 5 1024 5 5 0.5
444 5 7 1024 7 7 0.7
444 4 8 1024 8 8 0.8
444 6 3 1024 3 3 0.3
445 7 3 1024 3 3 0.3
445 4 7 1024 7 7 0.7
445 5 6 1024 6 6 0.6
445 2 9 1024 9 9 0.9
446 3 4 1024 4 4 0.4
447 4 5 1024 5 5 0.5
447 1 10 1024 10 10 1.0
448 4 3 1024 3 3 0.3
448 3 8 1024 8 8 0.8
448 2 10 1024 10 10 1.0
449 4 5 1024 5 5 0.5
450 4 6 1024 6 6 0.6
450 2 8 1024 8 8 0.8
450 5 5 1024 5 5 0.5
451 4 5 1024 5 5 0.5
451 3 7 1024 7 7 0.7
451 2 10 1024 10 10 1.0
452 6 5 1024 5 5 0.5
452 2 10 1024 10 10 1.0
452 3 7 1024 7 7 0.7
453 3 8 1024 8 8 0.8
453 4 6 1024 6 6 0.6
453 7 4 1024 4 4 0.4
454 2 7 1024 7 7 0.7
454 4 5 1024 5 5 0.5
455 2 9 1024 9 9 0.9
455 3 2 1024 2 2 0.2
455 5 1 1024 1 1 0.1
456 4 5 1024 5 5 0.5
456 6 4 1024 4 4 0.4
457 5 4 1024 4 4 0.4
457 2 10 1024 10 10 1.0
457 3 8 1024 8 8 0.8
458 7 3 1024 3 3 0.3
458 2 5 1024 5 5 0.5
459 3 4 1024 4 4 0.4
459 9 3 1024 3 3 0.3
460 4 8 1024 8 8 0.8
460 7 4 1024 4 4 0.4
460 5 7 1024 7 7 0.7
460 2 9 1024 9 9 0.9
461 3 6 1024 6 6 0.6
461 8 4 1024 4 4 0.4
461 2 9 1024 9 9 0.9
462 1 9 1024 9 9 0.9
462 4 3 1024 3 3 0.3
463 2 9 1024 9 9 0.9
463 5 8 1024 8 8 0.8
463 7 6 1024 6 6 0.6
463 6 7 1024 7 7 0.7
464 3 4 1024 4 4 0.4
464 2 10 1024 10 10 1.0
465 4 6 1024 6 6 0.6
465 7 0 1024 0 0 0.0
465 3 7 1024 7 7 0.7
466 3 7 1024 7 7 0.7
466 5 6 1024 6 6 0.6
466 1 10 1024 10 10 1.0
467 6 4 1024 4 4 0.4
467 5 6 1024 6 6 0.6
467 3 8 1024 8 8 0.8
468 2 9 1024 9 9 0.9
468 3 6 1024 6 6 0.6
468 6 5 1024 5 5 0.5
469 5 4 1024 4 4 0.4
470 3 6 1024 6 6 0.6
470 4 5 1024 5 5 0.5
471 4 7 1024 7 7 0.7
471 2 10 1024 10 10 1.0
471 5 3 1024 3 3 0.3
472 4 2 1024 2 2 0.2
472 3 10 1024 10 10 1.0
473 3 9 1024 9 9 0.9
473 5 6 1024 6 6 0.6
474 5 5 1024 5 5 0.5
474 4 8 1024 8 8 0.8
474 2 10 1024 10 10 1.0
475 7 0 1024 0 0 0.0
475 4 7 1024 7 7 0.7
475 6 6 1024 6 6 0.6
476 5 6 1024 6 6 0.6
476 4 7 1024 7 7 0.7
476 2 10 1024 10 10 1.0
477 6 5 1024 5 5 0.5
477 5 7 1024 7 7 0.7
477 2 9 1024 9 9 0.9
477 4 8 1024 8 8 0.8
478 7 5 1024 5 5 0.5
478 3 10 1024 10 10 1.0
478 4 6 1024 6 6 0.6
479 6 2 1024 2 2 0.2
479 4 5 1024 5 5 0.5
480 2 10 1024 10 10 1.0
480 6 5 1024 5 5 0.5
480 3 7 1024 7 7 0.7
481 3 2 1024 2 2 0.2
481 2 9 1024 9 9 0.9
482 5 5 1024 5 5 0.5
482 3 6 1024 6 6 0.6
482 1 9 1024 9 9 0.9
483 5 5 1024 5 5 0.5
483 2 6 1024 6 6 0.6
484 3 9 1024 9 9 0.9
484 6 2 1024 2 2 0.2
484 4 7 1024 7 7 0.7
485 8 1 1024 1 1 0.1
485 3 7 1024 7 7 0.7
486 4 5 1024 5 5 0.5
486 5 3 1024 3 3 0.3
487 3 8 1024 8 8 0.8
487 6 7 1024 7 7 0.7
487 7 3 1024 3 3 0.3
488 5 5 1024 5 5 0.5
488 3 7 1024 7 7 0.7
489 5 3 1024 3 3 0.3
489 4 6 1024 6 6 0.6
489 3 9 1024 9 9 0.9
490 4 8 1024 8 8 0.8
490 5 5 1024 5 5 0.5
491 5 5 1024 5 5 0.5
491 3 7 1024 7 7 0.7
491 6 3 1024 3 3 0.3
491 2 10 1024 10 10 1.0
492 3 7 1024 7 7 0.7
492 2 10 1024 10 10 1.0
492 6 6 1024 6 6 0.6
492 7 5 1024 5 5 0.5
493 4 3 1024 3 3 0.3
493 3 9 1024 9 9 0.9
494 5 4 1024 4 4 0.4
494 4 8 1024 8 8 0.8
494 2 10 1024 10 10 1.0
495 6 3 1024 3 3 0.3
495 3 7 1024 7 7 0.7
495 2 10 1024 10 10 1.0
496 3 9 1024 9 9 0.9
496 5 6 1024 6 6 0.6
496 4 7 1024 7 7 0.7
497 6 3 1024 3 3 0.3
497 1 10 1024 10 10 1.0
497 3 7 1024 7 7 0.7
498 3 6 1024 6 6 0.6
498 1 8 1024 8 8 0.8
499 4 8 1024 8 8 0.8
499 3 9 1024 9 9 0.9
499 5 6 1024 6 6 0.6
500 6 5 1024 5 5 0.5
500 4 6 1024 6 6 0.6
501 3 8 1024 8 8 0.8
501 5 5 1024 5 5 0.5
501 4 6 1024 6 6 0.6
502 4 9 1024 9 9 0.9
502 5 8 1024 8 8 0.8
502 6 5 1024 5 5 0.5
502 2 10 1024 10 10 1.0
503 2 5 1024 5 5 0.5
504 3 6 1024 6 6 0.6
505 4 4 1024 4 4 0.4
506 4 5 1024 5 5 0.5
506 3 7 1024 7 7 0.7
507 5 3 1024 3 3 0.3
507 4 7 1024 7 7 0.7
508 2 10 1024 10 10 1.0
508 4 6 1024 6 6 0.6
509 2 10 1024 10 10 1.0
509 6 5 1024 5 5 0.5
509 4 7 1024 7 7 0.7
510 4 5 1024 5 5 0.5
510 3 9 1024 9 9 0.9
511 3 8 1024 8 8 0.8
511 4 5 1024 5 5 0.5
512 7 3 1024 3 3 0.3
512 2 8 1024 8 8 0.8
512 6 5 1024 5 5 0.5
513 4 5 1024 5 5 0.5
513 5 2 1024 2 2 0.2
513 3 9 1024 9 9 0.9
514 4 6 1024 6 6 0.6
514 9 5 1024 5 5 0.5
515 3 6 1024 6 6 0.6
515 4 4 1024 4 4 0.4
516 6 4 1024 4 4 0.4
516 2 9 1024 9 9 0.9
516 3 8 1024 8 8 0.8
517 5 2 1024 2 2 0.2
517 4 6 1024 6 6 0.6
518 7 6 1024 6 6 0.6
518 3 9 1024 9 9 0.9
518 6 7 1024 7 7 0.7
519 3 6 1024 6 6 0.6
519 6 4 1024 4 4 0.4
520 6 1 1024 1 1 0.1
520 2 8 1024 8 8 0.8
521 5 6 1024 6 6 0.6
521 2 8 1024 8 8 0.8
522 2 9 1024 9 9 0.9
522 5 0 1024 0 0 0.0
522 4 3 1024 3 3 0.3
523 5 5 1024 5 5 0.5
523 6 4 1024 4 4 0.4
524 4 6 1024 6 6 0.6
524 3 9 1024 9 9 0.9
524 2 10 1024 10 10 1.0
525 3 8 1024 8 8 0.8
525 1 10 1024 10 10 1.0
525 4 5 1024 5 5 0.5
525 8 4 1024 4 4 0.4
526 4 5 1024 5 5 0.5
526 3 8 1024 8 8 0.8
527 7 5 1024 5 5 0.5
527 2 8 1024 8 8 0.8
527 3 6 1024 6 6 0.6
528 5 6 1024 6 6 0.6
528 2 10 1024 10 10 1.0
528 4 8 1024 8 8 0.8
529 5 3 1024 3 3 0.3
530 5 3 1024 3 3 0.3
530 1 10 1024 10 10 1.0
531 3 5 1024 5 5 0.5
532 2 10 1024 10 10 1.0
532 8 5 1024 5 5 0.5
532 4 8 1024 8 8 0.8
532 5 7 1024 7 7 0.7
533 3 5 1024 5 5 0.5
533 6 2 1024 2 2 0.2
533 2 10 1024 10 10 1.0
533 4 4 1024 4 4 0.4
534 3 6 1024 6 6 0.6
534 8 4 1024 4 4 0.4
535 5 7 1024 7 7 0.7
535 6 1 1024 1 1 0.1
535 4 8 1024 8 8 0.8
536 5 6 1024 6 6 0.6
536 3 8 1024 8 8 0.8
537 6 3 1024 3 3 0.3
537 4 7 1024 7 7 0.7
538 2 7 1024 7 7 0.7
538 5 4 1024 4 4 0.4
538 6 2 1024 2 2 0.2
539 3 7 1024 7 7 0.7
539 5 5 1024 5 5 0.5
540 3 7 1024 7 7 0.7
540 2 9 1024 9 9 0.9
540 8 6 1024 6 6 0.6
541 2 10 1024 10 10 1.0
541 3 9 1024 9 9 0.9
541 5 2 1024 2 2 0.2
542 7 6 1024 6 6 0.6
542 2 9 1024 9 9 0.9
542 6 7 1024 7 7 0.7
542 5 8 1024 8 8 0.8
543 7 4 1024 4 4 0.4
543 4 5 1024 5 5 0.5
543 2 9 1024 9 9 0.9
544 6 6 1024 6 6 0.6
544 3 8 1024 8 8 0.8
545 4 3 1024 3 3 0.3
545 2 9 1024 9 9 0.9
546 3 7 1024 7 7 0.7
546 4 6 1024 6 6 0.6
546 6 5 1024 5 5 0.5
547 4 5 1024 5 5 0.5
547 6 1 1024 1 1 0.1
548 7 2 1024 2 2 0.2
548 2 7 1024 7 7 0.7
548 1 8 1024 8 8 0.8
548 4 5 1024 5 5 0.5
548 3 6 1024 6 6 0.6
549 3 4 1024 4 4 0.4
549 7 3 1024 3 3 0.3
550 6 4 1024 4 4 0.4
550 1 10 1024 10 10 1.0
550 2 8 1024 8 8 0.8
551 4 8 1024 8 8 0.8
551 5 4 1024 4 4 0.4
551 3 9 1024 9 9 0.9
552 3 8 1024 8 8 0.8
552 4 3 1024 3 3 0.3
553 4 6 1024 6 6 0.6
554 1 9 1024 9 9 0.9
554 5 5 1024 5 5 0.5
554 4 8 1024 8 8 0.8
555 6 6 1024 6 6 0.6
555 2 9 1024 9 9 0.9
555 8 3 1024 3 3 0.3
555 4 7 1024 7 7 0.7
556 5 4 1024 4 4 0.4
556 2 7 1024 7 7 0.7
557 2 8 1024 8 8 0.8
557 5 5 1024 5 5 0.5
558 6 4 1024 4 4 0.4
558 5 7 1024 7 7 0.7
558 2 8 1024 8 8 0.8
559 3 8 1024 8 8 0.8
559 9 3 1024 3 3 0.3
559 7 6 1024 6 6 0.6
559 6 7 1024 7 7 0.7
560 3 10 1024 10 10 1.0
560 4 9 1024 9 9 0.9
560 5 4 1024 4 4 0.4
561 6 6 1024 6 6 0.6
561 3 7 1024 7 7 0.7
562 2 10 1024 10 10 1.0
562 5 6 1024 6 6 0.6
563 3 8 1024 8 8 0.8
563 7 3 1024 3 3 0.3
564 7 4 1024 4 4 0.4
564 4 6 1024 6 6 0.6
565 3 10 1024 10 10 1.0
565 6 3 1024 3 3 0.3
565 5 6 1024 6 6 0.6
566 5 7 1024 7 7 0.7
566 3 8 1024 8 8 0.8
566 6 3 1024 3 3 0.3
567 3 7 1024 7 7 0.7
567 6 6 1024 6 6 0.6
568 4 3 1024 3 3 0.3
568 3 10 1024 10 10 1.0
569 5 2 1024 2 2 0.2
569 3 10 1024 10 10 1.0
569 4 8 1024 8 8 0.8
570 7 6 1024 6 6 0.6
570 2 8 1024 8 8 0.8
570 4 7 1024 7 7 0.7
571 2 8 1024 8 8 0.8
571 4 7 1024 7 7 0.7
571 5 6 1024 6 6 0.6
572 4 8 1024 8 8 0.8
572 2 9 1024 9 9 0.9
572 5 3 1024 3 3 0.3
573 2 9 1024 9 9 0.9
573 6 5 1024 5 5 0.5
573 4 6 1024 6 6 0.6
574 5 4 1024 4 4 0.4
574 2 7 1024 7 7 0.7
575 9 4 1024 4 4 0.4
575 4 6 1024 6 6 0.6
575 3 10 1024 10 10 1.0
576 7 7 1024 7 7 0.7
576 5 8 1024 8 8 0.8
576 2 9 1024 9 9 0.9
577 4 6 1024 6 6 0.6
577 6 5 1024 5 5 0.5
578 5 5 1024 5 5 0.5
579 4 5 1024 5 5 0.5
579 2 10 1024 10 10 1.0
579 3 6 1024 6 6 0.6
580 2 7 1024 7 7 0.7
580 6 6 1024 6 6 0.6
581 8 4 1024 4 4 0.4
581 5 6 1024 6 6 0.6
581 3 7 1024 7 7 0.7
582 3 5 1024 5 5 0.5
582 8 4 1024 4 4 0.4
583 3 6 1024 6 6 0.6
583 2 9 1024 9 9 0.9
584 4 6 1024 6 6 0.6
584 2 10 1024 10 10 1.0
585 3 4 1024 4 4 0.4
586 2 10 1024 10 10 1.0
586 4 7 1024 7 7 0.7
587 4 8 1024 8 8 0.8
587 5 0 1024 0 0 0.0
588 2 10 1024 10 10 1.0
588 5 6 1024 6 6 0.6
588 4 8 1024 8 8 0.8
589 2 10 1024 10 10 1.0
589 3 3 1024 3 3 0.3
590 2 9 1024 9 9 0.9
590 4 6 1024 6 6 0.6
590 5 0 1024 0 0 0.0
591 3 9 1024 9 9 0.9
591 6 3 1024 3 3 0.3
591 4 5 1024 5 5 0.5
592 4 6 1024 6 6 0.6
593 4 4 1024 4 4 0.4
593 3 9 1024 9 9 0.9
594 3 9 1024 9 9 0.9
594 5 4 1024 4 4 0.4
594 4 6 1024 6 6 0.6
595 2 9 1024 9 9 0.9
595 4 6 1024 6 6 0.6
595 5 1 1024 1 1 0.1
596 4 5 1024 5 5 0.5
597 3 7 1024 7 7 0.7
597 4 5 1024 5 5 0.5
598 3 8 1024 8 8 0.8
598 1 9 1024 9 9 0.9
598 4 3 1024 3 3 0.3
599 4 8 1024 8 8 0.8
599 5 5 1024 5 5 0.5
600 3 5 1024 5 5 0.5
600 6 3 1024 3 3 0.3
600 2 9 1024 9 9 0.9
601 2 9 1024 9 9 0.9
601 4 6 1024 6 6 0.6
602 4 5 1024 5 5 0.5
602 6 2 1024 2 2 0.2
603 9 6 1024 6 6 0.6
603 5 7 1024 7 7 0.7
603 3 9 1024 9 9 0.9
603 2 10 1024 10 10 1.0
604 4 5 1024 5 5 0.5
604 1 8 1024 8 8 0.8
605 4 7 1024 7 7 0.7
606 4 8 1024 8 8 0.8
606 5 6 1024 6 6 0.6
606 6 4 1024 4 4 0.4
607 8 6 1024 6 6 0.6
607 4 8 1024 8 8 0.8
607 7 7 1024 7 7 0.7
607 3 10 1024 10 10 1.0
608 5 5 1024 5 5 0.5
608 4 9 1024 9 9 0.9
609 3 3 1024 3 3 0.3
610 3 8 1024 8 8 0.8
610 0 10 1024 10 10 1.0
610 4 6 1024 6 6 0.6
610 2 9 1024 9 9 0.9
611 3 8 1024 8 8 0.8
611 6 2 1024 2 2 0.2
612 5 0 1024 0 0 0.0
612 2 7 1024 7 7 0.7
613 6 4 1024 4 4 0.4
613 3 7 1024 7 7 0.7
613 2 10 1024 10 10 1.0
614 4 6 1024 6 6 0.6
614 3 7 1024 7 7 0.7
614 1 10 1024 10 10 1.0
615 6 0 1024 0 0 0.0
615 4 6 1024 6 6 0.6
616 3 4 1024 4 4 0.4
617 3 8 1024 8 8 0.8
617 5 5 1024 5 5 0.5
618 1 10 1024 10 10 1.0
618 5 6 1024 6 6 0.6
618 3 9 1024 9 9 0.9
618 6 4 1024 4 4 0.4
619 4 8 1024 8 8 0.8
619 5 7 1024 7 7 0.7
619 9 6 1024 6 6 0.6
620 3 8 1024 8 8 0.8
620 5 6 1024 6 6 0.6
620 8 3 1024 3 3 0.3
620 6 5 1024 5 5 0.5
621 3 10 1024 10 10 1.0
621 5 6 1024 6 6 0.6
621 4 7 1024 7 7 0.7
622 4 5 1024 5 5 0.5
622 6 4 1024 4 4 0.4
623 2 9 1024 9 9 0.9
623 5 6 1024 6 6 0.6
623 6 5 1024 5 5 0.5
623 3 8 1024 8 8 0.8
624 4 7 1024 7 7 0.7
624 5 0 1024 0 0 0.0
624 3 8 1024 8 8 0.8
625 4 4 1024 4 4 0.4
625 1 10 1024 10 10 1.0
626 5 6 1024 6 6 0.6
626 3 7 1024 7 7 0.7
627 2 8 1024 8 8 0.8
627 4 6 1024 6 6 0.6
627 1 9 1024 9 9 0.9
628 5 5 1024 5 5 0.5
628 2 7 1024 7 7 0.7
629 2 9 1024 9 9 0.9
629 3 6 1024 6 6 0.6
630 3 5 1024 5 5 0.5
631 5 2 1024 2 2 0.2
631 3 6 1024 6 6 0.6
632 3 8 1024 8 8 0.8
632 7 7 1024 7 7 0.7
633 5 6 1024 6 6 0.6
633 4 7 1024 7 7 0.7
634 3 2 1024 2 2 0.2
635 6 7 1024 7 7 0.7
635 8 3 1024 3 3 0.3
635 2 9 1024 9 9 0.9
636 1 6 1024 6 6 0.6
636 5 3 1024 3 3 0.3
637 4 3 1024 3 3 0.3
638 5 7 1024 7 7 0.7
638 2 10 1024 10 10 1.0
638 6 0 1024 0 0 0.0
638 4 8 1024 8 8 0.8
639 2 6 1024 6 6 0.6
640 4 6 1024 6 6 0.6
640 2 10 1024 10 10 1.0
640 6 3 1024 3 3 0.3
641 3 8 1024 8 8 0.8
641 5 2 1024 2 2 0.2
641 4 4 1024 4 4 0.4
642 4 10 1024 10 10 1.0
642 5 5 1024 5 5 0.5
642 7 4 1024 4 4 0.4
643 2 10 1024 10 10 1.0
643 3 4 1024 4 4 0.4
644 1 10 1024 10 10 1.0
644 2 9 1024 9 9 0.9
644 5 6 1024 6 6 0.6
644 3 7 1024 7 7 0.7
645 8 2 1024 2 2 0.2
645 3 3 1024 3 3 0.3
646 5 4 1024 4 4 0.4
646 3 8 1024 8 8 0.8
647 5 2 1024 2 2 0.2
647 3 9 1024 9 9 0.9
648 3 5 1024 5 5 0.5
648 8 4 1024 4 4 0.4
649 6 3 1024 3 3 0.3
649 3 7 1024 7 7 0.7
650 5 5 1024 5 5 0.5
650 2 9 1024 9 9 0.9
650 4 7 1024 7 7 0.7
651 3 7 1024 7 7 0.7
651 5 6 1024 6 6 0.6
652 2 10 1024 10 10 1.0
652 4 4 1024 4 4 0.4
652 6 3 1024 3 3 0.3
653 3 9 1024 9 9 0.9
653 4 6 1024 6 6 0.6
653 6 3 1024 3 3 0.3
654 5 5 1024 5 5 0.5
654 3 9 1024 9 9 0.9
655 6 5 1024 5 5 0.5
655 3 10 1024 10 10 1.0
655 4 6 1024 6 6 0.6
656 2 9 1024 9 9 0.9
656 4 6 1024 6 6 0.6
656 5 4 1024 4 4 0.4
657 3 7 1024 7 7 0.7
657 7 6 1024 6 6 0.6
658 2 9 1024 9 9 0.9
658 5 8 1024 8 8 0.8
658 7 2 1024 2 2 0.2
659 3 3 1024 3 3 0.3
660 4 5 1024 5 5 0.5
660 7 3 1024 3 3 0.3
661 3 6 1024 6 6 0.6
662 3 8 1024 8 8 0.8
662 5 5 1024 5 5 0.5
662 6 4 1024 4 4 0.4
663 5 3 1024 3 3 0.3
663 3 9 1024 9 9 0.9
664 5 5 1024 5 5 0.5
664 4 7 1024 7 7 0.7
664 3 10 1024 10 10 1.0
665 5 4 1024 4 4 0.4
665 4 6 1024 6 6 0.6
665 3 9 1024 9 9 0.9
666 3 6 1024 6 6 0.6
666 2 9 1024 9 9 0.9
667 3 8 1024 8 8 0.8
667 4 6 1024 6 6 0.6
668 4 2 1024 2 2 0.2
668 2 9 1024 9 9 0.9
669 4 6 1024 6 6 0.6
669 6 5 1024 5 5 0.5
670 7 4 1024 4 4 0.4
670 5 6 1024 6 6 0.6
670 2 7 1024 7 7 0.7
671 2 9 1024 9 9 0.9
671 4 5 1024 5 5 0.5
671 9 0 1024 0 0 0.0
672 2 7 1024 7 7 0.7
673 1 8 1024 8 8 0.8
673 6 3 1024 3 3 0.3
674 4 7 1024 7 7 0.7
674 8 3 1024 3 3 0.3
675 4 6 1024 6 6 0.6
675 3 9 1024 9 9 0.9
676 3 8 1024 8 8 0.8
676 6 5 1024 5 5 0.5
676 5 6 1024 6 6 0.6
677 5 2 1024 2 2 0.2
677 3 7 1024 7 7 0.7
677 4 6 1024 6 6 0.6
678 5 4 1024 4 4 0.4
678 3 9 1024 9 9 0.9
679 5 4 1024 4 4 0.4
680 6 6 1024 6 6 0.6
680 5 7 1024 7 7 0.7
680 2 10 1024 10 10 1.0
680 7 5 1024 5 5 0.5
681 4 5 1024 5 5 0.5
681 2 10 1024 10 10 1.0
681 3 8 1024 8 8 0.8
682 3 9 1024 9 9 0.9
682 4 6 1024 6 6 0.6
683 2 9 1024 9 9 0.9
683 3 8 1024 8 8 0.8
683 6 2 1024 2 2 0.2
684 4 5 1024 5 5 0.5
684 3 7 1024 7 7 0.7
685 5 5 1024 5 5 0.5
685 4 8 1024 8 8 0.8
685 2 10 1024 10 10 1.0
686 2 7 1024 7 7 0.7
686 6 6 1024 6 6 0.6
687 2 9 1024 9 9 0.9
687 5 4 1024 4 4 0.4
688 4 3 1024 3 3 0.3
688 3 10 1024 10 10 1.0
689 6 4 1024 4 4 0.4
689 4 7 1024 7 7 0.7
689 5 6 1024 6 6 0.6
689 3 9 1024 9 9 0.9
690 2 10 1024 10 10 1.0
690 4 7 1024 7 7 0.7
690 6 5 1024 5 5 0.5
691 6 3 1024 3 3 0.3
691 3 7 1024 7 7 0.7
692 5 7 1024 7 7 0.7
692 6 5 1024 5 5 0.5
693 3 4 1024 4 4 0.4
693 1 10 1024 10 10 1.0
694 5 3 1024 3 3 0.3
694 2 8 1024 8 8 0.8
694 4 4 1024 4 4 0.4
695 2 9 1024 9 9 0.9
695 3 7 1024 7 7 0.7
695 7 3 1024 3 3 0.3
696 3 4 1024 4 4 0.4
696 1 10 1024 10 10 1.0
697 7 3 1024 3 3 0.3
697 5 6 1024 6 6 0.6
697 4 7 1024 7 7 0.7
698 2 10 1024 10 10 1.0
698 5 4 1024 4 4 0.4
699 3 9 1024 9 9 0.9
699 4 5 1024 5 5 0.5
700 7 3 1024 3 3 0.3
700 4 6 1024 6 6 0.6
700 6 5 1024 5 5 0.5
700 3 8 1024 8 8 0.8
701 5 5 1024 5 5 0.5
701 3 7 1024 7 7 0.7
701 4 6 1024 6 6 0.6
702 3 7 1024 7 7 0.7
702 5 5 1024 5 5 0.5
703 6 6 1024 6 6 0.6
703 3 7 1024 7 7 0.7
704 4 6 1024 6 6 0.6
704 7 5 1024 5 5 0.5
704 0 10 1024 10 10 1.0
704 3 9 1024 9 9 0.9
705 1 10 1024 10 10 1.0
705 3 3 1024 3 3 0.3
706 8 2 1024 2 2 0.2
706 5 4 1024 4 4 0.4
706 3 7 1024 7 7 0.7
707 6 3 1024 3 3 0.3
707 4 8 1024 8 8 0.8
708 4 4 1024 4 4 0.4
708 2 9 1024 9 9 0.9
708 6 3 1024 3 3 0.3
709 5 5 1024 5 5 0.5
709 3 7 1024 7 7 0.7
709 4 6 1024 6 6 0.6
710 6 6 1024 6 6 0.6
710 2 8 1024 8 8 0.8
710 1 9 1024 9 9 0.9
710 5 7 1024 7 7 0.7
711 4 8 1024 8 8 0.8
711 5 2 1024 2 2 0.2
711 3 10 1024 10 10 1.0
712 7 3 1024 3 3 0.3
712 3 4 1024 4 4 0.4
713 3 6 1024 6 6 0.6
713 6 5 1024 5 5 0.5
714 2 7 1024 7 7 0.7
714 4 6 1024 6 6 0.6
715 5 3 1024 3 3 0.3
715 2 6 1024 6 6 0.6
716 6 0 1024 0 0 0.0
716 4 4 1024 4 4 0.4
717 7 6 1024 6 6 0.6
717 6 7 1024 7 7 0.7
717 3 8 1024 8 8 0.8
718 3 7 1024 7 7 0.7
718 2 8 1024 8 8 0.8
718 5 5 1024 5 5 0.5
719 4 4 1024 4 4 0.4
720 2 7 1024 7 7 0.7
721 3 6 1024 6 6 0.6
721 5 3 1024 3 3 0.3
721 1 10 1024 10 10 1.0
722 4 9 1024 9 9 0.9
722 7 3 1024 3 3 0.3
722 6 4 1024 4 4 0.4
723 6 5 1024 5 5 0.5
723 4 8 1024 8 8 0.8
724 4 5 1024 5 5 0.5
724 3 7 1024 7 7 0.7
725 3 10 1024 10 10 1.0
725 4 3 1024 3 3 0.3
726 4 5 1024 5 5 0.5
726 6 2 1024 2 2 0.2
726 2 9 1024 9 9 0.9
727 1 10 1024 10 10 1.0
727 3 9 1024 9 9 0.9
727 5 3 1024 3 3 0.3
728 4 5 1024 5 5 0.5
728 3 8 1024 8 8 0.8
729 3 5 1024 5 5 0.5
730 6 6 1024 6 6 0.6
730 5 7 1024 7 7 0.7
730 2 9 1024 9 9 0.9
731 4 6 1024 6 6 0.6
731 2 10 1024 10 10 1.0
731 8 2 1024 2 2 0.2
732 2 6 1024 6 6 0.6
732 5 4 1024 4 4 0.4
733 7 4 1024 4 4 0.4
733 3 7 1024 7 7 0.7
734 4 6 1024 6 6 0.6
734 1 9 1024 9 9 0.9
735 6 4 1024 4 4 0.4
735 3 9 1024 9 9 0.9
735 5 7 1024 7 7 0.7
736 5 8 1024 8 8 0.8
736 6 4 1024 4 4 0.4
737 2 8 1024 8 8 0.8
737 3 3 1024 3 3 0.3
738 5 5 1024 5 5 0.5
738 6 4 1024 4 4 0.4
738 4 9 1024 9 9 0.9
739 3 9 1024 9 9 0.9
739 5 4 1024 4 4 0.4
739 7 3 1024 3 3 0.3
740 2 9 1024 9 9 0.9
740 3 6 1024 6 6 0.6
741 5 5 1024 5 5 0.5
741 2 7 1024 7 7 0.7
742 5 4 1024 4 4 0.4
742 4 7 1024 7 7 0.7
743 4 6 1024 6 6 0.6
744 4 6 1024 6 6 0.6
744 2 9 1024 9 9 0.9
745 2 10 1024 10 10 1.0
745 4 5 1024 5 5 0.5
746 3 5 1024 5 5 0.5
747 4 7 1024 7 7 0.7
747 1 10 1024 10 10 1.0
748 1 10 1024 10 10 1.0
748 3 9 1024 9 9 0.9
748 5 3 1024 3 3 0.3
749 3 4 1024 4 4 0.4
749 2 10 1024 10 10 1.0
750 3 8 1024 8 8 0.8
750 4 6 1024 6 6 0.6
750 5 5 1024 5 5 0.5
751 3 9 1024 9 9 0.9
751 5 4 1024 4 4 0.4
752 4 6 1024 6 6 0.6
752 2 10 1024 10 10 1.0
753 4 10 1024 10 10 1.0
753 6 6 1024 6 6 0.6
753 5 7 1024 7 7 0.7
754 3 6 1024 6 6 0.6
754 4 3 1024 3 3 0.3
754 2 10 1024 10 10 1.0
755 7 2 1024 2 2 0.2
755 3 7 1024 7 7 0.7
756 4 6 1024 6 6 0.6
756 6 2 1024 2 2 0.2
756 2 8 1024 8 8 0.8
757 3 7 1024 7 7 0.7
758 4 6 1024 6 6 0.6
758 1 9 1024 9 9 0.9
759 4 5 1024 5 5 0.5
759 3 9 1024 9 9 0.9
760 6 3 1024 3 3 0.3
760 5 7 1024 7 7 0.7
760 4 8 1024 8 8 0.8
761 5 6 1024 6 6 0.6
762 3 9 1024 9 9 0.9
762 8 5 1024 5 5 0.5
762 5 7 1024 7 7 0.7
763 4 3 1024 3 3 0.3
764 4 6 1024 6 6 0.6
764 6 5 1024 5 5 0.5
765 3 7 1024 7 7 0.7
765 4 5 1024 5 5 0.5
766 3 9 1024 9 9 0.9
766 5 2 1024 2 2 0.2
767 3 7 1024 7 7 0.7
767 4 6 1024 6 6 0.6
768 3 8 1024 8 8 0.8
768 4 7 1024 7 7 0.7
768 7 6 1024 6 6 0.6
768 1 10 1024 10 10 1.0
769 5 4 1024 4 4 0.4
769 2 8 1024 8 8 0.8
770 4 8 1024 8 8 0.8
770 2 9 1024 9 9 0.9
770 5 7 1024 7 7 0.7
771 4 8 1024 8 8 0.8
771 5 5 1024 5 5 0.5
772 5 3 1024 3 3 0.3
772 2 7 1024 7 7 0.7
773 2 10 1024 10 10 1.0
773 3 5 1024 5 5 0.5
774 4 7 1024 7 7 0.7
774 2 10 1024 10 10 1.0
774 6 3 1024 3 3 0.3
775 4 4 1024 4 4 0.4
775 3 8 1024 8 8 0.8
776 1 10 1024 10 10 1.0
776 4 5 1024 5 5 0.5
776 3 9 1024 9 9 0.9
777 5 6 1024 6 6 0.6
777 2 10 1024 10 10 1.0
777 6 5 1024 5 5 0.5
777 4 7 1024 7 7 0.7
778 3 10 1024 10 10 1.0
778 4 5 1024 5 5 0.5
779 1 10 1024 10 10 1.0
779 4 9 1024 9 9 0.9
779 5 3 1024 3 3 0.3
780 5 6 1024 6 6 0.6
780 2 9 1024 9 9 0.9
781 4 8 1024 8 8 0.8
781 5 5 1024 5 5 0.5
782 4 3 1024 3 3 0.3
782 2 10 1024 10 10 1.0
782 3 8 1024 8 8 0.8
783 2 9 1024 9 9 0.9
783 3 7 1024 7 7 0.7
783 7 6 1024 6 6 0.6
784 4 7 1024 7 7 0.7
784 5 5 1024 5 5 0.5
784 6 3 1024 3 3 0.3
784 3 10 1024 10 10 1.0
785 2 10 1024 10 10 1.0
785 7 5 1024 5 5 0.5
785 4 9 1024 9 9 0.9
786 7 5 1024 5 5 0.5
786 5 7 1024 7 7 0.7
786 1 9 1024 9 9 0.9
787 5 6 1024 6 6 0.6
787 6 5 1024 5 5 0.5
787 2 9 1024 9 9 0.9
787 3 8 1024 8 8 0.8
788 4 5 1024 5 5 0.5
788 3 10 1024 10 10 1.0
789 3 0 1024 0 0 0.0
789 2 9 1024 9 9 0.9
790 5 3 1024 3 3 0.3
790 3 10 1024 10 10 1.0
790 4 8 1024 8 8 0.8
791 4 6 1024 6 6 0.6
791 3 10 1024 10 10 1.0
792 2 6 1024 6 6 0.6
793 6 5 1024 5 5 0.5
793 3 9 1024 9 9 0.9
793 5 7 1024 7 7 0.7
794 6 2 1024 2 2 0.2
794 4 4 1024 4 4 0.4
795 3 5 1024 5 5 0.5
796 2 9 1024 9 9 0.9
796 6 7 1024 7 7 0.7
796 8 1 1024 1 1 0.1
796 4 8 1024 8 8 0.8
797 3 6 1024 6 6 0.6
797 5 3 1024 3 3 0.3
798 3 8 1024 8 8 0.8
799 7 2 1024 2 2 0.2
799 3 6 1024 6 6 0.6
800 5 6 1024 6 6 0.6
800 3 9 1024 9 9 0.9
801 6 2 1024 2 2 0.2
801 2 3 1024 3 3 0.3
802 4 2 1024 2 2 0.2
802 6 0 1024 0 0 0.0
803 5 4 1024 4 4 0.4
803 4 6 1024 6 6 0.6
804 3 10 1024 10 10 1.0
804 6 4 1024 4 4 0.4
804 4 6 1024 6 6 0.6
805 4 8 1024 8 8 0.8
805 5 6 1024 6 6 0.6
805 7 3 1024 3 3 0.3
806 3 9 1024 9 9 0.9
806 5 2 1024 2 2 0.2
806 4 6 1024 6 6 0.6
807 3 9 1024 9 9 0.9
807 4 6 1024 6 6 0.6
808 6 4 1024 4 4 0.4
808 2 7 1024 7 7 0.7
809 3 7 1024 7 7 0.7
809 5 2 1024 2 2 0.2
810 2 9 1024 9 9 0.9
810 3 8 1024 8 8 0.8
811 2 10 1024 10 10 1.0
811 3 9 1024 9 9 0.9
811 5 3 1024 3 3 0.3
811 4 8 1024 8 8 0.8
812 8 4 1024 4 4 0.4
812 4 8 1024 8 8 0.8
813 4 9 1024 9 9 0.9
813 5 6 1024 6 6 0.6
814 3 4 1024 4 4 0.4
814 6 2 1024 2 2 0.2
815 5 7 1024 7 7 0.7
815 4 9 1024 9 9 0.9
816 4 6 1024 6 6 0.6
816 2 9 1024 9 9 0.9
816 3 8 1024 8 8 0.8
816 1 10 1024 10 10 1.0
817 5 5 1024 5 5 0.5
817 8 3 1024 3 3 0.3
817 2 6 1024 6 6 0.6
818 4 5 1024 5 5 0.5
819 3 9 1024 9 9 0.9
819 4 8 1024 8 8 0.8
819 6 5 1024 5 5 0.5
820 5 6 1024 6 6 0.6
820 6 3 1024 3 3 0.3
820 4 8 1024 8 8 0.8
821 3 7 1024 7 7 0.7
821 4 6 1024 6 6 0.6
822 0 10 1024 10 10 1.0
822 7 4 1024 4 4 0.4
822 4 6 1024 6 6 0.6
822 2 7 1024 7 7 0.7
823 6 6 1024 6 6 0.6
823 4 7 1024 7 7 0.7
823 2 8 1024 8 8 0.8
824 3 7 1024 7 7 0.7
824 6 5 1024 5 5 0.5
825 3 6 1024 6 6 0.6
825 5 3 1024 3 3 0.3
826 4 7 1024 7 7 0.7
826 3 8 1024 8 8 0.8
826 2 10 1024 10 10 1.0
827 6 7 1024 7 7 0.7
827 7 3 1024 3 3 0.3
827 5 8 1024 8 8 0.8
828 2 9 1024 9 9 0.9
828 4 6 1024 6 6 0.6
829 7 2 1024 2 2 0.2
829 8 1 1024 1 1 0.1
829 2 9 1024 9 9 0.9
829 3 7 1024 7 7 0.7
830 4 5 1024 5 5 0.5
830 2 9 1024 9 9 0.9
830 6 3 1024 3 3 0.3
831 4 8 1024 8 8 0.8
831 6 4 1024 4 4 0.4
832 7 5 1024 5 5 0.5
832 2 8 1024 8 8 0.8
832 6 7 1024 7 7 0.7
833 6 6 1024 6 6 0.6
833 3 8 1024 8 8 0.8
834 4 5 1024 5 5 0.5
834 2 10 1024 10 10 1.0
835 3 9 1024 9 9 0.9
835 7 7 1024 7 7 0.7
835 4 8 1024 8 8 0.8
835 1 10 1024 10 10 1.0
836 6 2 1024 2 2 0.2
836 4 8 1024 8 8 0.8
836 3 10 1024 10 10 1.0
836 5 7 1024 7 7 0.7
837 5 4 1024 4 4 0.4
837 3 10 1024 10 10 1.0
838 2 6 1024 6 6 0.6
839 4 2 1024 2 2 0.2
839 3 7 1024 7 7 0.7
840 4 7 1024 7 7 0.7
840 5 4 1024 4 4 0.4
840 6 0 1024 0 0 0.0
841 5 7 1024 7 7 0.7
841 4 8 1024 8 8 0.8
841 6 5 1024 5 5 0.5
841 2 9 1024 9 9 0.9
842 3 5 1024 5 5 0.5
842 7 3 1024 3 3 0.3
843 5 5 1024 5 5 0.5
843 3 9 1024 9 9 0.9
843 4 7 1024 7 7 0.7
844 3 9 1024 9 9 0.9
844 4 5 1024 5 5 0.5
845 4 5 1024 5 5 0.5
846 3 4 1024 4 4 0.4
846 8 3 1024 3 3 0.3
847 3 5 1024 5 5 0.5
847 2 8 1024 8 8 0.8
848 2 6 1024 6 6 0.6
849 4 6 1024 6 6 0.6
849 3 8 1024 8 8 0.8
850 1 10 1024 10 10 1.0
850 3 5 1024 5 5 0.5
851 2 10 1024 10 10 1.0
851 4 9 1024 9 9 0.9
851 5 7 1024 7 7 0.7
851 6 6 1024 6 6 0.6
851 7 0 1024 0 0 0.0
852 5 2 1024 2 2 0.2
852 4 7 1024 7 7 0.7
852 3 10 1024 10 10 1.0
853 5 5 1024 5 5 0.5
853 4 9 1024 9 9 0.9
853 2 10 1024 10 10 1.0
853 6 3 1024 3 3 0.3
854 4 6 1024 6 6 0.6
854 3 8 1024 8 8 0.8
855 2 9 1024 9 9 0.9
855 5 5 1024 5 5 0.5
855 3 8 1024 8 8 0.8
855 4 6 1024 6 6 0.6
856 4 7 1024 7 7 0.7
856 7 5 1024 5 5 0.5
856 5 6 1024 6 6 0.6
857 2 9 1024 9 9 0.9
857 4 7 1024 7 7 0.7
857 5 4 1024 4 4 0.4
858 2 8 1024 8 8 0.8
858 4 7 1024 7 7 0.7
858 5 6 1024 6 6 0.6
859 5 8 1024 8 8 0.8
859 6 5 1024 5 5 0.5
860 6 6 1024 6 6 0.6
860 3 9 1024 9 9 0.9
860 4 8 1024 8 8 0.8
861 4 6 1024 6 6 0.6
861 5 5 1024 5 5 0.5
861 6 2 1024 2 2 0.2
861 3 9 1024 9 9 0.9
862 5 4 1024 4 4 0.4
862 8 1 1024 1 1 0.1
862 4 7 1024 7 7 0.7
863 3 9 1024 9 9 0.9
863 4 5 1024 5 5 0.5
864 3 8 1024 8 8 0.8
864 4 4 1024 4 4 0.4
865 3 3 1024 3 3 0.3
866 6 3 1024 3 3 0.3
866 1 10 1024 10 10 1.0
866 5 6 1024 6 6 0.6
866 3 8 1024 8 8 0.8
867 5 6 1024 6 6 0.6
867 3 8 1024 8 8 0.8
867 6 5 1024 5 5 0.5
868 4 5 1024 5 5 0.5
868 3 8 1024 8 8 0.8
869 3 9 1024 9 9 0.9
869 7 1 1024 1 1 0.1
869 4 6 1024 6 6 0.6
870 8 5 1024 5 5 0.5
870 7 6 1024 6 6 0.6
870 2 7 1024 7 7 0.7
871 2 9 1024 9 9 0.9
871 5 5 1024 5 5 0.5
872 2 8 1024 8 8 0.8
872 3 7 1024 7 7 0.7
872 6 5 1024 5 5 0.5
873 3 8 1024 8 8 0.8
873 5 4 1024 4 4 0.4
874 6 3 1024 3 3 0.3
874 3 6 1024 6 6 0.6
875 4 8 1024 8 8 0.8
875 7 4 1024 4 4 0.4
875 6 5 1024 5 5 0.5
876 3 10 1024 10 10 1.0
876 4 6 1024 6 6 0.6
877 4 7 1024 7 7 0.7
878 3 9 1024 9 9 0.9
878 5 5 1024 5 5 0.5
879 4 6 1024 6 6 0.6
879 3 9 1024 9 9 0.9
880 2 6 1024 6 6 0.6
880 5 4 1024 4 4 0.4
881 3 3 1024 3 3 0.3
882 3 9 1024 9 9 0.9
882 4 7 1024 7 7 0.7
882 6 4 1024 4 4 0.4
883 3 3 1024 3 3 0.3
884 5 3 1024 3 3 0.3
884 4 7 1024 7 7 0.7
885 3 10 1024 10 10 1.0
885 5 7 1024 7 7 0.7
885 7 6 1024 6 6 0.6
886 4 6 1024 6 6 0.6
887 7 5 1024 5 5 0.5
887 3 7 1024 7 7 0.7
888 2 9 1024 9 9 0.9
888 4 6 1024 6 6 0.6
889 3 5 1024 5 5 0.5
890 3 8 1024 8 8 0.8
890 5 6 1024 6 6 0.6
890 4 7 1024 7 7 0.7
891 5 5 1024 5 5 0.5
891 4 6 1024 6 6 0.6
891 8 3 1024 3 3 0.3
892 7 6 1024 6 6 0.6
892 5 7 1024 7 7 0.7
892 3 9 1024 9 9 0.9
893 4 8 1024 8 8 0.8
893 7 2 1024 2 2 0.2
893 5 7 1024 7 7 0.7
894 2 9 1024 9 9 0.9
894 7 3 1024 3 3 0.3
894 3 7 1024 7 7 0.7
894 6 6 1024 6 6 0.6
895 5 6 1024 6 6 0.6
895 4 8 1024 8 8 0.8
896 3 9 1024 9 9 0.9
896 4 8 1024 8 8 0.8
896 5 3 1024 3 3 0.3
897 3 8 1024 8 8 0.8
897 5 5 1024 5 5 0.5
897 2 10 1024 10 10 1.0
898 2 10 1024 10 10 1.0
898 3 4 1024 4 4 0.4
899 6 4 1024 4 4 0.4
899 3 6 1024 6 6 0.6
899 2 10 1024 10 10 1.0
899 5 5 1024 5 5 0.5
900 3 10 1024 10 10 1.0
900 5 0 1024 0 0 0.0
901 8 4 1024 4 4 0.4
901 5 5 1024 5 5 0.5
901 3 8 1024 8 8 0.8
901 2 10 1024 10 10 1.0
902 6 7 1024 7 7 0.7
902 1 10 1024 10 10 1.0
902 3 8 1024 8 8 0.8
902 7 5 1024 5 5 0.5
903 5 3 1024 3 3 0.3
903 3 6 1024 6 6 0.6
903 1 8 1024 8 8 0.8
904 2 6 1024 6 6 0.6
905 2 10 1024 10 10 1.0
905 5 6 1024 6 6 0.6
905 3 8 1024 8 8 0.8
905 9 2 1024 2 2 0.2
906 1 9 1024 9 9 0.9
906 5 4 1024 4 4 0.4
906 4 8 1024 8 8 0.8
907 4 7 1024 7 7 0.7
907 3 9 1024 9 9 0.9
907 5 4 1024 4 4 0.4
908 8 4 1024 4 4 0.4
908 2 5 1024 5 5 0.5
909 5 5 1024 5 5 0.5
909 4 8 1024 8 8 0.8
910 2 4 1024 4 4 0.4
910 6 3 1024 3 3 0.3
911 3 8 1024 8 8 0.8
911 4 6 1024 6 6 0.6
911 5 5 1024 5 5 0.5
911 1 10 1024 10 10 1.0
912 3 7 1024 7 7 0.7
912 5 3 1024 3 3 0.3
913 2 8 1024 8 8 0.8
913 6 5 1024 5 5 0.5
914 2 10 1024 10 10 1.0
914 4 6 1024 6 6 0.6
914 6 5 1024 5 5 0.5
915 4 4 1024 4 4 0.4
915 2 7 1024 7 7 0.7
916 5 3 1024 3 3 0.3
916 3 10 1024 10 10 1.0
916 4 9 1024 9 9 0.9
916 8 1 1024 1 1 0.1
917 4 7 1024 7 7 0.7
917 5 3 1024 3 3 0.3
918 3 2 1024 2 2 0.2
919 2 10 1024 10 10 1.0
919 4 5 1024 5 5 0.5
919 7 3 1024 3 3 0.3
920 4 7 1024 7 7 0.7
920 2 9 1024 9 9 0.9
920 3 8 1024 8 8 0.8
921 4 7 1024 7 7 0.7
921 5 0 1024 0 0 0.0
922 5 4 1024 4 4 0.4
922 3 6 1024 6 6 0.6
922 4 5 1024 5 5 0.5
923 7 4 1024 4 4 0.4
923 4 6 1024 6 6 0.6
923 6 5 1024 5 5 0.5
924 5 5 1024 5 5 0.5
924 4 7 1024 7 7 0.7
924 8 2 1024 2 2 0.2
925 2 9 1024 9 9 0.9
925 4 8 1024 8 8 0.8
925 7 5 1024 5 5 0.5
925 0 10 1024 10 10 1.0
926 2 9 1024 9 9 0.9
926 6 5 1024 5 5 0.5
926 4 8 1024 8 8 0.8
927 9 4 1024 4 4 0.4
927 3 8 1024 8 8 0.8
927 7 5 1024 5 5 0.5
927 5 6 1024 6 6 0.6
928 2 9 1024 9 9 0.9
928 1 10 1024 10 10 1.0
928 3 8 1024 8 8 0.8
928 7 4 1024 4 4 0.4
928 6 6 1024 6 6 0.6
929 8 3 1024 3 3 0.3
929 6 6 1024 6 6 0.6
929 4 8 1024 8 8 0.8
929 2 9 1024 9 9 0.9
930 3 5 1024 5 5 0.5
931 3 8 1024 8 8 0.8
931 5 5 1024 5 5 0.5
932 5 4 1024 4 4 0.4
932 3 9 1024 9 9 0.9
932 4 8 1024 8 8 0.8
933 7 5 1024 5 5 0.5
933 4 9 1024 9 9 0.9
933 5 6 1024 6 6 0.6
934 3 9 1024 9 9 0.9
934 4 8 1024 8 8 0.8
934 6 6 1024 6 6 0.6
934 5 7 1024 7 7 0.7
935 4 5 1024 5 5 0.5
935 1 10 1024 10 10 1.0
935 3 9 1024 9 9 0.9
936 3 6 1024 6 6 0.6
936 5 0 1024 0 0 0.0
936 2 9 1024 9 9 0.9
937 3 6 1024 6 6 0.6
937 6 3 1024 3 3 0.3
938 2 8 1024 8 8 0.8
938 4 0 1024 0 0 0.0
939 5 3 1024 3 3 0.3
939 4 5 1024 5 5 0.5
939 2 9 1024 9 9 0.9
939 3 8 1024 8 8 0.8
940 4 7 1024 7 7 0.7
940 6 6 1024 6 6 0.6
941 4 6 1024 6 6 0.6
941 6 5 1024 5 5 0.5
941 2 9 1024 9 9 0.9
942 4 6 1024 6 6 0.6
942 2 10 1024 10 10 1.0
942 5 0 1024 0 0 0.0
943 5 7 1024 7 7 0.7
943 3 10 1024 10 10 1.0
943 7 5 1024 5 5 0.5
944 5 5 1024 5 5 0.5
944 3 8 1024 8 8 0.8
944 1 10 1024 10 10 1.0
945 6 5 1024 5 5 0.5
945 3 8 1024 8 8 0.8
946 4 8 1024 8 8 0.8
946 3 9 1024 9 9 0.9
946 5 4 1024 4 4 0.4
947 6 4 1024 4 4 0.4
947 4 5 1024 5 5 0.5
947 3 6 1024 6 6 0.6
948 8 5 1024 5 5 0.5
948 2 10 1024 10 10 1.0
948 3 9 1024 9 9 0.9
948 4 7 1024 7 7 0.7
949 3 7 1024 7 7 0.7
949 5 6 1024 6 6 0.6
950 6 1 1024 1 1 0.1
950 4 7 1024 7 7 0.7
950 3 8 1024 8 8 0.8
951 3 4 1024 4 4 0.4
952 2 7 1024 7 7 0.7
952 4 4 1024 4 4 0.4
953 3 9 1024 9 9 0.9
953 6 5 1024 5 5 0.5
953 4 8 1024 8 8 0.8
953 5 7 1024 7 7 0.7
954 6 3 1024 3 3 0.3
954 2 8 1024 8 8 0.8
954 4 7 1024 7 7 0.7
955 6 5 1024 5 5 0.5
955 9 2 1024 2 2 0.2
955 8 4 1024 4 4 0.4
955 3 9 1024 9 9 0.9
956 4 7 1024 7 7 0.7
956 5 5 1024 5 5 0.5
957 4 7 1024 7 7 0.7
957 3 10 1024 10 10 1.0
958 3 10 1024 10 10 1.0
958 4 3 1024 3 3 0.3
959 4 3 1024 3 3 0.3
959 3 6 1024 6 6 0.6
960 2 9 1024 9 9 0.9
960 3 8 1024 8 8 0.8
960 4 4 1024 4 4 0.4
961 2 9 1024 9 9 0.9
961 4 6 1024 6 6 0.6
961 6 3 1024 3 3 0.3
962 5 6 1024 6 6 0.6
962 2 10 1024 10 10 1.0
962 4 7 1024 7 7 0.7
963 5 4 1024 4 4 0.4
963 4 6 1024 6 6 0.6
963 3 7 1024 7 7 0.7
963 2 9 1024 9 9 0.9
964 4 9 1024 9 9 0.9
964 5 5 1024 5 5 0.5
965 7 5 1024 5 5 0.5
965 5 7 1024 7 7 0.7
965 6 6 1024 6 6 0.6
965 3 10 1024 10 10 1.0
966 5 4 1024 4 4 0.4
966 1 5 1024 5 5 0.5
967 3 7 1024 7 7 0.7
967 8 3 1024 3 3 0.3
967 6 6 1024 6 6 0.6
968 4 8 1024 8 8 0.8
968 1 9 1024 9 9 0.9
969 3 8 1024 8 8 0.8
969 7 4 1024 4 4 0.4
969 4 7 1024 7 7 0.7
970 3 10 1024 10 10 1.0
970 7 6 1024 6 6 0.6
970 5 7 1024 7 7 0.7
971 3 10 1024 10 10 1.0
971 4 8 1024 8 8 0.8
971 5 7 1024 7 7 0.7
972 7 2 1024 2 2 0.2
972 2 9 1024 9 9 0.9
972 3 8 1024 8 8 0.8
972 6 6 1024 6 6 0.6
973 2 10 1024 10 10 1.0
973 6 6 1024 6 6 0.6
973 3 9 1024 9 9 0.9
973 7 2 1024 2 2 0.2
973 5 8 1024 8 8 0.8
974 2 0 1024 0 0 0.0
975 2 9 1024 9 9 0.9
975 3 8 1024 8 8 0.8
975 4 7 1024 7 7 0.7
976 5 4 1024 4 4 0.4
977 8 6 1024 6 6 0.6
977 4 8 1024 8 8 0.8
977 5 7 1024 7 7 0.7
977 2 9 1024 9 9 0.9
978 2 7 1024 7 7 0.7
978 6 3 1024 3 3 0.3
979 3 8 1024 8 8 0.8
979 4 5 1024 5 5 0.5
980 4 8 1024 8 8 0.8
980 3 10 1024 10 10 1.0
980 5 6 1024 6 6 0.6
981 2 6 1024 6 6 0.6
982 1 10 1024 10 10 1.0
982 2 7 1024 7 7 0.7
982 6 6 1024 6 6 0.6
982 7 5 1024 5 5 0.5
983 5 3 1024 3 3 0.3
983 3 6 1024 6 6 0.6
983 2 8 1024 8 8 0.8
984 5 4 1024 4 4 0.4
984 4 8 1024 8 8 0.8
984 6 2 1024 2 2 0.2
985 5 3 1024 3 3 0.3
985 3 7 1024 7 7 0.7
985 2 10 1024 10 10 1.0
986 4 7 1024 7 7 0.7
986 3 8 1024 8 8 0.8
986 2 9 1024 9 9 0.9
987 3 10 1024 10 10 1.0
987 4 8 1024 8 8 0.8
987 6 6 1024 6 6 0.6
988 2 4 1024 4 4 0.4
989 2 5 1024 5 5 0.5
990 7 4 1024 4 4 0.4
990 4 8 1024 8 8 0.8
990 6 7 1024 7 7 0.7
990 1 10 1024 10 10 1.0
991 4 5 1024 5 5 0.5
991 2 9 1024 9 9 0.9
992 3 10 1024 10 10 1.0
992 4 5 1024 5 5 0.5
993 3 5 1024 5 5 0.5
994 7 2 1024 2 2 0.2
994 3 6 1024 6 6 0.6
994 5 5 1024 5 5 0.5
995 4 5 1024 5 5 0.5
996 4 7 1024 7 7 0.7
996 5 5 1024 5 5 0.5
996 2 9 1024 9 9 0.9
997 4 7 1024 7 7 0.7
997 5 5 1024 5 5 0.5
998 5 1 1024 1 1 0.1
998 3 8 1024 8 8 0.8
999 4 6 1024 6 6 0.6
999 6 4 1024 4 4 0.4
999 2 10 1024 10 10 1.0
999 3 8 1024 8 8 0.8
1000 5 6 1024 6 6 0.6
1000 4 9 1024 9 9 0.9
1000 2 10 1024 10 10 1.0
