gen testSuiteSize notKilledMutants number_of_tests no_discount_objective no_equiv_mut_not_killed no_equiv_mut_not_killed_perc
1 3 4.9609375 40 5 5 0.5
2 6 3 86 3 3 0.3
2 3 7 93 7 7 0.7
3 7 5 100 5 5 0.5
3 3 7 103 7 7 0.7
3 4 6 115 6 6 0.6
4 3 9 139 9 9 0.9
4 7 5 157 5 5 0.5
4 4 6 161 6 6 0.6
5 3 8 183 8 8 0.8
5 4 6 186 6 6 0.6
6 4 5 219 5 5 0.5
6 3 10 235 10 10 1.0
7 3 9 260 9 9 0.9
7 7 1 278 1 1 0.1
7 4 8 286 8 8 0.8
8 5 6 309 6 6 0.6
8 3 10 314 10 10 1.0
8 4 9 319 9 9 0.9
9 8 2 328 2 2 0.2
9 5 3 354 3 3 0.3
10 4 7 361 7 7 0.7
10 7 5 382 5 5 0.5
10 3 9 383 9 9 0.9
11 2 10 389 10 10 1.0
11 4 5 407 5 5 0.5
12 2 10 421 10 10 1.0
12 4 6 426 6 6 0.6
13 7 6 442 6 6 0.6
13 5 7 449 7 7 0.7
13 2 9 458 9 9 0.9
14 5 5 466 5 5 0.5
14 8 4 471 4 4 0.4
14 3 9 474 9 9 0.9
15 3 7 501 7 7 0.7
15 1 10 501 10 10 1.0
15 8 4 506 4 4 0.4
16 2 7 519 7 7 0.7
16 4 5 527 5 5 0.5
17 1 10 539 10 10 1.0
17 3 8 541 8 8 0.8
17 6 5 552 5 5 0.5
18 8 2 562 2 2 0.2
18 4 5 563 5 5 0.5
18 7 4 573 4 4 0.4
18 1 10 581 10 10 1.0
19 2 8 581 8 8 0.8
19 6 4 581 4 4 0.4
19 3 7 594 7 7 0.7
19 7 3 596 3 3 0.3
20 3 5 614 5 5 0.5
21 3 8 624 8 8 0.8
21 4 5 628 5 5 0.5
22 5 6 633 6 6 0.6
22 2 10 643 10 10 1.0
22 7 5 652 5 5 0.5
23 4 5 661 5 5 0.5
23 3 10 664 10 10 1.0
24 5 7 672 7 7 0.7
24 6 6 675 6 6 0.6
24 3 9 675 9 9 0.9
24 8 5 683 5 5 0.5
25 6 6 688 6 6 0.6
25 4 8 691 8 8 0.8
25 2 9 693 9 9 0.9
25 8 5 697 5 5 0.5
26 5 6 711 6 6 0.6
26 6 3 715 3 3 0.3
27 3 10 731 10 10 1.0
27 4 5 737 5 5 0.5
28 5 5 740 5 5 0.5
28 4 7 742 7 7 0.7
28 1 9 745 9 9 0.9
29 6 3 747 3 3 0.3
29 2 7 749 7 7 0.7
29 5 6 752 6 6 0.6
30 2 7 762 7 7 0.7
30 4 6 767 6 6 0.6
31 3 6 773 6 6 0.6
31 6 5 777 5 5 0.5
32 6 5 786 5 5 0.5
32 3 6 789 6 6 0.6
33 6 2 798 2 2 0.2
33 3 7 800 7 7 0.7
33 5 6 800 6 6 0.6
34 2 9 811 9 9 0.9
34 4 5 814 5 5 0.5
34 7 3 816 3 3 0.3
34 3 7 819 7 7 0.7
35 3 5 820 5 5 0.5
36 2 5 832 5 5 0.5
37 4 7 834 7 7 0.7
37 5 6 836 6 6 0.6
37 7 3 838 3 3 0.3
37 1 10 842 10 10 1.0
38 3 5 845 5 5 0.5
39 4 7 850 7 7 0.7
39 6 6 851 6 6 0.6
39 3 8 852 8 8 0.8
40 1 10 858 10 10 1.0
40 4 7 861 7 7 0.7
41 3 9 865 9 9 0.9
41 6 5 869 5 5 0.5
42 4 7 873 7 7 0.7
42 5 5 873 5 5 0.5
43 4 8 874 8 8 0.8
43 2 10 875 10 10 1.0
43 5 5 878 5 5 0.5
43 3 9 878 9 9 0.9
44 4 8 882 8 8 0.8
44 5 5 882 5 5 0.5
44 6 4 886 4 4 0.4
45 6 3 893 3 3 0.3
45 4 8 893 8 8 0.8
45 5 5 897 5 5 0.5
46 2 10 898 10 10 1.0
46 4 6 900 6 6 0.6
46 3 9 900 9 9 0.9
46 7 4 900 4 4 0.4
47 4 6 905 6 6 0.6
47 3 9 905 9 9 0.9
47 5 4 906 4 4 0.4
48 7 3 910 3 3 0.3
48 5 4 911 4 4 0.4
48 3 7 911 7 7 0.7
49 6 0 917 0 0 0.0
49 4 5 918 5 5 0.5
49 3 9 918 9 9 0.9
50 3 8 928 8 8 0.8
50 5 6 930 6 6 0.6
51 3 7 933 7 7 0.7
51 7 5 934 5 5 0.5
52 4 8 938 8 8 0.8
52 2 9 939 9 9 0.9
52 6 4 941 4 4 0.4
53 4 7 946 7 7 0.7
53 3 10 946 10 10 1.0
53 6 2 947 2 2 0.2
54 4 8 947 8 8 0.8
54 3 10 949 10 10 1.0
54 5 4 950 4 4 0.4
55 4 6 950 6 6 0.6
55 9 5 953 5 5 0.5
55 3 10 953 10 10 1.0
56 4 7 956 7 7 0.7
56 7 6 957 6 6 0.6
56 2 10 957 10 10 1.0
57 5 7 958 7 7 0.7
57 6 6 960 6 6 0.6
58 7 5 963 5 5 0.5
58 2 7 963 7 7 0.7
59 5 6 964 6 6 0.6
59 1 10 967 10 10 1.0
59 4 8 967 8 8 0.8
59 7 4 967 4 4 0.4
60 5 7 968 7 7 0.7
60 7 2 969 2 2 0.2
60 3 8 969 8 8 0.8
61 2 8 969 8 8 0.8
61 7 4 969 4 4 0.4
62 5 5 972 5 5 0.5
62 4 6 972 6 6 0.6
62 1 10 972 10 10 1.0
63 2 10 974 10 10 1.0
63 7 2 975 2 2 0.2
63 3 7 975 7 7 0.7
63 5 6 975 6 6 0.6
64 6 1 976 1 1 0.1
64 3 7 976 7 7 0.7
64 2 10 976 10 10 1.0
65 3 10 978 10 10 1.0
65 6 0 978 0 0 0.0
65 4 7 978 7 7 0.7
66 3 7 978 7 7 0.7
66 5 6 979 6 6 0.6
66 6 3 981 3 3 0.3
67 1 10 982 10 10 1.0
67 4 5 982 5 5 0.5
67 3 6 983 6 6 0.6
68 2 9 983 9 9 0.9
68 4 8 983 8 8 0.8
68 5 5 983 5 5 0.5
69 3 9 983 9 9 0.9
69 5 3 983 3 3 0.3
70 7 4 987 4 4 0.4
70 2 8 987 8 8 0.8
70 6 5 987 5 5 0.5
70 5 7 987 7 7 0.7
71 2 9 989 9 9 0.9
71 5 6 989 6 6 0.6
71 6 4 990 4 4 0.4
71 4 8 990 8 8 0.8
72 6 6 990 6 6 0.6
72 3 9 991 9 9 0.9
72 4 8 992 8 8 0.8
73 3 7 992 7 7 0.7
73 4 4 992 4 4 0.4
74 4 6 992 6 6 0.6
74 2 9 992 9 9 0.9
74 7 4 994 4 4 0.4
75 2 10 995 10 10 1.0
75 4 8 996 8 8 0.8
75 5 6 996 6 6 0.6
76 5 8 996 8 8 0.8
76 3 9 996 9 9 0.9
76 6 5 996 5 5 0.5
77 4 7 996 7 7 0.7
77 2 9 996 9 9 0.9
77 5 5 996 5 5 0.5
78 5 5 996 5 5 0.5
79 3 8 996 8 8 0.8
79 5 3 999 3 3 0.3
79 2 9 1000 9 9 0.9
79 4 7 1000 7 7 0.7
80 4 8 1000 8 8 0.8
80 6 6 1002 6 6 0.6
81 3 4 1007 4 4 0.4
82 3 7 1007 7 7 0.7
83 5 7 1009 7 7 0.7
83 7 5 1010 5 5 0.5
83 2 9 1010 9 9 0.9
83 3 8 1010 8 8 0.8
84 5 3 1011 3 3 0.3
84 2 9 1011 9 9 0.9
84 4 7 1011 7 7 0.7
85 5 7 1012 7 7 0.7
85 2 8 1012 8 8 0.8
86 4 7 1012 7 7 0.7
86 5 6 1012 6 6 0.6
87 4 6 1012 6 6 0.6
87 6 3 1012 3 3 0.3
87 2 10 1012 10 10 1.0
88 7 4 1012 4 4 0.4
88 3 9 1012 9 9 0.9
88 5 5 1012 5 5 0.5
89 2 10 1012 10 10 1.0
89 3 8 1013 8 8 0.8
89 4 5 1013 5 5 0.5
90 3 3 1013 3 3 0.3
90 2 8 1014 8 8 0.8
91 5 4 1014 4 4 0.4
91 1 10 1015 10 10 1.0
91 3 7 1015 7 7 0.7
92 2 9 1015 9 9 0.9
92 6 4 1015 4 4 0.4
92 5 7 1015 7 7 0.7
93 8 6 1015 6 6 0.6
93 3 9 1015 9 9 0.9
93 4 7 1015 7 7 0.7
94 2 7 1016 7 7 0.7
94 4 5 1016 5 5 0.5
95 6 3 1017 3 3 0.3
95 4 6 1017 6 6 0.6
95 3 8 1017 8 8 0.8
96 2 4 1017 4 4 0.4
97 5 4 1017 4 4 0.4
97 2 6 1017 6 6 0.6
97 4 5 1017 5 5 0.5
98 5 3 1017 3 3 0.3
98 3 9 1017 9 9 0.9
98 4 7 1017 7 7 0.7
99 6 6 1017 6 6 0.6
99 4 8 1017 8 8 0.8
99 7 4 1017 4 4 0.4
99 2 9 1017 9 9 0.9
99 5 7 1017 7 7 0.7
100 3 8 1017 8 8 0.8
100 0 10 1017 10 10 1.0
100 6 6 1017 6 6 0.6
100 8 5 1017 5 5 0.5
101 5 5 1017 5 5 0.5
101 7 4 1017 4 4 0.4
101 4 7 1017 7 7 0.7
102 5 2 1017 2 2 0.2
102 4 7 1017 7 7 0.7
103 3 10 1017 10 10 1.0
103 5 6 1017 6 6 0.6
104 4 5 1017 5 5 0.5
104 2 10 1018 10 10 1.0
105 5 0 1019 0 0 0.0
105 3 9 1019 9 9 0.9
105 4 6 1019 6 6 0.6
106 5 4 1019 4 4 0.4
106 3 6 1019 6 6 0.6
107 1 6 1019 6 6 0.6
108 6 4 1019 4 4 0.4
108 4 9 1019 9 9 0.9
108 5 7 1019 7 7 0.7
109 2 10 1019 10 10 1.0
109 3 5 1020 5 5 0.5
110 2 10 1020 10 10 1.0
110 3 7 1020 7 7 0.7
110 4 6 1020 6 6 0.6
111 2 9 1020 9 9 0.9
111 6 6 1020 6 6 0.6
111 7 4 1020 4 4 0.4
111 4 7 1020 7 7 0.7
112 3 2 1020 2 2 0.2
113 5 4 1021 4 4 0.4
113 3 8 1021 8 8 0.8
114 5 6 1023 6 6 0.6
114 6 3 1023 3 3 0.3
114 3 9 1023 9 9 0.9
114 4 7 1023 7 7 0.7
115 5 5 1023 5 5 0.5
115 4 8 1023 8 8 0.8
116 4 7 1023 7 7 0.7
116 2 9 1023 9 9 0.9
117 2 10 1023 10 10 1.0
117 5 5 1023 5 5 0.5
117 3 9 1023 9 9 0.9
118 4 5 1023 5 5 0.5
118 3 6 1023 6 6 0.6
119 4 6 1023 6 6 0.6
119 5 4 1023 4 4 0.4
119 3 9 1023 9 9 0.9
120 8 2 1023 2 2 0.2
120 5 6 1023 6 6 0.6
120 2 7 1023 7 7 0.7
121 6 4 1023 4 4 0.4
121 7 1 1023 1 1 0.1
121 2 5 1023 5 5 0.5
122 1 10 1023 10 10 1.0
122 7 3 1023 3 3 0.3
122 3 6 1023 6 6 0.6
123 3 7 1023 7 7 0.7
123 5 5 1023 5 5 0.5
124 2 10 1023 10 10 1.0
124 3 3 1023 3 3 0.3
125 2 10 1023 10 10 1.0
125 4 6 1023 6 6 0.6
125 7 4 1023 4 4 0.4
126 2 7 1023 7 7 0.7
126 6 5 1023 5 5 0.5
127 6 3 1023 3 3 0.3
127 5 7 1023 7 7 0.7
127 3 9 1023 9 9 0.9
128 2 8 1023 8 8 0.8
128 8 3 1023 3 3 0.3
128 7 5 1023 5 5 0.5
128 6 6 1023 6 6 0.6
129 4 7 1023 7 7 0.7
129 5 0 1023 0 0 0.0
130 4 3 1023 3 3 0.3
130 3 9 1023 9 9 0.9
131 7 4 1023 4 4 0.4
131 3 9 1023 9 9 0.9
131 6 7 1023 7 7 0.7
132 7 2 1023 2 2 0.2
132 3 7 1023 7 7 0.7
132 5 4 1023 4 4 0.4
132 4 6 1023 6 6 0.6
133 2 8 1023 8 8 0.8
133 5 5 1023 5 5 0.5
134 2 7 1023 7 7 0.7
134 4 6 1023 6 6 0.6
135 3 6 1023 6 6 0.6
136 4 5 1023 5 5 0.5
136 3 9 1023 9 9 0.9
137 3 8 1023 8 8 0.8
137 5 3 1023 3 3 0.3
138 2 8 1023 8 8 0.8
138 3 6 1023 6 6 0.6
138 6 5 1023 5 5 0.5
139 2 8 1023 8 8 0.8
139 5 3 1023 3 3 0.3
139 4 5 1023 5 5 0.5
140 5 0 1023 0 0 0.0
140 4 8 1023 8 8 0.8
141 3 9 1023 9 9 0.9
141 9 5 1023 5 5 0.5
141 5 7 1024 7 7 0.7
142 3 5 1024 5 5 0.5
142 5 2 1024 2 2 0.2
143 3 6 1024 6 6 0.6
144 4 5 1024 5 5 0.5
144 3 7 1024 7 7 0.7
145 8 6 1024 6 6 0.6
145 3 7 1024 7 7 0.7
146 2 8 1024 8 8 0.8
146 6 7 1024 7 7 0.7
146 7 6 1024 6 6 0.6
147 5 8 1024 8 8 0.8
147 6 3 1024 3 3 0.3
147 3 9 1024 9 9 0.9
147 2 10 1024 10 10 1.0
148 5 2 1024 2 2 0.2
148 3 7 1024 7 7 0.7
149 4 1 1024 1 1 0.1
149 2 9 1024 9 9 0.9
149 3 7 1024 7 7 0.7
150 3 8 1024 8 8 0.8
150 5 6 1024 6 6 0.6
150 8 4 1024 4 4 0.4
151 6 4 1024 4 4 0.4
151 4 5 1024 5 5 0.5
152 5 10 1024 10 10 1.0
152 6 6 1024 6 6 0.6
152 7 4 1024 4 4 0.4
153 6 0 1024 0 0 0.0
153 1 8 1024 8 8 0.8
154 5 6 1024 6 6 0.6
154 6 2 1024 2 2 0.2
154 3 8 1024 8 8 0.8
155 2 9 1024 9 9 0.9
155 6 5 1024 5 5 0.5
155 4 7 1024 7 7 0.7
155 5 6 1024 6 6 0.6
156 3 10 1024 10 10 1.0
156 4 5 1024 5 5 0.5
157 5 2 1024 2 2 0.2
157 4 7 1024 7 7 0.7
158 3 8 1024 8 8 0.8
158 5 6 1024 6 6 0.6
158 7 4 1024 4 4 0.4
159 3 8 1024 8 8 0.8
159 4 5 1024 5 5 0.5
160 5 6 1024 6 6 0.6
160 3 7 1024 7 7 0.7
160 2 10 1024 10 10 1.0
161 3 6 1024 6 6 0.6
161 5 3 1024 3 3 0.3
162 2 6 1024 6 6 0.6
163 4 6 1024 6 6 0.6
163 3 9 1024 9 9 0.9
163 6 5 1024 5 5 0.5
164 6 2 1024 2 2 0.2
164 2 9 1024 9 9 0.9
164 4 7 1024 7 7 0.7
165 1 6 1024 6 6 0.6
165 7 5 1024 5 5 0.5
166 6 5 1024 5 5 0.5
166 3 8 1024 8 8 0.8
167 2 10 1024 10 10 1.0
167 5 4 1024 4 4 0.4
167 3 6 1024 6 6 0.6
168 5 5 1024 5 5 0.5
168 3 8 1024 8 8 0.8
169 3 6 1024 6 6 0.6
170 5 4 1024 4 4 0.4
170 4 6 1024 6 6 0.6
170 3 10 1024 10 10 1.0
171 3 7 1024 7 7 0.7
171 2 9 1024 9 9 0.9
171 10 5 1024 5 5 0.5
172 3 8 1024 8 8 0.8
172 4 1 1024 1 1 0.1
173 5 6 1024 6 6 0.6
173 7 5 1024 5 5 0.5
173 2 8 1024 8 8 0.8
174 4 5 1024 5 5 0.5
174 3 8 1024 8 8 0.8
175 4 9 1024 9 9 0.9
175 5 5 1024 5 5 0.5
176 4 7 1024 7 7 0.7
176 3 8 1024 8 8 0.8
176 1 10 1024 10 10 1.0
176 5 4 1024 4 4 0.4
177 3 8 1024 8 8 0.8
177 4 5 1024 5 5 0.5
178 4 5 1024 5 5 0.5
178 2 6 1024 6 6 0.6
179 3 9 1024 9 9 0.9
179 6 5 1024 5 5 0.5
179 4 8 1024 8 8 0.8
180 5 6 1024 6 6 0.6
180 7 4 1024 4 4 0.4
180 3 8 1024 8 8 0.8
181 5 7 1024 7 7 0.7
181 6 0 1024 0 0 0.0
181 3 8 1024 8 8 0.8
182 3 10 1024 10 10 1.0
182 4 5 1024 5 5 0.5
183 4 5 1024 5 5 0.5
183 6 3 1024 3 3 0.3
183 1 10 1024 10 10 1.0
184 6 4 1024 4 4 0.4
184 3 5 1024 5 5 0.5
185 3 7 1024 7 7 0.7
185 2 9 1024 9 9 0.9
185 5 5 1024 5 5 0.5
186 4 3 1024 3 3 0.3
186 3 9 1024 9 9 0.9
187 5 4 1024 4 4 0.4
187 3 8 1024 8 8 0.8
188 5 5 1024 5 5 0.5
188 3 10 1024 10 10 1.0
188 8 4 1024 4 4 0.4
189 6 4 1024 4 4 0.4
189 5 5 1024 5 5 0.5
189 3 9 1024 9 9 0.9
190 1 10 1024 10 10 1.0
190 2 9 1024 9 9 0.9
190 5 4 1024 4 4 0.4
190 3 8 1024 8 8 0.8
190 4 7 1024 7 7 0.7
191 3 10 1024 10 10 1.0
191 7 5 1024 5 5 0.5
191 5 6 1024 6 6 0.6
192 3 4 1024 4 4 0.4
192 2 8 1024 8 8 0.8
193 4 7 1024 7 7 0.7
193 5 5 1024 5 5 0.5
193 2 10 1024 10 10 1.0
194 5 5 1024 5 5 0.5
194 6 4 1024 4 4 0.4
194 1 10 1024 10 10 1.0
194 4 6 1024 6 6 0.6
195 5 3 1024 3 3 0.3
195 3 9 1024 9 9 0.9
195 4 8 1024 8 8 0.8
196 4 6 1024 6 6 0.6
196 7 2 1024 2 2 0.2
197 2 10 1024 10 10 1.0
197 3 6 1024 6 6 0.6
198 2 10 1024 10 10 1.0
198 4 9 1024 9 9 0.9
198 5 2 1024 2 2 0.2
199 2 10 1024 10 10 1.0
199 3 6 1024 6 6 0.6
200 3 5 1024 5 5 0.5
201 3 9 1024 9 9 0.9
201 4 6 1024 6 6 0.6
201 1 10 1024 10 10 1.0
202 7 6 1024 6 6 0.6
202 4 8 1024 8 8 0.8
202 2 10 1024 10 10 1.0
202 6 7 1024 7 7 0.7
203 6 0 1024 0 0 0.0
203 4 5 1024 5 5 0.5
203 1 10 1024 10 10 1.0
203 5 4 1024 4 4 0.4
204 4 9 1024 9 9 0.9
204 5 5 1024 5 5 0.5
205 5 6 1024 6 6 0.6
205 3 10 1024 10 10 1.0
206 5 5 1024 5 5 0.5
206 3 7 1024 7 7 0.7
207 2 9 1024 9 9 0.9
207 4 7 1024 7 7 0.7
207 5 4 1024 4 4 0.4
208 7 5 1024 5 5 0.5
208 2 8 1024 8 8 0.8
208 5 6 1024 6 6 0.6
209 7 7 1024 7 7 0.7
209 1 10 1024 10 10 1.0
209 5 8 1024 8 8 0.8
209 3 9 1024 9 9 0.9
210 3 7 1024 7 7 0.7
210 6 6 1024 6 6 0.6
211 3 10 1024 10 10 1.0
211 5 6 1024 6 6 0.6
211 4 8 1024 8 8 0.8
212 5 5 1024 5 5 0.5
212 6 4 1024 4 4 0.4
212 4 7 1024 7 7 0.7
212 1 10 1024 10 10 1.0
212 7 0 1024 0 0 0.0
213 5 5 1024 5 5 0.5
213 3 7 1024 7 7 0.7
213 7 4 1024 4 4 0.4
214 7 7 1024 7 7 0.7
214 2 8 1024 8 8 0.8
215 3 3 1024 3 3 0.3
216 4 8 1024 8 8 0.8
216 5 3 1024 3 3 0.3
216 3 10 1024 10 10 1.0
217 3 10 1024 10 10 1.0
217 4 5 1024 5 5 0.5
217 7 3 1024 3 3 0.3
218 1 10 1024 10 10 1.0
218 4 3 1024 3 3 0.3
218 3 8 1024 8 8 0.8
219 5 0 1024 0 0 0.0
219 4 9 1024 9 9 0.9
220 3 5 1024 5 5 0.5
220 2 7 1024 7 7 0.7
221 1 10 1024 10 10 1.0
221 4 5 1024 5 5 0.5
222 3 8 1024 8 8 0.8
222 7 3 1024 3 3 0.3
222 4 5 1024 5 5 0.5
222 0 10 1024 10 10 1.0
222 5 4 1024 4 4 0.4
223 1 8 1024 8 8 0.8
223 4 6 1024 6 6 0.6
223 3 7 1024 7 7 0.7
224 5 1 1024 1 1 0.1
224 4 5 1024 5 5 0.5
225 3 4 1024 4 4 0.4
226 6 6 1024 6 6 0.6
226 5 7 1024 7 7 0.7
226 7 4 1024 4 4 0.4
226 8 0 1024 0 0 0.0
226 2 10 1024 10 10 1.0
227 6 3 1024 3 3 0.3
227 5 7 1024 7 7 0.7
227 2 10 1024 10 10 1.0
228 4 4 1024 4 4 0.4
229 3 7 1024 7 7 0.7
229 6 6 1024 6 6 0.6
230 4 8 1024 8 8 0.8
230 5 7 1024 7 7 0.7
230 1 10 1024 10 10 1.0
231 3 8 1024 8 8 0.8
231 4 5 1024 5 5 0.5
232 2 8 1024 8 8 0.8
232 5 7 1024 7 7 0.7
232 9 4 1024 4 4 0.4
233 2 7 1024 7 7 0.7
233 4 6 1024 6 6 0.6
234 2 10 1024 10 10 1.0
234 4 5 1024 5 5 0.5
235 5 8 1024 8 8 0.8
235 6 2 1024 2 2 0.2
235 3 9 1024 9 9 0.9
236 7 5 1024 5 5 0.5
236 1 10 1024 10 10 1.0
236 3 8 1024 8 8 0.8
236 6 7 1024 7 7 0.7
237 3 8 1024 8 8 0.8
237 6 6 1024 6 6 0.6
238 4 8 1024 8 8 0.8
238 1 10 1024 10 10 1.0
238 5 4 1024 4 4 0.4
239 5 7 1024 7 7 0.7
239 6 3 1024 3 3 0.3
240 3 8 1024 8 8 0.8
240 7 4 1024 4 4 0.4
241 4 7 1024 7 7 0.7
241 5 6 1024 6 6 0.6
241 3 9 1024 9 9 0.9
242 2 10 1024 10 10 1.0
242 5 7 1024 7 7 0.7
242 6 5 1024 5 5 0.5
243 2 6 1024 6 6 0.6
243 5 5 1024 5 5 0.5
244 5 8 1024 8 8 0.8
244 6 5 1024 5 5 0.5
244 2 9 1024 9 9 0.9
245 2 7 1024 7 7 0.7
245 6 5 1024 5 5 0.5
246 5 5 1024 5 5 0.5
246 3 8 1024 8 8 0.8
247 3 3 1024 3 3 0.3
247 6 2 1024 2 2 0.2
248 6 6 1024 6 6 0.6
248 5 8 1024 8 8 0.8
248 4 9 1024 9 9 0.9
249 6 5 1024 5 5 0.5
249 8 2 1024 2 2 0.2
249 3 9 1024 9 9 0.9
250 3 8 1024 8 8 0.8
250 5 5 1024 5 5 0.5
251 3 5 1024 5 5 0.5
251 2 9 1024 9 9 0.9
251 7 0 1024 0 0 0.0
252 6 7 1024 7 7 0.7
252 3 8 1024 8 8 0.8
253 3 9 1024 9 9 0.9
253 4 5 1024 5 5 0.5
254 7 4 1024 4 4 0.4
254 4 8 1024 8 8 0.8
254 5 7 1024 7 7 0.7
254 2 9 1024 9 9 0.9
255 2 7 1024 7 7 0.7
255 4 6 1024 6 6 0.6
255 5 0 1024 0 0 0.0
256 4 4 1024 4 4 0.4
256 2 10 1024 10 10 1.0
257 5 5 1024 5 5 0.5
257 4 8 1024 8 8 0.8
257 3 10 1024 10 10 1.0
258 4 5 1024 5 5 0.5
258 2 10 1024 10 10 1.0
258 9 4 1024 4 4 0.4
259 4 4 1024 4 4 0.4
259 1 10 1024 10 10 1.0
260 5 2 1024 2 2 0.2
260 3 9 1024 9 9 0.9
260 4 8 1024 8 8 0.8
261 6 6 1024 6 6 0.6
261 4 7 1024 7 7 0.7
261 3 8 1024 8 8 0.8
262 6 3 1024 3 3 0.3
262 3 8 1024 8 8 0.8
262 5 6 1024 6 6 0.6
263 2 9 1024 9 9 0.9
263 5 4 1024 4 4 0.4
263 4 8 1024 8 8 0.8
264 6 4 1024 4 4 0.4
264 4 9 1024 9 9 0.9
264 5 7 1024 7 7 0.7
264 3 10 1024 10 10 1.0
265 6 3 1024 3 3 0.3
265 5 6 1024 6 6 0.6
265 4 8 1024 8 8 0.8
266 1 8 1024 8 8 0.8
266 5 6 1024 6 6 0.6
267 6 3 1024 3 3 0.3
267 5 6 1024 6 6 0.6
267 4 8 1024 8 8 0.8
268 6 7 1024 7 7 0.7
268 3 8 1024 8 8 0.8
268 8 3 1024 3 3 0.3
269 3 10 1024 10 10 1.0
269 4 3 1024 3 3 0.3
270 2 9 1024 9 9 0.9
270 5 5 1024 5 5 0.5
270 4 6 1024 6 6 0.6
271 5 0 1024 0 0 0.0
271 3 8 1024 8 8 0.8
271 4 5 1024 5 5 0.5
272 3 7 1024 7 7 0.7
272 8 5 1024 5 5 0.5
272 1 10 1024 10 10 1.0
272 5 6 1024 6 6 0.6
273 2 3 1024 3 3 0.3
274 3 6 1024 6 6 0.6
275 2 5 1024 5 5 0.5
275 7 2 1024 2 2 0.2
276 4 6 1024 6 6 0.6
276 5 5 1024 5 5 0.5
276 2 9 1024 9 9 0.9
277 3 9 1024 9 9 0.9
277 4 5 1024 5 5 0.5
278 2 7 1024 7 7 0.7
279 3 5 1024 5 5 0.5
280 4 9 1024 9 9 0.9
280 5 4 1024 4 4 0.4
281 6 4 1024 4 4 0.4
281 3 7 1024 7 7 0.7
282 8 7 1024 7 7 0.7
282 2 8 1024 8 8 0.8
283 4 3 1024 3 3 0.3
283 3 6 1024 6 6 0.6
284 6 4 1024 4 4 0.4
284 2 7 1024 7 7 0.7
285 2 9 1024 9 9 0.9
285 9 7 1024 7 7 0.7
285 3 8 1024 8 8 0.8
286 5 6 1024 6 6 0.6
286 3 8 1024 8 8 0.8
287 4 7 1024 7 7 0.7
287 3 9 1024 9 9 0.9
287 5 6 1024 6 6 0.6
287 6 5 1024 5 5 0.5
288 5 5 1024 5 5 0.5
288 2 7 1024 7 7 0.7
288 7 0 1024 0 0 0.0
289 5 7 1024 7 7 0.7
289 2 10 1024 10 10 1.0
289 7 5 1024 5 5 0.5
289 3 8 1024 8 8 0.8
290 3 8 1024 8 8 0.8
290 4 5 1024 5 5 0.5
291 4 5 1024 5 5 0.5
291 2 10 1024 10 10 1.0
292 4 7 1024 7 7 0.7
292 3 9 1024 9 9 0.9
292 6 6 1024 6 6 0.6
293 7 2 1024 2 2 0.2
293 4 6 1024 6 6 0.6
294 4 5 1024 5 5 0.5
295 5 7 1024 7 7 0.7
295 8 5 1024 5 5 0.5
295 4 9 1024 9 9 0.9
296 2 9 1024 9 9 0.9
296 6 5 1024 5 5 0.5
296 4 6 1024 6 6 0.6
296 1 10 1024 10 10 1.0
297 7 5 1024 5 5 0.5
297 5 8 1024 8 8 0.8
297 6 6 1024 6 6 0.6
297 1 9 1024 9 9 0.9
298 2 10 1024 10 10 1.0
298 3 6 1024 6 6 0.6
299 6 3 1024 3 3 0.3
299 3 8 1024 8 8 0.8
299 4 5 1024 5 5 0.5
300 3 8 1024 8 8 0.8
300 6 6 1024 6 6 0.6
300 2 9 1024 9 9 0.9
300 7 0 1024 0 0 0.0
301 6 4 1024 4 4 0.4
301 4 5 1024 5 5 0.5
302 4 6 1024 6 6 0.6
302 2 8 1024 8 8 0.8
302 7 5 1024 5 5 0.5
302 8 0 1024 0 0 0.0
303 3 8 1024 8 8 0.8
303 4 7 1024 7 7 0.7
303 6 3 1024 3 3 0.3
304 3 8 1024 8 8 0.8
304 1 10 1024 10 10 1.0
304 6 2 1024 2 2 0.2
305 7 6 1024 6 6 0.6
305 3 7 1024 7 7 0.7
306 4 9 1024 9 9 0.9
306 7 5 1024 5 5 0.5
306 5 8 1024 8 8 0.8
306 6 7 1024 7 7 0.7
307 4 7 1024 7 7 0.7
307 2 8 1024 8 8 0.8
307 1 10 1024 10 10 1.0
307 7 5 1024 5 5 0.5
308 2 9 1024 9 9 0.9
308 8 2 1024 2 2 0.2
308 4 3 1024 3 3 0.3
309 4 6 1024 6 6 0.6
310 3 8 1024 8 8 0.8
310 4 0 1024 0 0 0.0
311 4 6 1024 6 6 0.6
311 3 8 1024 8 8 0.8
311 6 4 1024 4 4 0.4
312 8 5 1024 5 5 0.5
312 5 7 1024 7 7 0.7
312 2 8 1024 8 8 0.8
313 4 8 1024 8 8 0.8
313 5 6 1024 6 6 0.6
313 2 10 1024 10 10 1.0
314 4 4 1024 4 4 0.4
314 2 9 1024 9 9 0.9
315 4 8 1024 8 8 0.8
315 5 5 1024 5 5 0.5
315 3 9 1024 9 9 0.9
316 6 2 1024 2 2 0.2
316 2 6 1024 6 6 0.6
316 5 3 1024 3 3 0.3
317 3 8 1024 8 8 0.8
317 5 3 1024 3 3 0.3
318 3 10 1024 10 10 1.0
318 4 6 1024 6 6 0.6
319 5 4 1024 4 4 0.4
319 3 9 1024 9 9 0.9
320 4 7 1024 7 7 0.7
320 5 4 1024 4 4 0.4
321 6 4 1024 4 4 0.4
321 5 5 1024 5 5 0.5
322 5 3 1024 3 3 0.3
322 2 8 1024 8 8 0.8
323 4 7 1024 7 7 0.7
323 6 3 1024 3 3 0.3
324 6 4 1024 4 4 0.4
324 3 5 1024 5 5 0.5
325 3 7 1024 7 7 0.7
325 1 10 1024 10 10 1.0
325 5 4 1024 4 4 0.4
326 6 4 1024 4 4 0.4
326 4 5 1024 5 5 0.5
326 3 9 1024 9 9 0.9
327 3 9 1024 9 9 0.9
327 4 5 1024 5 5 0.5
327 9 4 1024 4 4 0.4
328 4 3 1024 3 3 0.3
328 2 8 1024 8 8 0.8
329 4 5 1024 5 5 0.5
329 3 9 1024 9 9 0.9
330 5 6 1024 6 6 0.6
330 3 8 1024 8 8 0.8
330 6 5 1024 5 5 0.5
331 5 5 1024 5 5 0.5
331 2 6 1024 6 6 0.6
332 2 9 1024 9 9 0.9
332 1 10 1024 10 10 1.0
332 5 6 1024 6 6 0.6
332 4 8 1024 8 8 0.8
333 5 5 1024 5 5 0.5
333 2 9 1024 9 9 0.9
334 5 7 1024 7 7 0.7
334 4 8 1024 8 8 0.8
334 6 5 1024 5 5 0.5
334 3 9 1024 9 9 0.9
335 4 5 1024 5 5 0.5
335 3 8 1024 8 8 0.8
336 4 3 1024 3 3 0.3
337 1 9 1024 9 9 0.9
337 5 6 1024 6 6 0.6
338 5 4 1024 4 4 0.4
338 3 6 1024 6 6 0.6
339 3 9 1024 9 9 0.9
339 6 6 1024 6 6 0.6
339 2 10 1024 10 10 1.0
339 4 7 1024 7 7 0.7
340 5 5 1024 5 5 0.5
340 3 8 1024 8 8 0.8
341 3 5 1024 5 5 0.5
341 2 8 1024 8 8 0.8
342 8 3 1024 3 3 0.3
342 4 5 1024 5 5 0.5
342 2 8 1024 8 8 0.8
343 3 7 1024 7 7 0.7
343 7 6 1024 6 6 0.6
344 3 8 1024 8 8 0.8
344 4 3 1024 3 3 0.3
345 5 4 1024 4 4 0.4
345 3 7 1024 7 7 0.7
346 4 5 1024 5 5 0.5
347 6 5 1024 5 5 0.5
347 5 6 1024 6 6 0.6
347 2 9 1024 9 9 0.9
347 3 8 1024 8 8 0.8
348 6 3 1024 3 3 0.3
348 4 4 1024 4 4 0.4
348 3 8 1024 8 8 0.8
349 4 7 1024 7 7 0.7
349 7 3 1024 3 3 0.3
349 0 10 1024 10 10 1.0
349 3 8 1024 8 8 0.8
350 4 5 1024 5 5 0.5
351 2 9 1024 9 9 0.9
351 4 8 1024 8 8 0.8
351 6 0 1024 0 0 0.0
352 3 6 1024 6 6 0.6
352 6 5 1024 5 5 0.5
353 4 8 1024 8 8 0.8
353 5 3 1024 3 3 0.3
353 2 9 1024 9 9 0.9
354 7 0 1024 0 0 0.0
354 3 4 1024 4 4 0.4
355 7 2 1024 2 2 0.2
355 3 3 1024 3 3 0.3
356 3 9 1024 9 9 0.9
356 4 5 1024 5 5 0.5
356 6 3 1024 3 3 0.3
357 4 9 1024 9 9 0.9
357 2 10 1024 10 10 1.0
357 6 5 1024 5 5 0.5
358 5 5 1024 5 5 0.5
358 4 7 1024 7 7 0.7
359 3 10 1024 10 10 1.0
359 6 3 1024 3 3 0.3
359 4 8 1024 8 8 0.8
360 7 6 1024 6 6 0.6
360 4 7 1024 7 7 0.7
360 3 9 1024 9 9 0.9
361 3 6 1024 6 6 0.6
361 5 5 1024 5 5 0.5
362 7 5 1024 5 5 0.5
362 8 4 1024 4 4 0.4
362 3 9 1024 9 9 0.9
362 5 7 1024 7 7 0.7
363 2 2 1024 2 2 0.2
363 6 0 1024 0 0 0.0
364 2 10 1024 10 10 1.0
364 5 5 1024 5 5 0.5
364 3 9 1024 9 9 0.9
365 6 6 1024 6 6 0.6
365 4 9 1024 9 9 0.9
365 5 7 1024 7 7 0.7
366 5 3 1024 3 3 0.3
366 4 5 1024 5 5 0.5
367 4 7 1024 7 7 0.7
367 2 8 1024 8 8 0.8
368 3 8 1024 8 8 0.8
368 6 6 1024 6 6 0.6
368 7 2 1024 2 2 0.2
369 5 7 1024 7 7 0.7
369 2 8 1024 8 8 0.8
369 6 3 1024 3 3 0.3
370 5 5 1024 5 5 0.5
370 2 8 1024 8 8 0.8
370 4 6 1024 6 6 0.6
371 4 8 1024 8 8 0.8
371 6 5 1024 5 5 0.5
371 3 9 1024 9 9 0.9
371 5 6 1024 6 6 0.6
371 2 10 1024 10 10 1.0
372 2 5 1024 5 5 0.5
372 8 4 1024 4 4 0.4
373 2 10 1024 10 10 1.0
373 3 6 1024 6 6 0.6
374 5 7 1024 7 7 0.7
374 6 3 1024 3 3 0.3
374 2 10 1024 10 10 1.0
375 3 5 1024 5 5 0.5
376 3 9 1024 9 9 0.9
376 6 4 1024 4 4 0.4
376 4 8 1024 8 8 0.8
377 0 10 1024 10 10 1.0
377 2 9 1024 9 9 0.9
377 5 5 1024 5 5 0.5
378 3 9 1024 9 9 0.9
378 4 3 1024 3 3 0.3
379 4 4 1024 4 4 0.4
379 3 6 1024 6 6 0.6
380 3 6 1024 6 6 0.6
380 6 5 1024 5 5 0.5
381 6 5 1024 5 5 0.5
381 4 10 1024 10 10 1.0
381 5 7 1024 7 7 0.7
382 4 6 1024 6 6 0.6
382 3 9 1024 9 9 0.9
383 1 10 1024 10 10 1.0
383 4 7 1024 7 7 0.7
384 4 3 1024 3 3 0.3
384 3 10 1024 10 10 1.0
385 2 10 1024 10 10 1.0
385 5 3 1024 3 3 0.3
385 3 9 1024 9 9 0.9
386 3 6 1024 6 6 0.6
386 7 5 1024 5 5 0.5
387 4 5 1024 5 5 0.5
387 2 9 1024 9 9 0.9
388 3 7 1024 7 7 0.7
388 5 3 1024 3 3 0.3
388 2 9 1024 9 9 0.9
389 4 9 1024 9 9 0.9
389 5 6 1024 6 6 0.6
389 6 0 1024 0 0 0.0
390 4 8 1024 8 8 0.8
390 3 9 1024 9 9 0.9
390 5 6 1024 6 6 0.6
391 5 4 1024 4 4 0.4
391 4 6 1024 6 6 0.6
392 8 3 1024 3 3 0.3
392 5 4 1024 4 4 0.4
392 3 9 1024 9 9 0.9
393 5 4 1024 4 4 0.4
393 2 9 1024 9 9 0.9
393 4 8 1024 8 8 0.8
394 3 7 1024 7 7 0.7
395 4 4 1024 4 4 0.4
395 3 8 1024 8 8 0.8
396 4 6 1024 6 6 0.6
396 6 0 1024 0 0 0.0
397 7 1 1024 1 1 0.1
397 6 3 1024 3 3 0.3
397 3 8 1024 8 8 0.8
397 4 6 1024 6 6 0.6
398 5 5 1024 5 5 0.5
398 6 4 1024 4 4 0.4
398 8 0 1024 0 0 0.0
398 3 9 1024 9 9 0.9
399 2 6 1024 6 6 0.6
399 7 3 1024 3 3 0.3
400 3 10 1024 10 10 1.0
400 6 3 1024 3 3 0.3
400 5 6 1024 6 6 0.6
401 5 7 1024 7 7 0.7
401 3 8 1024 8 8 0.8
401 2 9 1024 9 9 0.9
401 8 5 1024 5 5 0.5
402 3 9 1024 9 9 0.9
402 4 7 1024 7 7 0.7
403 3 7 1024 7 7 0.7
403 6 4 1024 4 4 0.4
403 0 10 1024 10 10 1.0
404 4 7 1024 7 7 0.7
404 6 5 1024 5 5 0.5
404 8 4 1024 4 4 0.4
405 3 3 1024 3 3 0.3
405 2 9 1024 9 9 0.9
406 4 6 1024 6 6 0.6
406 8 3 1024 3 3 0.3
406 6 5 1024 5 5 0.5
407 3 8 1024 8 8 0.8
407 4 6 1024 6 6 0.6
408 4 3 1024 3 3 0.3
409 4 8 1024 8 8 0.8
409 6 5 1024 5 5 0.5
409 3 9 1024 9 9 0.9
410 3 3 1024 3 3 0.3
411 5 3 1024 3 3 0.3
411 4 7 1024 7 7 0.7
412 2 9 1024 9 9 0.9
412 5 6 1024 6 6 0.6
412 4 7 1024 7 7 0.7
412 6 2 1024 2 2 0.2
413 4 6 1024 6 6 0.6
414 3 6 1024 6 6 0.6
414 6 1 1024 1 1 0.1
415 5 4 1024 4 4 0.4
415 4 9 1024 9 9 0.9
416 4 7 1024 7 7 0.7
416 3 9 1024 9 9 0.9
416 6 4 1024 4 4 0.4
417 7 5 1024 5 5 0.5
417 3 7 1024 7 7 0.7
417 4 6 1024 6 6 0.6
417 2 9 1024 9 9 0.9
418 3 9 1024 9 9 0.9
418 5 6 1024 6 6 0.6
418 6 3 1024 3 3 0.3
419 2 9 1024 9 9 0.9
419 3 5 1024 5 5 0.5
420 7 4 1024 4 4 0.4
420 4 9 1024 9 9 0.9
420 5 8 1024 8 8 0.8
421 3 3 1024 3 3 0.3
422 5 5 1024 5 5 0.5
422 3 8 1024 8 8 0.8
423 5 6 1024 6 6 0.6
423 4 7 1024 7 7 0.7
424 3 9 1024 9 9 0.9
424 5 5 1024 5 5 0.5
424 2 10 1024 10 10 1.0
425 2 8 1024 8 8 0.8
425 5 6 1024 6 6 0.6
426 5 5 1024 5 5 0.5
426 6 4 1024 4 4 0.4
426 4 7 1024 7 7 0.7
427 3 10 1024 10 10 1.0
427 4 4 1024 4 4 0.4
428 3 8 1024 8 8 0.8
428 5 6 1024 6 6 0.6
428 8 5 1024 5 5 0.5
429 3 10 1024 10 10 1.0
429 6 1 1024 1 1 0.1
429 4 6 1024 6 6 0.6
430 3 9 1024 9 9 0.9
430 5 7 1024 7 7 0.7
430 4 8 1024 8 8 0.8
431 5 6 1024 6 6 0.6
431 8 5 1024 5 5 0.5
431 2 10 1024 10 10 1.0
432 8 6 1024 6 6 0.6
432 3 9 1024 9 9 0.9
432 4 8 1024 8 8 0.8
433 2 7 1024 7 7 0.7
433 8 5 1024 5 5 0.5
434 4 7 1024 7 7 0.7
434 7 5 1024 5 5 0.5
435 3 8 1024 8 8 0.8
435 4 4 1024 4 4 0.4
436 3 5 1024 5 5 0.5
436 1 8 1024 8 8 0.8
437 3 7 1024 7 7 0.7
437 6 6 1024 6 6 0.6
438 1 10 1024 10 10 1.0
438 5 5 1024 5 5 0.5
438 3 7 1024 7 7 0.7
439 3 7 1024 7 7 0.7
439 8 5 1024 5 5 0.5
440 6 0 1024 0 0 0.0
440 4 9 1024 9 9 0.9
440 5 7 1024 7 7 0.7
441 5 5 1024 5 5 0.5
441 3 8 1024 8 8 0.8
442 2 9 1024 9 9 0.9
442 4 4 1024 4 4 0.4
443 3 6 1024 6 6 0.6
443 4 4 1024 4 4 0.4
443 2 8 1024 8 8 0.8
444 7 3 1024 3 3 0.3
444 3 6 1024 6 6 0.6
444 1 9 1024 9 9 0.9
445 6 8 1024 8 8 0.8
445 5 9 1024 9 9 0.9
445 7 7 1024 7 7 0.7
445 3 10 1024 10 10 1.0
446 3 9 1024 9 9 0.9
446 4 5 1024 5 5 0.5
447 2 7 1024 7 7 0.7
447 5 3 1024 3 3 0.3
447 3 5 1024 5 5 0.5
448 3 8 1024 8 8 0.8
448 5 4 1024 4 4 0.4
449 2 10 1024 10 10 1.0
449 3 9 1024 9 9 0.9
449 5 4 1024 4 4 0.4
450 5 4 1024 4 4 0.4
450 4 7 1024 7 7 0.7
450 2 9 1024 9 9 0.9
450 3 8 1024 8 8 0.8
451 7 2 1024 2 2 0.2
451 3 7 1024 7 7 0.7
451 2 10 1024 10 10 1.0
452 4 5 1024 5 5 0.5
453 3 8 1024 8 8 0.8
453 4 6 1024 6 6 0.6
453 5 5 1024 5 5 0.5
454 3 5 1024 5 5 0.5
455 2 9 1024 9 9 0.9
455 6 6 1024 6 6 0.6
455 3 8 1024 8 8 0.8
455 4 7 1024 7 7 0.7
456 5 6 1024 6 6 0.6
456 6 4 1024 4 4 0.4
456 4 8 1024 8 8 0.8
457 4 6 1024 6 6 0.6
458 7 3 1024 3 3 0.3
458 4 7 1024 7 7 0.7
458 3 10 1024 10 10 1.0
458 8 2 1024 2 2 0.2
459 5 6 1024 6 6 0.6
459 2 8 1024 8 8 0.8
459 4 7 1024 7 7 0.7
460 6 5 1024 5 5 0.5
460 4 6 1024 6 6 0.6
461 4 7 1024 7 7 0.7
461 5 4 1024 4 4 0.4
461 2 10 1024 10 10 1.0
462 4 9 1024 9 9 0.9
462 6 6 1024 6 6 0.6
462 5 8 1024 8 8 0.8
463 4 4 1024 4 4 0.4
463 3 8 1024 8 8 0.8
463 2 10 1024 10 10 1.0
464 5 4 1024 4 4 0.4
464 3 7 1024 7 7 0.7
465 4 3 1024 3 3 0.3
465 3 6 1024 6 6 0.6
466 3 8 1024 8 8 0.8
466 6 6 1024 6 6 0.6
466 5 7 1024 7 7 0.7
467 3 7 1024 7 7 0.7
467 4 5 1024 5 5 0.5
468 3 9 1024 9 9 0.9
468 4 5 1024 5 5 0.5
469 4 8 1024 8 8 0.8
469 2 10 1024 10 10 1.0
469 5 7 1024 7 7 0.7
470 5 5 1024 5 5 0.5
470 4 6 1024 6 6 0.6
471 3 10 1024 10 10 1.0
471 5 6 1024 6 6 0.6
472 3 6 1024 6 6 0.6
472 2 9 1024 9 9 0.9
472 8 5 1024 5 5 0.5
473 4 6 1024 6 6 0.6
473 5 1 1024 1 1 0.1
473 3 9 1024 9 9 0.9
473 2 10 1024 10 10 1.0
474 4 8 1024 8 8 0.8
474 3 9 1024 9 9 0.9
474 6 0 1024 0 0 0.0
474 5 7 1024 7 7 0.7
475 3 5 1024 5 5 0.5
475 6 4 1024 4 4 0.4
476 4 0 1024 0 0 0.0
476 3 7 1024 7 7 0.7
477 6 6 1024 6 6 0.6
477 4 9 1024 9 9 0.9
477 5 7 1024 7 7 0.7
478 4 6 1024 6 6 0.6
478 3 7 1024 7 7 0.7
478 5 5 1024 5 5 0.5
479 3 10 1024 10 10 1.0
479 4 7 1024 7 7 0.7
480 4 8 1024 8 8 0.8
480 7 4 1024 4 4 0.4
480 5 6 1024 6 6 0.6
481 2 9 1024 9 9 0.9
481 4 8 1024 8 8 0.8
482 2 7 1024 7 7 0.7
482 8 5 1024 5 5 0.5
482 5 6 1024 6 6 0.6
482 1 10 1024 10 10 1.0
483 3 9 1024 9 9 0.9
483 4 3 1024 3 3 0.3
484 3 8 1024 8 8 0.8
484 2 10 1024 10 10 1.0
484 8 7 1024 7 7 0.7
485 2 8 1024 8 8 0.8
485 4 5 1024 5 5 0.5
486 3 8 1024 8 8 0.8
486 5 6 1024 6 6 0.6
486 4 7 1024 7 7 0.7
487 5 4 1024 4 4 0.4
487 4 10 1024 10 10 1.0
488 1 7 1024 7 7 0.7
489 5 2 1024 2 2 0.2
489 3 9 1024 9 9 0.9
490 3 7 1024 7 7 0.7
490 7 4 1024 4 4 0.4
490 8 3 1024 3 3 0.3
491 3 2 1024 2 2 0.2
492 4 7 1024 7 7 0.7
492 5 2 1024 2 2 0.2
493 5 7 1024 7 7 0.7
493 6 5 1024 5 5 0.5
493 4 8 1024 8 8 0.8
493 7 3 1024 3 3 0.3
493 1 10 1024 10 10 1.0
494 3 9 1024 9 9 0.9
494 4 0 1024 0 0 0.0
494 1 10 1024 10 10 1.0
495 3 9 1024 9 9 0.9
495 2 10 1024 10 10 1.0
495 7 6 1024 6 6 0.6
495 5 7 1024 7 7 0.7
496 4 7 1024 7 7 0.7
496 5 1 1024 1 1 0.1
496 3 8 1024 8 8 0.8
497 2 8 1024 8 8 0.8
497 5 3 1024 3 3 0.3
498 3 7 1024 7 7 0.7
498 5 6 1024 6 6 0.6
498 6 5 1024 5 5 0.5
499 4 5 1024 5 5 0.5
499 2 9 1024 9 9 0.9
500 3 10 1024 10 10 1.0
500 4 6 1024 6 6 0.6
500 9 3 1024 3 3 0.3
501 5 0 1024 0 0 0.0
501 3 5 1024 5 5 0.5
502 6 4 1024 4 4 0.4
502 3 8 1024 8 8 0.8
503 1 10 1024 10 10 1.0
503 3 8 1024 8 8 0.8
503 5 6 1024 6 6 0.6
504 5 2 1024 2 2 0.2
504 3 9 1024 9 9 0.9
505 3 8 1024 8 8 0.8
505 5 6 1024 6 6 0.6
506 3 8 1024 8 8 0.8
506 5 6 1024 6 6 0.6
507 4 6 1024 6 6 0.6
507 3 9 1024 9 9 0.9
507 7 3 1024 3 3 0.3
508 4 3 1024 3 3 0.3
509 3 6 1024 6 6 0.6
509 6 5 1024 5 5 0.5
510 3 7 1024 7 7 0.7
510 5 5 1024 5 5 0.5
510 2 10 1024 10 10 1.0
511 4 6 1024 6 6 0.6
511 2 8 1024 8 8 0.8
512 4 6 1024 6 6 0.6
512 3 7 1024 7 7 0.7
512 8 3 1024 3 3 0.3
513 5 5 1024 5 5 0.5
513 6 0 1024 0 0 0.0
513 3 8 1024 8 8 0.8
514 4 5 1024 5 5 0.5
514 2 10 1024 10 10 1.0
514 3 6 1024 6 6 0.6
514 5 3 1024 3 3 0.3
515 7 5 1024 5 5 0.5
515 4 8 1024 8 8 0.8
515 6 6 1024 6 6 0.6
516 4 7 1024 7 7 0.7
517 2 9 1024 9 9 0.9
517 5 8 1024 8 8 0.8
517 6 5 1024 5 5 0.5
518 7 3 1024 3 3 0.3
518 3 8 1024 8 8 0.8
518 4 7 1024 7 7 0.7
519 3 10 1024 10 10 1.0
519 4 8 1024 8 8 0.8
519 7 5 1024 5 5 0.5
519 5 7 1024 7 7 0.7
520 3 8 1024 8 8 0.8
520 4 4 1024 4 4 0.4
521 3 10 1024 10 10 1.0
521 5 4 1024 4 4 0.4
522 3 6 1024 6 6 0.6
522 7 5 1024 5 5 0.5
523 4 7 1024 7 7 0.7
523 3 9 1024 9 9 0.9
524 3 8 1024 8 8 0.8
524 4 7 1024 7 7 0.7
525 7 5 1024 5 5 0.5
525 2 7 1024 7 7 0.7
525 4 6 1024 6 6 0.6
526 5 5 1024 5 5 0.5
526 4 6 1024 6 6 0.6
526 3 7 1024 7 7 0.7
527 3 6 1024 6 6 0.6
527 5 3 1024 3 3 0.3
528 4 2 1024 2 2 0.2
528 2 8 1024 8 8 0.8
528 5 0 1024 0 0 0.0
529 5 7 1024 7 7 0.7
529 7 3 1024 3 3 0.3
529 3 8 1024 8 8 0.8
529 2 9 1024 9 9 0.9
530 4 7 1024 7 7 0.7
530 6 6 1024 6 6 0.6
530 3 8 1024 8 8 0.8
530 1 10 1024 10 10 1.0
531 3 9 1024 9 9 0.9
531 6 3 1024 3 3 0.3
531 4 6 1024 6 6 0.6
532 3 4 1024 4 4 0.4
532 2 10 1024 10 10 1.0
533 2 7 1024 7 7 0.7
534 7 5 1024 5 5 0.5
534 4 6 1024 6 6 0.6
534 8 4 1024 4 4 0.4
535 3 8 1024 8 8 0.8
535 4 6 1024 6 6 0.6
536 2 9 1024 9 9 0.9
536 4 5 1024 5 5 0.5
537 5 2 1024 2 2 0.2
537 3 7 1024 7 7 0.7
538 3 9 1024 9 9 0.9
538 7 4 1024 4 4 0.4
538 4 7 1024 7 7 0.7
539 3 6 1024 6 6 0.6
539 9 0 1024 0 0 0.0
539 5 3 1024 3 3 0.3
540 3 9 1024 9 9 0.9
540 4 3 1024 3 3 0.3
541 3 10 1024 10 10 1.0
541 4 4 1024 4 4 0.4
542 5 5 1024 5 5 0.5
542 0 10 1024 10 10 1.0
543 5 5 1024 5 5 0.5
543 4 7 1024 7 7 0.7
543 2 10 1024 10 10 1.0
544 3 8 1024 8 8 0.8
544 5 6 1024 6 6 0.6
545 5 5 1024 5 5 0.5
545 1 9 1024 9 9 0.9
545 10 4 1024 4 4 0.4
546 3 8 1024 8 8 0.8
546 5 2 1024 2 2 0.2
547 6 1 1024 1 1 0.1
547 2 9 1024 9 9 0.9
547 4 8 1024 8 8 0.8
548 5 5 1024 5 5 0.5
548 4 6 1024 6 6 0.6
548 3 8 1024 8 8 0.8
549 2 9 1024 9 9 0.9
549 6 5 1024 5 5 0.5
549 5 6 1024 6 6 0.6
549 3 8 1024 8 8 0.8
550 2 10 1024 10 10 1.0
550 3 8 1024 8 8 0.8
550 4 6 1024 6 6 0.6
551 7 4 1024 4 4 0.4
551 5 6 1024 6 6 0.6
551 1 9 1024 9 9 0.9
552 4 5 1024 5 5 0.5
552 3 7 1024 7 7 0.7
552 2 8 1024 8 8 0.8
552 6 3 1024 3 3 0.3
553 5 6 1024 6 6 0.6
553 6 5 1024 5 5 0.5
553 3 8 1024 8 8 0.8
554 7 6 1024 6 6 0.6
554 4 7 1024 7 7 0.7
554 3 8 1024 8 8 0.8
554 1 10 1024 10 10 1.0
555 7 5 1024 5 5 0.5
555 4 6 1024 6 6 0.6
555 0 10 1024 10 10 1.0
555 3 9 1024 9 9 0.9
556 2 10 1024 10 10 1.0
556 3 8 1024 8 8 0.8
556 4 2 1024 2 2 0.2
557 4 6 1024 6 6 0.6
557 3 9 1024 9 9 0.9
558 6 6 1024 6 6 0.6
558 3 9 1024 9 9 0.9
558 7 4 1024 4 4 0.4
559 4 7 1024 7 7 0.7
559 7 4 1024 4 4 0.4
560 2 8 1024 8 8 0.8
560 5 4 1024 4 4 0.4
561 5 4 1024 4 4 0.4
561 4 5 1024 5 5 0.5
562 3 6 1024 6 6 0.6
562 1 10 1024 10 10 1.0
562 6 5 1024 5 5 0.5
563 4 5 1024 5 5 0.5
563 2 8 1024 8 8 0.8
564 3 3 1024 3 3 0.3
565 6 5 1024 5 5 0.5
565 2 10 1024 10 10 1.0
565 4 7 1024 7 7 0.7
566 3 8 1024 8 8 0.8
566 8 6 1024 6 6 0.6
566 4 7 1024 7 7 0.7
567 4 9 1024 9 9 0.9
567 2 10 1024 10 10 1.0
567 5 6 1024 6 6 0.6
568 5 4 1024 4 4 0.4
568 4 9 1024 9 9 0.9
569 2 10 1024 10 10 1.0
569 4 4 1024 4 4 0.4
569 3 9 1024 9 9 0.9
570 3 10 1024 10 10 1.0
570 5 3 1024 3 3 0.3
570 4 6 1024 6 6 0.6
571 7 5 1024 5 5 0.5
571 3 9 1024 9 9 0.9
571 4 8 1024 8 8 0.8
571 5 7 1024 7 7 0.7
572 4 6 1024 6 6 0.6
572 5 5 1024 5 5 0.5
572 1 8 1024 8 8 0.8
572 6 1 1024 1 1 0.1
573 4 5 1024 5 5 0.5
573 3 10 1024 10 10 1.0
574 3 7 1024 7 7 0.7
574 5 4 1024 4 4 0.4
575 4 2 1024 2 2 0.2
575 3 6 1024 6 6 0.6
576 3 7 1024 7 7 0.7
576 1 10 1024 10 10 1.0
577 4 8 1024 8 8 0.8
577 5 5 1024 5 5 0.5
577 2 10 1024 10 10 1.0
578 9 4 1024 4 4 0.4
578 2 6 1024 6 6 0.6
578 4 5 1024 5 5 0.5
579 8 5 1024 5 5 0.5
579 4 8 1024 8 8 0.8
579 5 6 1024 6 6 0.6
579 3 9 1024 9 9 0.9
580 3 5 1024 5 5 0.5
580 8 4 1024 4 4 0.4
581 4 6 1024 6 6 0.6
581 2 8 1024 8 8 0.8
582 4 5 1024 5 5 0.5
582 3 9 1024 9 9 0.9
583 1 7 1024 7 7 0.7
583 4 3 1024 3 3 0.3
584 4 7 1024 7 7 0.7
584 3 9 1024 9 9 0.9
584 7 5 1024 5 5 0.5
585 3 8 1024 8 8 0.8
585 5 0 1024 0 0 0.0
586 4 8 1024 8 8 0.8
586 6 3 1024 3 3 0.3
586 2 10 1024 10 10 1.0
587 3 6 1024 6 6 0.6
587 5 5 1024 5 5 0.5
588 3 4 1024 4 4 0.4
588 2 9 1024 9 9 0.9
589 6 5 1024 5 5 0.5
589 2 8 1024 8 8 0.8
590 3 5 1024 5 5 0.5
591 4 1 1024 1 1 0.1
591 2 8 1024 8 8 0.8
592 6 3 1024 3 3 0.3
592 2 8 1024 8 8 0.8
593 5 5 1024 5 5 0.5
593 4 7 1024 7 7 0.7
593 2 10 1024 10 10 1.0
594 4 7 1024 7 7 0.7
594 5 6 1024 6 6 0.6
594 3 8 1024 8 8 0.8
595 3 3 1024 3 3 0.3
596 4 7 1024 7 7 0.7
596 5 6 1024 6 6 0.6
596 2 10 1024 10 10 1.0
596 6 1 1024 1 1 0.1
597 5 5 1024 5 5 0.5
597 3 9 1024 9 9 0.9
597 7 4 1024 4 4 0.4
598 3 8 1024 8 8 0.8
598 4 4 1024 4 4 0.4
599 2 9 1024 9 9 0.9
599 4 6 1024 6 6 0.6
599 6 0 1024 0 0 0.0
600 3 6 1024 6 6 0.6
600 2 7 1024 7 7 0.7
600 6 4 1024 4 4 0.4
601 4 8 1024 8 8 0.8
601 5 7 1024 7 7 0.7
601 3 9 1024 9 9 0.9
602 4 5 1024 5 5 0.5
603 4 8 1024 8 8 0.8
603 3 10 1024 10 10 1.0
603 5 3 1024 3 3 0.3
603 6 1 1024 1 1 0.1
604 3 8 1024 8 8 0.8
604 6 7 1024 7 7 0.7
604 7 0 1024 0 0 0.0
604 2 9 1024 9 9 0.9
605 5 8 1024 8 8 0.8
605 1 10 1024 10 10 1.0
605 4 9 1024 9 9 0.9
605 6 5 1024 5 5 0.5
606 2 6 1024 6 6 0.6
606 6 5 1024 5 5 0.5
607 3 8 1024 8 8 0.8
608 5 6 1024 6 6 0.6
608 4 7 1024 7 7 0.7
608 2 10 1024 10 10 1.0
609 2 10 1024 10 10 1.0
609 4 6 1024 6 6 0.6
610 5 5 1024 5 5 0.5
610 2 7 1024 7 7 0.7
610 7 3 1024 3 3 0.3
611 3 6 1024 6 6 0.6
612 3 10 1024 10 10 1.0
612 6 4 1024 4 4 0.4
612 4 8 1024 8 8 0.8
613 3 9 1024 9 9 0.9
613 2 10 1024 10 10 1.0
613 4 5 1024 5 5 0.5
614 2 8 1024 8 8 0.8
614 6 2 1024 2 2 0.2
615 1 10 1024 10 10 1.0
615 3 4 1024 4 4 0.4
616 2 9 1024 9 9 0.9
616 5 4 1024 4 4 0.4
616 4 6 1024 6 6 0.6
617 4 7 1024 7 7 0.7
617 2 9 1024 9 9 0.9
617 6 5 1024 5 5 0.5
617 5 6 1024 6 6 0.6
618 4 8 1024 8 8 0.8
618 6 5 1024 5 5 0.5
618 5 7 1024 7 7 0.7
618 3 10 1024 10 10 1.0
619 5 8 1024 8 8 0.8
619 4 9 1024 9 9 0.9
619 7 5 1024 5 5 0.5
619 2 10 1024 10 10 1.0
620 4 5 1024 5 5 0.5
620 3 7 1024 7 7 0.7
621 8 5 1024 5 5 0.5
621 4 7 1024 7 7 0.7
621 2 8 1024 8 8 0.8
622 5 5 1024 5 5 0.5
622 1 9 1024 9 9 0.9
622 3 8 1024 8 8 0.8
623 3 6 1024 6 6 0.6
623 1 9 1024 9 9 0.9
623 5 4 1024 4 4 0.4
624 3 6 1024 6 6 0.6
625 7 4 1024 4 4 0.4
625 3 6 1024 6 6 0.6
625 2 10 1024 10 10 1.0
626 7 1 1024 1 1 0.1
626 3 6 1024 6 6 0.6
627 2 9 1024 9 9 0.9
627 5 4 1024 4 4 0.4
627 4 7 1024 7 7 0.7
628 4 4 1024 4 4 0.4
628 2 10 1024 10 10 1.0
629 2 9 1024 9 9 0.9
629 8 4 1024 4 4 0.4
629 5 7 1024 7 7 0.7
630 5 4 1024 4 4 0.4
630 2 10 1024 10 10 1.0
630 3 8 1024 8 8 0.8
631 5 5 1024 5 5 0.5
631 1 8 1024 8 8 0.8
632 3 8 1024 8 8 0.8
632 2 9 1024 9 9 0.9
632 5 7 1024 7 7 0.7
633 4 7 1024 7 7 0.7
633 7 3 1024 3 3 0.3
633 5 4 1024 4 4 0.4
633 2 9 1024 9 9 0.9
634 2 6 1024 6 6 0.6
634 1 10 1024 10 10 1.0
634 7 4 1024 4 4 0.4
635 3 7 1024 7 7 0.7
635 8 3 1024 3 3 0.3
636 3 5 1024 5 5 0.5
637 3 9 1024 9 9 0.9
637 4 4 1024 4 4 0.4
638 4 9 1024 9 9 0.9
638 5 5 1024 5 5 0.5
639 3 4 1024 4 4 0.4
640 4 6 1024 6 6 0.6
640 5 3 1024 3 3 0.3
641 2 8 1024 8 8 0.8
641 6 3 1024 3 3 0.3
642 5 1 1024 1 1 0.1
642 4 6 1024 6 6 0.6
642 3 9 1024 9 9 0.9
643 7 2 1024 2 2 0.2
643 3 8 1024 8 8 0.8
643 6 6 1024 6 6 0.6
644 2 5 1024 5 5 0.5
644 5 3 1024 3 3 0.3
645 6 4 1024 4 4 0.4
645 2 8 1024 8 8 0.8
645 5 7 1024 7 7 0.7
646 6 4 1024 4 4 0.4
646 3 5 1024 5 5 0.5
647 7 3 1024 3 3 0.3
647 4 7 1024 7 7 0.7
647 6 5 1024 5 5 0.5
648 3 5 1024 5 5 0.5
649 6 4 1024 4 4 0.4
649 2 9 1024 9 9 0.9
649 5 8 1024 8 8 0.8
650 3 6 1024 6 6 0.6
650 5 5 1024 5 5 0.5
651 6 5 1024 5 5 0.5
651 3 8 1024 8 8 0.8
651 5 6 1024 6 6 0.6
651 1 10 1024 10 10 1.0
652 1 8 1024 8 8 0.8
652 4 4 1024 4 4 0.4
652 6 2 1024 2 2 0.2
653 2 8 1024 8 8 0.8
653 5 0 1024 0 0 0.0
654 3 8 1024 8 8 0.8
654 4 5 1024 5 5 0.5
655 4 7 1024 7 7 0.7
655 5 3 1024 3 3 0.3
655 2 10 1024 10 10 1.0
656 4 8 1024 8 8 0.8
656 3 9 1024 9 9 0.9
656 9 5 1024 5 5 0.5
656 2 10 1024 10 10 1.0
656 6 7 1024 7 7 0.7
657 5 8 1024 8 8 0.8
657 6 2 1024 2 2 0.2
657 1 10 1024 10 10 1.0
658 2 4 1024 4 4 0.4
659 5 6 1024 6 6 0.6
659 6 4 1024 4 4 0.4
659 3 8 1024 8 8 0.8
660 8 5 1024 5 5 0.5
660 4 6 1024 6 6 0.6
661 3 10 1024 10 10 1.0
661 6 4 1024 4 4 0.4
661 7 3 1024 3 3 0.3
661 4 7 1024 7 7 0.7
662 4 3 1024 3 3 0.3
663 5 9 1024 9 9 0.9
663 6 0 1024 0 0 0.0
663 3 10 1024 10 10 1.0
664 3 7 1024 7 7 0.7
665 5 6 1024 6 6 0.6
665 2 10 1024 10 10 1.0
665 3 8 1024 8 8 0.8
666 4 5 1024 5 5 0.5
666 3 6 1024 6 6 0.6
666 6 2 1024 2 2 0.2
667 5 7 1024 7 7 0.7
667 1 10 1024 10 10 1.0
667 6 5 1024 5 5 0.5
668 4 8 1024 8 8 0.8
668 5 5 1024 5 5 0.5
668 2 10 1024 10 10 1.0
669 4 7 1024 7 7 0.7
669 3 9 1024 9 9 0.9
670 2 8 1024 8 8 0.8
670 1 9 1024 9 9 0.9
670 7 5 1024 5 5 0.5
670 3 7 1024 7 7 0.7
671 4 8 1024 8 8 0.8
671 2 9 1024 9 9 0.9
671 5 5 1024 5 5 0.5
672 6 5 1024 5 5 0.5
672 5 6 1024 6 6 0.6
672 2 7 1024 7 7 0.7
673 4 8 1024 8 8 0.8
673 5 7 1024 7 7 0.7
673 2 9 1024 9 9 0.9
673 6 5 1024 5 5 0.5
674 6 2 1024 2 2 0.2
674 2 10 1024 10 10 1.0
674 3 6 1024 6 6 0.6
675 4 8 1024 8 8 0.8
675 5 7 1024 7 7 0.7
676 7 4 1024 4 4 0.4
676 6 5 1024 5 5 0.5
676 3 10 1024 10 10 1.0
676 4 9 1024 9 9 0.9
677 6 5 1024 5 5 0.5
677 8 4 1024 4 4 0.4
677 5 8 1024 8 8 0.8
677 2 9 1024 9 9 0.9
678 4 7 1024 7 7 0.7
678 5 6 1024 6 6 0.6
678 3 9 1024 9 9 0.9
679 2 8 1024 8 8 0.8
679 3 7 1024 7 7 0.7
679 6 6 1024 6 6 0.6
680 2 8 1024 8 8 0.8
680 4 4 1024 4 4 0.4
681 2 8 1024 8 8 0.8
681 4 6 1024 6 6 0.6
681 9 5 1024 5 5 0.5
682 3 8 1024 8 8 0.8
682 4 0 1024 0 0 0.0
683 3 5 1024 5 5 0.5
684 7 6 1024 6 6 0.6
684 5 8 1024 8 8 0.8
684 2 9 1024 9 9 0.9
685 3 6 1024 6 6 0.6
685 2 10 1024 10 10 1.0
686 4 7 1024 7 7 0.7
686 5 6 1024 6 6 0.6
686 3 8 1024 8 8 0.8
687 7 6 1024 6 6 0.6
687 2 10 1024 10 10 1.0
687 4 8 1024 8 8 0.8
688 3 8 1024 8 8 0.8
688 5 4 1024 4 4 0.4
689 5 4 1024 4 4 0.4
689 4 10 1024 10 10 1.0
690 4 6 1024 6 6 0.6
690 3 9 1024 9 9 0.9
691 6 2 1024 2 2 0.2
691 3 9 1024 9 9 0.9
691 5 8 1024 8 8 0.8
692 6 4 1024 4 4 0.4
692 3 7 1024 7 7 0.7
692 2 10 1024 10 10 1.0
692 4 6 1024 6 6 0.6
693 4 7 1024 7 7 0.7
693 5 5 1024 5 5 0.5
693 2 9 1024 9 9 0.9
694 4 6 1024 6 6 0.6
694 9 4 1024 4 4 0.4
695 2 9 1024 9 9 0.9
695 4 6 1024 6 6 0.6
695 5 5 1024 5 5 0.5
696 5 5 1024 5 5 0.5
696 2 7 1024 7 7 0.7
696 7 2 1024 2 2 0.2
697 5 1 1024 1 1 0.1
697 2 10 1024 10 10 1.0
697 4 8 1024 8 8 0.8
698 3 10 1024 10 10 1.0
698 5 4 1024 4 4 0.4
698 4 6 1024 6 6 0.6
699 4 9 1024 9 9 0.9
699 5 3 1024 3 3 0.3
700 2 8 1024 8 8 0.8
700 5 3 1024 3 3 0.3
701 4 6 1024 6 6 0.6
702 2 6 1024 6 6 0.6
703 7 0 1024 0 0 0.0
703 4 6 1024 6 6 0.6
704 6 4 1024 4 4 0.4
704 5 7 1024 7 7 0.7
704 4 8 1024 8 8 0.8
705 5 7 1024 7 7 0.7
705 3 9 1024 9 9 0.9
705 6 5 1024 5 5 0.5
706 3 8 1024 8 8 0.8
706 5 5 1024 5 5 0.5
707 5 3 1024 3 3 0.3
707 4 9 1024 9 9 0.9
708 4 5 1024 5 5 0.5
708 3 8 1024 8 8 0.8
709 7 6 1024 6 6 0.6
709 3 7 1024 7 7 0.7
709 2 10 1024 10 10 1.0
710 3 9 1024 9 9 0.9
710 4 6 1024 6 6 0.6
711 5 0 1024 0 0 0.0
711 2 8 1024 8 8 0.8
712 4 5 1024 5 5 0.5
712 3 7 1024 7 7 0.7
712 6 4 1024 4 4 0.4
713 2 10 1024 10 10 1.0
713 3 7 1024 7 7 0.7
713 5 6 1024 6 6 0.6
714 5 2 1024 2 2 0.2
714 4 7 1024 7 7 0.7
715 4 6 1024 6 6 0.6
715 3 9 1024 9 9 0.9
715 7 5 1024 5 5 0.5
716 4 6 1024 6 6 0.6
716 5 1 1024 1 1 0.1
716 3 9 1024 9 9 0.9
717 8 5 1024 5 5 0.5
717 4 7 1024 7 7 0.7
718 2 8 1024 8 8 0.8
718 7 2 1024 2 2 0.2
718 5 7 1024 7 7 0.7
719 2 6 1024 6 6 0.6
719 6 3 1024 3 3 0.3
720 2 10 1024 10 10 1.0
720 5 5 1024 5 5 0.5
720 8 3 1024 3 3 0.3
721 3 9 1024 9 9 0.9
721 5 5 1024 5 5 0.5
721 7 4 1024 4 4 0.4
721 4 6 1024 6 6 0.6
722 7 3 1024 3 3 0.3
722 4 6 1024 6 6 0.6
723 2 10 1024 10 10 1.0
723 3 5 1024 5 5 0.5
724 4 8 1024 8 8 0.8
724 5 3 1024 3 3 0.3
725 4 8 1024 8 8 0.8
725 7 5 1024 5 5 0.5
725 5 7 1024 7 7 0.7
726 3 9 1024 9 9 0.9
726 6 4 1024 4 4 0.4
726 4 5 1024 5 5 0.5
727 2 8 1024 8 8 0.8
727 5 0 1024 0 0 0.0
727 4 6 1024 6 6 0.6
728 2 10 1024 10 10 1.0
728 3 8 1024 8 8 0.8
728 5 7 1024 7 7 0.7
728 8 1 1024 1 1 0.1
729 4 8 1024 8 8 0.8
729 5 4 1024 4 4 0.4
730 2 7 1024 7 7 0.7
730 6 5 1024 5 5 0.5
731 3 7 1024 7 7 0.7
731 4 5 1024 5 5 0.5
732 8 6 1024 6 6 0.6
732 4 7 1024 7 7 0.7
733 3 9 1024 9 9 0.9
733 4 3 1024 3 3 0.3
734 7 6 1024 6 6 0.6
734 2 8 1024 8 8 0.8
734 4 7 1024 7 7 0.7
735 1 8 1024 8 8 0.8
735 6 3 1024 3 3 0.3
735 3 6 1024 6 6 0.6
736 0 10 1024 10 10 1.0
736 5 6 1024 6 6 0.6
736 4 7 1024 7 7 0.7
737 2 9 1024 9 9 0.9
737 3 7 1024 7 7 0.7
737 4 4 1024 4 4 0.4
738 7 1 1024 1 1 0.1
738 2 5 1024 5 5 0.5
738 1 9 1024 9 9 0.9
739 2 9 1024 9 9 0.9
739 4 5 1024 5 5 0.5
740 3 9 1024 9 9 0.9
740 4 5 1024 5 5 0.5
741 4 7 1024 7 7 0.7
741 2 10 1024 10 10 1.0
741 7 5 1024 5 5 0.5
741 5 6 1024 6 6 0.6
742 1 10 1024 10 10 1.0
742 3 5 1024 5 5 0.5
743 2 10 1024 10 10 1.0
743 3 8 1024 8 8 0.8
743 4 5 1024 5 5 0.5
744 3 3 1024 3 3 0.3
744 2 8 1024 8 8 0.8
745 3 8 1024 8 8 0.8
745 6 6 1024 6 6 0.6
746 4 9 1024 9 9 0.9
746 5 6 1024 6 6 0.6
746 3 10 1024 10 10 1.0
747 4 10 1024 10 10 1.0
747 5 5 1024 5 5 0.5
747 6 3 1024 3 3 0.3
748 5 4 1024 4 4 0.4
748 3 10 1024 10 10 1.0
748 4 5 1024 5 5 0.5
749 6 3 1024 3 3 0.3
749 5 5 1024 5 5 0.5
749 2 10 1024 10 10 1.0
749 3 7 1024 7 7 0.7
750 4 5 1024 5 5 0.5
750 3 7 1024 7 7 0.7
751 3 8 1024 8 8 0.8
751 5 6 1024 6 6 0.6
751 2 9 1024 9 9 0.9
752 6 3 1024 3 3 0.3
752 2 8 1024 8 8 0.8
752 4 5 1024 5 5 0.5
753 2 6 1024 6 6 0.6
753 5 0 1024 0 0 0.0
754 3 5 1024 5 5 0.5
754 2 9 1024 9 9 0.9
754 5 2 1024 2 2 0.2
755 6 4 1024 4 4 0.4
755 5 6 1024 6 6 0.6
755 2 10 1024 10 10 1.0
755 3 7 1024 7 7 0.7
756 2 6 1024 6 6 0.6
756 0 10 1024 10 10 1.0
756 5 5 1024 5 5 0.5
757 4 6 1024 6 6 0.6
757 2 9 1024 9 9 0.9
757 1 10 1024 10 10 1.0
758 7 6 1024 6 6 0.6
758 4 7 1024 7 7 0.7
758 2 9 1024 9 9 0.9
758 8 4 1024 4 4 0.4
759 6 5 1024 5 5 0.5
759 4 7 1024 7 7 0.7
760 6 7 1024 7 7 0.7
760 3 8 1024 8 8 0.8
761 3 10 1024 10 10 1.0
761 4 8 1024 8 8 0.8
761 5 7 1024 7 7 0.7
762 3 7 1024 7 7 0.7
762 5 5 1024 5 5 0.5
762 6 3 1024 3 3 0.3
763 2 10 1024 10 10 1.0
763 3 8 1024 8 8 0.8
763 4 7 1024 7 7 0.7
764 5 6 1024 6 6 0.6
764 2 9 1024 9 9 0.9
765 3 6 1024 6 6 0.6
765 5 5 1024 5 5 0.5
766 2 5 1024 5 5 0.5
767 3 8 1024 8 8 0.8
767 5 2 1024 2 2 0.2
768 3 7 1024 7 7 0.7
768 4 5 1024 5 5 0.5
769 6 0 1024 0 0 0.0
769 3 9 1024 9 9 0.9
769 5 6 1024 6 6 0.6
770 3 8 1024 8 8 0.8
770 2 10 1024 10 10 1.0
770 5 2 1024 2 2 0.2
771 6 3 1024 3 3 0.3
771 2 9 1024 9 9 0.9
771 4 5 1024 5 5 0.5
772 6 5 1024 5 5 0.5
772 4 6 1024 6 6 0.6
773 6 7 1024 7 7 0.7
773 4 9 1024 9 9 0.9
773 5 8 1024 8 8 0.8
773 7 0 1024 0 0 0.0
774 3 8 1024 8 8 0.8
774 5 6 1024 6 6 0.6
774 1 10 1024 10 10 1.0
775 2 10 1024 10 10 1.0
775 3 6 1024 6 6 0.6
776 3 8 1024 8 8 0.8
776 2 10 1024 10 10 1.0
776 5 3 1024 3 3 0.3
777 3 10 1024 10 10 1.0
777 5 3 1024 3 3 0.3
777 4 7 1024 7 7 0.7
778 7 6 1024 6 6 0.6
778 2 10 1024 10 10 1.0
778 3 9 1024 9 9 0.9
778 5 8 1024 8 8 0.8
779 1 10 1024 10 10 1.0
779 5 4 1024 4 4 0.4
779 2 7 1024 7 7 0.7
780 8 3 1024 3 3 0.3
780 4 6 1024 6 6 0.6
781 5 7 1024 7 7 0.7
781 6 6 1024 6 6 0.6
781 2 10 1024 10 10 1.0
781 8 2 1024 2 2 0.2
781 3 9 1024 9 9 0.9
782 4 8 1024 8 8 0.8
782 7 3 1024 3 3 0.3
783 7 3 1024 3 3 0.3
783 3 9 1024 9 9 0.9
783 5 8 1024 8 8 0.8
783 2 10 1024 10 10 1.0
784 3 9 1024 9 9 0.9
784 9 1 1024 1 1 0.1
784 5 5 1024 5 5 0.5
785 3 3 1024 3 3 0.3
786 2 9 1024 9 9 0.9
786 5 4 1024 4 4 0.4
786 3 8 1024 8 8 0.8
787 3 8 1024 8 8 0.8
787 7 4 1024 4 4 0.4
787 1 10 1024 10 10 1.0
787 4 5 1024 5 5 0.5
788 5 7 1024 7 7 0.7
788 6 4 1024 4 4 0.4
788 4 8 1024 8 8 0.8
789 4 7 1024 7 7 0.7
789 5 5 1024 5 5 0.5
790 4 7 1024 7 7 0.7
790 7 5 1024 5 5 0.5
791 2 6 1024 6 6 0.6
791 6 5 1024 5 5 0.5
791 7 4 1024 4 4 0.4
792 4 5 1024 5 5 0.5
792 2 10 1024 10 10 1.0
793 4 3 1024 3 3 0.3
793 3 8 1024 8 8 0.8
793 2 9 1024 9 9 0.9
794 5 4 1024 4 4 0.4
794 3 8 1024 8 8 0.8
795 8 3 1024 3 3 0.3
795 3 5 1024 5 5 0.5
796 4 8 1024 8 8 0.8
796 5 6 1024 6 6 0.6
796 7 5 1024 5 5 0.5
797 5 6 1024 6 6 0.6
797 4 7 1024 7 7 0.7
798 6 5 1024 5 5 0.5
798 4 6 1024 6 6 0.6
798 3 8 1024 8 8 0.8
799 7 3 1024 3 3 0.3
799 4 7 1024 7 7 0.7
800 3 5 1024 5 5 0.5
801 1 10 1024 10 10 1.0
801 4 4 1024 4 4 0.4
801 3 9 1024 9 9 0.9
802 4 0 1024 0 0 0.0
803 3 2 1024 2 2 0.2
803 2 9 1024 9 9 0.9
804 6 5 1024 5 5 0.5
804 4 6 1024 6 6 0.6
804 3 8 1024 8 8 0.8
805 3 9 1024 9 9 0.9
805 4 7 1024 7 7 0.7
805 0 10 1024 10 10 1.0
806 3 9 1024 9 9 0.9
806 5 5 1024 5 5 0.5
806 2 10 1024 10 10 1.0
807 2 8 1024 8 8 0.8
807 5 3 1024 3 3 0.3
808 4 0 1024 0 0 0.0
809 5 6 1024 6 6 0.6
809 4 7 1024 7 7 0.7
809 6 4 1024 4 4 0.4
810 4 9 1024 9 9 0.9
810 5 7 1024 7 7 0.7
810 8 5 1024 5 5 0.5
811 3 10 1024 10 10 1.0
811 4 5 1024 5 5 0.5
812 4 6 1024 6 6 0.6
813 3 2 1024 2 2 0.2
814 2 9 1024 9 9 0.9
814 3 7 1024 7 7 0.7
814 5 6 1024 6 6 0.6
814 7 4 1024 4 4 0.4
815 2 6 1024 6 6 0.6
815 6 3 1024 3 3 0.3
816 4 6 1024 6 6 0.6
816 3 8 1024 8 8 0.8
817 4 6 1024 6 6 0.6
817 5 5 1024 5 5 0.5
818 4 7 1024 7 7 0.7
818 5 4 1024 4 4 0.4
819 3 9 1024 9 9 0.9
819 5 8 1024 8 8 0.8
819 6 4 1024 4 4 0.4
820 5 6 1024 6 6 0.6
820 4 9 1024 9 9 0.9
820 8 5 1024 5 5 0.5
821 3 7 1024 7 7 0.7
821 7 3 1024 3 3 0.3
822 5 0 1024 0 0 0.0
822 4 8 1024 8 8 0.8
822 1 10 1024 10 10 1.0
823 3 9 1024 9 9 0.9
823 5 6 1024 6 6 0.6
823 6 5 1024 5 5 0.5
823 4 8 1024 8 8 0.8
824 3 8 1024 8 8 0.8
824 6 3 1024 3 3 0.3
824 5 5 1024 5 5 0.5
825 5 7 1024 7 7 0.7
825 4 8 1024 8 8 0.8
825 6 5 1024 5 5 0.5
825 2 10 1024 10 10 1.0
825 8 4 1024 4 4 0.4
826 5 7 1024 7 7 0.7
826 3 9 1024 9 9 0.9
826 6 6 1024 6 6 0.6
827 4 3 1024 3 3 0.3
828 5 2 1024 2 2 0.2
828 3 8 1024 8 8 0.8
828 2 10 1024 10 10 1.0
829 2 9 1024 9 9 0.9
829 3 7 1024 7 7 0.7
829 6 3 1024 3 3 0.3
830 3 8 1024 8 8 0.8
830 5 4 1024 4 4 0.4
831 7 5 1024 5 5 0.5
831 6 6 1024 6 6 0.6
831 4 8 1024 8 8 0.8
832 3 9 1024 9 9 0.9
832 4 7 1024 7 7 0.7
832 7 5 1024 5 5 0.5
833 8 2 1024 2 2 0.2
833 4 6 1024 6 6 0.6
833 5 3 1024 3 3 0.3
834 4 7 1024 7 7 0.7
834 5 6 1024 6 6 0.6
834 3 9 1024 9 9 0.9
835 4 7 1024 7 7 0.7
835 3 8 1024 8 8 0.8
835 6 4 1024 4 4 0.4
836 4 9 1024 9 9 0.9
836 6 5 1024 5 5 0.5
836 5 8 1024 8 8 0.8
837 5 6 1024 6 6 0.6
837 2 10 1024 10 10 1.0
837 3 8 1024 8 8 0.8
837 6 4 1024 4 4 0.4
838 4 10 1024 10 10 1.0
838 5 6 1024 6 6 0.6
838 6 3 1024 3 3 0.3
839 4 3 1024 3 3 0.3
840 3 2 1024 2 2 0.2
841 2 10 1024 10 10 1.0
841 5 4 1024 4 4 0.4
841 4 8 1024 8 8 0.8
842 5 0 1024 0 0 0.0
842 3 8 1024 8 8 0.8
842 4 6 1024 6 6 0.6
843 5 5 1024 5 5 0.5
843 4 9 1024 9 9 0.9
843 0 10 1024 10 10 1.0
843 6 4 1024 4 4 0.4
844 4 9 1024 9 9 0.9
844 2 10 1024 10 10 1.0
844 5 6 1024 6 6 0.6
844 6 5 1024 5 5 0.5
845 4 4 1024 4 4 0.4
845 8 3 1024 3 3 0.3
845 2 6 1024 6 6 0.6
846 3 8 1024 8 8 0.8
846 1 9 1024 9 9 0.9
846 5 5 1024 5 5 0.5
847 5 6 1024 6 6 0.6
847 1 7 1024 7 7 0.7
848 3 9 1024 9 9 0.9
848 4 6 1024 6 6 0.6
848 5 5 1024 5 5 0.5
849 2 10 1024 10 10 1.0
849 3 8 1024 8 8 0.8
849 6 5 1024 5 5 0.5
850 4 6 1024 6 6 0.6
850 3 9 1024 9 9 0.9
850 6 5 1024 5 5 0.5
851 6 6 1024 6 6 0.6
851 3 8 1024 8 8 0.8
851 4 7 1024 7 7 0.7
852 4 7 1024 7 7 0.7
852 5 5 1024 5 5 0.5
852 3 10 1024 10 10 1.0
853 5 3 1024 3 3 0.3
853 3 6 1024 6 6 0.6
853 4 4 1024 4 4 0.4
854 3 4 1024 4 4 0.4
854 2 8 1024 8 8 0.8
855 4 6 1024 6 6 0.6
855 6 2 1024 2 2 0.2
856 6 5 1024 5 5 0.5
856 3 8 1024 8 8 0.8
856 1 9 1024 9 9 0.9
857 5 6 1024 6 6 0.6
857 8 3 1024 3 3 0.3
857 3 8 1024 8 8 0.8
858 2 9 1024 9 9 0.9
858 4 7 1024 7 7 0.7
858 5 6 1024 6 6 0.6
858 6 5 1024 5 5 0.5
859 6 1 1024 1 1 0.1
859 5 3 1024 3 3 0.3
859 4 4 1024 4 4 0.4
860 5 6 1024 6 6 0.6
860 7 4 1024 4 4 0.4
860 4 9 1024 9 9 0.9
860 2 10 1024 10 10 1.0
861 5 3 1024 3 3 0.3
862 4 6 1024 6 6 0.6
863 3 10 1024 10 10 1.0
863 7 3 1024 3 3 0.3
863 4 4 1024 4 4 0.4
864 3 9 1024 9 9 0.9
864 5 4 1024 4 4 0.4
865 5 7 1024 7 7 0.7
865 4 8 1024 8 8 0.8
865 3 9 1024 9 9 0.9
866 5 4 1024 4 4 0.4
866 3 7 1024 7 7 0.7
867 5 6 1024 6 6 0.6
867 3 8 1024 8 8 0.8
867 2 10 1024 10 10 1.0
867 4 7 1024 7 7 0.7
868 4 6 1024 6 6 0.6
868 3 9 1024 9 9 0.9
868 6 3 1024 3 3 0.3
869 2 6 1024 6 6 0.6
870 3 9 1024 9 9 0.9
870 5 6 1024 6 6 0.6
870 1 10 1024 10 10 1.0
871 6 4 1024 4 4 0.4
871 4 8 1024 8 8 0.8
871 2 9 1024 9 9 0.9
872 4 8 1024 8 8 0.8
872 6 5 1024 5 5 0.5
872 3 9 1024 9 9 0.9
872 2 10 1024 10 10 1.0
873 2 10 1024 10 10 1.0
873 6 3 1024 3 3 0.3
873 5 7 1024 7 7 0.7
873 3 9 1024 9 9 0.9
874 5 3 1024 3 3 0.3
874 2 7 1024 7 7 0.7
875 6 6 1024 6 6 0.6
875 3 9 1024 9 9 0.9
875 4 8 1024 8 8 0.8
876 5 5 1024 5 5 0.5
876 4 8 1024 8 8 0.8
876 6 4 1024 4 4 0.4
877 3 6 1024 6 6 0.6
877 1 10 1024 10 10 1.0
878 7 5 1024 5 5 0.5
878 1 10 1024 10 10 1.0
878 3 7 1024 7 7 0.7
879 4 8 1024 8 8 0.8
879 3 9 1024 9 9 0.9
879 7 6 1024 6 6 0.6
880 3 8 1024 8 8 0.8
880 6 5 1024 5 5 0.5
880 2 10 1024 10 10 1.0
880 7 4 1024 4 4 0.4
881 7 4 1024 4 4 0.4
881 8 0 1024 0 0 0.0
881 3 5 1024 5 5 0.5
882 3 4 1024 4 4 0.4
883 5 4 1024 4 4 0.4
883 8 3 1024 3 3 0.3
883 3 9 1024 9 9 0.9
883 4 8 1024 8 8 0.8
884 3 8 1024 8 8 0.8
884 1 10 1024 10 10 1.0
885 3 8 1024 8 8 0.8
885 5 6 1024 6 6 0.6
886 4 5 1024 5 5 0.5
886 3 7 1024 7 7 0.7
887 9 4 1024 4 4 0.4
887 5 5 1024 5 5 0.5
887 3 7 1024 7 7 0.7
888 4 9 1024 9 9 0.9
888 5 5 1024 5 5 0.5
889 3 5 1024 5 5 0.5
889 4 2 1024 2 2 0.2
890 5 0 1024 0 0 0.0
890 2 8 1024 8 8 0.8
891 4 7 1024 7 7 0.7
891 5 3 1024 3 3 0.3
891 3 8 1024 8 8 0.8
892 5 6 1024 6 6 0.6
892 6 5 1024 5 5 0.5
892 4 8 1024 8 8 0.8
892 2 10 1024 10 10 1.0
893 7 2 1024 2 2 0.2
893 4 7 1024 7 7 0.7
893 5 5 1024 5 5 0.5
894 2 10 1024 10 10 1.0
894 3 6 1024 6 6 0.6
894 5 3 1024 3 3 0.3
895 4 5 1024 5 5 0.5
896 5 5 1024 5 5 0.5
896 3 9 1024 9 9 0.9
897 7 3 1024 3 3 0.3
897 4 5 1024 5 5 0.5
898 3 6 1024 6 6 0.6
898 5 0 1024 0 0 0.0
898 2 7 1024 7 7 0.7
899 2 8 1024 8 8 0.8
899 4 5 1024 5 5 0.5
900 3 6 1024 6 6 0.6
900 6 5 1024 5 5 0.5
901 4 5 1024 5 5 0.5
901 7 4 1024 4 4 0.4
901 3 7 1024 7 7 0.7
902 2 8 1024 8 8 0.8
902 3 7 1024 7 7 0.7
903 3 6 1024 6 6 0.6
904 6 7 1024 7 7 0.7
904 3 8 1024 8 8 0.8
905 5 2 1024 2 2 0.2
905 4 6 1024 6 6 0.6
905 3 8 1024 8 8 0.8
906 2 10 1024 10 10 1.0
906 3 9 1024 9 9 0.9
906 4 8 1024 8 8 0.8
906 5 5 1024 5 5 0.5
906 6 3 1024 3 3 0.3
907 4 5 1024 5 5 0.5
907 6 4 1024 4 4 0.4
908 4 8 1024 8 8 0.8
908 6 0 1024 0 0 0.0
909 2 9 1024 9 9 0.9
909 3 8 1024 8 8 0.8
909 5 0 1024 0 0 0.0
910 6 5 1024 5 5 0.5
910 4 7 1024 7 7 0.7
910 2 10 1024 10 10 1.0
911 4 4 1024 4 4 0.4
911 3 9 1024 9 9 0.9
911 6 3 1024 3 3 0.3
912 4 4 1024 4 4 0.4
912 5 3 1024 3 3 0.3
912 3 7 1024 7 7 0.7
913 3 8 1024 8 8 0.8
913 5 7 1024 7 7 0.7
914 1 6 1024 6 6 0.6
915 2 9 1024 9 9 0.9
915 5 0 1024 0 0 0.0
916 3 10 1024 10 10 1.0
916 6 2 1024 2 2 0.2
916 5 6 1024 6 6 0.6
916 4 8 1024 8 8 0.8
917 7 3 1024 3 3 0.3
917 2 6 1024 6 6 0.6
917 5 4 1024 4 4 0.4
918 5 6 1024 6 6 0.6
918 4 9 1024 9 9 0.9
919 4 4 1024 4 4 0.4
920 3 8 1024 8 8 0.8
920 5 3 1024 3 3 0.3
920 2 10 1024 10 10 1.0
921 4 7 1024 7 7 0.7
921 5 4 1024 4 4 0.4
922 5 0 1024 0 0 0.0
922 2 8 1024 8 8 0.8
923 1 10 1024 10 10 1.0
923 2 9 1024 9 9 0.9
923 4 5 1024 5 5 0.5
924 2 8 1024 8 8 0.8
924 5 5 1024 5 5 0.5
925 2 5 1024 5 5 0.5
926 3 9 1024 9 9 0.9
926 4 5 1024 5 5 0.5
927 6 3 1024 3 3 0.3
927 2 9 1024 9 9 0.9
927 4 6 1024 6 6 0.6
927 5 5 1024 5 5 0.5
928 4 7 1024 7 7 0.7
928 2 10 1024 10 10 1.0
928 5 3 1024 3 3 0.3
929 5 5 1024 5 5 0.5
929 3 8 1024 8 8 0.8
929 2 10 1024 10 10 1.0
930 3 10 1024 10 10 1.0
930 5 6 1024 6 6 0.6
930 6 5 1024 5 5 0.5
931 4 7 1024 7 7 0.7
931 3 10 1024 10 10 1.0
931 6 1 1024 1 1 0.1
931 5 6 1024 6 6 0.6
932 2 6 1024 6 6 0.6
932 4 3 1024 3 3 0.3
933 4 8 1024 8 8 0.8
933 6 6 1024 6 6 0.6
933 9 4 1024 4 4 0.4
933 7 5 1024 5 5 0.5
934 4 0 1024 0 0 0.0
934 2 9 1024 9 9 0.9
935 8 0 1024 0 0 0.0
935 5 3 1024 3 3 0.3
935 4 6 1024 6 6 0.6
936 2 9 1024 9 9 0.9
936 3 6 1024 6 6 0.6
936 5 4 1024 4 4 0.4
937 4 7 1024 7 7 0.7
937 8 5 1024 5 5 0.5
938 3 8 1024 8 8 0.8
938 4 7 1024 7 7 0.7
938 5 6 1024 6 6 0.6
939 6 3 1024 3 3 0.3
939 3 6 1024 6 6 0.6
940 3 0 1024 0 0 0.0
941 5 0 1024 0 0 0.0
942 3 6 1024 6 6 0.6
942 7 3 1024 3 3 0.3
942 6 4 1024 4 4 0.4
943 5 5 1024 5 5 0.5
943 4 8 1024 8 8 0.8
944 3 7 1024 7 7 0.7
944 5 6 1024 6 6 0.6
945 7 4 1024 4 4 0.4
945 4 5 1024 5 5 0.5
945 3 8 1024 8 8 0.8
946 3 4 1024 4 4 0.4
947 1 10 1024 10 10 1.0
947 8 5 1024 5 5 0.5
947 6 6 1024 6 6 0.6
947 2 9 1024 9 9 0.9
948 3 8 1024 8 8 0.8
948 6 5 1024 5 5 0.5
948 2 10 1024 10 10 1.0
948 4 7 1024 7 7 0.7
949 5 4 1024 4 4 0.4
949 6 2 1024 2 2 0.2
950 5 8 1024 8 8 0.8
950 3 9 1024 9 9 0.9
951 2 9 1024 9 9 0.9
951 6 2 1024 2 2 0.2
951 3 7 1024 7 7 0.7
952 6 3 1024 3 3 0.3
952 4 10 1024 10 10 1.0
952 5 7 1024 7 7 0.7
953 4 8 1024 8 8 0.8
953 5 6 1024 6 6 0.6
953 6 4 1024 4 4 0.4
954 4 5 1024 5 5 0.5
954 5 1 1024 1 1 0.1
955 5 3 1024 3 3 0.3
955 4 9 1024 9 9 0.9
955 3 10 1024 10 10 1.0
956 6 3 1024 3 3 0.3
956 2 10 1024 10 10 1.0
956 8 2 1024 2 2 0.2
956 4 8 1024 8 8 0.8
957 6 3 1024 3 3 0.3
957 4 5 1024 5 5 0.5
958 3 8 1024 8 8 0.8
958 6 6 1024 6 6 0.6
958 7 5 1024 5 5 0.5
959 3 10 1024 10 10 1.0
959 8 4 1024 4 4 0.4
959 5 6 1024 6 6 0.6
959 4 8 1024 8 8 0.8
959 7 5 1024 5 5 0.5
960 6 4 1024 4 4 0.4
960 4 7 1024 7 7 0.7
961 7 7 1024 7 7 0.7
961 3 9 1024 9 9 0.9
961 4 8 1024 8 8 0.8
962 3 8 1024 8 8 0.8
962 4 4 1024 4 4 0.4
962 1 10 1024 10 10 1.0
963 4 8 1024 8 8 0.8
963 2 10 1024 10 10 1.0
963 5 3 1024 3 3 0.3
964 4 3 1024 3 3 0.3
964 2 9 1024 9 9 0.9
965 4 4 1024 4 4 0.4
965 3 8 1024 8 8 0.8
966 4 5 1024 5 5 0.5
966 6 3 1024 3 3 0.3
967 1 10 1024 10 10 1.0
967 2 9 1024 9 9 0.9
967 3 8 1024 8 8 0.8
967 5 0 1024 0 0 0.0
968 3 9 1024 9 9 0.9
968 4 0 1024 0 0 0.0
969 2 3 1024 3 3 0.3
970 3 9 1024 9 9 0.9
970 5 5 1024 5 5 0.5
970 2 10 1024 10 10 1.0
970 4 8 1024 8 8 0.8
971 4 10 1024 10 10 1.0
971 5 7 1024 7 7 0.7
972 3 10 1024 10 10 1.0
972 5 4 1024 4 4 0.4
973 3 4 1024 4 4 0.4
974 4 5 1024 5 5 0.5
975 2 10 1024 10 10 1.0
975 5 6 1024 6 6 0.6
975 3 7 1024 7 7 0.7
975 9 4 1024 4 4 0.4
976 5 7 1024 7 7 0.7
976 6 5 1024 5 5 0.5
976 2 10 1024 10 10 1.0
976 3 8 1024 8 8 0.8
977 3 9 1024 9 9 0.9
977 2 10 1024 10 10 1.0
977 4 6 1024 6 6 0.6
978 4 5 1024 5 5 0.5
979 5 4 1024 4 4 0.4
979 3 8 1024 8 8 0.8
979 6 3 1024 3 3 0.3
980 2 8 1024 8 8 0.8
980 5 3 1024 3 3 0.3
981 5 5 1024 5 5 0.5
981 2 9 1024 9 9 0.9
982 2 6 1024 6 6 0.6
983 5 6 1024 6 6 0.6
983 4 7 1024 7 7 0.7
983 2 10 1024 10 10 1.0
983 8 4 1024 4 4 0.4
984 5 5 1024 5 5 0.5
984 3 7 1024 7 7 0.7
985 6 4 1024 4 4 0.4
985 5 5 1024 5 5 0.5
985 4 7 1024 7 7 0.7
985 3 8 1024 8 8 0.8
986 3 7 1024 7 7 0.7
986 9 4 1024 4 4 0.4
986 5 6 1024 6 6 0.6
987 3 6 1024 6 6 0.6
987 4 3 1024 3 3 0.3
988 4 5 1024 5 5 0.5
988 5 2 1024 2 2 0.2
989 5 5 1024 5 5 0.5
989 4 9 1024 9 9 0.9
990 3 6 1024 6 6 0.6
991 3 9 1024 9 9 0.9
991 6 5 1024 5 5 0.5
991 4 6 1024 6 6 0.6
992 4 6 1024 6 6 0.6
992 3 7 1024 7 7 0.7
993 3 7 1024 7 7 0.7
993 9 3 1024 3 3 0.3
993 5 4 1024 4 4 0.4
994 3 10 1024 10 10 1.0
994 4 4 1024 4 4 0.4
995 3 9 1024 9 9 0.9
995 5 5 1024 5 5 0.5
995 4 7 1024 7 7 0.7
996 4 8 1024 8 8 0.8
996 5 5 1024 5 5 0.5
997 4 5 1024 5 5 0.5
997 7 0 1024 0 0 0.0
997 3 8 1024 8 8 0.8
998 2 10 1024 10 10 1.0
998 4 6 1024 6 6 0.6
998 3 9 1024 9 9 0.9
999 3 4 1024 4 4 0.4
1000 4 6 1024 6 6 0.6
1000 2 10 1024 10 10 1.0
1000 7 5 1024 5 5 0.5
