gen HV HVnoDiscount fitness_notKilledMutants notKilledNonEqMutants fitness_testSuiteSize
1 52.0 52.0 0.0 0.0 5.0
2 59.0 59.0 0.0 0.0 5.0
3 59.0 59.0 0.0 0.0 5.0
4 59.0 59.0 0.0 0.0 5.0
5 59.0 59.0 0.0 0.0 5.0
6 59.0 59.0 0.0 0.0 5.0
7 59.0 59.0 0.0 0.0 5.0
8 59.0 59.0 0.0 0.0 5.0
9 59.0 59.0 0.0 0.0 5.0
10 59.0 59.0 0.0 0.0 5.0
11 59.0 59.0 0.0 0.0 5.0
12 59.0 59.0 0.0 0.0 5.0
13 59.0 59.0 0.0 0.0 5.0
14 59.0 59.0 0.0 0.0 5.0
15 66.0 66.0 0.0 0.0 5.0
16 66.0 66.0 0.0 0.0 5.0
17 66.0 66.0 0.0 0.0 5.0
18 66.0 66.0 0.0 0.0 5.0
19 66.0 66.0 0.0 0.0 5.0
20 66.0 66.0 0.0 0.0 5.0
21 66.0 66.0 0.0 0.0 5.0
22 66.0 66.0 0.0 0.0 5.0
23 66.0 66.0 0.0 0.0 5.0
24 66.0 66.0 0.0 0.0 5.0
25 66.0 66.0 0.0 0.0 5.0
26 66.0 66.0 0.0 0.0 5.0
27 66.0 66.0 0.0 0.0 5.0
28 66.0 66.0 0.0 0.0 5.0
29 66.0 66.0 0.0 0.0 5.0
30 66.0 66.0 0.0 0.0 5.0
31 66.0 66.0 0.0 0.0 5.0
32 66.0 66.0 0.0 0.0 5.0
33 66.0 66.0 0.0 0.0 5.0
34 66.0 66.0 0.0 0.0 5.0
35 66.0 66.0 0.0 0.0 5.0
36 66.0 66.0 0.0 0.0 5.0
37 66.0 66.0 0.0 0.0 5.0
38 66.0 66.0 0.0 0.0 5.0
39 66.0 66.0 0.0 0.0 5.0
40 66.0 66.0 0.0 0.0 5.0
41 66.0 66.0 0.0 0.0 5.0
42 66.0 66.0 0.0 0.0 5.0
43 66.0 66.0 0.0 0.0 5.0
44 66.0 66.0 0.0 0.0 5.0
45 66.0 66.0 0.0 0.0 5.0
46 66.0 66.0 0.0 0.0 5.0
47 66.0 66.0 0.0 0.0 5.0
48 66.0 66.0 0.0 0.0 5.0
49 66.0 66.0 0.0 0.0 5.0
50 66.0 66.0 0.0 0.0 5.0
51 66.0 66.0 0.0 0.0 5.0
52 66.0 66.0 0.0 0.0 5.0
53 66.0 66.0 0.0 0.0 4.0
54 66.0 66.0 0.0 0.0 4.0
55 66.0 66.0 0.0 0.0 4.0
56 69.0 69.0 0.0 0.0 4.0
57 69.0 69.0 0.0 0.0 4.0
58 69.0 69.0 0.0 0.0 4.0
59 69.0 69.0 0.0 0.0 4.0
60 69.0 69.0 0.0 0.0 4.0
61 69.0 69.0 0.0 0.0 4.0
62 69.0 69.0 0.0 0.0 4.0
63 69.0 69.0 0.0 0.0 4.0
64 69.0 69.0 0.0 0.0 4.0
65 69.0 69.0 0.0 0.0 4.0
66 69.0 69.0 0.0 0.0 4.0
67 69.0 69.0 0.0 0.0 4.0
68 69.0 69.0 0.0 0.0 4.0
69 69.0 69.0 0.0 0.0 4.0
70 69.0 69.0 0.0 0.0 4.0
71 69.0 69.0 0.0 0.0 4.0
72 69.0 69.0 0.0 0.0 4.0
73 69.0 69.0 0.0 0.0 4.0
74 69.0 69.0 0.0 0.0 4.0
75 69.0 69.0 0.0 0.0 4.0
76 69.0 69.0 0.0 0.0 4.0
77 69.0 69.0 0.0 0.0 4.0
78 71.0 71.0 0.0 0.0 4.0
79 71.0 71.0 0.0 0.0 4.0
80 71.0 71.0 0.0 0.0 4.0
81 71.0 71.0 0.0 0.0 4.0
82 71.0 71.0 0.0 0.0 4.0
83 71.0 71.0 0.0 0.0 4.0
84 71.0 71.0 0.0 0.0 4.0
85 74.0 74.0 0.0 0.0 4.0
86 74.0 74.0 0.0 0.0 4.0
87 74.0 74.0 0.0 0.0 4.0
88 74.0 74.0 0.0 0.0 4.0
89 74.0 74.0 0.0 0.0 4.0
90 74.0 74.0 0.0 0.0 4.0
91 74.0 74.0 0.0 0.0 4.0
92 74.0 74.0 0.0 0.0 4.0
93 74.0 74.0 0.0 0.0 4.0
94 74.0 74.0 0.0 0.0 4.0
95 74.0 74.0 0.0 0.0 4.0
96 74.0 74.0 0.0 0.0 4.0
97 74.0 74.0 0.0 0.0 4.0
98 74.0 74.0 0.0 0.0 4.0
99 74.0 74.0 0.0 0.0 4.0
100 74.0 74.0 0.0 0.0 4.0
101 74.0 74.0 0.0 0.0 4.0
102 74.0 74.0 0.0 0.0 4.0
103 74.0 74.0 0.0 0.0 4.0
104 74.0 74.0 0.0 0.0 4.0
105 74.0 74.0 0.0 0.0 4.0
106 74.0 74.0 0.0 0.0 4.0
107 74.0 74.0 0.0 0.0 4.0
108 74.0 74.0 0.0 0.0 4.0
109 74.0 74.0 0.0 0.0 4.0
110 74.0 74.0 0.0 0.0 4.0
111 74.0 74.0 0.0 0.0 4.0
112 74.0 74.0 0.0 0.0 4.0
113 74.0 74.0 0.0 0.0 4.0
114 74.0 74.0 0.0 0.0 4.0
115 74.0 74.0 0.0 0.0 4.0
116 74.0 74.0 0.0 0.0 4.0
117 74.0 74.0 0.0 0.0 4.0
118 74.0 74.0 0.0 0.0 4.0
119 74.0 74.0 0.0 0.0 4.0
120 74.0 74.0 0.0 0.0 4.0
121 74.0 74.0 0.0 0.0 4.0
122 74.0 74.0 0.0 0.0 4.0
123 74.0 74.0 0.0 0.0 4.0
124 74.0 74.0 0.0 0.0 4.0
125 74.0 74.0 0.0 0.0 4.0
126 74.0 74.0 0.0 0.0 4.0
127 74.0 74.0 0.0 0.0 4.0
128 74.0 74.0 0.0 0.0 4.0
129 74.0 74.0 0.0 0.0 4.0
130 74.0 74.0 0.0 0.0 4.0
131 74.0 74.0 0.0 0.0 4.0
132 74.0 74.0 0.0 0.0 4.0
133 74.0 74.0 0.0 0.0 4.0
134 74.0 74.0 0.0 0.0 4.0
135 74.0 74.0 0.0 0.0 4.0
136 74.0 74.0 0.0 0.0 4.0
137 74.0 74.0 0.0 0.0 4.0
138 74.0 74.0 0.0 0.0 4.0
139 74.0 74.0 0.0 0.0 4.0
140 74.0 74.0 0.0 0.0 4.0
141 74.0 74.0 0.0 0.0 4.0
142 74.0 74.0 0.0 0.0 4.0
143 74.0 74.0 0.0 0.0 4.0
144 74.0 74.0 0.0 0.0 4.0
145 74.0 74.0 0.0 0.0 4.0
146 74.0 74.0 0.0 0.0 4.0
147 74.0 74.0 0.0 0.0 4.0
148 74.0 74.0 0.0 0.0 4.0
149 74.0 74.0 0.0 0.0 4.0
150 74.0 74.0 0.0 0.0 4.0
151 74.0 74.0 0.0 0.0 4.0
152 74.0 74.0 0.0 0.0 4.0
153 74.0 74.0 0.0 0.0 4.0
154 74.0 74.0 0.0 0.0 4.0
155 74.0 74.0 0.0 0.0 4.0
156 74.0 74.0 0.0 0.0 4.0
157 74.0 74.0 0.0 0.0 4.0
158 74.0 74.0 0.0 0.0 4.0
159 74.0 74.0 0.0 0.0 4.0
160 74.0 74.0 0.0 0.0 4.0
161 74.0 74.0 0.0 0.0 4.0
162 74.0 74.0 0.0 0.0 4.0
163 74.0 74.0 0.0 0.0 4.0
164 74.0 74.0 0.0 0.0 4.0
165 74.0 74.0 0.0 0.0 4.0
166 74.0 74.0 0.0 0.0 4.0
167 74.0 74.0 0.0 0.0 4.0
168 74.0 74.0 0.0 0.0 4.0
169 74.0 74.0 0.0 0.0 4.0
170 74.0 74.0 0.0 0.0 4.0
171 74.0 74.0 0.0 0.0 4.0
172 74.0 74.0 0.0 0.0 4.0
173 74.0 74.0 0.0 0.0 4.0
174 74.0 74.0 0.0 0.0 4.0
175 74.0 74.0 0.0 0.0 4.0
176 74.0 74.0 0.0 0.0 4.0
177 74.0 74.0 0.0 0.0 4.0
178 74.0 74.0 0.0 0.0 4.0
179 74.0 74.0 0.0 0.0 4.0
180 74.0 74.0 0.0 0.0 4.0
181 74.0 74.0 0.0 0.0 4.0
182 74.0 74.0 0.0 0.0 4.0
183 74.0 74.0 0.0 0.0 4.0
184 74.0 74.0 0.0 0.0 4.0
185 74.0 74.0 0.0 0.0 4.0
186 74.0 74.0 0.0 0.0 4.0
187 74.0 74.0 0.0 0.0 4.0
188 74.0 74.0 0.0 0.0 4.0
189 74.0 74.0 0.0 0.0 4.0
190 74.0 74.0 0.0 0.0 4.0
191 74.0 74.0 0.0 0.0 4.0
192 74.0 74.0 0.0 0.0 4.0
193 76.0 76.0 0.0 0.0 4.0
194 76.0 76.0 0.0 0.0 4.0
195 76.0 76.0 0.0 0.0 4.0
196 76.0 76.0 0.0 0.0 4.0
197 76.0 76.0 0.0 0.0 4.0
198 76.0 76.0 0.0 0.0 4.0
199 76.0 76.0 0.0 0.0 4.0
200 76.0 76.0 0.0 0.0 4.0
201 76.0 76.0 0.0 0.0 4.0
202 76.0 76.0 0.0 0.0 4.0
203 76.0 76.0 0.0 0.0 4.0
204 76.0 76.0 0.0 0.0 4.0
205 76.0 76.0 0.0 0.0 4.0
206 76.0 76.0 0.0 0.0 4.0
207 76.0 76.0 0.0 0.0 4.0
208 76.0 76.0 0.0 0.0 4.0
209 76.0 76.0 0.0 0.0 4.0
210 76.0 76.0 0.0 0.0 4.0
211 76.0 76.0 0.0 0.0 4.0
212 76.0 76.0 0.0 0.0 4.0
213 76.0 76.0 0.0 0.0 4.0
214 76.0 76.0 0.0 0.0 4.0
215 76.0 76.0 0.0 0.0 4.0
216 76.0 76.0 0.0 0.0 4.0
217 76.0 76.0 0.0 0.0 4.0
218 76.0 76.0 0.0 0.0 4.0
219 76.0 76.0 0.0 0.0 4.0
220 76.0 76.0 0.0 0.0 4.0
221 76.0 76.0 0.0 0.0 4.0
222 76.0 76.0 0.0 0.0 4.0
223 76.0 76.0 0.0 0.0 4.0
224 76.0 76.0 0.0 0.0 4.0
225 76.0 76.0 0.0 0.0 4.0
226 76.0 76.0 0.0 0.0 4.0
227 76.0 76.0 0.0 0.0 4.0
228 76.0 76.0 0.0 0.0 4.0
229 76.0 76.0 0.0 0.0 4.0
230 76.0 76.0 0.0 0.0 4.0
231 76.0 76.0 0.0 0.0 4.0
232 76.0 76.0 0.0 0.0 4.0
233 76.0 76.0 0.0 0.0 4.0
234 76.0 76.0 0.0 0.0 4.0
235 76.0 76.0 0.0 0.0 4.0
236 76.0 76.0 0.0 0.0 4.0
237 76.0 76.0 0.0 0.0 4.0
238 76.0 76.0 0.0 0.0 4.0
239 76.0 76.0 0.0 0.0 4.0
240 76.0 76.0 0.0 0.0 4.0
241 76.0 76.0 0.0 0.0 4.0
242 76.0 76.0 0.0 0.0 4.0
243 76.0 76.0 0.0 0.0 4.0
244 76.0 76.0 0.0 0.0 4.0
245 76.0 76.0 0.0 0.0 4.0
246 76.0 76.0 0.0 0.0 4.0
247 76.0 76.0 0.0 0.0 4.0
248 76.0 76.0 0.0 0.0 4.0
249 76.0 76.0 0.0 0.0 4.0
250 76.0 76.0 0.0 0.0 4.0
251 76.0 76.0 0.0 0.0 4.0
252 76.0 76.0 0.0 0.0 4.0
253 76.0 76.0 0.0 0.0 4.0
254 76.0 76.0 0.0 0.0 4.0
255 76.0 76.0 0.0 0.0 4.0
256 76.0 76.0 0.0 0.0 4.0
257 76.0 76.0 0.0 0.0 4.0
258 76.0 76.0 0.0 0.0 4.0
259 76.0 76.0 0.0 0.0 4.0
260 76.0 76.0 0.0 0.0 4.0
261 76.0 76.0 0.0 0.0 4.0
262 76.0 76.0 0.0 0.0 4.0
263 76.0 76.0 0.0 0.0 4.0
264 76.0 76.0 0.0 0.0 4.0
265 76.0 76.0 0.0 0.0 4.0
266 76.0 76.0 0.0 0.0 4.0
267 76.0 76.0 0.0 0.0 4.0
268 76.0 76.0 0.0 0.0 4.0
269 76.0 76.0 0.0 0.0 4.0
270 76.0 76.0 0.0 0.0 4.0
271 76.0 76.0 0.0 0.0 4.0
272 76.0 76.0 0.0 0.0 4.0
273 76.0 76.0 0.0 0.0 4.0
274 76.0 76.0 0.0 0.0 4.0
275 76.0 76.0 0.0 0.0 4.0
276 76.0 76.0 0.0 0.0 4.0
277 76.0 76.0 0.0 0.0 4.0
278 76.0 76.0 0.0 0.0 4.0
279 76.0 76.0 0.0 0.0 4.0
280 76.0 76.0 0.0 0.0 4.0
281 76.0 76.0 0.0 0.0 4.0
282 76.0 76.0 0.0 0.0 4.0
283 76.0 76.0 0.0 0.0 4.0
284 76.0 76.0 0.0 0.0 4.0
285 76.0 76.0 0.0 0.0 4.0
286 76.0 76.0 0.0 0.0 4.0
287 76.0 76.0 0.0 0.0 4.0
288 76.0 76.0 0.0 0.0 4.0
289 76.0 76.0 0.0 0.0 4.0
290 76.0 76.0 0.0 0.0 4.0
291 76.0 76.0 0.0 0.0 4.0
292 76.0 76.0 0.0 0.0 4.0
293 76.0 76.0 0.0 0.0 4.0
294 76.0 76.0 0.0 0.0 4.0
295 76.0 76.0 0.0 0.0 4.0
296 76.0 76.0 0.0 0.0 4.0
297 76.0 76.0 0.0 0.0 4.0
298 76.0 76.0 0.0 0.0 4.0
299 76.0 76.0 0.0 0.0 4.0
300 76.0 76.0 0.0 0.0 4.0
301 76.0 76.0 0.0 0.0 4.0
302 76.0 76.0 0.0 0.0 4.0
303 76.0 76.0 0.0 0.0 4.0
304 76.0 76.0 0.0 0.0 4.0
305 76.0 76.0 0.0 0.0 4.0
306 76.0 76.0 0.0 0.0 4.0
307 76.0 76.0 0.0 0.0 4.0
308 76.0 76.0 0.0 0.0 4.0
309 76.0 76.0 0.0 0.0 4.0
310 76.0 76.0 0.0 0.0 4.0
311 76.0 76.0 0.0 0.0 4.0
312 76.0 76.0 0.0 0.0 4.0
313 76.0 76.0 0.0 0.0 4.0
314 76.0 76.0 0.0 0.0 4.0
315 76.0 76.0 0.0 0.0 4.0
316 76.0 76.0 0.0 0.0 4.0
317 76.0 76.0 0.0 0.0 4.0
318 76.0 76.0 0.0 0.0 4.0
319 76.0 76.0 0.0 0.0 4.0
320 76.0 76.0 0.0 0.0 4.0
321 76.0 76.0 0.0 0.0 4.0
322 76.0 76.0 0.0 0.0 4.0
323 76.0 76.0 0.0 0.0 4.0
324 76.0 76.0 0.0 0.0 4.0
325 76.0 76.0 0.0 0.0 4.0
326 76.0 76.0 0.0 0.0 4.0
327 76.0 76.0 0.0 0.0 4.0
328 76.0 76.0 0.0 0.0 4.0
329 76.0 76.0 0.0 0.0 4.0
330 76.0 76.0 0.0 0.0 4.0
331 76.0 76.0 0.0 0.0 4.0
332 76.0 76.0 0.0 0.0 4.0
333 76.0 76.0 0.0 0.0 4.0
334 76.0 76.0 0.0 0.0 4.0
335 76.0 76.0 0.0 0.0 4.0
336 76.0 76.0 0.0 0.0 4.0
337 76.0 76.0 0.0 0.0 4.0
338 76.0 76.0 0.0 0.0 4.0
339 76.0 76.0 0.0 0.0 4.0
340 76.0 76.0 0.0 0.0 4.0
341 76.0 76.0 0.0 0.0 4.0
342 76.0 76.0 0.0 0.0 4.0
343 76.0 76.0 0.0 0.0 4.0
344 76.0 76.0 0.0 0.0 4.0
345 76.0 76.0 0.0 0.0 4.0
346 76.0 76.0 0.0 0.0 4.0
347 76.0 76.0 0.0 0.0 4.0
348 76.0 76.0 0.0 0.0 4.0
349 76.0 76.0 0.0 0.0 4.0
350 76.0 76.0 0.0 0.0 4.0
351 76.0 76.0 0.0 0.0 4.0
352 76.0 76.0 0.0 0.0 4.0
353 76.0 76.0 0.0 0.0 4.0
354 76.0 76.0 0.0 0.0 4.0
355 76.0 76.0 0.0 0.0 4.0
356 76.0 76.0 0.0 0.0 4.0
357 76.0 76.0 0.0 0.0 4.0
358 76.0 76.0 0.0 0.0 4.0
359 76.0 76.0 0.0 0.0 4.0
360 76.0 76.0 0.0 0.0 4.0
361 76.0 76.0 0.0 0.0 4.0
362 76.0 76.0 0.0 0.0 4.0
363 76.0 76.0 0.0 0.0 4.0
364 76.0 76.0 0.0 0.0 4.0
365 76.0 76.0 0.0 0.0 4.0
366 76.0 76.0 0.0 0.0 4.0
367 76.0 76.0 0.0 0.0 4.0
368 76.0 76.0 0.0 0.0 4.0
369 76.0 76.0 0.0 0.0 4.0
370 76.0 76.0 0.0 0.0 4.0
371 76.0 76.0 0.0 0.0 4.0
372 76.0 76.0 0.0 0.0 4.0
373 76.0 76.0 0.0 0.0 4.0
374 76.0 76.0 0.0 0.0 4.0
375 76.0 76.0 0.0 0.0 4.0
376 76.0 76.0 0.0 0.0 4.0
377 76.0 76.0 0.0 0.0 4.0
378 76.0 76.0 0.0 0.0 4.0
379 76.0 76.0 0.0 0.0 4.0
380 76.0 76.0 0.0 0.0 4.0
381 76.0 76.0 0.0 0.0 4.0
382 76.0 76.0 0.0 0.0 4.0
383 76.0 76.0 0.0 0.0 4.0
384 76.0 76.0 0.0 0.0 4.0
385 76.0 76.0 0.0 0.0 4.0
386 76.0 76.0 0.0 0.0 4.0
387 76.0 76.0 0.0 0.0 4.0
388 76.0 76.0 0.0 0.0 4.0
389 76.0 76.0 0.0 0.0 4.0
390 76.0 76.0 0.0 0.0 4.0
391 76.0 76.0 0.0 0.0 4.0
392 76.0 76.0 0.0 0.0 4.0
393 76.0 76.0 0.0 0.0 4.0
394 76.0 76.0 0.0 0.0 4.0
395 76.0 76.0 0.0 0.0 4.0
396 76.0 76.0 0.0 0.0 4.0
397 76.0 76.0 0.0 0.0 4.0
398 76.0 76.0 0.0 0.0 4.0
399 76.0 76.0 0.0 0.0 4.0
400 76.0 76.0 0.0 0.0 4.0
401 76.0 76.0 0.0 0.0 4.0
402 76.0 76.0 0.0 0.0 4.0
403 76.0 76.0 0.0 0.0 4.0
404 76.0 76.0 0.0 0.0 4.0
405 76.0 76.0 0.0 0.0 4.0
406 76.0 76.0 0.0 0.0 4.0
407 76.0 76.0 0.0 0.0 4.0
408 76.0 76.0 0.0 0.0 4.0
409 76.0 76.0 0.0 0.0 4.0
410 76.0 76.0 0.0 0.0 4.0
411 76.0 76.0 0.0 0.0 4.0
412 76.0 76.0 0.0 0.0 4.0
413 76.0 76.0 0.0 0.0 4.0
414 76.0 76.0 0.0 0.0 4.0
415 76.0 76.0 0.0 0.0 4.0
416 76.0 76.0 0.0 0.0 4.0
417 76.0 76.0 0.0 0.0 4.0
418 76.0 76.0 0.0 0.0 4.0
419 76.0 76.0 0.0 0.0 4.0
420 76.0 76.0 0.0 0.0 4.0
421 76.0 76.0 0.0 0.0 4.0
422 76.0 76.0 0.0 0.0 4.0
423 76.0 76.0 0.0 0.0 4.0
424 76.0 76.0 0.0 0.0 4.0
425 76.0 76.0 0.0 0.0 4.0
426 76.0 76.0 0.0 0.0 4.0
427 76.0 76.0 0.0 0.0 4.0
428 76.0 76.0 0.0 0.0 4.0
429 76.0 76.0 0.0 0.0 4.0
430 76.0 76.0 0.0 0.0 4.0
431 76.0 76.0 0.0 0.0 4.0
432 76.0 76.0 0.0 0.0 4.0
433 76.0 76.0 0.0 0.0 4.0
434 76.0 76.0 0.0 0.0 4.0
435 76.0 76.0 0.0 0.0 4.0
436 76.0 76.0 0.0 0.0 4.0
437 76.0 76.0 0.0 0.0 4.0
438 76.0 76.0 0.0 0.0 4.0
439 76.0 76.0 0.0 0.0 4.0
440 76.0 76.0 0.0 0.0 4.0
441 76.0 76.0 0.0 0.0 4.0
442 76.0 76.0 0.0 0.0 4.0
443 76.0 76.0 0.0 0.0 4.0
444 76.0 76.0 0.0 0.0 4.0
445 76.0 76.0 0.0 0.0 4.0
446 76.0 76.0 0.0 0.0 4.0
447 76.0 76.0 0.0 0.0 4.0
448 76.0 76.0 0.0 0.0 4.0
449 76.0 76.0 0.0 0.0 4.0
450 76.0 76.0 0.0 0.0 4.0
451 76.0 76.0 0.0 0.0 4.0
452 76.0 76.0 0.0 0.0 4.0
453 76.0 76.0 0.0 0.0 4.0
454 76.0 76.0 0.0 0.0 4.0
455 76.0 76.0 0.0 0.0 4.0
456 76.0 76.0 0.0 0.0 4.0
457 76.0 76.0 0.0 0.0 4.0
458 76.0 76.0 0.0 0.0 4.0
459 76.0 76.0 0.0 0.0 4.0
460 76.0 76.0 0.0 0.0 4.0
461 76.0 76.0 0.0 0.0 4.0
462 76.0 76.0 0.0 0.0 4.0
463 76.0 76.0 0.0 0.0 4.0
464 76.0 76.0 0.0 0.0 4.0
465 76.0 76.0 0.0 0.0 4.0
466 76.0 76.0 0.0 0.0 4.0
467 76.0 76.0 0.0 0.0 4.0
468 76.0 76.0 0.0 0.0 4.0
469 76.0 76.0 0.0 0.0 4.0
470 76.0 76.0 0.0 0.0 4.0
471 76.0 76.0 0.0 0.0 4.0
472 76.0 76.0 0.0 0.0 4.0
473 76.0 76.0 0.0 0.0 4.0
474 76.0 76.0 0.0 0.0 4.0
475 76.0 76.0 0.0 0.0 4.0
476 76.0 76.0 0.0 0.0 4.0
477 76.0 76.0 0.0 0.0 4.0
478 76.0 76.0 0.0 0.0 4.0
479 76.0 76.0 0.0 0.0 4.0
480 76.0 76.0 0.0 0.0 4.0
481 76.0 76.0 0.0 0.0 4.0
482 76.0 76.0 0.0 0.0 4.0
483 76.0 76.0 0.0 0.0 4.0
484 76.0 76.0 0.0 0.0 4.0
485 76.0 76.0 0.0 0.0 4.0
486 76.0 76.0 0.0 0.0 4.0
487 76.0 76.0 0.0 0.0 4.0
488 76.0 76.0 0.0 0.0 4.0
489 76.0 76.0 0.0 0.0 4.0
490 76.0 76.0 0.0 0.0 4.0
491 76.0 76.0 0.0 0.0 4.0
492 76.0 76.0 0.0 0.0 4.0
493 76.0 76.0 0.0 0.0 4.0
494 76.0 76.0 0.0 0.0 4.0
495 76.0 76.0 0.0 0.0 4.0
496 76.0 76.0 0.0 0.0 4.0
497 76.0 76.0 0.0 0.0 4.0
498 76.0 76.0 0.0 0.0 4.0
499 76.0 76.0 0.0 0.0 4.0
500 76.0 76.0 0.0 0.0 4.0
501 76.0 76.0 0.0 0.0 4.0
502 76.0 76.0 0.0 0.0 4.0
503 76.0 76.0 0.0 0.0 4.0
504 76.0 76.0 0.0 0.0 4.0
505 76.0 76.0 0.0 0.0 4.0
506 76.0 76.0 0.0 0.0 4.0
507 76.0 76.0 0.0 0.0 4.0
508 76.0 76.0 0.0 0.0 4.0
509 76.0 76.0 0.0 0.0 4.0
510 76.0 76.0 0.0 0.0 4.0
511 76.0 76.0 0.0 0.0 4.0
512 76.0 76.0 0.0 0.0 4.0
513 76.0 76.0 0.0 0.0 4.0
514 76.0 76.0 0.0 0.0 4.0
515 76.0 76.0 0.0 0.0 4.0
516 76.0 76.0 0.0 0.0 4.0
517 76.0 76.0 0.0 0.0 4.0
518 76.0 76.0 0.0 0.0 4.0
519 76.0 76.0 0.0 0.0 4.0
520 76.0 76.0 0.0 0.0 4.0
521 76.0 76.0 0.0 0.0 4.0
522 76.0 76.0 0.0 0.0 4.0
523 76.0 76.0 0.0 0.0 4.0
524 76.0 76.0 0.0 0.0 4.0
525 76.0 76.0 0.0 0.0 4.0
526 76.0 76.0 0.0 0.0 4.0
527 76.0 76.0 0.0 0.0 4.0
528 76.0 76.0 0.0 0.0 4.0
529 76.0 76.0 0.0 0.0 4.0
530 76.0 76.0 0.0 0.0 4.0
531 76.0 76.0 0.0 0.0 4.0
532 76.0 76.0 0.0 0.0 4.0
533 76.0 76.0 0.0 0.0 4.0
534 76.0 76.0 0.0 0.0 4.0
535 76.0 76.0 0.0 0.0 4.0
536 76.0 76.0 0.0 0.0 4.0
537 76.0 76.0 0.0 0.0 4.0
538 76.0 76.0 0.0 0.0 4.0
539 76.0 76.0 0.0 0.0 4.0
540 76.0 76.0 0.0 0.0 4.0
541 76.0 76.0 0.0 0.0 4.0
542 76.0 76.0 0.0 0.0 4.0
543 76.0 76.0 0.0 0.0 4.0
544 76.0 76.0 0.0 0.0 4.0
545 76.0 76.0 0.0 0.0 4.0
546 76.0 76.0 0.0 0.0 4.0
547 76.0 76.0 0.0 0.0 4.0
548 76.0 76.0 0.0 0.0 4.0
549 76.0 76.0 0.0 0.0 4.0
550 76.0 76.0 0.0 0.0 4.0
551 76.0 76.0 0.0 0.0 4.0
552 76.0 76.0 0.0 0.0 4.0
553 76.0 76.0 0.0 0.0 4.0
554 76.0 76.0 0.0 0.0 4.0
555 76.0 76.0 0.0 0.0 4.0
556 76.0 76.0 0.0 0.0 4.0
557 76.0 76.0 0.0 0.0 4.0
558 76.0 76.0 0.0 0.0 4.0
559 76.0 76.0 0.0 0.0 4.0
560 76.0 76.0 0.0 0.0 4.0
561 76.0 76.0 0.0 0.0 4.0
562 76.0 76.0 0.0 0.0 4.0
563 76.0 76.0 0.0 0.0 4.0
564 76.0 76.0 0.0 0.0 4.0
565 76.0 76.0 0.0 0.0 4.0
566 76.0 76.0 0.0 0.0 4.0
567 76.0 76.0 0.0 0.0 4.0
568 76.0 76.0 0.0 0.0 4.0
569 76.0 76.0 0.0 0.0 4.0
570 76.0 76.0 0.0 0.0 4.0
571 76.0 76.0 0.0 0.0 4.0
572 76.0 76.0 0.0 0.0 4.0
573 76.0 76.0 0.0 0.0 4.0
574 76.0 76.0 0.0 0.0 4.0
575 76.0 76.0 0.0 0.0 4.0
576 76.0 76.0 0.0 0.0 4.0
577 76.0 76.0 0.0 0.0 4.0
578 76.0 76.0 0.0 0.0 4.0
579 76.0 76.0 0.0 0.0 4.0
580 76.0 76.0 0.0 0.0 4.0
581 76.0 76.0 0.0 0.0 4.0
582 76.0 76.0 0.0 0.0 4.0
583 76.0 76.0 0.0 0.0 4.0
584 76.0 76.0 0.0 0.0 4.0
585 76.0 76.0 0.0 0.0 4.0
586 76.0 76.0 0.0 0.0 4.0
587 76.0 76.0 0.0 0.0 4.0
588 76.0 76.0 0.0 0.0 4.0
589 76.0 76.0 0.0 0.0 4.0
590 76.0 76.0 0.0 0.0 4.0
591 76.0 76.0 0.0 0.0 4.0
592 76.0 76.0 0.0 0.0 4.0
593 76.0 76.0 0.0 0.0 4.0
594 76.0 76.0 0.0 0.0 4.0
595 76.0 76.0 0.0 0.0 4.0
596 76.0 76.0 0.0 0.0 4.0
597 76.0 76.0 0.0 0.0 4.0
598 76.0 76.0 0.0 0.0 4.0
599 76.0 76.0 0.0 0.0 4.0
600 76.0 76.0 0.0 0.0 4.0
601 76.0 76.0 0.0 0.0 4.0
602 76.0 76.0 0.0 0.0 4.0
603 76.0 76.0 0.0 0.0 4.0
604 76.0 76.0 0.0 0.0 4.0
605 76.0 76.0 0.0 0.0 4.0
606 76.0 76.0 0.0 0.0 4.0
607 76.0 76.0 0.0 0.0 4.0
608 76.0 76.0 0.0 0.0 4.0
609 76.0 76.0 0.0 0.0 4.0
610 76.0 76.0 0.0 0.0 4.0
611 76.0 76.0 0.0 0.0 4.0
612 76.0 76.0 0.0 0.0 4.0
613 76.0 76.0 0.0 0.0 4.0
614 76.0 76.0 0.0 0.0 4.0
615 76.0 76.0 0.0 0.0 4.0
616 76.0 76.0 0.0 0.0 4.0
617 76.0 76.0 0.0 0.0 4.0
618 76.0 76.0 0.0 0.0 4.0
619 76.0 76.0 0.0 0.0 4.0
620 76.0 76.0 0.0 0.0 4.0
621 76.0 76.0 0.0 0.0 4.0
622 76.0 76.0 0.0 0.0 4.0
623 76.0 76.0 0.0 0.0 4.0
624 76.0 76.0 0.0 0.0 4.0
625 76.0 76.0 0.0 0.0 4.0
626 76.0 76.0 0.0 0.0 4.0
627 76.0 76.0 0.0 0.0 4.0
628 76.0 76.0 0.0 0.0 4.0
629 76.0 76.0 0.0 0.0 4.0
630 76.0 76.0 0.0 0.0 4.0
631 76.0 76.0 0.0 0.0 4.0
632 76.0 76.0 0.0 0.0 4.0
633 76.0 76.0 0.0 0.0 4.0
634 76.0 76.0 0.0 0.0 4.0
635 76.0 76.0 0.0 0.0 4.0
636 76.0 76.0 0.0 0.0 4.0
637 76.0 76.0 0.0 0.0 4.0
638 76.0 76.0 0.0 0.0 4.0
639 76.0 76.0 0.0 0.0 4.0
640 76.0 76.0 0.0 0.0 4.0
641 76.0 76.0 0.0 0.0 4.0
642 76.0 76.0 0.0 0.0 4.0
643 76.0 76.0 0.0 0.0 4.0
644 76.0 76.0 0.0 0.0 4.0
645 76.0 76.0 0.0 0.0 4.0
646 76.0 76.0 0.0 0.0 4.0
647 76.0 76.0 0.0 0.0 4.0
648 76.0 76.0 0.0 0.0 4.0
649 76.0 76.0 0.0 0.0 4.0
650 76.0 76.0 0.0 0.0 4.0
651 76.0 76.0 0.0 0.0 4.0
652 76.0 76.0 0.0 0.0 4.0
653 76.0 76.0 0.0 0.0 4.0
654 76.0 76.0 0.0 0.0 4.0
655 76.0 76.0 0.0 0.0 4.0
656 76.0 76.0 0.0 0.0 4.0
657 76.0 76.0 0.0 0.0 4.0
658 76.0 76.0 0.0 0.0 4.0
659 76.0 76.0 0.0 0.0 4.0
660 76.0 76.0 0.0 0.0 4.0
661 76.0 76.0 0.0 0.0 4.0
662 76.0 76.0 0.0 0.0 4.0
663 76.0 76.0 0.0 0.0 4.0
664 76.0 76.0 0.0 0.0 4.0
665 76.0 76.0 0.0 0.0 4.0
666 76.0 76.0 0.0 0.0 4.0
667 76.0 76.0 0.0 0.0 4.0
668 76.0 76.0 0.0 0.0 4.0
669 76.0 76.0 0.0 0.0 4.0
670 76.0 76.0 0.0 0.0 4.0
671 76.0 76.0 0.0 0.0 4.0
672 76.0 76.0 0.0 0.0 4.0
673 76.0 76.0 0.0 0.0 4.0
674 76.0 76.0 0.0 0.0 4.0
675 76.0 76.0 0.0 0.0 4.0
676 76.0 76.0 0.0 0.0 4.0
677 76.0 76.0 0.0 0.0 4.0
678 76.0 76.0 0.0 0.0 4.0
679 76.0 76.0 0.0 0.0 4.0
680 76.0 76.0 0.0 0.0 4.0
681 76.0 76.0 0.0 0.0 4.0
682 76.0 76.0 0.0 0.0 4.0
683 76.0 76.0 0.0 0.0 4.0
684 76.0 76.0 0.0 0.0 4.0
685 76.0 76.0 0.0 0.0 4.0
686 76.0 76.0 0.0 0.0 4.0
687 76.0 76.0 0.0 0.0 4.0
688 76.0 76.0 0.0 0.0 4.0
689 76.0 76.0 0.0 0.0 4.0
690 76.0 76.0 0.0 0.0 4.0
691 76.0 76.0 0.0 0.0 4.0
692 76.0 76.0 0.0 0.0 4.0
693 76.0 76.0 0.0 0.0 4.0
694 76.0 76.0 0.0 0.0 4.0
695 76.0 76.0 0.0 0.0 4.0
696 76.0 76.0 0.0 0.0 4.0
697 76.0 76.0 0.0 0.0 4.0
698 76.0 76.0 0.0 0.0 4.0
699 76.0 76.0 0.0 0.0 4.0
700 76.0 76.0 0.0 0.0 4.0
701 76.0 76.0 0.0 0.0 4.0
702 76.0 76.0 0.0 0.0 4.0
703 76.0 76.0 0.0 0.0 4.0
704 76.0 76.0 0.0 0.0 4.0
705 76.0 76.0 0.0 0.0 4.0
706 76.0 76.0 0.0 0.0 4.0
707 76.0 76.0 0.0 0.0 4.0
708 76.0 76.0 0.0 0.0 4.0
709 76.0 76.0 0.0 0.0 4.0
710 76.0 76.0 0.0 0.0 4.0
711 76.0 76.0 0.0 0.0 4.0
712 76.0 76.0 0.0 0.0 4.0
713 76.0 76.0 0.0 0.0 4.0
714 76.0 76.0 0.0 0.0 4.0
715 76.0 76.0 0.0 0.0 4.0
716 76.0 76.0 0.0 0.0 4.0
717 76.0 76.0 0.0 0.0 4.0
718 76.0 76.0 0.0 0.0 4.0
719 76.0 76.0 0.0 0.0 4.0
720 76.0 76.0 0.0 0.0 4.0
721 76.0 76.0 0.0 0.0 4.0
722 76.0 76.0 0.0 0.0 4.0
723 76.0 76.0 0.0 0.0 4.0
724 76.0 76.0 0.0 0.0 4.0
725 76.0 76.0 0.0 0.0 4.0
726 76.0 76.0 0.0 0.0 4.0
727 76.0 76.0 0.0 0.0 4.0
728 76.0 76.0 0.0 0.0 4.0
729 76.0 76.0 0.0 0.0 4.0
730 76.0 76.0 0.0 0.0 4.0
731 76.0 76.0 0.0 0.0 4.0
732 76.0 76.0 0.0 0.0 4.0
733 76.0 76.0 0.0 0.0 4.0
734 76.0 76.0 0.0 0.0 4.0
735 76.0 76.0 0.0 0.0 4.0
736 76.0 76.0 0.0 0.0 4.0
737 76.0 76.0 0.0 0.0 4.0
738 76.0 76.0 0.0 0.0 4.0
739 76.0 76.0 0.0 0.0 4.0
740 76.0 76.0 0.0 0.0 4.0
741 76.0 76.0 0.0 0.0 4.0
742 76.0 76.0 0.0 0.0 4.0
743 76.0 76.0 0.0 0.0 4.0
744 76.0 76.0 0.0 0.0 4.0
745 76.0 76.0 0.0 0.0 4.0
746 76.0 76.0 0.0 0.0 4.0
747 76.0 76.0 0.0 0.0 4.0
748 76.0 76.0 0.0 0.0 4.0
749 76.0 76.0 0.0 0.0 4.0
750 76.0 76.0 0.0 0.0 4.0
751 76.0 76.0 0.0 0.0 4.0
752 76.0 76.0 0.0 0.0 4.0
753 76.0 76.0 0.0 0.0 4.0
754 76.0 76.0 0.0 0.0 4.0
755 76.0 76.0 0.0 0.0 4.0
756 76.0 76.0 0.0 0.0 4.0
757 76.0 76.0 0.0 0.0 4.0
758 76.0 76.0 0.0 0.0 4.0
759 76.0 76.0 0.0 0.0 4.0
760 76.0 76.0 0.0 0.0 3.0
761 76.0 76.0 0.0 0.0 3.0
762 76.0 76.0 0.0 0.0 3.0
763 76.0 76.0 0.0 0.0 3.0
764 76.0 76.0 0.0 0.0 3.0
765 76.0 76.0 0.0 0.0 3.0
766 76.0 76.0 0.0 0.0 3.0
767 77.0 77.0 0.0 0.0 3.0
768 77.0 77.0 0.0 0.0 3.0
769 77.0 77.0 0.0 0.0 3.0
770 77.0 77.0 0.0 0.0 3.0
771 77.0 77.0 0.0 0.0 3.0
772 77.0 77.0 0.0 0.0 3.0
773 77.0 77.0 0.0 0.0 3.0
774 77.0 77.0 0.0 0.0 3.0
775 77.0 77.0 0.0 0.0 3.0
776 77.0 77.0 0.0 0.0 3.0
777 77.0 77.0 0.0 0.0 3.0
778 77.0 77.0 0.0 0.0 3.0
779 77.0 77.0 0.0 0.0 3.0
780 77.0 77.0 0.0 0.0 3.0
781 77.0 77.0 0.0 0.0 3.0
782 77.0 77.0 0.0 0.0 3.0
783 77.0 77.0 0.0 0.0 3.0
784 77.0 77.0 0.0 0.0 3.0
785 77.0 77.0 0.0 0.0 3.0
786 77.0 77.0 0.0 0.0 3.0
787 77.0 77.0 0.0 0.0 3.0
788 78.0 78.0 0.0 0.0 3.0
789 78.0 78.0 0.0 0.0 3.0
790 78.0 78.0 0.0 0.0 3.0
791 78.0 78.0 0.0 0.0 3.0
792 78.0 78.0 0.0 0.0 3.0
793 78.0 78.0 0.0 0.0 3.0
794 78.0 78.0 0.0 0.0 3.0
795 78.0 78.0 0.0 0.0 3.0
796 78.0 78.0 0.0 0.0 3.0
797 78.0 78.0 0.0 0.0 3.0
798 78.0 78.0 0.0 0.0 3.0
799 78.0 78.0 0.0 0.0 3.0
800 78.0 78.0 0.0 0.0 3.0
801 78.0 78.0 0.0 0.0 3.0
802 78.0 78.0 0.0 0.0 3.0
803 78.0 78.0 0.0 0.0 3.0
804 78.0 78.0 0.0 0.0 3.0
805 78.0 78.0 0.0 0.0 3.0
806 78.0 78.0 0.0 0.0 3.0
807 78.0 78.0 0.0 0.0 3.0
808 78.0 78.0 0.0 0.0 3.0
809 78.0 78.0 0.0 0.0 3.0
810 78.0 78.0 0.0 0.0 3.0
811 78.0 78.0 0.0 0.0 3.0
812 78.0 78.0 0.0 0.0 3.0
813 78.0 78.0 0.0 0.0 3.0
814 78.0 78.0 0.0 0.0 3.0
815 78.0 78.0 0.0 0.0 3.0
816 78.0 78.0 0.0 0.0 3.0
817 78.0 78.0 0.0 0.0 3.0
818 78.0 78.0 0.0 0.0 3.0
819 78.0 78.0 0.0 0.0 3.0
820 78.0 78.0 0.0 0.0 3.0
821 78.0 78.0 0.0 0.0 3.0
822 78.0 78.0 0.0 0.0 3.0
823 78.0 78.0 0.0 0.0 3.0
824 78.0 78.0 0.0 0.0 3.0
825 78.0 78.0 0.0 0.0 3.0
826 78.0 78.0 0.0 0.0 3.0
827 78.0 78.0 0.0 0.0 3.0
828 78.0 78.0 0.0 0.0 3.0
829 78.0 78.0 0.0 0.0 3.0
830 78.0 78.0 0.0 0.0 3.0
831 78.0 78.0 0.0 0.0 3.0
832 78.0 78.0 0.0 0.0 3.0
833 78.0 78.0 0.0 0.0 3.0
834 78.0 78.0 0.0 0.0 3.0
835 78.0 78.0 0.0 0.0 3.0
836 78.0 78.0 0.0 0.0 3.0
837 78.0 78.0 0.0 0.0 3.0
838 78.0 78.0 0.0 0.0 3.0
839 78.0 78.0 0.0 0.0 3.0
840 78.0 78.0 0.0 0.0 3.0
841 78.0 78.0 0.0 0.0 3.0
842 78.0 78.0 0.0 0.0 3.0
843 78.0 78.0 0.0 0.0 3.0
844 78.0 78.0 0.0 0.0 3.0
845 78.0 78.0 0.0 0.0 3.0
846 78.0 78.0 0.0 0.0 3.0
847 78.0 78.0 0.0 0.0 3.0
848 78.0 78.0 0.0 0.0 3.0
849 78.0 78.0 0.0 0.0 3.0
850 78.0 78.0 0.0 0.0 3.0
851 78.0 78.0 0.0 0.0 3.0
852 78.0 78.0 0.0 0.0 3.0
853 78.0 78.0 0.0 0.0 3.0
854 78.0 78.0 0.0 0.0 3.0
855 78.0 78.0 0.0 0.0 3.0
856 78.0 78.0 0.0 0.0 3.0
857 78.0 78.0 0.0 0.0 3.0
858 78.0 78.0 0.0 0.0 3.0
859 78.0 78.0 0.0 0.0 3.0
860 78.0 78.0 0.0 0.0 3.0
861 78.0 78.0 0.0 0.0 3.0
862 78.0 78.0 0.0 0.0 3.0
863 78.0 78.0 0.0 0.0 3.0
864 78.0 78.0 0.0 0.0 3.0
865 78.0 78.0 0.0 0.0 3.0
866 78.0 78.0 0.0 0.0 3.0
867 78.0 78.0 0.0 0.0 3.0
868 78.0 78.0 0.0 0.0 3.0
869 78.0 78.0 0.0 0.0 3.0
870 78.0 78.0 0.0 0.0 3.0
871 78.0 78.0 0.0 0.0 3.0
872 78.0 78.0 0.0 0.0 3.0
873 78.0 78.0 0.0 0.0 3.0
874 78.0 78.0 0.0 0.0 3.0
875 78.0 78.0 0.0 0.0 3.0
876 78.0 78.0 0.0 0.0 3.0
877 78.0 78.0 0.0 0.0 3.0
878 78.0 78.0 0.0 0.0 3.0
879 78.0 78.0 0.0 0.0 3.0
880 78.0 78.0 0.0 0.0 3.0
881 78.0 78.0 0.0 0.0 3.0
882 78.0 78.0 0.0 0.0 3.0
883 78.0 78.0 0.0 0.0 3.0
884 78.0 78.0 0.0 0.0 3.0
885 78.0 78.0 0.0 0.0 3.0
886 78.0 78.0 0.0 0.0 3.0
887 78.0 78.0 0.0 0.0 3.0
888 78.0 78.0 0.0 0.0 3.0
889 78.0 78.0 0.0 0.0 3.0
890 78.0 78.0 0.0 0.0 3.0
891 78.0 78.0 0.0 0.0 3.0
892 78.0 78.0 0.0 0.0 3.0
893 78.0 78.0 0.0 0.0 3.0
894 78.0 78.0 0.0 0.0 3.0
895 78.0 78.0 0.0 0.0 3.0
896 78.0 78.0 0.0 0.0 3.0
897 78.0 78.0 0.0 0.0 3.0
898 78.0 78.0 0.0 0.0 3.0
899 78.0 78.0 0.0 0.0 3.0
900 78.0 78.0 0.0 0.0 3.0
901 78.0 78.0 0.0 0.0 3.0
902 78.0 78.0 0.0 0.0 3.0
903 78.0 78.0 0.0 0.0 3.0
904 78.0 78.0 0.0 0.0 3.0
905 78.0 78.0 0.0 0.0 3.0
906 78.0 78.0 0.0 0.0 3.0
907 78.0 78.0 0.0 0.0 3.0
908 78.0 78.0 0.0 0.0 3.0
909 78.0 78.0 0.0 0.0 3.0
910 78.0 78.0 0.0 0.0 3.0
911 78.0 78.0 0.0 0.0 3.0
912 78.0 78.0 0.0 0.0 3.0
913 78.0 78.0 0.0 0.0 3.0
914 78.0 78.0 0.0 0.0 3.0
915 78.0 78.0 0.0 0.0 3.0
916 78.0 78.0 0.0 0.0 3.0
917 78.0 78.0 0.0 0.0 3.0
918 78.0 78.0 0.0 0.0 3.0
919 78.0 78.0 0.0 0.0 3.0
920 78.0 78.0 0.0 0.0 3.0
921 78.0 78.0 0.0 0.0 3.0
922 78.0 78.0 0.0 0.0 3.0
923 78.0 78.0 0.0 0.0 3.0
924 78.0 78.0 0.0 0.0 3.0
925 78.0 78.0 0.0 0.0 3.0
926 78.0 78.0 0.0 0.0 3.0
927 78.0 78.0 0.0 0.0 3.0
928 78.0 78.0 0.0 0.0 3.0
929 78.0 78.0 0.0 0.0 3.0
930 78.0 78.0 0.0 0.0 3.0
931 78.0 78.0 0.0 0.0 3.0
932 78.0 78.0 0.0 0.0 3.0
933 78.0 78.0 0.0 0.0 3.0
934 78.0 78.0 0.0 0.0 3.0
935 78.0 78.0 0.0 0.0 3.0
936 78.0 78.0 0.0 0.0 3.0
937 78.0 78.0 0.0 0.0 3.0
938 78.0 78.0 0.0 0.0 3.0
939 78.0 78.0 0.0 0.0 3.0
940 78.0 78.0 0.0 0.0 3.0
941 78.0 78.0 0.0 0.0 3.0
942 78.0 78.0 0.0 0.0 3.0
943 78.0 78.0 0.0 0.0 3.0
944 78.0 78.0 0.0 0.0 3.0
945 78.0 78.0 0.0 0.0 3.0
946 78.0 78.0 0.0 0.0 3.0
947 78.0 78.0 0.0 0.0 3.0
948 78.0 78.0 0.0 0.0 3.0
949 78.0 78.0 0.0 0.0 3.0
950 78.0 78.0 0.0 0.0 3.0
951 78.0 78.0 0.0 0.0 3.0
952 78.0 78.0 0.0 0.0 3.0
953 78.0 78.0 0.0 0.0 3.0
954 78.0 78.0 0.0 0.0 3.0
955 78.0 78.0 0.0 0.0 3.0
956 78.0 78.0 0.0 0.0 3.0
957 78.0 78.0 0.0 0.0 3.0
958 78.0 78.0 0.0 0.0 3.0
959 78.0 78.0 0.0 0.0 3.0
960 78.0 78.0 0.0 0.0 3.0
961 78.0 78.0 0.0 0.0 3.0
962 78.0 78.0 0.0 0.0 3.0
963 78.0 78.0 0.0 0.0 3.0
964 78.0 78.0 0.0 0.0 3.0
965 78.0 78.0 0.0 0.0 3.0
966 78.0 78.0 0.0 0.0 3.0
967 78.0 78.0 0.0 0.0 3.0
968 78.0 78.0 0.0 0.0 3.0
969 78.0 78.0 0.0 0.0 3.0
970 78.0 78.0 0.0 0.0 3.0
971 78.0 78.0 0.0 0.0 3.0
972 78.0 78.0 0.0 0.0 3.0
973 78.0 78.0 0.0 0.0 3.0
974 78.0 78.0 0.0 0.0 3.0
975 78.0 78.0 0.0 0.0 3.0
976 78.0 78.0 0.0 0.0 3.0
977 78.0 78.0 0.0 0.0 3.0
978 78.0 78.0 0.0 0.0 3.0
979 78.0 78.0 0.0 0.0 3.0
980 78.0 78.0 0.0 0.0 3.0
981 78.0 78.0 0.0 0.0 3.0
982 78.0 78.0 0.0 0.0 3.0
983 78.0 78.0 0.0 0.0 3.0
984 78.0 78.0 0.0 0.0 3.0
985 78.0 78.0 0.0 0.0 3.0
986 78.0 78.0 0.0 0.0 3.0
987 78.0 78.0 0.0 0.0 3.0
988 78.0 78.0 0.0 0.0 3.0
989 78.0 78.0 0.0 0.0 3.0
990 78.0 78.0 0.0 0.0 3.0
991 78.0 78.0 0.0 0.0 3.0
992 78.0 78.0 0.0 0.0 3.0
993 78.0 78.0 0.0 0.0 3.0
994 78.0 78.0 0.0 0.0 3.0
995 78.0 78.0 0.0 0.0 3.0
996 78.0 78.0 0.0 0.0 3.0
997 78.0 78.0 0.0 0.0 3.0
998 78.0 78.0 0.0 0.0 3.0
999 78.0 78.0 0.0 0.0 3.0
1000 78.0 78.0 0.0 0.0 3.0
