gen testSuiteSize notKilledMutants number_of_tests no_discount_objective no_equiv_mut_not_killed no_equiv_mut_not_killed_perc
1 5 8.7978515625 23 9 8 0.8888888888888888
1 3 9.5693359375 49 10 9 1.0
2 5 8.54296875 52 9 8 0.8888888888888888
3 3 9.4814453125 59 10 9 1.0
4 5 8.4287109375 65 9 8 0.8888888888888888
5 3 9.40234375 68 10 9 1.0
6 5 8.33203125 76 9 8 0.8888888888888888
6 4 9.33203125 76 10 9 1.0
7 2 9.3056640625 79 10 9 1.0
7 3 9.296875 80 10 9 1.0
8 5 8.2705078125 83 9 8 0.8888888888888888
9 2 9.2529296875 85 10 9 1.0
10 5 7.3125 88 8 7 0.7777777777777778
11 2 9.3046875 89 10 9 1.0
12 2 9.2578125 95 10 9 1.0
13 2 9.2421875 97 10 9 1.0
14 5 7.2265625 99 8 7 0.7777777777777778
15 2 9.2109375 101 10 9 1.0
16 4 8.2109375 101 9 8 0.8888888888888888
16 5 7.1875 104 8 7 0.7777777777777778
17 2 9.171875 106 10 9 1.0
18 4 8.171875 106 9 8 0.8888888888888888
18 5 7.140625 110 8 7 0.7777777777777778
19 2 9.125 112 10 9 1.0
20 4 8.125 112 9 8 0.8888888888888888
20 5 7.09375 116 8 7 0.7777777777777778
21 2 9.09375 116 10 9 1.0
22 5 7.078125 118 8 7 0.7777777777777778
23 2 9.0625 120 10 9 1.0
24 5 7.03125 124 8 7 0.7777777777777778
25 2 8.9921875 129 10 9 1.0
26 4 7.9765625 131 9 8 0.8888888888888888
27 4 7.9453125 135 9 8 0.8888888888888888
27 5 6.9296875 137 8 7 0.7777777777777778
28 2 8.921875 138 10 9 1.0
29 4 7.9140625 139 9 8 0.8888888888888888
30 4 8.90625 140 10 9 1.0
30 5 6.8984375 141 8 7 0.7777777777777778
31 2 8.890625 142 10 9 1.0
32 4 7.875 144 9 8 0.8888888888888888
32 5 6.875 144 8 7 0.7777777777777778
33 2 8.8671875 145 10 9 1.0
34 4 7.8359375 149 9 8 0.8888888888888888
35 4 7.796875 154 9 8 0.8888888888888888
35 5 6.7890625 155 8 7 0.7777777777777778
36 2 8.765625 158 10 9 1.0
37 4 7.7421875 161 9 8 0.8888888888888888
37 5 6.044921875 163 7 6 0.6666666666666666
38 2 9.02734375 166 10 9 1.0
39 2 9.009765625 169 10 9 1.0
40 2 9.009765625 169 10 9 1.0
41 2 8.998046875 171 10 9 1.0
42 2 8.974609375 175 10 9 1.0
43 2 8.962890625 177 10 9 1.0
44 2 8.951171875 179 10 9 1.0
45 2 8.9453125 180 10 9 1.0
46 2 8.93359375 182 10 9 1.0
47 2 8.93359375 182 10 9 1.0
48 2 8.927734375 183 10 9 1.0
49 2 8.8984375 188 10 9 1.0
50 1 8.892578125 189 10 9 1.0
50 2 8.88671875 190 10 9 1.0
51 2 8.875 192 10 9 1.0
51 3 8.869140625 193 10 9 1.0
52 2 8.86328125 194 10 9 1.0
53 2 8.83984375 198 10 9 1.0
54 2 8.83984375 198 10 9 1.0
55 2 8.833984375 199 10 9 1.0
56 2 8.828125 200 10 9 1.0
57 2 8.81640625 202 10 9 1.0
58 2 8.810546875 203 10 9 1.0
59 2 8.798828125 205 10 9 1.0
60 2 8.787109375 207 10 9 1.0
61 2 8.78125 208 10 9 1.0
62 2 8.775390625 209 10 9 1.0
63 2 8.7578125 212 10 9 1.0
64 4 7.74609375 214 9 8 0.8888888888888888
65 4 7.740234375 215 9 8 0.8888888888888888
66 4 7.716796875 219 9 8 0.8888888888888888
66 5 5.716796875 219 7 6 0.6666666666666666
67 1 8.7109375 220 10 9 1.0
68 4 7.669921875 227 9 8 0.8888888888888888
69 5 5.65234375 230 7 6 0.6666666666666666
70 1 7.8720703125 231 9 8 0.8888888888888888
71 5 5.8525390625 235 7 6 0.6666666666666666
72 5 5.828125 240 7 6 0.6666666666666666
73 5 5.8134765625 243 7 6 0.6666666666666666
74 5 5.7939453125 247 7 6 0.6666666666666666
75 4 8.779296875 250 10 9 1.0
75 5 5.779296875 250 7 6 0.6666666666666666
76 4 8.7646484375 253 10 9 1.0
76 5 5.759765625 254 7 6 0.6666666666666666
77 5 5.7451171875 257 7 6 0.6666666666666666
78 5 5.73046875 260 7 6 0.6666666666666666
78 6 4.232421875 262 5 4 0.4444444444444444
79 5 6.220703125 266 7 6 0.6666666666666666
80 5 6.208984375 270 7 6 0.6666666666666666
81 5 6.2060546875 271 7 6 0.6666666666666666
82 5 6.2001953125 273 7 6 0.6666666666666666
82 4 9.2001953125 273 10 9 1.0
83 5 6.19140625 276 7 6 0.6666666666666666
84 5 6.1796875 280 7 6 0.6666666666666666
85 5 6.1708984375 283 7 6 0.6666666666666666
85 4 9.1708984375 283 10 9 1.0
86 4 9.16796875 284 10 9 1.0
86 5 5.1650390625 285 6 5 0.5555555555555556
87 4 8.150390625 290 9 8 0.8888888888888888
88 4 8.14453125 292 9 8 0.8888888888888888
89 4 8.1416015625 293 9 8 0.8888888888888888
90 4 8.1240234375 299 9 8 0.8888888888888888
91 4 8.109375 304 9 8 0.8888888888888888
92 4 8.1005859375 307 9 8 0.8888888888888888
93 4 8.0947265625 309 9 8 0.8888888888888888
94 4 8.0888671875 311 9 8 0.8888888888888888
95 4 8.0712890625 317 9 8 0.8888888888888888
96 4 8.0654296875 319 9 8 0.8888888888888888
97 4 8.0537109375 323 9 8 0.8888888888888888
98 4 8.044921875 326 9 8 0.8888888888888888
99 4 8.0419921875 327 9 8 0.8888888888888888
100 4 8.033203125 330 9 8 0.8888888888888888
101 4 8.0244140625 333 9 8 0.8888888888888888
102 4 8.0126953125 337 9 8 0.8888888888888888
103 4 8.00390625 340 9 8 0.8888888888888888
104 4 7.9921875 344 9 8 0.8888888888888888
105 4 7.9833984375 347 9 8 0.8888888888888888
106 4 7.98046875 348 9 8 0.8888888888888888
107 4 7.9716796875 351 9 8 0.8888888888888888
108 4 7.96875 352 9 8 0.8888888888888888
109 4 7.962890625 354 9 8 0.8888888888888888
110 4 7.95703125 356 9 8 0.8888888888888888
111 4 7.9482421875 359 9 8 0.8888888888888888
112 4 7.9482421875 359 9 8 0.8888888888888888
113 4 7.9423828125 361 9 8 0.8888888888888888
114 5 6.939453125 362 8 7 0.7777777777777778
114 4 7.927734375 366 9 8 0.8888888888888888
115 4 7.9189453125 369 9 8 0.8888888888888888
116 4 7.9130859375 371 9 8 0.8888888888888888
117 5 5.91015625 372 7 6 0.6666666666666666
117 4 7.9072265625 373 9 8 0.8888888888888888
118 4 7.8984375 376 9 8 0.8888888888888888
119 4 7.8955078125 377 9 8 0.8888888888888888
120 4 7.880859375 382 9 8 0.8888888888888888
121 4 7.8779296875 383 9 8 0.8888888888888888
122 4 7.869140625 386 9 8 0.8888888888888888
122 5 0.62109375 388 1 0 0.0
123 4 8.619140625 390 9 8 0.8888888888888888
124 4 8.6171875 392 9 8 0.8888888888888888
125 4 8.6142578125 395 9 8 0.8888888888888888
126 5 7.61328125 396 8 7 0.7777777777777778
126 4 8.611328125 398 9 8 0.8888888888888888
127 4 5.607421875 402 6 5 0.5555555555555556
128 1 8.60546875 404 9 8 0.8888888888888888
129 1 8.60546875 404 9 8 0.8888888888888888
130 1 8.6044921875 405 9 8 0.8888888888888888
131 1 8.603515625 406 9 8 0.8888888888888888
132 1 8.6025390625 407 9 8 0.8888888888888888
133 1 8.6015625 408 9 8 0.8888888888888888
134 1 8.6005859375 409 9 8 0.8888888888888888
135 1 8.6005859375 409 9 8 0.8888888888888888
136 1 8.59765625 412 9 8 0.8888888888888888
137 1 8.5966796875 413 9 8 0.8888888888888888
138 1 8.59375 416 9 8 0.8888888888888888
139 1 8.59375 416 9 8 0.8888888888888888
140 1 8.5927734375 417 9 8 0.8888888888888888
141 1 8.591796875 418 9 8 0.8888888888888888
142 2 5.5908203125 419 6 5 0.5555555555555556
142 1 8.58984375 420 9 8 0.8888888888888888
143 1 8.58984375 420 9 8 0.8888888888888888
144 1 8.58984375 420 9 8 0.8888888888888888
145 1 8.58984375 420 9 8 0.8888888888888888
146 1 8.587890625 422 9 8 0.8888888888888888
147 1 8.587890625 422 9 8 0.8888888888888888
148 1 8.5849609375 425 9 8 0.8888888888888888
149 1 8.5849609375 425 9 8 0.8888888888888888
150 1 8.5849609375 425 9 8 0.8888888888888888
151 1 8.5849609375 425 9 8 0.8888888888888888
152 1 8.5830078125 427 9 8 0.8888888888888888
153 1 8.5830078125 427 9 8 0.8888888888888888
154 1 8.5830078125 427 9 8 0.8888888888888888
155 1 8.580078125 430 9 8 0.8888888888888888
156 1 8.5791015625 431 9 8 0.8888888888888888
157 1 8.578125 432 9 8 0.8888888888888888
158 1 8.578125 432 9 8 0.8888888888888888
159 1 8.576171875 434 9 8 0.8888888888888888
160 1 8.576171875 434 9 8 0.8888888888888888
161 1 8.576171875 434 9 8 0.8888888888888888
162 1 8.576171875 434 9 8 0.8888888888888888
163 1 8.57421875 436 9 8 0.8888888888888888
164 1 8.572265625 438 9 8 0.8888888888888888
165 1 8.5712890625 439 9 8 0.8888888888888888
166 1 8.5693359375 441 9 8 0.8888888888888888
167 1 8.568359375 442 9 8 0.8888888888888888
168 1 8.568359375 442 9 8 0.8888888888888888
169 1 8.568359375 442 9 8 0.8888888888888888
170 1 8.568359375 442 9 8 0.8888888888888888
171 1 8.56640625 444 9 8 0.8888888888888888
172 1 8.5654296875 445 9 8 0.8888888888888888
173 1 8.5654296875 445 9 8 0.8888888888888888
174 1 8.5654296875 445 9 8 0.8888888888888888
175 1 8.5634765625 447 9 8 0.8888888888888888
176 1 8.5634765625 447 9 8 0.8888888888888888
177 1 8.5634765625 447 9 8 0.8888888888888888
178 1 8.5625 448 9 8 0.8888888888888888
179 1 8.560546875 450 9 8 0.8888888888888888
180 1 8.55859375 452 9 8 0.8888888888888888
181 1 8.5576171875 453 9 8 0.8888888888888888
182 1 8.556640625 454 9 8 0.8888888888888888
183 1 8.556640625 454 9 8 0.8888888888888888
184 2 0.556640625 454 1 0 0.0
184 1 8.556640625 454 9 8 0.8888888888888888
185 1 8.5546875 456 9 8 0.8888888888888888
186 1 8.5546875 456 9 8 0.8888888888888888
187 1 8.5546875 456 9 8 0.8888888888888888
188 1 8.5546875 456 9 8 0.8888888888888888
189 1 8.5546875 456 9 8 0.8888888888888888
190 1 8.552734375 458 9 8 0.8888888888888888
191 1 8.552734375 458 9 8 0.8888888888888888
192 1 8.5517578125 459 9 8 0.8888888888888888
193 2 0.55078125 460 1 0 0.0
193 1 8.5498046875 461 9 8 0.8888888888888888
194 1 8.5498046875 461 9 8 0.8888888888888888
195 1 8.5498046875 461 9 8 0.8888888888888888
195 2 8.548828125 462 9 8 0.8888888888888888
196 1 8.548828125 462 9 8 0.8888888888888888
197 1 8.548828125 462 9 8 0.8888888888888888
198 1 8.548828125 462 9 8 0.8888888888888888
198 2 8.5478515625 463 9 8 0.8888888888888888
199 1 8.546875 464 9 8 0.8888888888888888
200 1 8.546875 464 9 8 0.8888888888888888
201 1 8.546875 464 9 8 0.8888888888888888
202 1 8.5458984375 465 9 8 0.8888888888888888
203 1 8.544921875 466 9 8 0.8888888888888888
204 1 8.544921875 466 9 8 0.8888888888888888
205 1 8.544921875 466 9 8 0.8888888888888888
206 1 8.544921875 466 9 8 0.8888888888888888
207 1 8.544921875 466 9 8 0.8888888888888888
208 1 8.54296875 468 9 8 0.8888888888888888
209 1 8.54296875 468 9 8 0.8888888888888888
210 1 8.54296875 468 9 8 0.8888888888888888
211 1 8.5419921875 469 9 8 0.8888888888888888
212 1 8.541015625 470 9 8 0.8888888888888888
213 1 8.541015625 470 9 8 0.8888888888888888
214 1 8.5400390625 471 9 8 0.8888888888888888
215 1 8.5400390625 471 9 8 0.8888888888888888
216 1 8.5400390625 471 9 8 0.8888888888888888
217 1 8.5380859375 473 9 8 0.8888888888888888
218 1 8.537109375 474 9 8 0.8888888888888888
219 1 8.537109375 474 9 8 0.8888888888888888
220 1 8.537109375 474 9 8 0.8888888888888888
221 1 8.5341796875 477 9 8 0.8888888888888888
222 1 8.5341796875 477 9 8 0.8888888888888888
223 1 8.5341796875 477 9 8 0.8888888888888888
224 1 8.533203125 478 9 8 0.8888888888888888
225 1 8.533203125 478 9 8 0.8888888888888888
226 1 8.533203125 478 9 8 0.8888888888888888
227 1 8.533203125 478 9 8 0.8888888888888888
228 1 8.533203125 478 9 8 0.8888888888888888
229 1 8.5322265625 479 9 8 0.8888888888888888
230 1 8.5322265625 479 9 8 0.8888888888888888
231 1 8.53125 480 9 8 0.8888888888888888
232 1 8.53125 480 9 8 0.8888888888888888
233 1 8.5302734375 481 9 8 0.8888888888888888
234 1 8.529296875 482 9 8 0.8888888888888888
235 1 8.5283203125 483 9 8 0.8888888888888888
235 2 8.52734375 484 9 8 0.8888888888888888
236 1 8.52734375 484 9 8 0.8888888888888888
237 1 8.52734375 484 9 8 0.8888888888888888
238 1 8.5263671875 485 9 8 0.8888888888888888
239 1 8.525390625 486 9 8 0.8888888888888888
240 1 8.5244140625 487 9 8 0.8888888888888888
241 1 8.5244140625 487 9 8 0.8888888888888888
242 1 8.5244140625 487 9 8 0.8888888888888888
243 1 8.5244140625 487 9 8 0.8888888888888888
244 1 8.5234375 488 9 8 0.8888888888888888
245 1 8.521484375 490 9 8 0.8888888888888888
246 1 8.5205078125 491 9 8 0.8888888888888888
247 1 8.5205078125 491 9 8 0.8888888888888888
248 1 8.5205078125 491 9 8 0.8888888888888888
249 1 8.5205078125 491 9 8 0.8888888888888888
250 2 7.5205078125 491 8 7 0.7777777777777778
250 1 8.5185546875 493 9 8 0.8888888888888888
251 1 8.517578125 494 9 8 0.8888888888888888
252 1 8.517578125 494 9 8 0.8888888888888888
253 1 8.5166015625 495 9 8 0.8888888888888888
254 1 8.515625 496 9 8 0.8888888888888888
255 1 8.515625 496 9 8 0.8888888888888888
256 1 8.515625 496 9 8 0.8888888888888888
257 1 8.515625 496 9 8 0.8888888888888888
258 1 8.515625 496 9 8 0.8888888888888888
259 1 8.515625 496 9 8 0.8888888888888888
259 2 7.515625 496 8 7 0.7777777777777778
260 1 8.515625 496 9 8 0.8888888888888888
261 1 8.515625 496 9 8 0.8888888888888888
262 1 8.5146484375 497 9 8 0.8888888888888888
263 1 8.513671875 498 9 8 0.8888888888888888
264 1 8.513671875 498 9 8 0.8888888888888888
265 1 8.513671875 498 9 8 0.8888888888888888
266 1 8.5126953125 499 9 8 0.8888888888888888
266 2 8.51171875 500 9 8 0.8888888888888888
267 1 8.5107421875 501 9 8 0.8888888888888888
268 1 8.5107421875 501 9 8 0.8888888888888888
269 1 8.509765625 502 9 8 0.8888888888888888
270 1 8.509765625 502 9 8 0.8888888888888888
271 1 8.509765625 502 9 8 0.8888888888888888
272 1 8.5087890625 503 9 8 0.8888888888888888
273 1 8.5087890625 503 9 8 0.8888888888888888
274 1 8.5078125 504 9 8 0.8888888888888888
275 1 8.5068359375 505 9 8 0.8888888888888888
276 1 8.5068359375 505 9 8 0.8888888888888888
277 1 8.5068359375 505 9 8 0.8888888888888888
278 1 8.505859375 506 9 8 0.8888888888888888
279 2 7.5048828125 507 8 7 0.7777777777777778
279 1 8.5048828125 507 9 8 0.8888888888888888
280 1 8.50390625 508 9 8 0.8888888888888888
281 1 8.5029296875 509 9 8 0.8888888888888888
282 1 8.5 512 9 8 0.8888888888888888
283 1 8.5 512 9 8 0.8888888888888888
284 1 8.5 512 9 8 0.8888888888888888
285 1 8.4990234375 513 9 8 0.8888888888888888
286 1 8.4990234375 513 9 8 0.8888888888888888
287 1 8.4990234375 513 9 8 0.8888888888888888
288 1 8.498046875 514 9 8 0.8888888888888888
289 1 8.4970703125 515 9 8 0.8888888888888888
290 1 8.4970703125 515 9 8 0.8888888888888888
290 2 7.4970703125 515 8 7 0.7777777777777778
291 1 8.4970703125 515 9 8 0.8888888888888888
292 1 8.4951171875 517 9 8 0.8888888888888888
293 1 8.494140625 518 9 8 0.8888888888888888
294 1 8.4912109375 521 9 8 0.8888888888888888
295 1 8.4912109375 521 9 8 0.8888888888888888
296 1 8.490234375 522 9 8 0.8888888888888888
297 1 8.48828125 524 9 8 0.8888888888888888
298 1 8.4873046875 525 9 8 0.8888888888888888
299 1 8.4873046875 525 9 8 0.8888888888888888
300 1 8.4873046875 525 9 8 0.8888888888888888
301 1 8.4873046875 525 9 8 0.8888888888888888
302 1 8.486328125 526 9 8 0.8888888888888888
303 1 8.4853515625 527 9 8 0.8888888888888888
304 1 8.4853515625 527 9 8 0.8888888888888888
305 1 8.484375 528 9 8 0.8888888888888888
306 1 8.4833984375 529 9 8 0.8888888888888888
307 1 8.482421875 530 9 8 0.8888888888888888
308 1 8.4814453125 531 9 8 0.8888888888888888
309 1 8.4814453125 531 9 8 0.8888888888888888
310 1 8.48046875 532 9 8 0.8888888888888888
311 1 8.48046875 532 9 8 0.8888888888888888
312 1 8.48046875 532 9 8 0.8888888888888888
313 1 8.478515625 534 9 8 0.8888888888888888
314 1 8.478515625 534 9 8 0.8888888888888888
315 1 8.4775390625 535 9 8 0.8888888888888888
316 1 8.4765625 536 9 8 0.8888888888888888
317 1 8.474609375 538 9 8 0.8888888888888888
318 1 8.474609375 538 9 8 0.8888888888888888
319 1 8.474609375 538 9 8 0.8888888888888888
319 3 6.474609375 538 7 6 0.6666666666666666
320 1 8.4736328125 539 9 8 0.8888888888888888
321 1 8.4736328125 539 9 8 0.8888888888888888
322 1 8.4716796875 541 9 8 0.8888888888888888
323 1 8.4716796875 541 9 8 0.8888888888888888
324 1 8.4716796875 541 9 8 0.8888888888888888
325 1 8.4716796875 541 9 8 0.8888888888888888
326 1 8.4716796875 541 9 8 0.8888888888888888
327 1 8.4716796875 541 9 8 0.8888888888888888
328 1 8.4716796875 541 9 8 0.8888888888888888
329 1 8.4716796875 541 9 8 0.8888888888888888
330 1 8.4716796875 541 9 8 0.8888888888888888
331 1 8.4716796875 541 9 8 0.8888888888888888
332 1 8.470703125 542 9 8 0.8888888888888888
333 1 8.470703125 542 9 8 0.8888888888888888
334 1 8.4697265625 543 9 8 0.8888888888888888
335 1 8.4697265625 543 9 8 0.8888888888888888
336 1 8.46875 544 9 8 0.8888888888888888
337 1 8.466796875 546 9 8 0.8888888888888888
338 1 8.4658203125 547 9 8 0.8888888888888888
339 1 8.46484375 548 9 8 0.8888888888888888
340 2 4.462890625 550 5 4 0.4444444444444444
340 1 8.462890625 550 9 8 0.8888888888888888
341 1 8.4619140625 551 9 8 0.8888888888888888
341 2 5.4619140625 551 6 5 0.5555555555555556
342 1 8.458984375 554 9 8 0.8888888888888888
343 1 8.4580078125 555 9 8 0.8888888888888888
344 1 8.45703125 556 9 8 0.8888888888888888
344 2 8.4560546875 557 9 8 0.8888888888888888
345 1 8.4560546875 557 9 8 0.8888888888888888
346 1 8.4560546875 557 9 8 0.8888888888888888
347 1 8.4560546875 557 9 8 0.8888888888888888
348 1 8.455078125 558 9 8 0.8888888888888888
349 1 8.4541015625 559 9 8 0.8888888888888888
350 1 8.4541015625 559 9 8 0.8888888888888888
351 1 8.453125 560 9 8 0.8888888888888888
352 1 8.451171875 562 9 8 0.8888888888888888
353 1 7.451171875 562 8 7 0.7777777777777778
354 2 0.451171875 562 1 0 0.0
355 1 7.451171875 562 8 7 0.7777777777777778
356 1 7.451171875 562 8 7 0.7777777777777778
357 1 7.451171875 562 8 7 0.7777777777777778
358 1 7.451171875 562 8 7 0.7777777777777778
359 1 7.4501953125 563 8 7 0.7777777777777778
360 2 0.44921875 564 1 0 0.0
360 1 9.44921875 564 10 9 1.0
361 1 7.447265625 566 8 7 0.7777777777777778
362 2 0.4462890625 567 1 0 0.0
362 1 9.4462890625 567 10 9 1.0
363 1 7.4462890625 567 8 7 0.7777777777777778
364 2 0.4462890625 567 1 0 0.0
364 1 9.4462890625 567 10 9 1.0
365 2 0.4453125 568 1 0 0.0
366 1 7.443359375 570 8 7 0.7777777777777778
367 2 0.443359375 570 1 0 0.0
367 1 9.4423828125 571 10 9 1.0
368 1 7.4423828125 571 8 7 0.7777777777777778
368 2 6.4423828125 571 7 6 0.6666666666666666
369 2 0.4423828125 571 1 0 0.0
370 1 7.4423828125 571 8 7 0.7777777777777778
371 1 7.4423828125 571 8 7 0.7777777777777778
372 1 7.44140625 572 8 7 0.7777777777777778
373 2 0.4404296875 573 1 0 0.0
374 1 7.439453125 574 8 7 0.7777777777777778
375 2 0.439453125 574 1 0 0.0
375 1 9.439453125 574 10 9 1.0
376 1 7.439453125 574 8 7 0.7777777777777778
377 1 7.439453125 574 8 7 0.7777777777777778
378 1 7.439453125 574 8 7 0.7777777777777778
379 1 7.439453125 574 8 7 0.7777777777777778
380 1 7.439453125 574 8 7 0.7777777777777778
381 1 7.439453125 574 8 7 0.7777777777777778
382 1 7.4384765625 575 8 7 0.7777777777777778
383 2 0.4384765625 575 1 0 0.0
383 1 9.4384765625 575 10 9 1.0
384 1 7.4375 576 8 7 0.7777777777777778
385 1 9.4375 576 10 9 1.0
385 2 0.4345703125 579 1 0 0.0
386 1 7.4345703125 579 8 7 0.7777777777777778
387 2 0.4345703125 579 1 0 0.0
388 2 0.4345703125 579 1 0 0.0
388 1 9.43359375 580 10 9 1.0
389 2 0.4326171875 581 1 0 0.0
390 1 7.4326171875 581 8 7 0.7777777777777778
391 2 0.4326171875 581 1 0 0.0
392 2 0.4326171875 581 1 0 0.0
393 2 0.431640625 582 1 0 0.0
393 1 9.431640625 582 10 9 1.0
394 1 7.4306640625 583 8 7 0.7777777777777778
395 2 0.4306640625 583 1 0 0.0
396 1 7.4306640625 583 8 7 0.7777777777777778
397 1 7.4296875 584 8 7 0.7777777777777778
398 2 0.4296875 584 1 0 0.0
399 1 7.4287109375 585 8 7 0.7777777777777778
400 2 0.4287109375 585 1 0 0.0
400 1 9.4287109375 585 10 9 1.0
401 1 7.4287109375 585 8 7 0.7777777777777778
402 1 7.427734375 586 8 7 0.7777777777777778
403 2 0.427734375 586 1 0 0.0
404 1 7.4267578125 587 8 7 0.7777777777777778
405 2 0.4267578125 587 1 0 0.0
406 1 7.4267578125 587 8 7 0.7777777777777778
407 1 7.42578125 588 8 7 0.7777777777777778
408 2 0.4248046875 589 1 0 0.0
409 1 7.4248046875 589 8 7 0.7777777777777778
410 2 0.4248046875 589 1 0 0.0
411 2 0.4228515625 591 1 0 0.0
411 1 9.4228515625 591 10 9 1.0
412 1 7.4228515625 591 8 7 0.7777777777777778
413 2 0.4228515625 591 1 0 0.0
414 2 0.4228515625 591 1 0 0.0
415 2 0.4228515625 591 1 0 0.0
415 1 9.4228515625 591 10 9 1.0
416 2 0.4208984375 593 1 0 0.0
417 1 7.4208984375 593 8 7 0.7777777777777778
418 1 9.4208984375 593 10 9 1.0
418 2 0.419921875 594 1 0 0.0
419 1 7.419921875 594 8 7 0.7777777777777778
420 2 0.4189453125 595 1 0 0.0
421 1 7.4189453125 595 8 7 0.7777777777777778
422 2 0.4189453125 595 1 0 0.0
423 1 9.41796875 596 10 9 1.0
423 2 0.41796875 596 1 0 0.0
424 1 7.41796875 596 8 7 0.7777777777777778
425 2 0.41796875 596 1 0 0.0
425 1 9.41796875 596 10 9 1.0
426 2 0.41796875 596 1 0 0.0
427 2 0.4169921875 597 1 0 0.0
428 1 7.4169921875 597 8 7 0.7777777777777778
429 1 9.416015625 598 10 9 1.0
429 2 0.4150390625 599 1 0 0.0
430 1 7.4150390625 599 8 7 0.7777777777777778
431 1 9.4150390625 599 10 9 1.0
431 2 0.4140625 600 1 0 0.0
432 1 7.4140625 600 8 7 0.7777777777777778
433 2 0.4140625 600 1 0 0.0
434 2 0.4130859375 601 1 0 0.0
435 1 7.4130859375 601 8 7 0.7777777777777778
436 2 0.412109375 602 1 0 0.0
437 1 7.412109375 602 8 7 0.7777777777777778
438 2 0.412109375 602 1 0 0.0
439 2 0.4111328125 603 1 0 0.0
440 1 7.4111328125 603 8 7 0.7777777777777778
441 2 0.408203125 606 1 0 0.0
442 1 7.408203125 606 8 7 0.7777777777777778
443 2 0.408203125 606 1 0 0.0
444 2 0.408203125 606 1 0 0.0
444 1 9.408203125 606 10 9 1.0
445 1 9.4072265625 607 10 9 1.0
445 2 0.4072265625 607 1 0 0.0
446 1 7.40625 608 8 7 0.7777777777777778
447 1 9.40625 608 10 9 1.0
447 2 0.4052734375 609 1 0 0.0
448 1 7.4052734375 609 8 7 0.7777777777777778
449 2 0.4052734375 609 1 0 0.0
450 2 0.404296875 610 1 0 0.0
451 1 7.404296875 610 8 7 0.7777777777777778
452 1 9.404296875 610 10 9 1.0
452 2 0.4033203125 611 1 0 0.0
453 1 7.40234375 612 8 7 0.7777777777777778
454 1 9.40234375 612 10 9 1.0
454 2 0.40234375 612 1 0 0.0
455 1 7.40234375 612 8 7 0.7777777777777778
456 1 7.4013671875 613 8 7 0.7777777777777778
457 2 0.4013671875 613 1 0 0.0
458 1 7.4013671875 613 8 7 0.7777777777777778
459 1 7.4013671875 613 8 7 0.7777777777777778
460 1 7.4013671875 613 8 7 0.7777777777777778
461 1 7.400390625 614 8 7 0.7777777777777778
462 2 0.3984375 616 1 0 0.0
463 1 7.3984375 616 8 7 0.7777777777777778
464 2 0.3984375 616 1 0 0.0
465 2 0.3984375 616 1 0 0.0
465 1 9.3984375 616 10 9 1.0
466 1 9.3984375 616 10 9 1.0
466 2 0.3974609375 617 1 0 0.0
467 1 7.3974609375 617 8 7 0.7777777777777778
468 2 0.3974609375 617 1 0 0.0
469 2 0.396484375 618 1 0 0.0
469 1 9.396484375 618 10 9 1.0
470 1 7.396484375 618 8 7 0.7777777777777778
471 2 0.396484375 618 1 0 0.0
472 1 9.396484375 618 10 9 1.0
472 2 0.3955078125 619 1 0 0.0
473 1 7.3955078125 619 8 7 0.7777777777777778
474 2 0.39453125 620 1 0 0.0
475 1 7.3935546875 621 8 7 0.7777777777777778
476 1 9.3935546875 621 10 9 1.0
476 2 0.3935546875 621 1 0 0.0
477 2 6.3935546875 621 7 6 0.6666666666666666
477 1 7.392578125 622 8 7 0.7777777777777778
478 2 0.392578125 622 1 0 0.0
479 1 7.390625 624 8 7 0.7777777777777778
480 2 0.388671875 626 1 0 0.0
481 1 7.388671875 626 8 7 0.7777777777777778
482 2 0.3876953125 627 1 0 0.0
482 1 9.3876953125 627 10 9 1.0
483 1 7.3876953125 627 8 7 0.7777777777777778
484 1 9.3876953125 627 10 9 1.0
484 2 0.384765625 630 1 0 0.0
485 1 7.384765625 630 8 7 0.7777777777777778
486 2 0.3828125 632 1 0 0.0
487 1 7.3828125 632 8 7 0.7777777777777778
488 2 0.3828125 632 1 0 0.0
488 1 9.3828125 632 10 9 1.0
489 2 0.3828125 632 1 0 0.0
490 2 0.3828125 632 1 0 0.0
491 2 0.3818359375 633 1 0 0.0
492 1 7.380859375 634 8 7 0.7777777777777778
493 2 0.3798828125 635 1 0 0.0
494 1 7.37890625 636 8 7 0.7777777777777778
495 2 0.37890625 636 1 0 0.0
496 1 7.3779296875 637 8 7 0.7777777777777778
497 2 0.3779296875 637 1 0 0.0
498 1 7.376953125 638 8 7 0.7777777777777778
499 2 0.376953125 638 1 0 0.0
499 1 9.376953125 638 10 9 1.0
500 1 5.3759765625 639 6 5 0.5555555555555556
501 2 0.3759765625 639 1 0 0.0
502 1 5.3759765625 639 6 5 0.5555555555555556
503 1 5.3759765625 639 6 5 0.5555555555555556
503 2 5.375 640 6 5 0.5555555555555556
504 1 5.3740234375 641 6 5 0.5555555555555556
505 2 0.3720703125 643 1 0 0.0
506 1 5.37109375 644 6 5 0.5555555555555556
507 2 0.37109375 644 1 0 0.0
508 1 5.369140625 646 6 5 0.5555555555555556
509 2 0.369140625 646 1 0 0.0
510 1 5.369140625 646 6 5 0.5555555555555556
511 1 5.3681640625 647 6 5 0.5555555555555556
512 2 0.3671875 648 1 0 0.0
513 1 5.3671875 648 6 5 0.5555555555555556
514 2 0.3671875 648 1 0 0.0
515 2 0.365234375 650 1 0 0.0
516 1 5.3642578125 651 6 5 0.5555555555555556
517 2 0.3642578125 651 1 0 0.0
517 1 9.3642578125 651 10 9 1.0
518 1 5.3623046875 653 6 5 0.5555555555555556
519 2 0.3623046875 653 1 0 0.0
520 1 5.3623046875 653 6 5 0.5555555555555556
521 1 5.3623046875 653 6 5 0.5555555555555556
522 1 5.3603515625 655 6 5 0.5555555555555556
523 2 0.3603515625 655 1 0 0.0
524 1 5.3603515625 655 6 5 0.5555555555555556
525 1 5.3603515625 655 6 5 0.5555555555555556
526 1 5.359375 656 6 5 0.5555555555555556
527 2 0.359375 656 1 0 0.0
527 1 9.359375 656 10 9 1.0
528 1 5.359375 656 6 5 0.5555555555555556
529 1 5.3583984375 657 6 5 0.5555555555555556
530 2 0.3583984375 657 1 0 0.0
531 1 5.357421875 658 6 5 0.5555555555555556
532 2 0.357421875 658 1 0 0.0
532 1 9.357421875 658 10 9 1.0
533 1 5.357421875 658 6 5 0.5555555555555556
534 1 5.3564453125 659 6 5 0.5555555555555556
535 2 0.35546875 660 1 0 0.0
535 1 9.35546875 660 10 9 1.0
536 1 5.35546875 660 6 5 0.5555555555555556
537 1 9.35546875 660 10 9 1.0
537 2 0.3544921875 661 1 0 0.0
538 1 5.3544921875 661 6 5 0.5555555555555556
539 2 0.3544921875 661 1 0 0.0
540 2 0.353515625 662 1 0 0.0
541 1 5.353515625 662 6 5 0.5555555555555556
542 2 0.3525390625 663 1 0 0.0
543 1 5.3515625 664 6 5 0.5555555555555556
544 2 0.3515625 664 1 0 0.0
545 1 5.3515625 664 6 5 0.5555555555555556
546 1 5.349609375 666 6 5 0.5555555555555556
547 2 0.349609375 666 1 0 0.0
548 1 5.349609375 666 6 5 0.5555555555555556
549 1 5.349609375 666 6 5 0.5555555555555556
550 1 5.3486328125 667 6 5 0.5555555555555556
551 2 0.3486328125 667 1 0 0.0
552 1 5.3486328125 667 6 5 0.5555555555555556
553 1 5.3486328125 667 6 5 0.5555555555555556
554 1 5.34765625 668 6 5 0.5555555555555556
555 2 0.34765625 668 1 0 0.0
555 1 9.34765625 668 10 9 1.0
556 1 5.3466796875 669 6 5 0.5555555555555556
557 2 0.3466796875 669 1 0 0.0
558 1 5.3466796875 669 6 5 0.5555555555555556
559 1 5.3466796875 669 6 5 0.5555555555555556
560 1 5.3466796875 669 6 5 0.5555555555555556
561 1 5.3466796875 669 6 5 0.5555555555555556
562 1 5.3466796875 669 6 5 0.5555555555555556
563 1 5.3466796875 669 6 5 0.5555555555555556
564 1 5.3466796875 669 6 5 0.5555555555555556
565 1 5.345703125 670 6 5 0.5555555555555556
566 2 0.345703125 670 1 0 0.0
566 1 9.345703125 670 10 9 1.0
567 1 5.345703125 670 6 5 0.5555555555555556
568 1 5.345703125 670 6 5 0.5555555555555556
569 1 5.345703125 670 6 5 0.5555555555555556
570 1 5.345703125 670 6 5 0.5555555555555556
571 1 5.345703125 670 6 5 0.5555555555555556
572 1 5.345703125 670 6 5 0.5555555555555556
573 1 5.345703125 670 6 5 0.5555555555555556
574 1 5.345703125 670 6 5 0.5555555555555556
575 1 5.345703125 670 6 5 0.5555555555555556
576 1 5.3447265625 671 6 5 0.5555555555555556
577 1 9.3447265625 671 10 9 1.0
577 2 0.34375 672 1 0 0.0
578 1 5.34375 672 6 5 0.5555555555555556
579 2 0.34375 672 1 0 0.0
580 1 9.341796875 674 10 9 1.0
580 2 0.3408203125 675 1 0 0.0
581 1 5.3408203125 675 6 5 0.5555555555555556
582 2 0.3408203125 675 1 0 0.0
582 1 9.3408203125 675 10 9 1.0
583 2 0.3408203125 675 1 0 0.0
583 1 9.3408203125 675 10 9 1.0
584 2 0.3408203125 675 1 0 0.0
584 1 9.3408203125 675 10 9 1.0
585 2 0.3408203125 675 1 0 0.0
586 2 0.33984375 676 1 0 0.0
586 1 9.33984375 676 10 9 1.0
587 1 5.33984375 676 6 5 0.5555555555555556
588 2 0.3388671875 677 1 0 0.0
589 1 5.3388671875 677 6 5 0.5555555555555556
590 2 0.337890625 678 1 0 0.0
591 1 5.337890625 678 6 5 0.5555555555555556
592 2 0.3369140625 679 1 0 0.0
592 1 9.3369140625 679 10 9 1.0
593 1 5.3369140625 679 6 5 0.5555555555555556
594 2 0.3369140625 679 1 0 0.0
595 2 0.3369140625 679 1 0 0.0
596 2 0.3369140625 679 1 0 0.0
596 1 9.3369140625 679 10 9 1.0
597 2 0.3369140625 679 1 0 0.0
597 1 9.3369140625 679 10 9 1.0
598 1 9.3369140625 679 10 9 1.0
598 2 0.3359375 680 1 0 0.0
599 1 5.3349609375 681 6 5 0.5555555555555556
600 2 0.333984375 682 1 0 0.0
601 1 5.333984375 682 6 5 0.5555555555555556
602 2 0.3330078125 683 1 0 0.0
603 1 5.33203125 684 6 5 0.5555555555555556
604 2 0.33203125 684 1 0 0.0
605 1 5.3310546875 685 6 5 0.5555555555555556
606 2 0.330078125 686 1 0 0.0
607 1 5.330078125 686 6 5 0.5555555555555556
608 2 0.3291015625 687 1 0 0.0
609 1 5.328125 688 6 5 0.5555555555555556
610 2 0.328125 688 1 0 0.0
611 1 5.328125 688 6 5 0.5555555555555556
612 1 5.328125 688 6 5 0.5555555555555556
613 1 5.3271484375 689 6 5 0.5555555555555556
614 2 0.3271484375 689 1 0 0.0
615 1 5.3271484375 689 6 5 0.5555555555555556
616 1 5.326171875 690 6 5 0.5555555555555556
617 1 9.326171875 690 10 9 1.0
617 2 0.326171875 690 1 0 0.0
618 1 5.3251953125 691 6 5 0.5555555555555556
619 2 0.3251953125 691 1 0 0.0
619 1 9.3251953125 691 10 9 1.0
620 1 5.32421875 692 6 5 0.5555555555555556
621 1 9.32421875 692 10 9 1.0
621 2 0.3232421875 693 1 0 0.0
622 1 5.3232421875 693 6 5 0.5555555555555556
623 2 0.322265625 694 1 0 0.0
624 1 5.322265625 694 6 5 0.5555555555555556
625 2 0.322265625 694 1 0 0.0
626 2 0.322265625 694 1 0 0.0
626 1 9.322265625 694 10 9 1.0
627 2 0.3212890625 695 1 0 0.0
628 1 5.3212890625 695 6 5 0.5555555555555556
629 2 0.3212890625 695 1 0 0.0
630 2 0.3193359375 697 1 0 0.0
631 1 5.3193359375 697 6 5 0.5555555555555556
632 2 0.318359375 698 1 0 0.0
633 1 5.318359375 698 6 5 0.5555555555555556
634 2 0.318359375 698 1 0 0.0
634 1 9.318359375 698 10 9 1.0
635 2 0.318359375 698 1 0 0.0
636 2 0.318359375 698 1 0 0.0
637 2 0.3173828125 699 1 0 0.0
638 1 5.31640625 700 6 5 0.5555555555555556
639 2 0.31640625 700 1 0 0.0
640 1 5.31640625 700 6 5 0.5555555555555556
641 1 5.3154296875 701 6 5 0.5555555555555556
642 2 0.314453125 702 1 0 0.0
642 1 9.314453125 702 10 9 1.0
643 1 5.314453125 702 6 5 0.5555555555555556
644 2 0.314453125 702 1 0 0.0
645 2 0.3134765625 703 1 0 0.0
646 1 5.3125 704 6 5 0.5555555555555556
647 2 0.3125 704 1 0 0.0
648 1 5.3125 704 6 5 0.5555555555555556
649 1 5.3125 704 6 5 0.5555555555555556
650 1 5.3125 704 6 5 0.5555555555555556
651 1 5.310546875 706 6 5 0.5555555555555556
652 2 0.310546875 706 1 0 0.0
653 1 5.310546875 706 6 5 0.5555555555555556
654 1 5.310546875 706 6 5 0.5555555555555556
655 1 5.310546875 706 6 5 0.5555555555555556
656 1 5.3095703125 707 6 5 0.5555555555555556
657 2 0.3095703125 707 1 0 0.0
658 1 5.3076171875 709 6 5 0.5555555555555556
659 2 0.306640625 710 1 0 0.0
660 1 5.306640625 710 6 5 0.5555555555555556
661 2 0.3046875 712 1 0 0.0
662 1 5.3046875 712 6 5 0.5555555555555556
663 2 0.3046875 712 1 0 0.0
663 1 9.3046875 712 10 9 1.0
664 2 0.3046875 712 1 0 0.0
665 1 9.3046875 712 10 9 1.0
665 2 0.3037109375 713 1 0 0.0
666 1 5.3037109375 713 6 5 0.5555555555555556
667 2 0.3037109375 713 1 0 0.0
668 2 0.3037109375 713 1 0 0.0
669 2 0.3037109375 713 1 0 0.0
670 2 0.302734375 714 1 0 0.0
671 1 5.302734375 714 6 5 0.5555555555555556
672 2 0.302734375 714 1 0 0.0
673 2 0.302734375 714 1 0 0.0
673 1 9.302734375 714 10 9 1.0
674 2 0.302734375 714 1 0 0.0
675 2 0.3017578125 715 1 0 0.0
676 1 5.3017578125 715 6 5 0.5555555555555556
677 2 0.3017578125 715 1 0 0.0
678 2 0.3017578125 715 1 0 0.0
678 1 9.3017578125 715 10 9 1.0
679 2 0.3017578125 715 1 0 0.0
680 2 0.3017578125 715 1 0 0.0
680 1 9.3017578125 715 10 9 1.0
681 2 0.3017578125 715 1 0 0.0
681 1 9.3017578125 715 10 9 1.0
682 2 0.3017578125 715 1 0 0.0
683 2 0.3017578125 715 1 0 0.0
684 2 0.3017578125 715 1 0 0.0
685 2 0.30078125 716 1 0 0.0
685 1 9.30078125 716 10 9 1.0
686 1 5.30078125 716 6 5 0.5555555555555556
687 2 0.30078125 716 1 0 0.0
687 1 9.30078125 716 10 9 1.0
688 2 0.30078125 716 1 0 0.0
689 2 0.30078125 716 1 0 0.0
689 1 9.30078125 716 10 9 1.0
690 2 0.2998046875 717 1 0 0.0
691 1 5.2998046875 717 6 5 0.5555555555555556
692 1 9.2998046875 717 10 9 1.0
692 2 0.298828125 718 1 0 0.0
693 1 5.298828125 718 6 5 0.5555555555555556
694 2 0.2978515625 719 1 0 0.0
695 1 5.296875 720 6 5 0.5555555555555556
696 2 0.296875 720 1 0 0.0
697 1 5.296875 720 6 5 0.5555555555555556
698 1 5.296875 720 6 5 0.5555555555555556
699 1 5.296875 720 6 5 0.5555555555555556
700 1 5.296875 720 6 5 0.5555555555555556
701 1 5.2958984375 721 6 5 0.5555555555555556
702 2 0.2958984375 721 1 0 0.0
703 1 5.294921875 722 6 5 0.5555555555555556
704 1 9.294921875 722 10 9 1.0
704 2 0.294921875 722 1 0 0.0
705 1 5.294921875 722 6 5 0.5555555555555556
706 1 5.294921875 722 6 5 0.5555555555555556
707 1 5.294921875 722 6 5 0.5555555555555556
708 1 5.294921875 722 6 5 0.5555555555555556
709 1 5.294921875 722 6 5 0.5555555555555556
710 1 5.294921875 722 6 5 0.5555555555555556
711 1 5.294921875 722 6 5 0.5555555555555556
712 1 5.294921875 722 6 5 0.5555555555555556
713 1 5.294921875 722 6 5 0.5555555555555556
714 1 5.294921875 722 6 5 0.5555555555555556
715 1 5.2939453125 723 6 5 0.5555555555555556
716 1 9.2919921875 725 10 9 1.0
716 2 0.2919921875 725 1 0 0.0
717 1 5.2919921875 725 6 5 0.5555555555555556
717 2 4.2919921875 725 5 4 0.4444444444444444
718 2 0.2919921875 725 1 0 0.0
718 1 9.2919921875 725 10 9 1.0
719 2 0.2900390625 727 1 0 0.0
720 1 5.2900390625 727 6 5 0.5555555555555556
721 2 0.2900390625 727 1 0 0.0
721 1 9.2900390625 727 10 9 1.0
722 2 0.2890625 728 1 0 0.0
723 1 5.2890625 728 6 5 0.5555555555555556
724 2 0.2890625 728 1 0 0.0
725 2 0.2890625 728 1 0 0.0
726 2 0.2890625 728 1 0 0.0
727 2 0.2890625 728 1 0 0.0
728 2 0.2890625 728 1 0 0.0
729 2 0.2880859375 729 1 0 0.0
730 1 5.2880859375 729 6 5 0.5555555555555556
731 2 0.287109375 730 1 0 0.0
732 1 5.287109375 730 6 5 0.5555555555555556
733 2 0.287109375 730 1 0 0.0
734 2 0.287109375 730 1 0 0.0
734 1 9.287109375 730 10 9 1.0
735 2 0.2861328125 731 1 0 0.0
736 1 5.28515625 732 6 5 0.5555555555555556
737 2 0.2841796875 733 1 0 0.0
738 1 5.283203125 734 6 5 0.5555555555555556
739 2 0.283203125 734 1 0 0.0
739 1 9.283203125 734 10 9 1.0
740 1 5.283203125 734 6 5 0.5555555555555556
741 1 5.283203125 734 6 5 0.5555555555555556
742 1 5.2822265625 735 6 5 0.5555555555555556
743 2 0.2822265625 735 1 0 0.0
744 1 5.2822265625 735 6 5 0.5555555555555556
745 1 5.2822265625 735 6 5 0.5555555555555556
746 1 5.2822265625 735 6 5 0.5555555555555556
747 1 5.2822265625 735 6 5 0.5555555555555556
747 2 4.2822265625 735 5 4 0.4444444444444444
748 1 5.28125 736 6 5 0.5555555555555556
749 2 0.2802734375 737 1 0 0.0
750 1 5.2802734375 737 6 5 0.5555555555555556
751 2 0.279296875 738 1 0 0.0
752 1 5.279296875 738 6 5 0.5555555555555556
753 2 0.2783203125 739 1 0 0.0
754 1 5.2783203125 739 6 5 0.5555555555555556
754 2 5.27734375 740 6 5 0.5555555555555556
755 2 0.27734375 740 1 0 0.0
756 1 5.27734375 740 6 5 0.5555555555555556
757 2 0.27734375 740 1 0 0.0
758 2 0.27734375 740 1 0 0.0
758 1 9.27734375 740 10 9 1.0
759 2 0.27734375 740 1 0 0.0
759 1 9.27734375 740 10 9 1.0
760 2 0.27734375 740 1 0 0.0
761 2 0.27734375 740 1 0 0.0
762 2 0.27734375 740 1 0 0.0
763 2 0.27734375 740 1 0 0.0
763 1 9.27734375 740 10 9 1.0
764 1 9.27734375 740 10 9 1.0
764 2 0.27734375 740 1 0 0.0
765 2 0.27734375 740 1 0 0.0
766 2 0.275390625 742 1 0 0.0
766 1 9.275390625 742 10 9 1.0
767 1 5.275390625 742 6 5 0.5555555555555556
768 2 0.2734375 744 1 0 0.0
768 1 9.2734375 744 10 9 1.0
769 1 5.2734375 744 6 5 0.5555555555555556
770 2 0.2724609375 745 1 0 0.0
770 1 9.2724609375 745 10 9 1.0
771 1 5.2705078125 747 6 5 0.5555555555555556
772 2 0.2705078125 747 1 0 0.0
772 1 9.2705078125 747 10 9 1.0
773 1 5.2705078125 747 6 5 0.5555555555555556
774 1 5.2685546875 749 6 5 0.5555555555555556
775 2 0.2685546875 749 1 0 0.0
776 1 5.2685546875 749 6 5 0.5555555555555556
777 1 5.2685546875 749 6 5 0.5555555555555556
778 1 5.2685546875 749 6 5 0.5555555555555556
779 1 5.2685546875 749 6 5 0.5555555555555556
780 1 5.267578125 750 6 5 0.5555555555555556
781 2 0.267578125 750 1 0 0.0
781 1 9.267578125 750 10 9 1.0
782 1 5.267578125 750 6 5 0.5555555555555556
783 1 5.267578125 750 6 5 0.5555555555555556
784 1 5.267578125 750 6 5 0.5555555555555556
785 1 5.267578125 750 6 5 0.5555555555555556
786 1 5.2666015625 751 6 5 0.5555555555555556
787 2 0.2666015625 751 1 0 0.0
787 1 9.2666015625 751 10 9 1.0
788 1 5.2666015625 751 6 5 0.5555555555555556
789 1 5.2646484375 753 6 5 0.5555555555555556
790 2 0.2646484375 753 1 0 0.0
791 1 5.263671875 754 6 5 0.5555555555555556
792 2 0.263671875 754 1 0 0.0
792 1 9.263671875 754 10 9 1.0
793 1 5.263671875 754 6 5 0.5555555555555556
794 1 5.2626953125 755 6 5 0.5555555555555556
795 2 0.2626953125 755 1 0 0.0
796 1 5.2626953125 755 6 5 0.5555555555555556
797 1 5.2607421875 757 6 5 0.5555555555555556
798 2 0.2607421875 757 1 0 0.0
799 1 5.2607421875 757 6 5 0.5555555555555556
800 1 5.2607421875 757 6 5 0.5555555555555556
801 1 5.2607421875 757 6 5 0.5555555555555556
802 1 5.2607421875 757 6 5 0.5555555555555556
803 1 5.2607421875 757 6 5 0.5555555555555556
804 1 5.2587890625 759 6 5 0.5555555555555556
805 2 0.2587890625 759 1 0 0.0
805 1 9.2587890625 759 10 9 1.0
806 1 5.2587890625 759 6 5 0.5555555555555556
807 1 5.2578125 760 6 5 0.5555555555555556
808 2 0.2578125 760 1 0 0.0
808 1 9.2578125 760 10 9 1.0
809 1 5.2578125 760 6 5 0.5555555555555556
810 1 5.2578125 760 6 5 0.5555555555555556
811 1 5.2578125 760 6 5 0.5555555555555556
812 1 5.2578125 760 6 5 0.5555555555555556
813 1 5.2578125 760 6 5 0.5555555555555556
814 1 5.2578125 760 6 5 0.5555555555555556
815 1 5.2578125 760 6 5 0.5555555555555556
816 1 5.2578125 760 6 5 0.5555555555555556
817 1 5.2578125 760 6 5 0.5555555555555556
818 1 5.2578125 760 6 5 0.5555555555555556
819 1 5.2578125 760 6 5 0.5555555555555556
820 1 5.2578125 760 6 5 0.5555555555555556
821 1 5.255859375 762 6 5 0.5555555555555556
822 2 0.255859375 762 1 0 0.0
822 1 9.255859375 762 10 9 1.0
823 1 5.255859375 762 6 5 0.5555555555555556
824 1 5.255859375 762 6 5 0.5555555555555556
825 1 5.255859375 762 6 5 0.5555555555555556
826 1 5.2548828125 763 6 5 0.5555555555555556
827 2 0.2548828125 763 1 0 0.0
828 1 5.2548828125 763 6 5 0.5555555555555556
829 1 5.2548828125 763 6 5 0.5555555555555556
830 1 5.25390625 764 6 5 0.5555555555555556
831 2 0.25390625 764 1 0 0.0
832 1 5.25390625 764 6 5 0.5555555555555556
833 1 5.25390625 764 6 5 0.5555555555555556
834 1 5.25390625 764 6 5 0.5555555555555556
835 1 5.25390625 764 6 5 0.5555555555555556
836 1 5.25390625 764 6 5 0.5555555555555556
837 1 5.25390625 764 6 5 0.5555555555555556
838 1 5.25390625 764 6 5 0.5555555555555556
839 1 5.251953125 766 6 5 0.5555555555555556
840 2 0.2509765625 767 1 0 0.0
841 1 5.2509765625 767 6 5 0.5555555555555556
842 2 0.2490234375 769 1 0 0.0
843 1 5.2490234375 769 6 5 0.5555555555555556
844 2 0.2490234375 769 1 0 0.0
844 1 9.2490234375 769 10 9 1.0
845 2 0.248046875 770 1 0 0.0
846 1 5.2470703125 771 6 5 0.5555555555555556
847 2 0.2470703125 771 1 0 0.0
848 1 5.2470703125 771 6 5 0.5555555555555556
849 1 5.2470703125 771 6 5 0.5555555555555556
850 1 5.2470703125 771 6 5 0.5555555555555556
851 1 5.24609375 772 6 5 0.5555555555555556
852 2 0.24609375 772 1 0 0.0
853 1 5.24609375 772 6 5 0.5555555555555556
854 1 5.24609375 772 6 5 0.5555555555555556
855 1 5.24609375 772 6 5 0.5555555555555556
856 1 5.24609375 772 6 5 0.5555555555555556
857 1 5.24609375 772 6 5 0.5555555555555556
858 1 5.24609375 772 6 5 0.5555555555555556
859 1 5.2451171875 773 6 5 0.5555555555555556
860 1 9.2451171875 773 10 9 1.0
860 2 0.2451171875 773 1 0 0.0
861 1 5.2451171875 773 6 5 0.5555555555555556
862 1 5.2451171875 773 6 5 0.5555555555555556
863 1 5.2451171875 773 6 5 0.5555555555555556
864 1 5.2451171875 773 6 5 0.5555555555555556
865 1 5.2451171875 773 6 5 0.5555555555555556
866 1 5.2451171875 773 6 5 0.5555555555555556
867 1 5.2451171875 773 6 5 0.5555555555555556
868 1 5.2451171875 773 6 5 0.5555555555555556
869 1 5.2451171875 773 6 5 0.5555555555555556
870 1 5.2451171875 773 6 5 0.5555555555555556
871 1 5.2451171875 773 6 5 0.5555555555555556
872 1 5.244140625 774 6 5 0.5555555555555556
873 2 0.244140625 774 1 0 0.0
874 1 5.244140625 774 6 5 0.5555555555555556
875 1 5.244140625 774 6 5 0.5555555555555556
875 0 9.244140625 774 10 9 1.0
876 2 0.244140625 774 1 0 0.0
877 2 0.244140625 774 1 0 0.0
877 1 9.244140625 774 10 9 1.0
878 2 0.244140625 774 1 0 0.0
878 1 9.244140625 774 10 9 1.0
879 2 0.244140625 774 1 0 0.0
880 2 0.2431640625 775 1 0 0.0
881 0 9.2431640625 775 10 9 1.0
882 2 0.2431640625 775 1 0 0.0
883 2 0.2431640625 775 1 0 0.0
884 2 0.2421875 776 1 0 0.0
885 0 9.2421875 776 10 9 1.0
886 2 0.2421875 776 1 0 0.0
887 1 9.2412109375 777 10 9 1.0
887 2 0.2412109375 777 1 0 0.0
888 0 9.2412109375 777 10 9 1.0
889 2 0.2412109375 777 1 0 0.0
890 2 0.2412109375 777 1 0 0.0
890 1 9.2412109375 777 10 9 1.0
891 2 0.2412109375 777 1 0 0.0
892 2 0.240234375 778 1 0 0.0
892 1 9.240234375 778 10 9 1.0
893 0 9.240234375 778 10 9 1.0
894 2 0.240234375 778 1 0 0.0
894 1 9.240234375 778 10 9 1.0
895 2 0.2392578125 779 1 0 0.0
896 0 9.2392578125 779 10 9 1.0
897 2 0.2392578125 779 1 0 0.0
898 2 0.2392578125 779 1 0 0.0
899 2 0.2392578125 779 1 0 0.0
900 2 0.2392578125 779 1 0 0.0
900 1 9.2392578125 779 10 9 1.0
901 2 0.2392578125 779 1 0 0.0
902 2 0.2392578125 779 1 0 0.0
903 2 0.2392578125 779 1 0 0.0
904 2 0.2392578125 779 1 0 0.0
905 2 0.2392578125 779 1 0 0.0
906 2 0.2392578125 779 1 0 0.0
906 1 9.2392578125 779 10 9 1.0
907 2 0.2392578125 779 1 0 0.0
907 1 9.2392578125 779 10 9 1.0
908 2 0.2392578125 779 1 0 0.0
909 2 0.2392578125 779 1 0 0.0
910 2 0.2392578125 779 1 0 0.0
911 2 0.2392578125 779 1 0 0.0
912 2 0.2392578125 779 1 0 0.0
912 1 9.2392578125 779 10 9 1.0
913 2 0.2392578125 779 1 0 0.0
914 2 0.2392578125 779 1 0 0.0
915 2 0.2373046875 781 1 0 0.0
916 0 9.2373046875 781 10 9 1.0
917 2 0.2373046875 781 1 0 0.0
918 2 0.2373046875 781 1 0 0.0
919 2 0.2373046875 781 1 0 0.0
919 1 9.2373046875 781 10 9 1.0
920 2 0.2373046875 781 1 0 0.0
921 2 0.2373046875 781 1 0 0.0
921 1 9.2373046875 781 10 9 1.0
922 1 9.2373046875 781 10 9 1.0
922 2 0.236328125 782 1 0 0.0
923 0 9.236328125 782 10 9 1.0
924 2 0.236328125 782 1 0 0.0
925 2 0.236328125 782 1 0 0.0
925 1 9.236328125 782 10 9 1.0
926 2 0.2353515625 783 1 0 0.0
926 1 9.2353515625 783 10 9 1.0
927 0 9.2353515625 783 10 9 1.0
928 2 0.2353515625 783 1 0 0.0
929 2 0.2353515625 783 1 0 0.0
930 2 0.234375 784 1 0 0.0
931 0 9.234375 784 10 9 1.0
932 2 0.234375 784 1 0 0.0
932 1 9.234375 784 10 9 1.0
933 1 9.234375 784 10 9 1.0
933 2 0.2333984375 785 1 0 0.0
934 0 9.2333984375 785 10 9 1.0
935 2 0.2333984375 785 1 0 0.0
935 1 9.2333984375 785 10 9 1.0
936 2 0.2333984375 785 1 0 0.0
937 2 0.2333984375 785 1 0 0.0
938 2 0.2333984375 785 1 0 0.0
938 1 9.2333984375 785 10 9 1.0
939 2 0.232421875 786 1 0 0.0
940 0 9.232421875 786 10 9 1.0
941 2 0.232421875 786 1 0 0.0
942 2 0.232421875 786 1 0 0.0
943 2 0.232421875 786 1 0 0.0
944 1 9.2314453125 787 10 9 1.0
944 2 0.2314453125 787 1 0 0.0
945 0 9.2314453125 787 10 9 1.0
946 2 0.2314453125 787 1 0 0.0
947 2 0.2314453125 787 1 0 0.0
948 2 0.2314453125 787 1 0 0.0
949 1 9.23046875 788 10 9 1.0
949 2 0.23046875 788 1 0 0.0
950 0 9.23046875 788 10 9 1.0
951 2 0.23046875 788 1 0 0.0
951 1 9.23046875 788 10 9 1.0
952 2 0.23046875 788 1 0 0.0
953 2 0.2294921875 789 1 0 0.0
953 1 9.2294921875 789 10 9 1.0
954 0 9.2294921875 789 10 9 1.0
955 2 0.2294921875 789 1 0 0.0
956 2 0.228515625 790 1 0 0.0
957 0 9.228515625 790 10 9 1.0
958 2 0.228515625 790 1 0 0.0
958 1 9.228515625 790 10 9 1.0
959 2 0.228515625 790 1 0 0.0
959 1 9.228515625 790 10 9 1.0
960 2 0.228515625 790 1 0 0.0
960 1 9.228515625 790 10 9 1.0
961 1 9.2275390625 791 10 9 1.0
961 2 0.2275390625 791 1 0 0.0
962 0 9.2275390625 791 10 9 1.0
963 2 0.2275390625 791 1 0 0.0
964 2 0.2275390625 791 1 0 0.0
965 2 0.2265625 792 1 0 0.0
966 0 9.2265625 792 10 9 1.0
967 2 0.2265625 792 1 0 0.0
967 1 9.2265625 792 10 9 1.0
968 2 0.2265625 792 1 0 0.0
969 2 0.2265625 792 1 0 0.0
969 1 9.2265625 792 10 9 1.0
970 1 9.2265625 792 10 9 1.0
970 2 0.2255859375 793 1 0 0.0
971 0 9.224609375 794 10 9 1.0
972 2 0.224609375 794 1 0 0.0
973 0 9.224609375 794 10 9 1.0
974 0 9.224609375 794 10 9 1.0
975 0 9.224609375 794 10 9 1.0
976 0 9.224609375 794 10 9 1.0
977 0 9.224609375 794 10 9 1.0
977 1 7.224609375 794 8 7 0.7777777777777778
978 0 9.224609375 794 10 9 1.0
979 0 9.224609375 794 10 9 1.0
980 0 9.224609375 794 10 9 1.0
981 0 9.224609375 794 10 9 1.0
982 0 9.2236328125 795 10 9 1.0
983 2 0.2236328125 795 1 0 0.0
984 0 9.2236328125 795 10 9 1.0
985 0 9.2236328125 795 10 9 1.0
986 0 9.2236328125 795 10 9 1.0
987 0 9.2236328125 795 10 9 1.0
988 0 9.22265625 796 10 9 1.0
989 2 0.22265625 796 1 0 0.0
989 1 9.22265625 796 10 9 1.0
990 0 9.22265625 796 10 9 1.0
991 0 9.22265625 796 10 9 1.0
992 0 9.2216796875 797 10 9 1.0
993 2 0.2216796875 797 1 0 0.0
994 0 9.2216796875 797 10 9 1.0
994 1 7.2216796875 797 8 7 0.7777777777777778
995 0 9.220703125 798 10 9 1.0
996 2 0.21875 800 1 0 0.0
997 0 9.21875 800 10 9 1.0
998 2 0.21875 800 1 0 0.0
998 1 9.21875 800 10 9 1.0
999 2 0.21875 800 1 0 0.0
999 1 9.21875 800 10 9 1.0
1000 2 0.21875 800 1 0 0.0
