gen testSuiteSize notKilledMutants number_of_tests no_discount_objective no_equiv_mut_not_killed no_equiv_mut_not_killed_perc
1 3 9.814453125 19 10 7 1.0
1 4 9.58984375 42 10 7 1.0
1 6 9.53125 48 10 7 1.0
2 3 9.53125 48 10 7 1.0
3 3 9.521484375 49 10 7 1.0
4 3 9.51171875 50 10 7 1.0
5 3 9.51171875 50 10 7 1.0
6 3 9.482421875 53 10 7 1.0
7 3 9.462890625 55 10 7 1.0
8 3 9.404296875 61 10 7 1.0
9 3 9.39453125 62 10 7 1.0
10 3 9.384765625 63 10 7 1.0
11 3 9.375 64 10 7 1.0
12 3 9.365234375 65 10 7 1.0
13 3 9.287109375 73 10 7 1.0
14 3 9.2578125 76 10 7 1.0
15 3 9.228515625 79 10 7 1.0
16 3 9.189453125 83 10 7 1.0
17 3 9.16015625 86 10 7 1.0
18 3 9.130859375 89 10 7 1.0
19 3 9.091796875 93 10 7 1.0
20 3 8.1474609375 97 9 6 0.8571428571428571
21 3 8.0859375 104 9 6 0.8571428571428571
22 3 8.0771484375 105 9 6 0.8571428571428571
23 3 8.068359375 106 9 6 0.8571428571428571
24 3 8.0419921875 109 9 6 0.8571428571428571
25 3 8.015625 112 9 6 0.8571428571428571
26 3 7.9716796875 117 9 6 0.8571428571428571
27 3 7.9541015625 119 9 6 0.8571428571428571
28 3 7.9365234375 121 9 6 0.8571428571428571
29 3 7.8837890625 127 9 6 0.8571428571428571
30 3 7.8662109375 129 9 6 0.8571428571428571
31 3 7.83984375 132 9 6 0.8571428571428571
32 3 7.822265625 134 9 6 0.8571428571428571
33 3 7.7783203125 139 9 6 0.8571428571428571
34 3 7.76953125 140 9 6 0.8571428571428571
35 3 6.890625 142 8 5 0.7142857142857143
36 3 6.859375 146 8 5 0.7142857142857143
37 3 6.8359375 149 8 5 0.7142857142857143
38 3 6.8046875 153 8 5 0.7142857142857143
39 3 6.796875 154 8 5 0.7142857142857143
40 3 6.7734375 157 8 5 0.7142857142857143
41 3 6.7421875 161 8 5 0.7142857142857143
41 4 6.734375 162 8 5 0.7142857142857143
42 3 6.6796875 169 8 5 0.7142857142857143
43 3 6.6640625 171 8 5 0.7142857142857143
44 3 6.640625 174 8 5 0.7142857142857143
45 3 6.625 176 8 5 0.7142857142857143
46 3 6.6171875 177 8 5 0.7142857142857143
47 3 6.5625 184 8 5 0.7142857142857143
48 3 6.5546875 185 8 5 0.7142857142857143
49 3 6.546875 186 8 5 0.7142857142857143
49 4 6.5390625 187 8 5 0.7142857142857143
50 3 6.515625 190 8 5 0.7142857142857143
51 3 6.4765625 195 8 5 0.7142857142857143
52 3 6.46875 196 8 5 0.7142857142857143
53 3 6.46875 196 8 5 0.7142857142857143
54 3 6.453125 198 8 5 0.7142857142857143
55 3 6.4375 200 8 5 0.7142857142857143
56 3 6.4296875 201 8 5 0.7142857142857143
56 4 6.421875 202 8 5 0.7142857142857143
57 3 6.375 208 8 5 0.7142857142857143
58 3 6.375 208 8 5 0.7142857142857143
59 3 6.3671875 209 8 5 0.7142857142857143
60 3 6.3515625 211 8 5 0.7142857142857143
61 3 6.3359375 213 8 5 0.7142857142857143
62 3 6.296875 218 8 5 0.7142857142857143
63 3 6.28125 220 8 5 0.7142857142857143
64 3 6.265625 222 8 5 0.7142857142857143
65 3 6.2578125 223 8 5 0.7142857142857143
66 3 6.25 224 8 5 0.7142857142857143
67 3 6.234375 226 8 5 0.7142857142857143
68 3 6.2109375 229 8 5 0.7142857142857143
69 3 6.1875 232 8 5 0.7142857142857143
70 3 6.1796875 233 8 5 0.7142857142857143
71 3 6.1484375 237 8 5 0.7142857142857143
72 3 6.140625 238 8 5 0.7142857142857143
73 3 6.1328125 239 8 5 0.7142857142857143
74 3 6.125 240 8 5 0.7142857142857143
75 3 6.0859375 245 8 5 0.7142857142857143
76 3 6.0546875 249 8 5 0.7142857142857143
77 3 6.0390625 251 8 5 0.7142857142857143
78 3 5.2705078125 253 7 4 0.5714285714285714
79 3 5.2431640625 257 7 4 0.5714285714285714
80 3 5.2294921875 259 7 4 0.5714285714285714
81 3 5.2158203125 261 7 4 0.5714285714285714
82 3 5.2158203125 261 7 4 0.5714285714285714
83 3 5.1953125 264 7 4 0.5714285714285714
84 3 5.1884765625 265 7 4 0.5714285714285714
85 3 5.181640625 266 7 4 0.5714285714285714
86 3 5.1748046875 267 7 4 0.5714285714285714
86 4 4.4296875 268 6 3 0.42857142857142855
87 3 5.423828125 269 7 4 0.5714285714285714
88 3 5.423828125 269 7 4 0.5714285714285714
89 3 5.400390625 273 7 4 0.5714285714285714
90 3 5.39453125 274 7 4 0.5714285714285714
91 3 5.3828125 276 7 4 0.5714285714285714
92 3 5.376953125 277 7 4 0.5714285714285714
93 3 5.353515625 281 7 4 0.5714285714285714
94 3 5.341796875 283 7 4 0.5714285714285714
95 3 5.32421875 286 7 4 0.5714285714285714
96 3 5.32421875 286 7 4 0.5714285714285714
97 3 5.318359375 287 7 4 0.5714285714285714
98 3 5.306640625 289 7 4 0.5714285714285714
99 3 5.306640625 289 7 4 0.5714285714285714
100 3 5.2890625 292 7 4 0.5714285714285714
101 3 5.27734375 294 7 4 0.5714285714285714
102 3 5.265625 296 7 4 0.5714285714285714
103 3 5.25390625 298 7 4 0.5714285714285714
104 3 5.2421875 300 7 4 0.5714285714285714
105 3 5.236328125 301 7 4 0.5714285714285714
105 4 5.23046875 302 7 4 0.5714285714285714
106 3 5.23046875 302 7 4 0.5714285714285714
107 3 5.21875 304 7 4 0.5714285714285714
108 3 5.21875 304 7 4 0.5714285714285714
109 3 5.21875 304 7 4 0.5714285714285714
110 3 5.20703125 306 7 4 0.5714285714285714
111 3 5.201171875 307 7 4 0.5714285714285714
112 3 5.177734375 311 7 4 0.5714285714285714
113 3 5.166015625 313 7 4 0.5714285714285714
114 4 4.1484375 316 6 3 0.42857142857142855
114 3 5.1484375 316 7 4 0.5714285714285714
115 4 4.13671875 318 6 3 0.42857142857142855
116 3 5.119140625 321 7 4 0.5714285714285714
117 3 5.11328125 322 7 4 0.5714285714285714
117 4 4.11328125 322 6 3 0.42857142857142855
118 3 5.095703125 325 7 4 0.5714285714285714
119 4 4.083984375 327 6 3 0.42857142857142855
120 3 5.072265625 329 7 4 0.5714285714285714
121 4 4.060546875 331 6 3 0.42857142857142855
122 3 5.060546875 331 7 4 0.5714285714285714
123 4 4.04296875 334 6 3 0.42857142857142855
124 3 5.013671875 339 7 4 0.5714285714285714
125 3 5.013671875 339 7 4 0.5714285714285714
125 4 4.001953125 341 6 3 0.42857142857142855
126 3 5.001953125 341 7 4 0.5714285714285714
127 4 3.990234375 343 6 3 0.42857142857142855
128 3 4.966796875 347 7 4 0.5714285714285714
129 4 3.9375 352 6 3 0.42857142857142855
130 3 4.931640625 353 7 4 0.5714285714285714
131 4 3.908203125 357 6 3 0.42857142857142855
132 3 4.908203125 357 7 4 0.5714285714285714
132 4 1.9423828125 361 3 0 0.0
133 3 5.9306640625 365 7 4 0.5714285714285714
134 3 5.916015625 370 7 4 0.5714285714285714
135 3 5.9072265625 373 7 4 0.5714285714285714
136 3 5.8984375 376 7 4 0.5714285714285714
137 3 5.8955078125 377 7 4 0.5714285714285714
137 4 5.892578125 378 7 4 0.5714285714285714
138 3 5.8896484375 379 7 4 0.5714285714285714
139 3 5.8837890625 381 7 4 0.5714285714285714
140 3 5.8837890625 381 7 4 0.5714285714285714
141 3 5.8720703125 385 7 4 0.5714285714285714
142 3 5.8662109375 387 7 4 0.5714285714285714
143 3 5.8662109375 387 7 4 0.5714285714285714
144 3 5.86328125 388 7 4 0.5714285714285714
145 3 5.8544921875 391 7 4 0.5714285714285714
146 3 5.845703125 394 7 4 0.5714285714285714
147 3 5.8427734375 395 7 4 0.5714285714285714
148 3 5.828125 400 7 4 0.5714285714285714
149 3 5.828125 400 7 4 0.5714285714285714
150 3 5.8193359375 403 7 4 0.5714285714285714
151 3 5.8134765625 405 7 4 0.5714285714285714
152 3 5.8134765625 405 7 4 0.5714285714285714
153 3 5.8046875 408 7 4 0.5714285714285714
154 3 5.798828125 410 7 4 0.5714285714285714
155 3 5.798828125 410 7 4 0.5714285714285714
156 3 5.79296875 412 7 4 0.5714285714285714
157 4 4.7900390625 413 6 3 0.42857142857142855
157 3 5.7900390625 413 7 4 0.5714285714285714
158 3 5.7900390625 413 7 4 0.5714285714285714
159 3 5.7900390625 413 7 4 0.5714285714285714
160 3 5.787109375 414 7 4 0.5714285714285714
161 3 5.7783203125 417 7 4 0.5714285714285714
162 3 5.76953125 420 7 4 0.5714285714285714
163 3 5.7666015625 421 7 4 0.5714285714285714
164 3 5.7666015625 421 7 4 0.5714285714285714
164 4 5.763671875 422 7 4 0.5714285714285714
165 3 5.751953125 426 7 4 0.5714285714285714
166 3 5.751953125 426 7 4 0.5714285714285714
166 4 5.7490234375 427 7 4 0.5714285714285714
167 2 6.74609375 428 8 5 0.7142857142857143
167 3 5.7431640625 429 7 4 0.5714285714285714
168 3 5.7373046875 431 7 4 0.5714285714285714
169 3 5.7314453125 433 7 4 0.5714285714285714
170 3 5.7255859375 435 7 4 0.5714285714285714
171 3 5.7197265625 437 7 4 0.5714285714285714
172 3 5.7138671875 439 7 4 0.5714285714285714
173 3 5.7109375 440 7 4 0.5714285714285714
174 3 5.7080078125 441 7 4 0.5714285714285714
175 3 5.705078125 442 7 4 0.5714285714285714
176 3 5.7021484375 443 7 4 0.5714285714285714
177 3 5.6962890625 445 7 4 0.5714285714285714
178 3 5.6962890625 445 7 4 0.5714285714285714
179 3 5.6875 448 7 4 0.5714285714285714
180 3 5.681640625 450 7 4 0.5714285714285714
181 3 5.681640625 450 7 4 0.5714285714285714
182 3 5.681640625 450 7 4 0.5714285714285714
183 3 5.6787109375 451 7 4 0.5714285714285714
184 3 5.67578125 452 7 4 0.5714285714285714
185 3 5.669921875 454 7 4 0.5714285714285714
186 3 5.669921875 454 7 4 0.5714285714285714
187 3 5.669921875 454 7 4 0.5714285714285714
188 3 5.6640625 456 7 4 0.5714285714285714
189 3 5.6611328125 457 7 4 0.5714285714285714
190 3 5.658203125 458 7 4 0.5714285714285714
191 2 6.6552734375 459 8 5 0.7142857142857143
191 3 5.65234375 460 7 4 0.5714285714285714
192 3 5.646484375 462 7 4 0.5714285714285714
193 3 5.6435546875 463 7 4 0.5714285714285714
194 4 2.640625 464 4 1 0.14285714285714285
194 3 5.6376953125 465 7 4 0.5714285714285714
195 3 5.6376953125 465 7 4 0.5714285714285714
196 3 5.6376953125 465 7 4 0.5714285714285714
197 3 5.6376953125 465 7 4 0.5714285714285714
198 3 5.6376953125 465 7 4 0.5714285714285714
199 4 1.6376953125 465 3 0 0.0
199 3 5.6376953125 465 7 4 0.5714285714285714
200 3 5.6318359375 467 7 4 0.5714285714285714
201 3 5.6259765625 469 7 4 0.5714285714285714
202 3 5.6259765625 469 7 4 0.5714285714285714
203 3 5.623046875 470 7 4 0.5714285714285714
204 2 7.623046875 470 9 6 0.8571428571428571
204 3 5.623046875 470 7 4 0.5714285714285714
205 3 5.6201171875 471 7 4 0.5714285714285714
206 3 5.6171875 472 7 4 0.5714285714285714
207 3 5.6083984375 475 7 4 0.5714285714285714
208 3 5.6025390625 477 7 4 0.5714285714285714
209 3 5.5966796875 479 7 4 0.5714285714285714
210 3 5.59375 480 7 4 0.5714285714285714
211 3 5.5908203125 481 7 4 0.5714285714285714
212 3 5.587890625 482 7 4 0.5714285714285714
213 3 5.5791015625 485 7 4 0.5714285714285714
214 3 5.5791015625 485 7 4 0.5714285714285714
215 3 5.5791015625 485 7 4 0.5714285714285714
216 3 5.5791015625 485 7 4 0.5714285714285714
217 3 5.576171875 486 7 4 0.5714285714285714
218 3 5.576171875 486 7 4 0.5714285714285714
219 3 5.5732421875 487 7 4 0.5714285714285714
220 3 5.564453125 490 7 4 0.5714285714285714
221 3 5.564453125 490 7 4 0.5714285714285714
222 3 5.5615234375 491 7 4 0.5714285714285714
223 3 5.5556640625 493 7 4 0.5714285714285714
224 3 5.5556640625 493 7 4 0.5714285714285714
225 3 5.552734375 494 7 4 0.5714285714285714
226 3 5.552734375 494 7 4 0.5714285714285714
227 3 5.552734375 494 7 4 0.5714285714285714
228 3 5.552734375 494 7 4 0.5714285714285714
229 3 5.552734375 494 7 4 0.5714285714285714
230 3 5.5498046875 495 7 4 0.5714285714285714
231 3 5.53515625 500 7 4 0.5714285714285714
232 3 5.5322265625 501 7 4 0.5714285714285714
233 3 5.529296875 502 7 4 0.5714285714285714
234 3 5.517578125 506 7 4 0.5714285714285714
235 3 5.5146484375 507 7 4 0.5714285714285714
236 3 5.5146484375 507 7 4 0.5714285714285714
236 4 5.51171875 508 7 4 0.5714285714285714
237 3 5.51171875 508 7 4 0.5714285714285714
238 3 5.505859375 510 7 4 0.5714285714285714
239 3 5.5 512 7 4 0.5714285714285714
240 3 5.494140625 514 7 4 0.5714285714285714
241 3 5.4912109375 515 7 4 0.5714285714285714
242 3 5.4912109375 515 7 4 0.5714285714285714
242 4 5.4853515625 517 7 4 0.5714285714285714
243 3 5.4794921875 519 7 4 0.5714285714285714
244 3 5.4765625 520 7 4 0.5714285714285714
245 3 5.470703125 522 7 4 0.5714285714285714
246 3 5.4619140625 525 7 4 0.5714285714285714
247 3 5.4560546875 527 7 4 0.5714285714285714
248 3 5.4501953125 529 7 4 0.5714285714285714
249 3 5.447265625 530 7 4 0.5714285714285714
250 3 5.447265625 530 7 4 0.5714285714285714
251 3 5.435546875 534 7 4 0.5714285714285714
252 3 5.435546875 534 7 4 0.5714285714285714
253 3 5.435546875 534 7 4 0.5714285714285714
254 3 5.4296875 536 7 4 0.5714285714285714
255 3 5.423828125 538 7 4 0.5714285714285714
256 3 5.423828125 538 7 4 0.5714285714285714
257 3 5.423828125 538 7 4 0.5714285714285714
258 3 5.4208984375 539 7 4 0.5714285714285714
259 3 5.4150390625 541 7 4 0.5714285714285714
260 3 5.4150390625 541 7 4 0.5714285714285714
261 3 5.412109375 542 7 4 0.5714285714285714
262 3 5.412109375 542 7 4 0.5714285714285714
263 3 5.412109375 542 7 4 0.5714285714285714
264 3 5.40625 544 7 4 0.5714285714285714
265 3 5.4033203125 545 7 4 0.5714285714285714
266 3 5.39453125 548 7 4 0.5714285714285714
267 3 5.39453125 548 7 4 0.5714285714285714
268 3 5.3916015625 549 7 4 0.5714285714285714
269 3 5.388671875 550 7 4 0.5714285714285714
270 3 5.3828125 552 7 4 0.5714285714285714
271 3 5.376953125 554 7 4 0.5714285714285714
271 4 5.3740234375 555 7 4 0.5714285714285714
272 3 5.365234375 558 7 4 0.5714285714285714
273 3 5.365234375 558 7 4 0.5714285714285714
274 3 5.365234375 558 7 4 0.5714285714285714
275 3 5.365234375 558 7 4 0.5714285714285714
275 2 6.365234375 558 8 5 0.7142857142857143
276 3 5.359375 560 7 4 0.5714285714285714
277 3 5.353515625 562 7 4 0.5714285714285714
278 3 5.353515625 562 7 4 0.5714285714285714
278 4 1.353515625 562 3 0 0.0
279 3 5.353515625 562 7 4 0.5714285714285714
280 3 5.353515625 562 7 4 0.5714285714285714
281 3 5.3505859375 563 7 4 0.5714285714285714
282 3 5.34765625 564 7 4 0.5714285714285714
283 3 5.341796875 566 7 4 0.5714285714285714
284 2 6.3388671875 567 8 5 0.7142857142857143
284 3 5.3388671875 567 7 4 0.5714285714285714
285 3 5.3330078125 569 7 4 0.5714285714285714
286 3 5.32421875 572 7 4 0.5714285714285714
287 3 5.32421875 572 7 4 0.5714285714285714
288 3 5.32421875 572 7 4 0.5714285714285714
289 3 5.3212890625 573 7 4 0.5714285714285714
290 3 5.318359375 574 7 4 0.5714285714285714
291 3 5.3125 576 7 4 0.5714285714285714
292 3 5.306640625 578 7 4 0.5714285714285714
293 3 5.3037109375 579 7 4 0.5714285714285714
294 3 5.30078125 580 7 4 0.5714285714285714
295 3 5.30078125 580 7 4 0.5714285714285714
296 3 5.30078125 580 7 4 0.5714285714285714
297 3 5.30078125 580 7 4 0.5714285714285714
298 3 5.30078125 580 7 4 0.5714285714285714
299 3 5.30078125 580 7 4 0.5714285714285714
300 3 5.2978515625 581 7 4 0.5714285714285714
301 3 5.294921875 582 7 4 0.5714285714285714
302 3 5.294921875 582 7 4 0.5714285714285714
303 3 5.2919921875 583 7 4 0.5714285714285714
304 3 5.2919921875 583 7 4 0.5714285714285714
305 4 4.2890625 584 6 3 0.42857142857142855
305 3 5.2890625 584 7 4 0.5714285714285714
306 3 5.2890625 584 7 4 0.5714285714285714
307 3 5.2861328125 585 7 4 0.5714285714285714
308 3 5.2861328125 585 7 4 0.5714285714285714
309 3 5.2861328125 585 7 4 0.5714285714285714
310 3 5.2861328125 585 7 4 0.5714285714285714
311 3 5.2802734375 587 7 4 0.5714285714285714
312 3 5.27734375 588 7 4 0.5714285714285714
313 3 5.27734375 588 7 4 0.5714285714285714
314 3 5.2744140625 589 7 4 0.5714285714285714
315 3 5.2744140625 589 7 4 0.5714285714285714
316 3 5.265625 592 7 4 0.5714285714285714
317 3 5.265625 592 7 4 0.5714285714285714
318 3 5.265625 592 7 4 0.5714285714285714
318 4 5.2626953125 593 7 4 0.5714285714285714
319 3 5.2568359375 595 7 4 0.5714285714285714
320 3 5.25390625 596 7 4 0.5714285714285714
320 4 5.2509765625 597 7 4 0.5714285714285714
321 3 5.2509765625 597 7 4 0.5714285714285714
322 3 5.248046875 598 7 4 0.5714285714285714
323 3 5.248046875 598 7 4 0.5714285714285714
324 3 5.248046875 598 7 4 0.5714285714285714
325 3 5.248046875 598 7 4 0.5714285714285714
326 3 5.248046875 598 7 4 0.5714285714285714
327 3 5.2421875 600 7 4 0.5714285714285714
328 3 5.2421875 600 7 4 0.5714285714285714
329 3 5.236328125 602 7 4 0.5714285714285714
330 3 5.2333984375 603 7 4 0.5714285714285714
331 3 5.2275390625 605 7 4 0.5714285714285714
332 3 5.2275390625 605 7 4 0.5714285714285714
333 3 5.2275390625 605 7 4 0.5714285714285714
334 3 5.2275390625 605 7 4 0.5714285714285714
335 3 5.2275390625 605 7 4 0.5714285714285714
335 4 5.224609375 606 7 4 0.5714285714285714
336 3 5.21875 608 7 4 0.5714285714285714
337 3 5.21875 608 7 4 0.5714285714285714
338 3 5.2158203125 609 7 4 0.5714285714285714
339 3 5.2158203125 609 7 4 0.5714285714285714
340 3 5.212890625 610 7 4 0.5714285714285714
341 3 5.212890625 610 7 4 0.5714285714285714
342 3 5.212890625 610 7 4 0.5714285714285714
343 3 5.2099609375 611 7 4 0.5714285714285714
344 3 5.2099609375 611 7 4 0.5714285714285714
345 3 5.2099609375 611 7 4 0.5714285714285714
346 3 5.2099609375 611 7 4 0.5714285714285714
347 3 5.20703125 612 7 4 0.5714285714285714
348 3 5.20703125 612 7 4 0.5714285714285714
349 3 5.2041015625 613 7 4 0.5714285714285714
350 3 5.2041015625 613 7 4 0.5714285714285714
351 3 5.2041015625 613 7 4 0.5714285714285714
351 2 7.2041015625 613 9 6 0.8571428571428571
352 3 5.2041015625 613 7 4 0.5714285714285714
353 3 5.2041015625 613 7 4 0.5714285714285714
354 3 5.201171875 614 7 4 0.5714285714285714
355 3 5.201171875 614 7 4 0.5714285714285714
356 3 5.201171875 614 7 4 0.5714285714285714
357 3 5.201171875 614 7 4 0.5714285714285714
358 3 5.1982421875 615 7 4 0.5714285714285714
359 3 5.1982421875 615 7 4 0.5714285714285714
360 3 5.1923828125 617 7 4 0.5714285714285714
361 3 5.1923828125 617 7 4 0.5714285714285714
362 3 5.1923828125 617 7 4 0.5714285714285714
363 3 5.1923828125 617 7 4 0.5714285714285714
364 3 5.189453125 618 7 4 0.5714285714285714
365 3 5.177734375 622 7 4 0.5714285714285714
366 3 5.1748046875 623 7 4 0.5714285714285714
367 3 5.1748046875 623 7 4 0.5714285714285714
368 3 5.1689453125 625 7 4 0.5714285714285714
368 4 3.1689453125 625 5 2 0.2857142857142857
369 3 5.1689453125 625 7 4 0.5714285714285714
370 3 5.1689453125 625 7 4 0.5714285714285714
371 3 5.1689453125 625 7 4 0.5714285714285714
372 3 5.1689453125 625 7 4 0.5714285714285714
373 3 5.1689453125 625 7 4 0.5714285714285714
374 3 5.1630859375 627 7 4 0.5714285714285714
375 3 5.1630859375 627 7 4 0.5714285714285714
376 3 5.1630859375 627 7 4 0.5714285714285714
377 3 5.16015625 628 7 4 0.5714285714285714
378 3 5.16015625 628 7 4 0.5714285714285714
379 3 5.1572265625 629 7 4 0.5714285714285714
380 3 5.154296875 630 7 4 0.5714285714285714
381 3 5.1513671875 631 7 4 0.5714285714285714
382 3 5.1513671875 631 7 4 0.5714285714285714
383 3 5.142578125 634 7 4 0.5714285714285714
384 2 6.142578125 634 8 5 0.7142857142857143
384 3 5.142578125 634 7 4 0.5714285714285714
385 3 5.142578125 634 7 4 0.5714285714285714
386 3 5.1396484375 635 7 4 0.5714285714285714
387 3 5.1396484375 635 7 4 0.5714285714285714
388 3 5.1396484375 635 7 4 0.5714285714285714
389 3 5.1396484375 635 7 4 0.5714285714285714
389 4 4.1396484375 635 6 3 0.42857142857142855
390 3 5.1396484375 635 7 4 0.5714285714285714
391 3 5.1396484375 635 7 4 0.5714285714285714
392 3 5.1396484375 635 7 4 0.5714285714285714
393 3 5.13671875 636 7 4 0.5714285714285714
394 3 5.13671875 636 7 4 0.5714285714285714
395 3 5.13671875 636 7 4 0.5714285714285714
396 3 5.13671875 636 7 4 0.5714285714285714
397 3 5.13671875 636 7 4 0.5714285714285714
398 3 5.130859375 638 7 4 0.5714285714285714
399 3 5.130859375 638 7 4 0.5714285714285714
400 3 5.1279296875 639 7 4 0.5714285714285714
401 3 5.1279296875 639 7 4 0.5714285714285714
402 3 5.125 640 7 4 0.5714285714285714
403 3 5.125 640 7 4 0.5714285714285714
404 3 5.125 640 7 4 0.5714285714285714
405 3 5.11328125 644 7 4 0.5714285714285714
406 3 5.1103515625 645 7 4 0.5714285714285714
407 3 5.107421875 646 7 4 0.5714285714285714
408 3 5.1044921875 647 7 4 0.5714285714285714
409 3 5.1044921875 647 7 4 0.5714285714285714
410 3 5.1044921875 647 7 4 0.5714285714285714
411 3 5.1044921875 647 7 4 0.5714285714285714
412 3 5.1015625 648 7 4 0.5714285714285714
413 3 5.1015625 648 7 4 0.5714285714285714
414 3 5.0986328125 649 7 4 0.5714285714285714
415 3 5.0986328125 649 7 4 0.5714285714285714
416 3 5.0986328125 649 7 4 0.5714285714285714
417 3 5.0986328125 649 7 4 0.5714285714285714
417 2 6.0986328125 649 8 5 0.7142857142857143
418 3 5.0986328125 649 7 4 0.5714285714285714
419 3 5.0986328125 649 7 4 0.5714285714285714
420 3 5.095703125 650 7 4 0.5714285714285714
421 3 5.095703125 650 7 4 0.5714285714285714
422 3 5.0927734375 651 7 4 0.5714285714285714
423 3 5.0869140625 653 7 4 0.5714285714285714
424 3 5.0869140625 653 7 4 0.5714285714285714
425 3 5.078125 656 7 4 0.5714285714285714
426 3 5.078125 656 7 4 0.5714285714285714
427 3 5.0751953125 657 7 4 0.5714285714285714
428 3 5.0751953125 657 7 4 0.5714285714285714
429 3 5.0751953125 657 7 4 0.5714285714285714
430 3 5.0751953125 657 7 4 0.5714285714285714
431 3 5.072265625 658 7 4 0.5714285714285714
432 3 5.0693359375 659 7 4 0.5714285714285714
433 3 5.0693359375 659 7 4 0.5714285714285714
434 3 5.06640625 660 7 4 0.5714285714285714
435 3 5.06640625 660 7 4 0.5714285714285714
436 3 5.0576171875 663 7 4 0.5714285714285714
437 3 5.0517578125 665 7 4 0.5714285714285714
438 3 5.0517578125 665 7 4 0.5714285714285714
439 3 5.0517578125 665 7 4 0.5714285714285714
439 2 6.0517578125 665 8 5 0.7142857142857143
440 3 5.048828125 666 7 4 0.5714285714285714
441 3 5.0458984375 667 7 4 0.5714285714285714
442 3 5.0458984375 667 7 4 0.5714285714285714
443 3 5.04296875 668 7 4 0.5714285714285714
444 3 5.0400390625 669 7 4 0.5714285714285714
445 3 5.037109375 670 7 4 0.5714285714285714
446 3 5.0341796875 671 7 4 0.5714285714285714
447 3 5.0341796875 671 7 4 0.5714285714285714
448 3 5.0341796875 671 7 4 0.5714285714285714
449 3 5.03125 672 7 4 0.5714285714285714
450 3 5.03125 672 7 4 0.5714285714285714
451 3 5.03125 672 7 4 0.5714285714285714
452 3 5.03125 672 7 4 0.5714285714285714
453 3 5.03125 672 7 4 0.5714285714285714
454 3 5.03125 672 7 4 0.5714285714285714
455 3 5.03125 672 7 4 0.5714285714285714
456 3 5.03125 672 7 4 0.5714285714285714
457 3 5.025390625 674 7 4 0.5714285714285714
458 3 5.0224609375 675 7 4 0.5714285714285714
459 3 5.0224609375 675 7 4 0.5714285714285714
460 3 5.0224609375 675 7 4 0.5714285714285714
461 3 5.01953125 676 7 4 0.5714285714285714
462 3 5.01953125 676 7 4 0.5714285714285714
463 3 5.01953125 676 7 4 0.5714285714285714
464 3 5.013671875 678 7 4 0.5714285714285714
465 3 5.013671875 678 7 4 0.5714285714285714
466 3 5.0048828125 681 7 4 0.5714285714285714
467 3 5.0048828125 681 7 4 0.5714285714285714
468 3 5.0048828125 681 7 4 0.5714285714285714
469 3 5.001953125 682 7 4 0.5714285714285714
470 3 5.001953125 682 7 4 0.5714285714285714
471 3 4.9990234375 683 7 4 0.5714285714285714
472 3 4.9990234375 683 7 4 0.5714285714285714
473 3 4.9931640625 685 7 4 0.5714285714285714
474 3 4.9931640625 685 7 4 0.5714285714285714
475 3 4.9931640625 685 7 4 0.5714285714285714
476 3 4.990234375 686 7 4 0.5714285714285714
477 3 4.990234375 686 7 4 0.5714285714285714
478 3 4.990234375 686 7 4 0.5714285714285714
479 3 4.990234375 686 7 4 0.5714285714285714
480 3 4.9873046875 687 7 4 0.5714285714285714
481 3 4.9873046875 687 7 4 0.5714285714285714
482 3 4.9873046875 687 7 4 0.5714285714285714
482 4 1.9873046875 687 4 1 0.14285714285714285
483 3 4.9873046875 687 7 4 0.5714285714285714
484 3 4.9873046875 687 7 4 0.5714285714285714
485 3 4.9873046875 687 7 4 0.5714285714285714
486 3 4.9873046875 687 7 4 0.5714285714285714
487 3 4.9873046875 687 7 4 0.5714285714285714
488 3 4.984375 688 7 4 0.5714285714285714
489 3 4.984375 688 7 4 0.5714285714285714
490 3 4.978515625 690 7 4 0.5714285714285714
490 4 3.978515625 690 6 3 0.42857142857142855
491 3 4.978515625 690 7 4 0.5714285714285714
492 3 4.978515625 690 7 4 0.5714285714285714
492 2 6.978515625 690 9 6 0.8571428571428571
493 3 4.978515625 690 7 4 0.5714285714285714
494 3 4.978515625 690 7 4 0.5714285714285714
495 3 4.9755859375 691 7 4 0.5714285714285714
496 3 4.9755859375 691 7 4 0.5714285714285714
497 3 4.9755859375 691 7 4 0.5714285714285714
498 3 4.97265625 692 7 4 0.5714285714285714
499 3 4.97265625 692 7 4 0.5714285714285714
500 3 4.9697265625 693 7 4 0.5714285714285714
501 3 4.9697265625 693 7 4 0.5714285714285714
502 3 4.9697265625 693 7 4 0.5714285714285714
503 3 4.9697265625 693 7 4 0.5714285714285714
504 3 4.966796875 694 7 4 0.5714285714285714
505 3 4.9638671875 695 7 4 0.5714285714285714
506 3 4.9609375 696 7 4 0.5714285714285714
507 3 4.9609375 696 7 4 0.5714285714285714
508 3 4.9580078125 697 7 4 0.5714285714285714
509 3 4.955078125 698 7 4 0.5714285714285714
510 3 4.955078125 698 7 4 0.5714285714285714
511 3 4.955078125 698 7 4 0.5714285714285714
512 3 4.955078125 698 7 4 0.5714285714285714
513 3 4.955078125 698 7 4 0.5714285714285714
514 3 4.9521484375 699 7 4 0.5714285714285714
514 4 4.94921875 700 7 4 0.5714285714285714
515 3 4.94921875 700 7 4 0.5714285714285714
516 3 4.9462890625 701 7 4 0.5714285714285714
517 3 4.943359375 702 7 4 0.5714285714285714
518 3 4.943359375 702 7 4 0.5714285714285714
519 3 4.9404296875 703 7 4 0.5714285714285714
520 3 4.9375 704 7 4 0.5714285714285714
521 3 4.9375 704 7 4 0.5714285714285714
522 3 4.9345703125 705 7 4 0.5714285714285714
522 4 0.9345703125 705 3 0 0.0
523 3 4.9345703125 705 7 4 0.5714285714285714
524 3 4.9345703125 705 7 4 0.5714285714285714
525 3 4.9345703125 705 7 4 0.5714285714285714
526 3 4.9345703125 705 7 4 0.5714285714285714
527 3 4.931640625 706 7 4 0.5714285714285714
528 3 4.931640625 706 7 4 0.5714285714285714
529 3 4.9287109375 707 7 4 0.5714285714285714
530 3 4.92578125 708 7 4 0.5714285714285714
531 3 4.92578125 708 7 4 0.5714285714285714
532 3 4.92578125 708 7 4 0.5714285714285714
533 3 4.92578125 708 7 4 0.5714285714285714
534 3 4.92578125 708 7 4 0.5714285714285714
535 3 4.9228515625 709 7 4 0.5714285714285714
536 3 4.919921875 710 7 4 0.5714285714285714
537 3 4.919921875 710 7 4 0.5714285714285714
538 3 4.919921875 710 7 4 0.5714285714285714
539 3 4.919921875 710 7 4 0.5714285714285714
540 3 4.9169921875 711 7 4 0.5714285714285714
541 3 4.9169921875 711 7 4 0.5714285714285714
542 3 4.9140625 712 7 4 0.5714285714285714
543 3 4.9140625 712 7 4 0.5714285714285714
544 3 4.9111328125 713 7 4 0.5714285714285714
544 4 0.9111328125 713 3 0 0.0
545 3 4.908203125 714 7 4 0.5714285714285714
546 2 5.908203125 714 8 5 0.7142857142857143
547 4 0.9052734375 715 3 0 0.0
548 2 5.9052734375 715 8 5 0.7142857142857143
549 4 0.9052734375 715 3 0 0.0
550 3 6.9052734375 715 9 6 0.8571428571428571
550 4 0.90234375 716 3 0 0.0
551 2 5.90234375 716 8 5 0.7142857142857143
552 4 0.8994140625 717 3 0 0.0
553 2 5.8994140625 717 8 5 0.7142857142857143
554 4 0.890625 720 3 0 0.0
555 2 5.890625 720 8 5 0.7142857142857143
556 4 0.890625 720 3 0 0.0
556 3 5.890625 720 8 5 0.7142857142857143
557 4 0.890625 720 3 0 0.0
558 4 0.890625 720 3 0 0.0
559 3 5.890625 720 8 5 0.7142857142857143
559 4 0.8876953125 721 3 0 0.0
560 2 5.884765625 722 8 5 0.7142857142857143
561 3 6.87890625 724 9 6 0.8571428571428571
561 4 0.87890625 724 3 0 0.0
562 2 5.87890625 724 8 5 0.7142857142857143
563 4 0.8701171875 727 3 0 0.0
564 2 5.8701171875 727 8 5 0.7142857142857143
565 3 0.8701171875 727 3 0 0.0
565 4 0.8671875 728 3 0 0.0
566 2 5.8642578125 729 8 5 0.7142857142857143
567 4 0.8583984375 731 3 0 0.0
568 2 5.8583984375 731 8 5 0.7142857142857143
569 4 0.85546875 732 3 0 0.0
569 3 7.85546875 732 10 7 1.0
570 2 5.85546875 732 8 5 0.7142857142857143
571 3 7.85546875 732 10 7 1.0
571 4 0.849609375 734 3 0 0.0
572 2 5.849609375 734 8 5 0.7142857142857143
573 4 0.849609375 734 3 0 0.0
573 3 7.849609375 734 10 7 1.0
574 3 7.849609375 734 10 7 1.0
574 4 0.84375 736 3 0 0.0
575 2 5.84375 736 8 5 0.7142857142857143
576 4 0.84375 736 3 0 0.0
577 4 0.837890625 738 3 0 0.0
577 3 7.837890625 738 10 7 1.0
578 2 5.837890625 738 8 5 0.7142857142857143
579 3 0.8291015625 741 3 0 0.0
580 2 5.8291015625 741 8 5 0.7142857142857143
581 3 0.826171875 742 3 0 0.0
582 2 5.826171875 742 8 5 0.7142857142857143
583 3 0.826171875 742 3 0 0.0
584 3 0.826171875 742 3 0 0.0
585 3 0.826171875 742 3 0 0.0
586 3 0.826171875 742 3 0 0.0
587 2 7.8203125 744 10 7 1.0
587 3 0.8173828125 745 3 0 0.0
588 2 5.8173828125 745 8 5 0.7142857142857143
589 3 0.8115234375 747 3 0 0.0
590 2 5.8115234375 747 8 5 0.7142857142857143
591 2 7.8115234375 747 10 7 1.0
591 3 0.8115234375 747 3 0 0.0
592 3 0.80859375 748 3 0 0.0
593 2 5.80859375 748 8 5 0.7142857142857143
594 3 0.8056640625 749 3 0 0.0
594 2 7.8056640625 749 10 7 1.0
595 3 4.802734375 750 7 4 0.5714285714285714
595 2 5.7998046875 751 8 5 0.7142857142857143
596 3 0.7939453125 753 3 0 0.0
597 2 5.7939453125 753 8 5 0.7142857142857143
598 3 0.7939453125 753 3 0 0.0
599 3 0.7939453125 753 3 0 0.0
600 3 0.7939453125 753 3 0 0.0
600 2 7.7939453125 753 10 7 1.0
601 3 0.7939453125 753 3 0 0.0
602 3 0.7939453125 753 3 0 0.0
603 3 0.7939453125 753 3 0 0.0
604 3 0.7939453125 753 3 0 0.0
605 3 0.7939453125 753 3 0 0.0
605 2 7.7939453125 753 10 7 1.0
606 3 0.7880859375 755 3 0 0.0
607 2 5.7880859375 755 8 5 0.7142857142857143
608 3 0.7880859375 755 3 0 0.0
609 3 0.7880859375 755 3 0 0.0
610 3 0.7880859375 755 3 0 0.0
611 3 0.78515625 756 3 0 0.0
612 2 5.7822265625 757 8 5 0.7142857142857143
613 3 0.779296875 758 3 0 0.0
613 2 7.779296875 758 10 7 1.0
614 2 5.7763671875 759 8 5 0.7142857142857143
615 3 0.7646484375 763 3 0 0.0
616 2 5.7646484375 763 8 5 0.7142857142857143
617 3 0.755859375 766 3 0 0.0
618 2 5.755859375 766 8 5 0.7142857142857143
619 3 0.7529296875 767 3 0 0.0
620 2 5.7529296875 767 8 5 0.7142857142857143
621 2 0.744140625 770 3 0 0.0
621 3 0.7412109375 771 3 0 0.0
622 1 7.7412109375 771 10 7 1.0
622 2 0.7353515625 773 3 0 0.0
623 1 7.732421875 774 10 7 1.0
624 2 0.7265625 776 3 0 0.0
625 1 7.7265625 776 10 7 1.0
626 2 0.7265625 776 3 0 0.0
627 2 0.7236328125 777 3 0 0.0
628 1 7.720703125 778 10 7 1.0
629 2 0.720703125 778 3 0 0.0
630 1 7.7177734375 779 10 7 1.0
631 1 7.7177734375 779 10 7 1.0
631 2 0.7119140625 781 3 0 0.0
632 1 7.7119140625 781 10 7 1.0
633 2 0.708984375 782 3 0 0.0
633 1 7.708984375 782 10 7 1.0
634 2 0.708984375 782 3 0 0.0
634 1 7.708984375 782 10 7 1.0
635 2 0.708984375 782 3 0 0.0
636 2 0.708984375 782 3 0 0.0
636 1 7.708984375 782 10 7 1.0
637 1 7.708984375 782 10 7 1.0
637 2 0.7060546875 783 3 0 0.0
638 1 7.7060546875 783 10 7 1.0
639 2 0.703125 784 3 0 0.0
639 1 7.703125 784 10 7 1.0
640 2 0.7001953125 785 3 0 0.0
641 1 7.7001953125 785 10 7 1.0
642 2 0.697265625 786 3 0 0.0
643 1 7.697265625 786 10 7 1.0
644 2 0.697265625 786 3 0 0.0
644 1 7.697265625 786 10 7 1.0
645 2 0.697265625 786 3 0 0.0
646 2 0.697265625 786 3 0 0.0
647 2 0.6943359375 787 3 0 0.0
647 1 7.6943359375 787 10 7 1.0
648 2 0.6943359375 787 3 0 0.0
649 2 0.6884765625 789 3 0 0.0
650 1 7.6884765625 789 10 7 1.0
651 2 0.685546875 790 3 0 0.0
652 1 7.685546875 790 10 7 1.0
653 2 0.6826171875 791 3 0 0.0
654 1 7.6826171875 791 10 7 1.0
655 1 7.6826171875 791 10 7 1.0
655 2 0.6826171875 791 3 0 0.0
656 2 0.6826171875 791 3 0 0.0
656 1 7.6826171875 791 10 7 1.0
657 2 0.6796875 792 3 0 0.0
658 1 7.6796875 792 10 7 1.0
659 2 0.673828125 794 3 0 0.0
660 1 7.673828125 794 10 7 1.0
661 2 0.673828125 794 3 0 0.0
661 1 7.673828125 794 10 7 1.0
662 2 0.66796875 796 3 0 0.0
663 1 7.66796875 796 10 7 1.0
664 2 0.6650390625 797 3 0 0.0
665 1 7.6650390625 797 10 7 1.0
665 2 7.662109375 798 10 7 1.0
666 2 0.6591796875 799 3 0 0.0
667 1 7.6591796875 799 10 7 1.0
668 2 0.65625 800 3 0 0.0
669 1 7.65625 800 10 7 1.0
670 2 0.65625 800 3 0 0.0
671 2 0.65625 800 3 0 0.0
672 2 0.6533203125 801 3 0 0.0
673 1 7.6533203125 801 10 7 1.0
674 2 0.6533203125 801 3 0 0.0
674 1 7.6533203125 801 10 7 1.0
675 2 0.650390625 802 3 0 0.0
675 1 7.650390625 802 10 7 1.0
676 2 0.650390625 802 3 0 0.0
677 2 0.650390625 802 3 0 0.0
677 1 7.650390625 802 10 7 1.0
678 2 0.64453125 804 3 0 0.0
678 1 7.64453125 804 10 7 1.0
679 2 0.6416015625 805 3 0 0.0
680 1 7.638671875 806 10 7 1.0
681 2 0.6357421875 807 3 0 0.0
682 1 7.6357421875 807 10 7 1.0
683 2 0.6357421875 807 3 0 0.0
684 1 7.6328125 808 10 7 1.0
684 2 0.6328125 808 3 0 0.0
685 1 7.6328125 808 10 7 1.0
686 1 7.6328125 808 10 7 1.0
687 1 7.6298828125 809 10 7 1.0
688 2 0.6240234375 811 3 0 0.0
689 1 7.6240234375 811 10 7 1.0
690 2 0.6240234375 811 3 0 0.0
690 1 7.6240234375 811 10 7 1.0
691 2 0.62109375 812 3 0 0.0
692 1 7.62109375 812 10 7 1.0
693 1 7.62109375 812 10 7 1.0
693 2 0.6181640625 813 3 0 0.0
694 1 7.6181640625 813 10 7 1.0
695 2 0.6123046875 815 3 0 0.0
696 1 7.6123046875 815 10 7 1.0
697 2 0.6123046875 815 3 0 0.0
697 1 7.6123046875 815 10 7 1.0
698 2 0.609375 816 3 0 0.0
699 1 7.609375 816 10 7 1.0
700 2 0.609375 816 3 0 0.0
700 1 7.609375 816 10 7 1.0
701 2 0.6064453125 817 3 0 0.0
701 1 7.6064453125 817 10 7 1.0
702 2 0.6064453125 817 3 0 0.0
703 2 0.6064453125 817 3 0 0.0
703 1 7.6064453125 817 10 7 1.0
704 2 0.6064453125 817 3 0 0.0
704 1 7.6064453125 817 10 7 1.0
705 2 0.603515625 818 3 0 0.0
706 1 7.603515625 818 10 7 1.0
707 2 0.603515625 818 3 0 0.0
707 1 7.603515625 818 10 7 1.0
708 2 0.603515625 818 3 0 0.0
708 1 7.603515625 818 10 7 1.0
709 2 0.6005859375 819 3 0 0.0
710 1 7.6005859375 819 10 7 1.0
711 2 0.6005859375 819 3 0 0.0
712 2 0.6005859375 819 3 0 0.0
713 2 0.59765625 820 3 0 0.0
714 1 7.59765625 820 10 7 1.0
715 2 0.59765625 820 3 0 0.0
715 1 7.59765625 820 10 7 1.0
716 2 0.59765625 820 3 0 0.0
717 2 0.5947265625 821 3 0 0.0
717 1 7.5947265625 821 10 7 1.0
718 2 0.5947265625 821 3 0 0.0
718 1 7.5947265625 821 10 7 1.0
719 2 0.5947265625 821 3 0 0.0
719 1 7.5947265625 821 10 7 1.0
720 2 0.5947265625 821 3 0 0.0
721 2 0.591796875 822 3 0 0.0
722 1 7.5888671875 823 10 7 1.0
723 2 0.5859375 824 3 0 0.0
724 1 7.5859375 824 10 7 1.0
725 2 0.5859375 824 3 0 0.0
726 2 0.5859375 824 3 0 0.0
727 1 7.5859375 824 10 7 1.0
727 2 0.5859375 824 3 0 0.0
728 2 0.5830078125 825 3 0 0.0
728 1 7.5830078125 825 10 7 1.0
729 2 0.5830078125 825 3 0 0.0
729 3 0.580078125 826 3 0 0.0
730 2 4.5771484375 827 7 4 0.5714285714285714
730 1 7.5771484375 827 10 7 1.0
731 3 0.57421875 828 3 0 0.0
732 1 7.5712890625 829 10 7 1.0
733 3 0.5712890625 829 3 0 0.0
733 2 7.5712890625 829 10 7 1.0
734 1 7.5712890625 829 10 7 1.0
735 1 7.5712890625 829 10 7 1.0
736 1 7.5712890625 829 10 7 1.0
737 1 7.5712890625 829 10 7 1.0
738 1 7.568359375 830 10 7 1.0
739 2 7.568359375 830 10 7 1.0
739 3 0.5654296875 831 3 0 0.0
740 2 0.5654296875 831 3 0 0.0
741 1 7.5654296875 831 10 7 1.0
742 2 0.5654296875 831 3 0 0.0
743 2 0.5654296875 831 3 0 0.0
744 2 0.5654296875 831 3 0 0.0
745 2 0.5654296875 831 3 0 0.0
746 2 0.5654296875 831 3 0 0.0
747 2 0.5654296875 831 3 0 0.0
747 1 7.5654296875 831 10 7 1.0
748 2 0.5654296875 831 3 0 0.0
749 1 7.5625 832 10 7 1.0
749 2 0.5595703125 833 3 0 0.0
750 1 7.5537109375 835 10 7 1.0
751 2 0.55078125 836 3 0 0.0
752 1 7.55078125 836 10 7 1.0
752 2 7.5478515625 837 10 7 1.0
753 2 0.5478515625 837 3 0 0.0
754 1 7.5419921875 839 10 7 1.0
755 2 0.5390625 840 3 0 0.0
755 1 7.5390625 840 10 7 1.0
756 2 0.5390625 840 3 0 0.0
757 2 0.5390625 840 3 0 0.0
757 1 7.5390625 840 10 7 1.0
758 2 0.5390625 840 3 0 0.0
758 1 7.5390625 840 10 7 1.0
759 2 0.5390625 840 3 0 0.0
760 2 0.533203125 842 3 0 0.0
761 2 5.533203125 842 8 5 0.7142857142857143
761 1 7.533203125 842 10 7 1.0
762 2 0.533203125 842 3 0 0.0
763 2 0.52734375 844 3 0 0.0
764 1 7.5244140625 845 10 7 1.0
765 2 0.521484375 846 3 0 0.0
766 1 7.521484375 846 10 7 1.0
767 2 0.521484375 846 3 0 0.0
768 2 0.521484375 846 3 0 0.0
769 2 0.521484375 846 3 0 0.0
770 2 0.521484375 846 3 0 0.0
771 2 0.521484375 846 3 0 0.0
771 3 0.5185546875 847 3 0 0.0
772 1 7.5185546875 847 10 7 1.0
773 3 0.5185546875 847 3 0 0.0
774 3 0.5185546875 847 3 0 0.0
775 3 0.5126953125 849 3 0 0.0
776 1 7.5126953125 849 10 7 1.0
777 2 7.5068359375 851 10 7 1.0
777 3 0.50390625 852 3 0 0.0
778 1 7.50390625 852 10 7 1.0
779 3 0.50390625 852 3 0 0.0
780 3 0.50390625 852 3 0 0.0
781 3 0.50390625 852 3 0 0.0
782 3 0.50390625 852 3 0 0.0
783 3 0.50390625 852 3 0 0.0
784 3 0.50390625 852 3 0 0.0
784 2 7.50390625 852 10 7 1.0
785 3 0.50390625 852 3 0 0.0
786 2 7.50390625 852 10 7 1.0
786 3 0.50390625 852 3 0 0.0
787 3 0.50390625 852 3 0 0.0
788 3 0.50390625 852 3 0 0.0
789 3 0.50390625 852 3 0 0.0
789 2 7.50390625 852 10 7 1.0
790 3 0.50390625 852 3 0 0.0
791 2 7.5009765625 853 10 7 1.0
791 3 0.5009765625 853 3 0 0.0
792 1 7.5009765625 853 10 7 1.0
793 3 0.5009765625 853 3 0 0.0
793 2 7.5009765625 853 10 7 1.0
794 2 0.5009765625 853 3 0 0.0
795 1 7.5009765625 853 10 7 1.0
796 1 7.498046875 854 10 7 1.0
797 1 7.498046875 854 10 7 1.0
797 2 0.498046875 854 3 0 0.0
798 1 7.498046875 854 10 7 1.0
799 1 7.498046875 854 10 7 1.0
800 1 7.498046875 854 10 7 1.0
801 1 7.498046875 854 10 7 1.0
802 1 7.498046875 854 10 7 1.0
803 1 7.498046875 854 10 7 1.0
804 1 7.498046875 854 10 7 1.0
805 1 7.498046875 854 10 7 1.0
806 1 7.498046875 854 10 7 1.0
807 1 7.498046875 854 10 7 1.0
808 1 7.498046875 854 10 7 1.0
809 1 7.498046875 854 10 7 1.0
810 1 7.4921875 856 10 7 1.0
811 2 0.4921875 856 3 0 0.0
811 1 7.4921875 856 10 7 1.0
812 1 7.4921875 856 10 7 1.0
813 1 7.486328125 858 10 7 1.0
814 2 0.486328125 858 3 0 0.0
815 1 7.486328125 858 10 7 1.0
816 1 7.486328125 858 10 7 1.0
817 1 7.486328125 858 10 7 1.0
818 1 7.486328125 858 10 7 1.0
819 1 7.486328125 858 10 7 1.0
820 1 7.4833984375 859 10 7 1.0
821 2 0.4833984375 859 3 0 0.0
822 1 7.48046875 860 10 7 1.0
823 2 0.48046875 860 3 0 0.0
824 1 7.48046875 860 10 7 1.0
825 1 7.48046875 860 10 7 1.0
826 1 7.48046875 860 10 7 1.0
827 1 7.4775390625 861 10 7 1.0
828 2 0.4775390625 861 3 0 0.0
829 1 7.4775390625 861 10 7 1.0
830 1 7.4775390625 861 10 7 1.0
831 1 7.4775390625 861 10 7 1.0
832 1 7.4775390625 861 10 7 1.0
833 1 7.4775390625 861 10 7 1.0
834 1 7.474609375 862 10 7 1.0
834 2 2.474609375 862 5 2 0.2857142857142857
835 2 0.474609375 862 3 0 0.0
836 1 7.474609375 862 10 7 1.0
837 1 7.474609375 862 10 7 1.0
837 2 7.4716796875 863 10 7 1.0
838 1 7.4716796875 863 10 7 1.0
839 2 0.4716796875 863 3 0 0.0
839 1 7.4716796875 863 10 7 1.0
840 1 7.46875 864 10 7 1.0
841 2 0.4658203125 865 3 0 0.0
842 1 7.4658203125 865 10 7 1.0
843 1 7.4658203125 865 10 7 1.0
843 2 0.4658203125 865 3 0 0.0
844 2 0.4658203125 865 3 0 0.0
844 1 7.4658203125 865 10 7 1.0
845 2 0.4658203125 865 3 0 0.0
846 2 0.4658203125 865 3 0 0.0
846 1 7.4658203125 865 10 7 1.0
847 1 7.4658203125 865 10 7 1.0
847 2 0.4658203125 865 3 0 0.0
848 2 0.462890625 866 3 0 0.0
849 1 7.4599609375 867 10 7 1.0
850 2 0.4599609375 867 3 0 0.0
850 1 7.4599609375 867 10 7 1.0
851 1 7.45703125 868 10 7 1.0
852 1 7.45703125 868 10 7 1.0
852 2 0.45703125 868 3 0 0.0
853 1 7.45703125 868 10 7 1.0
854 1 7.4541015625 869 10 7 1.0
855 2 0.4541015625 869 3 0 0.0
856 1 7.4541015625 869 10 7 1.0
857 1 7.4541015625 869 10 7 1.0
858 1 7.4541015625 869 10 7 1.0
859 1 7.4541015625 869 10 7 1.0
859 2 5.4541015625 869 8 5 0.7142857142857143
860 1 7.4541015625 869 10 7 1.0
861 1 7.451171875 870 10 7 1.0
862 2 0.451171875 870 3 0 0.0
862 1 7.451171875 870 10 7 1.0
863 1 7.451171875 870 10 7 1.0
864 1 7.451171875 870 10 7 1.0
865 1 7.451171875 870 10 7 1.0
866 1 7.451171875 870 10 7 1.0
867 1 7.451171875 870 10 7 1.0
868 1 7.451171875 870 10 7 1.0
869 1 7.451171875 870 10 7 1.0
870 1 7.451171875 870 10 7 1.0
871 1 7.451171875 870 10 7 1.0
872 1 7.451171875 870 10 7 1.0
873 1 7.451171875 870 10 7 1.0
874 1 7.451171875 870 10 7 1.0
875 1 7.451171875 870 10 7 1.0
876 1 7.451171875 870 10 7 1.0
877 1 7.451171875 870 10 7 1.0
878 1 7.451171875 870 10 7 1.0
879 1 7.451171875 870 10 7 1.0
880 1 7.451171875 870 10 7 1.0
881 1 7.4482421875 871 10 7 1.0
882 2 0.4482421875 871 3 0 0.0
883 1 7.4482421875 871 10 7 1.0
884 1 7.4482421875 871 10 7 1.0
885 1 7.4482421875 871 10 7 1.0
886 1 7.4482421875 871 10 7 1.0
887 1 7.4482421875 871 10 7 1.0
887 2 0.4482421875 871 3 0 0.0
888 1 7.4482421875 871 10 7 1.0
889 1 7.4482421875 871 10 7 1.0
889 2 0.4482421875 871 3 0 0.0
890 1 7.4482421875 871 10 7 1.0
891 1 7.4482421875 871 10 7 1.0
892 1 7.4453125 872 10 7 1.0
893 2 0.4423828125 873 3 0 0.0
894 1 7.4423828125 873 10 7 1.0
895 2 0.4423828125 873 3 0 0.0
896 2 0.4423828125 873 3 0 0.0
897 2 0.4423828125 873 3 0 0.0
897 1 7.4423828125 873 10 7 1.0
898 2 0.4423828125 873 3 0 0.0
898 1 7.4423828125 873 10 7 1.0
899 2 0.439453125 874 3 0 0.0
900 1 7.439453125 874 10 7 1.0
901 2 0.439453125 874 3 0 0.0
901 1 7.439453125 874 10 7 1.0
902 2 0.439453125 874 3 0 0.0
903 1 7.439453125 874 10 7 1.0
903 2 0.4365234375 875 3 0 0.0
904 1 7.43359375 876 10 7 1.0
904 3 4.43359375 876 7 4 0.5714285714285714
905 2 0.43359375 876 3 0 0.0
906 1 7.43359375 876 10 7 1.0
907 1 7.43359375 876 10 7 1.0
908 1 7.43359375 876 10 7 1.0
909 2 4.43359375 876 7 4 0.5714285714285714
909 1 7.4306640625 877 10 7 1.0
910 1 7.4306640625 877 10 7 1.0
910 2 0.4306640625 877 3 0 0.0
911 1 7.4306640625 877 10 7 1.0
912 1 7.4306640625 877 10 7 1.0
913 1 7.4306640625 877 10 7 1.0
914 1 7.4306640625 877 10 7 1.0
915 1 7.4306640625 877 10 7 1.0
915 2 2.4306640625 877 5 2 0.2857142857142857
916 1 7.427734375 878 10 7 1.0
917 2 0.427734375 878 3 0 0.0
918 1 7.427734375 878 10 7 1.0
919 1 7.427734375 878 10 7 1.0
920 1 7.4248046875 879 10 7 1.0
921 1 7.4248046875 879 10 7 1.0
921 2 0.4248046875 879 3 0 0.0
922 1 7.4248046875 879 10 7 1.0
923 1 7.4248046875 879 10 7 1.0
924 1 7.4248046875 879 10 7 1.0
925 1 7.4189453125 881 10 7 1.0
926 2 0.4189453125 881 3 0 0.0
927 1 7.4189453125 881 10 7 1.0
928 1 7.4189453125 881 10 7 1.0
929 1 7.4189453125 881 10 7 1.0
930 1 7.416015625 882 10 7 1.0
931 2 0.416015625 882 3 0 0.0
931 1 7.416015625 882 10 7 1.0
932 1 7.416015625 882 10 7 1.0
933 1 7.416015625 882 10 7 1.0
934 1 7.416015625 882 10 7 1.0
935 1 7.416015625 882 10 7 1.0
936 1 7.416015625 882 10 7 1.0
937 1 7.416015625 882 10 7 1.0
938 1 7.416015625 882 10 7 1.0
939 1 7.4130859375 883 10 7 1.0
940 1 7.41015625 884 10 7 1.0
940 2 0.4072265625 885 3 0 0.0
941 1 7.4072265625 885 10 7 1.0
942 2 0.4013671875 887 3 0 0.0
943 1 7.4013671875 887 10 7 1.0
944 2 0.4013671875 887 3 0 0.0
945 2 0.4013671875 887 3 0 0.0
946 2 0.4013671875 887 3 0 0.0
946 1 7.4013671875 887 10 7 1.0
947 2 0.4013671875 887 3 0 0.0
948 2 0.4013671875 887 3 0 0.0
948 1 7.4013671875 887 10 7 1.0
948 3 0.3984375 888 3 0 0.0
949 1 7.3984375 888 10 7 1.0
950 3 0.3955078125 889 3 0 0.0
951 1 7.3955078125 889 10 7 1.0
952 3 0.3955078125 889 3 0 0.0
953 2 0.392578125 890 3 0 0.0
954 1 7.392578125 890 10 7 1.0
955 1 7.392578125 890 10 7 1.0
955 2 0.3896484375 891 3 0 0.0
956 1 7.3896484375 891 10 7 1.0
957 1 7.38671875 892 10 7 1.0
957 2 0.38671875 892 3 0 0.0
958 1 7.38671875 892 10 7 1.0
959 1 7.38671875 892 10 7 1.0
960 1 7.38671875 892 10 7 1.0
961 1 7.38671875 892 10 7 1.0
962 1 7.38671875 892 10 7 1.0
962 2 0.38671875 892 3 0 0.0
963 1 7.38671875 892 10 7 1.0
964 1 7.38671875 892 10 7 1.0
965 1 7.380859375 894 10 7 1.0
966 1 7.380859375 894 10 7 1.0
966 2 0.380859375 894 3 0 0.0
967 1 7.3779296875 895 10 7 1.0
968 2 0.3779296875 895 3 0 0.0
969 1 7.3779296875 895 10 7 1.0
970 1 7.3779296875 895 10 7 1.0
971 1 7.3779296875 895 10 7 1.0
972 1 7.3779296875 895 10 7 1.0
973 2 4.375 896 7 4 0.5714285714285714
973 1 7.375 896 10 7 1.0
974 2 0.3720703125 897 3 0 0.0
975 1 7.3720703125 897 10 7 1.0
976 2 0.3720703125 897 3 0 0.0
976 1 7.3720703125 897 10 7 1.0
977 2 0.3720703125 897 3 0 0.0
978 2 0.3720703125 897 3 0 0.0
978 1 7.3720703125 897 10 7 1.0
979 2 0.3720703125 897 3 0 0.0
980 2 0.369140625 898 3 0 0.0
981 1 7.369140625 898 10 7 1.0
982 2 0.369140625 898 3 0 0.0
982 1 7.369140625 898 10 7 1.0
983 2 0.3662109375 899 3 0 0.0
984 1 7.3662109375 899 10 7 1.0
985 1 7.3662109375 899 10 7 1.0
985 2 0.36328125 900 3 0 0.0
986 1 7.36328125 900 10 7 1.0
987 2 0.36328125 900 3 0 0.0
987 1 7.36328125 900 10 7 1.0
988 2 0.36328125 900 3 0 0.0
989 2 0.36328125 900 3 0 0.0
990 2 0.36328125 900 3 0 0.0
990 1 7.36328125 900 10 7 1.0
991 1 7.36328125 900 10 7 1.0
991 2 0.36328125 900 3 0 0.0
992 2 0.36328125 900 3 0 0.0
993 2 0.36328125 900 3 0 0.0
994 1 7.36328125 900 10 7 1.0
994 2 0.36328125 900 3 0 0.0
995 2 0.3603515625 901 3 0 0.0
996 1 7.3603515625 901 10 7 1.0
997 1 7.3603515625 901 10 7 1.0
997 2 0.3603515625 901 3 0 0.0
998 2 0.3603515625 901 3 0 0.0
998 1 7.3603515625 901 10 7 1.0
999 2 0.3603515625 901 3 0 0.0
999 1 7.3603515625 901 10 7 1.0
1000 1 7.3603515625 901 10 7 1.0
1000 2 0.3603515625 901 3 0 0.0
