gen testSuiteSize notKilledMutants number_of_tests no_discount_objective no_equiv_mut_not_killed no_equiv_mut_not_killed_perc
1 3 9.658203125 35 10 7 1.0
1 5 9.482421875 53 10 7 1.0
2 2 9.482421875 53 10 7 1.0
2 3 9.462890625 55 10 7 1.0
3 2 9.462890625 55 10 7 1.0
4 2 9.443359375 57 10 7 1.0
5 2 6.5966796875 59 7 4 0.5714285714285714
6 2 6.58984375 60 7 4 0.5714285714285714
7 1 9.58984375 60 10 7 1.0
7 2 6.5693359375 63 7 4 0.5714285714285714
8 1 9.5556640625 65 10 7 1.0
9 2 6.548828125 66 7 4 0.5714285714285714
9 3 4.6728515625 67 5 2 0.2857142857142857
10 1 9.6728515625 67 10 7 1.0
11 1 9.66796875 68 10 7 1.0
12 1 9.6630859375 69 10 7 1.0
13 1 9.658203125 70 10 7 1.0
14 1 9.658203125 70 10 7 1.0
15 1 9.6533203125 71 10 7 1.0
16 1 9.6435546875 73 10 7 1.0
17 1 9.638671875 74 10 7 1.0
18 1 9.6337890625 75 10 7 1.0
19 1 9.6240234375 77 10 7 1.0
20 1 9.619140625 78 10 7 1.0
21 1 8.599609375 82 9 6 0.8571428571428571
22 2 6.5947265625 83 7 4 0.5714285714285714
22 1 9.5947265625 83 10 7 1.0
23 2 6.5947265625 83 7 4 0.5714285714285714
24 2 6.58984375 84 7 4 0.5714285714285714
25 1 9.580078125 86 10 7 1.0
25 2 6.580078125 86 7 4 0.5714285714285714
26 2 6.580078125 86 7 4 0.5714285714285714
27 2 6.5703125 88 7 4 0.5714285714285714
28 2 6.5654296875 89 7 4 0.5714285714285714
29 2 6.5556640625 91 7 4 0.5714285714285714
30 1 9.5458984375 93 10 7 1.0
30 2 6.5361328125 95 7 4 0.5714285714285714
31 2 4.5361328125 95 5 2 0.2857142857142857
31 3 4.53125 96 5 2 0.2857142857142857
32 1 8.5263671875 97 9 6 0.8571428571428571
33 3 4.521484375 98 5 2 0.2857142857142857
33 2 6.521484375 98 7 4 0.5714285714285714
34 1 8.521484375 98 9 6 0.8571428571428571
35 3 4.501953125 102 5 2 0.2857142857142857
36 1 8.4921875 104 9 6 0.8571428571428571
37 2 6.4873046875 105 7 4 0.5714285714285714
37 3 4.482421875 106 5 2 0.2857142857142857
38 1 9.47265625 108 10 7 1.0
38 2 4.47265625 108 5 2 0.2857142857142857
39 1 8.4677734375 109 9 6 0.8571428571428571
40 2 4.4580078125 111 5 2 0.2857142857142857
41 1 8.4580078125 111 9 6 0.8571428571428571
42 2 4.4384765625 115 5 2 0.2857142857142857
43 1 8.43359375 116 9 6 0.8571428571428571
44 2 4.4287109375 117 5 2 0.2857142857142857
45 1 8.4091796875 121 9 6 0.8571428571428571
46 1 9.4091796875 121 10 7 1.0
46 2 4.404296875 122 5 2 0.2857142857142857
47 2 7.3896484375 125 8 5 0.7142857142857143
47 1 8.384765625 126 9 6 0.8571428571428571
48 2 4.375 128 5 2 0.2857142857142857
49 1 8.3701171875 129 9 6 0.8571428571428571
50 2 4.3603515625 131 5 2 0.2857142857142857
51 1 8.35546875 132 9 6 0.8571428571428571
52 2 4.3505859375 133 5 2 0.2857142857142857
53 1 8.3505859375 133 9 6 0.8571428571428571
53 2 6.345703125 134 7 4 0.5714285714285714
54 2 4.3408203125 135 5 2 0.2857142857142857
55 1 8.3359375 136 9 6 0.8571428571428571
56 2 4.3359375 136 5 2 0.2857142857142857
57 1 8.3359375 136 9 6 0.8571428571428571
58 1 8.3359375 136 9 6 0.8571428571428571
59 1 8.3359375 136 9 6 0.8571428571428571
60 1 8.3359375 136 9 6 0.8571428571428571
60 2 8.326171875 138 9 6 0.8571428571428571
61 1 8.326171875 138 9 6 0.8571428571428571
62 1 9.326171875 138 10 7 1.0
62 2 4.326171875 138 5 2 0.2857142857142857
63 1 8.3212890625 139 9 6 0.8571428571428571
64 2 4.31640625 140 5 2 0.2857142857142857
65 1 8.306640625 142 9 6 0.8571428571428571
66 1 9.3017578125 143 10 7 1.0
66 2 4.296875 144 5 2 0.2857142857142857
67 1 8.296875 144 9 6 0.8571428571428571
68 2 4.296875 144 5 2 0.2857142857142857
69 2 4.287109375 146 5 2 0.2857142857142857
70 1 8.27734375 148 9 6 0.8571428571428571
71 2 4.27734375 148 5 2 0.2857142857142857
71 1 9.27734375 148 10 7 1.0
72 1 8.267578125 150 9 6 0.8571428571428571
73 2 4.267578125 150 5 2 0.2857142857142857
73 1 9.267578125 150 10 7 1.0
74 1 8.2626953125 151 9 6 0.8571428571428571
75 1 9.2626953125 151 10 7 1.0
75 2 4.2578125 152 5 2 0.2857142857142857
76 1 8.2529296875 153 9 6 0.8571428571428571
77 2 4.2529296875 153 5 2 0.2857142857142857
78 1 8.248046875 154 9 6 0.8571428571428571
78 2 8.2431640625 155 9 6 0.8571428571428571
79 2 4.2333984375 157 5 2 0.2857142857142857
80 1 8.2333984375 157 9 6 0.8571428571428571
81 2 4.2333984375 157 5 2 0.2857142857142857
82 2 4.21875 160 5 2 0.2857142857142857
83 1 8.2138671875 161 9 6 0.8571428571428571
84 2 4.19921875 164 5 2 0.2857142857142857
85 1 8.1845703125 167 9 6 0.8571428571428571
86 2 4.169921875 170 5 2 0.2857142857142857
87 1 8.16015625 172 9 6 0.8571428571428571
88 2 4.16015625 172 5 2 0.2857142857142857
88 1 9.16015625 172 10 7 1.0
89 1 8.1552734375 173 9 6 0.8571428571428571
90 2 4.1552734375 173 5 2 0.2857142857142857
91 1 8.150390625 174 9 6 0.8571428571428571
92 2 4.150390625 174 5 2 0.2857142857142857
93 1 8.150390625 174 9 6 0.8571428571428571
94 1 8.1455078125 175 9 6 0.8571428571428571
95 2 4.140625 176 5 2 0.2857142857142857
96 1 8.1357421875 177 9 6 0.8571428571428571
97 1 9.1357421875 177 10 7 1.0
97 2 4.130859375 178 5 2 0.2857142857142857
98 1 8.130859375 178 9 6 0.8571428571428571
99 2 4.1259765625 179 5 2 0.2857142857142857
100 1 8.12109375 180 9 6 0.8571428571428571
101 2 4.12109375 180 5 2 0.2857142857142857
102 1 8.12109375 180 9 6 0.8571428571428571
103 1 8.12109375 180 9 6 0.8571428571428571
103 0 9.12109375 180 10 7 1.0
104 2 4.111328125 182 5 2 0.2857142857142857
105 0 9.1064453125 183 10 7 1.0
106 2 4.0966796875 185 5 2 0.2857142857142857
107 0 9.0966796875 185 10 7 1.0
108 2 4.0869140625 187 5 2 0.2857142857142857
109 0 9.0869140625 187 10 7 1.0
110 2 4.08203125 188 5 2 0.2857142857142857
111 0 9.4462890625 189 10 7 1.0
112 0 9.443359375 190 10 7 1.0
113 1 7.4404296875 191 8 5 0.7142857142857143
113 0 9.4404296875 191 10 7 1.0
114 0 9.4404296875 191 10 7 1.0
115 0 9.4375 192 10 7 1.0
116 1 8.4345703125 193 9 6 0.8571428571428571
116 0 9.431640625 194 10 7 1.0
117 0 9.4287109375 195 10 7 1.0
117 1 8.4287109375 195 9 6 0.8571428571428571
118 0 9.4287109375 195 10 7 1.0
119 0 9.4287109375 195 10 7 1.0
120 0 9.4287109375 195 10 7 1.0
121 0 9.4287109375 195 10 7 1.0
122 0 9.4287109375 195 10 7 1.0
123 0 9.42578125 196 10 7 1.0
124 0 9.42578125 196 10 7 1.0
125 0 9.42578125 196 10 7 1.0
126 0 9.42578125 196 10 7 1.0
127 0 9.42578125 196 10 7 1.0
128 0 9.42578125 196 10 7 1.0
129 0 9.4228515625 197 10 7 1.0
130 0 9.4169921875 199 10 7 1.0
131 0 9.4140625 200 10 7 1.0
132 0 9.4111328125 201 10 7 1.0
133 0 9.4111328125 201 10 7 1.0
134 0 9.4111328125 201 10 7 1.0
135 0 9.408203125 202 10 7 1.0
136 0 9.408203125 202 10 7 1.0
137 0 9.4052734375 203 10 7 1.0
138 0 9.4052734375 203 10 7 1.0
139 0 9.4052734375 203 10 7 1.0
140 0 9.40234375 204 10 7 1.0
140 1 2.3994140625 205 3 0 0.0
141 0 9.3994140625 205 10 7 1.0
142 0 9.3994140625 205 10 7 1.0
143 0 9.3994140625 205 10 7 1.0
144 0 9.3935546875 207 10 7 1.0
145 0 9.390625 208 10 7 1.0
146 0 9.3876953125 209 10 7 1.0
147 0 9.3876953125 209 10 7 1.0
148 0 9.3876953125 209 10 7 1.0
149 0 9.3876953125 209 10 7 1.0
150 0 9.3876953125 209 10 7 1.0
151 0 9.384765625 210 10 7 1.0
152 0 9.384765625 210 10 7 1.0
153 0 9.384765625 210 10 7 1.0
154 0 9.384765625 210 10 7 1.0
155 0 9.384765625 210 10 7 1.0
156 0 9.384765625 210 10 7 1.0
157 0 9.384765625 210 10 7 1.0
158 0 9.384765625 210 10 7 1.0
158 1 8.384765625 210 9 6 0.8571428571428571
159 0 9.3818359375 211 10 7 1.0
160 0 9.37890625 212 10 7 1.0
161 0 9.37890625 212 10 7 1.0
162 0 9.3759765625 213 10 7 1.0
163 0 9.3759765625 213 10 7 1.0
164 0 9.373046875 214 10 7 1.0
165 0 9.3701171875 215 10 7 1.0
166 0 9.3671875 216 10 7 1.0
167 0 9.3671875 216 10 7 1.0
168 0 9.3642578125 217 10 7 1.0
169 0 9.3642578125 217 10 7 1.0
170 0 9.361328125 218 10 7 1.0
171 0 9.361328125 218 10 7 1.0
171 1 8.361328125 218 9 6 0.8571428571428571
172 0 9.361328125 218 10 7 1.0
173 0 9.361328125 218 10 7 1.0
174 0 9.361328125 218 10 7 1.0
175 0 9.361328125 218 10 7 1.0
176 0 9.361328125 218 10 7 1.0
176 1 9.3583984375 219 10 7 1.0
177 0 9.35546875 220 10 7 1.0
178 0 9.35546875 220 10 7 1.0
179 0 9.3525390625 221 10 7 1.0
180 0 9.3525390625 221 10 7 1.0
181 0 9.3525390625 221 10 7 1.0
182 0 9.3525390625 221 10 7 1.0
183 0 9.3525390625 221 10 7 1.0
184 0 9.3525390625 221 10 7 1.0
185 0 9.3525390625 221 10 7 1.0
186 0 9.3525390625 221 10 7 1.0
187 0 9.3525390625 221 10 7 1.0
188 0 9.349609375 222 10 7 1.0
189 0 9.349609375 222 10 7 1.0
190 0 9.349609375 222 10 7 1.0
191 0 9.3466796875 223 10 7 1.0
192 1 6.3466796875 223 7 4 0.5714285714285714
192 0 9.34375 224 10 7 1.0
193 0 9.3408203125 225 10 7 1.0
194 0 9.3408203125 225 10 7 1.0
195 0 9.3408203125 225 10 7 1.0
196 0 9.337890625 226 10 7 1.0
197 0 9.337890625 226 10 7 1.0
198 1 6.337890625 226 7 4 0.5714285714285714
198 0 9.337890625 226 10 7 1.0
199 0 9.337890625 226 10 7 1.0
200 0 9.337890625 226 10 7 1.0
200 1 7.337890625 226 8 5 0.7142857142857143
201 0 9.337890625 226 10 7 1.0
202 0 9.337890625 226 10 7 1.0
203 0 9.337890625 226 10 7 1.0
204 0 9.337890625 226 10 7 1.0
205 0 9.3349609375 227 10 7 1.0
206 0 9.3349609375 227 10 7 1.0
207 0 9.3349609375 227 10 7 1.0
208 0 9.3349609375 227 10 7 1.0
209 0 9.3349609375 227 10 7 1.0
210 0 9.3349609375 227 10 7 1.0
211 0 9.3349609375 227 10 7 1.0
211 1 9.33203125 228 10 7 1.0
212 0 9.33203125 228 10 7 1.0
213 0 9.3291015625 229 10 7 1.0
214 0 9.3291015625 229 10 7 1.0
215 0 9.3291015625 229 10 7 1.0
215 1 9.326171875 230 10 7 1.0
216 0 9.326171875 230 10 7 1.0
217 0 9.3232421875 231 10 7 1.0
218 0 9.3203125 232 10 7 1.0
219 0 9.3203125 232 10 7 1.0
220 0 9.3173828125 233 10 7 1.0
221 0 9.3173828125 233 10 7 1.0
222 0 9.3173828125 233 10 7 1.0
223 0 9.3173828125 233 10 7 1.0
224 0 9.314453125 234 10 7 1.0
225 0 9.314453125 234 10 7 1.0
226 0 9.314453125 234 10 7 1.0
227 0 9.3115234375 235 10 7 1.0
228 0 9.30859375 236 10 7 1.0
229 0 9.30859375 236 10 7 1.0
230 0 9.30859375 236 10 7 1.0
231 0 9.30859375 236 10 7 1.0
232 0 9.30859375 236 10 7 1.0
233 0 9.30859375 236 10 7 1.0
234 0 9.30859375 236 10 7 1.0
235 0 9.30859375 236 10 7 1.0
236 0 9.30859375 236 10 7 1.0
237 0 9.302734375 238 10 7 1.0
238 0 9.2998046875 239 10 7 1.0
239 0 9.2998046875 239 10 7 1.0
240 0 9.2998046875 239 10 7 1.0
241 0 9.2998046875 239 10 7 1.0
242 1 8.296875 240 9 6 0.8571428571428571
242 0 9.296875 240 10 7 1.0
243 0 9.296875 240 10 7 1.0
244 0 9.2939453125 241 10 7 1.0
245 0 9.291015625 242 10 7 1.0
246 0 9.2880859375 243 10 7 1.0
247 0 9.2880859375 243 10 7 1.0
247 1 8.2880859375 243 9 6 0.8571428571428571
248 0 9.2880859375 243 10 7 1.0
249 0 9.28515625 244 10 7 1.0
250 0 9.2822265625 245 10 7 1.0
251 0 9.2822265625 245 10 7 1.0
252 0 9.2822265625 245 10 7 1.0
253 0 9.2822265625 245 10 7 1.0
254 0 9.279296875 246 10 7 1.0
255 0 9.279296875 246 10 7 1.0
256 0 9.2763671875 247 10 7 1.0
257 0 9.2734375 248 10 7 1.0
258 0 9.2734375 248 10 7 1.0
259 0 9.267578125 250 10 7 1.0
260 0 9.267578125 250 10 7 1.0
261 0 9.2646484375 251 10 7 1.0
262 0 9.2646484375 251 10 7 1.0
263 1 6.26171875 252 7 4 0.5714285714285714
263 0 9.26171875 252 10 7 1.0
264 0 9.26171875 252 10 7 1.0
265 0 9.26171875 252 10 7 1.0
266 0 9.26171875 252 10 7 1.0
267 0 9.2587890625 253 10 7 1.0
268 0 9.255859375 254 10 7 1.0
269 0 9.255859375 254 10 7 1.0
270 0 9.255859375 254 10 7 1.0
271 0 9.255859375 254 10 7 1.0
272 0 9.255859375 254 10 7 1.0
273 0 9.255859375 254 10 7 1.0
274 0 9.255859375 254 10 7 1.0
275 0 9.255859375 254 10 7 1.0
276 0 9.255859375 254 10 7 1.0
277 1 6.255859375 254 7 4 0.5714285714285714
277 0 9.2529296875 255 10 7 1.0
278 0 9.2529296875 255 10 7 1.0
279 0 9.2529296875 255 10 7 1.0
279 1 6.2529296875 255 7 4 0.5714285714285714
280 0 9.2529296875 255 10 7 1.0
281 0 9.2529296875 255 10 7 1.0
282 0 9.2529296875 255 10 7 1.0
283 0 9.2529296875 255 10 7 1.0
284 0 9.2529296875 255 10 7 1.0
285 0 9.2529296875 255 10 7 1.0
285 1 9.25 256 10 7 1.0
286 0 9.25 256 10 7 1.0
287 0 9.25 256 10 7 1.0
288 0 9.25 256 10 7 1.0
289 0 9.25 256 10 7 1.0
290 0 9.25 256 10 7 1.0
291 0 9.25 256 10 7 1.0
292 0 9.244140625 258 10 7 1.0
293 0 9.244140625 258 10 7 1.0
294 0 9.244140625 258 10 7 1.0
295 0 9.244140625 258 10 7 1.0
296 0 9.244140625 258 10 7 1.0
297 0 9.244140625 258 10 7 1.0
298 0 9.244140625 258 10 7 1.0
298 1 4.244140625 258 5 2 0.2857142857142857
299 0 9.244140625 258 10 7 1.0
300 0 9.244140625 258 10 7 1.0
301 0 9.244140625 258 10 7 1.0
302 0 9.244140625 258 10 7 1.0
303 0 9.244140625 258 10 7 1.0
304 0 9.244140625 258 10 7 1.0
305 0 9.244140625 258 10 7 1.0
305 1 6.244140625 258 7 4 0.5714285714285714
306 0 9.244140625 258 10 7 1.0
307 0 9.244140625 258 10 7 1.0
308 0 9.244140625 258 10 7 1.0
309 0 9.244140625 258 10 7 1.0
310 0 9.244140625 258 10 7 1.0
311 0 9.244140625 258 10 7 1.0
312 0 9.244140625 258 10 7 1.0
313 0 9.2412109375 259 10 7 1.0
314 0 9.2412109375 259 10 7 1.0
315 0 9.2412109375 259 10 7 1.0
316 0 9.2412109375 259 10 7 1.0
317 0 9.2412109375 259 10 7 1.0
318 0 9.2412109375 259 10 7 1.0
319 0 9.2412109375 259 10 7 1.0
320 0 9.2412109375 259 10 7 1.0
321 0 9.2412109375 259 10 7 1.0
322 0 9.2412109375 259 10 7 1.0
323 0 9.2412109375 259 10 7 1.0
324 0 9.2412109375 259 10 7 1.0
325 0 9.2412109375 259 10 7 1.0
326 0 9.2412109375 259 10 7 1.0
327 0 9.2412109375 259 10 7 1.0
327 1 6.2412109375 259 7 4 0.5714285714285714
328 0 9.23828125 260 10 7 1.0
329 0 9.23828125 260 10 7 1.0
330 0 9.23828125 260 10 7 1.0
331 0 9.23828125 260 10 7 1.0
332 0 9.23828125 260 10 7 1.0
333 0 9.23828125 260 10 7 1.0
334 0 9.23828125 260 10 7 1.0
335 0 9.23828125 260 10 7 1.0
336 0 9.23828125 260 10 7 1.0
337 0 9.23828125 260 10 7 1.0
338 0 9.23828125 260 10 7 1.0
338 1 9.2353515625 261 10 7 1.0
339 0 9.2353515625 261 10 7 1.0
340 0 9.2353515625 261 10 7 1.0
341 0 9.2353515625 261 10 7 1.0
342 0 9.2353515625 261 10 7 1.0
343 0 9.2353515625 261 10 7 1.0
344 0 9.2353515625 261 10 7 1.0
345 0 9.2353515625 261 10 7 1.0
346 0 9.2353515625 261 10 7 1.0
347 0 9.232421875 262 10 7 1.0
348 0 9.2294921875 263 10 7 1.0
349 0 9.2294921875 263 10 7 1.0
350 0 9.2294921875 263 10 7 1.0
351 0 9.2294921875 263 10 7 1.0
352 0 9.2294921875 263 10 7 1.0
353 0 9.2294921875 263 10 7 1.0
354 0 9.2294921875 263 10 7 1.0
354 1 6.2294921875 263 7 4 0.5714285714285714
355 0 9.2294921875 263 10 7 1.0
356 0 9.2265625 264 10 7 1.0
357 0 9.220703125 266 10 7 1.0
358 0 9.220703125 266 10 7 1.0
359 0 9.220703125 266 10 7 1.0
360 0 9.220703125 266 10 7 1.0
361 0 9.220703125 266 10 7 1.0
362 0 9.220703125 266 10 7 1.0
363 0 9.220703125 266 10 7 1.0
364 0 9.220703125 266 10 7 1.0
365 0 9.2177734375 267 10 7 1.0
366 0 9.2177734375 267 10 7 1.0
367 0 9.2177734375 267 10 7 1.0
368 0 9.2177734375 267 10 7 1.0
369 0 9.2177734375 267 10 7 1.0
369 1 6.2177734375 267 7 4 0.5714285714285714
370 0 9.21484375 268 10 7 1.0
371 0 9.21484375 268 10 7 1.0
372 0 9.21484375 268 10 7 1.0
373 0 9.21484375 268 10 7 1.0
374 0 9.2119140625 269 10 7 1.0
375 0 9.2119140625 269 10 7 1.0
376 0 9.2119140625 269 10 7 1.0
377 0 9.2119140625 269 10 7 1.0
378 0 9.2119140625 269 10 7 1.0
379 0 9.2119140625 269 10 7 1.0
380 0 9.2119140625 269 10 7 1.0
381 0 9.2119140625 269 10 7 1.0
382 0 9.2119140625 269 10 7 1.0
383 0 9.2119140625 269 10 7 1.0
384 0 9.2119140625 269 10 7 1.0
385 0 9.2119140625 269 10 7 1.0
386 0 9.2119140625 269 10 7 1.0
387 0 9.2119140625 269 10 7 1.0
388 0 9.2119140625 269 10 7 1.0
389 0 9.208984375 270 10 7 1.0
390 0 9.208984375 270 10 7 1.0
391 0 9.2060546875 271 10 7 1.0
392 0 9.2060546875 271 10 7 1.0
393 0 9.2060546875 271 10 7 1.0
393 1 2.2060546875 271 3 0 0.0
394 0 9.203125 272 10 7 1.0
395 0 9.203125 272 10 7 1.0
396 0 9.2001953125 273 10 7 1.0
397 0 9.2001953125 273 10 7 1.0
398 0 9.2001953125 273 10 7 1.0
399 0 9.2001953125 273 10 7 1.0
400 0 9.2001953125 273 10 7 1.0
401 0 9.2001953125 273 10 7 1.0
402 0 9.2001953125 273 10 7 1.0
403 0 9.2001953125 273 10 7 1.0
404 0 9.2001953125 273 10 7 1.0
405 0 9.2001953125 273 10 7 1.0
406 0 9.2001953125 273 10 7 1.0
407 0 9.2001953125 273 10 7 1.0
408 0 9.2001953125 273 10 7 1.0
409 0 9.2001953125 273 10 7 1.0
410 0 9.2001953125 273 10 7 1.0
411 0 9.197265625 274 10 7 1.0
412 0 9.197265625 274 10 7 1.0
413 0 9.197265625 274 10 7 1.0
414 0 9.1943359375 275 10 7 1.0
415 0 9.1943359375 275 10 7 1.0
416 0 9.19140625 276 10 7 1.0
417 0 9.19140625 276 10 7 1.0
418 0 9.19140625 276 10 7 1.0
419 0 9.1884765625 277 10 7 1.0
420 0 9.1884765625 277 10 7 1.0
421 0 9.1884765625 277 10 7 1.0
422 0 9.1884765625 277 10 7 1.0
423 0 9.185546875 278 10 7 1.0
424 0 9.1826171875 279 10 7 1.0
425 0 9.1826171875 279 10 7 1.0
426 0 9.1826171875 279 10 7 1.0
426 1 7.1826171875 279 8 5 0.7142857142857143
427 0 9.1826171875 279 10 7 1.0
428 0 9.1826171875 279 10 7 1.0
429 0 9.1767578125 281 10 7 1.0
430 0 9.1767578125 281 10 7 1.0
431 0 9.1767578125 281 10 7 1.0
432 0 9.1767578125 281 10 7 1.0
433 0 9.1767578125 281 10 7 1.0
434 0 9.1767578125 281 10 7 1.0
435 0 9.1767578125 281 10 7 1.0
436 0 9.1767578125 281 10 7 1.0
437 0 9.1767578125 281 10 7 1.0
438 0 9.173828125 282 10 7 1.0
439 0 9.173828125 282 10 7 1.0
440 0 9.1708984375 283 10 7 1.0
441 0 9.1708984375 283 10 7 1.0
442 0 9.1708984375 283 10 7 1.0
443 0 9.1708984375 283 10 7 1.0
444 0 9.1708984375 283 10 7 1.0
445 0 9.1708984375 283 10 7 1.0
446 0 9.1708984375 283 10 7 1.0
447 0 9.1708984375 283 10 7 1.0
448 0 9.1708984375 283 10 7 1.0
449 0 9.1708984375 283 10 7 1.0
450 0 9.1708984375 283 10 7 1.0
451 0 9.1708984375 283 10 7 1.0
452 0 9.1708984375 283 10 7 1.0
453 0 9.1708984375 283 10 7 1.0
454 0 9.1708984375 283 10 7 1.0
455 0 9.1708984375 283 10 7 1.0
455 1 8.1708984375 283 9 6 0.8571428571428571
456 0 9.16796875 284 10 7 1.0
457 0 9.16796875 284 10 7 1.0
458 0 9.16796875 284 10 7 1.0
459 0 9.16796875 284 10 7 1.0
460 0 9.16796875 284 10 7 1.0
461 0 9.1650390625 285 10 7 1.0
462 0 9.1650390625 285 10 7 1.0
463 0 9.1650390625 285 10 7 1.0
464 0 9.1650390625 285 10 7 1.0
464 1 7.1650390625 285 8 5 0.7142857142857143
465 0 9.1650390625 285 10 7 1.0
466 0 9.1650390625 285 10 7 1.0
467 0 9.1650390625 285 10 7 1.0
467 1 6.1650390625 285 7 4 0.5714285714285714
468 0 9.162109375 286 10 7 1.0
469 0 9.162109375 286 10 7 1.0
470 0 9.162109375 286 10 7 1.0
471 0 9.162109375 286 10 7 1.0
472 0 9.162109375 286 10 7 1.0
473 0 9.162109375 286 10 7 1.0
474 0 9.162109375 286 10 7 1.0
475 0 9.162109375 286 10 7 1.0
476 0 9.162109375 286 10 7 1.0
477 0 9.162109375 286 10 7 1.0
478 0 9.162109375 286 10 7 1.0
479 0 9.162109375 286 10 7 1.0
480 0 9.162109375 286 10 7 1.0
481 0 9.1591796875 287 10 7 1.0
482 0 9.1591796875 287 10 7 1.0
483 0 9.1591796875 287 10 7 1.0
484 0 9.1591796875 287 10 7 1.0
485 0 9.1591796875 287 10 7 1.0
486 0 9.1591796875 287 10 7 1.0
487 0 9.1591796875 287 10 7 1.0
488 0 9.1591796875 287 10 7 1.0
489 0 9.1591796875 287 10 7 1.0
490 0 9.1591796875 287 10 7 1.0
491 0 9.15625 288 10 7 1.0
492 0 9.15625 288 10 7 1.0
493 0 9.15625 288 10 7 1.0
494 0 9.15625 288 10 7 1.0
495 0 9.15625 288 10 7 1.0
496 0 9.15625 288 10 7 1.0
497 0 9.15625 288 10 7 1.0
498 0 9.15625 288 10 7 1.0
499 0 9.15625 288 10 7 1.0
500 0 9.15625 288 10 7 1.0
501 0 9.15625 288 10 7 1.0
502 0 9.15625 288 10 7 1.0
503 0 9.15625 288 10 7 1.0
504 0 9.1533203125 289 10 7 1.0
505 0 9.1533203125 289 10 7 1.0
506 0 9.1533203125 289 10 7 1.0
507 0 9.1533203125 289 10 7 1.0
508 0 9.1533203125 289 10 7 1.0
509 0 9.1533203125 289 10 7 1.0
510 0 9.1533203125 289 10 7 1.0
511 0 9.150390625 290 10 7 1.0
512 0 9.150390625 290 10 7 1.0
513 0 9.150390625 290 10 7 1.0
514 0 9.150390625 290 10 7 1.0
515 0 9.1474609375 291 10 7 1.0
516 0 9.14453125 292 10 7 1.0
517 0 9.14453125 292 10 7 1.0
518 0 9.14453125 292 10 7 1.0
519 0 9.14453125 292 10 7 1.0
520 0 9.14453125 292 10 7 1.0
521 0 9.14453125 292 10 7 1.0
522 0 9.14453125 292 10 7 1.0
523 0 9.1416015625 293 10 7 1.0
524 0 9.1416015625 293 10 7 1.0
525 0 9.1416015625 293 10 7 1.0
526 0 9.1416015625 293 10 7 1.0
527 0 9.1416015625 293 10 7 1.0
528 0 9.1416015625 293 10 7 1.0
529 0 9.1416015625 293 10 7 1.0
530 0 9.1416015625 293 10 7 1.0
531 0 9.1416015625 293 10 7 1.0
532 0 9.1416015625 293 10 7 1.0
533 0 9.1416015625 293 10 7 1.0
534 0 9.1416015625 293 10 7 1.0
535 0 9.1416015625 293 10 7 1.0
536 0 9.1416015625 293 10 7 1.0
537 0 9.1416015625 293 10 7 1.0
538 0 9.1416015625 293 10 7 1.0
539 0 9.1416015625 293 10 7 1.0
540 0 9.138671875 294 10 7 1.0
541 0 9.1357421875 295 10 7 1.0
542 0 9.1357421875 295 10 7 1.0
543 0 9.1357421875 295 10 7 1.0
544 0 9.1357421875 295 10 7 1.0
545 0 9.1357421875 295 10 7 1.0
546 0 9.1357421875 295 10 7 1.0
547 0 9.1357421875 295 10 7 1.0
548 0 9.1328125 296 10 7 1.0
549 0 9.1328125 296 10 7 1.0
550 0 9.1328125 296 10 7 1.0
551 0 9.1328125 296 10 7 1.0
552 1 7.1328125 296 8 5 0.7142857142857143
552 0 9.1328125 296 10 7 1.0
553 0 9.1328125 296 10 7 1.0
554 0 9.1328125 296 10 7 1.0
555 0 9.1328125 296 10 7 1.0
556 0 9.1328125 296 10 7 1.0
557 0 9.1328125 296 10 7 1.0
557 1 7.1328125 296 8 5 0.7142857142857143
558 0 9.1328125 296 10 7 1.0
559 0 9.1328125 296 10 7 1.0
560 0 9.1328125 296 10 7 1.0
561 0 9.1328125 296 10 7 1.0
561 1 7.1328125 296 8 5 0.7142857142857143
562 0 9.1328125 296 10 7 1.0
563 0 9.1328125 296 10 7 1.0
564 0 9.1328125 296 10 7 1.0
565 0 9.1298828125 297 10 7 1.0
566 0 9.1298828125 297 10 7 1.0
567 0 9.1298828125 297 10 7 1.0
568 0 9.1298828125 297 10 7 1.0
569 0 9.1298828125 297 10 7 1.0
570 0 9.126953125 298 10 7 1.0
571 0 9.126953125 298 10 7 1.0
572 0 9.126953125 298 10 7 1.0
573 0 9.126953125 298 10 7 1.0
574 0 9.1240234375 299 10 7 1.0
575 1 6.1240234375 299 7 4 0.5714285714285714
575 0 9.1240234375 299 10 7 1.0
576 0 9.1240234375 299 10 7 1.0
577 0 9.1240234375 299 10 7 1.0
578 0 9.1240234375 299 10 7 1.0
579 0 9.1240234375 299 10 7 1.0
580 0 9.1240234375 299 10 7 1.0
581 0 9.1240234375 299 10 7 1.0
582 0 9.1240234375 299 10 7 1.0
583 0 9.1240234375 299 10 7 1.0
584 0 9.1240234375 299 10 7 1.0
585 0 9.1240234375 299 10 7 1.0
586 0 9.1240234375 299 10 7 1.0
587 0 9.1240234375 299 10 7 1.0
588 0 9.12109375 300 10 7 1.0
589 0 9.12109375 300 10 7 1.0
590 0 9.12109375 300 10 7 1.0
591 0 9.12109375 300 10 7 1.0
592 0 9.12109375 300 10 7 1.0
593 0 9.12109375 300 10 7 1.0
594 0 9.12109375 300 10 7 1.0
595 0 9.12109375 300 10 7 1.0
596 0 9.1181640625 301 10 7 1.0
597 0 9.1181640625 301 10 7 1.0
598 0 9.1181640625 301 10 7 1.0
599 0 9.1181640625 301 10 7 1.0
600 0 9.1181640625 301 10 7 1.0
601 0 9.1181640625 301 10 7 1.0
602 0 9.1181640625 301 10 7 1.0
603 0 9.1181640625 301 10 7 1.0
604 0 9.115234375 302 10 7 1.0
605 0 9.1123046875 303 10 7 1.0
606 0 9.109375 304 10 7 1.0
607 0 9.109375 304 10 7 1.0
608 0 9.109375 304 10 7 1.0
609 0 9.109375 304 10 7 1.0
610 0 9.109375 304 10 7 1.0
611 0 9.109375 304 10 7 1.0
612 0 9.109375 304 10 7 1.0
613 0 9.109375 304 10 7 1.0
614 0 9.1064453125 305 10 7 1.0
615 0 9.1064453125 305 10 7 1.0
616 0 9.103515625 306 10 7 1.0
617 0 9.103515625 306 10 7 1.0
618 0 9.103515625 306 10 7 1.0
619 0 9.103515625 306 10 7 1.0
620 0 9.103515625 306 10 7 1.0
621 0 9.103515625 306 10 7 1.0
622 0 9.103515625 306 10 7 1.0
623 0 9.103515625 306 10 7 1.0
624 0 9.103515625 306 10 7 1.0
625 0 9.103515625 306 10 7 1.0
626 0 9.103515625 306 10 7 1.0
627 0 9.103515625 306 10 7 1.0
628 0 9.103515625 306 10 7 1.0
629 0 9.103515625 306 10 7 1.0
630 0 9.103515625 306 10 7 1.0
631 0 9.1005859375 307 10 7 1.0
632 0 9.1005859375 307 10 7 1.0
633 1 2.1005859375 307 3 0 0.0
633 0 9.09765625 308 10 7 1.0
634 0 9.09765625 308 10 7 1.0
634 1 9.0947265625 309 10 7 1.0
635 0 9.0947265625 309 10 7 1.0
636 0 9.0947265625 309 10 7 1.0
637 0 9.0947265625 309 10 7 1.0
638 0 9.0947265625 309 10 7 1.0
639 1 6.0947265625 309 7 4 0.5714285714285714
639 0 9.0947265625 309 10 7 1.0
640 0 9.0947265625 309 10 7 1.0
641 0 9.0947265625 309 10 7 1.0
642 0 9.0947265625 309 10 7 1.0
643 0 9.0947265625 309 10 7 1.0
644 0 9.0947265625 309 10 7 1.0
645 0 9.0947265625 309 10 7 1.0
646 0 9.0947265625 309 10 7 1.0
647 0 9.0947265625 309 10 7 1.0
647 1 2.0947265625 309 3 0 0.0
648 0 9.0947265625 309 10 7 1.0
649 0 9.0947265625 309 10 7 1.0
650 0 9.091796875 310 10 7 1.0
651 0 9.091796875 310 10 7 1.0
652 0 9.091796875 310 10 7 1.0
653 0 9.091796875 310 10 7 1.0
654 0 9.091796875 310 10 7 1.0
655 1 8.091796875 310 9 6 0.8571428571428571
655 0 9.091796875 310 10 7 1.0
656 0 9.091796875 310 10 7 1.0
657 0 9.091796875 310 10 7 1.0
658 0 9.091796875 310 10 7 1.0
659 2 4.0888671875 311 5 2 0.2857142857142857
659 0 9.0888671875 311 10 7 1.0
660 0 9.0888671875 311 10 7 1.0
660 1 9.0859375 312 10 7 1.0
661 0 9.0859375 312 10 7 1.0
662 1 2.0859375 312 3 0 0.0
663 0 9.0830078125 313 10 7 1.0
664 1 2.0830078125 313 3 0 0.0
665 0 9.0830078125 313 10 7 1.0
666 0 9.0830078125 313 10 7 1.0
667 0 9.0830078125 313 10 7 1.0
668 0 9.0830078125 313 10 7 1.0
669 0 9.0830078125 313 10 7 1.0
670 0 9.0830078125 313 10 7 1.0
671 0 9.0830078125 313 10 7 1.0
672 0 9.0830078125 313 10 7 1.0
673 0 9.0830078125 313 10 7 1.0
673 1 8.0830078125 313 9 6 0.8571428571428571
674 0 9.0830078125 313 10 7 1.0
675 0 9.0830078125 313 10 7 1.0
676 0 9.0830078125 313 10 7 1.0
677 0 9.0830078125 313 10 7 1.0
678 0 9.0830078125 313 10 7 1.0
679 0 9.0830078125 313 10 7 1.0
680 0 9.0830078125 313 10 7 1.0
681 0 9.0830078125 313 10 7 1.0
682 0 9.0830078125 313 10 7 1.0
683 0 9.0830078125 313 10 7 1.0
684 0 9.0830078125 313 10 7 1.0
685 0 9.0830078125 313 10 7 1.0
686 0 9.0830078125 313 10 7 1.0
687 0 9.0830078125 313 10 7 1.0
688 0 9.0830078125 313 10 7 1.0
689 0 9.0830078125 313 10 7 1.0
690 0 9.0830078125 313 10 7 1.0
691 1 8.0830078125 313 9 6 0.8571428571428571
691 0 9.0830078125 313 10 7 1.0
692 0 9.0830078125 313 10 7 1.0
693 0 9.0830078125 313 10 7 1.0
694 0 9.0830078125 313 10 7 1.0
695 0 9.080078125 314 10 7 1.0
696 1 2.0771484375 315 3 0 0.0
697 0 9.0771484375 315 10 7 1.0
698 0 9.0771484375 315 10 7 1.0
698 1 2.0771484375 315 3 0 0.0
699 1 2.0771484375 315 3 0 0.0
700 1 2.0771484375 315 3 0 0.0
700 0 9.0771484375 315 10 7 1.0
701 1 2.0771484375 315 3 0 0.0
701 0 9.0771484375 315 10 7 1.0
702 1 2.0771484375 315 3 0 0.0
703 0 9.0771484375 315 10 7 1.0
703 1 2.07421875 316 3 0 0.0
704 0 9.07421875 316 10 7 1.0
705 1 2.07421875 316 3 0 0.0
705 2 2.0712890625 317 3 0 0.0
706 0 9.0712890625 317 10 7 1.0
707 2 2.068359375 318 3 0 0.0
708 0 9.068359375 318 10 7 1.0
709 1 9.0654296875 319 10 7 1.0
709 2 2.0654296875 319 3 0 0.0
710 0 9.0654296875 319 10 7 1.0
711 2 2.0654296875 319 3 0 0.0
711 1 9.0654296875 319 10 7 1.0
712 2 2.0654296875 319 3 0 0.0
713 2 2.0654296875 319 3 0 0.0
714 2 2.0625 320 3 0 0.0
715 0 9.0625 320 10 7 1.0
716 2 2.0625 320 3 0 0.0
716 1 9.0625 320 10 7 1.0
717 2 2.0595703125 321 3 0 0.0
718 0 9.0595703125 321 10 7 1.0
719 1 9.0595703125 321 10 7 1.0
719 2 2.0595703125 321 3 0 0.0
720 2 2.056640625 322 3 0 0.0
720 1 9.056640625 322 10 7 1.0
721 0 9.056640625 322 10 7 1.0
722 2 2.056640625 322 3 0 0.0
723 2 2.056640625 322 3 0 0.0
724 2 2.056640625 322 3 0 0.0
725 2 2.0537109375 323 3 0 0.0
726 0 9.0537109375 323 10 7 1.0
727 2 2.0478515625 325 3 0 0.0
728 0 9.0478515625 325 10 7 1.0
729 1 9.0478515625 325 10 7 1.0
729 2 2.0478515625 325 3 0 0.0
730 2 2.044921875 326 3 0 0.0
731 0 9.044921875 326 10 7 1.0
732 2 2.0419921875 327 3 0 0.0
733 0 9.0390625 328 10 7 1.0
734 2 2.0390625 328 3 0 0.0
735 0 9.0361328125 329 10 7 1.0
736 2 2.0244140625 333 3 0 0.0
737 1 2.0244140625 333 3 0 0.0
738 0 9.0244140625 333 10 7 1.0
739 1 2.0244140625 333 3 0 0.0
740 1 2.0244140625 333 3 0 0.0
741 1 2.0244140625 333 3 0 0.0
741 0 9.0244140625 333 10 7 1.0
742 1 2.0244140625 333 3 0 0.0
742 0 9.0244140625 333 10 7 1.0
743 1 2.0244140625 333 3 0 0.0
744 1 2.0244140625 333 3 0 0.0
744 0 9.0244140625 333 10 7 1.0
745 1 2.0244140625 333 3 0 0.0
745 0 9.0244140625 333 10 7 1.0
746 1 2.0244140625 333 3 0 0.0
747 1 2.021484375 334 3 0 0.0
748 0 9.021484375 334 10 7 1.0
749 1 2.021484375 334 3 0 0.0
750 1 2.0185546875 335 3 0 0.0
751 0 9.015625 336 10 7 1.0
752 1 2.0126953125 337 3 0 0.0
753 0 9.0126953125 337 10 7 1.0
754 1 2.0126953125 337 3 0 0.0
755 1 2.0126953125 337 3 0 0.0
756 1 2.0126953125 337 3 0 0.0
757 0 9.0126953125 337 10 7 1.0
757 1 2.009765625 338 3 0 0.0
758 0 9.009765625 338 10 7 1.0
758 1 7.009765625 338 8 5 0.7142857142857143
759 1 2.009765625 338 3 0 0.0
760 1 2.009765625 338 3 0 0.0
761 1 2.009765625 338 3 0 0.0
761 0 9.009765625 338 10 7 1.0
762 1 2.009765625 338 3 0 0.0
763 1 2.009765625 338 3 0 0.0
764 1 2.009765625 338 3 0 0.0
765 1 2.009765625 338 3 0 0.0
766 1 2.009765625 338 3 0 0.0
766 0 9.009765625 338 10 7 1.0
767 1 2.009765625 338 3 0 0.0
767 0 9.009765625 338 10 7 1.0
768 1 2.009765625 338 3 0 0.0
769 1 2.009765625 338 3 0 0.0
770 0 9.009765625 338 10 7 1.0
770 1 2.0068359375 339 3 0 0.0
771 0 9.0068359375 339 10 7 1.0
772 1 2.0068359375 339 3 0 0.0
772 0 9.0068359375 339 10 7 1.0
773 1 2.0068359375 339 3 0 0.0
774 1 2.0068359375 339 3 0 0.0
774 0 9.0068359375 339 10 7 1.0
775 1 2.0068359375 339 3 0 0.0
776 1 2.0068359375 339 3 0 0.0
776 0 9.0068359375 339 10 7 1.0
777 0 9.0068359375 339 10 7 1.0
777 1 2.0068359375 339 3 0 0.0
778 1 2.0068359375 339 3 0 0.0
779 1 2.0068359375 339 3 0 0.0
779 0 9.0068359375 339 10 7 1.0
780 1 2.0068359375 339 3 0 0.0
780 0 9.0068359375 339 10 7 1.0
781 1 2.0068359375 339 3 0 0.0
782 1 2.0068359375 339 3 0 0.0
782 0 9.0068359375 339 10 7 1.0
783 1 2.0068359375 339 3 0 0.0
784 1 2.0068359375 339 3 0 0.0
785 1 2.0068359375 339 3 0 0.0
786 1 2.0068359375 339 3 0 0.0
786 0 9.0068359375 339 10 7 1.0
787 1 2.0068359375 339 3 0 0.0
788 1 2.0068359375 339 3 0 0.0
788 0 9.0068359375 339 10 7 1.0
789 1 2.0068359375 339 3 0 0.0
790 1 2.0068359375 339 3 0 0.0
790 0 9.0068359375 339 10 7 1.0
791 1 2.0068359375 339 3 0 0.0
792 1 2.0068359375 339 3 0 0.0
793 1 2.0068359375 339 3 0 0.0
794 1 2.0068359375 339 3 0 0.0
794 0 9.0068359375 339 10 7 1.0
795 1 2.00390625 340 3 0 0.0
795 0 9.00390625 340 10 7 1.0
796 1 2.00390625 340 3 0 0.0
796 0 9.00390625 340 10 7 1.0
797 1 2.00390625 340 3 0 0.0
798 1 2.00390625 340 3 0 0.0
798 0 9.00390625 340 10 7 1.0
799 1 2.00390625 340 3 0 0.0
800 1 2.00390625 340 3 0 0.0
801 1 2.00390625 340 3 0 0.0
802 1 2.00390625 340 3 0 0.0
803 1 2.00390625 340 3 0 0.0
804 0 9.00390625 340 10 7 1.0
804 1 2.00390625 340 3 0 0.0
805 1 2.00390625 340 3 0 0.0
806 1 2.00390625 340 3 0 0.0
807 1 2.0009765625 341 3 0 0.0
808 0 9.0009765625 341 10 7 1.0
809 1 1.998046875 342 3 0 0.0
809 0 8.998046875 342 10 7 1.0
810 1 1.998046875 342 3 0 0.0
811 1 1.9951171875 343 3 0 0.0
812 0 8.9951171875 343 10 7 1.0
813 1 1.9951171875 343 3 0 0.0
814 1 1.9951171875 343 3 0 0.0
814 0 8.9951171875 343 10 7 1.0
815 1 1.9951171875 343 3 0 0.0
816 1 1.9951171875 343 3 0 0.0
816 0 8.9951171875 343 10 7 1.0
817 1 1.9951171875 343 3 0 0.0
817 0 8.9951171875 343 10 7 1.0
818 1 1.9951171875 343 3 0 0.0
818 0 8.9951171875 343 10 7 1.0
819 1 1.9951171875 343 3 0 0.0
819 0 8.9951171875 343 10 7 1.0
820 1 1.9951171875 343 3 0 0.0
821 1 1.9951171875 343 3 0 0.0
821 0 8.9951171875 343 10 7 1.0
822 1 1.9951171875 343 3 0 0.0
823 1 1.9951171875 343 3 0 0.0
824 1 1.9921875 344 3 0 0.0
825 0 8.9921875 344 10 7 1.0
826 1 1.9921875 344 3 0 0.0
827 1 1.9921875 344 3 0 0.0
827 0 8.9921875 344 10 7 1.0
828 1 1.9921875 344 3 0 0.0
828 0 8.9921875 344 10 7 1.0
829 1 1.9921875 344 3 0 0.0
830 1 1.9921875 344 3 0 0.0
831 1 1.9921875 344 3 0 0.0
831 0 8.9921875 344 10 7 1.0
832 1 1.9892578125 345 3 0 0.0
833 0 8.9892578125 345 10 7 1.0
833 1 7.9892578125 345 9 6 0.8571428571428571
834 1 1.9892578125 345 3 0 0.0
834 0 8.9892578125 345 10 7 1.0
835 1 1.9892578125 345 3 0 0.0
835 0 8.9892578125 345 10 7 1.0
836 1 1.9892578125 345 3 0 0.0
837 1 1.9892578125 345 3 0 0.0
838 1 1.9892578125 345 3 0 0.0
839 1 1.9892578125 345 3 0 0.0
840 1 1.9892578125 345 3 0 0.0
841 1 1.9892578125 345 3 0 0.0
842 0 8.9892578125 345 10 7 1.0
842 1 1.9892578125 345 3 0 0.0
843 1 1.9892578125 345 3 0 0.0
844 1 1.986328125 346 3 0 0.0
845 0 8.986328125 346 10 7 1.0
846 1 1.986328125 346 3 0 0.0
846 0 8.986328125 346 10 7 1.0
847 1 1.986328125 346 3 0 0.0
848 0 8.986328125 346 10 7 1.0
848 1 1.9833984375 347 3 0 0.0
849 0 8.9833984375 347 10 7 1.0
850 1 1.9833984375 347 3 0 0.0
850 0 8.9833984375 347 10 7 1.0
851 1 1.9833984375 347 3 0 0.0
851 0 8.9833984375 347 10 7 1.0
852 1 1.9833984375 347 3 0 0.0
853 1 1.9833984375 347 3 0 0.0
853 0 8.9833984375 347 10 7 1.0
854 1 1.9833984375 347 3 0 0.0
854 0 8.9833984375 347 10 7 1.0
855 1 1.9833984375 347 3 0 0.0
856 1 1.9833984375 347 3 0 0.0
857 1 1.9833984375 347 3 0 0.0
857 0 8.9833984375 347 10 7 1.0
858 1 1.9833984375 347 3 0 0.0
858 0 8.9833984375 347 10 7 1.0
859 1 1.9833984375 347 3 0 0.0
860 1 1.9833984375 347 3 0 0.0
860 0 8.9833984375 347 10 7 1.0
861 0 8.9833984375 347 10 7 1.0
861 1 1.9833984375 347 3 0 0.0
862 1 1.9833984375 347 3 0 0.0
863 1 1.9833984375 347 3 0 0.0
864 1 1.9833984375 347 3 0 0.0
865 1 1.9833984375 347 3 0 0.0
866 1 1.9833984375 347 3 0 0.0
867 1 1.9833984375 347 3 0 0.0
868 1 1.9833984375 347 3 0 0.0
868 0 8.9833984375 347 10 7 1.0
869 0 8.9833984375 347 10 7 1.0
869 1 1.9833984375 347 3 0 0.0
870 1 1.9833984375 347 3 0 0.0
871 1 1.98046875 348 3 0 0.0
872 0 8.98046875 348 10 7 1.0
873 1 1.98046875 348 3 0 0.0
874 1 1.98046875 348 3 0 0.0
874 0 8.98046875 348 10 7 1.0
875 1 1.98046875 348 3 0 0.0
876 1 1.98046875 348 3 0 0.0
876 0 8.98046875 348 10 7 1.0
877 1 1.98046875 348 3 0 0.0
878 1 1.9775390625 349 3 0 0.0
879 0 8.9775390625 349 10 7 1.0
880 1 1.9775390625 349 3 0 0.0
881 0 8.9775390625 349 10 7 1.0
881 1 1.9775390625 349 3 0 0.0
882 1 1.9775390625 349 3 0 0.0
882 0 8.9775390625 349 10 7 1.0
883 1 1.9775390625 349 3 0 0.0
884 1 1.9775390625 349 3 0 0.0
884 0 8.9775390625 349 10 7 1.0
885 1 1.9775390625 349 3 0 0.0
885 0 8.9775390625 349 10 7 1.0
886 1 1.9775390625 349 3 0 0.0
886 0 8.9775390625 349 10 7 1.0
887 1 1.9775390625 349 3 0 0.0
888 1 1.9775390625 349 3 0 0.0
888 0 8.9775390625 349 10 7 1.0
889 1 1.9775390625 349 3 0 0.0
889 0 8.9775390625 349 10 7 1.0
890 0 8.9775390625 349 10 7 1.0
890 1 1.9775390625 349 3 0 0.0
891 1 1.9775390625 349 3 0 0.0
892 1 1.9775390625 349 3 0 0.0
893 1 1.9775390625 349 3 0 0.0
894 1 1.9775390625 349 3 0 0.0
895 1 1.9775390625 349 3 0 0.0
896 1 1.9775390625 349 3 0 0.0
897 1 1.9775390625 349 3 0 0.0
898 1 1.9775390625 349 3 0 0.0
899 0 8.9775390625 349 10 7 1.0
899 1 1.9775390625 349 3 0 0.0
900 0 8.9775390625 349 10 7 1.0
900 1 1.9775390625 349 3 0 0.0
901 1 1.9775390625 349 3 0 0.0
901 0 8.9775390625 349 10 7 1.0
902 1 1.9775390625 349 3 0 0.0
903 1 1.9775390625 349 3 0 0.0
903 0 8.9775390625 349 10 7 1.0
904 1 1.9775390625 349 3 0 0.0
905 1 1.9775390625 349 3 0 0.0
906 1 1.9775390625 349 3 0 0.0
907 1 1.9775390625 349 3 0 0.0
907 0 8.9775390625 349 10 7 1.0
908 1 1.9775390625 349 3 0 0.0
909 1 1.9775390625 349 3 0 0.0
910 1 1.9775390625 349 3 0 0.0
910 0 8.9775390625 349 10 7 1.0
911 1 1.9775390625 349 3 0 0.0
912 1 1.9775390625 349 3 0 0.0
913 1 1.9775390625 349 3 0 0.0
914 1 1.9775390625 349 3 0 0.0
915 1 1.9775390625 349 3 0 0.0
916 1 1.9775390625 349 3 0 0.0
917 0 8.9775390625 349 10 7 1.0
917 1 1.9775390625 349 3 0 0.0
918 1 1.9775390625 349 3 0 0.0
918 0 8.9775390625 349 10 7 1.0
919 1 1.9775390625 349 3 0 0.0
920 1 1.9775390625 349 3 0 0.0
921 1 1.9775390625 349 3 0 0.0
922 1 1.9775390625 349 3 0 0.0
923 1 1.9775390625 349 3 0 0.0
923 0 8.9775390625 349 10 7 1.0
924 1 1.974609375 350 3 0 0.0
925 0 8.974609375 350 10 7 1.0
926 1 1.974609375 350 3 0 0.0
927 1 1.974609375 350 3 0 0.0
927 0 8.974609375 350 10 7 1.0
928 1 1.974609375 350 3 0 0.0
929 1 1.974609375 350 3 0 0.0
930 0 8.974609375 350 10 7 1.0
930 1 1.974609375 350 3 0 0.0
931 1 1.974609375 350 3 0 0.0
931 0 8.974609375 350 10 7 1.0
932 1 1.974609375 350 3 0 0.0
933 1 1.974609375 350 3 0 0.0
933 0 8.974609375 350 10 7 1.0
934 1 1.974609375 350 3 0 0.0
935 1 1.974609375 350 3 0 0.0
935 0 8.974609375 350 10 7 1.0
936 0 8.974609375 350 10 7 1.0
936 1 1.9716796875 351 3 0 0.0
937 0 8.9716796875 351 10 7 1.0
937 1 5.9716796875 351 7 4 0.5714285714285714
938 1 1.9716796875 351 3 0 0.0
939 1 1.9716796875 351 3 0 0.0
940 1 1.9716796875 351 3 0 0.0
941 0 8.9716796875 351 10 7 1.0
941 1 1.9716796875 351 3 0 0.0
942 1 1.96875 352 3 0 0.0
943 0 8.96875 352 10 7 1.0
944 1 1.96875 352 3 0 0.0
945 1 1.96875 352 3 0 0.0
946 1 1.96875 352 3 0 0.0
947 1 1.96875 352 3 0 0.0
948 1 1.96875 352 3 0 0.0
949 1 1.96875 352 3 0 0.0
950 1 1.96875 352 3 0 0.0
951 1 1.9658203125 353 3 0 0.0
952 0 8.9658203125 353 10 7 1.0
953 1 1.9658203125 353 3 0 0.0
953 0 8.9658203125 353 10 7 1.0
954 1 1.9658203125 353 3 0 0.0
955 1 1.9658203125 353 3 0 0.0
956 1 1.9658203125 353 3 0 0.0
957 0 8.9658203125 353 10 7 1.0
957 1 1.962890625 354 3 0 0.0
958 0 8.962890625 354 10 7 1.0
959 1 1.962890625 354 3 0 0.0
959 0 8.962890625 354 10 7 1.0
960 1 1.962890625 354 3 0 0.0
960 0 8.962890625 354 10 7 1.0
961 1 1.962890625 354 3 0 0.0
962 0 8.962890625 354 10 7 1.0
962 1 1.962890625 354 3 0 0.0
963 1 1.962890625 354 3 0 0.0
964 1 1.962890625 354 3 0 0.0
965 1 1.962890625 354 3 0 0.0
965 0 8.962890625 354 10 7 1.0
966 1 1.962890625 354 3 0 0.0
967 1 1.9599609375 355 3 0 0.0
968 0 8.9599609375 355 10 7 1.0
969 1 1.9599609375 355 3 0 0.0
970 1 1.9599609375 355 3 0 0.0
971 1 1.9599609375 355 3 0 0.0
972 0 8.9599609375 355 10 7 1.0
972 1 1.9599609375 355 3 0 0.0
973 1 1.9599609375 355 3 0 0.0
974 1 1.9599609375 355 3 0 0.0
974 0 8.9599609375 355 10 7 1.0
975 0 8.9599609375 355 10 7 1.0
975 1 1.9599609375 355 3 0 0.0
976 1 1.9599609375 355 3 0 0.0
977 1 1.9599609375 355 3 0 0.0
978 1 1.9599609375 355 3 0 0.0
979 1 1.9599609375 355 3 0 0.0
980 1 1.9599609375 355 3 0 0.0
980 0 8.9599609375 355 10 7 1.0
981 1 1.9599609375 355 3 0 0.0
982 1 1.9599609375 355 3 0 0.0
982 0 8.9599609375 355 10 7 1.0
983 1 1.9599609375 355 3 0 0.0
984 1 1.9599609375 355 3 0 0.0
984 0 8.9599609375 355 10 7 1.0
985 1 1.9599609375 355 3 0 0.0
985 0 8.9599609375 355 10 7 1.0
986 0 8.9599609375 355 10 7 1.0
986 1 1.9599609375 355 3 0 0.0
987 0 8.9599609375 355 10 7 1.0
987 1 1.9599609375 355 3 0 0.0
988 1 1.9599609375 355 3 0 0.0
988 0 8.9599609375 355 10 7 1.0
989 1 1.9599609375 355 3 0 0.0
990 1 1.9599609375 355 3 0 0.0
991 1 1.9599609375 355 3 0 0.0
992 1 1.9599609375 355 3 0 0.0
992 0 8.9599609375 355 10 7 1.0
993 1 1.9599609375 355 3 0 0.0
994 1 1.9599609375 355 3 0 0.0
994 0 8.9599609375 355 10 7 1.0
995 1 1.9599609375 355 3 0 0.0
995 0 8.9599609375 355 10 7 1.0
996 1 1.9599609375 355 3 0 0.0
997 1 1.9599609375 355 3 0 0.0
998 1 1.9599609375 355 3 0 0.0
999 1 1.9599609375 355 3 0 0.0
1000 0 8.9599609375 355 10 7 1.0
1000 1 1.9599609375 355 3 0 0.0
