gen testSuiteSize notKilledMutants number_of_tests no_discount_objective no_equiv_mut_not_killed no_equiv_mut_not_killed_perc
1 8 3.96875 8 4 4 0.4
1 4 10 35 10 10 1.0
1 5 4 46 4 4 0.4
2 8 4 57 4 4 0.4
3 7 4 61 4 4 0.4
4 8 4 67 4 4 0.4
5 8 4 76 4 4 0.4
6 7 0 85 0 0 0.0
7 4 10 89 10 10 1.0
8 4 6 92 6 6 0.6
9 7 0 94 0 0 0.0
10 6 0 102 0 0 0.0
11 5 4 108 4 4 0.4
12 5 3 117 3 3 0.3
13 4 6 119 6 6 0.6
14 4 6 124 6 6 0.6
15 4 6 126 6 6 0.6
16 4 3 131 3 3 0.3
17 6 0 131 0 0 0.0
18 6 0 133 0 0 0.0
19 5 0 138 0 0 0.0
20 4 3 139 3 3 0.3
21 4 3 141 3 3 0.3
22 4 3 141 3 3 0.3
23 4 3 142 3 3 0.3
24 4 3 149 3 3 0.3
25 4 3 150 3 3 0.3
26 4 2 157 2 2 0.2
27 5 0 159 0 0 0.0
28 4 0 163 0 0 0.0
29 4 0 164 0 0 0.0
30 4 0 171 0 0 0.0
31 4 0 172 0 0 0.0
32 4 0 173 0 0 0.0
33 4 0 175 0 0 0.0
34 4 0 177 0 0 0.0
35 4 0 183 0 0 0.0
36 4 0 187 0 0 0.0
37 4 0 193 0 0 0.0
38 4 0 195 0 0 0.0
39 4 0 199 0 0 0.0
40 4 0 204 0 0 0.0
41 4 0 213 0 0 0.0
42 4 0 218 0 0 0.0
43 4 0 222 0 0 0.0
44 4 0 229 0 0 0.0
45 4 0 234 0 0 0.0
46 4 0 243 0 0 0.0
47 4 0 243 0 0 0.0
48 4 0 246 0 0 0.0
49 4 0 249 0 0 0.0
49 3 4 250 4 4 0.4
50 4 0 254 0 0 0.0
51 4 0 257 0 0 0.0
52 4 0 257 0 0 0.0
53 4 0 259 0 0 0.0
54 4 0 261 0 0 0.0
55 4 0 264 0 0 0.0
56 4 0 266 0 0 0.0
57 4 0 270 0 0 0.0
58 4 0 271 0 0 0.0
59 4 0 274 0 0 0.0
60 4 0 276 0 0 0.0
61 4 0 279 0 0 0.0
62 4 0 286 0 0 0.0
63 4 0 291 0 0 0.0
64 4 0 295 0 0 0.0
65 4 0 296 0 0 0.0
66 4 0 300 0 0 0.0
67 4 0 304 0 0 0.0
68 4 0 306 0 0 0.0
69 4 0 308 0 0 0.0
70 4 0 310 0 0 0.0
71 4 0 316 0 0 0.0
72 4 0 321 0 0 0.0
73 4 0 326 0 0 0.0
74 4 0 329 0 0 0.0
75 4 0 335 0 0 0.0
76 4 0 339 0 0 0.0
77 4 0 341 0 0 0.0
78 4 0 344 0 0 0.0
79 4 0 346 0 0 0.0
80 4 0 348 0 0 0.0
81 4 0 353 0 0 0.0
82 4 0 356 0 0 0.0
83 4 0 358 0 0 0.0
84 4 0 359 0 0 0.0
85 4 0 362 0 0 0.0
86 4 0 365 0 0 0.0
87 4 0 367 0 0 0.0
88 4 0 370 0 0 0.0
89 4 0 370 0 0 0.0
90 4 0 375 0 0 0.0
91 4 0 376 0 0 0.0
92 4 0 379 0 0 0.0
93 4 0 381 0 0 0.0
94 4 0 384 0 0 0.0
95 4 0 388 0 0 0.0
96 4 0 392 0 0 0.0
97 4 0 395 0 0 0.0
98 4 0 398 0 0 0.0
99 4 0 399 0 0 0.0
100 4 0 400 0 0 0.0
101 4 0 402 0 0 0.0
102 4 0 402 0 0 0.0
103 4 0 405 0 0 0.0
104 4 0 409 0 0 0.0
105 4 0 411 0 0 0.0
106 4 0 411 0 0 0.0
107 4 0 414 0 0 0.0
108 4 0 418 0 0 0.0
109 4 0 418 0 0 0.0
110 4 0 421 0 0 0.0
111 4 0 424 0 0 0.0
112 4 0 430 0 0 0.0
113 4 0 435 0 0 0.0
114 4 0 437 0 0 0.0
115 4 0 438 0 0 0.0
116 4 0 440 0 0 0.0
117 4 0 443 0 0 0.0
118 4 0 443 0 0 0.0
119 4 0 448 0 0 0.0
120 4 0 450 0 0 0.0
121 4 0 452 0 0 0.0
122 4 0 455 0 0 0.0
123 4 0 457 0 0 0.0
124 4 0 461 0 0 0.0
125 4 0 461 0 0 0.0
126 4 0 463 0 0 0.0
127 4 0 464 0 0 0.0
128 4 0 466 0 0 0.0
129 4 0 469 0 0 0.0
130 4 0 471 0 0 0.0
131 4 0 473 0 0 0.0
132 4 0 474 0 0 0.0
133 4 0 476 0 0 0.0
134 4 0 478 0 0 0.0
135 4 0 480 0 0 0.0
136 4 0 480 0 0 0.0
137 4 0 481 0 0 0.0
138 4 0 482 0 0 0.0
139 4 0 485 0 0 0.0
140 4 0 486 0 0 0.0
141 4 0 488 0 0 0.0
142 4 0 489 0 0 0.0
143 4 0 490 0 0 0.0
144 4 0 490 0 0 0.0
145 4 0 493 0 0 0.0
146 4 0 500 0 0 0.0
147 4 0 502 0 0 0.0
148 4 0 504 0 0 0.0
149 4 0 511 0 0 0.0
150 4 0 515 0 0 0.0
151 4 0 518 0 0 0.0
152 4 0 520 0 0 0.0
153 4 0 525 0 0 0.0
154 4 0 525 0 0 0.0
155 4 0 526 0 0 0.0
156 4 0 529 0 0 0.0
157 4 0 530 0 0 0.0
158 4 0 533 0 0 0.0
159 4 0 536 0 0 0.0
160 4 0 537 0 0 0.0
161 4 0 539 0 0 0.0
162 4 0 540 0 0 0.0
163 4 0 541 0 0 0.0
164 4 0 542 0 0 0.0
165 4 0 543 0 0 0.0
165 3 4 545 4 4 0.4
166 4 0 547 0 0 0.0
167 4 0 548 0 0 0.0
168 4 0 550 0 0 0.0
169 4 0 550 0 0 0.0
170 4 0 552 0 0 0.0
171 4 0 552 0 0 0.0
172 4 0 554 0 0 0.0
173 4 0 555 0 0 0.0
174 4 0 557 0 0 0.0
175 4 0 559 0 0 0.0
176 4 0 563 0 0 0.0
177 4 0 565 0 0 0.0
178 4 0 568 0 0 0.0
179 4 0 572 0 0 0.0
180 4 0 573 0 0 0.0
181 4 0 573 0 0 0.0
182 4 0 573 0 0 0.0
183 4 0 575 0 0 0.0
184 4 0 577 0 0 0.0
185 4 0 578 0 0 0.0
186 4 0 579 0 0 0.0
187 4 0 580 0 0 0.0
188 4 0 585 0 0 0.0
189 4 0 585 0 0 0.0
190 4 0 585 0 0 0.0
191 4 0 590 0 0 0.0
192 4 0 594 0 0 0.0
193 4 0 597 0 0 0.0
194 4 0 600 0 0 0.0
195 4 0 600 0 0 0.0
196 4 0 601 0 0 0.0
197 4 0 602 0 0 0.0
198 4 0 603 0 0 0.0
199 4 0 604 0 0 0.0
200 4 0 606 0 0 0.0
201 4 0 606 0 0 0.0
202 4 0 607 0 0 0.0
203 4 0 609 0 0 0.0
204 4 0 611 0 0 0.0
205 4 0 612 0 0 0.0
206 4 0 615 0 0 0.0
207 4 0 615 0 0 0.0
208 4 0 618 0 0 0.0
209 4 0 619 0 0 0.0
210 4 0 620 0 0 0.0
211 4 0 624 0 0 0.0
212 4 0 626 0 0 0.0
213 4 0 628 0 0 0.0
214 4 0 629 0 0 0.0
215 4 0 629 0 0 0.0
216 4 0 629 0 0 0.0
217 4 0 631 0 0 0.0
218 4 0 631 0 0 0.0
219 4 0 632 0 0 0.0
220 4 0 632 0 0 0.0
221 4 0 633 0 0 0.0
222 4 0 636 0 0 0.0
223 4 0 638 0 0 0.0
224 4 0 641 0 0 0.0
225 4 0 642 0 0 0.0
226 4 0 643 0 0 0.0
227 4 0 643 0 0 0.0
228 4 0 643 0 0 0.0
229 4 0 645 0 0 0.0
230 4 0 647 0 0 0.0
231 4 0 648 0 0 0.0
232 4 0 651 0 0 0.0
233 4 0 652 0 0 0.0
234 4 0 652 0 0 0.0
235 4 0 655 0 0 0.0
236 4 0 656 0 0 0.0
237 4 0 656 0 0 0.0
238 4 0 657 0 0 0.0
239 4 0 660 0 0 0.0
240 4 0 662 0 0 0.0
241 4 0 663 0 0 0.0
242 4 0 664 0 0 0.0
243 4 0 664 0 0 0.0
244 4 0 671 0 0 0.0
245 4 0 675 0 0 0.0
246 4 0 676 0 0 0.0
247 4 0 678 0 0 0.0
248 4 0 679 0 0 0.0
249 4 0 681 0 0 0.0
250 4 0 681 0 0 0.0
251 4 0 682 0 0 0.0
252 4 0 683 0 0 0.0
253 4 0 684 0 0 0.0
254 4 0 685 0 0 0.0
255 4 0 687 0 0 0.0
256 4 0 689 0 0 0.0
257 4 0 690 0 0 0.0
258 4 0 691 0 0 0.0
259 4 0 691 0 0 0.0
260 4 0 691 0 0 0.0
261 4 0 692 0 0 0.0
262 4 0 693 0 0 0.0
263 4 0 693 0 0 0.0
264 4 0 694 0 0 0.0
265 4 0 695 0 0 0.0
266 4 0 696 0 0 0.0
267 4 0 697 0 0 0.0
268 4 0 697 0 0 0.0
269 4 0 698 0 0 0.0
270 4 0 700 0 0 0.0
271 4 0 700 0 0 0.0
272 4 0 700 0 0 0.0
273 4 0 700 0 0 0.0
274 4 0 700 0 0 0.0
275 4 0 701 0 0 0.0
276 4 0 703 0 0 0.0
277 4 0 703 0 0 0.0
278 4 0 707 0 0 0.0
279 4 0 708 0 0 0.0
280 4 0 708 0 0 0.0
281 4 0 709 0 0 0.0
282 4 0 709 0 0 0.0
283 4 0 710 0 0 0.0
284 4 0 712 0 0 0.0
285 4 0 714 0 0 0.0
286 4 0 716 0 0 0.0
287 4 0 716 0 0 0.0
288 4 0 717 0 0 0.0
289 4 0 718 0 0 0.0
290 4 0 719 0 0 0.0
291 4 0 719 0 0 0.0
292 4 0 719 0 0 0.0
293 4 0 719 0 0 0.0
294 4 0 719 0 0 0.0
295 4 0 721 0 0 0.0
296 4 0 722 0 0 0.0
297 4 0 723 0 0 0.0
298 4 0 723 0 0 0.0
299 4 0 723 0 0 0.0
300 4 0 724 0 0 0.0
301 4 0 724 0 0 0.0
302 4 0 725 0 0 0.0
303 4 0 726 0 0 0.0
304 4 0 728 0 0 0.0
305 4 0 729 0 0 0.0
306 4 0 730 0 0 0.0
307 4 0 730 0 0 0.0
308 4 0 730 0 0 0.0
309 4 0 731 0 0 0.0
310 4 0 733 0 0 0.0
311 4 0 733 0 0 0.0
312 4 0 733 0 0 0.0
313 4 0 735 0 0 0.0
314 4 0 735 0 0 0.0
315 4 0 737 0 0 0.0
316 4 0 738 0 0 0.0
317 4 0 738 0 0 0.0
318 4 0 739 0 0 0.0
319 4 0 740 0 0 0.0
320 4 0 741 0 0 0.0
321 4 0 741 0 0 0.0
322 4 0 744 0 0 0.0
323 4 0 745 0 0 0.0
324 4 0 745 0 0 0.0
325 4 0 745 0 0 0.0
326 4 0 745 0 0 0.0
327 4 0 747 0 0 0.0
328 4 0 748 0 0 0.0
329 4 0 748 0 0 0.0
330 4 0 748 0 0 0.0
331 4 0 749 0 0 0.0
332 4 0 750 0 0 0.0
333 4 0 750 0 0 0.0
334 4 0 751 0 0 0.0
335 4 0 751 0 0 0.0
336 4 0 752 0 0 0.0
337 4 0 752 0 0 0.0
338 4 0 753 0 0 0.0
339 4 0 753 0 0 0.0
340 4 0 755 0 0 0.0
341 4 0 755 0 0 0.0
342 4 0 756 0 0 0.0
343 4 0 758 0 0 0.0
344 4 0 759 0 0 0.0
345 4 0 763 0 0 0.0
346 4 0 763 0 0 0.0
347 4 0 763 0 0 0.0
348 4 0 763 0 0 0.0
349 4 0 763 0 0 0.0
350 4 0 763 0 0 0.0
351 4 0 763 0 0 0.0
352 4 0 765 0 0 0.0
353 4 0 765 0 0 0.0
354 4 0 766 0 0 0.0
355 4 0 767 0 0 0.0
356 4 0 768 0 0 0.0
357 4 0 769 0 0 0.0
358 4 0 770 0 0 0.0
359 4 0 771 0 0 0.0
360 4 0 771 0 0 0.0
361 4 0 772 0 0 0.0
362 4 0 773 0 0 0.0
363 4 0 774 0 0 0.0
364 4 0 774 0 0 0.0
365 4 0 775 0 0 0.0
366 4 0 777 0 0 0.0
367 4 0 778 0 0 0.0
368 4 0 778 0 0 0.0
369 4 0 778 0 0 0.0
370 4 0 778 0 0 0.0
371 4 0 778 0 0 0.0
372 4 0 778 0 0 0.0
373 4 0 779 0 0 0.0
374 4 0 779 0 0 0.0
375 4 0 780 0 0 0.0
376 4 0 780 0 0 0.0
377 4 0 780 0 0 0.0
378 4 0 780 0 0 0.0
379 4 0 780 0 0 0.0
380 4 0 781 0 0 0.0
381 4 0 783 0 0 0.0
382 4 0 784 0 0 0.0
383 4 0 784 0 0 0.0
384 4 0 784 0 0 0.0
385 4 0 786 0 0 0.0
386 4 0 786 0 0 0.0
387 4 0 786 0 0 0.0
388 4 0 786 0 0 0.0
389 4 0 786 0 0 0.0
390 4 0 787 0 0 0.0
391 4 0 788 0 0 0.0
392 4 0 788 0 0 0.0
393 4 0 790 0 0 0.0
394 4 0 790 0 0 0.0
395 4 0 790 0 0 0.0
396 4 0 791 0 0 0.0
397 4 0 791 0 0 0.0
398 4 0 792 0 0 0.0
399 4 0 792 0 0 0.0
400 4 0 793 0 0 0.0
401 4 0 794 0 0 0.0
402 4 0 796 0 0 0.0
403 4 0 796 0 0 0.0
404 4 0 797 0 0 0.0
405 4 0 797 0 0 0.0
406 4 0 798 0 0 0.0
407 4 0 798 0 0 0.0
408 4 0 798 0 0 0.0
409 4 0 799 0 0 0.0
410 4 0 799 0 0 0.0
411 4 0 799 0 0 0.0
412 4 0 799 0 0 0.0
413 4 0 799 0 0 0.0
414 4 0 801 0 0 0.0
415 4 0 802 0 0 0.0
416 4 0 802 0 0 0.0
417 4 0 803 0 0 0.0
418 4 0 805 0 0 0.0
419 4 0 805 0 0 0.0
420 4 0 807 0 0 0.0
421 4 0 810 0 0 0.0
422 4 0 810 0 0 0.0
423 4 0 810 0 0 0.0
424 4 0 810 0 0 0.0
425 4 0 810 0 0 0.0
426 4 0 810 0 0 0.0
427 4 0 810 0 0 0.0
428 4 0 810 0 0 0.0
429 4 0 811 0 0 0.0
430 4 0 811 0 0 0.0
431 4 0 812 0 0 0.0
432 4 0 813 0 0 0.0
433 4 0 813 0 0 0.0
434 4 0 813 0 0 0.0
435 4 0 814 0 0 0.0
436 4 0 814 0 0 0.0
437 4 0 815 0 0 0.0
438 4 0 815 0 0 0.0
439 4 0 815 0 0 0.0
440 4 0 815 0 0 0.0
441 4 0 816 0 0 0.0
442 4 0 816 0 0 0.0
443 4 0 816 0 0 0.0
444 4 0 818 0 0 0.0
445 4 0 819 0 0 0.0
446 4 0 819 0 0 0.0
447 4 0 821 0 0 0.0
448 4 0 823 0 0 0.0
449 4 0 823 0 0 0.0
450 4 0 823 0 0 0.0
451 4 0 824 0 0 0.0
452 4 0 825 0 0 0.0
453 4 0 826 0 0 0.0
454 4 0 826 0 0 0.0
455 4 0 827 0 0 0.0
456 4 0 827 0 0 0.0
457 4 0 827 0 0 0.0
458 4 0 830 0 0 0.0
459 4 0 830 0 0 0.0
460 4 0 832 0 0 0.0
461 4 0 833 0 0 0.0
462 4 0 833 0 0 0.0
463 4 0 833 0 0 0.0
464 4 0 834 0 0 0.0
465 4 0 835 0 0 0.0
466 4 0 838 0 0 0.0
467 4 0 838 0 0 0.0
468 4 0 839 0 0 0.0
469 4 0 841 0 0 0.0
470 4 0 841 0 0 0.0
471 4 0 842 0 0 0.0
472 4 0 842 0 0 0.0
473 4 0 842 0 0 0.0
474 4 0 842 0 0 0.0
475 4 0 842 0 0 0.0
476 4 0 842 0 0 0.0
477 4 0 842 0 0 0.0
478 4 0 842 0 0 0.0
479 4 0 842 0 0 0.0
480 4 0 842 0 0 0.0
481 4 0 842 0 0 0.0
482 4 0 842 0 0 0.0
483 4 0 843 0 0 0.0
484 4 0 844 0 0 0.0
485 4 0 844 0 0 0.0
486 4 0 844 0 0 0.0
487 4 0 844 0 0 0.0
488 4 0 847 0 0 0.0
489 4 0 847 0 0 0.0
490 4 0 847 0 0 0.0
491 4 0 848 0 0 0.0
492 4 0 848 0 0 0.0
493 4 0 848 0 0 0.0
494 4 0 848 0 0 0.0
495 4 0 848 0 0 0.0
496 4 0 848 0 0 0.0
497 4 0 848 0 0 0.0
498 4 0 848 0 0 0.0
499 4 0 849 0 0 0.0
500 4 0 849 0 0 0.0
501 4 0 851 0 0 0.0
502 4 0 851 0 0 0.0
503 4 0 851 0 0 0.0
504 4 0 851 0 0 0.0
505 4 0 853 0 0 0.0
506 4 0 853 0 0 0.0
506 3 10 853 10 10 1.0
507 4 0 853 0 0 0.0
508 4 0 855 0 0 0.0
509 4 0 855 0 0 0.0
510 4 0 855 0 0 0.0
511 4 0 855 0 0 0.0
512 4 0 856 0 0 0.0
513 4 0 856 0 0 0.0
514 4 0 858 0 0 0.0
515 4 0 858 0 0 0.0
516 4 0 859 0 0 0.0
517 4 0 860 0 0 0.0
518 4 0 860 0 0 0.0
519 4 0 861 0 0 0.0
520 4 0 861 0 0 0.0
521 4 0 861 0 0 0.0
522 4 0 862 0 0 0.0
523 4 0 863 0 0 0.0
524 4 0 863 0 0 0.0
525 4 0 863 0 0 0.0
526 4 0 864 0 0 0.0
527 4 0 864 0 0 0.0
528 4 0 865 0 0 0.0
529 4 0 866 0 0 0.0
530 4 0 866 0 0 0.0
531 4 0 866 0 0 0.0
532 4 0 867 0 0 0.0
533 4 0 867 0 0 0.0
534 4 0 867 0 0 0.0
535 4 0 867 0 0 0.0
536 4 0 868 0 0 0.0
537 4 0 869 0 0 0.0
538 4 0 869 0 0 0.0
539 4 0 870 0 0 0.0
540 4 0 870 0 0 0.0
541 4 0 870 0 0 0.0
542 4 0 870 0 0 0.0
543 4 0 870 0 0 0.0
544 4 0 870 0 0 0.0
545 4 0 870 0 0 0.0
546 4 0 871 0 0 0.0
547 4 0 871 0 0 0.0
548 4 0 872 0 0 0.0
549 4 0 872 0 0 0.0
550 4 0 872 0 0 0.0
551 4 0 872 0 0 0.0
552 4 0 873 0 0 0.0
553 4 0 874 0 0 0.0
554 4 0 874 0 0 0.0
555 4 0 875 0 0 0.0
556 4 0 875 0 0 0.0
557 4 0 875 0 0 0.0
558 4 0 875 0 0 0.0
559 4 0 875 0 0 0.0
560 4 0 875 0 0 0.0
561 4 0 875 0 0 0.0
562 4 0 875 0 0 0.0
563 4 0 875 0 0 0.0
564 4 0 875 0 0 0.0
565 4 0 876 0 0 0.0
566 4 0 876 0 0 0.0
567 4 0 876 0 0 0.0
568 4 0 877 0 0 0.0
569 4 0 877 0 0 0.0
570 4 0 877 0 0 0.0
571 4 0 877 0 0 0.0
572 4 0 878 0 0 0.0
573 4 0 878 0 0 0.0
574 4 0 878 0 0 0.0
575 4 0 878 0 0 0.0
576 4 0 878 0 0 0.0
577 4 0 878 0 0 0.0
578 4 0 878 0 0 0.0
579 4 0 879 0 0 0.0
580 4 0 880 0 0 0.0
581 4 0 880 0 0 0.0
582 4 0 880 0 0 0.0
583 4 0 880 0 0 0.0
584 4 0 881 0 0 0.0
585 4 0 881 0 0 0.0
586 4 0 882 0 0 0.0
587 4 0 882 0 0 0.0
588 4 0 883 0 0 0.0
589 4 0 883 0 0 0.0
590 4 0 883 0 0 0.0
591 4 0 883 0 0 0.0
592 4 0 883 0 0 0.0
593 4 0 883 0 0 0.0
594 4 0 884 0 0 0.0
595 4 0 884 0 0 0.0
596 4 0 885 0 0 0.0
597 4 0 886 0 0 0.0
598 4 0 887 0 0 0.0
599 4 0 887 0 0 0.0
600 4 0 887 0 0 0.0
601 4 0 888 0 0 0.0
602 4 0 888 0 0 0.0
603 4 0 888 0 0 0.0
604 4 0 888 0 0 0.0
605 4 0 888 0 0 0.0
606 4 0 889 0 0 0.0
607 4 0 889 0 0 0.0
608 4 0 889 0 0 0.0
609 4 0 889 0 0 0.0
610 4 0 890 0 0 0.0
611 4 0 891 0 0 0.0
612 4 0 893 0 0 0.0
613 4 0 893 0 0 0.0
614 4 0 893 0 0 0.0
615 4 0 893 0 0 0.0
616 4 0 893 0 0 0.0
617 4 0 893 0 0 0.0
618 4 0 893 0 0 0.0
619 4 0 893 0 0 0.0
620 4 0 893 0 0 0.0
621 4 0 893 0 0 0.0
622 4 0 894 0 0 0.0
623 4 0 895 0 0 0.0
624 4 0 895 0 0 0.0
625 4 0 895 0 0 0.0
626 4 0 896 0 0 0.0
627 4 0 897 0 0 0.0
628 4 0 897 0 0 0.0
629 4 0 897 0 0 0.0
630 4 0 897 0 0 0.0
631 4 0 897 0 0 0.0
632 4 0 897 0 0 0.0
633 4 0 897 0 0 0.0
634 4 0 897 0 0 0.0
635 4 0 897 0 0 0.0
636 4 0 897 0 0 0.0
637 4 0 899 0 0 0.0
638 4 0 899 0 0 0.0
639 4 0 899 0 0 0.0
640 4 0 900 0 0 0.0
641 4 0 900 0 0 0.0
642 4 0 900 0 0 0.0
643 4 0 900 0 0 0.0
644 4 0 900 0 0 0.0
645 4 0 900 0 0 0.0
646 4 0 900 0 0 0.0
647 4 0 900 0 0 0.0
648 4 0 900 0 0 0.0
649 4 0 900 0 0 0.0
650 4 0 900 0 0 0.0
651 4 0 901 0 0 0.0
652 4 0 901 0 0 0.0
653 4 0 901 0 0 0.0
654 4 0 901 0 0 0.0
655 4 0 901 0 0 0.0
656 4 0 901 0 0 0.0
657 4 0 901 0 0 0.0
658 4 0 901 0 0 0.0
659 4 0 901 0 0 0.0
660 4 0 901 0 0 0.0
661 4 0 901 0 0 0.0
662 4 0 901 0 0 0.0
663 4 0 901 0 0 0.0
664 4 0 901 0 0 0.0
665 4 0 901 0 0 0.0
666 4 0 901 0 0 0.0
667 4 0 901 0 0 0.0
668 4 0 901 0 0 0.0
669 4 0 901 0 0 0.0
670 4 0 901 0 0 0.0
671 4 0 901 0 0 0.0
672 4 0 901 0 0 0.0
673 4 0 901 0 0 0.0
674 4 0 901 0 0 0.0
675 4 0 901 0 0 0.0
676 4 0 902 0 0 0.0
677 4 0 902 0 0 0.0
678 4 0 902 0 0 0.0
679 4 0 902 0 0 0.0
680 4 0 902 0 0 0.0
681 4 0 902 0 0 0.0
682 4 0 902 0 0 0.0
683 4 0 904 0 0 0.0
684 4 0 904 0 0 0.0
685 4 0 904 0 0 0.0
686 4 0 904 0 0 0.0
687 4 0 904 0 0 0.0
688 4 0 904 0 0 0.0
689 4 0 904 0 0 0.0
690 4 0 904 0 0 0.0
691 4 0 904 0 0 0.0
692 4 0 904 0 0 0.0
693 4 0 904 0 0 0.0
694 4 0 904 0 0 0.0
695 4 0 904 0 0 0.0
696 4 0 904 0 0 0.0
697 4 0 904 0 0 0.0
698 4 0 905 0 0 0.0
699 4 0 905 0 0 0.0
700 4 0 905 0 0 0.0
701 4 0 905 0 0 0.0
702 4 0 905 0 0 0.0
703 4 0 905 0 0 0.0
704 4 0 905 0 0 0.0
705 4 0 905 0 0 0.0
706 4 0 906 0 0 0.0
707 4 0 906 0 0 0.0
708 4 0 907 0 0 0.0
709 4 0 907 0 0 0.0
710 4 0 907 0 0 0.0
711 4 0 907 0 0 0.0
712 4 0 907 0 0 0.0
713 4 0 907 0 0 0.0
714 4 0 907 0 0 0.0
715 4 0 907 0 0 0.0
715 3 3 907 3 3 0.3
716 4 0 908 0 0 0.0
717 4 0 908 0 0 0.0
718 4 0 908 0 0 0.0
719 4 0 910 0 0 0.0
720 4 0 911 0 0 0.0
721 4 0 911 0 0 0.0
722 4 0 911 0 0 0.0
723 4 0 911 0 0 0.0
724 4 0 911 0 0 0.0
725 4 0 911 0 0 0.0
726 4 0 912 0 0 0.0
727 4 0 912 0 0 0.0
728 4 0 912 0 0 0.0
729 4 0 912 0 0 0.0
730 4 0 912 0 0 0.0
731 4 0 913 0 0 0.0
732 4 0 913 0 0 0.0
733 4 0 913 0 0 0.0
734 4 0 913 0 0 0.0
735 4 0 914 0 0 0.0
736 4 0 915 0 0 0.0
737 4 0 915 0 0 0.0
738 4 0 915 0 0 0.0
739 4 0 915 0 0 0.0
740 4 0 915 0 0 0.0
741 4 0 915 0 0 0.0
742 4 0 915 0 0 0.0
743 4 0 915 0 0 0.0
744 4 0 915 0 0 0.0
745 4 0 915 0 0 0.0
746 4 0 916 0 0 0.0
747 4 0 916 0 0 0.0
748 4 0 916 0 0 0.0
749 4 0 916 0 0 0.0
750 4 0 916 0 0 0.0
751 4 0 916 0 0 0.0
752 4 0 916 0 0 0.0
753 4 0 916 0 0 0.0
754 4 0 916 0 0 0.0
755 4 0 918 0 0 0.0
756 4 0 921 0 0 0.0
757 4 0 921 0 0 0.0
758 4 0 923 0 0 0.0
759 4 0 923 0 0 0.0
760 4 0 924 0 0 0.0
761 4 0 924 0 0 0.0
762 4 0 924 0 0 0.0
763 4 0 924 0 0 0.0
764 4 0 925 0 0 0.0
765 4 0 925 0 0 0.0
766 4 0 925 0 0 0.0
767 4 0 925 0 0 0.0
768 4 0 925 0 0 0.0
769 4 0 925 0 0 0.0
770 4 0 925 0 0 0.0
771 4 0 925 0 0 0.0
772 4 0 925 0 0 0.0
773 4 0 925 0 0 0.0
774 4 0 926 0 0 0.0
775 4 0 926 0 0 0.0
776 4 0 926 0 0 0.0
777 4 0 926 0 0 0.0
778 4 0 926 0 0 0.0
779 4 0 926 0 0 0.0
780 4 0 927 0 0 0.0
781 4 0 928 0 0 0.0
782 4 0 928 0 0 0.0
783 4 0 928 0 0 0.0
784 4 0 928 0 0 0.0
785 4 0 928 0 0 0.0
786 4 0 928 0 0 0.0
787 4 0 928 0 0 0.0
788 4 0 928 0 0 0.0
789 4 0 929 0 0 0.0
790 4 0 929 0 0 0.0
791 4 0 929 0 0 0.0
792 4 0 929 0 0 0.0
793 4 0 929 0 0 0.0
794 4 0 930 0 0 0.0
795 4 0 930 0 0 0.0
796 4 0 930 0 0 0.0
797 4 0 930 0 0 0.0
798 4 0 931 0 0 0.0
799 4 0 931 0 0 0.0
800 4 0 931 0 0 0.0
801 4 0 931 0 0 0.0
802 4 0 931 0 0 0.0
803 4 0 931 0 0 0.0
804 4 0 931 0 0 0.0
805 4 0 931 0 0 0.0
806 4 0 931 0 0 0.0
807 4 0 931 0 0 0.0
808 4 0 931 0 0 0.0
809 4 0 931 0 0 0.0
810 4 0 932 0 0 0.0
811 4 0 934 0 0 0.0
812 4 0 934 0 0 0.0
813 4 0 934 0 0 0.0
814 4 0 935 0 0 0.0
815 4 0 935 0 0 0.0
816 4 0 935 0 0 0.0
817 4 0 935 0 0 0.0
818 4 0 935 0 0 0.0
819 4 0 935 0 0 0.0
820 4 0 937 0 0 0.0
821 4 0 937 0 0 0.0
822 4 0 938 0 0 0.0
823 4 0 938 0 0 0.0
824 4 0 938 0 0 0.0
825 4 0 938 0 0 0.0
826 4 0 939 0 0 0.0
827 4 0 939 0 0 0.0
828 4 0 939 0 0 0.0
829 4 0 939 0 0 0.0
830 4 0 940 0 0 0.0
831 4 0 940 0 0 0.0
832 4 0 940 0 0 0.0
833 4 0 940 0 0 0.0
834 4 0 940 0 0 0.0
835 4 0 940 0 0 0.0
836 4 0 940 0 0 0.0
837 4 0 940 0 0 0.0
838 4 0 940 0 0 0.0
839 4 0 940 0 0 0.0
840 4 0 940 0 0 0.0
841 4 0 940 0 0 0.0
842 4 0 940 0 0 0.0
843 4 0 940 0 0 0.0
844 4 0 940 0 0 0.0
845 4 0 940 0 0 0.0
846 4 0 940 0 0 0.0
847 4 0 940 0 0 0.0
848 4 0 940 0 0 0.0
849 4 0 940 0 0 0.0
850 4 0 940 0 0 0.0
851 4 0 940 0 0 0.0
852 4 0 940 0 0 0.0
853 4 0 940 0 0 0.0
854 4 0 940 0 0 0.0
855 4 0 941 0 0 0.0
856 4 0 941 0 0 0.0
857 4 0 941 0 0 0.0
858 4 0 942 0 0 0.0
859 4 0 943 0 0 0.0
860 4 0 944 0 0 0.0
861 3 0 944 0 0 0.0
862 3 0 944 0 0 0.0
863 3 0 944 0 0 0.0
864 3 0 944 0 0 0.0
865 3 0 944 0 0 0.0
866 3 0 944 0 0 0.0
867 3 0 944 0 0 0.0
868 3 0 944 0 0 0.0
869 3 0 945 0 0 0.0
870 3 0 945 0 0 0.0
871 3 0 945 0 0 0.0
872 3 0 945 0 0 0.0
873 3 0 945 0 0 0.0
874 3 0 945 0 0 0.0
875 3 0 945 0 0 0.0
876 3 0 945 0 0 0.0
877 3 0 945 0 0 0.0
878 3 0 945 0 0 0.0
879 3 0 945 0 0 0.0
880 3 0 946 0 0 0.0
881 3 0 946 0 0 0.0
882 3 0 946 0 0 0.0
883 3 0 946 0 0 0.0
884 3 0 946 0 0 0.0
885 3 0 946 0 0 0.0
886 3 0 946 0 0 0.0
887 3 0 948 0 0 0.0
888 3 0 948 0 0 0.0
889 3 0 949 0 0 0.0
890 3 0 949 0 0 0.0
891 3 0 950 0 0 0.0
892 3 0 950 0 0 0.0
893 3 0 950 0 0 0.0
894 3 0 950 0 0 0.0
895 3 0 950 0 0 0.0
896 3 0 950 0 0 0.0
897 3 0 950 0 0 0.0
898 3 0 950 0 0 0.0
899 3 0 950 0 0 0.0
900 3 0 950 0 0 0.0
901 3 0 950 0 0 0.0
902 3 0 950 0 0 0.0
903 3 0 951 0 0 0.0
904 3 0 951 0 0 0.0
905 3 0 951 0 0 0.0
906 3 0 952 0 0 0.0
907 3 0 952 0 0 0.0
908 3 0 952 0 0 0.0
909 3 0 952 0 0 0.0
910 3 0 953 0 0 0.0
911 3 0 954 0 0 0.0
912 3 0 954 0 0 0.0
913 3 0 954 0 0 0.0
914 3 0 954 0 0 0.0
915 3 0 954 0 0 0.0
916 3 0 954 0 0 0.0
917 3 0 954 0 0 0.0
918 3 0 954 0 0 0.0
919 3 0 954 0 0 0.0
920 3 0 955 0 0 0.0
921 3 0 955 0 0 0.0
922 3 0 955 0 0 0.0
923 3 0 955 0 0 0.0
924 3 0 955 0 0 0.0
925 3 0 955 0 0 0.0
926 3 0 955 0 0 0.0
927 3 0 955 0 0 0.0
928 3 0 955 0 0 0.0
929 3 0 955 0 0 0.0
930 3 0 955 0 0 0.0
931 3 0 955 0 0 0.0
932 3 0 955 0 0 0.0
933 3 0 955 0 0 0.0
934 3 0 955 0 0 0.0
935 3 0 955 0 0 0.0
936 3 0 955 0 0 0.0
937 3 0 955 0 0 0.0
938 3 0 956 0 0 0.0
939 3 0 957 0 0 0.0
940 3 0 957 0 0 0.0
941 3 0 958 0 0 0.0
942 3 0 958 0 0 0.0
943 3 0 958 0 0 0.0
944 3 0 958 0 0 0.0
945 3 0 958 0 0 0.0
946 3 0 958 0 0 0.0
947 3 0 958 0 0 0.0
948 3 0 958 0 0 0.0
949 3 0 958 0 0 0.0
950 3 0 958 0 0 0.0
951 3 0 958 0 0 0.0
952 3 0 958 0 0 0.0
953 3 0 958 0 0 0.0
954 3 0 958 0 0 0.0
955 3 0 958 0 0 0.0
956 3 0 958 0 0 0.0
957 3 0 958 0 0 0.0
958 3 0 958 0 0 0.0
959 3 0 958 0 0 0.0
960 3 0 958 0 0 0.0
961 3 0 958 0 0 0.0
962 3 0 958 0 0 0.0
963 3 0 958 0 0 0.0
964 3 0 958 0 0 0.0
965 3 0 958 0 0 0.0
966 3 0 958 0 0 0.0
967 3 0 958 0 0 0.0
968 3 0 959 0 0 0.0
969 3 0 959 0 0 0.0
970 3 0 960 0 0 0.0
971 3 0 960 0 0 0.0
972 3 0 960 0 0 0.0
973 3 0 960 0 0 0.0
974 3 0 960 0 0 0.0
975 3 0 960 0 0 0.0
976 3 0 960 0 0 0.0
977 3 0 960 0 0 0.0
978 3 0 960 0 0 0.0
979 3 0 961 0 0 0.0
980 3 0 961 0 0 0.0
981 3 0 962 0 0 0.0
982 3 0 962 0 0 0.0
983 3 0 962 0 0 0.0
984 3 0 962 0 0 0.0
985 3 0 962 0 0 0.0
986 3 0 962 0 0 0.0
987 3 0 962 0 0 0.0
988 3 0 962 0 0 0.0
989 3 0 962 0 0 0.0
990 3 0 962 0 0 0.0
991 3 0 962 0 0 0.0
992 3 0 963 0 0 0.0
993 3 0 963 0 0 0.0
994 3 0 963 0 0 0.0
995 3 0 963 0 0 0.0
996 3 0 963 0 0 0.0
997 3 0 963 0 0 0.0
998 3 0 963 0 0 0.0
999 3 0 963 0 0 0.0
1000 3 0 963 0 0 0.0
