gen testSuiteSize notKilledMutants number_of_tests no_discount_objective no_equiv_mut_not_killed no_equiv_mut_not_killed_perc
1 5 7.8359375 21 8 7 0.7777777777777778
1 2 9.7734375 29 10 9 1.0
1 3 9.71875 36 10 9 1.0
1 4 9.6875 40 10 9 1.0
2 2 9.6875 40 10 9 1.0
3 5 7.6484375 45 8 7 0.7777777777777778
4 2 9.6328125 47 10 9 1.0
5 5 7.625 48 8 7 0.7777777777777778
5 4 9.625 48 10 9 1.0
6 2 9.6171875 49 10 9 1.0
7 4 9.578125 54 10 9 1.0
7 5 7.5625 56 8 7 0.7777777777777778
8 2 9.546875 58 10 9 1.0
9 5 7.53125 60 8 7 0.7777777777777778
10 2 9.5078125 63 10 9 1.0
11 5 7.4765625 67 8 7 0.7777777777777778
12 1 9.4765625 67 10 9 1.0
13 5 7.4375 72 8 7 0.7777777777777778
14 1 9.4375 72 10 9 1.0
15 5 7.3984375 77 8 7 0.7777777777777778
16 1 9.3984375 77 10 9 1.0
17 4 9.3984375 77 10 9 1.0
17 5 0.9208984375 81 1 0 0.0
18 2 7.919921875 82 8 7 0.7777777777777778
18 1 9.9169921875 85 10 9 1.0
19 1 9.9150390625 87 10 9 1.0
20 1 9.9150390625 87 10 9 1.0
21 1 9.9140625 88 10 9 1.0
22 1 9.9130859375 89 10 9 1.0
23 1 9.9130859375 89 10 9 1.0
24 1 9.9111328125 91 10 9 1.0
25 1 9.91015625 92 10 9 1.0
26 1 9.908203125 94 10 9 1.0
26 2 9.9072265625 95 10 9 1.0
27 1 9.90625 96 10 9 1.0
28 1 9.90625 96 10 9 1.0
29 1 9.904296875 98 10 9 1.0
30 1 9.9033203125 99 10 9 1.0
31 1 9.90234375 100 10 9 1.0
32 1 9.900390625 102 10 9 1.0
33 1 9.8994140625 103 10 9 1.0
34 1 9.8994140625 103 10 9 1.0
35 1 9.8994140625 103 10 9 1.0
36 1 9.8984375 104 10 9 1.0
37 1 9.8974609375 105 10 9 1.0
38 0 9.896484375 106 10 9 1.0
39 5 0.8916015625 111 1 0 0.0
40 0 9.890625 112 10 9 1.0
41 5 0.888671875 114 1 0 0.0
42 0 9.888671875 114 10 9 1.0
43 5 0.8857421875 117 1 0 0.0
44 0 9.8857421875 117 10 9 1.0
45 5 0.8837890625 119 1 0 0.0
46 0 9.8837890625 119 10 9 1.0
47 5 0.876953125 126 1 0 0.0
48 1 6.8759765625 127 7 6 0.6666666666666666
48 0 9.8759765625 127 10 9 1.0
49 4 9.873046875 130 10 9 1.0
49 5 0.8720703125 131 1 0 0.0
50 0 9.8720703125 131 10 9 1.0
50 1 6.8701171875 133 7 6 0.6666666666666666
51 5 0.8681640625 135 1 0 0.0
52 0 9.8681640625 135 10 9 1.0
53 5 0.865234375 138 1 0 0.0
54 0 9.86328125 140 10 9 1.0
55 1 6.8623046875 141 7 6 0.6666666666666666
56 4 9.861328125 142 10 9 1.0
56 5 0.8603515625 143 1 0 0.0
57 0 9.8603515625 143 10 9 1.0
58 5 0.8564453125 147 1 0 0.0
59 0 9.85546875 148 10 9 1.0
59 1 9.8544921875 149 10 9 1.0
60 5 0.8505859375 153 1 0 0.0
61 0 9.8505859375 153 10 9 1.0
62 5 0.8466796875 157 1 0 0.0
63 0 9.8447265625 159 10 9 1.0
64 4 0.84375 160 1 0 0.0
65 0 9.8427734375 161 10 9 1.0
66 3 9.8427734375 161 10 9 1.0
66 4 0.8427734375 161 1 0 0.0
67 0 9.841796875 162 10 9 1.0
68 4 0.833984375 170 1 0 0.0
68 3 9.833984375 170 10 9 1.0
69 0 9.8330078125 171 10 9 1.0
70 4 0.830078125 174 1 0 0.0
71 1 5.8291015625 175 6 5 0.5555555555555556
71 0 9.8291015625 175 10 9 1.0
72 4 0.8271484375 177 1 0 0.0
72 3 9.8271484375 177 10 9 1.0
73 1 5.8271484375 177 6 5 0.5555555555555556
74 0 9.8251953125 179 10 9 1.0
75 3 9.8251953125 179 10 9 1.0
75 4 0.8251953125 179 1 0 0.0
76 0 9.8251953125 179 10 9 1.0
77 0 9.8251953125 179 10 9 1.0
78 1 7.8232421875 181 8 7 0.7777777777777778
78 0 9.8232421875 181 10 9 1.0
79 4 0.8212890625 183 1 0 0.0
80 0 9.8212890625 183 10 9 1.0
81 4 0.8154296875 189 1 0 0.0
82 0 9.8154296875 189 10 9 1.0
83 4 0.814453125 190 1 0 0.0
84 0 9.814453125 190 10 9 1.0
85 4 0.810546875 194 1 0 0.0
86 0 9.810546875 194 10 9 1.0
86 1 6.810546875 194 7 6 0.6666666666666666
87 4 0.8056640625 199 1 0 0.0
88 0 9.8046875 200 10 9 1.0
89 4 0.8017578125 203 1 0 0.0
90 0 9.80078125 204 10 9 1.0
90 1 0.80078125 204 1 0 0.0
91 0 9.80078125 204 10 9 1.0
92 0 9.80078125 204 10 9 1.0
93 0 9.80078125 204 10 9 1.0
94 0 9.7998046875 205 10 9 1.0
95 1 0.7998046875 205 1 0 0.0
96 0 9.798828125 206 10 9 1.0
97 1 0.798828125 206 1 0 0.0
98 0 9.7978515625 207 10 9 1.0
98 1 8.7978515625 207 9 8 0.8888888888888888
99 1 0.796875 208 1 0 0.0
100 0 9.7958984375 209 10 9 1.0
101 1 0.794921875 210 1 0 0.0
102 0 9.7939453125 211 10 9 1.0
103 0 9.7939453125 211 10 9 1.0
103 1 0.7919921875 213 1 0 0.0
104 0 9.7919921875 213 10 9 1.0
105 1 0.791015625 214 1 0 0.0
106 0 9.791015625 214 10 9 1.0
106 2 9.7890625 216 10 9 1.0
107 1 0.7890625 216 1 0 0.0
107 0 9.7890625 216 10 9 1.0
108 1 0.787109375 218 1 0 0.0
109 0 9.787109375 218 10 9 1.0
110 1 0.787109375 218 1 0 0.0
110 0 9.787109375 218 10 9 1.0
111 1 0.787109375 218 1 0 0.0
112 0 9.7861328125 219 10 9 1.0
112 1 0.78515625 220 1 0 0.0
113 0 9.78515625 220 10 9 1.0
114 1 0.78515625 220 1 0 0.0
115 1 0.78515625 220 1 0 0.0
115 2 0.7841796875 221 1 0 0.0
116 0 9.7841796875 221 10 9 1.0
117 1 0.7841796875 221 1 0 0.0
117 2 0.7822265625 223 1 0 0.0
118 0 9.7822265625 223 10 9 1.0
119 2 0.7822265625 223 1 0 0.0
119 1 9.7822265625 223 10 9 1.0
120 2 0.7822265625 223 1 0 0.0
120 1 9.7822265625 223 10 9 1.0
121 2 0.7822265625 223 1 0 0.0
122 1 0.7802734375 225 1 0 0.0
123 0 9.7802734375 225 10 9 1.0
124 1 0.779296875 226 1 0 0.0
125 0 9.779296875 226 10 9 1.0
126 0 9.779296875 226 10 9 1.0
126 1 0.7783203125 227 1 0 0.0
127 0 9.7763671875 229 10 9 1.0
128 1 0.7763671875 229 1 0 0.0
129 0 9.7763671875 229 10 9 1.0
130 0 9.7763671875 229 10 9 1.0
131 0 9.7763671875 229 10 9 1.0
132 0 9.7763671875 229 10 9 1.0
132 1 9.775390625 230 10 9 1.0
133 0 9.7744140625 231 10 9 1.0
134 1 0.7744140625 231 1 0 0.0
135 0 9.7744140625 231 10 9 1.0
136 0 9.7744140625 231 10 9 1.0
137 0 9.7744140625 231 10 9 1.0
138 0 9.7744140625 231 10 9 1.0
139 0 9.7744140625 231 10 9 1.0
140 0 9.7744140625 231 10 9 1.0
141 0 9.7744140625 231 10 9 1.0
142 0 9.7744140625 231 10 9 1.0
143 0 9.7734375 232 10 9 1.0
144 0 9.7724609375 233 10 9 1.0
144 1 0.7724609375 233 1 0 0.0
145 0 9.7724609375 233 10 9 1.0
146 0 9.7724609375 233 10 9 1.0
146 1 6.7724609375 233 7 6 0.6666666666666666
147 0 9.7724609375 233 10 9 1.0
147 1 7.7724609375 233 8 7 0.7777777777777778
148 0 9.771484375 234 10 9 1.0
149 1 0.76953125 236 1 0 0.0
150 0 9.76953125 236 10 9 1.0
151 1 0.76953125 236 1 0 0.0
151 2 0.7685546875 237 1 0 0.0
152 0 9.7685546875 237 10 9 1.0
153 2 0.7685546875 237 1 0 0.0
153 1 9.7685546875 237 10 9 1.0
154 2 0.767578125 238 1 0 0.0
155 0 9.767578125 238 10 9 1.0
156 2 0.767578125 238 1 0 0.0
156 1 9.767578125 238 10 9 1.0
157 2 0.767578125 238 1 0 0.0
158 2 0.7646484375 241 1 0 0.0
159 0 9.763671875 242 10 9 1.0
160 2 0.763671875 242 1 0 0.0
161 0 9.763671875 242 10 9 1.0
162 0 9.763671875 242 10 9 1.0
163 0 9.763671875 242 10 9 1.0
164 0 9.763671875 242 10 9 1.0
165 0 9.763671875 242 10 9 1.0
166 1 8.76171875 244 9 8 0.8888888888888888
166 0 9.76171875 244 10 9 1.0
167 1 9.76171875 244 10 9 1.0
167 2 0.759765625 246 1 0 0.0
168 1 0.759765625 246 1 0 0.0
169 0 9.7587890625 247 10 9 1.0
170 1 0.7578125 248 1 0 0.0
171 0 9.7568359375 249 10 9 1.0
172 1 0.755859375 250 1 0 0.0
172 0 9.755859375 250 10 9 1.0
173 1 0.755859375 250 1 0 0.0
174 1 0.755859375 250 1 0 0.0
174 0 9.755859375 250 10 9 1.0
175 1 0.755859375 250 1 0 0.0
175 0 9.755859375 250 10 9 1.0
176 1 0.7548828125 251 1 0 0.0
177 0 9.7548828125 251 10 9 1.0
178 0 9.7548828125 251 10 9 1.0
178 1 0.75390625 252 1 0 0.0
179 0 9.75390625 252 10 9 1.0
180 0 9.7529296875 253 10 9 1.0
180 1 0.7529296875 253 1 0 0.0
181 0 9.751953125 254 10 9 1.0
182 1 0.751953125 254 1 0 0.0
183 0 9.751953125 254 10 9 1.0
183 1 8.751953125 254 9 8 0.8888888888888888
184 0 9.75 256 10 9 1.0
185 1 0.75 256 1 0 0.0
186 0 9.7490234375 257 10 9 1.0
186 1 7.7490234375 257 8 7 0.7777777777777778
187 1 0.7490234375 257 1 0 0.0
188 0 9.7490234375 257 10 9 1.0
189 0 9.748046875 258 10 9 1.0
189 1 7.748046875 258 8 7 0.7777777777777778
190 0 9.748046875 258 10 9 1.0
190 1 0.748046875 258 1 0 0.0
191 0 9.748046875 258 10 9 1.0
192 0 9.748046875 258 10 9 1.0
193 0 9.748046875 258 10 9 1.0
194 0 9.748046875 258 10 9 1.0
195 0 9.7470703125 259 10 9 1.0
196 1 0.7470703125 259 1 0 0.0
197 0 9.7470703125 259 10 9 1.0
198 0 9.74609375 260 10 9 1.0
199 1 0.7451171875 261 1 0 0.0
199 0 9.7451171875 261 10 9 1.0
200 1 0.7451171875 261 1 0 0.0
200 0 9.7451171875 261 10 9 1.0
201 1 0.7451171875 261 1 0 0.0
202 1 0.744140625 262 1 0 0.0
203 0 9.744140625 262 10 9 1.0
204 1 0.744140625 262 1 0 0.0
205 1 0.7431640625 263 1 0 0.0
206 0 9.7431640625 263 10 9 1.0
207 1 0.7431640625 263 1 0 0.0
208 0 9.7431640625 263 10 9 1.0
208 1 0.7421875 264 1 0 0.0
209 0 9.7421875 264 10 9 1.0
210 1 0.7412109375 265 1 0 0.0
211 0 9.7412109375 265 10 9 1.0
212 1 0.740234375 266 1 0 0.0
213 0 9.740234375 266 10 9 1.0
214 1 0.740234375 266 1 0 0.0
214 0 9.740234375 266 10 9 1.0
215 1 0.740234375 266 1 0 0.0
216 1 0.740234375 266 1 0 0.0
217 1 0.740234375 266 1 0 0.0
217 0 9.740234375 266 10 9 1.0
218 1 0.740234375 266 1 0 0.0
219 1 0.740234375 266 1 0 0.0
220 1 0.740234375 266 1 0 0.0
221 1 0.740234375 266 1 0 0.0
222 1 0.73828125 268 1 0 0.0
223 0 9.7373046875 269 10 9 1.0
224 1 0.736328125 270 1 0 0.0
225 0 9.736328125 270 10 9 1.0
226 1 0.736328125 270 1 0 0.0
227 1 0.736328125 270 1 0 0.0
228 1 0.736328125 270 1 0 0.0
228 0 9.736328125 270 10 9 1.0
229 1 0.736328125 270 1 0 0.0
230 1 0.7353515625 271 1 0 0.0
231 0 9.7353515625 271 10 9 1.0
232 1 0.7353515625 271 1 0 0.0
233 1 0.732421875 274 1 0 0.0
234 0 9.732421875 274 10 9 1.0
235 1 0.732421875 274 1 0 0.0
235 0 9.732421875 274 10 9 1.0
236 1 0.732421875 274 1 0 0.0
237 1 0.732421875 274 1 0 0.0
238 1 0.732421875 274 1 0 0.0
238 0 9.732421875 274 10 9 1.0
239 1 0.732421875 274 1 0 0.0
239 2 0.7314453125 275 1 0 0.0
240 0 9.7314453125 275 10 9 1.0
241 1 0.7314453125 275 1 0 0.0
242 0 9.7314453125 275 10 9 1.0
243 0 9.73046875 276 10 9 1.0
244 1 0.73046875 276 1 0 0.0
245 0 9.73046875 276 10 9 1.0
246 0 9.73046875 276 10 9 1.0
247 0 9.73046875 276 10 9 1.0
248 0 9.73046875 276 10 9 1.0
248 1 7.73046875 276 8 7 0.7777777777777778
249 0 9.73046875 276 10 9 1.0
250 0 9.73046875 276 10 9 1.0
251 1 4.728515625 278 5 4 0.4444444444444444
251 0 9.728515625 278 10 9 1.0
252 1 0.728515625 278 1 0 0.0
253 0 9.728515625 278 10 9 1.0
254 0 9.728515625 278 10 9 1.0
255 0 9.728515625 278 10 9 1.0
255 1 4.728515625 278 5 4 0.4444444444444444
256 0 9.7275390625 279 10 9 1.0
257 1 0.7275390625 279 1 0 0.0
258 0 9.7275390625 279 10 9 1.0
259 0 9.7275390625 279 10 9 1.0
260 0 9.7265625 280 10 9 1.0
261 1 0.7265625 280 1 0 0.0
262 0 9.7255859375 281 10 9 1.0
263 1 0.7255859375 281 1 0 0.0
264 0 9.724609375 282 10 9 1.0
265 1 0.724609375 282 1 0 0.0
265 0 9.724609375 282 10 9 1.0
266 0 9.724609375 282 10 9 1.0
267 0 9.7236328125 283 10 9 1.0
268 1 0.7236328125 283 1 0 0.0
268 0 9.7236328125 283 10 9 1.0
269 0 9.7216796875 285 10 9 1.0
270 1 0.7216796875 285 1 0 0.0
271 0 9.7216796875 285 10 9 1.0
272 0 9.7216796875 285 10 9 1.0
273 0 9.7216796875 285 10 9 1.0
274 0 9.7216796875 285 10 9 1.0
275 0 9.720703125 286 10 9 1.0
276 1 0.720703125 286 1 0 0.0
277 0 9.7197265625 287 10 9 1.0
277 1 8.7197265625 287 9 8 0.8888888888888888
278 1 0.7197265625 287 1 0 0.0
279 0 9.7197265625 287 10 9 1.0
280 0 9.7197265625 287 10 9 1.0
280 1 5.7197265625 287 6 5 0.5555555555555556
281 0 9.7197265625 287 10 9 1.0
282 0 9.7197265625 287 10 9 1.0
283 0 9.7197265625 287 10 9 1.0
284 0 9.71875 288 10 9 1.0
285 1 0.71875 288 1 0 0.0
286 0 9.71875 288 10 9 1.0
287 0 9.71875 288 10 9 1.0
288 0 9.71875 288 10 9 1.0
289 0 9.7177734375 289 10 9 1.0
290 0 9.7177734375 289 10 9 1.0
290 1 0.7177734375 289 1 0 0.0
291 0 9.7177734375 289 10 9 1.0
292 0 9.7177734375 289 10 9 1.0
293 0 9.7177734375 289 10 9 1.0
294 0 9.7177734375 289 10 9 1.0
294 1 8.7177734375 289 9 8 0.8888888888888888
295 0 9.7177734375 289 10 9 1.0
296 0 9.7177734375 289 10 9 1.0
297 0 9.716796875 290 10 9 1.0
298 1 0.716796875 290 1 0 0.0
299 0 9.716796875 290 10 9 1.0
300 0 9.716796875 290 10 9 1.0
300 1 8.716796875 290 9 8 0.8888888888888888
301 0 9.7158203125 291 10 9 1.0
302 1 0.71484375 292 1 0 0.0
303 0 9.71484375 292 10 9 1.0
304 1 0.71484375 292 1 0 0.0
305 1 0.71484375 292 1 0 0.0
306 1 0.71484375 292 1 0 0.0
306 0 9.71484375 292 10 9 1.0
307 1 0.71484375 292 1 0 0.0
307 0 9.71484375 292 10 9 1.0
308 1 0.71484375 292 1 0 0.0
309 1 0.71484375 292 1 0 0.0
310 0 9.71484375 292 10 9 1.0
310 1 0.71484375 292 1 0 0.0
311 1 0.7138671875 293 1 0 0.0
312 0 9.7138671875 293 10 9 1.0
313 1 0.7138671875 293 1 0 0.0
313 0 9.7138671875 293 10 9 1.0
314 1 0.7138671875 293 1 0 0.0
315 1 0.7138671875 293 1 0 0.0
316 1 0.7138671875 293 1 0 0.0
317 1 0.7138671875 293 1 0 0.0
318 1 0.7138671875 293 1 0 0.0
319 1 0.7138671875 293 1 0 0.0
319 0 9.7138671875 293 10 9 1.0
320 1 0.7119140625 295 1 0 0.0
321 0 9.7119140625 295 10 9 1.0
322 1 0.7109375 296 1 0 0.0
323 0 9.7099609375 297 10 9 1.0
324 1 0.7099609375 297 1 0 0.0
325 0 9.7099609375 297 10 9 1.0
326 0 9.7099609375 297 10 9 1.0
327 0 9.7099609375 297 10 9 1.0
328 0 9.7099609375 297 10 9 1.0
329 0 9.7099609375 297 10 9 1.0
330 0 9.7099609375 297 10 9 1.0
331 1 7.708984375 298 8 7 0.7777777777777778
331 0 9.7080078125 299 10 9 1.0
332 1 0.7080078125 299 1 0 0.0
333 0 9.70703125 300 10 9 1.0
334 1 0.70703125 300 1 0 0.0
335 0 9.70703125 300 10 9 1.0
336 0 9.70703125 300 10 9 1.0
337 0 9.70703125 300 10 9 1.0
338 0 9.70703125 300 10 9 1.0
338 1 9.7060546875 301 10 9 1.0
339 0 9.7060546875 301 10 9 1.0
340 1 0.7060546875 301 1 0 0.0
341 0 9.705078125 302 10 9 1.0
342 1 0.705078125 302 1 0 0.0
343 0 9.7041015625 303 10 9 1.0
344 1 0.7041015625 303 1 0 0.0
345 0 9.7041015625 303 10 9 1.0
346 0 9.7041015625 303 10 9 1.0
346 1 9.703125 304 10 9 1.0
347 0 9.703125 304 10 9 1.0
348 1 0.703125 304 1 0 0.0
349 0 9.7021484375 305 10 9 1.0
350 1 0.701171875 306 1 0 0.0
351 0 9.701171875 306 10 9 1.0
352 1 0.701171875 306 1 0 0.0
352 0 9.701171875 306 10 9 1.0
353 1 0.701171875 306 1 0 0.0
353 0 9.701171875 306 10 9 1.0
354 1 0.701171875 306 1 0 0.0
355 1 0.701171875 306 1 0 0.0
356 0 9.701171875 306 10 9 1.0
356 1 0.701171875 306 1 0 0.0
357 1 0.701171875 306 1 0 0.0
357 0 9.701171875 306 10 9 1.0
358 1 0.701171875 306 1 0 0.0
359 0 9.701171875 306 10 9 1.0
359 1 0.7001953125 307 1 0 0.0
360 0 9.7001953125 307 10 9 1.0
361 1 0.7001953125 307 1 0 0.0
362 1 0.7001953125 307 1 0 0.0
363 1 0.7001953125 307 1 0 0.0
364 1 0.7001953125 307 1 0 0.0
364 0 9.7001953125 307 10 9 1.0
365 1 0.7001953125 307 1 0 0.0
365 0 9.7001953125 307 10 9 1.0
366 1 0.7001953125 307 1 0 0.0
367 1 0.7001953125 307 1 0 0.0
368 1 0.7001953125 307 1 0 0.0
369 1 0.7001953125 307 1 0 0.0
370 1 0.7001953125 307 1 0 0.0
370 0 9.7001953125 307 10 9 1.0
371 1 0.7001953125 307 1 0 0.0
372 1 0.7001953125 307 1 0 0.0
372 0 9.7001953125 307 10 9 1.0
373 1 0.7001953125 307 1 0 0.0
374 1 0.7001953125 307 1 0 0.0
374 0 9.7001953125 307 10 9 1.0
375 1 0.7001953125 307 1 0 0.0
376 1 0.7001953125 307 1 0 0.0
377 1 0.7001953125 307 1 0 0.0
377 0 9.7001953125 307 10 9 1.0
378 1 0.7001953125 307 1 0 0.0
378 0 9.7001953125 307 10 9 1.0
379 1 0.7001953125 307 1 0 0.0
379 0 9.7001953125 307 10 9 1.0
380 1 0.7001953125 307 1 0 0.0
381 1 0.7001953125 307 1 0 0.0
382 1 0.6982421875 309 1 0 0.0
383 0 9.697265625 310 10 9 1.0
384 1 0.697265625 310 1 0 0.0
385 0 9.6962890625 311 10 9 1.0
386 1 0.6953125 312 1 0 0.0
387 0 9.6953125 312 10 9 1.0
388 1 0.6953125 312 1 0 0.0
389 1 0.6953125 312 1 0 0.0
390 1 0.6953125 312 1 0 0.0
391 1 0.6953125 312 1 0 0.0
392 1 0.6953125 312 1 0 0.0
393 1 0.6953125 312 1 0 0.0
393 0 9.6953125 312 10 9 1.0
394 1 0.6953125 312 1 0 0.0
395 1 0.6953125 312 1 0 0.0
395 0 9.6953125 312 10 9 1.0
396 1 0.6953125 312 1 0 0.0
397 1 0.6953125 312 1 0 0.0
397 0 9.6953125 312 10 9 1.0
398 1 0.6953125 312 1 0 0.0
399 1 0.6953125 312 1 0 0.0
400 1 0.6953125 312 1 0 0.0
401 1 0.6943359375 313 1 0 0.0
402 0 9.6943359375 313 10 9 1.0
403 1 0.6943359375 313 1 0 0.0
404 1 0.6943359375 313 1 0 0.0
404 0 9.6943359375 313 10 9 1.0
405 1 0.6943359375 313 1 0 0.0
405 0 9.6943359375 313 10 9 1.0
406 1 0.6943359375 313 1 0 0.0
406 0 9.6943359375 313 10 9 1.0
407 1 0.6943359375 313 1 0 0.0
407 0 9.6943359375 313 10 9 1.0
408 1 0.6943359375 313 1 0 0.0
409 1 0.6943359375 313 1 0 0.0
410 1 0.6943359375 313 1 0 0.0
411 0 9.6943359375 313 10 9 1.0
411 1 0.693359375 314 1 0 0.0
412 0 9.693359375 314 10 9 1.0
413 1 0.693359375 314 1 0 0.0
414 1 0.693359375 314 1 0 0.0
414 0 9.693359375 314 10 9 1.0
415 1 0.693359375 314 1 0 0.0
415 0 9.693359375 314 10 9 1.0
416 1 0.693359375 314 1 0 0.0
416 0 9.693359375 314 10 9 1.0
417 1 0.693359375 314 1 0 0.0
418 1 0.693359375 314 1 0 0.0
419 1 0.6923828125 315 1 0 0.0
419 0 9.6923828125 315 10 9 1.0
420 1 0.6923828125 315 1 0 0.0
421 1 0.6923828125 315 1 0 0.0
422 1 0.6923828125 315 1 0 0.0
423 1 0.6923828125 315 1 0 0.0
424 1 0.6923828125 315 1 0 0.0
425 1 0.69140625 316 1 0 0.0
426 0 9.69140625 316 10 9 1.0
427 1 0.69140625 316 1 0 0.0
428 1 0.69140625 316 1 0 0.0
429 1 0.69140625 316 1 0 0.0
430 1 0.6904296875 317 1 0 0.0
431 0 9.6904296875 317 10 9 1.0
432 1 0.6904296875 317 1 0 0.0
432 0 9.6904296875 317 10 9 1.0
433 1 0.6904296875 317 1 0 0.0
433 0 9.6904296875 317 10 9 1.0
434 1 0.6904296875 317 1 0 0.0
434 0 9.6904296875 317 10 9 1.0
435 1 0.6904296875 317 1 0 0.0
436 1 0.689453125 318 1 0 0.0
436 0 9.689453125 318 10 9 1.0
437 1 0.689453125 318 1 0 0.0
437 0 9.689453125 318 10 9 1.0
438 1 0.689453125 318 1 0 0.0
439 1 0.689453125 318 1 0 0.0
439 0 9.689453125 318 10 9 1.0
440 0 9.689453125 318 10 9 1.0
440 1 0.689453125 318 1 0 0.0
441 1 0.689453125 318 1 0 0.0
442 1 0.6884765625 319 1 0 0.0
442 0 9.6884765625 319 10 9 1.0
443 1 0.6884765625 319 1 0 0.0
443 0 9.6884765625 319 10 9 1.0
444 1 0.6884765625 319 1 0 0.0
445 1 0.6884765625 319 1 0 0.0
446 1 0.6884765625 319 1 0 0.0
447 1 0.6884765625 319 1 0 0.0
448 0 9.6884765625 319 10 9 1.0
448 1 0.6875 320 1 0 0.0
449 0 9.6875 320 10 9 1.0
450 1 0.6865234375 321 1 0 0.0
451 0 9.6865234375 321 10 9 1.0
452 1 0.6865234375 321 1 0 0.0
452 0 9.6865234375 321 10 9 1.0
453 1 0.6865234375 321 1 0 0.0
453 0 9.6865234375 321 10 9 1.0
454 1 0.6865234375 321 1 0 0.0
455 1 0.6865234375 321 1 0 0.0
455 0 9.6865234375 321 10 9 1.0
456 1 0.6865234375 321 1 0 0.0
456 0 9.6865234375 321 10 9 1.0
457 1 0.6865234375 321 1 0 0.0
458 1 0.6865234375 321 1 0 0.0
458 0 9.6865234375 321 10 9 1.0
459 1 0.6865234375 321 1 0 0.0
459 0 9.6865234375 321 10 9 1.0
460 1 0.6865234375 321 1 0 0.0
460 0 9.6865234375 321 10 9 1.0
461 1 0.6865234375 321 1 0 0.0
461 0 9.6865234375 321 10 9 1.0
462 1 0.6865234375 321 1 0 0.0
463 1 0.6865234375 321 1 0 0.0
464 1 0.6865234375 321 1 0 0.0
465 1 0.6865234375 321 1 0 0.0
465 0 9.6865234375 321 10 9 1.0
466 1 0.685546875 322 1 0 0.0
467 0 9.685546875 322 10 9 1.0
468 1 0.6845703125 323 1 0 0.0
469 0 9.6845703125 323 10 9 1.0
470 1 0.6845703125 323 1 0 0.0
471 1 0.68359375 324 1 0 0.0
472 0 9.68359375 324 10 9 1.0
473 1 0.68359375 324 1 0 0.0
474 1 0.68359375 324 1 0 0.0
474 0 9.68359375 324 10 9 1.0
475 1 0.68359375 324 1 0 0.0
475 0 9.68359375 324 10 9 1.0
476 1 0.68359375 324 1 0 0.0
477 1 0.68359375 324 1 0 0.0
478 1 0.68359375 324 1 0 0.0
478 0 9.68359375 324 10 9 1.0
479 1 0.68359375 324 1 0 0.0
479 0 9.68359375 324 10 9 1.0
480 1 0.68359375 324 1 0 0.0
480 0 9.68359375 324 10 9 1.0
481 1 0.68359375 324 1 0 0.0
482 1 0.68359375 324 1 0 0.0
483 1 0.68359375 324 1 0 0.0
483 0 9.68359375 324 10 9 1.0
484 1 0.68359375 324 1 0 0.0
485 1 0.68359375 324 1 0 0.0
485 0 9.68359375 324 10 9 1.0
486 1 0.68359375 324 1 0 0.0
487 1 0.68359375 324 1 0 0.0
488 1 0.68359375 324 1 0 0.0
489 1 0.68359375 324 1 0 0.0
490 1 0.68359375 324 1 0 0.0
491 1 0.68359375 324 1 0 0.0
492 1 0.68359375 324 1 0 0.0
492 0 9.68359375 324 10 9 1.0
493 1 0.68359375 324 1 0 0.0
494 1 0.68359375 324 1 0 0.0
495 1 0.68359375 324 1 0 0.0
495 0 9.68359375 324 10 9 1.0
496 1 0.68359375 324 1 0 0.0
497 1 0.68359375 324 1 0 0.0
497 0 9.68359375 324 10 9 1.0
498 1 0.68359375 324 1 0 0.0
498 0 9.68359375 324 10 9 1.0
499 1 0.68359375 324 1 0 0.0
500 1 0.68359375 324 1 0 0.0
501 1 0.68359375 324 1 0 0.0
502 1 0.68359375 324 1 0 0.0
503 1 0.68359375 324 1 0 0.0
503 0 9.68359375 324 10 9 1.0
504 1 0.68359375 324 1 0 0.0
504 0 9.68359375 324 10 9 1.0
505 1 0.6826171875 325 1 0 0.0
506 0 9.6826171875 325 10 9 1.0
507 1 0.6826171875 325 1 0 0.0
508 1 0.6826171875 325 1 0 0.0
509 1 0.6826171875 325 1 0 0.0
510 1 0.6826171875 325 1 0 0.0
511 1 0.6826171875 325 1 0 0.0
511 0 9.6826171875 325 10 9 1.0
512 1 0.6826171875 325 1 0 0.0
512 0 9.6826171875 325 10 9 1.0
513 1 0.6826171875 325 1 0 0.0
514 1 0.6826171875 325 1 0 0.0
514 0 9.6826171875 325 10 9 1.0
515 1 0.681640625 326 1 0 0.0
516 0 9.681640625 326 10 9 1.0
517 1 0.681640625 326 1 0 0.0
518 1 0.681640625 326 1 0 0.0
519 1 0.681640625 326 1 0 0.0
519 0 9.681640625 326 10 9 1.0
520 1 0.681640625 326 1 0 0.0
520 0 9.681640625 326 10 9 1.0
521 1 0.681640625 326 1 0 0.0
521 0 9.681640625 326 10 9 1.0
522 1 0.681640625 326 1 0 0.0
523 1 0.681640625 326 1 0 0.0
523 2 0.6806640625 327 1 0 0.0
524 0 9.6806640625 327 10 9 1.0
525 2 0.6806640625 327 1 0 0.0
526 2 0.6787109375 329 1 0 0.0
527 0 9.6787109375 329 10 9 1.0
528 2 0.677734375 330 1 0 0.0
529 0 9.677734375 330 10 9 1.0
530 1 8.6748046875 333 9 8 0.8888888888888888
530 2 0.6748046875 333 1 0 0.0
531 0 9.6748046875 333 10 9 1.0
532 1 0.673828125 334 1 0 0.0
532 2 0.6728515625 335 1 0 0.0
533 0 9.6728515625 335 10 9 1.0
534 2 0.671875 336 1 0 0.0
535 0 9.671875 336 10 9 1.0
536 2 0.669921875 338 1 0 0.0
537 0 9.669921875 338 10 9 1.0
538 1 9.6689453125 339 10 9 1.0
538 2 0.66796875 340 1 0 0.0
539 0 9.66796875 340 10 9 1.0
540 2 0.66796875 340 1 0 0.0
541 2 0.6669921875 341 1 0 0.0
542 0 9.6669921875 341 10 9 1.0
543 2 0.6650390625 343 1 0 0.0
544 0 9.6650390625 343 10 9 1.0
545 2 0.6640625 344 1 0 0.0
546 0 9.6640625 344 10 9 1.0
547 1 9.6630859375 345 10 9 1.0
547 2 0.662109375 346 1 0 0.0
548 0 9.6611328125 347 10 9 1.0
549 2 0.6591796875 349 1 0 0.0
550 1 0.6591796875 349 1 0 0.0
551 0 9.6591796875 349 10 9 1.0
552 1 0.6591796875 349 1 0 0.0
553 0 9.6591796875 349 10 9 1.0
553 1 0.658203125 350 1 0 0.0
554 0 9.658203125 350 10 9 1.0
555 0 9.658203125 350 10 9 1.0
555 1 0.658203125 350 1 0 0.0
556 1 0.6572265625 351 1 0 0.0
557 0 9.6572265625 351 10 9 1.0
558 1 0.6572265625 351 1 0 0.0
558 0 9.6572265625 351 10 9 1.0
559 1 0.6572265625 351 1 0 0.0
560 1 0.6572265625 351 1 0 0.0
561 1 0.6552734375 353 1 0 0.0
562 0 9.6552734375 353 10 9 1.0
563 1 0.6552734375 353 1 0 0.0
563 0 9.6552734375 353 10 9 1.0
564 1 0.654296875 354 1 0 0.0
565 0 9.654296875 354 10 9 1.0
566 1 0.654296875 354 1 0 0.0
567 1 0.654296875 354 1 0 0.0
568 1 0.654296875 354 1 0 0.0
568 0 9.654296875 354 10 9 1.0
569 1 0.654296875 354 1 0 0.0
570 1 0.654296875 354 1 0 0.0
570 0 9.654296875 354 10 9 1.0
571 1 0.654296875 354 1 0 0.0
571 0 9.654296875 354 10 9 1.0
572 1 0.654296875 354 1 0 0.0
572 0 9.654296875 354 10 9 1.0
573 1 0.65234375 356 1 0 0.0
574 0 9.65234375 356 10 9 1.0
575 1 0.65234375 356 1 0 0.0
576 1 0.65234375 356 1 0 0.0
577 0 9.65234375 356 10 9 1.0
577 1 0.65234375 356 1 0 0.0
578 1 0.65234375 356 1 0 0.0
579 1 0.65234375 356 1 0 0.0
580 1 0.65234375 356 1 0 0.0
581 1 0.65234375 356 1 0 0.0
582 1 0.65234375 356 1 0 0.0
583 1 0.65234375 356 1 0 0.0
583 0 9.65234375 356 10 9 1.0
584 1 0.65234375 356 1 0 0.0
585 1 0.65234375 356 1 0 0.0
585 0 9.65234375 356 10 9 1.0
586 1 0.65234375 356 1 0 0.0
586 0 9.65234375 356 10 9 1.0
587 1 0.65234375 356 1 0 0.0
588 0 9.65234375 356 10 9 1.0
588 1 0.6513671875 357 1 0 0.0
589 0 9.6513671875 357 10 9 1.0
590 1 0.6513671875 357 1 0 0.0
591 1 0.6513671875 357 1 0 0.0
592 1 0.6513671875 357 1 0 0.0
593 1 0.6513671875 357 1 0 0.0
594 0 9.6513671875 357 10 9 1.0
594 1 0.6513671875 357 1 0 0.0
595 0 9.6513671875 357 10 9 1.0
595 1 0.6513671875 357 1 0 0.0
596 1 0.6513671875 357 1 0 0.0
597 1 0.6513671875 357 1 0 0.0
597 0 9.6513671875 357 10 9 1.0
598 1 0.6513671875 357 1 0 0.0
598 0 9.6513671875 357 10 9 1.0
599 1 0.650390625 358 1 0 0.0
599 0 9.650390625 358 10 9 1.0
600 1 0.650390625 358 1 0 0.0
600 0 9.650390625 358 10 9 1.0
601 1 0.650390625 358 1 0 0.0
602 1 0.650390625 358 1 0 0.0
602 0 9.650390625 358 10 9 1.0
603 1 0.650390625 358 1 0 0.0
603 0 9.650390625 358 10 9 1.0
604 1 0.650390625 358 1 0 0.0
605 1 0.650390625 358 1 0 0.0
605 0 9.650390625 358 10 9 1.0
606 1 0.650390625 358 1 0 0.0
606 0 9.650390625 358 10 9 1.0
607 0 9.650390625 358 10 9 1.0
607 1 0.6494140625 359 1 0 0.0
608 0 9.6494140625 359 10 9 1.0
609 1 0.6494140625 359 1 0 0.0
610 1 0.6494140625 359 1 0 0.0
610 0 9.6494140625 359 10 9 1.0
611 1 0.6484375 360 1 0 0.0
612 0 9.6484375 360 10 9 1.0
613 1 0.6484375 360 1 0 0.0
614 1 0.6474609375 361 1 0 0.0
615 0 9.6474609375 361 10 9 1.0
616 1 0.6474609375 361 1 0 0.0
616 0 9.6474609375 361 10 9 1.0
617 0 9.646484375 362 10 9 1.0
617 1 0.646484375 362 1 0 0.0
618 0 9.646484375 362 10 9 1.0
619 0 9.646484375 362 10 9 1.0
620 0 9.646484375 362 10 9 1.0
621 0 9.646484375 362 10 9 1.0
622 0 9.646484375 362 10 9 1.0
623 0 9.646484375 362 10 9 1.0
624 0 9.646484375 362 10 9 1.0
625 0 9.646484375 362 10 9 1.0
626 0 9.646484375 362 10 9 1.0
627 0 9.646484375 362 10 9 1.0
627 1 0.646484375 362 1 0 0.0
628 0 9.646484375 362 10 9 1.0
629 0 9.646484375 362 10 9 1.0
630 0 9.646484375 362 10 9 1.0
631 0 9.646484375 362 10 9 1.0
632 0 9.646484375 362 10 9 1.0
633 0 9.646484375 362 10 9 1.0
634 0 9.646484375 362 10 9 1.0
635 0 9.646484375 362 10 9 1.0
636 0 9.646484375 362 10 9 1.0
636 1 8.646484375 362 9 8 0.8888888888888888
637 0 9.646484375 362 10 9 1.0
638 0 9.646484375 362 10 9 1.0
639 0 9.646484375 362 10 9 1.0
640 0 9.646484375 362 10 9 1.0
641 0 9.6455078125 363 10 9 1.0
642 1 0.6455078125 363 1 0 0.0
642 0 9.6455078125 363 10 9 1.0
643 0 9.6455078125 363 10 9 1.0
644 0 9.6455078125 363 10 9 1.0
644 1 4.6455078125 363 5 4 0.4444444444444444
645 0 9.6455078125 363 10 9 1.0
645 1 4.6455078125 363 5 4 0.4444444444444444
646 0 9.6455078125 363 10 9 1.0
647 0 9.6455078125 363 10 9 1.0
647 1 8.6455078125 363 9 8 0.8888888888888888
648 0 9.6455078125 363 10 9 1.0
648 1 8.6455078125 363 9 8 0.8888888888888888
649 0 9.6455078125 363 10 9 1.0
650 0 9.6455078125 363 10 9 1.0
651 0 9.6455078125 363 10 9 1.0
652 0 9.6455078125 363 10 9 1.0
653 0 9.6455078125 363 10 9 1.0
654 0 9.6455078125 363 10 9 1.0
655 0 9.6455078125 363 10 9 1.0
656 0 9.6455078125 363 10 9 1.0
657 0 9.6455078125 363 10 9 1.0
658 0 9.6455078125 363 10 9 1.0
659 0 9.6455078125 363 10 9 1.0
660 0 9.6455078125 363 10 9 1.0
661 0 9.6455078125 363 10 9 1.0
662 0 9.6455078125 363 10 9 1.0
663 0 9.64453125 364 10 9 1.0
664 1 0.64453125 364 1 0 0.0
665 0 9.64453125 364 10 9 1.0
666 0 9.64453125 364 10 9 1.0
666 1 8.64453125 364 9 8 0.8888888888888888
667 0 9.64453125 364 10 9 1.0
667 1 5.64453125 364 6 5 0.5555555555555556
668 0 9.64453125 364 10 9 1.0
668 1 8.64453125 364 9 8 0.8888888888888888
669 0 9.64453125 364 10 9 1.0
670 0 9.64453125 364 10 9 1.0
671 0 9.64453125 364 10 9 1.0
672 0 9.64453125 364 10 9 1.0
673 0 9.64453125 364 10 9 1.0
674 0 9.6435546875 365 10 9 1.0
675 1 0.6435546875 365 1 0 0.0
675 0 9.6435546875 365 10 9 1.0
676 0 9.6435546875 365 10 9 1.0
677 0 9.642578125 366 10 9 1.0
678 1 0.642578125 366 1 0 0.0
678 0 9.642578125 366 10 9 1.0
679 0 9.6416015625 367 10 9 1.0
680 1 0.6416015625 367 1 0 0.0
681 0 9.6416015625 367 10 9 1.0
682 0 9.6416015625 367 10 9 1.0
683 0 9.6416015625 367 10 9 1.0
684 0 9.6416015625 367 10 9 1.0
684 1 0.6416015625 367 1 0 0.0
685 0 9.6416015625 367 10 9 1.0
686 0 9.6416015625 367 10 9 1.0
687 0 9.6416015625 367 10 9 1.0
688 0 9.6416015625 367 10 9 1.0
689 0 9.6416015625 367 10 9 1.0
690 0 9.6416015625 367 10 9 1.0
691 0 9.6416015625 367 10 9 1.0
692 0 9.6416015625 367 10 9 1.0
693 0 9.6416015625 367 10 9 1.0
694 0 9.6416015625 367 10 9 1.0
695 0 9.6416015625 367 10 9 1.0
696 0 9.6416015625 367 10 9 1.0
697 0 9.6416015625 367 10 9 1.0
698 0 9.6416015625 367 10 9 1.0
699 0 9.6416015625 367 10 9 1.0
699 1 8.6416015625 367 9 8 0.8888888888888888
700 0 9.6416015625 367 10 9 1.0
701 0 9.6416015625 367 10 9 1.0
702 1 8.6416015625 367 9 8 0.8888888888888888
702 0 9.640625 368 10 9 1.0
703 1 0.640625 368 1 0 0.0
704 0 9.640625 368 10 9 1.0
705 0 9.640625 368 10 9 1.0
706 0 9.640625 368 10 9 1.0
707 0 9.640625 368 10 9 1.0
708 0 9.640625 368 10 9 1.0
709 0 9.640625 368 10 9 1.0
710 0 9.640625 368 10 9 1.0
711 0 9.640625 368 10 9 1.0
712 0 9.640625 368 10 9 1.0
713 0 9.640625 368 10 9 1.0
714 0 9.640625 368 10 9 1.0
715 0 9.640625 368 10 9 1.0
716 0 9.6396484375 369 10 9 1.0
717 1 0.6396484375 369 1 0 0.0
718 0 9.6396484375 369 10 9 1.0
718 1 8.6396484375 369 9 8 0.8888888888888888
719 0 9.6396484375 369 10 9 1.0
720 0 9.6396484375 369 10 9 1.0
721 0 9.6396484375 369 10 9 1.0
722 0 9.6396484375 369 10 9 1.0
723 0 9.6396484375 369 10 9 1.0
724 0 9.6396484375 369 10 9 1.0
725 0 9.6396484375 369 10 9 1.0
726 0 9.6396484375 369 10 9 1.0
727 0 9.6396484375 369 10 9 1.0
728 0 9.638671875 370 10 9 1.0
729 1 0.638671875 370 1 0 0.0
730 0 9.638671875 370 10 9 1.0
731 0 9.6376953125 371 10 9 1.0
732 1 0.6376953125 371 1 0 0.0
733 0 9.6376953125 371 10 9 1.0
734 0 9.6376953125 371 10 9 1.0
735 0 9.6376953125 371 10 9 1.0
736 0 9.6376953125 371 10 9 1.0
737 0 9.6376953125 371 10 9 1.0
738 0 9.6376953125 371 10 9 1.0
738 1 8.6376953125 371 9 8 0.8888888888888888
739 0 9.6376953125 371 10 9 1.0
740 0 9.6376953125 371 10 9 1.0
741 0 9.6376953125 371 10 9 1.0
742 0 9.6376953125 371 10 9 1.0
743 0 9.6376953125 371 10 9 1.0
744 0 9.6376953125 371 10 9 1.0
745 0 9.6376953125 371 10 9 1.0
746 0 9.6376953125 371 10 9 1.0
747 0 9.6376953125 371 10 9 1.0
748 0 9.63671875 372 10 9 1.0
749 1 0.63671875 372 1 0 0.0
750 0 9.63671875 372 10 9 1.0
751 0 9.63671875 372 10 9 1.0
752 0 9.63671875 372 10 9 1.0
753 0 9.63671875 372 10 9 1.0
753 1 7.63671875 372 8 7 0.7777777777777778
754 0 9.63671875 372 10 9 1.0
755 0 9.63671875 372 10 9 1.0
756 0 9.63671875 372 10 9 1.0
757 0 9.63671875 372 10 9 1.0
758 0 9.63671875 372 10 9 1.0
759 0 9.6357421875 373 10 9 1.0
760 1 0.6357421875 373 1 0 0.0
761 0 9.6357421875 373 10 9 1.0
762 0 9.6357421875 373 10 9 1.0
763 0 9.6357421875 373 10 9 1.0
764 0 9.6357421875 373 10 9 1.0
765 0 9.6357421875 373 10 9 1.0
765 1 8.6357421875 373 9 8 0.8888888888888888
766 0 9.634765625 374 10 9 1.0
767 1 0.6337890625 375 1 0 0.0
768 0 9.6337890625 375 10 9 1.0
768 1 0.6337890625 375 1 0 0.0
769 1 0.6337890625 375 1 0 0.0
769 0 9.6337890625 375 10 9 1.0
770 1 0.6337890625 375 1 0 0.0
771 1 0.6337890625 375 1 0 0.0
771 0 9.6337890625 375 10 9 1.0
772 1 0.6337890625 375 1 0 0.0
773 1 0.6337890625 375 1 0 0.0
774 1 0.6337890625 375 1 0 0.0
775 0 9.6337890625 375 10 9 1.0
775 1 0.6337890625 375 1 0 0.0
776 1 0.6337890625 375 1 0 0.0
777 1 0.6337890625 375 1 0 0.0
778 1 0.6337890625 375 1 0 0.0
779 0 9.6337890625 375 10 9 1.0
779 1 0.6337890625 375 1 0 0.0
780 1 0.6337890625 375 1 0 0.0
781 1 0.6337890625 375 1 0 0.0
781 0 9.6337890625 375 10 9 1.0
782 1 0.6337890625 375 1 0 0.0
783 1 0.6337890625 375 1 0 0.0
784 1 0.6328125 376 1 0 0.0
785 0 9.6328125 376 10 9 1.0
786 1 0.6328125 376 1 0 0.0
787 1 0.6328125 376 1 0 0.0
787 0 9.6328125 376 10 9 1.0
788 1 0.6328125 376 1 0 0.0
788 0 9.6328125 376 10 9 1.0
789 1 0.6328125 376 1 0 0.0
790 0 9.6328125 376 10 9 1.0
790 1 0.6328125 376 1 0 0.0
791 1 0.6328125 376 1 0 0.0
792 1 0.6328125 376 1 0 0.0
793 1 0.6328125 376 1 0 0.0
794 1 0.6328125 376 1 0 0.0
795 1 0.6328125 376 1 0 0.0
796 1 0.6328125 376 1 0 0.0
797 1 0.6318359375 377 1 0 0.0
798 0 9.6318359375 377 10 9 1.0
799 1 0.6318359375 377 1 0 0.0
799 0 9.6318359375 377 10 9 1.0
800 0 9.6318359375 377 10 9 1.0
800 1 0.6318359375 377 1 0 0.0
801 0 9.6318359375 377 10 9 1.0
801 1 0.6318359375 377 1 0 0.0
802 1 0.6318359375 377 1 0 0.0
803 1 0.630859375 378 1 0 0.0
804 0 9.630859375 378 10 9 1.0
805 1 0.630859375 378 1 0 0.0
806 1 0.630859375 378 1 0 0.0
807 1 0.630859375 378 1 0 0.0
807 0 9.630859375 378 10 9 1.0
808 1 0.630859375 378 1 0 0.0
809 1 0.630859375 378 1 0 0.0
810 1 0.630859375 378 1 0 0.0
811 1 0.62890625 380 1 0 0.0
812 0 9.62890625 380 10 9 1.0
813 1 0.62890625 380 1 0 0.0
814 1 0.62890625 380 1 0 0.0
815 1 0.62890625 380 1 0 0.0
815 0 9.62890625 380 10 9 1.0
816 1 0.62890625 380 1 0 0.0
817 0 9.62890625 380 10 9 1.0
817 1 0.62890625 380 1 0 0.0
818 1 0.62890625 380 1 0 0.0
818 0 9.62890625 380 10 9 1.0
819 1 0.62890625 380 1 0 0.0
819 0 9.62890625 380 10 9 1.0
820 0 9.62890625 380 10 9 1.0
820 1 0.62890625 380 1 0 0.0
821 0 9.62890625 380 10 9 1.0
821 1 0.62890625 380 1 0 0.0
822 1 0.62890625 380 1 0 0.0
823 1 0.6279296875 381 1 0 0.0
824 0 9.626953125 382 10 9 1.0
825 1 0.626953125 382 1 0 0.0
825 0 9.626953125 382 10 9 1.0
826 0 9.626953125 382 10 9 1.0
827 0 9.6259765625 383 10 9 1.0
828 1 0.6259765625 383 1 0 0.0
829 0 9.6259765625 383 10 9 1.0
830 0 9.6259765625 383 10 9 1.0
831 0 9.6259765625 383 10 9 1.0
832 0 9.6259765625 383 10 9 1.0
833 0 9.6259765625 383 10 9 1.0
834 0 9.6259765625 383 10 9 1.0
835 0 9.6259765625 383 10 9 1.0
836 0 9.6259765625 383 10 9 1.0
837 0 9.625 384 10 9 1.0
838 1 0.625 384 1 0 0.0
839 0 9.625 384 10 9 1.0
840 0 9.625 384 10 9 1.0
841 0 9.625 384 10 9 1.0
842 0 9.625 384 10 9 1.0
843 0 9.625 384 10 9 1.0
844 0 9.625 384 10 9 1.0
845 0 9.625 384 10 9 1.0
846 0 9.625 384 10 9 1.0
847 0 9.625 384 10 9 1.0
848 0 9.6240234375 385 10 9 1.0
849 1 0.6240234375 385 1 0 0.0
850 0 9.6240234375 385 10 9 1.0
851 0 9.6240234375 385 10 9 1.0
852 0 9.6240234375 385 10 9 1.0
853 0 9.6240234375 385 10 9 1.0
854 0 9.6240234375 385 10 9 1.0
855 0 9.6240234375 385 10 9 1.0
856 0 9.6240234375 385 10 9 1.0
857 0 9.6240234375 385 10 9 1.0
858 0 9.6240234375 385 10 9 1.0
859 1 8.6240234375 385 9 8 0.8888888888888888
859 0 9.6240234375 385 10 9 1.0
860 0 9.6240234375 385 10 9 1.0
861 0 9.6240234375 385 10 9 1.0
862 0 9.6240234375 385 10 9 1.0
863 0 9.6240234375 385 10 9 1.0
864 0 9.6240234375 385 10 9 1.0
865 0 9.6240234375 385 10 9 1.0
866 0 9.6240234375 385 10 9 1.0
867 0 9.6240234375 385 10 9 1.0
868 0 9.6240234375 385 10 9 1.0
869 0 9.6240234375 385 10 9 1.0
869 1 8.6240234375 385 9 8 0.8888888888888888
870 0 9.6240234375 385 10 9 1.0
871 0 9.6240234375 385 10 9 1.0
872 0 9.6240234375 385 10 9 1.0
873 0 9.6240234375 385 10 9 1.0
874 0 9.6240234375 385 10 9 1.0
875 0 9.6240234375 385 10 9 1.0
876 0 9.6240234375 385 10 9 1.0
876 1 6.6240234375 385 7 6 0.6666666666666666
877 0 9.6240234375 385 10 9 1.0
878 0 9.6240234375 385 10 9 1.0
878 1 6.6240234375 385 7 6 0.6666666666666666
879 0 9.6240234375 385 10 9 1.0
880 0 9.6240234375 385 10 9 1.0
881 0 9.6240234375 385 10 9 1.0
882 0 9.6240234375 385 10 9 1.0
883 0 9.6240234375 385 10 9 1.0
884 0 9.6240234375 385 10 9 1.0
885 0 9.6240234375 385 10 9 1.0
886 0 9.6240234375 385 10 9 1.0
887 0 9.6240234375 385 10 9 1.0
888 0 9.6240234375 385 10 9 1.0
888 1 7.6240234375 385 8 7 0.7777777777777778
889 0 9.6240234375 385 10 9 1.0
890 0 9.6240234375 385 10 9 1.0
891 0 9.6240234375 385 10 9 1.0
892 0 9.6240234375 385 10 9 1.0
893 0 9.6240234375 385 10 9 1.0
894 0 9.6240234375 385 10 9 1.0
895 0 9.6240234375 385 10 9 1.0
896 0 9.6240234375 385 10 9 1.0
897 0 9.6240234375 385 10 9 1.0
898 0 9.6240234375 385 10 9 1.0
899 0 9.6240234375 385 10 9 1.0
900 0 9.6240234375 385 10 9 1.0
901 0 9.6240234375 385 10 9 1.0
902 0 9.6240234375 385 10 9 1.0
903 0 9.6240234375 385 10 9 1.0
904 0 9.6240234375 385 10 9 1.0
905 0 9.6240234375 385 10 9 1.0
906 0 9.6240234375 385 10 9 1.0
907 0 9.6240234375 385 10 9 1.0
908 0 9.6240234375 385 10 9 1.0
908 1 8.6240234375 385 9 8 0.8888888888888888
909 0 9.6240234375 385 10 9 1.0
910 0 9.6240234375 385 10 9 1.0
911 0 9.6240234375 385 10 9 1.0
912 0 9.6240234375 385 10 9 1.0
913 0 9.6240234375 385 10 9 1.0
914 0 9.6240234375 385 10 9 1.0
915 0 9.6240234375 385 10 9 1.0
916 0 9.6240234375 385 10 9 1.0
917 0 9.6240234375 385 10 9 1.0
918 0 9.6240234375 385 10 9 1.0
919 0 9.6240234375 385 10 9 1.0
920 0 9.6240234375 385 10 9 1.0
921 0 9.6240234375 385 10 9 1.0
922 1 8.623046875 386 9 8 0.8888888888888888
922 0 9.623046875 386 10 9 1.0
923 1 0.623046875 386 1 0 0.0
924 0 9.623046875 386 10 9 1.0
925 0 9.623046875 386 10 9 1.0
926 0 9.623046875 386 10 9 1.0
927 0 9.623046875 386 10 9 1.0
928 0 9.623046875 386 10 9 1.0
929 0 9.623046875 386 10 9 1.0
930 0 9.623046875 386 10 9 1.0
931 0 9.623046875 386 10 9 1.0
932 0 9.623046875 386 10 9 1.0
933 0 9.623046875 386 10 9 1.0
934 0 9.6220703125 387 10 9 1.0
935 1 0.6220703125 387 1 0 0.0
936 0 9.6220703125 387 10 9 1.0
937 0 9.6220703125 387 10 9 1.0
938 0 9.6220703125 387 10 9 1.0
939 0 9.6220703125 387 10 9 1.0
940 0 9.6220703125 387 10 9 1.0
941 0 9.6220703125 387 10 9 1.0
942 0 9.6220703125 387 10 9 1.0
943 0 9.6220703125 387 10 9 1.0
944 0 9.6220703125 387 10 9 1.0
945 0 9.6220703125 387 10 9 1.0
946 0 9.6220703125 387 10 9 1.0
947 0 9.62109375 388 10 9 1.0
948 1 0.62109375 388 1 0 0.0
948 0 9.62109375 388 10 9 1.0
949 0 9.62109375 388 10 9 1.0
949 1 6.62109375 388 7 6 0.6666666666666666
950 0 9.62109375 388 10 9 1.0
951 0 9.62109375 388 10 9 1.0
952 0 9.62109375 388 10 9 1.0
953 0 9.62109375 388 10 9 1.0
954 0 9.62109375 388 10 9 1.0
955 0 9.62109375 388 10 9 1.0
956 0 9.62109375 388 10 9 1.0
957 0 9.62109375 388 10 9 1.0
958 0 9.62109375 388 10 9 1.0
959 0 9.62109375 388 10 9 1.0
959 1 4.62109375 388 5 4 0.4444444444444444
960 0 9.6201171875 389 10 9 1.0
961 1 0.6201171875 389 1 0 0.0
961 0 9.6201171875 389 10 9 1.0
962 0 9.6201171875 389 10 9 1.0
963 0 9.6201171875 389 10 9 1.0
964 0 9.6201171875 389 10 9 1.0
965 0 9.6201171875 389 10 9 1.0
966 0 9.6201171875 389 10 9 1.0
967 0 9.6201171875 389 10 9 1.0
968 0 9.6201171875 389 10 9 1.0
969 0 9.6201171875 389 10 9 1.0
970 0 9.6201171875 389 10 9 1.0
971 0 9.6201171875 389 10 9 1.0
972 0 9.6201171875 389 10 9 1.0
973 0 9.6201171875 389 10 9 1.0
974 0 9.6201171875 389 10 9 1.0
975 0 9.6201171875 389 10 9 1.0
976 0 9.619140625 390 10 9 1.0
977 1 0.619140625 390 1 0 0.0
978 0 9.619140625 390 10 9 1.0
979 0 9.619140625 390 10 9 1.0
980 0 9.6181640625 391 10 9 1.0
981 1 0.6181640625 391 1 0 0.0
981 0 9.6181640625 391 10 9 1.0
982 0 9.6181640625 391 10 9 1.0
983 0 9.6181640625 391 10 9 1.0
984 0 9.6181640625 391 10 9 1.0
985 0 9.6181640625 391 10 9 1.0
986 0 9.6181640625 391 10 9 1.0
987 0 9.6181640625 391 10 9 1.0
988 0 9.6181640625 391 10 9 1.0
989 0 9.6181640625 391 10 9 1.0
990 0 9.6181640625 391 10 9 1.0
991 0 9.6181640625 391 10 9 1.0
992 0 9.6181640625 391 10 9 1.0
993 0 9.6181640625 391 10 9 1.0
994 0 9.6181640625 391 10 9 1.0
995 0 9.6181640625 391 10 9 1.0
996 0 9.6181640625 391 10 9 1.0
997 0 9.6181640625 391 10 9 1.0
998 0 9.6181640625 391 10 9 1.0
999 0 9.6181640625 391 10 9 1.0
1000 0 9.6181640625 391 10 9 1.0
