gen testSuiteSize notKilledMutants number_of_tests no_discount_objective no_equiv_mut_not_killed no_equiv_mut_not_killed_perc
1 6 7.7265625 35 8 7 0.7777777777777778
1 5 9.5546875 57 10 9 1.0
2 5 9.5234375 61 10 9 1.0
3 6 7.46875 68 8 7 0.7777777777777778
4 5 9.4375 72 10 9 1.0
5 6 7.390625 78 8 7 0.7777777777777778
6 5 9.3515625 83 10 9 1.0
7 6 7.328125 86 8 7 0.7777777777777778
8 5 9.3642578125 93 10 9 1.0
9 5 9.3369140625 97 10 9 1.0
10 6 7.2958984375 103 8 7 0.7777777777777778
11 5 9.2822265625 105 10 9 1.0
12 6 7.234375 112 8 7 0.7777777777777778
13 5 9.20703125 116 10 9 1.0
14 6 7.1591796875 123 8 7 0.7777777777777778
15 5 9.125 128 10 9 1.0
16 6 7.09765625 132 8 7 0.7777777777777778
17 5 9.083984375 134 10 9 1.0
18 6 7.0498046875 139 8 7 0.7777777777777778
19 4 9.015625 144 10 9 1.0
20 6 5.9814453125 149 7 6 0.6666666666666666
21 4 8.947265625 154 10 9 1.0
22 6 5.90625 160 7 6 0.6666666666666666
23 4 8.87890625 164 10 9 1.0
24 6 5.837890625 170 7 6 0.6666666666666666
25 4 8.82421875 172 10 9 1.0
26 6 5.7763671875 179 7 6 0.6666666666666666
27 4 8.7626953125 181 10 9 1.0
28 6 5.7421875 184 7 6 0.6666666666666666
29 4 8.71484375 188 10 9 1.0
30 6 5.6875 192 7 6 0.6666666666666666
31 4 5.0576171875 193 6 5 0.5555555555555556
31 3 9.0576171875 193 10 9 1.0
32 4 5.0380859375 197 6 5 0.5555555555555556
32 3 9.0380859375 197 10 9 1.0
33 4 5.0087890625 203 6 5 0.5555555555555556
34 3 8.9990234375 205 10 9 1.0
35 4 4.9892578125 207 6 5 0.5555555555555556
36 3 8.984375 208 10 9 1.0
37 4 4.9599609375 213 6 5 0.5555555555555556
38 3 8.9501953125 215 10 9 1.0
39 4 4.935546875 218 6 5 0.5555555555555556
40 3 8.916015625 222 10 9 1.0
41 3 8.916015625 222 10 9 1.0
41 4 4.9111328125 223 6 5 0.5555555555555556
41 5 4.90625 224 6 5 0.5555555555555556
42 3 8.896484375 226 10 9 1.0
43 3 8.8916015625 227 10 9 1.0
43 4 4.8916015625 227 6 5 0.5555555555555556
44 3 8.876953125 230 10 9 1.0
45 4 4.857421875 234 6 5 0.5555555555555556
46 3 8.8427734375 237 10 9 1.0
47 3 8.837890625 238 10 9 1.0
47 4 4.8330078125 239 6 5 0.5555555555555556
48 3 8.8232421875 241 10 9 1.0
49 4 4.8232421875 241 6 5 0.5555555555555556
49 3 8.8232421875 241 10 9 1.0
50 3 8.8037109375 245 10 9 1.0
51 4 4.7939453125 247 6 5 0.5555555555555556
52 3 8.779296875 250 10 9 1.0
53 4 4.76953125 252 6 5 0.5555555555555556
54 3 8.7548828125 255 10 9 1.0
55 4 4.7353515625 259 6 5 0.5555555555555556
56 3 8.73046875 260 10 9 1.0
57 4 4.73046875 260 6 5 0.5555555555555556
57 3 8.73046875 260 10 9 1.0
58 3 8.7158203125 263 10 9 1.0
59 3 8.7158203125 263 10 9 1.0
59 4 4.701171875 266 6 5 0.5555555555555556
60 3 8.6962890625 267 10 9 1.0
61 4 4.681640625 270 6 5 0.5555555555555556
62 3 8.662109375 274 10 9 1.0
63 4 4.6572265625 275 6 5 0.5555555555555556
63 5 3.921875 276 5 4 0.4444444444444444
64 3 8.91796875 277 10 9 1.0
65 3 8.9140625 278 10 9 1.0
66 3 8.9140625 278 10 9 1.0
67 3 8.90625 280 10 9 1.0
68 3 8.90234375 281 10 9 1.0
69 3 8.890625 284 10 9 1.0
70 3 8.87109375 289 10 9 1.0
71 3 8.85546875 293 10 9 1.0
72 3 8.84375 296 10 9 1.0
72 4 8.83984375 297 10 9 1.0
73 3 8.828125 300 10 9 1.0
74 3 8.81640625 303 10 9 1.0
75 3 8.80859375 305 10 9 1.0
76 3 8.80078125 307 10 9 1.0
77 3 8.7890625 310 10 9 1.0
78 3 8.7734375 314 10 9 1.0
79 3 8.765625 316 10 9 1.0
80 3 8.7578125 318 10 9 1.0
81 4 7.75 320 9 8 0.8888888888888888
81 3 8.75 320 10 9 1.0
82 3 8.7421875 322 10 9 1.0
83 3 8.734375 324 10 9 1.0
84 3 8.734375 324 10 9 1.0
85 3 8.7265625 326 10 9 1.0
86 3 8.71484375 329 10 9 1.0
87 3 8.703125 332 10 9 1.0
88 3 8.69140625 335 10 9 1.0
89 4 7.68359375 337 9 8 0.8888888888888888
89 3 8.68359375 337 10 9 1.0
90 3 8.671875 340 10 9 1.0
91 3 8.671875 340 10 9 1.0
92 3 8.66015625 343 10 9 1.0
93 4 3.9892578125 345 5 4 0.4444444444444444
94 5 3.9658203125 353 5 4 0.4444444444444444
95 4 4.9658203125 353 6 5 0.5555555555555556
95 5 3.962890625 354 5 4 0.4444444444444444
96 5 3.95703125 356 5 4 0.4444444444444444
97 5 1.9482421875 359 3 2 0.2222222222222222
97 4 7.9423828125 361 9 8 0.8888888888888888
98 3 9.64453125 364 10 9 1.0
99 3 9.642578125 366 10 9 1.0
100 3 9.642578125 366 10 9 1.0
101 3 9.6416015625 367 10 9 1.0
102 3 9.640625 368 10 9 1.0
103 3 9.6396484375 369 10 9 1.0
104 3 9.6396484375 369 10 9 1.0
105 3 9.63671875 372 10 9 1.0
106 3 9.63671875 372 10 9 1.0
107 3 9.6357421875 373 10 9 1.0
107 4 9.634765625 374 10 9 1.0
108 3 9.6328125 376 10 9 1.0
109 3 9.6298828125 379 10 9 1.0
110 3 8.62890625 380 9 8 0.8888888888888888
111 3 8.625 384 9 8 0.8888888888888888
111 4 4.623046875 386 5 4 0.4444444444444444
112 4 4.62109375 388 5 4 0.4444444444444444
112 3 8.62109375 388 9 8 0.8888888888888888
113 3 8.62109375 388 9 8 0.8888888888888888
113 4 4.6201171875 389 5 4 0.4444444444444444
113 5 3.6201171875 389 4 3 0.3333333333333333
114 4 4.615234375 394 5 4 0.4444444444444444
115 4 4.6123046875 397 5 4 0.4444444444444444
116 3 8.6123046875 397 9 8 0.8888888888888888
116 4 4.611328125 398 5 4 0.4444444444444444
117 4 4.609375 400 5 4 0.4444444444444444
118 4 4.60546875 404 5 4 0.4444444444444444
118 3 8.60546875 404 9 8 0.8888888888888888
119 4 4.6005859375 409 5 4 0.4444444444444444
120 4 4.599609375 410 5 4 0.4444444444444444
121 3 8.5986328125 411 9 8 0.8888888888888888
121 4 4.5986328125 411 5 4 0.4444444444444444
122 4 4.59765625 412 5 4 0.4444444444444444
123 4 3.59765625 412 4 3 0.3333333333333333
124 5 2.59765625 412 3 2 0.2222222222222222
125 4 4.5966796875 413 5 4 0.4444444444444444
125 5 2.59375 416 3 2 0.2222222222222222
126 5 2.587890625 422 3 2 0.2222222222222222
127 5 2.587890625 422 3 2 0.2222222222222222
127 4 4.587890625 422 5 4 0.4444444444444444
128 4 8.5869140625 423 9 8 0.8888888888888888
128 5 2.5859375 424 3 2 0.2222222222222222
129 5 2.5849609375 425 3 2 0.2222222222222222
130 6 0.5791015625 431 1 0 0.0
130 5 2.5791015625 431 3 2 0.2222222222222222
131 4 8.5751953125 435 9 8 0.8888888888888888
131 5 2.5751953125 435 3 2 0.2222222222222222
131 6 0.57421875 436 1 0 0.0
132 3 5.5732421875 437 6 5 0.5555555555555556
132 5 2.5712890625 439 3 2 0.2222222222222222
133 5 2.5693359375 441 3 2 0.2222222222222222
134 4 4.5673828125 443 5 4 0.4444444444444444
134 5 2.56640625 444 3 2 0.2222222222222222
135 5 2.5634765625 447 3 2 0.2222222222222222
136 4 3.5634765625 447 4 3 0.3333333333333333
136 5 2.5615234375 449 3 2 0.2222222222222222
137 4 4.5615234375 449 5 4 0.4444444444444444
137 5 2.5595703125 451 3 2 0.2222222222222222
138 5 2.5576171875 453 3 2 0.2222222222222222
138 4 3.5546875 456 4 3 0.3333333333333333
139 4 4.5537109375 457 5 4 0.4444444444444444
139 5 2.5537109375 457 3 2 0.2222222222222222
140 5 2.552734375 458 3 2 0.2222222222222222
140 4 4.552734375 458 5 4 0.4444444444444444
141 5 2.552734375 458 3 2 0.2222222222222222
141 4 4.552734375 458 5 4 0.4444444444444444
142 4 4.5517578125 459 5 4 0.4444444444444444
142 5 2.55078125 460 3 2 0.2222222222222222
143 5 2.55078125 460 3 2 0.2222222222222222
143 4 3.55078125 460 4 3 0.3333333333333333
144 4 4.5498046875 461 5 4 0.4444444444444444
144 5 2.546875 464 3 2 0.2222222222222222
145 3 9.5458984375 465 10 9 1.0
145 5 2.5458984375 465 3 2 0.2222222222222222
146 4 3.5458984375 465 4 3 0.3333333333333333
146 5 2.5458984375 465 3 2 0.2222222222222222
147 4 4.54296875 468 5 4 0.4444444444444444
147 5 2.5419921875 469 3 2 0.2222222222222222
148 4 3.5419921875 469 4 3 0.3333333333333333
148 5 2.5419921875 469 3 2 0.2222222222222222
149 5 2.5419921875 469 3 2 0.2222222222222222
150 5 2.5380859375 473 3 2 0.2222222222222222
151 5 2.533203125 478 3 2 0.2222222222222222
152 4 3.533203125 478 4 3 0.3333333333333333
152 5 2.533203125 478 3 2 0.2222222222222222
153 4 4.533203125 478 5 4 0.4444444444444444
153 5 2.5322265625 479 3 2 0.2222222222222222
154 5 2.53125 480 3 2 0.2222222222222222
155 5 2.52734375 484 3 2 0.2222222222222222
156 5 2.525390625 486 3 2 0.2222222222222222
157 5 2.5234375 488 3 2 0.2222222222222222
158 4 3.521484375 490 4 3 0.3333333333333333
158 5 2.51953125 492 3 2 0.2222222222222222
159 4 3.5166015625 495 4 3 0.3333333333333333
159 5 2.5166015625 495 3 2 0.2222222222222222
160 5 2.5146484375 497 3 2 0.2222222222222222
161 5 2.5107421875 501 3 2 0.2222222222222222
162 4 4.5107421875 501 5 4 0.4444444444444444
162 5 2.5078125 504 3 2 0.2222222222222222
163 4 4.5068359375 505 5 4 0.4444444444444444
163 5 2.505859375 506 3 2 0.2222222222222222
164 5 2.505859375 506 3 2 0.2222222222222222
164 4 5.505859375 506 6 5 0.5555555555555556
165 5 2.50390625 508 3 2 0.2222222222222222
166 5 0.5029296875 509 1 0 0.0
166 4 2.5029296875 509 3 2 0.2222222222222222
167 4 3.5009765625 511 4 3 0.3333333333333333
167 3 5.5 512 6 5 0.5555555555555556
168 5 0.4990234375 513 1 0 0.0
169 3 5.498046875 514 6 5 0.5555555555555556
170 4 3.498046875 514 4 3 0.3333333333333333
170 5 0.4970703125 515 1 0 0.0
171 4 2.4931640625 519 3 2 0.2222222222222222
172 3 5.4912109375 521 6 5 0.5555555555555556
173 5 0.4892578125 523 1 0 0.0
174 4 4.4892578125 523 5 4 0.4444444444444444
174 3 5.4892578125 523 6 5 0.5555555555555556
175 5 0.4853515625 527 1 0 0.0
176 3 5.484375 528 6 5 0.5555555555555556
177 4 1.484375 528 2 1 0.1111111111111111
177 5 0.4833984375 529 1 0 0.0
178 3 5.4794921875 533 6 5 0.5555555555555556
179 4 1.4765625 536 2 1 0.1111111111111111
180 4 5.4736328125 539 6 5 0.5555555555555556
180 5 0.4736328125 539 1 0 0.0
181 3 5.4736328125 539 6 5 0.5555555555555556
182 5 0.47265625 540 1 0 0.0
183 3 5.470703125 542 6 5 0.5555555555555556
184 4 3.466796875 546 4 3 0.3333333333333333
184 5 0.466796875 546 1 0 0.0
185 3 5.4658203125 547 6 5 0.5555555555555556
186 5 0.4658203125 547 1 0 0.0
186 4 3.4658203125 547 4 3 0.3333333333333333
187 3 5.4638671875 549 6 5 0.5555555555555556
188 4 3.4609375 552 4 3 0.3333333333333333
188 5 0.4599609375 553 1 0 0.0
189 3 5.4599609375 553 6 5 0.5555555555555556
190 5 0.458984375 554 1 0 0.0
191 3 5.45703125 556 6 5 0.5555555555555556
192 5 0.4560546875 557 1 0 0.0
193 4 1.453125 560 2 1 0.1111111111111111
194 3 5.4521484375 561 6 5 0.5555555555555556
195 4 0.451171875 562 1 0 0.0
196 3 5.4501953125 563 6 5 0.5555555555555556
197 4 0.44921875 564 1 0 0.0
198 3 5.4462890625 567 6 5 0.5555555555555556
199 4 0.4443359375 569 1 0 0.0
199 5 0.443359375 570 1 0 0.0
200 3 5.44140625 572 6 5 0.5555555555555556
201 4 0.44140625 572 1 0 0.0
201 3 1.44140625 572 2 1 0.1111111111111111
202 4 0.4404296875 573 1 0 0.0
203 3 1.4375 576 2 1 0.1111111111111111
204 3 3.435546875 578 4 3 0.3333333333333333
204 4 0.435546875 578 1 0 0.0
205 3 1.43359375 580 2 1 0.1111111111111111
206 4 0.4326171875 581 1 0 0.0
206 3 1.4326171875 581 2 1 0.1111111111111111
207 4 0.4326171875 581 1 0 0.0
208 3 3.431640625 582 4 3 0.3333333333333333
208 4 0.4287109375 585 1 0 0.0
209 3 1.427734375 586 2 1 0.1111111111111111
209 4 1.4267578125 587 2 1 0.1111111111111111
210 4 0.4267578125 587 1 0 0.0
210 3 3.4267578125 587 4 3 0.3333333333333333
211 3 1.42578125 588 2 1 0.1111111111111111
212 4 0.423828125 590 1 0 0.0
213 3 1.4208984375 593 2 1 0.1111111111111111
214 4 0.419921875 594 1 0 0.0
215 3 1.4189453125 595 2 1 0.1111111111111111
215 2 5.4189453125 595 6 5 0.5555555555555556
216 4 0.41796875 596 1 0 0.0
217 3 1.4150390625 599 2 1 0.1111111111111111
218 2 5.4140625 600 6 5 0.5555555555555556
219 4 0.4130859375 601 1 0 0.0
219 3 1.4130859375 601 2 1 0.1111111111111111
220 2 5.412109375 602 6 5 0.5555555555555556
221 4 0.41015625 604 1 0 0.0
221 3 1.41015625 604 2 1 0.1111111111111111
222 2 5.408203125 606 6 5 0.5555555555555556
223 4 0.408203125 606 1 0 0.0
223 3 1.408203125 606 2 1 0.1111111111111111
224 2 5.40625 608 6 5 0.5555555555555556
225 4 0.4052734375 609 1 0 0.0
225 3 1.4052734375 609 2 1 0.1111111111111111
226 2 5.4052734375 609 6 5 0.5555555555555556
227 3 1.4052734375 609 2 1 0.1111111111111111
227 4 0.4033203125 611 1 0 0.0
228 2 5.4013671875 613 6 5 0.5555555555555556
229 3 3.400390625 614 4 3 0.3333333333333333
229 4 0.3994140625 615 1 0 0.0
230 3 1.3984375 616 2 1 0.1111111111111111
230 2 5.3984375 616 6 5 0.5555555555555556
231 2 5.3974609375 617 6 5 0.5555555555555556
231 4 0.3974609375 617 1 0 0.0
232 3 1.3955078125 619 2 1 0.1111111111111111
233 2 5.3935546875 621 6 5 0.5555555555555556
234 4 0.392578125 622 1 0 0.0
234 3 1.392578125 622 2 1 0.1111111111111111
235 2 5.392578125 622 6 5 0.5555555555555556
235 3 4.392578125 622 5 4 0.4444444444444444
236 4 0.3916015625 623 1 0 0.0
236 3 1.3916015625 623 2 1 0.1111111111111111
237 2 5.390625 624 6 5 0.5555555555555556
238 3 1.388671875 626 2 1 0.1111111111111111
238 4 0.388671875 626 1 0 0.0
239 2 5.3876953125 627 6 5 0.5555555555555556
240 4 0.384765625 630 1 0 0.0
241 2 5.380859375 634 6 5 0.5555555555555556
242 3 1.3779296875 637 2 1 0.1111111111111111
243 3 3.376953125 638 4 3 0.3333333333333333
243 4 0.375 640 1 0 0.0
244 2 5.3720703125 643 6 5 0.5555555555555556
245 4 0.37109375 644 1 0 0.0
246 3 1.37109375 644 2 1 0.1111111111111111
247 2 5.37109375 644 6 5 0.5555555555555556
248 4 0.3701171875 645 1 0 0.0
249 2 5.3681640625 647 6 5 0.5555555555555556
250 4 0.3681640625 647 1 0 0.0
251 2 5.3681640625 647 6 5 0.5555555555555556
252 2 5.3671875 648 6 5 0.5555555555555556
253 4 0.3662109375 649 1 0 0.0
254 2 5.3662109375 649 6 5 0.5555555555555556
255 3 3.3662109375 649 4 3 0.3333333333333333
255 4 0.365234375 650 1 0 0.0
256 2 5.365234375 650 6 5 0.5555555555555556
257 4 0.365234375 650 1 0 0.0
257 3 1.365234375 650 2 1 0.1111111111111111
258 4 0.365234375 650 1 0 0.0
259 3 3.365234375 650 4 3 0.3333333333333333
259 4 0.36328125 652 1 0 0.0
260 2 5.3623046875 653 6 5 0.5555555555555556
261 3 1.3603515625 655 2 1 0.1111111111111111
262 4 0.359375 656 1 0 0.0
263 2 5.3583984375 657 6 5 0.5555555555555556
264 4 0.3583984375 657 1 0 0.0
265 2 5.3564453125 659 6 5 0.5555555555555556
266 4 0.35546875 660 1 0 0.0
267 2 5.353515625 662 6 5 0.5555555555555556
268 4 0.353515625 662 1 0 0.0
269 2 5.3525390625 663 6 5 0.5555555555555556
269 3 3.3525390625 663 4 3 0.3333333333333333
270 4 0.3525390625 663 1 0 0.0
270 3 1.3525390625 663 2 1 0.1111111111111111
271 2 5.3515625 664 6 5 0.5555555555555556
272 4 0.3486328125 667 1 0 0.0
273 2 5.34765625 668 6 5 0.5555555555555556
273 4 5.3466796875 669 6 5 0.5555555555555556
274 3 1.34375 672 2 1 0.1111111111111111
274 2 5.34375 672 6 5 0.5555555555555556
275 3 1.34375 672 2 1 0.1111111111111111
275 4 0.34375 672 1 0 0.0
276 2 5.341796875 674 6 5 0.5555555555555556
277 4 0.33984375 676 1 0 0.0
278 3 1.33984375 676 2 1 0.1111111111111111
279 2 5.33984375 676 6 5 0.5555555555555556
280 4 0.33984375 676 1 0 0.0
281 3 3.337890625 678 4 3 0.3333333333333333
281 4 0.337890625 678 1 0 0.0
282 2 5.3369140625 679 6 5 0.5555555555555556
282 3 3.3369140625 679 4 3 0.3333333333333333
283 4 0.3369140625 679 1 0 0.0
284 2 5.3349609375 681 6 5 0.5555555555555556
285 4 0.333984375 682 1 0 0.0
286 2 5.3330078125 683 6 5 0.5555555555555556
287 4 0.3330078125 683 1 0 0.0
288 2 5.33203125 684 6 5 0.5555555555555556
288 3 4.33203125 684 5 4 0.4444444444444444
289 4 0.33203125 684 1 0 0.0
289 3 1.33203125 684 2 1 0.1111111111111111
290 3 4.33203125 684 5 4 0.4444444444444444
290 2 5.3310546875 685 6 5 0.5555555555555556
291 3 1.3310546875 685 2 1 0.1111111111111111
291 4 0.330078125 686 1 0 0.0
292 2 5.328125 688 6 5 0.5555555555555556
293 4 0.328125 688 1 0 0.0
293 3 3.328125 688 4 3 0.3333333333333333
294 3 1.328125 688 2 1 0.1111111111111111
294 2 5.3271484375 689 6 5 0.5555555555555556
295 4 0.326171875 690 1 0 0.0
295 3 1.326171875 690 2 1 0.1111111111111111
296 2 5.3251953125 691 6 5 0.5555555555555556
297 4 0.3232421875 693 1 0 0.0
298 2 5.3212890625 695 6 5 0.5555555555555556
299 4 0.3212890625 695 1 0 0.0
300 2 5.3212890625 695 6 5 0.5555555555555556
301 2 5.3203125 696 6 5 0.5555555555555556
302 4 0.3193359375 697 1 0 0.0
303 2 5.318359375 698 6 5 0.5555555555555556
304 3 1.318359375 698 2 1 0.1111111111111111
304 4 0.3173828125 699 1 0 0.0
305 2 5.3173828125 699 6 5 0.5555555555555556
306 4 0.3173828125 699 1 0 0.0
306 3 3.3173828125 699 4 3 0.3333333333333333
307 4 0.31640625 700 1 0 0.0
308 2 5.31640625 700 6 5 0.5555555555555556
309 3 1.3154296875 701 2 1 0.1111111111111111
309 4 0.3154296875 701 1 0 0.0
310 2 5.3154296875 701 6 5 0.5555555555555556
311 4 0.314453125 702 1 0 0.0
312 2 5.314453125 702 6 5 0.5555555555555556
313 4 0.3134765625 703 1 0 0.0
314 2 5.3125 704 6 5 0.5555555555555556
315 2 5.3115234375 705 6 5 0.5555555555555556
315 3 1.310546875 706 2 1 0.1111111111111111
316 3 3.310546875 706 4 3 0.3333333333333333
316 4 0.30859375 708 1 0 0.0
317 2 5.3076171875 709 6 5 0.5555555555555556
318 4 0.3076171875 709 1 0 0.0
319 2 5.3076171875 709 6 5 0.5555555555555556
320 2 5.3076171875 709 6 5 0.5555555555555556
321 3 3.3076171875 709 4 3 0.3333333333333333
321 2 5.306640625 710 6 5 0.5555555555555556
322 4 0.306640625 710 1 0 0.0
322 3 1.306640625 710 2 1 0.1111111111111111
323 2 5.3056640625 711 6 5 0.5555555555555556
324 4 0.3046875 712 1 0 0.0
325 2 5.3037109375 713 6 5 0.5555555555555556
326 4 0.302734375 714 1 0 0.0
326 3 1.3017578125 715 2 1 0.1111111111111111
327 2 5.3017578125 715 6 5 0.5555555555555556
328 4 0.3017578125 715 1 0 0.0
329 2 5.3017578125 715 6 5 0.5555555555555556
329 3 0.3017578125 715 1 0 0.0
330 3 3.3017578125 715 4 3 0.3333333333333333
330 2 5.2998046875 717 6 5 0.5555555555555556
331 3 0.2998046875 717 1 0 0.0
332 2 5.2998046875 717 6 5 0.5555555555555556
333 2 5.298828125 718 6 5 0.5555555555555556
334 3 0.298828125 718 1 0 0.0
335 2 5.296875 720 6 5 0.5555555555555556
336 3 0.296875 720 1 0 0.0
336 2 5.296875 720 6 5 0.5555555555555556
337 2 5.2958984375 721 6 5 0.5555555555555556
338 3 0.2958984375 721 1 0 0.0
338 2 5.2958984375 721 6 5 0.5555555555555556
339 2 5.2958984375 721 6 5 0.5555555555555556
340 2 5.2939453125 723 6 5 0.5555555555555556
341 3 0.2939453125 723 1 0 0.0
341 2 5.2939453125 723 6 5 0.5555555555555556
342 2 5.29296875 724 6 5 0.5555555555555556
342 3 4.29296875 724 5 4 0.4444444444444444
343 3 0.29296875 724 1 0 0.0
344 2 5.29296875 724 6 5 0.5555555555555556
345 2 5.291015625 726 6 5 0.5555555555555556
346 3 0.2900390625 727 1 0 0.0
347 2 5.2900390625 727 6 5 0.5555555555555556
348 3 0.2890625 728 1 0 0.0
348 2 5.2890625 728 6 5 0.5555555555555556
349 3 0.2880859375 729 1 0 0.0
350 2 5.2880859375 729 6 5 0.5555555555555556
351 3 0.2880859375 729 1 0 0.0
352 3 0.287109375 730 1 0 0.0
352 2 9.287109375 730 10 9 1.0
353 2 5.2861328125 731 6 5 0.5555555555555556
354 3 0.28515625 732 1 0 0.0
355 2 5.28515625 732 6 5 0.5555555555555556
356 3 0.28515625 732 1 0 0.0
357 3 0.28515625 732 1 0 0.0
358 3 0.2841796875 733 1 0 0.0
359 2 5.2822265625 735 6 5 0.5555555555555556
360 3 0.28125 736 1 0 0.0
361 2 5.2802734375 737 6 5 0.5555555555555556
362 3 0.2802734375 737 1 0 0.0
362 2 9.2802734375 737 10 9 1.0
363 2 5.2802734375 737 6 5 0.5555555555555556
364 2 5.279296875 738 6 5 0.5555555555555556
365 3 0.279296875 738 1 0 0.0
365 2 9.279296875 738 10 9 1.0
366 2 5.27734375 740 6 5 0.5555555555555556
367 3 0.2763671875 741 1 0 0.0
368 2 5.2744140625 743 6 5 0.5555555555555556
369 3 0.2744140625 743 1 0 0.0
370 2 5.2744140625 743 6 5 0.5555555555555556
371 2 5.2744140625 743 6 5 0.5555555555555556
372 2 5.2724609375 745 6 5 0.5555555555555556
373 3 0.271484375 746 1 0 0.0
374 2 5.271484375 746 6 5 0.5555555555555556
375 3 0.271484375 746 1 0 0.0
375 2 9.271484375 746 10 9 1.0
376 2 9.271484375 746 10 9 1.0
376 3 0.271484375 746 1 0 0.0
377 3 0.2705078125 747 1 0 0.0
378 2 5.2705078125 747 6 5 0.5555555555555556
379 3 0.2705078125 747 1 0 0.0
380 3 0.2685546875 749 1 0 0.0
381 2 5.267578125 750 6 5 0.5555555555555556
382 3 0.2666015625 751 1 0 0.0
383 2 5.2666015625 751 6 5 0.5555555555555556
384 3 0.263671875 754 1 0 0.0
385 3 3.263671875 754 4 3 0.3333333333333333
385 2 5.2626953125 755 6 5 0.5555555555555556
386 3 0.2626953125 755 1 0 0.0
387 2 5.2607421875 757 6 5 0.5555555555555556
388 3 0.2587890625 759 1 0 0.0
389 2 5.2587890625 759 6 5 0.5555555555555556
390 3 0.2578125 760 1 0 0.0
391 4 4.2578125 760 5 4 0.4444444444444444
391 2 5.2568359375 761 6 5 0.5555555555555556
392 3 0.2568359375 761 1 0 0.0
392 2 9.2568359375 761 10 9 1.0
393 2 5.2568359375 761 6 5 0.5555555555555556
394 3 4.2568359375 761 5 4 0.4444444444444444
394 2 5.2548828125 763 6 5 0.5555555555555556
395 3 0.2548828125 763 1 0 0.0
396 2 5.2548828125 763 6 5 0.5555555555555556
397 2 5.2548828125 763 6 5 0.5555555555555556
398 2 5.2548828125 763 6 5 0.5555555555555556
398 3 4.2548828125 763 5 4 0.4444444444444444
399 2 5.2548828125 763 6 5 0.5555555555555556
399 3 1.2548828125 763 2 1 0.1111111111111111
400 2 5.2548828125 763 6 5 0.5555555555555556
401 2 5.25390625 764 6 5 0.5555555555555556
402 3 0.2529296875 765 1 0 0.0
402 2 9.2529296875 765 10 9 1.0
403 2 5.2529296875 765 6 5 0.5555555555555556
404 3 0.2529296875 765 1 0 0.0
405 3 0.2509765625 767 1 0 0.0
406 2 5.2509765625 767 6 5 0.5555555555555556
407 2 9.248046875 770 10 9 1.0
407 3 0.248046875 770 1 0 0.0
408 2 5.248046875 770 6 5 0.5555555555555556
409 3 0.2470703125 771 1 0 0.0
410 2 5.2470703125 771 6 5 0.5555555555555556
411 3 0.24609375 772 1 0 0.0
412 2 5.2451171875 773 6 5 0.5555555555555556
413 3 0.244140625 774 1 0 0.0
414 2 5.244140625 774 6 5 0.5555555555555556
414 3 0.244140625 774 1 0 0.0
415 3 0.244140625 774 1 0 0.0
415 2 9.244140625 774 10 9 1.0
416 3 0.2431640625 775 1 0 0.0
417 2 5.2431640625 775 6 5 0.5555555555555556
418 3 0.2431640625 775 1 0 0.0
418 2 9.2431640625 775 10 9 1.0
419 3 0.2431640625 775 1 0 0.0
420 3 0.2431640625 775 1 0 0.0
420 2 9.2431640625 775 10 9 1.0
421 3 0.2412109375 777 1 0 0.0
422 2 5.2412109375 777 6 5 0.5555555555555556
423 2 9.240234375 778 10 9 1.0
423 3 0.2392578125 779 1 0 0.0
424 2 5.2392578125 779 6 5 0.5555555555555556
425 3 0.2392578125 779 1 0 0.0
426 3 0.2392578125 779 1 0 0.0
426 2 9.2392578125 779 10 9 1.0
427 3 0.2392578125 779 1 0 0.0
427 2 9.2392578125 779 10 9 1.0
428 3 0.2392578125 779 1 0 0.0
428 2 9.2392578125 779 10 9 1.0
429 3 0.23828125 780 1 0 0.0
430 2 5.236328125 782 6 5 0.5555555555555556
431 3 0.236328125 782 1 0 0.0
432 2 5.234375 784 6 5 0.5555555555555556
433 2 9.234375 784 10 9 1.0
433 3 0.234375 784 1 0 0.0
434 2 5.234375 784 6 5 0.5555555555555556
434 3 4.234375 784 5 4 0.4444444444444444
435 3 3.2333984375 785 4 3 0.3333333333333333
435 2 5.2333984375 785 6 5 0.5555555555555556
436 3 0.232421875 786 1 0 0.0
437 2 5.232421875 786 6 5 0.5555555555555556
438 3 0.232421875 786 1 0 0.0
439 3 0.232421875 786 1 0 0.0
439 2 9.232421875 786 10 9 1.0
440 3 0.2314453125 787 1 0 0.0
441 2 5.2314453125 787 6 5 0.5555555555555556
442 3 0.2275390625 791 1 0 0.0
443 2 5.2275390625 791 6 5 0.5555555555555556
444 3 0.2275390625 791 1 0 0.0
444 2 9.2275390625 791 10 9 1.0
445 3 0.2275390625 791 1 0 0.0
446 2 9.2265625 792 10 9 1.0
446 3 0.2265625 792 1 0 0.0
447 2 5.2255859375 793 6 5 0.5555555555555556
448 3 0.2255859375 793 1 0 0.0
449 2 5.224609375 794 6 5 0.5555555555555556
450 3 0.2236328125 795 1 0 0.0
450 2 9.2236328125 795 10 9 1.0
451 2 5.2236328125 795 6 5 0.5555555555555556
452 2 9.2236328125 795 10 9 1.0
452 3 0.2236328125 795 1 0 0.0
453 3 0.220703125 798 1 0 0.0
454 2 5.2197265625 799 6 5 0.5555555555555556
455 3 0.2197265625 799 1 0 0.0
456 2 5.21875 800 6 5 0.5555555555555556
457 3 0.2177734375 801 1 0 0.0
458 2 5.2177734375 801 6 5 0.5555555555555556
459 3 0.2177734375 801 1 0 0.0
460 3 0.2177734375 801 1 0 0.0
461 3 0.2177734375 801 1 0 0.0
461 4 0.216796875 802 1 0 0.0
462 2 5.216796875 802 6 5 0.5555555555555556
463 3 0.216796875 802 1 0 0.0
464 2 5.216796875 802 6 5 0.5555555555555556
465 2 5.216796875 802 6 5 0.5555555555555556
466 2 5.216796875 802 6 5 0.5555555555555556
467 2 5.216796875 802 6 5 0.5555555555555556
468 2 5.2158203125 803 6 5 0.5555555555555556
469 3 0.2158203125 803 1 0 0.0
470 2 5.2158203125 803 6 5 0.5555555555555556
471 2 5.2158203125 803 6 5 0.5555555555555556
472 2 5.21484375 804 6 5 0.5555555555555556
473 3 0.21484375 804 1 0 0.0
474 2 5.21484375 804 6 5 0.5555555555555556
475 2 5.21484375 804 6 5 0.5555555555555556
476 2 5.21484375 804 6 5 0.5555555555555556
477 2 5.2138671875 805 6 5 0.5555555555555556
478 3 0.212890625 806 1 0 0.0
478 2 9.212890625 806 10 9 1.0
479 2 5.212890625 806 6 5 0.5555555555555556
480 3 0.212890625 806 1 0 0.0
481 3 0.2119140625 807 1 0 0.0
482 2 5.2119140625 807 6 5 0.5555555555555556
482 3 5.2109375 808 6 5 0.5555555555555556
483 3 0.2109375 808 1 0 0.0
483 2 9.2109375 808 10 9 1.0
484 2 5.2109375 808 6 5 0.5555555555555556
485 3 0.208984375 810 1 0 0.0
486 2 5.2080078125 811 6 5 0.5555555555555556
487 3 0.2080078125 811 1 0 0.0
488 2 5.2080078125 811 6 5 0.5555555555555556
489 2 5.2080078125 811 6 5 0.5555555555555556
490 2 5.2080078125 811 6 5 0.5555555555555556
491 2 5.2080078125 811 6 5 0.5555555555555556
492 2 5.2080078125 811 6 5 0.5555555555555556
493 2 5.2080078125 811 6 5 0.5555555555555556
494 2 5.20703125 812 6 5 0.5555555555555556
495 3 0.20703125 812 1 0 0.0
496 2 5.20703125 812 6 5 0.5555555555555556
497 2 4.20703125 812 5 4 0.4444444444444444
498 3 0.20703125 812 1 0 0.0
498 2 9.2060546875 813 10 9 1.0
499 3 0.2060546875 813 1 0 0.0
499 2 9.2060546875 813 10 9 1.0
500 2 4.2060546875 813 5 4 0.4444444444444444
501 3 0.2060546875 813 1 0 0.0
502 2 8.2060546875 813 9 8 0.8888888888888888
502 3 0.2060546875 813 1 0 0.0
503 3 0.205078125 814 1 0 0.0
503 2 9.205078125 814 10 9 1.0
504 2 4.205078125 814 5 4 0.4444444444444444
505 3 0.205078125 814 1 0 0.0
506 3 0.205078125 814 1 0 0.0
507 3 0.2041015625 815 1 0 0.0
508 2 4.2041015625 815 5 4 0.4444444444444444
509 3 0.2041015625 815 1 0 0.0
509 2 9.2041015625 815 10 9 1.0
510 3 0.2041015625 815 1 0 0.0
510 4 0.203125 816 1 0 0.0
511 2 4.2021484375 817 5 4 0.4444444444444444
512 4 0.2021484375 817 1 0 0.0
513 2 4.2021484375 817 5 4 0.4444444444444444
514 2 4.2021484375 817 5 4 0.4444444444444444
515 2 4.2021484375 817 5 4 0.4444444444444444
516 2 4.19921875 820 5 4 0.4444444444444444
517 4 0.197265625 822 1 0 0.0
518 2 4.197265625 822 5 4 0.4444444444444444
519 4 0.197265625 822 1 0 0.0
519 3 9.197265625 822 10 9 1.0
520 3 9.197265625 822 10 9 1.0
520 4 0.197265625 822 1 0 0.0
521 4 0.197265625 822 1 0 0.0
522 4 0.197265625 822 1 0 0.0
523 3 0.197265625 822 1 0 0.0
524 2 4.197265625 822 5 4 0.4444444444444444
525 2 4.197265625 822 5 4 0.4444444444444444
526 2 4.197265625 822 5 4 0.4444444444444444
527 2 4.1953125 824 5 4 0.4444444444444444
528 2 9.1953125 824 10 9 1.0
528 3 0.1953125 824 1 0 0.0
529 2 4.1953125 824 5 4 0.4444444444444444
530 2 4.1953125 824 5 4 0.4444444444444444
531 2 4.1953125 824 5 4 0.4444444444444444
531 3 2.1953125 824 3 2 0.2222222222222222
532 2 4.1943359375 825 5 4 0.4444444444444444
533 2 9.193359375 826 10 9 1.0
533 3 0.1923828125 827 1 0 0.0
533 4 0.19140625 828 1 0 0.0
534 2 4.19140625 828 5 4 0.4444444444444444
534 3 3.19140625 828 4 3 0.3333333333333333
535 4 0.19140625 828 1 0 0.0
535 3 9.19140625 828 10 9 1.0
536 3 0.19140625 828 1 0 0.0
537 2 4.1904296875 829 5 4 0.4444444444444444
538 2 9.1904296875 829 10 9 1.0
538 3 0.1904296875 829 1 0 0.0
539 2 4.189453125 830 5 4 0.4444444444444444
540 3 0.189453125 830 1 0 0.0
541 2 4.1884765625 831 5 4 0.4444444444444444
542 3 0.1884765625 831 1 0 0.0
543 2 4.1884765625 831 5 4 0.4444444444444444
543 1 5.1884765625 831 6 5 0.5555555555555556
544 3 0.1884765625 831 1 0 0.0
544 2 9.1884765625 831 10 9 1.0
545 3 0.1884765625 831 1 0 0.0
545 2 9.1884765625 831 10 9 1.0
546 3 0.1884765625 831 1 0 0.0
546 2 9.1884765625 831 10 9 1.0
547 3 0.1865234375 833 1 0 0.0
548 1 5.1845703125 835 6 5 0.5555555555555556
549 2 4.1845703125 835 5 4 0.4444444444444444
550 3 0.1845703125 835 1 0 0.0
550 2 9.1845703125 835 10 9 1.0
551 1 5.1845703125 835 6 5 0.5555555555555556
552 1 5.18359375 836 6 5 0.5555555555555556
553 3 0.1826171875 837 1 0 0.0
553 2 9.1826171875 837 10 9 1.0
554 1 5.1826171875 837 6 5 0.5555555555555556
555 3 0.1826171875 837 1 0 0.0
556 3 0.181640625 838 1 0 0.0
557 1 5.181640625 838 6 5 0.5555555555555556
558 3 0.181640625 838 1 0 0.0
558 2 9.181640625 838 10 9 1.0
559 3 0.181640625 838 1 0 0.0
559 2 9.181640625 838 10 9 1.0
560 3 0.1806640625 839 1 0 0.0
561 1 5.1806640625 839 6 5 0.5555555555555556
561 2 3.1806640625 839 4 3 0.3333333333333333
562 3 0.1796875 840 1 0 0.0
562 2 9.1796875 840 10 9 1.0
563 1 5.1787109375 841 6 5 0.5555555555555556
564 3 0.177734375 842 1 0 0.0
565 1 5.177734375 842 6 5 0.5555555555555556
566 3 0.1767578125 843 1 0 0.0
567 1 5.1767578125 843 6 5 0.5555555555555556
568 3 0.1767578125 843 1 0 0.0
569 3 0.1767578125 843 1 0 0.0
569 2 9.1767578125 843 10 9 1.0
570 3 0.1767578125 843 1 0 0.0
570 4 0.17578125 844 1 0 0.0
571 1 5.17578125 844 6 5 0.5555555555555556
572 4 0.1748046875 845 1 0 0.0
573 1 5.1748046875 845 6 5 0.5555555555555556
573 2 0.1748046875 845 1 0 0.0
574 1 5.173828125 846 6 5 0.5555555555555556
575 2 0.171875 848 1 0 0.0
576 1 5.171875 848 6 5 0.5555555555555556
577 2 0.1708984375 849 1 0 0.0
577 1 9.1708984375 849 10 9 1.0
578 1 5.169921875 850 6 5 0.5555555555555556
579 2 0.169921875 850 1 0 0.0
580 1 5.1689453125 851 6 5 0.5555555555555556
581 2 0.1689453125 851 1 0 0.0
582 1 5.1689453125 851 6 5 0.5555555555555556
583 1 5.1689453125 851 6 5 0.5555555555555556
583 2 0.1689453125 851 1 0 0.0
584 1 5.1689453125 851 6 5 0.5555555555555556
585 1 5.1689453125 851 6 5 0.5555555555555556
586 1 5.1689453125 851 6 5 0.5555555555555556
587 1 5.1689453125 851 6 5 0.5555555555555556
588 1 5.16796875 852 6 5 0.5555555555555556
589 2 0.16796875 852 1 0 0.0
590 1 5.16796875 852 6 5 0.5555555555555556
591 1 5.16796875 852 6 5 0.5555555555555556
592 1 5.16796875 852 6 5 0.5555555555555556
593 1 5.16796875 852 6 5 0.5555555555555556
594 1 5.16796875 852 6 5 0.5555555555555556
595 1 5.16796875 852 6 5 0.5555555555555556
596 1 5.16796875 852 6 5 0.5555555555555556
597 1 5.16796875 852 6 5 0.5555555555555556
598 1 5.16796875 852 6 5 0.5555555555555556
599 1 5.16796875 852 6 5 0.5555555555555556
600 1 5.16796875 852 6 5 0.5555555555555556
601 1 5.16796875 852 6 5 0.5555555555555556
602 1 5.16796875 852 6 5 0.5555555555555556
603 1 5.1669921875 853 6 5 0.5555555555555556
603 3 3.1669921875 853 4 3 0.3333333333333333
604 2 0.1669921875 853 1 0 0.0
604 1 9.1669921875 853 10 9 1.0
605 1 5.1669921875 853 6 5 0.5555555555555556
606 1 5.1669921875 853 6 5 0.5555555555555556
607 1 5.1669921875 853 6 5 0.5555555555555556
608 1 5.1650390625 855 6 5 0.5555555555555556
609 2 0.1650390625 855 1 0 0.0
610 1 5.1650390625 855 6 5 0.5555555555555556
611 1 5.1630859375 857 6 5 0.5555555555555556
612 2 0.1630859375 857 1 0 0.0
613 1 5.1630859375 857 6 5 0.5555555555555556
614 1 5.1630859375 857 6 5 0.5555555555555556
615 1 5.162109375 858 6 5 0.5555555555555556
616 2 0.162109375 858 1 0 0.0
617 1 5.162109375 858 6 5 0.5555555555555556
617 3 4.162109375 858 5 4 0.4444444444444444
618 1 5.162109375 858 6 5 0.5555555555555556
619 1 5.162109375 858 6 5 0.5555555555555556
620 1 5.162109375 858 6 5 0.5555555555555556
621 1 5.162109375 858 6 5 0.5555555555555556
622 1 5.1611328125 859 6 5 0.5555555555555556
623 1 9.1611328125 859 10 9 1.0
623 2 0.1611328125 859 1 0 0.0
624 1 5.1611328125 859 6 5 0.5555555555555556
625 1 5.1611328125 859 6 5 0.5555555555555556
626 1 5.1611328125 859 6 5 0.5555555555555556
627 1 5.1611328125 859 6 5 0.5555555555555556
628 1 5.1611328125 859 6 5 0.5555555555555556
629 1 5.1611328125 859 6 5 0.5555555555555556
630 1 5.1611328125 859 6 5 0.5555555555555556
631 1 5.1611328125 859 6 5 0.5555555555555556
632 1 5.1611328125 859 6 5 0.5555555555555556
633 1 5.1611328125 859 6 5 0.5555555555555556
634 1 5.1611328125 859 6 5 0.5555555555555556
635 1 5.1611328125 859 6 5 0.5555555555555556
635 2 4.1611328125 859 5 4 0.4444444444444444
636 1 5.1611328125 859 6 5 0.5555555555555556
637 1 5.1611328125 859 6 5 0.5555555555555556
638 1 5.1611328125 859 6 5 0.5555555555555556
639 1 5.1611328125 859 6 5 0.5555555555555556
640 1 5.1611328125 859 6 5 0.5555555555555556
641 1 5.1611328125 859 6 5 0.5555555555555556
641 2 3.1611328125 859 4 3 0.3333333333333333
642 1 5.1611328125 859 6 5 0.5555555555555556
643 1 5.1611328125 859 6 5 0.5555555555555556
644 1 5.1611328125 859 6 5 0.5555555555555556
644 2 4.1611328125 859 5 4 0.4444444444444444
645 1 5.1611328125 859 6 5 0.5555555555555556
646 1 5.1611328125 859 6 5 0.5555555555555556
647 1 5.16015625 860 6 5 0.5555555555555556
648 2 0.16015625 860 1 0 0.0
648 1 9.16015625 860 10 9 1.0
649 1 5.16015625 860 6 5 0.5555555555555556
650 1 5.16015625 860 6 5 0.5555555555555556
651 1 5.16015625 860 6 5 0.5555555555555556
652 1 5.16015625 860 6 5 0.5555555555555556
653 1 5.16015625 860 6 5 0.5555555555555556
654 1 5.16015625 860 6 5 0.5555555555555556
655 1 5.16015625 860 6 5 0.5555555555555556
655 2 4.16015625 860 5 4 0.4444444444444444
656 1 5.16015625 860 6 5 0.5555555555555556
656 2 4.16015625 860 5 4 0.4444444444444444
657 1 5.16015625 860 6 5 0.5555555555555556
658 1 5.16015625 860 6 5 0.5555555555555556
659 1 5.16015625 860 6 5 0.5555555555555556
659 2 3.16015625 860 4 3 0.3333333333333333
660 1 5.16015625 860 6 5 0.5555555555555556
661 1 5.16015625 860 6 5 0.5555555555555556
662 1 5.1591796875 861 6 5 0.5555555555555556
663 2 0.1591796875 861 1 0 0.0
663 1 9.1591796875 861 10 9 1.0
664 1 5.1591796875 861 6 5 0.5555555555555556
665 1 5.1591796875 861 6 5 0.5555555555555556
666 1 5.1591796875 861 6 5 0.5555555555555556
667 1 5.1591796875 861 6 5 0.5555555555555556
668 1 5.1591796875 861 6 5 0.5555555555555556
669 1 5.1591796875 861 6 5 0.5555555555555556
670 1 5.1591796875 861 6 5 0.5555555555555556
671 1 5.158203125 862 6 5 0.5555555555555556
672 2 0.158203125 862 1 0 0.0
673 1 5.158203125 862 6 5 0.5555555555555556
674 1 5.158203125 862 6 5 0.5555555555555556
675 1 5.1572265625 863 6 5 0.5555555555555556
676 2 0.1572265625 863 1 0 0.0
677 1 5.1572265625 863 6 5 0.5555555555555556
678 1 5.1572265625 863 6 5 0.5555555555555556
679 1 5.1572265625 863 6 5 0.5555555555555556
680 1 5.1572265625 863 6 5 0.5555555555555556
681 1 5.1572265625 863 6 5 0.5555555555555556
682 1 5.15625 864 6 5 0.5555555555555556
683 2 0.15625 864 1 0 0.0
684 1 5.15625 864 6 5 0.5555555555555556
685 1 5.15625 864 6 5 0.5555555555555556
686 1 5.15625 864 6 5 0.5555555555555556
687 1 5.15625 864 6 5 0.5555555555555556
687 2 0.15625 864 1 0 0.0
688 1 5.15625 864 6 5 0.5555555555555556
689 1 5.15625 864 6 5 0.5555555555555556
690 1 5.15625 864 6 5 0.5555555555555556
691 1 5.1552734375 865 6 5 0.5555555555555556
692 2 0.154296875 866 1 0 0.0
692 1 9.154296875 866 10 9 1.0
693 3 4.1533203125 867 5 4 0.4444444444444444
693 1 5.15234375 868 6 5 0.5555555555555556
694 2 0.15234375 868 1 0 0.0
695 1 5.15234375 868 6 5 0.5555555555555556
695 2 3.15234375 868 4 3 0.3333333333333333
696 2 4.15234375 868 5 4 0.4444444444444444
696 1 5.15234375 868 6 5 0.5555555555555556
697 1 5.15234375 868 6 5 0.5555555555555556
698 1 5.15234375 868 6 5 0.5555555555555556
699 1 5.15234375 868 6 5 0.5555555555555556
700 1 5.15234375 868 6 5 0.5555555555555556
701 1 5.15234375 868 6 5 0.5555555555555556
701 2 3.15234375 868 4 3 0.3333333333333333
702 1 5.15234375 868 6 5 0.5555555555555556
702 2 3.15234375 868 4 3 0.3333333333333333
703 1 5.15234375 868 6 5 0.5555555555555556
704 1 5.15234375 868 6 5 0.5555555555555556
705 1 5.15234375 868 6 5 0.5555555555555556
706 1 5.15234375 868 6 5 0.5555555555555556
706 2 4.15234375 868 5 4 0.4444444444444444
707 1 5.1513671875 869 6 5 0.5555555555555556
708 2 0.1513671875 869 1 0 0.0
708 1 9.1513671875 869 10 9 1.0
709 1 5.1513671875 869 6 5 0.5555555555555556
710 1 5.1513671875 869 6 5 0.5555555555555556
711 1 5.1513671875 869 6 5 0.5555555555555556
712 1 5.1513671875 869 6 5 0.5555555555555556
713 1 5.150390625 870 6 5 0.5555555555555556
714 2 0.150390625 870 1 0 0.0
715 1 5.150390625 870 6 5 0.5555555555555556
716 1 5.1494140625 871 6 5 0.5555555555555556
717 2 0.1494140625 871 1 0 0.0
718 1 5.1494140625 871 6 5 0.5555555555555556
719 1 5.1494140625 871 6 5 0.5555555555555556
720 1 5.1494140625 871 6 5 0.5555555555555556
721 1 5.1484375 872 6 5 0.5555555555555556
722 2 0.1484375 872 1 0 0.0
723 1 5.1484375 872 6 5 0.5555555555555556
724 1 5.1484375 872 6 5 0.5555555555555556
725 1 5.1484375 872 6 5 0.5555555555555556
726 1 5.1484375 872 6 5 0.5555555555555556
727 1 5.1484375 872 6 5 0.5555555555555556
727 2 4.1484375 872 5 4 0.4444444444444444
728 1 5.1484375 872 6 5 0.5555555555555556
729 1 5.1484375 872 6 5 0.5555555555555556
730 1 5.1484375 872 6 5 0.5555555555555556
731 1 5.1484375 872 6 5 0.5555555555555556
732 1 5.1484375 872 6 5 0.5555555555555556
732 2 4.1484375 872 5 4 0.4444444444444444
733 1 5.1484375 872 6 5 0.5555555555555556
733 2 4.1484375 872 5 4 0.4444444444444444
734 1 5.1484375 872 6 5 0.5555555555555556
734 2 4.1484375 872 5 4 0.4444444444444444
735 1 5.1484375 872 6 5 0.5555555555555556
736 1 5.1474609375 873 6 5 0.5555555555555556
737 2 0.1474609375 873 1 0 0.0
737 1 9.1474609375 873 10 9 1.0
738 1 5.1474609375 873 6 5 0.5555555555555556
739 1 5.1474609375 873 6 5 0.5555555555555556
740 1 5.1455078125 875 6 5 0.5555555555555556
741 2 0.1455078125 875 1 0 0.0
742 1 5.1455078125 875 6 5 0.5555555555555556
743 1 5.1455078125 875 6 5 0.5555555555555556
744 1 5.1455078125 875 6 5 0.5555555555555556
745 1 5.1455078125 875 6 5 0.5555555555555556
745 3 4.1455078125 875 5 4 0.4444444444444444
746 1 5.1455078125 875 6 5 0.5555555555555556
747 1 5.1455078125 875 6 5 0.5555555555555556
748 1 5.1435546875 877 6 5 0.5555555555555556
749 2 0.1435546875 877 1 0 0.0
750 1 5.1435546875 877 6 5 0.5555555555555556
751 1 5.142578125 878 6 5 0.5555555555555556
752 2 0.142578125 878 1 0 0.0
752 1 9.142578125 878 10 9 1.0
753 1 5.142578125 878 6 5 0.5555555555555556
753 2 5.1416015625 879 6 5 0.5555555555555556
754 1 5.140625 880 6 5 0.5555555555555556
755 2 0.140625 880 1 0 0.0
756 1 5.140625 880 6 5 0.5555555555555556
757 1 5.140625 880 6 5 0.5555555555555556
758 1 5.140625 880 6 5 0.5555555555555556
759 1 5.140625 880 6 5 0.5555555555555556
760 1 5.140625 880 6 5 0.5555555555555556
761 1 5.140625 880 6 5 0.5555555555555556
762 1 5.1396484375 881 6 5 0.5555555555555556
763 2 0.1396484375 881 1 0 0.0
764 1 5.1396484375 881 6 5 0.5555555555555556
765 1 5.1396484375 881 6 5 0.5555555555555556
766 1 5.1396484375 881 6 5 0.5555555555555556
767 1 5.1396484375 881 6 5 0.5555555555555556
768 1 5.1396484375 881 6 5 0.5555555555555556
769 1 5.138671875 882 6 5 0.5555555555555556
770 2 0.138671875 882 1 0 0.0
771 1 5.138671875 882 6 5 0.5555555555555556
772 1 5.138671875 882 6 5 0.5555555555555556
772 2 3.138671875 882 4 3 0.3333333333333333
773 1 5.138671875 882 6 5 0.5555555555555556
774 1 5.138671875 882 6 5 0.5555555555555556
775 1 5.138671875 882 6 5 0.5555555555555556
776 1 5.138671875 882 6 5 0.5555555555555556
777 1 5.138671875 882 6 5 0.5555555555555556
777 2 0.138671875 882 1 0 0.0
778 1 5.138671875 882 6 5 0.5555555555555556
779 1 5.138671875 882 6 5 0.5555555555555556
780 1 5.138671875 882 6 5 0.5555555555555556
781 1 5.138671875 882 6 5 0.5555555555555556
782 1 5.138671875 882 6 5 0.5555555555555556
783 1 5.138671875 882 6 5 0.5555555555555556
784 1 5.138671875 882 6 5 0.5555555555555556
785 1 5.138671875 882 6 5 0.5555555555555556
786 1 5.138671875 882 6 5 0.5555555555555556
787 1 5.138671875 882 6 5 0.5555555555555556
788 1 5.138671875 882 6 5 0.5555555555555556
789 1 5.138671875 882 6 5 0.5555555555555556
790 1 5.138671875 882 6 5 0.5555555555555556
790 2 3.138671875 882 4 3 0.3333333333333333
791 1 5.1376953125 883 6 5 0.5555555555555556
792 2 0.1376953125 883 1 0 0.0
792 1 9.1376953125 883 10 9 1.0
793 1 5.1376953125 883 6 5 0.5555555555555556
794 1 5.1376953125 883 6 5 0.5555555555555556
795 1 5.1376953125 883 6 5 0.5555555555555556
796 1 5.1376953125 883 6 5 0.5555555555555556
797 1 5.1376953125 883 6 5 0.5555555555555556
798 1 5.1376953125 883 6 5 0.5555555555555556
799 1 5.1376953125 883 6 5 0.5555555555555556
800 1 5.1376953125 883 6 5 0.5555555555555556
801 1 5.1376953125 883 6 5 0.5555555555555556
802 1 5.1376953125 883 6 5 0.5555555555555556
803 1 5.1376953125 883 6 5 0.5555555555555556
804 1 5.13671875 884 6 5 0.5555555555555556
805 2 0.13671875 884 1 0 0.0
805 1 9.13671875 884 10 9 1.0
806 1 5.13671875 884 6 5 0.5555555555555556
807 1 5.13671875 884 6 5 0.5555555555555556
808 1 5.13671875 884 6 5 0.5555555555555556
809 1 5.1357421875 885 6 5 0.5555555555555556
810 2 0.1357421875 885 1 0 0.0
811 1 5.1357421875 885 6 5 0.5555555555555556
812 1 5.1357421875 885 6 5 0.5555555555555556
813 1 5.1357421875 885 6 5 0.5555555555555556
814 1 5.1357421875 885 6 5 0.5555555555555556
815 1 5.1357421875 885 6 5 0.5555555555555556
816 1 5.1357421875 885 6 5 0.5555555555555556
817 1 5.1357421875 885 6 5 0.5555555555555556
818 1 5.134765625 886 6 5 0.5555555555555556
819 2 0.134765625 886 1 0 0.0
820 1 5.134765625 886 6 5 0.5555555555555556
821 1 5.134765625 886 6 5 0.5555555555555556
822 1 5.134765625 886 6 5 0.5555555555555556
823 1 5.134765625 886 6 5 0.5555555555555556
824 1 5.134765625 886 6 5 0.5555555555555556
825 1 5.134765625 886 6 5 0.5555555555555556
826 1 5.134765625 886 6 5 0.5555555555555556
827 1 5.134765625 886 6 5 0.5555555555555556
828 1 5.134765625 886 6 5 0.5555555555555556
829 1 5.134765625 886 6 5 0.5555555555555556
830 1 5.134765625 886 6 5 0.5555555555555556
831 1 5.134765625 886 6 5 0.5555555555555556
832 1 5.1337890625 887 6 5 0.5555555555555556
833 2 0.1337890625 887 1 0 0.0
834 1 5.1337890625 887 6 5 0.5555555555555556
835 1 5.1337890625 887 6 5 0.5555555555555556
836 1 5.1337890625 887 6 5 0.5555555555555556
837 1 5.1337890625 887 6 5 0.5555555555555556
838 1 5.1328125 888 6 5 0.5555555555555556
839 2 0.1328125 888 1 0 0.0
840 1 5.1328125 888 6 5 0.5555555555555556
841 1 5.1328125 888 6 5 0.5555555555555556
842 1 5.1318359375 889 6 5 0.5555555555555556
843 2 0.1318359375 889 1 0 0.0
844 1 5.1318359375 889 6 5 0.5555555555555556
844 2 4.1318359375 889 5 4 0.4444444444444444
845 1 5.1318359375 889 6 5 0.5555555555555556
846 1 5.1318359375 889 6 5 0.5555555555555556
847 1 5.1318359375 889 6 5 0.5555555555555556
848 1 5.1318359375 889 6 5 0.5555555555555556
849 1 5.1318359375 889 6 5 0.5555555555555556
850 1 5.130859375 890 6 5 0.5555555555555556
850 2 4.130859375 890 5 4 0.4444444444444444
851 2 0.130859375 890 1 0 0.0
852 1 5.130859375 890 6 5 0.5555555555555556
853 1 5.130859375 890 6 5 0.5555555555555556
853 2 4.130859375 890 5 4 0.4444444444444444
854 1 5.130859375 890 6 5 0.5555555555555556
855 1 5.130859375 890 6 5 0.5555555555555556
856 1 5.130859375 890 6 5 0.5555555555555556
857 1 5.130859375 890 6 5 0.5555555555555556
858 1 5.130859375 890 6 5 0.5555555555555556
859 1 5.130859375 890 6 5 0.5555555555555556
860 1 5.130859375 890 6 5 0.5555555555555556
861 1 5.130859375 890 6 5 0.5555555555555556
861 2 0.130859375 890 1 0 0.0
862 1 5.130859375 890 6 5 0.5555555555555556
863 1 5.130859375 890 6 5 0.5555555555555556
864 1 5.130859375 890 6 5 0.5555555555555556
865 1 5.130859375 890 6 5 0.5555555555555556
866 1 5.130859375 890 6 5 0.5555555555555556
867 1 5.130859375 890 6 5 0.5555555555555556
868 1 5.130859375 890 6 5 0.5555555555555556
869 1 5.130859375 890 6 5 0.5555555555555556
870 1 5.130859375 890 6 5 0.5555555555555556
871 1 5.130859375 890 6 5 0.5555555555555556
872 1 5.130859375 890 6 5 0.5555555555555556
873 1 5.130859375 890 6 5 0.5555555555555556
874 1 5.130859375 890 6 5 0.5555555555555556
875 1 5.130859375 890 6 5 0.5555555555555556
876 1 5.130859375 890 6 5 0.5555555555555556
877 1 5.130859375 890 6 5 0.5555555555555556
878 1 5.130859375 890 6 5 0.5555555555555556
879 1 5.130859375 890 6 5 0.5555555555555556
880 1 5.130859375 890 6 5 0.5555555555555556
881 1 5.130859375 890 6 5 0.5555555555555556
882 1 5.130859375 890 6 5 0.5555555555555556
883 1 5.130859375 890 6 5 0.5555555555555556
884 1 5.130859375 890 6 5 0.5555555555555556
885 1 5.130859375 890 6 5 0.5555555555555556
886 1 5.130859375 890 6 5 0.5555555555555556
887 1 5.130859375 890 6 5 0.5555555555555556
888 1 5.130859375 890 6 5 0.5555555555555556
889 1 5.130859375 890 6 5 0.5555555555555556
890 1 5.130859375 890 6 5 0.5555555555555556
891 1 5.130859375 890 6 5 0.5555555555555556
892 1 5.130859375 890 6 5 0.5555555555555556
893 1 5.130859375 890 6 5 0.5555555555555556
894 1 5.130859375 890 6 5 0.5555555555555556
895 1 5.130859375 890 6 5 0.5555555555555556
896 1 5.130859375 890 6 5 0.5555555555555556
897 1 5.130859375 890 6 5 0.5555555555555556
898 1 5.130859375 890 6 5 0.5555555555555556
899 1 5.130859375 890 6 5 0.5555555555555556
900 1 5.130859375 890 6 5 0.5555555555555556
901 1 5.130859375 890 6 5 0.5555555555555556
902 1 5.130859375 890 6 5 0.5555555555555556
902 0 9.130859375 890 10 9 1.0
903 2 0.130859375 890 1 0 0.0
903 1 9.130859375 890 10 9 1.0
904 2 0.130859375 890 1 0 0.0
904 1 9.130859375 890 10 9 1.0
905 2 0.130859375 890 1 0 0.0
906 2 0.130859375 890 1 0 0.0
907 2 0.130859375 890 1 0 0.0
907 1 9.130859375 890 10 9 1.0
908 2 0.1298828125 891 1 0 0.0
909 0 9.1298828125 891 10 9 1.0
910 2 0.1298828125 891 1 0 0.0
910 1 9.1298828125 891 10 9 1.0
911 2 0.1298828125 891 1 0 0.0
912 2 0.1298828125 891 1 0 0.0
913 2 0.1298828125 891 1 0 0.0
914 2 0.1298828125 891 1 0 0.0
915 2 0.1298828125 891 1 0 0.0
915 1 9.1298828125 891 10 9 1.0
916 2 0.1298828125 891 1 0 0.0
917 2 0.1298828125 891 1 0 0.0
917 1 9.1298828125 891 10 9 1.0
918 2 0.1298828125 891 1 0 0.0
919 2 0.1298828125 891 1 0 0.0
919 1 9.1298828125 891 10 9 1.0
920 2 0.1298828125 891 1 0 0.0
920 1 9.1298828125 891 10 9 1.0
921 2 0.1298828125 891 1 0 0.0
922 2 0.1298828125 891 1 0 0.0
923 2 0.1298828125 891 1 0 0.0
924 2 0.1298828125 891 1 0 0.0
924 1 9.1298828125 891 10 9 1.0
925 1 9.1298828125 891 10 9 1.0
925 2 0.12890625 892 1 0 0.0
926 0 9.12890625 892 10 9 1.0
927 2 0.12890625 892 1 0 0.0
928 2 0.12890625 892 1 0 0.0
928 1 9.12890625 892 10 9 1.0
929 2 0.1279296875 893 1 0 0.0
929 1 9.1279296875 893 10 9 1.0
930 0 9.1279296875 893 10 9 1.0
931 2 0.1279296875 893 1 0 0.0
932 2 0.1279296875 893 1 0 0.0
933 2 0.1279296875 893 1 0 0.0
934 1 9.1279296875 893 10 9 1.0
934 2 0.1279296875 893 1 0 0.0
935 1 9.1279296875 893 10 9 1.0
935 2 0.1279296875 893 1 0 0.0
936 2 0.1279296875 893 1 0 0.0
937 2 0.1279296875 893 1 0 0.0
937 1 9.1279296875 893 10 9 1.0
938 1 9.126953125 894 10 9 1.0
938 2 0.126953125 894 1 0 0.0
939 0 9.126953125 894 10 9 1.0
940 1 9.126953125 894 10 9 1.0
940 2 0.1259765625 895 1 0 0.0
941 0 9.1259765625 895 10 9 1.0
942 2 0.125 896 1 0 0.0
942 1 9.125 896 10 9 1.0
943 0 9.125 896 10 9 1.0
943 1 8.125 896 9 8 0.8888888888888888
944 2 0.125 896 1 0 0.0
945 2 0.125 896 1 0 0.0
946 2 0.125 896 1 0 0.0
946 1 9.125 896 10 9 1.0
947 2 0.125 896 1 0 0.0
948 2 0.125 896 1 0 0.0
949 2 0.125 896 1 0 0.0
950 2 0.125 896 1 0 0.0
951 2 0.125 896 1 0 0.0
952 2 0.125 896 1 0 0.0
952 1 9.125 896 10 9 1.0
953 2 0.1240234375 897 1 0 0.0
954 0 9.1240234375 897 10 9 1.0
955 2 0.1240234375 897 1 0 0.0
956 2 0.1240234375 897 1 0 0.0
956 1 9.1240234375 897 10 9 1.0
957 2 0.1240234375 897 1 0 0.0
958 2 0.1240234375 897 1 0 0.0
958 1 9.1240234375 897 10 9 1.0
959 1 9.1240234375 897 10 9 1.0
959 2 0.1240234375 897 1 0 0.0
960 1 9.123046875 898 10 9 1.0
960 2 0.123046875 898 1 0 0.0
961 0 9.123046875 898 10 9 1.0
962 2 0.123046875 898 1 0 0.0
962 1 9.123046875 898 10 9 1.0
963 2 0.123046875 898 1 0 0.0
963 1 9.123046875 898 10 9 1.0
964 2 0.123046875 898 1 0 0.0
964 1 9.123046875 898 10 9 1.0
965 1 9.1220703125 899 10 9 1.0
965 2 0.1220703125 899 1 0 0.0
966 0 9.1220703125 899 10 9 1.0
967 2 0.12109375 900 1 0 0.0
968 0 9.12109375 900 10 9 1.0
969 2 0.12109375 900 1 0 0.0
970 2 0.12109375 900 1 0 0.0
970 1 9.12109375 900 10 9 1.0
971 2 0.1201171875 901 1 0 0.0
972 0 9.1201171875 901 10 9 1.0
973 2 0.1201171875 901 1 0 0.0
974 1 9.1201171875 901 10 9 1.0
974 2 0.1201171875 901 1 0 0.0
975 2 0.1201171875 901 1 0 0.0
976 2 0.1201171875 901 1 0 0.0
977 2 0.1201171875 901 1 0 0.0
978 2 0.1201171875 901 1 0 0.0
978 1 9.1201171875 901 10 9 1.0
979 2 0.1201171875 901 1 0 0.0
980 2 0.1201171875 901 1 0 0.0
981 2 0.1201171875 901 1 0 0.0
981 1 9.1201171875 901 10 9 1.0
982 2 0.1201171875 901 1 0 0.0
982 1 9.1201171875 901 10 9 1.0
983 2 0.1201171875 901 1 0 0.0
984 2 0.1201171875 901 1 0 0.0
985 1 9.1201171875 901 10 9 1.0
985 2 0.1201171875 901 1 0 0.0
986 2 0.1201171875 901 1 0 0.0
986 1 9.1201171875 901 10 9 1.0
987 2 0.1201171875 901 1 0 0.0
988 2 0.1201171875 901 1 0 0.0
989 2 0.119140625 902 1 0 0.0
990 0 9.119140625 902 10 9 1.0
991 2 0.119140625 902 1 0 0.0
992 2 0.1181640625 903 1 0 0.0
993 0 9.1181640625 903 10 9 1.0
994 2 0.1181640625 903 1 0 0.0
995 2 0.1171875 904 1 0 0.0
996 0 9.1171875 904 10 9 1.0
997 1 9.1171875 904 10 9 1.0
997 2 0.1171875 904 1 0 0.0
998 2 0.1171875 904 1 0 0.0
999 2 0.1171875 904 1 0 0.0
1000 2 0.1171875 904 1 0 0.0
1000 1 9.1171875 904 10 9 1.0
