gen testSuiteSize notKilledMutants number_of_tests no_discount_objective no_equiv_mut_not_killed no_equiv_mut_not_killed_perc
1 5 5.9296875 12 6 5 0.5555555555555556
1 3 9.921875 40 10 9 1.0
2 5 5.900390625 51 6 5 0.5555555555555556
3 3 9.890625 56 10 9 1.0
4 4 9.880859375 61 10 9 1.0
4 5 5.87890625 62 6 5 0.5555555555555556
5 3 9.873046875 65 10 9 1.0
6 4 9.87109375 66 10 9 1.0
6 5 5.8671875 68 6 5 0.5555555555555556
7 3 9.857421875 73 10 9 1.0
8 5 4.853515625 75 5 4 0.4444444444444444
9 3 9.84375 80 10 9 1.0
10 5 4.83984375 82 5 4 0.4444444444444444
10 4 8.83984375 82 9 8 0.8888888888888888
11 3 9.837890625 83 10 9 1.0
12 5 4.8359375 84 5 4 0.4444444444444444
13 3 9.83203125 86 10 9 1.0
14 5 4.822265625 91 5 4 0.4444444444444444
15 4 8.818359375 93 9 8 0.8888888888888888
16 3 9.810546875 97 10 9 1.0
17 4 8.806640625 99 9 8 0.8888888888888888
17 5 4.798828125 103 5 4 0.4444444444444444
18 3 9.79296875 106 10 9 1.0
19 4 8.78125 112 9 8 0.8888888888888888
19 5 8.779296875 113 9 8 0.8888888888888888
20 4 8.771484375 117 9 8 0.8888888888888888
20 5 4.76953125 118 5 4 0.4444444444444444
21 3 9.765625 120 10 9 1.0
22 5 4.763671875 121 5 4 0.4444444444444444
23 4 8.7578125 124 9 8 0.8888888888888888
24 3 9.751953125 127 10 9 1.0
24 4 9.75 128 10 9 1.0
25 4 8.75 128 9 8 0.8888888888888888
25 5 4.744140625 131 5 4 0.4444444444444444
26 3 9.740234375 133 10 9 1.0
27 4 8.73828125 134 9 8 0.8888888888888888
28 5 3.73046875 138 4 3 0.3333333333333333
29 3 9.71875 144 10 9 1.0
30 4 8.7109375 148 9 8 0.8888888888888888
31 5 3.705078125 151 4 3 0.3333333333333333
32 3 9.69921875 154 10 9 1.0
33 4 8.6875 160 9 8 0.8888888888888888
34 4 4.681640625 163 5 4 0.4444444444444444
34 5 3.681640625 163 4 3 0.3333333333333333
35 3 9.673828125 167 10 9 1.0
36 4 4.66796875 170 5 4 0.4444444444444444
36 3 8.66796875 170 9 8 0.8888888888888888
37 5 3.66015625 174 4 3 0.3333333333333333
38 4 4.65625 176 5 4 0.4444444444444444
38 3 8.65625 176 9 8 0.8888888888888888
39 5 3.6484375 180 4 3 0.3333333333333333
40 4 4.646484375 181 5 4 0.4444444444444444
40 3 8.646484375 181 9 8 0.8888888888888888
41 5 3.640625 184 4 3 0.3333333333333333
42 4 4.638671875 185 5 4 0.4444444444444444
43 3 8.634765625 187 9 8 0.8888888888888888
44 5 3.62890625 190 4 3 0.3333333333333333
45 3 8.626953125 191 9 8 0.8888888888888888
46 5 3.619140625 195 4 3 0.3333333333333333
47 3 8.6171875 196 9 8 0.8888888888888888
48 5 3.609375 200 4 3 0.3333333333333333
49 3 8.603515625 203 9 8 0.8888888888888888
50 5 3.6015625 204 4 3 0.3333333333333333
51 3 8.595703125 207 9 8 0.8888888888888888
51 4 4.796875 208 5 4 0.4444444444444444
52 4 7.794921875 210 8 7 0.7777777777777778
52 5 3.79296875 212 4 3 0.3333333333333333
53 5 3.791015625 214 4 3 0.3333333333333333
54 4 7.791015625 214 8 7 0.7777777777777778
54 5 3.7861328125 219 4 3 0.3333333333333333
55 5 3.7841796875 221 4 3 0.3333333333333333
56 4 7.783203125 222 8 7 0.7777777777777778
56 5 3.7822265625 223 4 3 0.3333333333333333
57 5 3.7783203125 227 4 3 0.3333333333333333
57 4 7.7783203125 227 8 7 0.7777777777777778
58 5 3.7744140625 231 4 3 0.3333333333333333
59 4 7.7744140625 231 8 7 0.7777777777777778
59 5 3.7734375 232 4 3 0.3333333333333333
60 5 3.7724609375 233 4 3 0.3333333333333333
60 4 7.7724609375 233 8 7 0.7777777777777778
61 5 3.7705078125 235 4 3 0.3333333333333333
62 5 3.7666015625 239 4 3 0.3333333333333333
63 5 3.7646484375 241 4 3 0.3333333333333333
63 4 7.7646484375 241 8 7 0.7777777777777778
64 5 3.76171875 244 4 3 0.3333333333333333
65 5 3.7587890625 247 4 3 0.3333333333333333
66 5 3.755859375 250 4 3 0.3333333333333333
67 5 3.7548828125 251 4 3 0.3333333333333333
68 4 7.751953125 254 8 7 0.7777777777777778
68 5 3.751953125 254 4 3 0.3333333333333333
69 4 7.748046875 258 8 7 0.7777777777777778
69 5 3.748046875 258 4 3 0.3333333333333333
70 5 3.74609375 260 4 3 0.3333333333333333
71 5 3.7451171875 261 4 3 0.3333333333333333
71 4 7.744140625 262 8 7 0.7777777777777778
72 4 8.7412109375 265 9 8 0.8888888888888888
72 5 3.73828125 268 4 3 0.3333333333333333
73 5 3.7353515625 271 4 3 0.3333333333333333
74 5 3.7333984375 273 4 3 0.3333333333333333
75 4 7.7333984375 273 8 7 0.7777777777777778
75 5 3.7314453125 275 4 3 0.3333333333333333
76 4 7.7294921875 277 8 7 0.7777777777777778
76 5 3.728515625 278 4 3 0.3333333333333333
77 5 3.7255859375 281 4 3 0.3333333333333333
78 5 3.72265625 284 4 3 0.3333333333333333
79 5 3.716796875 290 4 3 0.3333333333333333
80 5 3.7099609375 297 4 3 0.3333333333333333
80 4 7.7099609375 297 8 7 0.7777777777777778
81 5 3.705078125 302 4 3 0.3333333333333333
82 5 3.6982421875 309 4 3 0.3333333333333333
83 5 3.6953125 312 4 3 0.3333333333333333
83 4 7.6953125 312 8 7 0.7777777777777778
84 5 3.693359375 314 4 3 0.3333333333333333
85 4 7.69140625 316 8 7 0.7777777777777778
85 5 3.689453125 318 4 3 0.3333333333333333
86 5 3.685546875 322 4 3 0.3333333333333333
87 5 3.6796875 328 4 3 0.3333333333333333
87 4 7.6796875 328 8 7 0.7777777777777778
88 5 3.677734375 330 4 3 0.3333333333333333
89 5 3.67578125 332 4 3 0.3333333333333333
90 5 0.6748046875 333 1 0 0.0
91 3 8.673828125 334 9 8 0.8888888888888888
91 4 4.6728515625 335 5 4 0.4444444444444444
92 4 4.6708984375 337 5 4 0.4444444444444444
93 4 4.6708984375 337 5 4 0.4444444444444444
94 3 9.669921875 338 10 9 1.0
94 4 4.6689453125 339 5 4 0.4444444444444444
95 4 4.66796875 340 5 4 0.4444444444444444
95 3 8.66796875 340 9 8 0.8888888888888888
96 4 4.6650390625 343 5 4 0.4444444444444444
97 3 8.6650390625 343 9 8 0.8888888888888888
97 4 4.6640625 344 5 4 0.4444444444444444
98 4 4.6611328125 347 5 4 0.4444444444444444
99 4 4.658203125 350 5 4 0.4444444444444444
100 4 4.65625 352 5 4 0.4444444444444444
101 3 8.6552734375 353 9 8 0.8888888888888888
101 4 4.654296875 354 5 4 0.4444444444444444
102 3 8.65234375 356 9 8 0.8888888888888888
102 4 4.6513671875 357 5 4 0.4444444444444444
103 4 4.6484375 360 5 4 0.4444444444444444
104 4 4.6484375 360 5 4 0.4444444444444444
105 4 4.6484375 360 5 4 0.4444444444444444
106 4 4.6455078125 363 5 4 0.4444444444444444
107 3 8.6435546875 365 9 8 0.8888888888888888
107 4 4.6435546875 365 5 4 0.4444444444444444
108 4 4.6416015625 367 5 4 0.4444444444444444
109 4 4.6396484375 369 5 4 0.4444444444444444
110 3 8.6376953125 371 9 8 0.8888888888888888
110 4 4.63671875 372 5 4 0.4444444444444444
111 3 8.634765625 374 9 8 0.8888888888888888
112 3 8.634765625 374 9 8 0.8888888888888888
113 3 6.634765625 374 7 6 0.6666666666666666
114 5 0.630859375 378 1 0 0.0
114 4 9.630859375 378 10 9 1.0
115 3 8.630859375 378 9 8 0.8888888888888888
115 4 4.626953125 382 5 4 0.4444444444444444
116 3 6.626953125 382 7 6 0.6666666666666666
117 5 0.6240234375 385 1 0 0.0
118 3 6.623046875 386 7 6 0.6666666666666666
119 5 0.62109375 388 1 0 0.0
120 3 6.6201171875 389 7 6 0.6666666666666666
121 5 0.6181640625 391 1 0 0.0
122 3 6.6162109375 393 7 6 0.6666666666666666
123 5 0.6162109375 393 1 0 0.0
124 3 6.61328125 396 7 6 0.6666666666666666
125 5 0.6103515625 399 1 0 0.0
126 3 6.609375 400 7 6 0.6666666666666666
127 3 9.6083984375 401 10 9 1.0
127 4 4.607421875 402 5 4 0.4444444444444444
128 5 0.599609375 410 1 0 0.0
129 3 6.59765625 412 7 6 0.6666666666666666
130 4 4.5947265625 415 5 4 0.4444444444444444
131 5 0.591796875 418 1 0 0.0
132 3 6.591796875 418 7 6 0.6666666666666666
133 5 0.591796875 418 1 0 0.0
133 4 9.591796875 418 10 9 1.0
134 5 0.587890625 422 1 0 0.0
135 3 6.587890625 422 7 6 0.6666666666666666
136 5 0.5869140625 423 1 0 0.0
137 3 6.5859375 424 7 6 0.6666666666666666
138 5 0.58203125 428 1 0 0.0
139 3 6.580078125 430 7 6 0.6666666666666666
140 3 8.5791015625 431 9 8 0.8888888888888888
140 4 4.578125 432 5 4 0.4444444444444444
141 5 0.5732421875 437 1 0 0.0
142 3 6.572265625 438 7 6 0.6666666666666666
143 4 4.5712890625 439 5 4 0.4444444444444444
143 3 8.5703125 440 9 8 0.8888888888888888
144 4 0.5693359375 441 1 0 0.0
144 5 0.568359375 442 1 0 0.0
145 3 6.5673828125 443 7 6 0.6666666666666666
146 4 0.5654296875 445 1 0 0.0
147 3 6.5634765625 447 7 6 0.6666666666666666
148 4 0.5634765625 447 1 0 0.0
149 3 6.5634765625 447 7 6 0.6666666666666666
150 3 6.5625 448 7 6 0.6666666666666666
151 4 0.5595703125 451 1 0 0.0
152 3 6.55859375 452 7 6 0.6666666666666666
153 3 9.556640625 454 10 9 1.0
153 4 0.556640625 454 1 0 0.0
154 3 6.5556640625 455 7 6 0.6666666666666666
155 4 0.5517578125 459 1 0 0.0
156 3 6.55078125 460 7 6 0.6666666666666666
157 4 0.548828125 462 1 0 0.0
158 3 6.5478515625 463 7 6 0.6666666666666666
159 4 0.546875 464 1 0 0.0
160 3 6.5458984375 465 7 6 0.6666666666666666
161 4 0.544921875 466 1 0 0.0
162 3 5.54296875 468 6 5 0.5555555555555556
163 4 0.5380859375 473 1 0 0.0
164 3 5.5361328125 475 6 5 0.5555555555555556
165 4 0.5322265625 479 1 0 0.0
166 2 5.53125 480 6 5 0.5555555555555556
167 4 0.5302734375 481 1 0 0.0
167 3 9.5302734375 481 10 9 1.0
168 2 5.5302734375 481 6 5 0.5555555555555556
169 3 9.5302734375 481 10 9 1.0
169 4 0.5283203125 483 1 0 0.0
170 2 5.5283203125 483 6 5 0.5555555555555556
171 4 0.52734375 484 1 0 0.0
172 2 5.5263671875 485 6 5 0.5555555555555556
173 4 0.5234375 488 1 0 0.0
174 2 5.5224609375 489 6 5 0.5555555555555556
175 3 9.5205078125 491 10 9 1.0
175 4 0.51953125 492 1 0 0.0
176 2 5.5185546875 493 6 5 0.5555555555555556
177 4 0.5146484375 497 1 0 0.0
178 2 5.5146484375 497 6 5 0.5555555555555556
179 4 0.513671875 498 1 0 0.0
180 2 5.513671875 498 6 5 0.5555555555555556
181 4 0.509765625 502 1 0 0.0
182 2 5.5087890625 503 6 5 0.5555555555555556
183 4 0.5087890625 503 1 0 0.0
184 2 5.5078125 504 6 5 0.5555555555555556
185 4 0.5068359375 505 1 0 0.0
186 2 5.5068359375 505 6 5 0.5555555555555556
187 3 9.5068359375 505 10 9 1.0
187 4 0.505859375 506 1 0 0.0
188 2 5.505859375 506 6 5 0.5555555555555556
189 3 9.5048828125 507 10 9 1.0
189 4 0.50390625 508 1 0 0.0
190 2 5.5029296875 509 6 5 0.5555555555555556
191 4 0.5009765625 511 1 0 0.0
192 2 5.4990234375 513 6 5 0.5555555555555556
193 4 0.4970703125 515 1 0 0.0
194 2 5.4970703125 515 6 5 0.5555555555555556
195 4 0.49609375 516 1 0 0.0
196 2 5.494140625 518 6 5 0.5555555555555556
197 4 0.494140625 518 1 0 0.0
198 2 5.494140625 518 6 5 0.5555555555555556
199 2 5.4931640625 519 6 5 0.5555555555555556
200 4 0.4912109375 521 1 0 0.0
201 2 5.4892578125 523 6 5 0.5555555555555556
202 4 0.4853515625 527 1 0 0.0
203 2 5.484375 528 6 5 0.5555555555555556
204 3 0.482421875 530 1 0 0.0
205 2 5.482421875 530 6 5 0.5555555555555556
206 3 0.4814453125 531 1 0 0.0
207 2 5.4814453125 531 6 5 0.5555555555555556
208 3 0.4794921875 533 1 0 0.0
209 2 5.478515625 534 6 5 0.5555555555555556
210 3 0.4775390625 535 1 0 0.0
210 2 9.4775390625 535 10 9 1.0
211 2 5.4775390625 535 6 5 0.5555555555555556
212 3 0.4755859375 537 1 0 0.0
213 2 5.474609375 538 6 5 0.5555555555555556
214 3 0.474609375 538 1 0 0.0
215 2 5.474609375 538 6 5 0.5555555555555556
216 2 5.474609375 538 6 5 0.5555555555555556
217 2 5.474609375 538 6 5 0.5555555555555556
217 3 5.4736328125 539 6 5 0.5555555555555556
218 2 5.4736328125 539 6 5 0.5555555555555556
219 2 9.4736328125 539 10 9 1.0
219 3 0.47265625 540 1 0 0.0
220 3 3.47265625 540 4 3 0.3333333333333333
220 2 5.470703125 542 6 5 0.5555555555555556
221 3 0.470703125 542 1 0 0.0
222 2 5.470703125 542 6 5 0.5555555555555556
223 2 5.46875 544 6 5 0.5555555555555556
224 2 9.46875 544 10 9 1.0
224 3 0.466796875 546 1 0 0.0
225 2 5.466796875 546 6 5 0.5555555555555556
225 3 3.466796875 546 4 3 0.3333333333333333
226 3 0.4658203125 547 1 0 0.0
226 2 9.4658203125 547 10 9 1.0
227 2 5.4658203125 547 6 5 0.5555555555555556
228 3 0.4619140625 551 1 0 0.0
229 2 5.4619140625 551 6 5 0.5555555555555556
230 3 0.4619140625 551 1 0 0.0
230 2 9.4619140625 551 10 9 1.0
231 3 0.4599609375 553 1 0 0.0
232 2 5.4599609375 553 6 5 0.5555555555555556
233 3 0.4599609375 553 1 0 0.0
233 2 9.4599609375 553 10 9 1.0
234 3 0.4599609375 553 1 0 0.0
235 2 9.4580078125 555 10 9 1.0
235 3 0.4560546875 557 1 0 0.0
236 2 5.4560546875 557 6 5 0.5555555555555556
237 3 0.455078125 558 1 0 0.0
238 2 5.4541015625 559 6 5 0.5555555555555556
239 3 0.453125 560 1 0 0.0
240 2 5.4521484375 561 6 5 0.5555555555555556
241 3 0.4501953125 563 1 0 0.0
242 2 5.4501953125 563 6 5 0.5555555555555556
243 3 0.4501953125 563 1 0 0.0
244 2 9.4501953125 563 10 9 1.0
244 3 0.4501953125 563 1 0 0.0
245 3 0.447265625 566 1 0 0.0
246 2 5.447265625 566 6 5 0.5555555555555556
247 3 0.4453125 568 1 0 0.0
248 2 5.4453125 568 6 5 0.5555555555555556
249 3 0.4423828125 571 1 0 0.0
250 2 5.4423828125 571 6 5 0.5555555555555556
251 2 0.44140625 572 1 0 0.0
252 2 0.44140625 572 1 0 0.0
253 1 9.4404296875 573 10 9 1.0
253 2 0.4404296875 573 1 0 0.0
254 1 9.4404296875 573 10 9 1.0
255 1 9.439453125 574 10 9 1.0
256 2 0.439453125 574 1 0 0.0
256 3 0.4384765625 575 1 0 0.0
257 1 9.4375 576 10 9 1.0
258 2 9.4375 576 10 9 1.0
258 3 0.4375 576 1 0 0.0
259 1 9.4375 576 10 9 1.0
260 1 9.4375 576 10 9 1.0
261 1 9.4375 576 10 9 1.0
261 2 7.4375 576 8 7 0.7777777777777778
262 1 9.435546875 578 10 9 1.0
263 3 0.43359375 580 1 0 0.0
264 1 9.431640625 582 10 9 1.0
265 1 9.431640625 582 10 9 1.0
265 2 0.4296875 584 1 0 0.0
266 1 9.4296875 584 10 9 1.0
267 2 0.4287109375 585 1 0 0.0
268 1 9.4287109375 585 10 9 1.0
269 2 0.4287109375 585 1 0 0.0
270 2 0.4267578125 587 1 0 0.0
271 1 9.42578125 588 10 9 1.0
272 2 0.4248046875 589 1 0 0.0
273 1 9.4248046875 589 10 9 1.0
274 2 0.4248046875 589 1 0 0.0
274 1 9.4248046875 589 10 9 1.0
275 2 0.423828125 590 1 0 0.0
276 1 9.421875 592 10 9 1.0
277 2 0.421875 592 1 0 0.0
278 1 9.421875 592 10 9 1.0
279 1 9.4208984375 593 10 9 1.0
280 2 0.419921875 594 1 0 0.0
281 1 9.419921875 594 10 9 1.0
282 2 0.419921875 594 1 0 0.0
282 1 9.419921875 594 10 9 1.0
283 2 0.4150390625 599 1 0 0.0
284 1 9.4150390625 599 10 9 1.0
285 2 0.4140625 600 1 0 0.0
285 1 9.4140625 600 10 9 1.0
286 2 0.4130859375 601 1 0 0.0
287 2 6.412109375 602 7 6 0.6666666666666666
287 1 9.412109375 602 10 9 1.0
288 2 0.4111328125 603 1 0 0.0
289 1 9.4111328125 603 10 9 1.0
290 2 0.41015625 604 1 0 0.0
291 1 9.4091796875 605 10 9 1.0
292 2 0.4091796875 605 1 0 0.0
293 1 9.4091796875 605 10 9 1.0
294 1 9.408203125 606 10 9 1.0
295 2 0.408203125 606 1 0 0.0
295 1 9.408203125 606 10 9 1.0
296 1 9.408203125 606 10 9 1.0
297 1 9.4072265625 607 10 9 1.0
298 1 9.4072265625 607 10 9 1.0
298 2 0.4072265625 607 1 0 0.0
299 1 9.4052734375 609 10 9 1.0
300 2 0.4033203125 611 1 0 0.0
301 1 9.40234375 612 10 9 1.0
302 2 0.40234375 612 1 0 0.0
302 1 9.40234375 612 10 9 1.0
303 1 9.40234375 612 10 9 1.0
304 1 9.40234375 612 10 9 1.0
304 2 5.40234375 612 6 5 0.5555555555555556
305 1 9.4013671875 613 10 9 1.0
306 2 0.4013671875 613 1 0 0.0
306 1 9.4013671875 613 10 9 1.0
307 1 9.400390625 614 10 9 1.0
308 2 0.3984375 616 1 0 0.0
309 1 9.39453125 620 10 9 1.0
310 1 9.3916015625 623 10 9 1.0
310 2 0.3916015625 623 1 0 0.0
311 1 9.3916015625 623 10 9 1.0
312 1 9.390625 624 10 9 1.0
312 2 9.3896484375 625 10 9 1.0
313 2 0.3896484375 625 1 0 0.0
313 1 9.3896484375 625 10 9 1.0
313 4 0.388671875 626 1 0 0.0
314 2 0.3876953125 627 1 0 0.0
315 1 9.3876953125 627 10 9 1.0
316 2 0.38671875 628 1 0 0.0
317 1 9.38671875 628 10 9 1.0
318 2 0.3857421875 629 1 0 0.0
319 1 9.3837890625 631 10 9 1.0
320 1 9.3837890625 631 10 9 1.0
320 2 0.3828125 632 1 0 0.0
321 1 9.3828125 632 10 9 1.0
322 2 0.3828125 632 1 0 0.0
323 2 0.3828125 632 1 0 0.0
323 1 9.3828125 632 10 9 1.0
324 1 9.380859375 634 10 9 1.0
324 2 0.380859375 634 1 0 0.0
325 1 9.380859375 634 10 9 1.0
326 2 5.3798828125 635 6 5 0.5555555555555556
326 1 9.37890625 636 10 9 1.0
327 2 0.37890625 636 1 0 0.0
327 1 9.37890625 636 10 9 1.0
328 1 9.37890625 636 10 9 1.0
329 1 9.37890625 636 10 9 1.0
330 1 9.37890625 636 10 9 1.0
331 1 9.37890625 636 10 9 1.0
332 1 9.37890625 636 10 9 1.0
333 1 9.37890625 636 10 9 1.0
334 1 9.3759765625 639 10 9 1.0
335 2 0.375 640 1 0 0.0
336 1 9.373046875 642 10 9 1.0
337 1 9.3720703125 643 10 9 1.0
337 2 0.3701171875 645 1 0 0.0
337 3 0.369140625 646 1 0 0.0
338 1 9.369140625 646 10 9 1.0
339 3 0.3681640625 647 1 0 0.0
340 1 9.3681640625 647 10 9 1.0
341 3 0.3681640625 647 1 0 0.0
342 3 0.3671875 648 1 0 0.0
342 2 9.3671875 648 10 9 1.0
343 1 9.3671875 648 10 9 1.0
344 3 0.3671875 648 1 0 0.0
345 3 0.3671875 648 1 0 0.0
346 3 0.3671875 648 1 0 0.0
346 2 9.3671875 648 10 9 1.0
347 3 0.365234375 650 1 0 0.0
348 2 7.365234375 650 8 7 0.7777777777777778
348 1 9.365234375 650 10 9 1.0
349 3 0.365234375 650 1 0 0.0
350 3 0.36328125 652 1 0 0.0
351 1 9.361328125 654 10 9 1.0
352 2 0.361328125 654 1 0 0.0
352 1 9.361328125 654 10 9 1.0
353 1 9.3603515625 655 10 9 1.0
354 2 0.3603515625 655 1 0 0.0
355 1 9.3603515625 655 10 9 1.0
356 1 9.3603515625 655 10 9 1.0
357 1 9.3603515625 655 10 9 1.0
358 1 9.359375 656 10 9 1.0
359 2 0.357421875 658 1 0 0.0
360 1 9.35546875 660 10 9 1.0
361 2 0.35546875 660 1 0 0.0
362 1 9.35546875 660 10 9 1.0
363 1 9.35546875 660 10 9 1.0
364 1 9.3544921875 661 10 9 1.0
365 2 0.353515625 662 1 0 0.0
366 1 9.353515625 662 10 9 1.0
367 2 0.3525390625 663 1 0 0.0
368 1 9.3525390625 663 10 9 1.0
369 2 0.3525390625 663 1 0 0.0
369 1 9.3525390625 663 10 9 1.0
369 3 0.3515625 664 1 0 0.0
370 1 9.3515625 664 10 9 1.0
371 3 0.3515625 664 1 0 0.0
371 2 9.3515625 664 10 9 1.0
371 4 0.3505859375 665 1 0 0.0
372 1 9.3486328125 667 10 9 1.0
373 4 0.3486328125 667 1 0 0.0
374 1 9.3486328125 667 10 9 1.0
375 1 9.3486328125 667 10 9 1.0
376 1 9.3486328125 667 10 9 1.0
377 1 9.34765625 668 10 9 1.0
377 2 0.34765625 668 1 0 0.0
378 1 9.34765625 668 10 9 1.0
379 1 9.34765625 668 10 9 1.0
380 1 9.34765625 668 10 9 1.0
381 1 9.345703125 670 10 9 1.0
382 2 0.345703125 670 1 0 0.0
383 1 9.3447265625 671 10 9 1.0
384 1 9.3447265625 671 10 9 1.0
384 2 0.3447265625 671 1 0 0.0
385 1 9.34375 672 10 9 1.0
386 1 9.34375 672 10 9 1.0
386 2 0.34375 672 1 0 0.0
387 2 4.34375 672 5 4 0.4444444444444444
387 1 9.3427734375 673 10 9 1.0
388 2 0.3427734375 673 1 0 0.0
389 1 9.3427734375 673 10 9 1.0
390 1 9.341796875 674 10 9 1.0
391 2 0.3408203125 675 1 0 0.0
392 1 9.3408203125 675 10 9 1.0
393 2 0.33984375 676 1 0 0.0
393 1 9.33984375 676 10 9 1.0
394 1 9.3388671875 677 10 9 1.0
394 2 0.3388671875 677 1 0 0.0
395 1 9.3388671875 677 10 9 1.0
396 1 9.337890625 678 10 9 1.0
397 2 0.3369140625 679 1 0 0.0
398 1 9.3369140625 679 10 9 1.0
399 2 0.3359375 680 1 0 0.0
400 1 9.3349609375 681 10 9 1.0
401 2 0.3349609375 681 1 0 0.0
402 1 9.3349609375 681 10 9 1.0
403 1 9.3349609375 681 10 9 1.0
404 1 9.333984375 682 10 9 1.0
405 2 0.3330078125 683 1 0 0.0
406 1 9.3310546875 685 10 9 1.0
407 2 0.330078125 686 1 0 0.0
408 1 9.3291015625 687 10 9 1.0
409 2 0.3291015625 687 1 0 0.0
410 1 9.3291015625 687 10 9 1.0
411 1 9.3291015625 687 10 9 1.0
412 1 9.3291015625 687 10 9 1.0
413 1 9.3291015625 687 10 9 1.0
414 1 9.328125 688 10 9 1.0
414 2 6.328125 688 7 6 0.6666666666666666
415 2 0.328125 688 1 0 0.0
415 1 9.328125 688 10 9 1.0
416 1 9.328125 688 10 9 1.0
416 2 6.328125 688 7 6 0.6666666666666666
417 1 9.328125 688 10 9 1.0
418 1 9.328125 688 10 9 1.0
419 1 9.328125 688 10 9 1.0
420 1 9.3271484375 689 10 9 1.0
421 2 0.32421875 692 1 0 0.0
422 1 9.3232421875 693 10 9 1.0
423 2 0.3232421875 693 1 0 0.0
424 1 9.3232421875 693 10 9 1.0
425 1 9.322265625 694 10 9 1.0
426 2 0.3203125 696 1 0 0.0
427 1 9.3203125 696 10 9 1.0
428 2 0.3193359375 697 1 0 0.0
428 1 9.3193359375 697 10 9 1.0
429 1 9.318359375 698 10 9 1.0
429 2 0.31640625 700 1 0 0.0
430 1 9.3154296875 701 10 9 1.0
431 2 0.314453125 702 1 0 0.0
432 1 9.314453125 702 10 9 1.0
433 2 0.314453125 702 1 0 0.0
433 1 9.314453125 702 10 9 1.0
434 2 0.3134765625 703 1 0 0.0
434 1 9.3134765625 703 10 9 1.0
435 2 0.3125 704 1 0 0.0
436 1 9.3125 704 10 9 1.0
437 2 0.3125 704 1 0 0.0
437 1 9.3125 704 10 9 1.0
438 2 0.3115234375 705 1 0 0.0
439 1 9.3115234375 705 10 9 1.0
440 2 0.3115234375 705 1 0 0.0
440 1 9.3115234375 705 10 9 1.0
441 2 0.310546875 706 1 0 0.0
442 1 9.310546875 706 10 9 1.0
443 1 9.3095703125 707 10 9 1.0
443 2 0.30859375 708 1 0 0.0
444 1 9.30859375 708 10 9 1.0
444 2 4.30859375 708 5 4 0.4444444444444444
445 2 0.30859375 708 1 0 0.0
445 1 9.30859375 708 10 9 1.0
446 2 0.3076171875 709 1 0 0.0
447 1 9.3076171875 709 10 9 1.0
448 2 0.3076171875 709 1 0 0.0
448 1 9.3076171875 709 10 9 1.0
449 1 9.3076171875 709 10 9 1.0
449 2 0.306640625 710 1 0 0.0
450 1 9.3046875 712 10 9 1.0
451 2 0.3046875 712 1 0 0.0
452 1 9.3046875 712 10 9 1.0
453 1 9.3037109375 713 10 9 1.0
454 2 0.3037109375 713 1 0 0.0
454 1 9.3037109375 713 10 9 1.0
455 1 9.302734375 714 10 9 1.0
456 2 0.302734375 714 1 0 0.0
457 1 9.302734375 714 10 9 1.0
458 1 9.3017578125 715 10 9 1.0
459 2 0.30078125 716 1 0 0.0
460 1 9.30078125 716 10 9 1.0
461 2 0.30078125 716 1 0 0.0
461 1 9.30078125 716 10 9 1.0
462 2 0.30078125 716 1 0 0.0
463 2 0.30078125 716 1 0 0.0
464 2 0.30078125 716 1 0 0.0
465 2 0.30078125 716 1 0 0.0
465 1 9.30078125 716 10 9 1.0
466 2 0.2998046875 717 1 0 0.0
467 1 9.2998046875 717 10 9 1.0
468 2 0.2978515625 719 1 0 0.0
469 0 9.2978515625 719 10 9 1.0
470 2 0.2978515625 719 1 0 0.0
471 2 0.2978515625 719 1 0 0.0
472 2 0.296875 720 1 0 0.0
473 0 9.296875 720 10 9 1.0
474 2 0.296875 720 1 0 0.0
475 2 0.2958984375 721 1 0 0.0
476 0 9.2958984375 721 10 9 1.0
477 2 0.2958984375 721 1 0 0.0
477 1 9.2958984375 721 10 9 1.0
478 2 0.294921875 722 1 0 0.0
479 0 9.294921875 722 10 9 1.0
480 2 0.2939453125 723 1 0 0.0
481 0 9.2939453125 723 10 9 1.0
482 1 9.29296875 724 10 9 1.0
482 2 0.291015625 726 1 0 0.0
483 0 9.291015625 726 10 9 1.0
484 2 0.291015625 726 1 0 0.0
485 2 0.2900390625 727 1 0 0.0
486 0 9.2890625 728 10 9 1.0
487 2 0.2880859375 729 1 0 0.0
488 0 9.287109375 730 10 9 1.0
489 2 0.287109375 730 1 0 0.0
490 0 9.287109375 730 10 9 1.0
491 0 9.287109375 730 10 9 1.0
492 0 9.2861328125 731 10 9 1.0
493 2 0.2861328125 731 1 0 0.0
494 0 9.2861328125 731 10 9 1.0
495 0 9.2861328125 731 10 9 1.0
496 0 9.2861328125 731 10 9 1.0
497 0 9.2861328125 731 10 9 1.0
498 0 9.2861328125 731 10 9 1.0
498 1 9.28515625 732 10 9 1.0
499 0 9.28515625 732 10 9 1.0
500 2 0.2841796875 733 1 0 0.0
501 0 9.2841796875 733 10 9 1.0
502 2 0.283203125 734 1 0 0.0
502 1 9.2822265625 735 10 9 1.0
503 0 9.28125 736 10 9 1.0
503 1 8.28125 736 9 8 0.8888888888888888
504 1 9.2802734375 737 10 9 1.0
504 2 0.2802734375 737 1 0 0.0
505 0 9.279296875 738 10 9 1.0
506 1 8.279296875 738 9 8 0.8888888888888888
506 0 9.279296875 738 10 9 1.0
507 2 0.27734375 740 1 0 0.0
507 1 9.27734375 740 10 9 1.0
508 0 9.27734375 740 10 9 1.0
509 1 9.2763671875 741 10 9 1.0
509 2 0.275390625 742 1 0 0.0
510 0 9.275390625 742 10 9 1.0
511 2 0.2744140625 743 1 0 0.0
512 0 9.2744140625 743 10 9 1.0
513 2 0.2744140625 743 1 0 0.0
514 2 0.2744140625 743 1 0 0.0
515 2 0.2744140625 743 1 0 0.0
516 2 0.2744140625 743 1 0 0.0
516 1 9.2744140625 743 10 9 1.0
517 2 0.2744140625 743 1 0 0.0
518 2 0.2724609375 745 1 0 0.0
519 0 9.2724609375 745 10 9 1.0
520 2 0.2724609375 745 1 0 0.0
521 2 0.2724609375 745 1 0 0.0
522 2 0.2724609375 745 1 0 0.0
522 1 9.2724609375 745 10 9 1.0
523 2 0.2724609375 745 1 0 0.0
523 1 9.2724609375 745 10 9 1.0
524 2 0.271484375 746 1 0 0.0
525 0 9.271484375 746 10 9 1.0
526 2 0.271484375 746 1 0 0.0
526 1 9.271484375 746 10 9 1.0
527 2 0.271484375 746 1 0 0.0
527 1 9.271484375 746 10 9 1.0
528 2 0.2705078125 747 1 0 0.0
529 0 9.2705078125 747 10 9 1.0
530 2 0.2705078125 747 1 0 0.0
531 2 0.2705078125 747 1 0 0.0
532 2 0.2705078125 747 1 0 0.0
532 1 9.2705078125 747 10 9 1.0
533 2 0.2705078125 747 1 0 0.0
534 2 0.2705078125 747 1 0 0.0
535 2 0.2705078125 747 1 0 0.0
535 1 9.2705078125 747 10 9 1.0
536 2 0.26953125 748 1 0 0.0
537 0 9.26953125 748 10 9 1.0
538 2 0.26953125 748 1 0 0.0
539 2 0.26953125 748 1 0 0.0
540 2 0.267578125 750 1 0 0.0
540 1 9.267578125 750 10 9 1.0
541 0 9.267578125 750 10 9 1.0
542 2 0.2666015625 751 1 0 0.0
543 0 9.2666015625 751 10 9 1.0
544 2 0.265625 752 1 0 0.0
545 0 9.265625 752 10 9 1.0
546 2 0.263671875 754 1 0 0.0
547 0 9.263671875 754 10 9 1.0
548 2 0.263671875 754 1 0 0.0
548 1 9.263671875 754 10 9 1.0
549 2 0.263671875 754 1 0 0.0
550 2 0.263671875 754 1 0 0.0
551 2 0.2626953125 755 1 0 0.0
552 0 9.2626953125 755 10 9 1.0
553 2 0.2626953125 755 1 0 0.0
554 2 0.2626953125 755 1 0 0.0
555 2 0.2626953125 755 1 0 0.0
556 2 0.2626953125 755 1 0 0.0
557 2 0.2626953125 755 1 0 0.0
557 1 9.2626953125 755 10 9 1.0
558 2 0.26171875 756 1 0 0.0
559 0 9.26171875 756 10 9 1.0
560 2 0.2607421875 757 1 0 0.0
560 1 9.2607421875 757 10 9 1.0
561 0 9.2607421875 757 10 9 1.0
562 2 0.2607421875 757 1 0 0.0
562 1 9.2607421875 757 10 9 1.0
563 2 0.2607421875 757 1 0 0.0
563 1 9.2607421875 757 10 9 1.0
564 2 0.2607421875 757 1 0 0.0
564 1 9.2607421875 757 10 9 1.0
565 2 0.259765625 758 1 0 0.0
566 0 9.259765625 758 10 9 1.0
567 2 0.259765625 758 1 0 0.0
568 2 0.2587890625 759 1 0 0.0
569 0 9.2578125 760 10 9 1.0
570 2 0.2568359375 761 1 0 0.0
571 0 9.2568359375 761 10 9 1.0
572 2 0.2568359375 761 1 0 0.0
573 2 0.2548828125 763 1 0 0.0
574 0 9.2548828125 763 10 9 1.0
575 2 0.2548828125 763 1 0 0.0
575 1 9.2548828125 763 10 9 1.0
576 2 0.2548828125 763 1 0 0.0
577 2 0.2548828125 763 1 0 0.0
577 1 9.2548828125 763 10 9 1.0
578 2 0.2548828125 763 1 0 0.0
578 1 9.2548828125 763 10 9 1.0
579 2 0.2548828125 763 1 0 0.0
580 1 9.2548828125 763 10 9 1.0
580 2 0.2548828125 763 1 0 0.0
581 2 0.2548828125 763 1 0 0.0
581 1 9.2548828125 763 10 9 1.0
582 2 0.2548828125 763 1 0 0.0
582 1 9.2548828125 763 10 9 1.0
583 2 0.2548828125 763 1 0 0.0
583 1 9.2548828125 763 10 9 1.0
584 2 0.2548828125 763 1 0 0.0
585 2 0.2548828125 763 1 0 0.0
585 1 9.2548828125 763 10 9 1.0
586 2 0.2548828125 763 1 0 0.0
586 1 9.2548828125 763 10 9 1.0
587 2 0.25390625 764 1 0 0.0
588 0 9.25390625 764 10 9 1.0
589 2 0.25390625 764 1 0 0.0
590 2 0.25390625 764 1 0 0.0
591 2 0.25390625 764 1 0 0.0
592 2 0.25390625 764 1 0 0.0
592 1 9.25390625 764 10 9 1.0
593 2 0.25390625 764 1 0 0.0
594 2 0.25390625 764 1 0 0.0
594 1 9.25390625 764 10 9 1.0
595 2 0.25390625 764 1 0 0.0
596 2 0.25390625 764 1 0 0.0
596 1 9.25390625 764 10 9 1.0
597 2 0.25390625 764 1 0 0.0
597 1 9.25390625 764 10 9 1.0
598 2 0.25390625 764 1 0 0.0
599 2 0.25390625 764 1 0 0.0
599 1 9.25390625 764 10 9 1.0
600 2 0.251953125 766 1 0 0.0
601 1 7.251953125 766 8 7 0.7777777777777778
601 0 9.251953125 766 10 9 1.0
602 2 0.251953125 766 1 0 0.0
603 2 0.251953125 766 1 0 0.0
603 1 9.251953125 766 10 9 1.0
604 2 0.2509765625 767 1 0 0.0
604 1 9.2509765625 767 10 9 1.0
605 0 9.2509765625 767 10 9 1.0
606 2 0.2509765625 767 1 0 0.0
607 2 0.2509765625 767 1 0 0.0
608 2 0.2509765625 767 1 0 0.0
609 2 0.2509765625 767 1 0 0.0
610 2 0.25 768 1 0 0.0
611 0 9.25 768 10 9 1.0
612 2 0.25 768 1 0 0.0
613 2 0.25 768 1 0 0.0
613 1 9.25 768 10 9 1.0
614 2 0.25 768 1 0 0.0
615 2 0.25 768 1 0 0.0
615 1 9.25 768 10 9 1.0
616 2 0.248046875 770 1 0 0.0
617 0 9.2470703125 771 10 9 1.0
618 1 7.2470703125 771 8 7 0.7777777777777778
618 0 9.2470703125 771 10 9 1.0
618 2 6.2470703125 771 7 6 0.6666666666666666
619 2 0.2470703125 771 1 0 0.0
619 1 9.2470703125 771 10 9 1.0
620 0 9.2451171875 773 10 9 1.0
621 2 0.2451171875 773 1 0 0.0
621 1 9.2451171875 773 10 9 1.0
622 0 9.2451171875 773 10 9 1.0
622 1 8.2451171875 773 9 8 0.8888888888888888
623 0 9.2451171875 773 10 9 1.0
623 1 7.2451171875 773 8 7 0.7777777777777778
624 0 9.2451171875 773 10 9 1.0
625 0 9.2451171875 773 10 9 1.0
626 0 9.2451171875 773 10 9 1.0
627 0 9.2451171875 773 10 9 1.0
628 0 9.244140625 774 10 9 1.0
629 2 0.244140625 774 1 0 0.0
630 0 9.244140625 774 10 9 1.0
631 0 9.2431640625 775 10 9 1.0
632 2 0.2431640625 775 1 0 0.0
633 0 9.2431640625 775 10 9 1.0
634 0 9.2431640625 775 10 9 1.0
635 0 9.2431640625 775 10 9 1.0
636 0 9.2431640625 775 10 9 1.0
636 1 8.2431640625 775 9 8 0.8888888888888888
637 0 9.2431640625 775 10 9 1.0
638 0 9.2431640625 775 10 9 1.0
639 0 9.2431640625 775 10 9 1.0
640 0 9.2431640625 775 10 9 1.0
641 0 9.2421875 776 10 9 1.0
642 2 0.2421875 776 1 0 0.0
643 0 9.2421875 776 10 9 1.0
644 0 9.2421875 776 10 9 1.0
645 0 9.2421875 776 10 9 1.0
646 0 9.2421875 776 10 9 1.0
647 0 9.2421875 776 10 9 1.0
648 0 9.2412109375 777 10 9 1.0
649 2 0.2412109375 777 1 0 0.0
650 0 9.2412109375 777 10 9 1.0
651 0 9.2412109375 777 10 9 1.0
652 0 9.2412109375 777 10 9 1.0
653 0 9.2412109375 777 10 9 1.0
654 0 9.2412109375 777 10 9 1.0
655 0 9.2412109375 777 10 9 1.0
656 0 9.2412109375 777 10 9 1.0
657 0 9.2412109375 777 10 9 1.0
658 0 9.2412109375 777 10 9 1.0
659 0 9.2412109375 777 10 9 1.0
660 0 9.2412109375 777 10 9 1.0
660 1 5.2412109375 777 6 5 0.5555555555555556
661 0 9.2412109375 777 10 9 1.0
662 0 9.2412109375 777 10 9 1.0
663 0 9.240234375 778 10 9 1.0
664 2 0.240234375 778 1 0 0.0
664 1 9.240234375 778 10 9 1.0
665 0 9.2392578125 779 10 9 1.0
666 1 9.2392578125 779 10 9 1.0
666 2 0.2392578125 779 1 0 0.0
667 0 9.2392578125 779 10 9 1.0
668 0 9.2392578125 779 10 9 1.0
669 0 9.2392578125 779 10 9 1.0
670 0 9.2392578125 779 10 9 1.0
670 1 8.2392578125 779 9 8 0.8888888888888888
671 0 9.23828125 780 10 9 1.0
672 2 0.23828125 780 1 0 0.0
673 0 9.23828125 780 10 9 1.0
674 0 9.23828125 780 10 9 1.0
675 0 9.23828125 780 10 9 1.0
676 0 9.23828125 780 10 9 1.0
677 0 9.23828125 780 10 9 1.0
678 0 9.23828125 780 10 9 1.0
679 0 9.23828125 780 10 9 1.0
680 0 9.23828125 780 10 9 1.0
681 0 9.23828125 780 10 9 1.0
682 0 9.23828125 780 10 9 1.0
682 1 9.2373046875 781 10 9 1.0
683 0 9.2373046875 781 10 9 1.0
684 2 0.2373046875 781 1 0 0.0
684 1 9.2373046875 781 10 9 1.0
685 0 9.2373046875 781 10 9 1.0
686 0 9.2373046875 781 10 9 1.0
687 0 9.2373046875 781 10 9 1.0
688 0 9.2373046875 781 10 9 1.0
689 0 9.2373046875 781 10 9 1.0
690 0 9.2373046875 781 10 9 1.0
691 0 9.2373046875 781 10 9 1.0
692 0 9.2373046875 781 10 9 1.0
692 1 7.2373046875 781 8 7 0.7777777777777778
693 0 9.2373046875 781 10 9 1.0
694 0 9.2373046875 781 10 9 1.0
695 0 9.236328125 782 10 9 1.0
696 1 9.236328125 782 10 9 1.0
696 2 0.236328125 782 1 0 0.0
697 0 9.236328125 782 10 9 1.0
698 0 9.236328125 782 10 9 1.0
699 0 9.236328125 782 10 9 1.0
700 0 9.236328125 782 10 9 1.0
701 0 9.236328125 782 10 9 1.0
702 0 9.236328125 782 10 9 1.0
703 0 9.236328125 782 10 9 1.0
704 0 9.236328125 782 10 9 1.0
705 0 9.236328125 782 10 9 1.0
706 0 9.236328125 782 10 9 1.0
707 0 9.236328125 782 10 9 1.0
707 1 8.236328125 782 9 8 0.8888888888888888
708 0 9.2353515625 783 10 9 1.0
709 1 9.2353515625 783 10 9 1.0
709 2 0.2353515625 783 1 0 0.0
710 0 9.2353515625 783 10 9 1.0
711 0 9.2353515625 783 10 9 1.0
712 0 9.2353515625 783 10 9 1.0
713 0 9.2353515625 783 10 9 1.0
714 0 9.2353515625 783 10 9 1.0
714 1 7.2353515625 783 8 7 0.7777777777777778
715 0 9.2353515625 783 10 9 1.0
716 0 9.2353515625 783 10 9 1.0
717 0 9.2353515625 783 10 9 1.0
718 0 9.2353515625 783 10 9 1.0
719 0 9.2353515625 783 10 9 1.0
720 0 9.2353515625 783 10 9 1.0
720 1 8.2353515625 783 9 8 0.8888888888888888
721 0 9.2353515625 783 10 9 1.0
722 0 9.2353515625 783 10 9 1.0
723 0 9.2353515625 783 10 9 1.0
724 0 9.2353515625 783 10 9 1.0
725 0 9.2353515625 783 10 9 1.0
726 0 9.2353515625 783 10 9 1.0
727 0 9.2353515625 783 10 9 1.0
728 0 9.2353515625 783 10 9 1.0
729 0 9.2353515625 783 10 9 1.0
730 0 9.2353515625 783 10 9 1.0
731 0 9.2353515625 783 10 9 1.0
732 0 9.2353515625 783 10 9 1.0
733 0 9.2353515625 783 10 9 1.0
734 0 9.2353515625 783 10 9 1.0
735 0 9.2353515625 783 10 9 1.0
736 0 9.2353515625 783 10 9 1.0
736 1 7.2353515625 783 8 7 0.7777777777777778
737 0 9.2353515625 783 10 9 1.0
738 0 9.2353515625 783 10 9 1.0
739 0 9.2353515625 783 10 9 1.0
740 0 9.2353515625 783 10 9 1.0
741 0 9.234375 784 10 9 1.0
742 1 9.234375 784 10 9 1.0
742 2 0.232421875 786 1 0 0.0
743 1 5.232421875 786 6 5 0.5555555555555556
744 0 9.232421875 786 10 9 1.0
745 2 0.232421875 786 1 0 0.0
746 2 0.232421875 786 1 0 0.0
746 1 9.232421875 786 10 9 1.0
747 2 0.232421875 786 1 0 0.0
747 1 9.232421875 786 10 9 1.0
748 2 0.2314453125 787 1 0 0.0
749 0 9.2314453125 787 10 9 1.0
750 2 0.2314453125 787 1 0 0.0
751 2 0.2314453125 787 1 0 0.0
752 2 0.2314453125 787 1 0 0.0
753 2 0.2314453125 787 1 0 0.0
753 1 9.2314453125 787 10 9 1.0
754 2 0.23046875 788 1 0 0.0
755 0 9.23046875 788 10 9 1.0
756 2 0.23046875 788 1 0 0.0
756 1 9.23046875 788 10 9 1.0
757 2 0.23046875 788 1 0 0.0
758 2 0.23046875 788 1 0 0.0
758 1 9.23046875 788 10 9 1.0
759 2 0.23046875 788 1 0 0.0
760 2 0.23046875 788 1 0 0.0
760 1 9.23046875 788 10 9 1.0
761 2 0.23046875 788 1 0 0.0
761 1 9.23046875 788 10 9 1.0
762 2 0.23046875 788 1 0 0.0
762 1 9.23046875 788 10 9 1.0
763 1 9.23046875 788 10 9 1.0
763 2 0.23046875 788 1 0 0.0
764 2 0.23046875 788 1 0 0.0
764 1 9.23046875 788 10 9 1.0
765 2 0.23046875 788 1 0 0.0
766 2 0.2294921875 789 1 0 0.0
767 0 9.2294921875 789 10 9 1.0
768 2 0.2294921875 789 1 0 0.0
769 2 0.2294921875 789 1 0 0.0
769 1 9.2294921875 789 10 9 1.0
770 2 0.228515625 790 1 0 0.0
771 0 9.228515625 790 10 9 1.0
772 2 0.228515625 790 1 0 0.0
773 2 0.228515625 790 1 0 0.0
774 2 0.228515625 790 1 0 0.0
774 1 9.228515625 790 10 9 1.0
775 2 0.228515625 790 1 0 0.0
776 2 0.228515625 790 1 0 0.0
777 2 0.2275390625 791 1 0 0.0
777 1 9.2275390625 791 10 9 1.0
778 0 9.2275390625 791 10 9 1.0
779 2 0.2275390625 791 1 0 0.0
780 2 0.2265625 792 1 0 0.0
781 0 9.2265625 792 10 9 1.0
781 1 8.2265625 792 9 8 0.8888888888888888
782 2 0.2265625 792 1 0 0.0
782 1 9.2265625 792 10 9 1.0
783 2 0.2265625 792 1 0 0.0
784 2 0.2265625 792 1 0 0.0
784 1 9.2265625 792 10 9 1.0
785 2 0.2265625 792 1 0 0.0
785 1 9.2265625 792 10 9 1.0
786 2 0.2265625 792 1 0 0.0
786 1 9.2265625 792 10 9 1.0
787 2 0.2265625 792 1 0 0.0
788 2 0.2265625 792 1 0 0.0
788 1 9.2265625 792 10 9 1.0
789 2 0.2265625 792 1 0 0.0
789 1 9.2265625 792 10 9 1.0
790 2 0.2265625 792 1 0 0.0
790 1 9.2265625 792 10 9 1.0
791 2 0.2265625 792 1 0 0.0
792 2 0.2265625 792 1 0 0.0
792 1 9.2265625 792 10 9 1.0
793 2 0.2265625 792 1 0 0.0
794 2 0.2265625 792 1 0 0.0
795 2 0.2265625 792 1 0 0.0
796 2 0.2265625 792 1 0 0.0
797 2 0.2265625 792 1 0 0.0
797 1 9.2265625 792 10 9 1.0
798 1 9.2265625 792 10 9 1.0
798 2 0.2265625 792 1 0 0.0
799 2 0.2265625 792 1 0 0.0
800 2 0.224609375 794 1 0 0.0
801 0 9.224609375 794 10 9 1.0
802 1 9.224609375 794 10 9 1.0
802 2 0.2236328125 795 1 0 0.0
803 0 9.2236328125 795 10 9 1.0
804 2 0.2236328125 795 1 0 0.0
804 1 9.2236328125 795 10 9 1.0
805 2 0.2236328125 795 1 0 0.0
805 3 0.22265625 796 1 0 0.0
806 0 9.22265625 796 10 9 1.0
807 3 0.2216796875 797 1 0 0.0
808 0 9.2216796875 797 10 9 1.0
809 3 0.2216796875 797 1 0 0.0
810 3 0.2216796875 797 1 0 0.0
811 2 9.2216796875 797 10 9 1.0
811 3 0.2216796875 797 1 0 0.0
812 3 0.220703125 798 1 0 0.0
813 0 9.220703125 798 10 9 1.0
814 3 0.220703125 798 1 0 0.0
814 2 9.220703125 798 10 9 1.0
815 3 0.220703125 798 1 0 0.0
816 2 9.220703125 798 10 9 1.0
816 3 0.21875 800 1 0 0.0
817 0 9.21875 800 10 9 1.0
818 2 9.21875 800 10 9 1.0
818 3 0.21875 800 1 0 0.0
819 3 0.21875 800 1 0 0.0
819 2 9.21875 800 10 9 1.0
820 3 0.2177734375 801 1 0 0.0
821 0 9.2177734375 801 10 9 1.0
822 3 0.2177734375 801 1 0 0.0
822 2 9.2177734375 801 10 9 1.0
823 3 0.2177734375 801 1 0 0.0
824 3 0.2177734375 801 1 0 0.0
824 2 9.2177734375 801 10 9 1.0
825 3 0.2177734375 801 1 0 0.0
826 3 0.2177734375 801 1 0 0.0
827 2 9.216796875 802 10 9 1.0
827 3 0.216796875 802 1 0 0.0
828 0 9.216796875 802 10 9 1.0
829 3 0.21484375 804 1 0 0.0
830 0 9.21484375 804 10 9 1.0
831 3 0.21484375 804 1 0 0.0
831 2 9.21484375 804 10 9 1.0
832 3 0.21484375 804 1 0 0.0
833 2 9.21484375 804 10 9 1.0
833 3 0.21484375 804 1 0 0.0
834 3 0.21484375 804 1 0 0.0
835 3 0.2138671875 805 1 0 0.0
836 0 9.2138671875 805 10 9 1.0
837 3 0.212890625 806 1 0 0.0
838 0 9.212890625 806 10 9 1.0
839 3 0.2119140625 807 1 0 0.0
839 2 9.2119140625 807 10 9 1.0
840 0 9.2119140625 807 10 9 1.0
841 3 0.2109375 808 1 0 0.0
842 0 9.2109375 808 10 9 1.0
843 3 0.2099609375 809 1 0 0.0
844 0 9.2099609375 809 10 9 1.0
845 3 0.2080078125 811 1 0 0.0
846 0 9.2080078125 811 10 9 1.0
847 2 9.2080078125 811 10 9 1.0
847 3 0.20703125 812 1 0 0.0
848 0 9.20703125 812 10 9 1.0
849 3 0.205078125 814 1 0 0.0
850 0 9.205078125 814 10 9 1.0
851 3 0.2041015625 815 1 0 0.0
852 0 9.2041015625 815 10 9 1.0
853 3 0.2041015625 815 1 0 0.0
854 3 0.203125 816 1 0 0.0
855 0 9.203125 816 10 9 1.0
856 3 0.203125 816 1 0 0.0
857 3 0.2021484375 817 1 0 0.0
857 2 9.2021484375 817 10 9 1.0
858 0 9.2021484375 817 10 9 1.0
859 3 0.201171875 818 1 0 0.0
860 0 9.201171875 818 10 9 1.0
861 3 0.201171875 818 1 0 0.0
862 3 0.201171875 818 1 0 0.0
863 2 9.201171875 818 10 9 1.0
863 3 0.201171875 818 1 0 0.0
864 3 0.201171875 818 1 0 0.0
865 3 0.201171875 818 1 0 0.0
865 2 9.201171875 818 10 9 1.0
866 3 0.201171875 818 1 0 0.0
866 2 9.201171875 818 10 9 1.0
867 3 0.201171875 818 1 0 0.0
868 2 0.201171875 818 1 0 0.0
869 0 9.201171875 818 10 9 1.0
870 0 9.201171875 818 10 9 1.0
870 1 7.201171875 818 8 7 0.7777777777777778
871 0 9.201171875 818 10 9 1.0
872 0 9.201171875 818 10 9 1.0
873 0 9.201171875 818 10 9 1.0
874 0 9.201171875 818 10 9 1.0
875 0 9.201171875 818 10 9 1.0
876 1 6.201171875 818 7 6 0.6666666666666666
876 0 9.201171875 818 10 9 1.0
877 0 9.201171875 818 10 9 1.0
878 0 9.201171875 818 10 9 1.0
879 0 9.201171875 818 10 9 1.0
880 0 9.201171875 818 10 9 1.0
881 0 9.201171875 818 10 9 1.0
881 1 7.201171875 818 8 7 0.7777777777777778
882 0 9.201171875 818 10 9 1.0
883 0 9.201171875 818 10 9 1.0
884 0 9.201171875 818 10 9 1.0
885 0 9.201171875 818 10 9 1.0
886 0 9.201171875 818 10 9 1.0
887 0 9.201171875 818 10 9 1.0
888 0 9.201171875 818 10 9 1.0
889 0 9.201171875 818 10 9 1.0
890 0 9.201171875 818 10 9 1.0
891 0 9.201171875 818 10 9 1.0
892 0 9.201171875 818 10 9 1.0
892 2 8.201171875 818 9 8 0.8888888888888888
893 0 9.201171875 818 10 9 1.0
894 0 9.201171875 818 10 9 1.0
895 0 9.201171875 818 10 9 1.0
896 0 9.201171875 818 10 9 1.0
897 0 9.201171875 818 10 9 1.0
898 0 9.201171875 818 10 9 1.0
899 0 9.201171875 818 10 9 1.0
900 0 9.201171875 818 10 9 1.0
901 0 9.201171875 818 10 9 1.0
902 0 9.201171875 818 10 9 1.0
903 0 9.201171875 818 10 9 1.0
904 0 9.201171875 818 10 9 1.0
905 0 9.201171875 818 10 9 1.0
906 0 9.201171875 818 10 9 1.0
907 0 9.201171875 818 10 9 1.0
907 1 0.201171875 818 1 0 0.0
908 0 9.201171875 818 10 9 1.0
909 0 9.201171875 818 10 9 1.0
910 0 9.201171875 818 10 9 1.0
911 0 9.201171875 818 10 9 1.0
912 0 9.201171875 818 10 9 1.0
912 2 6.201171875 818 7 6 0.6666666666666666
913 0 9.201171875 818 10 9 1.0
914 0 9.201171875 818 10 9 1.0
915 0 9.201171875 818 10 9 1.0
916 0 9.201171875 818 10 9 1.0
917 0 9.201171875 818 10 9 1.0
918 0 9.201171875 818 10 9 1.0
919 0 9.201171875 818 10 9 1.0
920 0 9.2001953125 819 10 9 1.0
921 1 0.2001953125 819 1 0 0.0
922 0 9.2001953125 819 10 9 1.0
923 0 9.2001953125 819 10 9 1.0
924 0 9.2001953125 819 10 9 1.0
925 0 9.2001953125 819 10 9 1.0
926 0 9.2001953125 819 10 9 1.0
927 0 9.2001953125 819 10 9 1.0
928 0 9.2001953125 819 10 9 1.0
929 0 9.2001953125 819 10 9 1.0
930 0 9.2001953125 819 10 9 1.0
931 0 9.19921875 820 10 9 1.0
932 1 0.19921875 820 1 0 0.0
932 0 9.19921875 820 10 9 1.0
933 0 9.19921875 820 10 9 1.0
934 0 9.19921875 820 10 9 1.0
935 0 9.19921875 820 10 9 1.0
936 0 9.19921875 820 10 9 1.0
937 0 9.19921875 820 10 9 1.0
938 0 9.19921875 820 10 9 1.0
938 1 0.19921875 820 1 0 0.0
939 0 9.19921875 820 10 9 1.0
940 0 9.19921875 820 10 9 1.0
941 0 9.19921875 820 10 9 1.0
942 0 9.19921875 820 10 9 1.0
943 0 9.19921875 820 10 9 1.0
944 0 9.19921875 820 10 9 1.0
945 0 9.19921875 820 10 9 1.0
945 1 7.19921875 820 8 7 0.7777777777777778
946 0 9.19921875 820 10 9 1.0
947 0 9.19921875 820 10 9 1.0
948 0 9.19921875 820 10 9 1.0
949 0 9.19921875 820 10 9 1.0
950 0 9.19921875 820 10 9 1.0
951 0 9.19921875 820 10 9 1.0
952 0 9.19921875 820 10 9 1.0
953 0 9.19921875 820 10 9 1.0
954 0 9.19921875 820 10 9 1.0
955 0 9.19921875 820 10 9 1.0
956 0 9.19921875 820 10 9 1.0
957 0 9.19921875 820 10 9 1.0
958 0 9.19921875 820 10 9 1.0
959 0 9.19921875 820 10 9 1.0
960 0 9.19921875 820 10 9 1.0
961 0 9.19921875 820 10 9 1.0
962 0 9.19921875 820 10 9 1.0
963 0 9.1982421875 821 10 9 1.0
964 1 0.1982421875 821 1 0 0.0
965 0 9.1982421875 821 10 9 1.0
965 1 7.1982421875 821 8 7 0.7777777777777778
966 0 9.1982421875 821 10 9 1.0
967 0 9.1982421875 821 10 9 1.0
968 0 9.1982421875 821 10 9 1.0
969 0 9.1982421875 821 10 9 1.0
970 0 9.1982421875 821 10 9 1.0
971 0 9.1982421875 821 10 9 1.0
972 0 9.1982421875 821 10 9 1.0
973 0 9.1982421875 821 10 9 1.0
974 0 9.1982421875 821 10 9 1.0
975 0 9.1982421875 821 10 9 1.0
976 0 9.1982421875 821 10 9 1.0
977 0 9.1982421875 821 10 9 1.0
978 0 9.1982421875 821 10 9 1.0
979 0 9.1982421875 821 10 9 1.0
980 0 9.1982421875 821 10 9 1.0
981 0 9.1982421875 821 10 9 1.0
982 0 9.1982421875 821 10 9 1.0
983 0 9.1982421875 821 10 9 1.0
984 0 9.1982421875 821 10 9 1.0
985 0 9.1982421875 821 10 9 1.0
985 1 7.1982421875 821 8 7 0.7777777777777778
986 0 9.1982421875 821 10 9 1.0
987 0 9.1982421875 821 10 9 1.0
988 0 9.1982421875 821 10 9 1.0
989 0 9.1982421875 821 10 9 1.0
990 0 9.1982421875 821 10 9 1.0
991 0 9.1982421875 821 10 9 1.0
992 0 9.1982421875 821 10 9 1.0
993 0 9.1982421875 821 10 9 1.0
994 0 9.1982421875 821 10 9 1.0
994 1 7.1982421875 821 8 7 0.7777777777777778
995 0 9.1982421875 821 10 9 1.0
996 0 9.1982421875 821 10 9 1.0
997 0 9.1982421875 821 10 9 1.0
998 0 9.1982421875 821 10 9 1.0
999 0 9.1982421875 821 10 9 1.0
1000 0 9.1982421875 821 10 9 1.0
