gen testSuiteSize notKilledMutants number_of_tests no_discount_objective no_equiv_mut_not_killed no_equiv_mut_not_killed_perc
1 9 6.671875 24 7 6 0.6666666666666666
1 1 9.466796875 39 10 9 1.0
1 5 9.3984375 44 10 9 1.0
1 6 9.34375 48 10 9 1.0
2 8 8.09765625 77 9 8 0.8888888888888888
2 3 9.02734375 83 10 9 1.0
2 5 8.93359375 91 10 9 1.0
2 7 8.86328125 97 10 9 1.0
3 3 8.78125 104 10 9 1.0
3 4 7.125 112 8 7 0.7777777777777778
4 2 8.75 160 10 9 1.0
4 4 8.734375 162 10 9 1.0
4 5 7.021484375 167 8 7 0.7777777777777778
5 3 8.974609375 175 10 9 1.0
5 4 8.951171875 179 10 9 1.0
5 5 8.27734375 185 9 8 0.8888888888888888
6 5 7.15234375 217 8 7 0.7777777777777778
6 3 8.11328125 227 9 8 0.8888888888888888
7 5 8.078125 236 9 8 0.8888888888888888
7 4 8.984375 260 10 9 1.0
8 5 4.9375 272 6 5 0.5555555555555556
8 1 8.9375 272 10 9 1.0
8 3 8.87890625 287 10 9 1.0
9 6 4.8515625 294 6 5 0.5555555555555556
9 3 8.83203125 299 10 9 1.0
9 4 7.82421875 301 9 8 0.8888888888888888
10 6 7.7734375 314 9 8 0.8888888888888888
10 3 8.74609375 321 10 9 1.0
11 6 5.70703125 331 7 6 0.6666666666666666
11 2 8.703125 332 10 9 1.0
11 3 8.64453125 347 10 9 1.0
12 2 8.640625 348 10 9 1.0
12 3 8.625 352 10 9 1.0
12 5 8.62109375 353 10 9 1.0
13 2 7.58203125 363 9 8 0.8888888888888888
14 3 8.56640625 367 10 9 1.0
14 6 8.546875 372 10 9 1.0
15 4 7.54296875 373 9 8 0.8888888888888888
15 5 6.53125 376 8 7 0.7777777777777778
15 3 8.4921875 386 10 9 1.0
16 3 7.47265625 391 9 8 0.8888888888888888
16 4 7.453125 396 9 8 0.8888888888888888
17 4 8.42578125 403 10 9 1.0
17 5 8.40234375 409 10 9 1.0
17 7 5.39453125 411 7 6 0.6666666666666666
18 3 7.3828125 414 9 8 0.8888888888888888
18 2 8.3828125 414 10 9 1.0
19 4 7.375 416 9 8 0.8888888888888888
20 2 8.3359375 426 10 9 1.0
20 3 7.328125 428 9 8 0.8888888888888888
21 2 8.31640625 431 10 9 1.0
21 4 8.3125 432 10 9 1.0
21 6 7.3046875 434 9 8 0.8888888888888888
22 4 8.2734375 442 10 9 1.0
23 2 8.26953125 443 10 9 1.0
23 3 8.265625 444 10 9 1.0
23 4 8.26171875 445 10 9 1.0
23 5 5.126953125 447 6 5 0.5555555555555556
24 1 9.119140625 451 10 9 1.0
24 7 5.1171875 452 6 5 0.5555555555555556
24 2 9.1171875 452 10 9 1.0
25 3 7.11328125 454 8 7 0.7777777777777778
25 6 6.11328125 454 7 6 0.6666666666666666
26 7 7.09375 464 8 7 0.7777777777777778
26 2 9.09375 464 10 9 1.0
26 3 9.087890625 467 10 9 1.0
27 5 8.087890625 467 9 8 0.8888888888888888
27 6 8.0859375 468 9 8 0.8888888888888888
27 3 9.0859375 468 10 9 1.0
28 6 7.080078125 471 8 7 0.7777777777777778
28 4 9.0703125 476 10 9 1.0
29 2 7.0703125 476 8 7 0.7777777777777778
29 8 6.068359375 477 7 6 0.6666666666666666
30 4 8.0625 480 9 8 0.8888888888888888
30 3 9.0625 480 10 9 1.0
30 5 8.060546875 481 9 8 0.8888888888888888
31 4 8.05859375 482 9 8 0.8888888888888888
32 6 5.052734375 485 6 5 0.5555555555555556
32 3 9.052734375 485 10 9 1.0
33 3 8.052734375 485 9 8 0.8888888888888888
33 2 9.052734375 485 10 9 1.0
34 5 6.05078125 486 7 6 0.6666666666666666
34 3 9.048828125 487 10 9 1.0
35 3 9.048828125 487 10 9 1.0
35 6 9.046875 488 10 9 1.0
36 3 9.044921875 489 10 9 1.0
36 5 7.044921875 489 8 7 0.7777777777777778
37 2 7.044921875 489 8 7 0.7777777777777778
38 5 8.0390625 492 9 8 0.8888888888888888
38 3 9.037109375 493 10 9 1.0
39 4 5.037109375 493 6 5 0.5555555555555556
39 3 9.033203125 495 10 9 1.0
40 4 9.033203125 495 10 9 1.0
40 5 9.03125 496 10 9 1.0
40 8 8.03125 496 9 8 0.8888888888888888
41 5 7.03125 496 8 7 0.7777777777777778
41 6 5.02734375 498 6 5 0.5555555555555556
41 3 9.02734375 498 10 9 1.0
42 4 6.02734375 498 7 6 0.6666666666666666
42 5 5.025390625 499 6 5 0.5555555555555556
43 8 5.0234375 500 6 5 0.5555555555555556
43 3 9.0234375 500 10 9 1.0
43 5 6.0234375 500 7 6 0.6666666666666666
44 5 8.021484375 501 9 8 0.8888888888888888
44 9 6.021484375 501 7 6 0.6666666666666666
44 2 9.01953125 502 10 9 1.0
45 7 5.015625 504 6 5 0.5555555555555556
45 3 9.015625 504 10 9 1.0
46 1 9.013671875 505 10 9 1.0
46 2 9.01171875 506 10 9 1.0
46 6 5.01171875 506 6 5 0.5555555555555556
47 5 8.01171875 506 9 8 0.8888888888888888
47 3 9.009765625 507 10 9 1.0
47 7 8.009765625 507 9 8 0.8888888888888888
48 6 5.0078125 508 6 5 0.5555555555555556
48 2 9.0078125 508 10 9 1.0
49 6 5.005859375 509 6 5 0.5555555555555556
49 3 9.005859375 509 10 9 1.0
50 7 5.005859375 509 6 5 0.5555555555555556
50 4 9.00390625 510 10 9 1.0
50 5 8.00390625 510 9 8 0.8888888888888888
51 3 9.00390625 510 10 9 1.0
51 4 6.00390625 510 7 6 0.6666666666666666
52 2 9.00390625 510 10 9 1.0
53 3 8.00390625 510 9 8 0.8888888888888888
54 6 5.00390625 510 6 5 0.5555555555555556
54 3 7.00390625 510 8 7 0.7777777777777778
55 3 9.00390625 510 10 9 1.0
55 6 8.00390625 510 9 8 0.8888888888888888
55 8 7.00390625 510 8 7 0.7777777777777778
56 3 9.00390625 510 10 9 1.0
56 4 6.00390625 510 7 6 0.6666666666666666
57 5 5.00390625 510 6 5 0.5555555555555556
57 2 9.00390625 510 10 9 1.0
57 4 8.00390625 510 9 8 0.8888888888888888
58 3 9.00390625 510 10 9 1.0
59 4 7.00390625 510 8 7 0.7777777777777778
59 3 9.00390625 510 10 9 1.0
60 5 5.00390625 510 6 5 0.5555555555555556
60 4 8.001953125 511 9 8 0.8888888888888888
60 3 9.001953125 511 10 9 1.0
61 3 9 512 10 9 1.0
62 2 9 512 10 9 1.0
63 6 5 512 6 5 0.5555555555555556
63 2 9 512 10 9 1.0
64 3 9 512 10 9 1.0
65 4 9 512 10 9 1.0
65 5 8 512 9 8 0.8888888888888888
66 2 9 512 10 9 1.0
67 3 8 512 9 8 0.8888888888888888
67 6 6 512 7 6 0.6666666666666666
68 5 8 512 9 8 0.8888888888888888
68 1 9 512 10 9 1.0
69 3 9 512 10 9 1.0
69 5 8 512 9 8 0.8888888888888888
70 8 5 512 6 5 0.5555555555555556
70 2 9 512 10 9 1.0
71 2 5 512 6 5 0.5555555555555556
72 5 8 512 9 8 0.8888888888888888
72 7 5 512 6 5 0.5555555555555556
72 4 9 512 10 9 1.0
73 3 9 512 10 9 1.0
73 4 5 512 6 5 0.5555555555555556
73 8 4 512 5 4 0.4444444444444444
74 5 5 512 6 5 0.5555555555555556
74 2 9 512 10 9 1.0
74 4 8 512 9 8 0.8888888888888888
75 2 9 512 10 9 1.0
76 4 9 512 10 9 1.0
76 8 5 512 6 5 0.5555555555555556
76 6 8 512 9 8 0.8888888888888888
77 6 5 512 6 5 0.5555555555555556
77 4 9 512 10 9 1.0
77 5 7 512 8 7 0.7777777777777778
78 1 9 512 10 9 1.0
78 7 6 512 7 6 0.6666666666666666
79 3 9 512 10 9 1.0
79 5 7 512 8 7 0.7777777777777778
80 3 9 512 10 9 1.0
80 4 8 512 9 8 0.8888888888888888
81 7 7 512 8 7 0.7777777777777778
81 3 9 512 10 9 1.0
82 3 9 512 10 9 1.0
83 5 6 512 7 6 0.6666666666666666
83 2 9 512 10 9 1.0
84 4 7 512 8 7 0.7777777777777778
84 2 9 512 10 9 1.0
85 3 9 512 10 9 1.0
85 4 8 512 9 8 0.8888888888888888
86 5 5 512 6 5 0.5555555555555556
86 3 9 512 10 9 1.0
87 3 9 512 10 9 1.0
87 5 6 512 7 6 0.6666666666666666
88 8 7 512 8 7 0.7777777777777778
88 5 9 512 10 9 1.0
89 3 8 512 9 8 0.8888888888888888
90 2 5 512 6 5 0.5555555555555556
91 5 6 512 7 6 0.6666666666666666
91 8 3 512 4 3 0.3333333333333333
91 4 9 512 10 9 1.0
92 6 8 512 9 8 0.8888888888888888
92 2 9 512 10 9 1.0
93 5 8 512 9 8 0.8888888888888888
93 6 6 512 7 6 0.6666666666666666
93 3 9 512 10 9 1.0
94 6 8 512 9 8 0.8888888888888888
94 3 9 512 10 9 1.0
95 4 9 512 10 9 1.0
96 1 9 512 10 9 1.0
97 6 8 512 9 8 0.8888888888888888
97 3 9 512 10 9 1.0
98 4 8 512 9 8 0.8888888888888888
98 2 9 512 10 9 1.0
99 5 8 512 9 8 0.8888888888888888
99 3 9 512 10 9 1.0
99 6 5 512 6 5 0.5555555555555556
100 2 9 512 10 9 1.0
100 5 5 512 6 5 0.5555555555555556
101 3 9 512 10 9 1.0
101 4 8 512 9 8 0.8888888888888888
102 5 8 512 9 8 0.8888888888888888
102 2 9 512 10 9 1.0
103 3 6 512 7 6 0.6666666666666666
103 1 9 512 10 9 1.0
104 2 9 512 10 9 1.0
104 4 8 512 9 8 0.8888888888888888
105 4 6 512 7 6 0.6666666666666666
105 2 9 512 10 9 1.0
106 4 8 512 9 8 0.8888888888888888
106 3 9 512 10 9 1.0
107 4 8 512 9 8 0.8888888888888888
108 4 7 512 8 7 0.7777777777777778
109 2 9 512 10 9 1.0
110 2 9 512 10 9 1.0
111 3 6 512 7 6 0.6666666666666666
112 4 8 512 9 8 0.8888888888888888
112 3 9 512 10 9 1.0
112 5 7 512 8 7 0.7777777777777778
112 6 6 512 7 6 0.6666666666666666
113 2 9 512 10 9 1.0
113 5 5 512 6 5 0.5555555555555556
114 7 8 512 9 8 0.8888888888888888
114 0 9 512 10 9 1.0
115 5 7 512 8 7 0.7777777777777778
115 2 9 512 10 9 1.0
115 4 8 512 9 8 0.8888888888888888
115 6 4 512 5 4 0.4444444444444444
116 2 9 512 10 9 1.0
116 3 8 512 9 8 0.8888888888888888
117 3 9 512 10 9 1.0
118 8 5 512 6 5 0.5555555555555556
118 6 8 512 9 8 0.8888888888888888
118 3 9 512 10 9 1.0
119 2 8 512 9 8 0.8888888888888888
119 7 6 512 7 6 0.6666666666666666
120 2 9 512 10 9 1.0
121 2 9 512 10 9 1.0
122 2 9 512 10 9 1.0
122 3 5 512 6 5 0.5555555555555556
123 3 9 512 10 9 1.0
124 8 8 512 9 8 0.8888888888888888
124 3 9 512 10 9 1.0
125 3 9 512 10 9 1.0
125 4 8 512 9 8 0.8888888888888888
126 3 9 512 10 9 1.0
126 5 5 512 6 5 0.5555555555555556
127 2 8 512 9 8 0.8888888888888888
127 6 5 512 6 5 0.5555555555555556
128 2 9 512 10 9 1.0
128 4 7 512 8 7 0.7777777777777778
129 3 9 512 10 9 1.0
130 4 9 512 10 9 1.0
130 6 8 512 9 8 0.8888888888888888
131 7 8 512 9 8 0.8888888888888888
131 1 9 512 10 9 1.0
132 7 4 512 5 4 0.4444444444444444
132 5 8 512 9 8 0.8888888888888888
132 3 9 512 10 9 1.0
133 4 9 512 10 9 1.0
133 6 8 512 9 8 0.8888888888888888
134 2 9 512 10 9 1.0
134 7 8 512 9 8 0.8888888888888888
135 2 9 512 10 9 1.0
135 5 5 512 6 5 0.5555555555555556
136 1 9 512 10 9 1.0
136 6 8 512 9 8 0.8888888888888888
137 2 9 512 10 9 1.0
137 8 5 512 6 5 0.5555555555555556
137 6 8 512 9 8 0.8888888888888888
138 3 9 512 10 9 1.0
138 5 5 512 6 5 0.5555555555555556
139 4 5 512 6 5 0.5555555555555556
140 2 9 512 10 9 1.0
140 8 8 512 9 8 0.8888888888888888
141 8 8 512 9 8 0.8888888888888888
141 3 9 512 10 9 1.0
142 3 9 512 10 9 1.0
143 5 7 512 8 7 0.7777777777777778
143 2 8 512 9 8 0.8888888888888888
144 3 9 512 10 9 1.0
144 6 5 512 6 5 0.5555555555555556
145 3 9 512 10 9 1.0
145 4 5 512 6 5 0.5555555555555556
146 5 5 512 6 5 0.5555555555555556
146 3 7 512 8 7 0.7777777777777778
147 1 9 512 10 9 1.0
147 2 8 512 9 8 0.8888888888888888
148 2 9 512 10 9 1.0
149 5 8 512 9 8 0.8888888888888888
149 3 9 512 10 9 1.0
150 2 9 512 10 9 1.0
150 5 8 512 9 8 0.8888888888888888
151 2 9 512 10 9 1.0
151 3 6 512 7 6 0.6666666666666666
152 3 9 512 10 9 1.0
152 6 5 512 6 5 0.5555555555555556
152 5 8 512 9 8 0.8888888888888888
153 2 9 512 10 9 1.0
153 4 8 512 9 8 0.8888888888888888
154 5 2 512 3 2 0.2222222222222222
154 1 9 512 10 9 1.0
154 3 5 512 6 5 0.5555555555555556
155 3 9 512 10 9 1.0
155 5 8 512 9 8 0.8888888888888888
156 1 9 512 10 9 1.0
156 4 5 512 6 5 0.5555555555555556
157 2 9 512 10 9 1.0
157 5 8 512 9 8 0.8888888888888888
158 7 5 512 6 5 0.5555555555555556
158 6 7 512 8 7 0.7777777777777778
158 2 9 512 10 9 1.0
159 5 5 512 6 5 0.5555555555555556
159 3 9 512 10 9 1.0
160 4 8 512 9 8 0.8888888888888888
161 2 5 512 6 5 0.5555555555555556
161 0 9 512 10 9 1.0
162 1 9 512 10 9 1.0
162 6 7 512 8 7 0.7777777777777778
163 3 9 512 10 9 1.0
163 5 5 512 6 5 0.5555555555555556
164 5 8 512 9 8 0.8888888888888888
164 2 9 512 10 9 1.0
164 6 6 512 7 6 0.6666666666666666
165 3 9 512 10 9 1.0
165 7 6 512 7 6 0.6666666666666666
165 4 7 512 8 7 0.7777777777777778
166 5 5 512 6 5 0.5555555555555556
166 3 9 512 10 9 1.0
167 4 9 512 10 9 1.0
167 8 5 512 6 5 0.5555555555555556
167 5 8 512 9 8 0.8888888888888888
168 2 9 512 10 9 1.0
169 7 5 512 6 5 0.5555555555555556
169 2 9 512 10 9 1.0
170 5 4 512 5 4 0.4444444444444444
170 2 9 512 10 9 1.0
171 4 5 512 6 5 0.5555555555555556
171 3 9 512 10 9 1.0
172 4 9 512 10 9 1.0
173 2 9 512 10 9 1.0
174 0 9 512 10 9 1.0
175 5 8 512 9 8 0.8888888888888888
175 3 9 512 10 9 1.0
176 2 9 512 10 9 1.0
177 3 9 512 10 9 1.0
178 2 9 512 10 9 1.0
178 3 8 512 9 8 0.8888888888888888
178 4 5 512 6 5 0.5555555555555556
179 4 8 512 9 8 0.8888888888888888
180 2 9 512 10 9 1.0
180 6 7 512 8 7 0.7777777777777778
181 4 9 512 10 9 1.0
181 7 6 512 7 6 0.6666666666666666
182 1 9 512 10 9 1.0
183 7 8 512 9 8 0.8888888888888888
183 4 9 512 10 9 1.0
184 2 9 512 10 9 1.0
185 3 9 512 10 9 1.0
185 6 5 512 6 5 0.5555555555555556
186 5 8 512 9 8 0.8888888888888888
186 3 9 512 10 9 1.0
187 8 7 512 8 7 0.7777777777777778
187 3 9 512 10 9 1.0
188 3 9 512 10 9 1.0
188 6 8 512 9 8 0.8888888888888888
189 4 8 512 9 8 0.8888888888888888
189 1 9 512 10 9 1.0
190 6 4 512 5 4 0.4444444444444444
190 4 8 512 9 8 0.8888888888888888
191 3 7 512 8 7 0.7777777777777778
191 7 5 512 6 5 0.5555555555555556
192 5 8 512 9 8 0.8888888888888888
192 3 9 512 10 9 1.0
193 3 7 512 8 7 0.7777777777777778
194 3 9 512 10 9 1.0
195 3 7 512 8 7 0.7777777777777778
196 2 9 512 10 9 1.0
196 5 6 512 7 6 0.6666666666666666
197 2 9 512 10 9 1.0
197 5 7 512 8 7 0.7777777777777778
198 4 8 512 9 8 0.8888888888888888
198 1 9 512 10 9 1.0
199 6 8 512 9 8 0.8888888888888888
199 1 9 512 10 9 1.0
200 3 9 512 10 9 1.0
201 4 5 512 6 5 0.5555555555555556
202 5 9 512 10 9 1.0
202 8 2 512 3 2 0.2222222222222222
203 2 8 512 9 8 0.8888888888888888
204 2 5 512 6 5 0.5555555555555556
205 7 5 512 6 5 0.5555555555555556
205 2 9 512 10 9 1.0
206 3 8 512 9 8 0.8888888888888888
207 3 6 512 7 6 0.6666666666666666
207 2 9 512 10 9 1.0
208 3 9 512 10 9 1.0
209 4 9 512 10 9 1.0
209 7 5 512 6 5 0.5555555555555556
210 6 4 512 5 4 0.4444444444444444
210 3 9 512 10 9 1.0
211 4 7 512 8 7 0.7777777777777778
211 3 9 512 10 9 1.0
212 2 9 512 10 9 1.0
212 4 5 512 6 5 0.5555555555555556
213 5 8 512 9 8 0.8888888888888888
213 3 9 512 10 9 1.0
214 4 5 512 6 5 0.5555555555555556
214 3 8 512 9 8 0.8888888888888888
215 2 9 512 10 9 1.0
215 7 8 512 9 8 0.8888888888888888
216 4 5 512 6 5 0.5555555555555556
216 2 9 512 10 9 1.0
216 5 4 512 5 4 0.4444444444444444
217 6 5 512 6 5 0.5555555555555556
217 5 6 512 7 6 0.6666666666666666
217 1 9 512 10 9 1.0
218 6 5 512 6 5 0.5555555555555556
218 3 7 512 8 7 0.7777777777777778
219 3 9 512 10 9 1.0
219 4 8 512 9 8 0.8888888888888888
220 4 9 512 10 9 1.0
220 7 6 512 7 6 0.6666666666666666
220 5 7 512 8 7 0.7777777777777778
221 7 5 512 6 5 0.5555555555555556
221 4 6 512 7 6 0.6666666666666666
222 4 6 512 7 6 0.6666666666666666
222 5 5 512 6 5 0.5555555555555556
222 2 9 512 10 9 1.0
223 1 9 512 10 9 1.0
224 2 9 512 10 9 1.0
225 4 7 512 8 7 0.7777777777777778
225 2 9 512 10 9 1.0
226 6 7 512 8 7 0.7777777777777778
226 2 9 512 10 9 1.0
227 4 8 512 9 8 0.8888888888888888
227 3 9 512 10 9 1.0
228 3 7 512 8 7 0.7777777777777778
228 5 5 512 6 5 0.5555555555555556
228 2 9 512 10 9 1.0
229 1 9 512 10 9 1.0
229 5 7 512 8 7 0.7777777777777778
229 6 5 512 6 5 0.5555555555555556
230 3 9 512 10 9 1.0
230 7 5 512 6 5 0.5555555555555556
231 6 5 512 6 5 0.5555555555555556
231 2 9 512 10 9 1.0
232 2 9 512 10 9 1.0
232 5 5 512 6 5 0.5555555555555556
233 3 9 512 10 9 1.0
233 4 5 512 6 5 0.5555555555555556
234 6 8 512 9 8 0.8888888888888888
234 4 9 512 10 9 1.0
235 4 9 512 10 9 1.0
236 4 9 512 10 9 1.0
236 7 7 512 8 7 0.7777777777777778
237 3 5 512 6 5 0.5555555555555556
238 1 9 512 10 9 1.0
239 2 9 512 10 9 1.0
240 3 9 512 10 9 1.0
240 4 4 512 5 4 0.4444444444444444
241 2 9 512 10 9 1.0
242 3 9 512 10 9 1.0
242 5 6 512 7 6 0.6666666666666666
242 4 8 512 9 8 0.8888888888888888
243 3 9 512 10 9 1.0
243 8 6 512 7 6 0.6666666666666666
243 4 8 512 9 8 0.8888888888888888
244 3 5 512 6 5 0.5555555555555556
245 5 6 512 7 6 0.6666666666666666
245 2 9 512 10 9 1.0
245 8 5 512 6 5 0.5555555555555556
246 2 9 512 10 9 1.0
247 3 9 512 10 9 1.0
248 3 5 512 6 5 0.5555555555555556
249 3 9 512 10 9 1.0
249 6 8 512 9 8 0.8888888888888888
250 7 8 512 9 8 0.8888888888888888
250 3 9 512 10 9 1.0
251 3 5 512 6 5 0.5555555555555556
252 2 9 512 10 9 1.0
253 3 9 512 10 9 1.0
254 3 7 512 8 7 0.7777777777777778
254 6 5 512 6 5 0.5555555555555556
255 5 4 512 5 4 0.4444444444444444
255 1 9 512 10 9 1.0
256 4 9 512 10 9 1.0
256 6 8 512 9 8 0.8888888888888888
257 2 9 512 10 9 1.0
257 5 5 512 6 5 0.5555555555555556
258 3 9 512 10 9 1.0
259 3 7 512 8 7 0.7777777777777778
260 2 8 512 9 8 0.8888888888888888
261 3 7 512 8 7 0.7777777777777778
262 4 5 512 6 5 0.5555555555555556
262 2 9 512 10 9 1.0
263 4 8 512 9 8 0.8888888888888888
264 4 8 512 9 8 0.8888888888888888
264 2 9 512 10 9 1.0
265 3 5 512 6 5 0.5555555555555556
266 6 7 512 8 7 0.7777777777777778
266 3 8 512 9 8 0.8888888888888888
267 4 9 512 10 9 1.0
267 8 6 512 7 6 0.6666666666666666
268 3 9 512 10 9 1.0
269 1 5 512 6 5 0.5555555555555556
270 2 9 512 10 9 1.0
271 2 9 512 10 9 1.0
271 6 8 512 9 8 0.8888888888888888
272 7 5 512 6 5 0.5555555555555556
272 2 9 512 10 9 1.0
272 4 8 512 9 8 0.8888888888888888
273 3 8 512 9 8 0.8888888888888888
273 2 9 512 10 9 1.0
273 7 5 512 6 5 0.5555555555555556
274 3 9 512 10 9 1.0
275 6 8 512 9 8 0.8888888888888888
275 3 9 512 10 9 1.0
276 1 9 512 10 9 1.0
277 3 9 512 10 9 1.0
277 6 5 512 6 5 0.5555555555555556
277 4 8 512 9 8 0.8888888888888888
278 3 7 512 8 7 0.7777777777777778
278 0 9 512 10 9 1.0
279 2 9 512 10 9 1.0
280 7 7 512 8 7 0.7777777777777778
280 2 9 512 10 9 1.0
281 3 6 512 7 6 0.6666666666666666
282 6 5 512 6 5 0.5555555555555556
282 4 9 512 10 9 1.0
283 4 9 512 10 9 1.0
284 4 9 512 10 9 1.0
284 7 6 512 7 6 0.6666666666666666
285 2 9 512 10 9 1.0
285 5 8 512 9 8 0.8888888888888888
286 2 9 512 10 9 1.0
286 4 7 512 8 7 0.7777777777777778
287 5 7 512 8 7 0.7777777777777778
287 3 8 512 9 8 0.8888888888888888
288 8 7 512 8 7 0.7777777777777778
288 3 9 512 10 9 1.0
288 6 8 512 9 8 0.8888888888888888
289 2 9 512 10 9 1.0
289 6 6 512 7 6 0.6666666666666666
290 3 9 512 10 9 1.0
290 6 8 512 9 8 0.8888888888888888
291 3 5 512 6 5 0.5555555555555556
292 3 9 512 10 9 1.0
293 1 9 512 10 9 1.0
294 7 7 512 8 7 0.7777777777777778
294 1 9 512 10 9 1.0
295 2 9 512 10 9 1.0
295 3 8 512 9 8 0.8888888888888888
296 8 5 512 6 5 0.5555555555555556
296 3 6 512 7 6 0.6666666666666666
297 1 9 512 10 9 1.0
298 5 8 512 9 8 0.8888888888888888
298 1 9 512 10 9 1.0
299 4 9 512 10 9 1.0
299 6 7 512 8 7 0.7777777777777778
300 4 8 512 9 8 0.8888888888888888
300 2 9 512 10 9 1.0
300 7 6 512 7 6 0.6666666666666666
301 2 9 512 10 9 1.0
302 5 8 512 9 8 0.8888888888888888
302 6 5 512 6 5 0.5555555555555556
302 3 9 512 10 9 1.0
303 3 9 512 10 9 1.0
303 5 8 512 9 8 0.8888888888888888
304 6 8 512 9 8 0.8888888888888888
304 2 9 512 10 9 1.0
305 7 4 512 5 4 0.4444444444444444
305 4 9 512 10 9 1.0
306 5 6 512 7 6 0.6666666666666666
306 3 9 512 10 9 1.0
307 3 7 512 8 7 0.7777777777777778
308 2 9 512 10 9 1.0
308 6 8 512 9 8 0.8888888888888888
309 3 9 512 10 9 1.0
309 6 5 512 6 5 0.5555555555555556
310 5 8 512 9 8 0.8888888888888888
310 2 9 512 10 9 1.0
311 3 9 512 10 9 1.0
312 5 8 512 9 8 0.8888888888888888
312 4 9 512 10 9 1.0
313 3 6 512 7 6 0.6666666666666666
314 6 5 512 6 5 0.5555555555555556
314 2 9 512 10 9 1.0
315 4 7 512 8 7 0.7777777777777778
315 2 9 512 10 9 1.0
316 2 9 512 10 9 1.0
316 5 5 512 6 5 0.5555555555555556
316 4 8 512 9 8 0.8888888888888888
317 6 6 512 7 6 0.6666666666666666
317 4 9 512 10 9 1.0
318 2 9 512 10 9 1.0
319 3 9 512 10 9 1.0
319 6 5 512 6 5 0.5555555555555556
320 2 8 512 9 8 0.8888888888888888
320 6 6 512 7 6 0.6666666666666666
321 3 8 512 9 8 0.8888888888888888
321 2 9 512 10 9 1.0
322 3 9 512 10 9 1.0
322 7 6 512 7 6 0.6666666666666666
322 6 8 512 9 8 0.8888888888888888
323 7 5 512 6 5 0.5555555555555556
323 6 7 512 8 7 0.7777777777777778
323 2 9 512 10 9 1.0
324 2 9 512 10 9 1.0
324 6 8 512 9 8 0.8888888888888888
325 4 9 512 10 9 1.0
326 2 9 512 10 9 1.0
326 4 5 512 6 5 0.5555555555555556
327 3 9 512 10 9 1.0
328 8 6 512 7 6 0.6666666666666666
328 4 9 512 10 9 1.0
329 1 9 512 10 9 1.0
329 5 7 512 8 7 0.7777777777777778
330 7 5 512 6 5 0.5555555555555556
330 3 9 512 10 9 1.0
331 7 8 512 9 8 0.8888888888888888
331 3 9 512 10 9 1.0
332 3 9 512 10 9 1.0
332 5 8 512 9 8 0.8888888888888888
333 3 9 512 10 9 1.0
334 4 8 512 9 8 0.8888888888888888
334 2 9 512 10 9 1.0
335 6 5 512 6 5 0.5555555555555556
335 3 8 512 9 8 0.8888888888888888
336 6 6 512 7 6 0.6666666666666666
336 3 8 512 9 8 0.8888888888888888
337 4 5 512 6 5 0.5555555555555556
337 3 9 512 10 9 1.0
338 6 8 512 9 8 0.8888888888888888
338 3 9 512 10 9 1.0
339 4 5 512 6 5 0.5555555555555556
340 1 9 512 10 9 1.0
340 4 8 512 9 8 0.8888888888888888
341 7 8 512 9 8 0.8888888888888888
341 3 9 512 10 9 1.0
342 5 8 512 9 8 0.8888888888888888
342 2 9 512 10 9 1.0
343 3 9 512 10 9 1.0
343 6 5 512 6 5 0.5555555555555556
344 5 6 512 7 6 0.6666666666666666
344 7 5 512 6 5 0.5555555555555556
344 1 9 512 10 9 1.0
345 3 9 512 10 9 1.0
345 5 5 512 6 5 0.5555555555555556
346 4 5 512 6 5 0.5555555555555556
346 2 9 512 10 9 1.0
347 5 8 512 9 8 0.8888888888888888
347 2 9 512 10 9 1.0
348 2 9 512 10 9 1.0
348 6 6 512 7 6 0.6666666666666666
349 2 9 512 10 9 1.0
349 5 8 512 9 8 0.8888888888888888
350 4 5 512 6 5 0.5555555555555556
350 2 9 512 10 9 1.0
351 3 9 512 10 9 1.0
351 6 8 512 9 8 0.8888888888888888
352 2 9 512 10 9 1.0
352 4 8 512 9 8 0.8888888888888888
353 6 7 512 8 7 0.7777777777777778
353 2 9 512 10 9 1.0
353 8 5 512 6 5 0.5555555555555556
354 1 9 512 10 9 1.0
355 3 9 512 10 9 1.0
356 4 6 512 7 6 0.6666666666666666
356 3 9 512 10 9 1.0
357 3 9 512 10 9 1.0
357 5 8 512 9 8 0.8888888888888888
358 2 9 512 10 9 1.0
358 4 5 512 6 5 0.5555555555555556
359 5 8 512 9 8 0.8888888888888888
359 1 9 512 10 9 1.0
360 2 9 512 10 9 1.0
360 4 5 512 6 5 0.5555555555555556
361 2 9 512 10 9 1.0
361 4 5 512 6 5 0.5555555555555556
362 6 8 512 9 8 0.8888888888888888
362 1 9 512 10 9 1.0
363 5 5 512 6 5 0.5555555555555556
363 2 9 512 10 9 1.0
364 3 6 512 7 6 0.6666666666666666
364 5 5 512 6 5 0.5555555555555556
365 3 5 512 6 5 0.5555555555555556
366 4 9 512 10 9 1.0
366 6 8 512 9 8 0.8888888888888888
367 2 9 512 10 9 1.0
367 5 6 512 7 6 0.6666666666666666
368 5 8 512 9 8 0.8888888888888888
368 4 9 512 10 9 1.0
368 9 7 512 8 7 0.7777777777777778
369 5 6 512 7 6 0.6666666666666666
369 4 9 512 10 9 1.0
369 6 5 512 6 5 0.5555555555555556
370 1 9 512 10 9 1.0
370 5 7 512 8 7 0.7777777777777778
371 4 8 512 9 8 0.8888888888888888
371 3 9 512 10 9 1.0
372 2 9 512 10 9 1.0
373 2 9 512 10 9 1.0
373 4 5 512 6 5 0.5555555555555556
374 3 9 512 10 9 1.0
374 6 7 512 8 7 0.7777777777777778
375 5 5 512 6 5 0.5555555555555556
375 2 9 512 10 9 1.0
376 2 9 512 10 9 1.0
377 3 9 512 10 9 1.0
377 7 8 512 9 8 0.8888888888888888
378 0 9 512 10 9 1.0
378 5 5 512 6 5 0.5555555555555556
379 4 7 512 8 7 0.7777777777777778
379 3 9 512 10 9 1.0
380 5 8 512 9 8 0.8888888888888888
380 3 9 512 10 9 1.0
381 3 9 512 10 9 1.0
381 6 8 512 9 8 0.8888888888888888
382 2 7 512 8 7 0.7777777777777778
383 4 8 512 9 8 0.8888888888888888
383 3 9 512 10 9 1.0
383 7 5 512 6 5 0.5555555555555556
384 7 7 512 8 7 0.7777777777777778
384 2 9 512 10 9 1.0
385 2 9 512 10 9 1.0
386 4 8 512 9 8 0.8888888888888888
386 1 9 512 10 9 1.0
386 6 5 512 6 5 0.5555555555555556
387 6 8 512 9 8 0.8888888888888888
387 2 9 512 10 9 1.0
388 3 9 512 10 9 1.0
388 6 5 512 6 5 0.5555555555555556
389 3 9 512 10 9 1.0
390 3 9 512 10 9 1.0
390 5 5 512 6 5 0.5555555555555556
391 2 5 512 6 5 0.5555555555555556
392 2 5 512 6 5 0.5555555555555556
393 2 9 512 10 9 1.0
393 3 8 512 9 8 0.8888888888888888
394 2 9 512 10 9 1.0
394 5 5 512 6 5 0.5555555555555556
394 4 8 512 9 8 0.8888888888888888
395 3 9 512 10 9 1.0
395 6 5 512 6 5 0.5555555555555556
396 3 9 512 10 9 1.0
396 9 5 512 6 5 0.5555555555555556
396 5 8 512 9 8 0.8888888888888888
396 6 6 512 7 6 0.6666666666666666
397 2 9 512 10 9 1.0
397 4 5 512 6 5 0.5555555555555556
398 3 9 512 10 9 1.0
398 5 8 512 9 8 0.8888888888888888
399 3 9 512 10 9 1.0
399 4 8 512 9 8 0.8888888888888888
400 5 6 512 7 6 0.6666666666666666
400 2 9 512 10 9 1.0
401 3 9 512 10 9 1.0
401 8 2 512 3 2 0.2222222222222222
402 6 8 512 9 8 0.8888888888888888
402 2 9 512 10 9 1.0
403 1 9 512 10 9 1.0
403 4 8 512 9 8 0.8888888888888888
404 2 9 512 10 9 1.0
404 4 5 512 6 5 0.5555555555555556
405 3 8 512 9 8 0.8888888888888888
405 2 9 512 10 9 1.0
406 3 9 512 10 9 1.0
406 4 7 512 8 7 0.7777777777777778
406 6 6 512 7 6 0.6666666666666666
407 3 9 512 10 9 1.0
407 4 5 512 6 5 0.5555555555555556
408 4 5 512 6 5 0.5555555555555556
408 3 9 512 10 9 1.0
409 2 9 512 10 9 1.0
409 9 8 512 9 8 0.8888888888888888
410 8 6 512 7 6 0.6666666666666666
410 2 9 512 10 9 1.0
411 7 7 512 8 7 0.7777777777777778
411 4 9 512 10 9 1.0
412 4 9 512 10 9 1.0
412 9 5 512 6 5 0.5555555555555556
412 5 7 512 8 7 0.7777777777777778
413 8 6 512 7 6 0.6666666666666666
413 3 9 512 10 9 1.0
414 3 9 512 10 9 1.0
415 2 6 512 7 6 0.6666666666666666
416 2 9 512 10 9 1.0
417 5 8 512 9 8 0.8888888888888888
417 3 9 512 10 9 1.0
418 3 9 512 10 9 1.0
419 3 9 512 10 9 1.0
420 4 8 512 9 8 0.8888888888888888
420 3 9 512 10 9 1.0
421 3 9 512 10 9 1.0
422 3 9 512 10 9 1.0
423 2 5 512 6 5 0.5555555555555556
424 3 5 512 6 5 0.5555555555555556
425 2 9 512 10 9 1.0
425 5 6 512 7 6 0.6666666666666666
425 6 5 512 6 5 0.5555555555555556
426 8 5 512 6 5 0.5555555555555556
426 2 9 512 10 9 1.0
426 7 7 512 8 7 0.7777777777777778
427 3 9 512 10 9 1.0
427 4 7 512 8 7 0.7777777777777778
427 5 5 512 6 5 0.5555555555555556
428 2 9 512 10 9 1.0
428 6 5 512 6 5 0.5555555555555556
428 5 6 512 7 6 0.6666666666666666
429 4 8 512 9 8 0.8888888888888888
429 5 7 512 8 7 0.7777777777777778
429 2 9 512 10 9 1.0
430 5 9 512 10 9 1.0
430 7 8 512 9 8 0.8888888888888888
431 3 9 512 10 9 1.0
431 5 5 512 6 5 0.5555555555555556
432 2 9 512 10 9 1.0
432 5 8 512 9 8 0.8888888888888888
433 3 9 512 10 9 1.0
433 4 5 512 6 5 0.5555555555555556
434 8 5 512 6 5 0.5555555555555556
434 2 9 512 10 9 1.0
435 2 9 512 10 9 1.0
435 5 8 512 9 8 0.8888888888888888
436 2 9 512 10 9 1.0
437 3 9 512 10 9 1.0
438 6 6 512 7 6 0.6666666666666666
438 0 9 512 10 9 1.0
439 3 9 512 10 9 1.0
439 7 5 512 6 5 0.5555555555555556
440 2 9 512 10 9 1.0
440 4 7 512 8 7 0.7777777777777778
440 6 6 512 7 6 0.6666666666666666
441 5 4 512 5 4 0.4444444444444444
441 4 8 512 9 8 0.8888888888888888
442 3 9 512 10 9 1.0
443 4 7 512 8 7 0.7777777777777778
443 3 9 512 10 9 1.0
444 3 9 512 10 9 1.0
445 6 5 512 6 5 0.5555555555555556
445 3 9 512 10 9 1.0
445 7 4 512 5 4 0.4444444444444444
446 4 8 512 9 8 0.8888888888888888
447 2 9 512 10 9 1.0
447 6 8 512 9 8 0.8888888888888888
447 8 5 512 6 5 0.5555555555555556
448 3 9 512 10 9 1.0
448 6 8 512 9 8 0.8888888888888888
449 4 9 512 10 9 1.0
450 2 9 512 10 9 1.0
450 6 8 512 9 8 0.8888888888888888
450 9 6 512 7 6 0.6666666666666666
451 3 5 512 6 5 0.5555555555555556
451 2 9 512 10 9 1.0
452 2 9 512 10 9 1.0
452 4 5 512 6 5 0.5555555555555556
453 2 9 512 10 9 1.0
454 2 9 512 10 9 1.0
454 3 5 512 6 5 0.5555555555555556
455 2 9 512 10 9 1.0
455 4 8 512 9 8 0.8888888888888888
456 4 9 512 10 9 1.0
456 6 5 512 6 5 0.5555555555555556
457 3 8 512 9 8 0.8888888888888888
458 4 8 512 9 8 0.8888888888888888
458 2 9 512 10 9 1.0
459 5 6 512 7 6 0.6666666666666666
459 4 9 512 10 9 1.0
460 6 8 512 9 8 0.8888888888888888
460 2 9 512 10 9 1.0
461 3 9 512 10 9 1.0
461 4 8 512 9 8 0.8888888888888888
462 2 9 512 10 9 1.0
462 5 7 512 8 7 0.7777777777777778
463 3 4 512 5 4 0.4444444444444444
464 1 9 512 10 9 1.0
464 6 7 512 8 7 0.7777777777777778
465 3 9 512 10 9 1.0
465 5 7 512 8 7 0.7777777777777778
465 7 5 512 6 5 0.5555555555555556
466 8 6 512 7 6 0.6666666666666666
466 4 9 512 10 9 1.0
467 6 7 512 8 7 0.7777777777777778
467 2 9 512 10 9 1.0
468 8 5 512 6 5 0.5555555555555556
468 3 9 512 10 9 1.0
469 6 8 512 9 8 0.8888888888888888
469 2 9 512 10 9 1.0
470 3 9 512 10 9 1.0
471 2 9 512 10 9 1.0
472 6 6 512 7 6 0.6666666666666666
472 2 9 512 10 9 1.0
472 5 8 512 9 8 0.8888888888888888
473 2 9 512 10 9 1.0
473 6 6 512 7 6 0.6666666666666666
474 4 5 512 6 5 0.5555555555555556
474 2 7 512 8 7 0.7777777777777778
475 4 6 512 7 6 0.6666666666666666
476 3 6 512 7 6 0.6666666666666666
476 2 9 512 10 9 1.0
477 2 8 512 9 8 0.8888888888888888
477 5 7 512 8 7 0.7777777777777778
478 3 9 512 10 9 1.0
478 7 8 512 9 8 0.8888888888888888
479 4 9 512 10 9 1.0
479 6 7 512 8 7 0.7777777777777778
480 3 6 512 7 6 0.6666666666666666
481 3 9 512 10 9 1.0
481 4 5 512 6 5 0.5555555555555556
482 4 8 512 9 8 0.8888888888888888
482 2 9 512 10 9 1.0
483 2 9 512 10 9 1.0
483 6 8 512 9 8 0.8888888888888888
484 3 9 512 10 9 1.0
484 4 6 512 7 6 0.6666666666666666
485 3 6 512 7 6 0.6666666666666666
486 7 8 512 9 8 0.8888888888888888
486 2 9 512 10 9 1.0
487 4 8 512 9 8 0.8888888888888888
488 5 7 512 8 7 0.7777777777777778
488 2 9 512 10 9 1.0
489 2 9 512 10 9 1.0
489 4 8 512 9 8 0.8888888888888888
489 5 6 512 7 6 0.6666666666666666
490 3 9 512 10 9 1.0
491 2 9 512 10 9 1.0
491 3 8 512 9 8 0.8888888888888888
491 7 5 512 6 5 0.5555555555555556
492 4 9 512 10 9 1.0
493 3 9 512 10 9 1.0
493 6 5 512 6 5 0.5555555555555556
494 7 8 512 9 8 0.8888888888888888
494 2 9 512 10 9 1.0
495 6 7 512 8 7 0.7777777777777778
495 3 9 512 10 9 1.0
496 4 6 512 7 6 0.6666666666666666
496 3 9 512 10 9 1.0
497 3 8 512 9 8 0.8888888888888888
498 3 7 512 8 7 0.7777777777777778
499 7 8 512 9 8 0.8888888888888888
499 2 9 512 10 9 1.0
500 2 9 512 10 9 1.0
501 4 9 512 10 9 1.0
501 5 8 512 9 8 0.8888888888888888
502 3 9 512 10 9 1.0
503 3 8 512 9 8 0.8888888888888888
504 4 9 512 10 9 1.0
504 6 6 512 7 6 0.6666666666666666
505 4 5 512 6 5 0.5555555555555556
505 2 9 512 10 9 1.0
506 1 9 512 10 9 1.0
506 7 5 512 6 5 0.5555555555555556
507 2 6 512 7 6 0.6666666666666666
508 2 9 512 10 9 1.0
508 5 5 512 6 5 0.5555555555555556
509 5 8 512 9 8 0.8888888888888888
509 4 9 512 10 9 1.0
510 6 5 512 6 5 0.5555555555555556
510 4 7 512 8 7 0.7777777777777778
511 0 9 512 10 9 1.0
511 5 5 512 6 5 0.5555555555555556
512 3 9 512 10 9 1.0
513 4 9 512 10 9 1.0
513 7 8 512 9 8 0.8888888888888888
514 5 5 512 6 5 0.5555555555555556
514 2 9 512 10 9 1.0
515 5 7 512 8 7 0.7777777777777778
515 3 9 512 10 9 1.0
516 4 8 512 9 8 0.8888888888888888
516 5 6 512 7 6 0.6666666666666666
517 2 8 512 9 8 0.8888888888888888
517 8 5 512 6 5 0.5555555555555556
518 6 8 512 9 8 0.8888888888888888
518 7 4 512 5 4 0.4444444444444444
518 3 9 512 10 9 1.0
519 4 8 512 9 8 0.8888888888888888
519 3 9 512 10 9 1.0
519 5 6 512 7 6 0.6666666666666666
520 3 9 512 10 9 1.0
520 7 7 512 8 7 0.7777777777777778
520 6 8 512 9 8 0.8888888888888888
521 3 9 512 10 9 1.0
521 4 8 512 9 8 0.8888888888888888
522 1 9 512 10 9 1.0
522 2 8 512 9 8 0.8888888888888888
522 6 5 512 6 5 0.5555555555555556
523 3 8 512 9 8 0.8888888888888888
523 2 9 512 10 9 1.0
523 6 6 512 7 6 0.6666666666666666
524 5 3 512 4 3 0.3333333333333333
524 2 9 512 10 9 1.0
525 1 9 512 10 9 1.0
525 4 8 512 9 8 0.8888888888888888
526 4 9 512 10 9 1.0
527 7 5 512 6 5 0.5555555555555556
527 3 9 512 10 9 1.0
528 4 5 512 6 5 0.5555555555555556
529 2 9 512 10 9 1.0
530 3 9 512 10 9 1.0
530 6 8 512 9 8 0.8888888888888888
531 2 9 512 10 9 1.0
532 5 5 512 6 5 0.5555555555555556
532 4 6 512 7 6 0.6666666666666666
532 3 9 512 10 9 1.0
533 4 9 512 10 9 1.0
533 6 6 512 7 6 0.6666666666666666
534 7 8 512 9 8 0.8888888888888888
534 2 9 512 10 9 1.0
535 2 9 512 10 9 1.0
535 5 5 512 6 5 0.5555555555555556
536 3 9 512 10 9 1.0
536 5 5 512 6 5 0.5555555555555556
537 2 9 512 10 9 1.0
537 5 8 512 9 8 0.8888888888888888
538 5 6 512 7 6 0.6666666666666666
538 3 9 512 10 9 1.0
539 4 8 512 9 8 0.8888888888888888
539 3 9 512 10 9 1.0
540 6 4 512 5 4 0.4444444444444444
540 5 8 512 9 8 0.8888888888888888
540 3 9 512 10 9 1.0
541 2 9 512 10 9 1.0
541 3 8 512 9 8 0.8888888888888888
542 4 9 512 10 9 1.0
542 8 5 512 6 5 0.5555555555555556
542 6 8 512 9 8 0.8888888888888888
543 1 9 512 10 9 1.0
544 5 8 512 9 8 0.8888888888888888
544 3 9 512 10 9 1.0
545 4 7 512 8 7 0.7777777777777778
546 4 6 512 7 6 0.6666666666666666
547 3 9 512 10 9 1.0
547 5 5 512 6 5 0.5555555555555556
548 2 9 512 10 9 1.0
548 6 8 512 9 8 0.8888888888888888
549 2 9 512 10 9 1.0
549 7 8 512 9 8 0.8888888888888888
550 6 4 512 5 4 0.4444444444444444
550 3 9 512 10 9 1.0
551 4 9 512 10 9 1.0
551 5 8 512 9 8 0.8888888888888888
552 4 5 512 6 5 0.5555555555555556
552 1 9 512 10 9 1.0
553 4 6 512 7 6 0.6666666666666666
554 3 7 512 8 7 0.7777777777777778
555 7 7 512 8 7 0.7777777777777778
555 3 9 512 10 9 1.0
556 3 9 512 10 9 1.0
556 6 6 512 7 6 0.6666666666666666
557 5 8 512 9 8 0.8888888888888888
557 3 9 512 10 9 1.0
558 1 9 512 10 9 1.0
558 7 7 512 8 7 0.7777777777777778
559 4 8 512 9 8 0.8888888888888888
559 3 9 512 10 9 1.0
560 3 9 512 10 9 1.0
561 3 7 512 8 7 0.7777777777777778
562 4 5 512 6 5 0.5555555555555556
562 3 9 512 10 9 1.0
563 3 9 512 10 9 1.0
563 6 7 512 8 7 0.7777777777777778
564 3 5 512 6 5 0.5555555555555556
564 2 9 512 10 9 1.0
565 4 7 512 8 7 0.7777777777777778
565 3 9 512 10 9 1.0
566 4 9 512 10 9 1.0
566 6 8 512 9 8 0.8888888888888888
567 3 8 512 9 8 0.8888888888888888
567 5 5 512 6 5 0.5555555555555556
568 3 9 512 10 9 1.0
568 5 6 512 7 6 0.6666666666666666
568 4 7 512 8 7 0.7777777777777778
569 4 6 512 7 6 0.6666666666666666
569 3 9 512 10 9 1.0
570 1 9 512 10 9 1.0
570 7 5 512 6 5 0.5555555555555556
571 2 9 512 10 9 1.0
571 6 5 512 6 5 0.5555555555555556
572 3 9 512 10 9 1.0
572 5 5 512 6 5 0.5555555555555556
573 3 7 512 8 7 0.7777777777777778
574 6 8 512 9 8 0.8888888888888888
574 4 9 512 10 9 1.0
575 2 9 512 10 9 1.0
575 6 5 512 6 5 0.5555555555555556
576 3 9 512 10 9 1.0
577 4 8 512 9 8 0.8888888888888888
578 3 9 512 10 9 1.0
578 4 5 512 6 5 0.5555555555555556
579 4 8 512 9 8 0.8888888888888888
579 2 9 512 10 9 1.0
580 4 7 512 8 7 0.7777777777777778
580 3 9 512 10 9 1.0
581 4 9 512 10 9 1.0
581 5 8 512 9 8 0.8888888888888888
582 6 5 512 6 5 0.5555555555555556
582 2 9 512 10 9 1.0
583 2 9 512 10 9 1.0
584 3 9 512 10 9 1.0
584 6 7 512 8 7 0.7777777777777778
585 3 9 512 10 9 1.0
585 5 8 512 9 8 0.8888888888888888
586 6 8 512 9 8 0.8888888888888888
586 2 9 512 10 9 1.0
587 2 9 512 10 9 1.0
587 5 4 512 5 4 0.4444444444444444
588 3 9 512 10 9 1.0
589 3 9 512 10 9 1.0
590 2 9 512 10 9 1.0
591 2 9 512 10 9 1.0
591 4 8 512 9 8 0.8888888888888888
592 4 8 512 9 8 0.8888888888888888
592 2 9 512 10 9 1.0
592 6 5 512 6 5 0.5555555555555556
593 3 6 512 7 6 0.6666666666666666
594 5 8 512 9 8 0.8888888888888888
594 1 9 512 10 9 1.0
595 2 9 512 10 9 1.0
596 2 9 512 10 9 1.0
597 4 5 512 6 5 0.5555555555555556
598 6 5 512 6 5 0.5555555555555556
598 4 8 512 9 8 0.8888888888888888
599 2 9 512 10 9 1.0
599 7 8 512 9 8 0.8888888888888888
600 2 9 512 10 9 1.0
601 6 8 512 9 8 0.8888888888888888
601 3 9 512 10 9 1.0
601 8 7 512 8 7 0.7777777777777778
602 5 7 512 8 7 0.7777777777777778
602 3 9 512 10 9 1.0
603 2 9 512 10 9 1.0
604 4 9 512 10 9 1.0
605 5 7 512 8 7 0.7777777777777778
605 2 9 512 10 9 1.0
605 6 5 512 6 5 0.5555555555555556
606 2 8 512 9 8 0.8888888888888888
607 5 2 512 3 2 0.2222222222222222
607 2 9 512 10 9 1.0
608 4 9 512 10 9 1.0
608 5 5 512 6 5 0.5555555555555556
609 3 9 512 10 9 1.0
610 7 5 512 6 5 0.5555555555555556
610 3 9 512 10 9 1.0
610 5 8 512 9 8 0.8888888888888888
611 3 9 512 10 9 1.0
611 5 8 512 9 8 0.8888888888888888
612 4 8 512 9 8 0.8888888888888888
612 2 9 512 10 9 1.0
612 6 5 512 6 5 0.5555555555555556
613 4 4 512 5 4 0.4444444444444444
614 4 9 512 10 9 1.0
614 6 8 512 9 8 0.8888888888888888
615 3 6 512 7 6 0.6666666666666666
616 4 9 512 10 9 1.0
616 9 6 512 7 6 0.6666666666666666
617 2 9 512 10 9 1.0
618 8 5 512 6 5 0.5555555555555556
618 2 8 512 9 8 0.8888888888888888
619 2 7 512 8 7 0.7777777777777778
620 3 9 512 10 9 1.0
621 3 9 512 10 9 1.0
622 2 9 512 10 9 1.0
622 3 8 512 9 8 0.8888888888888888
623 3 8 512 9 8 0.8888888888888888
623 7 5 512 6 5 0.5555555555555556
624 3 9 512 10 9 1.0
624 4 8 512 9 8 0.8888888888888888
625 3 9 512 10 9 1.0
625 4 8 512 9 8 0.8888888888888888
625 5 6 512 7 6 0.6666666666666666
626 4 9 512 10 9 1.0
626 5 5 512 6 5 0.5555555555555556
627 3 9 512 10 9 1.0
627 5 5 512 6 5 0.5555555555555556
628 5 4 512 5 4 0.4444444444444444
628 4 8 512 9 8 0.8888888888888888
629 1 9 512 10 9 1.0
630 3 5 512 6 5 0.5555555555555556
630 2 9 512 10 9 1.0
631 3 9 512 10 9 1.0
632 4 9 512 10 9 1.0
632 6 6 512 7 6 0.6666666666666666
633 2 9 512 10 9 1.0
633 6 8 512 9 8 0.8888888888888888
634 4 9 512 10 9 1.0
635 4 8 512 9 8 0.8888888888888888
635 6 6 512 7 6 0.6666666666666666
635 2 9 512 10 9 1.0
636 3 9 512 10 9 1.0
636 7 6 512 7 6 0.6666666666666666
637 3 9 512 10 9 1.0
637 4 8 512 9 8 0.8888888888888888
638 6 8 512 9 8 0.8888888888888888
638 3 9 512 10 9 1.0
639 2 9 512 10 9 1.0
639 6 8 512 9 8 0.8888888888888888
639 8 5 512 6 5 0.5555555555555556
640 4 8 512 9 8 0.8888888888888888
641 2 9 512 10 9 1.0
641 6 5 512 6 5 0.5555555555555556
642 3 9 512 10 9 1.0
642 7 8 512 9 8 0.8888888888888888
643 4 9 512 10 9 1.0
644 3 9 512 10 9 1.0
644 5 7 512 8 7 0.7777777777777778
645 9 8 512 9 8 0.8888888888888888
645 3 9 512 10 9 1.0
646 5 2 512 3 2 0.2222222222222222
647 2 5 512 6 5 0.5555555555555556
648 2 9 512 10 9 1.0
648 6 6 512 7 6 0.6666666666666666
649 4 9 512 10 9 1.0
649 8 6 512 7 6 0.6666666666666666
650 1 9 512 10 9 1.0
651 3 5 512 6 5 0.5555555555555556
652 4 8 512 9 8 0.8888888888888888
652 3 9 512 10 9 1.0
653 2 9 512 10 9 1.0
654 2 9 512 10 9 1.0
654 5 8 512 9 8 0.8888888888888888
655 1 9 512 10 9 1.0
655 5 5 512 6 5 0.5555555555555556
656 2 9 512 10 9 1.0
656 6 7 512 8 7 0.7777777777777778
657 3 9 512 10 9 1.0
657 6 5 512 6 5 0.5555555555555556
658 2 9 512 10 9 1.0
659 5 5 512 6 5 0.5555555555555556
659 2 9 512 10 9 1.0
660 3 9 512 10 9 1.0
660 7 5 512 6 5 0.5555555555555556
661 4 9 512 10 9 1.0
662 3 9 512 10 9 1.0
663 1 9 512 10 9 1.0
663 4 2 512 3 2 0.2222222222222222
664 3 9 512 10 9 1.0
665 2 9 512 10 9 1.0
665 5 5 512 6 5 0.5555555555555556
666 3 9 512 10 9 1.0
666 4 5 512 6 5 0.5555555555555556
667 6 8 512 9 8 0.8888888888888888
667 2 9 512 10 9 1.0
668 2 9 512 10 9 1.0
668 5 5 512 6 5 0.5555555555555556
669 4 8 512 9 8 0.8888888888888888
669 6 5 512 6 5 0.5555555555555556
669 3 9 512 10 9 1.0
670 3 9 512 10 9 1.0
670 5 8 512 9 8 0.8888888888888888
671 6 8 512 9 8 0.8888888888888888
671 1 9 512 10 9 1.0
672 3 9 512 10 9 1.0
672 7 7 512 8 7 0.7777777777777778
673 5 7 512 8 7 0.7777777777777778
673 7 5 512 6 5 0.5555555555555556
673 4 9 512 10 9 1.0
674 3 9 512 10 9 1.0
675 3 9 512 10 9 1.0
675 7 7 512 8 7 0.7777777777777778
676 2 9 512 10 9 1.0
677 3 8 512 9 8 0.8888888888888888
677 1 9 512 10 9 1.0
678 6 7 512 8 7 0.7777777777777778
678 3 9 512 10 9 1.0
679 3 9 512 10 9 1.0
680 2 5 512 6 5 0.5555555555555556
681 4 9 512 10 9 1.0
682 6 7 512 8 7 0.7777777777777778
682 4 8 512 9 8 0.8888888888888888
683 5 8 512 9 8 0.8888888888888888
683 3 9 512 10 9 1.0
684 2 9 512 10 9 1.0
685 2 9 512 10 9 1.0
686 7 6 512 7 6 0.6666666666666666
686 4 9 512 10 9 1.0
687 4 9 512 10 9 1.0
687 6 8 512 9 8 0.8888888888888888
688 1 9 512 10 9 1.0
688 3 7 512 8 7 0.7777777777777778
689 4 7 512 8 7 0.7777777777777778
690 5 8 512 9 8 0.8888888888888888
690 2 9 512 10 9 1.0
690 6 5 512 6 5 0.5555555555555556
691 1 9 512 10 9 1.0
691 4 6 512 7 6 0.6666666666666666
692 5 8 512 9 8 0.8888888888888888
692 2 9 512 10 9 1.0
693 3 9 512 10 9 1.0
694 5 8 512 9 8 0.8888888888888888
694 2 9 512 10 9 1.0
695 5 5 512 6 5 0.5555555555555556
695 1 9 512 10 9 1.0
696 3 9 512 10 9 1.0
697 4 9 512 10 9 1.0
698 5 9 512 10 9 1.0
699 3 9 512 10 9 1.0
699 6 4 512 5 4 0.4444444444444444
700 8 5 512 6 5 0.5555555555555556
700 5 7 512 8 7 0.7777777777777778
700 3 9 512 10 9 1.0
701 4 9 512 10 9 1.0
702 7 8 512 9 8 0.8888888888888888
702 2 9 512 10 9 1.0
703 5 6 512 7 6 0.6666666666666666
703 4 7 512 8 7 0.7777777777777778
703 3 9 512 10 9 1.0
704 8 7 512 8 7 0.7777777777777778
704 3 9 512 10 9 1.0
705 2 9 512 10 9 1.0
706 7 8 512 9 8 0.8888888888888888
706 9 6 512 7 6 0.6666666666666666
706 4 9 512 10 9 1.0
707 7 8 512 9 8 0.8888888888888888
707 3 9 512 10 9 1.0
708 2 9 512 10 9 1.0
708 4 5 512 6 5 0.5555555555555556
709 2 9 512 10 9 1.0
709 6 5 512 6 5 0.5555555555555556
710 3 8 512 9 8 0.8888888888888888
711 5 8 512 9 8 0.8888888888888888
711 2 9 512 10 9 1.0
712 3 9 512 10 9 1.0
712 6 8 512 9 8 0.8888888888888888
713 1 9 512 10 9 1.0
714 4 5 512 6 5 0.5555555555555556
714 3 8 512 9 8 0.8888888888888888
715 2 9 512 10 9 1.0
716 1 9 512 10 9 1.0
716 6 7 512 8 7 0.7777777777777778
717 6 3 512 4 3 0.3333333333333333
717 4 5 512 6 5 0.5555555555555556
717 3 9 512 10 9 1.0
718 5 5 512 6 5 0.5555555555555556
718 4 8 512 9 8 0.8888888888888888
718 3 9 512 10 9 1.0
719 1 9 512 10 9 1.0
719 7 8 512 9 8 0.8888888888888888
720 5 8 512 9 8 0.8888888888888888
720 2 9 512 10 9 1.0
721 6 7 512 8 7 0.7777777777777778
721 2 9 512 10 9 1.0
722 3 9 512 10 9 1.0
722 5 8 512 9 8 0.8888888888888888
722 6 4 512 5 4 0.4444444444444444
723 1 9 512 10 9 1.0
724 4 9 512 10 9 1.0
724 8 7 512 8 7 0.7777777777777778
724 5 8 512 9 8 0.8888888888888888
725 4 6 512 7 6 0.6666666666666666
725 3 8 512 9 8 0.8888888888888888
726 8 5 512 6 5 0.5555555555555556
726 2 9 512 10 9 1.0
727 3 9 512 10 9 1.0
728 3 5 512 6 5 0.5555555555555556
729 4 7 512 8 7 0.7777777777777778
729 3 9 512 10 9 1.0
730 4 9 512 10 9 1.0
730 6 7 512 8 7 0.7777777777777778
731 2 9 512 10 9 1.0
732 3 9 512 10 9 1.0
732 8 7 512 8 7 0.7777777777777778
733 3 9 512 10 9 1.0
733 7 7 512 8 7 0.7777777777777778
734 3 9 512 10 9 1.0
734 6 7 512 8 7 0.7777777777777778
735 6 6 512 7 6 0.6666666666666666
735 3 9 512 10 9 1.0
736 8 6 512 7 6 0.6666666666666666
736 2 9 512 10 9 1.0
737 4 9 512 10 9 1.0
738 4 7 512 8 7 0.7777777777777778
738 2 9 512 10 9 1.0
738 5 6 512 7 6 0.6666666666666666
739 1 9 512 10 9 1.0
739 4 5 512 6 5 0.5555555555555556
739 3 8 512 9 8 0.8888888888888888
740 2 9 512 10 9 1.0
740 7 6 512 7 6 0.6666666666666666
741 2 9 512 10 9 1.0
741 7 8 512 9 8 0.8888888888888888
742 5 6 512 7 6 0.6666666666666666
742 3 9 512 10 9 1.0
743 2 9 512 10 9 1.0
744 4 9 512 10 9 1.0
744 5 6 512 7 6 0.6666666666666666
745 6 8 512 9 8 0.8888888888888888
745 3 9 512 10 9 1.0
746 3 9 512 10 9 1.0
746 5 5 512 6 5 0.5555555555555556
747 3 5 512 6 5 0.5555555555555556
748 3 9 512 10 9 1.0
748 5 8 512 9 8 0.8888888888888888
748 8 6 512 7 6 0.6666666666666666
749 3 9 512 10 9 1.0
749 7 5 512 6 5 0.5555555555555556
750 1 9 512 10 9 1.0
750 5 8 512 9 8 0.8888888888888888
751 4 8 512 9 8 0.8888888888888888
751 3 9 512 10 9 1.0
751 5 5 512 6 5 0.5555555555555556
752 4 8 512 9 8 0.8888888888888888
752 1 9 512 10 9 1.0
753 2 9 512 10 9 1.0
754 4 6 512 7 6 0.6666666666666666
754 3 9 512 10 9 1.0
754 5 5 512 6 5 0.5555555555555556
755 2 9 512 10 9 1.0
756 3 9 512 10 9 1.0
756 4 5 512 6 5 0.5555555555555556
757 6 8 512 9 8 0.8888888888888888
757 4 9 512 10 9 1.0
758 7 7 512 8 7 0.7777777777777778
758 2 9 512 10 9 1.0
758 3 8 512 9 8 0.8888888888888888
759 3 9 512 10 9 1.0
760 4 9 512 10 9 1.0
761 2 9 512 10 9 1.0
761 6 8 512 9 8 0.8888888888888888
762 5 7 512 8 7 0.7777777777777778
762 3 9 512 10 9 1.0
763 4 8 512 9 8 0.8888888888888888
763 6 4 512 5 4 0.4444444444444444
764 3 8 512 9 8 0.8888888888888888
765 5 8 512 9 8 0.8888888888888888
765 2 9 512 10 9 1.0
765 6 5 512 6 5 0.5555555555555556
766 1 9 512 10 9 1.0
766 3 8 512 9 8 0.8888888888888888
767 4 9 512 10 9 1.0
767 6 6 512 7 6 0.6666666666666666
768 3 9 512 10 9 1.0
769 3 9 512 10 9 1.0
770 3 9 512 10 9 1.0
770 6 5 512 6 5 0.5555555555555556
771 2 9 512 10 9 1.0
771 4 5 512 6 5 0.5555555555555556
772 2 9 512 10 9 1.0
773 6 8 512 9 8 0.8888888888888888
773 5 9 512 10 9 1.0
774 5 8 512 9 8 0.8888888888888888
774 2 9 512 10 9 1.0
775 3 9 512 10 9 1.0
775 4 8 512 9 8 0.8888888888888888
776 5 6 512 7 6 0.6666666666666666
776 4 8 512 9 8 0.8888888888888888
777 1 9 512 10 9 1.0
777 6 5 512 6 5 0.5555555555555556
778 6 5 512 6 5 0.5555555555555556
778 3 9 512 10 9 1.0
779 1 9 512 10 9 1.0
780 3 8 512 9 8 0.8888888888888888
780 1 9 512 10 9 1.0
781 2 9 512 10 9 1.0
781 3 5 512 6 5 0.5555555555555556
782 3 9 512 10 9 1.0
782 4 8 512 9 8 0.8888888888888888
782 6 6 512 7 6 0.6666666666666666
783 4 9 512 10 9 1.0
783 6 8 512 9 8 0.8888888888888888
784 3 9 512 10 9 1.0
785 9 8 512 9 8 0.8888888888888888
785 2 9 512 10 9 1.0
786 4 8 512 9 8 0.8888888888888888
786 3 9 512 10 9 1.0
786 6 7 512 8 7 0.7777777777777778
787 3 9 512 10 9 1.0
788 4 5 512 6 5 0.5555555555555556
789 4 5 512 6 5 0.5555555555555556
790 3 5 512 6 5 0.5555555555555556
791 4 9 512 10 9 1.0
792 5 5 512 6 5 0.5555555555555556
792 3 6 512 7 6 0.6666666666666666
793 5 8 512 9 8 0.8888888888888888
793 3 9 512 10 9 1.0
794 5 5 512 6 5 0.5555555555555556
794 3 9 512 10 9 1.0
795 3 6 512 7 6 0.6666666666666666
796 6 5 512 6 5 0.5555555555555556
796 3 9 512 10 9 1.0
797 3 9 512 10 9 1.0
797 6 8 512 9 8 0.8888888888888888
798 4 8 512 9 8 0.8888888888888888
799 3 9 512 10 9 1.0
799 6 8 512 9 8 0.8888888888888888
800 8 8 512 9 8 0.8888888888888888
800 2 9 512 10 9 1.0
801 3 8 512 9 8 0.8888888888888888
801 6 5 512 6 5 0.5555555555555556
802 0 9 512 10 9 1.0
803 2 9 512 10 9 1.0
803 3 8 512 9 8 0.8888888888888888
803 7 4 512 5 4 0.4444444444444444
804 3 9 512 10 9 1.0
804 4 8 512 9 8 0.8888888888888888
804 8 5 512 6 5 0.5555555555555556
805 6 8 512 9 8 0.8888888888888888
805 3 9 512 10 9 1.0
806 3 9 512 10 9 1.0
806 5 8 512 9 8 0.8888888888888888
807 3 8 512 9 8 0.8888888888888888
808 5 8 512 9 8 0.8888888888888888
808 3 9 512 10 9 1.0
809 3 9 512 10 9 1.0
809 4 7 512 8 7 0.7777777777777778
809 6 5 512 6 5 0.5555555555555556
810 4 9 512 10 9 1.0
810 5 5 512 6 5 0.5555555555555556
811 5 8 512 9 8 0.8888888888888888
811 7 5 512 6 5 0.5555555555555556
811 2 9 512 10 9 1.0
812 2 5 512 6 5 0.5555555555555556
813 6 5 512 6 5 0.5555555555555556
813 4 8 512 9 8 0.8888888888888888
814 2 9 512 10 9 1.0
815 3 9 512 10 9 1.0
816 5 8 512 9 8 0.8888888888888888
816 3 9 512 10 9 1.0
816 6 5 512 6 5 0.5555555555555556
817 3 9 512 10 9 1.0
818 4 5 512 6 5 0.5555555555555556
818 3 9 512 10 9 1.0
819 6 8 512 9 8 0.8888888888888888
819 3 9 512 10 9 1.0
820 2 9 512 10 9 1.0
821 2 9 512 10 9 1.0
821 3 5 512 6 5 0.5555555555555556
822 1 9 512 10 9 1.0
823 2 9 512 10 9 1.0
823 5 7 512 8 7 0.7777777777777778
824 2 9 512 10 9 1.0
825 4 9 512 10 9 1.0
826 4 7 512 8 7 0.7777777777777778
827 4 8 512 9 8 0.8888888888888888
828 2 9 512 10 9 1.0
828 4 6 512 7 6 0.6666666666666666
829 3 9 512 10 9 1.0
829 4 6 512 7 6 0.6666666666666666
830 2 9 512 10 9 1.0
831 5 8 512 9 8 0.8888888888888888
831 2 9 512 10 9 1.0
832 3 9 512 10 9 1.0
832 8 8 512 9 8 0.8888888888888888
833 1 9 512 10 9 1.0
833 6 8 512 9 8 0.8888888888888888
834 4 6 512 7 6 0.6666666666666666
834 3 9 512 10 9 1.0
835 2 8 512 9 8 0.8888888888888888
835 4 7 512 8 7 0.7777777777777778
835 1 9 512 10 9 1.0
836 7 7 512 8 7 0.7777777777777778
836 3 9 512 10 9 1.0
837 6 8 512 9 8 0.8888888888888888
837 3 9 512 10 9 1.0
838 3 9 512 10 9 1.0
838 7 5 512 6 5 0.5555555555555556
839 4 5 512 6 5 0.5555555555555556
839 2 8 512 9 8 0.8888888888888888
840 2 9 512 10 9 1.0
840 7 8 512 9 8 0.8888888888888888
841 3 9 512 10 9 1.0
841 5 8 512 9 8 0.8888888888888888
841 6 7 512 8 7 0.7777777777777778
842 3 5 512 6 5 0.5555555555555556
842 1 9 512 10 9 1.0
843 2 9 512 10 9 1.0
843 6 5 512 6 5 0.5555555555555556
844 4 9 512 10 9 1.0
845 7 5 512 6 5 0.5555555555555556
845 4 8 512 9 8 0.8888888888888888
846 4 8 512 9 8 0.8888888888888888
846 3 9 512 10 9 1.0
847 0 9 512 10 9 1.0
848 7 7 512 8 7 0.7777777777777778
848 2 9 512 10 9 1.0
849 3 5 512 6 5 0.5555555555555556
850 3 9 512 10 9 1.0
850 7 8 512 9 8 0.8888888888888888
851 6 5 512 6 5 0.5555555555555556
851 4 9 512 10 9 1.0
852 2 9 512 10 9 1.0
852 5 6 512 7 6 0.6666666666666666
853 4 9 512 10 9 1.0
853 6 6 512 7 6 0.6666666666666666
854 3 9 512 10 9 1.0
855 3 9 512 10 9 1.0
855 6 5 512 6 5 0.5555555555555556
856 4 5 512 6 5 0.5555555555555556
856 0 9 512 10 9 1.0
857 3 7 512 8 7 0.7777777777777778
857 2 9 512 10 9 1.0
858 3 9 512 10 9 1.0
858 6 8 512 9 8 0.8888888888888888
859 2 9 512 10 9 1.0
859 3 5 512 6 5 0.5555555555555556
860 2 9 512 10 9 1.0
861 3 9 512 10 9 1.0
861 5 5 512 6 5 0.5555555555555556
862 5 9 512 10 9 1.0
862 7 5 512 6 5 0.5555555555555556
863 3 9 512 10 9 1.0
863 5 5 512 6 5 0.5555555555555556
864 7 8 512 9 8 0.8888888888888888
864 3 9 512 10 9 1.0
865 5 5 512 6 5 0.5555555555555556
865 2 9 512 10 9 1.0
866 3 9 512 10 9 1.0
866 6 5 512 6 5 0.5555555555555556
867 3 9 512 10 9 1.0
867 7 8 512 9 8 0.8888888888888888
868 2 9 512 10 9 1.0
868 5 5 512 6 5 0.5555555555555556
869 5 4 512 5 4 0.4444444444444444
869 2 9 512 10 9 1.0
870 3 9 512 10 9 1.0
870 4 7 512 8 7 0.7777777777777778
871 2 9 512 10 9 1.0
871 7 5 512 6 5 0.5555555555555556
872 2 9 512 10 9 1.0
873 3 9 512 10 9 1.0
873 6 5 512 6 5 0.5555555555555556
874 5 5 512 6 5 0.5555555555555556
874 3 9 512 10 9 1.0
875 5 8 512 9 8 0.8888888888888888
875 2 9 512 10 9 1.0
876 5 6 512 7 6 0.6666666666666666
876 3 9 512 10 9 1.0
876 4 7 512 8 7 0.7777777777777778
877 3 5 512 6 5 0.5555555555555556
878 7 5 512 6 5 0.5555555555555556
878 4 9 512 10 9 1.0
878 5 6 512 7 6 0.6666666666666666
879 7 5 512 6 5 0.5555555555555556
879 4 9 512 10 9 1.0
880 4 8 512 9 8 0.8888888888888888
880 3 9 512 10 9 1.0
881 2 9 512 10 9 1.0
882 3 9 512 10 9 1.0
882 7 8 512 9 8 0.8888888888888888
883 4 6 512 7 6 0.6666666666666666
883 3 9 512 10 9 1.0
883 6 5 512 6 5 0.5555555555555556
884 3 9 512 10 9 1.0
885 4 5 512 6 5 0.5555555555555556
885 3 9 512 10 9 1.0
886 7 8 512 9 8 0.8888888888888888
886 2 9 512 10 9 1.0
887 3 7 512 8 7 0.7777777777777778
888 5 8 512 9 8 0.8888888888888888
888 2 9 512 10 9 1.0
889 6 5 512 6 5 0.5555555555555556
889 3 9 512 10 9 1.0
890 2 9 512 10 9 1.0
890 5 8 512 9 8 0.8888888888888888
890 7 5 512 6 5 0.5555555555555556
891 3 9 512 10 9 1.0
891 7 8 512 9 8 0.8888888888888888
892 2 9 512 10 9 1.0
893 3 9 512 10 9 1.0
893 8 6 512 7 6 0.6666666666666666
894 4 9 512 10 9 1.0
894 5 8 512 9 8 0.8888888888888888
894 7 5 512 6 5 0.5555555555555556
895 3 9 512 10 9 1.0
895 6 5 512 6 5 0.5555555555555556
896 4 5 512 6 5 0.5555555555555556
896 3 9 512 10 9 1.0
897 2 9 512 10 9 1.0
897 9 6 512 7 6 0.6666666666666666
897 6 8 512 9 8 0.8888888888888888
898 2 9 512 10 9 1.0
899 2 9 512 10 9 1.0
899 5 3 512 4 3 0.3333333333333333
899 4 5 512 6 5 0.5555555555555556
900 2 9 512 10 9 1.0
900 5 7 512 8 7 0.7777777777777778
901 4 9 512 10 9 1.0
901 8 7 512 8 7 0.7777777777777778
902 7 5 512 6 5 0.5555555555555556
902 3 9 512 10 9 1.0
902 4 8 512 9 8 0.8888888888888888
903 1 9 512 10 9 1.0
904 4 9 512 10 9 1.0
904 7 5 512 6 5 0.5555555555555556
905 2 9 512 10 9 1.0
905 3 6 512 7 6 0.6666666666666666
906 2 9 512 10 9 1.0
906 6 8 512 9 8 0.8888888888888888
907 2 9 512 10 9 1.0
907 4 5 512 6 5 0.5555555555555556
908 3 8 512 9 8 0.8888888888888888
908 4 5 512 6 5 0.5555555555555556
909 1 9 512 10 9 1.0
909 8 5 512 6 5 0.5555555555555556
910 6 5 512 6 5 0.5555555555555556
910 2 9 512 10 9 1.0
911 4 8 512 9 8 0.8888888888888888
912 3 9 512 10 9 1.0
912 4 8 512 9 8 0.8888888888888888
912 6 6 512 7 6 0.6666666666666666
913 6 6 512 7 6 0.6666666666666666
913 3 9 512 10 9 1.0
914 1 9 512 10 9 1.0
914 3 5 512 6 5 0.5555555555555556
915 6 6 512 7 6 0.6666666666666666
915 5 8 512 9 8 0.8888888888888888
915 3 9 512 10 9 1.0
916 3 9 512 10 9 1.0
916 6 6 512 7 6 0.6666666666666666
917 7 6 512 7 6 0.6666666666666666
917 4 8 512 9 8 0.8888888888888888
917 3 9 512 10 9 1.0
918 4 9 512 10 9 1.0
918 6 5 512 6 5 0.5555555555555556
919 4 8 512 9 8 0.8888888888888888
920 6 6 512 7 6 0.6666666666666666
920 1 9 512 10 9 1.0
921 3 9 512 10 9 1.0
921 4 5 512 6 5 0.5555555555555556
922 2 9 512 10 9 1.0
922 6 8 512 9 8 0.8888888888888888
923 5 5 512 6 5 0.5555555555555556
923 4 8 512 9 8 0.8888888888888888
923 2 9 512 10 9 1.0
923 7 4 512 5 4 0.4444444444444444
924 2 9 512 10 9 1.0
924 5 5 512 6 5 0.5555555555555556
925 4 9 512 10 9 1.0
926 3 9 512 10 9 1.0
926 6 6 512 7 6 0.6666666666666666
927 1 9 512 10 9 1.0
928 8 5 512 6 5 0.5555555555555556
928 2 9 512 10 9 1.0
928 6 8 512 9 8 0.8888888888888888
929 7 8 512 9 8 0.8888888888888888
929 2 9 512 10 9 1.0
930 3 9 512 10 9 1.0
930 4 5 512 6 5 0.5555555555555556
931 3 9 512 10 9 1.0
931 4 8 512 9 8 0.8888888888888888
932 6 4 512 5 4 0.4444444444444444
932 2 9 512 10 9 1.0
933 1 9 512 10 9 1.0
933 3 8 512 9 8 0.8888888888888888
933 6 6 512 7 6 0.6666666666666666
934 4 5 512 6 5 0.5555555555555556
934 2 9 512 10 9 1.0
935 1 9 512 10 9 1.0
935 6 8 512 9 8 0.8888888888888888
936 6 6 512 7 6 0.6666666666666666
936 2 9 512 10 9 1.0
937 5 8 512 9 8 0.8888888888888888
937 2 9 512 10 9 1.0
938 3 9 512 10 9 1.0
938 7 8 512 9 8 0.8888888888888888
939 6 8 512 9 8 0.8888888888888888
939 2 9 512 10 9 1.0
940 3 9 512 10 9 1.0
941 2 9 512 10 9 1.0
942 5 6 512 7 6 0.6666666666666666
942 2 9 512 10 9 1.0
942 4 7 512 8 7 0.7777777777777778
943 1 9 512 10 9 1.0
944 4 8 512 9 8 0.8888888888888888
944 0 9 512 10 9 1.0
945 4 9 512 10 9 1.0
946 7 7 512 8 7 0.7777777777777778
946 4 9 512 10 9 1.0
947 2 9 512 10 9 1.0
947 5 6 512 7 6 0.6666666666666666
948 2 9 512 10 9 1.0
949 3 9 512 10 9 1.0
949 5 5 512 6 5 0.5555555555555556
950 3 9 512 10 9 1.0
950 6 6 512 7 6 0.6666666666666666
951 4 8 512 9 8 0.8888888888888888
951 3 9 512 10 9 1.0
952 6 7 512 8 7 0.7777777777777778
952 2 9 512 10 9 1.0
953 5 5 512 6 5 0.5555555555555556
953 4 8 512 9 8 0.8888888888888888
953 3 9 512 10 9 1.0
954 5 8 512 9 8 0.8888888888888888
954 3 9 512 10 9 1.0
955 3 9 512 10 9 1.0
956 3 8 512 9 8 0.8888888888888888
956 1 9 512 10 9 1.0
957 3 9 512 10 9 1.0
958 4 9 512 10 9 1.0
958 5 6 512 7 6 0.6666666666666666
959 3 9 512 10 9 1.0
959 4 8 512 9 8 0.8888888888888888
960 4 9 512 10 9 1.0
960 6 5 512 6 5 0.5555555555555556
961 2 9 512 10 9 1.0
961 5 5 512 6 5 0.5555555555555556
962 3 9 512 10 9 1.0
962 4 6 512 7 6 0.6666666666666666
963 7 6 512 7 6 0.6666666666666666
963 2 9 512 10 9 1.0
963 3 8 512 9 8 0.8888888888888888
964 3 9 512 10 9 1.0
964 5 5 512 6 5 0.5555555555555556
965 1 9 512 10 9 1.0
965 2 5 512 6 5 0.5555555555555556
966 4 9 512 10 9 1.0
966 6 3 512 4 3 0.3333333333333333
967 2 9 512 10 9 1.0
967 5 5 512 6 5 0.5555555555555556
968 5 5 512 6 5 0.5555555555555556
968 2 9 512 10 9 1.0
969 3 9 512 10 9 1.0
970 5 8 512 9 8 0.8888888888888888
970 2 9 512 10 9 1.0
971 4 8 512 9 8 0.8888888888888888
971 5 7 512 8 7 0.7777777777777778
971 3 9 512 10 9 1.0
972 2 9 512 10 9 1.0
973 6 8 512 9 8 0.8888888888888888
973 1 9 512 10 9 1.0
974 4 6 512 7 6 0.6666666666666666
974 3 9 512 10 9 1.0
975 4 5 512 6 5 0.5555555555555556
975 3 9 512 10 9 1.0
976 3 9 512 10 9 1.0
977 5 5 512 6 5 0.5555555555555556
977 3 9 512 10 9 1.0
978 2 9 512 10 9 1.0
978 5 6 512 7 6 0.6666666666666666
979 4 8 512 9 8 0.8888888888888888
979 6 7 512 8 7 0.7777777777777778
980 2 9 512 10 9 1.0
980 3 6 512 7 6 0.6666666666666666
981 6 5 512 6 5 0.5555555555555556
981 2 9 512 10 9 1.0
981 5 8 512 9 8 0.8888888888888888
982 3 9 512 10 9 1.0
982 5 7 512 8 7 0.7777777777777778
983 3 9 512 10 9 1.0
983 4 5 512 6 5 0.5555555555555556
984 7 6 512 7 6 0.6666666666666666
984 2 9 512 10 9 1.0
985 6 5 512 6 5 0.5555555555555556
985 4 7 512 8 7 0.7777777777777778
986 2 9 512 10 9 1.0
986 3 8 512 9 8 0.8888888888888888
987 2 9 512 10 9 1.0
988 1 9 512 10 9 1.0
988 3 7 512 8 7 0.7777777777777778
989 5 8 512 9 8 0.8888888888888888
989 2 9 512 10 9 1.0
990 3 5 512 6 5 0.5555555555555556
991 1 9 512 10 9 1.0
992 5 6 512 7 6 0.6666666666666666
992 3 8 512 9 8 0.8888888888888888
992 4 7 512 8 7 0.7777777777777778
993 4 8 512 9 8 0.8888888888888888
994 4 7 512 8 7 0.7777777777777778
994 6 4 512 5 4 0.4444444444444444
995 1 9 512 10 9 1.0
996 2 9 512 10 9 1.0
996 5 5 512 6 5 0.5555555555555556
997 5 6 512 7 6 0.6666666666666666
997 4 9 512 10 9 1.0
998 4 5 512 6 5 0.5555555555555556
999 2 9 512 10 9 1.0
999 8 8 512 9 8 0.8888888888888888
1000 6 6 512 7 6 0.6666666666666666
1000 3 9 512 10 9 1.0
