gen testSuiteSize notKilledMutants number_of_tests no_discount_objective no_equiv_mut_not_killed no_equiv_mut_not_killed_perc
1 3 9.58984375 21 10 7 1.0
1 6 6.630859375 27 7 4 0.5714285714285714
1 5 8.494140625 37 9 6 0.8571428571428571
1 4 9.453125 40 10 7 1.0
2 4 9.138671875 63 10 7 1.0
2 7 7.1796875 70 8 5 0.7142857142857143
2 3 9.14453125 73 10 7 1.0
2 5 8.91015625 93 10 7 1.0
3 3 8.7109375 110 10 7 1.0
3 7 7.41796875 135 9 6 0.8571428571428571
3 4 8.3828125 138 10 7 1.0
4 2 5.974609375 175 7 4 0.5714285714285714
5 3 8.91015625 186 10 7 1.0
5 5 8.787109375 207 10 7 1.0
6 3 8.65234375 230 10 7 1.0
6 6 8.623046875 235 10 7 1.0
6 8 8.599609375 239 10 7 1.0
7 3 6.4765625 260 8 5 0.7142857142857143
8 7 5.447265625 265 7 4 0.5714285714285714
8 3 8.44140625 266 10 7 1.0
8 6 7.32421875 286 9 6 0.8571428571428571
8 4 8.3125 288 10 7 1.0
9 3 8.265625 296 10 7 1.0
9 4 8.142578125 317 10 7 1.0
10 2 7.001953125 341 9 6 0.8571428571428571
11 7 4.99609375 342 7 4 0.5714285714285714
11 4 7.896484375 359 10 7 1.0
11 5 7.884765625 361 10 7 1.0
11 6 7.873046875 363 10 7 1.0
12 3 7.873046875 363 10 7 1.0
12 4 7.796875 376 10 7 1.0
12 6 7.78515625 378 10 7 1.0
13 1 7.73828125 386 10 7 1.0
13 2 7.71484375 390 10 7 1.0
13 4 4.708984375 391 7 4 0.5714285714285714
14 2 4.662109375 399 7 4 0.5714285714285714
15 2 7.638671875 403 10 7 1.0
15 3 7.626953125 405 10 7 1.0
15 4 7.591796875 411 10 7 1.0
16 6 5.5859375 412 8 5 0.7142857142857143
16 2 7.580078125 413 10 7 1.0
16 5 7.544921875 419 10 7 1.0
17 6 5.515625 424 8 5 0.7142857142857143
17 4 6.515625 424 9 6 0.8571428571428571
18 2 7.439453125 437 10 7 1.0
18 4 7.43359375 438 10 7 1.0
19 1 7.427734375 439 10 7 1.0
19 4 6.427734375 439 9 6 0.8571428571428571
19 2 7.421875 440 10 7 1.0
20 2 7.3984375 444 10 7 1.0
20 5 5.3984375 444 8 5 0.7142857142857143
21 6 4.3515625 452 7 4 0.5714285714285714
21 3 7.3515625 452 10 7 1.0
21 5 7.333984375 455 10 7 1.0
22 3 7.322265625 457 10 7 1.0
22 4 6.322265625 457 9 6 0.8571428571428571
23 2 7.29296875 462 10 7 1.0
23 3 7.287109375 463 10 7 1.0
24 5 6.28125 464 9 6 0.8571428571428571
24 3 7.26953125 466 10 7 1.0
24 6 4.26953125 466 7 4 0.5714285714285714
25 3 7.26953125 466 10 7 1.0
25 7 3.2578125 468 6 3 0.42857142857142855
25 4 4.24609375 470 7 4 0.5714285714285714
26 3 7.216796875 475 10 7 1.0
26 6 6.19921875 478 9 6 0.8571428571428571
26 4 7.19921875 478 10 7 1.0
27 2 7.193359375 479 10 7 1.0
27 6 7.1875 480 10 7 1.0
28 2 7.1640625 484 10 7 1.0
29 1 7.158203125 485 10 7 1.0
29 7 4.158203125 485 7 4 0.5714285714285714
29 3 6.158203125 485 9 6 0.8571428571428571
30 5 4.146484375 487 7 4 0.5714285714285714
30 3 7.12890625 490 10 7 1.0
31 3 7.123046875 491 10 7 1.0
32 5 5.111328125 493 8 5 0.7142857142857143
32 3 7.111328125 493 10 7 1.0
32 4 7.099609375 495 10 7 1.0
33 6 5.099609375 495 8 5 0.7142857142857143
33 2 7.09375 496 10 7 1.0
33 3 7.087890625 497 10 7 1.0
34 4 6.087890625 497 9 6 0.8571428571428571
34 5 5.087890625 497 8 5 0.7142857142857143
35 3 7.087890625 497 10 7 1.0
35 5 7.08203125 498 10 7 1.0
36 3 7.08203125 498 10 7 1.0
36 4 4.08203125 498 7 4 0.5714285714285714
37 7 6.076171875 499 9 6 0.8571428571428571
37 2 7.0703125 500 10 7 1.0
38 3 7.0703125 500 10 7 1.0
38 7 5.064453125 501 8 5 0.7142857142857143
39 2 7.064453125 501 10 7 1.0
39 5 4.064453125 501 7 4 0.5714285714285714
40 6 4.064453125 501 7 4 0.5714285714285714
40 3 6.064453125 501 9 6 0.8571428571428571
41 1 7.05859375 502 10 7 1.0
41 6 6.05859375 502 9 6 0.8571428571428571
42 3 6.05859375 502 9 6 0.8571428571428571
42 7 5.05859375 502 8 5 0.7142857142857143
43 3 5.05859375 502 8 5 0.7142857142857143
43 4 4.05859375 502 7 4 0.5714285714285714
44 1 7.052734375 503 10 7 1.0
45 2 7.052734375 503 10 7 1.0
45 4 6.052734375 503 9 6 0.8571428571428571
46 3 7.046875 504 10 7 1.0
46 4 7.041015625 505 10 7 1.0
46 5 5.041015625 505 8 5 0.7142857142857143
47 2 7.041015625 505 10 7 1.0
47 5 4.041015625 505 7 4 0.5714285714285714
48 4 4.041015625 505 7 4 0.5714285714285714
49 3 7.041015625 505 10 7 1.0
49 5 4.041015625 505 7 4 0.5714285714285714
50 3 7.041015625 505 10 7 1.0
51 4 7.041015625 505 10 7 1.0
52 4 6.041015625 505 9 6 0.8571428571428571
52 7 5.041015625 505 8 5 0.7142857142857143
52 3 7.041015625 505 10 7 1.0
53 5 7.041015625 505 10 7 1.0
54 1 7.041015625 505 10 7 1.0
54 3 6.041015625 505 9 6 0.8571428571428571
55 3 7.029296875 507 10 7 1.0
56 4 7.029296875 507 10 7 1.0
56 5 3.029296875 507 6 3 0.42857142857142855
57 3 7.029296875 507 10 7 1.0
57 7 6.029296875 507 9 6 0.8571428571428571
58 6 6.029296875 507 9 6 0.8571428571428571
58 2 7.029296875 507 10 7 1.0
59 3 7.029296875 507 10 7 1.0
59 6 6.029296875 507 9 6 0.8571428571428571
60 3 4.029296875 507 7 4 0.5714285714285714
61 3 4.0234375 508 7 4 0.5714285714285714
62 1 7.017578125 509 10 7 1.0
62 3 7.01171875 510 10 7 1.0
62 6 6.01171875 510 9 6 0.8571428571428571
63 2 7.01171875 510 10 7 1.0
64 4 5.01171875 510 8 5 0.7142857142857143
64 3 7.01171875 510 10 7 1.0
65 3 5.01171875 510 8 5 0.7142857142857143
66 3 7.01171875 510 10 7 1.0
66 5 4.005859375 511 7 4 0.5714285714285714
66 4 7.005859375 511 10 7 1.0
67 1 7.005859375 511 10 7 1.0
68 4 7.005859375 511 10 7 1.0
68 6 7 512 9 6 0.8571428571428571
69 1 7 512 9 6 0.8571428571428571
69 4 6 512 9 6 0.8571428571428571
70 2 7 512 9 6 0.8571428571428571
70 7 6 512 9 6 0.8571428571428571
71 4 5 512 7 4 0.5714285714285714
71 3 7 512 9 6 0.8571428571428571
72 7 4 512 6 3 0.42857142857142855
72 5 6 512 8 5 0.7142857142857143
72 2 7 512 9 6 0.8571428571428571
73 2 7 512 9 6 0.8571428571428571
73 4 5 512 7 4 0.5714285714285714
74 5 5 512 7 4 0.5714285714285714
74 2 7 512 9 6 0.8571428571428571
75 2 7 512 9 6 0.8571428571428571
75 5 4 512 7 4 0.5714285714285714
76 2 5 512 7 4 0.5714285714285714
77 4 7 512 9 6 0.8571428571428571
77 6 5 512 7 4 0.5714285714285714
78 3 6 512 9 6 0.8571428571428571
79 1 7 512 9 6 0.8571428571428571
80 5 5 512 7 4 0.5714285714285714
80 1 7 512 9 6 0.8571428571428571
81 3 7 512 9 6 0.8571428571428571
81 5 6 512 8 5 0.7142857142857143
82 2 5 512 7 4 0.5714285714285714
83 3 7 512 9 6 0.8571428571428571
83 8 6 512 8 5 0.7142857142857143
84 4 7 512 9 6 0.8571428571428571
84 8 3 512 5 2 0.2857142857142857
85 5 4 512 7 4 0.5714285714285714
85 3 7 512 9 6 0.8571428571428571
86 2 7 512 9 6 0.8571428571428571
86 5 6 512 9 6 0.8571428571428571
87 7 5 512 7 4 0.5714285714285714
87 3 7 512 9 6 0.8571428571428571
87 4 6 512 9 6 0.8571428571428571
88 3 7 512 9 6 0.8571428571428571
89 4 7 512 9 6 0.8571428571428571
90 3 7 512 9 6 0.8571428571428571
90 4 5 512 7 4 0.5714285714285714
91 5 4 512 6 3 0.42857142857142855
91 4 7 512 9 6 0.8571428571428571
92 5 6 512 8 5 0.7142857142857143
92 2 7 512 9 6 0.8571428571428571
93 3 7 512 9 6 0.8571428571428571
94 2 7 512 9 6 0.8571428571428571
94 5 6 512 8 5 0.7142857142857143
95 3 7 512 9 6 0.8571428571428571
95 5 4 512 7 4 0.5714285714285714
96 1 7 512 9 6 0.8571428571428571
97 2 7 512 9 6 0.8571428571428571
98 3 5 512 7 4 0.5714285714285714
99 5 6 512 9 6 0.8571428571428571
99 3 7 512 9 6 0.8571428571428571
100 7 5 512 8 5 0.7142857142857143
100 3 7 512 9 6 0.8571428571428571
101 5 6 512 8 5 0.7142857142857143
101 3 7 512 9 6 0.8571428571428571
102 1 7 512 9 6 0.8571428571428571
102 5 6 512 8 5 0.7142857142857143
103 3 7 512 9 6 0.8571428571428571
104 4 7 512 9 6 0.8571428571428571
105 4 5 512 7 4 0.5714285714285714
105 3 7 512 9 6 0.8571428571428571
106 2 7 512 9 6 0.8571428571428571
106 7 5 512 7 4 0.5714285714285714
106 9 4 512 7 4 0.5714285714285714
107 4 6 512 8 5 0.7142857142857143
107 5 5 512 7 4 0.5714285714285714
107 2 7 512 9 6 0.8571428571428571
108 7 5 512 7 4 0.5714285714285714
108 3 7 512 9 6 0.8571428571428571
109 3 6 512 8 5 0.7142857142857143
110 7 6 512 8 5 0.7142857142857143
110 3 7 512 9 6 0.8571428571428571
111 3 7 512 9 6 0.8571428571428571
111 6 6 512 9 6 0.8571428571428571
112 4 5 512 7 4 0.5714285714285714
112 3 7 512 9 6 0.8571428571428571
112 5 4 512 7 4 0.5714285714285714
113 2 7 512 9 6 0.8571428571428571
113 5 3 512 6 3 0.42857142857142855
114 2 7 512 9 6 0.8571428571428571
114 3 5 512 7 4 0.5714285714285714
115 3 7 512 9 6 0.8571428571428571
115 5 6 512 8 5 0.7142857142857143
116 2 4 512 7 4 0.5714285714285714
117 2 7 512 9 6 0.8571428571428571
117 6 4 512 7 4 0.5714285714285714
118 3 7 512 9 6 0.8571428571428571
119 3 4 512 6 3 0.42857142857142855
119 2 7 512 9 6 0.8571428571428571
120 3 7 512 9 6 0.8571428571428571
121 3 7 512 9 6 0.8571428571428571
121 5 4 512 7 4 0.5714285714285714
122 3 7 512 9 6 0.8571428571428571
123 5 4 512 7 4 0.5714285714285714
123 3 7 512 9 6 0.8571428571428571
124 4 4 512 7 4 0.5714285714285714
124 3 7 512 9 6 0.8571428571428571
125 5 2 512 4 1 0.14285714285714285
125 3 7 512 9 6 0.8571428571428571
126 3 7 512 9 6 0.8571428571428571
127 2 7 512 9 6 0.8571428571428571
128 2 7 512 9 6 0.8571428571428571
128 7 5 512 7 4 0.5714285714285714
129 4 3 512 5 2 0.2857142857142857
130 8 5 512 7 4 0.5714285714285714
130 4 6 512 9 6 0.8571428571428571
131 9 6 512 8 5 0.7142857142857143
131 2 7 512 9 6 0.8571428571428571
132 2 4 512 7 4 0.5714285714285714
133 1 7 512 9 6 0.8571428571428571
134 7 4 512 6 3 0.42857142857142855
134 4 7 512 9 6 0.8571428571428571
135 3 7 512 9 6 0.8571428571428571
136 2 5 512 7 4 0.5714285714285714
136 4 3 512 6 3 0.42857142857142855
137 2 7 512 9 6 0.8571428571428571
138 2 7 512 9 6 0.8571428571428571
138 4 6 512 8 5 0.7142857142857143
139 3 7 512 9 6 0.8571428571428571
140 3 7 512 9 6 0.8571428571428571
140 4 4 512 7 4 0.5714285714285714
141 2 7 512 9 6 0.8571428571428571
142 5 4 512 7 4 0.5714285714285714
142 2 7 512 9 6 0.8571428571428571
143 1 7 512 9 6 0.8571428571428571
143 6 5 512 7 4 0.5714285714285714
144 0 7 512 9 6 0.8571428571428571
144 3 6 512 8 5 0.7142857142857143
145 2 7 512 9 6 0.8571428571428571
146 3 7 512 9 6 0.8571428571428571
146 5 6 512 8 5 0.7142857142857143
147 6 4 512 6 3 0.42857142857142855
147 1 7 512 9 6 0.8571428571428571
148 3 7 512 9 6 0.8571428571428571
148 4 4 512 7 4 0.5714285714285714
149 4 5 512 7 4 0.5714285714285714
149 3 7 512 9 6 0.8571428571428571
150 6 6 512 8 5 0.7142857142857143
150 3 7 512 9 6 0.8571428571428571
150 7 5 512 7 4 0.5714285714285714
151 4 4 512 6 3 0.42857142857142855
152 1 7 512 9 6 0.8571428571428571
152 6 4 512 7 4 0.5714285714285714
153 2 4 512 7 4 0.5714285714285714
154 4 7 512 9 6 0.8571428571428571
154 5 6 512 8 5 0.7142857142857143
155 2 7 512 9 6 0.8571428571428571
155 3 4 512 6 3 0.42857142857142855
156 6 4 512 7 4 0.5714285714285714
156 2 7 512 9 6 0.8571428571428571
157 4 7 512 9 6 0.8571428571428571
158 3 7 512 9 6 0.8571428571428571
158 4 6 512 9 6 0.8571428571428571
159 4 6 512 9 6 0.8571428571428571
160 3 7 512 9 6 0.8571428571428571
161 6 5 512 7 4 0.5714285714285714
161 3 7 512 9 6 0.8571428571428571
162 3 7 512 9 6 0.8571428571428571
162 6 4 512 7 4 0.5714285714285714
163 2 7 512 9 6 0.8571428571428571
163 4 6 512 9 6 0.8571428571428571
164 2 7 512 9 6 0.8571428571428571
165 4 6 512 8 5 0.7142857142857143
165 3 7 512 9 6 0.8571428571428571
166 6 4 512 7 4 0.5714285714285714
166 3 7 512 9 6 0.8571428571428571
167 5 4 512 6 3 0.42857142857142855
167 3 7 512 9 6 0.8571428571428571
168 3 5 512 7 4 0.5714285714285714
168 2 7 512 9 6 0.8571428571428571
169 1 7 512 9 6 0.8571428571428571
170 4 7 512 9 6 0.8571428571428571
170 6 4 512 6 3 0.42857142857142855
171 3 6 512 8 5 0.7142857142857143
172 2 7 512 9 6 0.8571428571428571
172 4 4 512 6 3 0.42857142857142855
173 3 4 512 6 3 0.42857142857142855
174 3 7 512 9 6 0.8571428571428571
175 8 4 512 7 4 0.5714285714285714
175 3 7 512 9 6 0.8571428571428571
175 4 5 512 7 4 0.5714285714285714
176 6 4 512 6 3 0.42857142857142855
176 2 7 512 9 6 0.8571428571428571
176 5 6 512 8 5 0.7142857142857143
177 1 7 512 9 6 0.8571428571428571
177 8 4 512 7 4 0.5714285714285714
177 7 6 512 9 6 0.8571428571428571
178 3 7 512 9 6 0.8571428571428571
178 5 4 512 6 3 0.42857142857142855
178 4 6 512 9 6 0.8571428571428571
179 2 7 512 9 6 0.8571428571428571
179 5 4 512 7 4 0.5714285714285714
180 7 4 512 6 3 0.42857142857142855
180 3 7 512 9 6 0.8571428571428571
181 3 7 512 9 6 0.8571428571428571
181 4 6 512 8 5 0.7142857142857143
182 4 7 512 9 6 0.8571428571428571
182 7 5 512 7 4 0.5714285714285714
183 4 7 512 9 6 0.8571428571428571
184 6 6 512 9 6 0.8571428571428571
184 2 7 512 9 6 0.8571428571428571
185 2 7 512 9 6 0.8571428571428571
185 3 6 512 9 6 0.8571428571428571
185 4 5 512 7 4 0.5714285714285714
186 2 7 512 9 6 0.8571428571428571
186 4 4 512 6 3 0.42857142857142855
187 2 7 512 9 6 0.8571428571428571
187 3 3 512 6 3 0.42857142857142855
188 1 7 512 9 6 0.8571428571428571
188 4 5 512 7 4 0.5714285714285714
189 4 6 512 8 5 0.7142857142857143
189 2 7 512 9 6 0.8571428571428571
189 6 5 512 7 4 0.5714285714285714
190 4 5 512 7 4 0.5714285714285714
190 2 7 512 9 6 0.8571428571428571
191 5 4 512 6 3 0.42857142857142855
191 3 7 512 9 6 0.8571428571428571
192 2 7 512 9 6 0.8571428571428571
193 1 7 512 9 6 0.8571428571428571
194 5 5 512 7 4 0.5714285714285714
194 3 6 512 9 6 0.8571428571428571
195 2 7 512 9 6 0.8571428571428571
196 10 6 512 9 6 0.8571428571428571
196 2 7 512 9 6 0.8571428571428571
197 3 7 512 9 6 0.8571428571428571
198 1 7 512 9 6 0.8571428571428571
199 3 7 512 9 6 0.8571428571428571
199 4 4 512 7 4 0.5714285714285714
200 4 7 512 9 6 0.8571428571428571
200 8 4 512 7 4 0.5714285714285714
201 3 7 512 9 6 0.8571428571428571
202 3 7 512 9 6 0.8571428571428571
202 6 5 512 7 4 0.5714285714285714
202 5 6 512 9 6 0.8571428571428571
203 2 7 512 9 6 0.8571428571428571
204 4 7 512 9 6 0.8571428571428571
204 6 4 512 7 4 0.5714285714285714
205 3 5 512 7 4 0.5714285714285714
205 1 7 512 9 6 0.8571428571428571
206 3 7 512 9 6 0.8571428571428571
206 4 4 512 6 3 0.42857142857142855
207 6 6 512 8 5 0.7142857142857143
207 1 7 512 9 6 0.8571428571428571
208 2 7 512 9 6 0.8571428571428571
208 5 5 512 7 4 0.5714285714285714
209 2 4 512 7 4 0.5714285714285714
210 5 4 512 6 3 0.42857142857142855
210 3 7 512 9 6 0.8571428571428571
211 2 7 512 9 6 0.8571428571428571
211 6 4 512 7 4 0.5714285714285714
212 4 7 512 9 6 0.8571428571428571
213 3 7 512 9 6 0.8571428571428571
213 7 6 512 8 5 0.7142857142857143
214 4 7 512 9 6 0.8571428571428571
214 5 5 512 7 4 0.5714285714285714
215 0 7 512 9 6 0.8571428571428571
216 6 6 512 8 5 0.7142857142857143
216 3 7 512 9 6 0.8571428571428571
217 6 5 512 7 4 0.5714285714285714
217 3 7 512 9 6 0.8571428571428571
218 3 7 512 9 6 0.8571428571428571
219 3 6 512 9 6 0.8571428571428571
220 5 6 512 9 6 0.8571428571428571
220 2 7 512 9 6 0.8571428571428571
221 3 7 512 9 6 0.8571428571428571
221 6 4 512 6 3 0.42857142857142855
222 1 7 512 9 6 0.8571428571428571
222 5 5 512 7 4 0.5714285714285714
223 3 7 512 9 6 0.8571428571428571
223 5 6 512 9 6 0.8571428571428571
224 3 4 512 7 4 0.5714285714285714
225 2 7 512 9 6 0.8571428571428571
226 5 7 512 9 6 0.8571428571428571
226 7 5 512 7 4 0.5714285714285714
226 6 6 512 9 6 0.8571428571428571
227 7 4 512 6 3 0.42857142857142855
227 4 6 512 8 5 0.7142857142857143
228 6 6 512 9 6 0.8571428571428571
228 2 7 512 9 6 0.8571428571428571
229 1 7 512 9 6 0.8571428571428571
230 1 7 512 9 6 0.8571428571428571
231 3 7 512 9 6 0.8571428571428571
231 4 6 512 8 5 0.7142857142857143
232 2 7 512 9 6 0.8571428571428571
232 4 6 512 9 6 0.8571428571428571
233 3 7 512 9 6 0.8571428571428571
233 4 6 512 8 5 0.7142857142857143
234 2 7 512 9 6 0.8571428571428571
235 3 6 512 9 6 0.8571428571428571
235 6 4 512 6 3 0.42857142857142855
235 2 7 512 9 6 0.8571428571428571
236 2 7 512 9 6 0.8571428571428571
237 1 7 512 9 6 0.8571428571428571
237 5 6 512 9 6 0.8571428571428571
238 5 4 512 6 3 0.42857142857142855
238 3 7 512 9 6 0.8571428571428571
239 4 4 512 7 4 0.5714285714285714
239 3 7 512 9 6 0.8571428571428571
240 1 7 512 9 6 0.8571428571428571
240 6 5 512 7 4 0.5714285714285714
241 4 4 512 7 4 0.5714285714285714
241 2 7 512 9 6 0.8571428571428571
242 6 2 512 5 2 0.2857142857142857
242 3 7 512 9 6 0.8571428571428571
242 4 4 512 6 3 0.42857142857142855
243 8 5 512 7 4 0.5714285714285714
243 3 7 512 9 6 0.8571428571428571
244 3 6 512 9 6 0.8571428571428571
244 0 7 512 9 6 0.8571428571428571
245 5 6 512 9 6 0.8571428571428571
245 4 7 512 9 6 0.8571428571428571
246 4 6 512 8 5 0.7142857142857143
246 3 7 512 9 6 0.8571428571428571
247 6 3 512 6 3 0.42857142857142855
247 1 7 512 9 6 0.8571428571428571
248 3 7 512 9 6 0.8571428571428571
249 5 6 512 8 5 0.7142857142857143
249 3 7 512 9 6 0.8571428571428571
250 4 7 512 9 6 0.8571428571428571
250 6 4 512 7 4 0.5714285714285714
251 2 7 512 9 6 0.8571428571428571
251 4 4 512 6 3 0.42857142857142855
251 6 2 512 5 2 0.2857142857142857
252 2 7 512 9 6 0.8571428571428571
252 6 4 512 6 3 0.42857142857142855
253 4 6 512 9 6 0.8571428571428571
253 3 7 512 9 6 0.8571428571428571
254 4 6 512 8 5 0.7142857142857143
254 5 5 512 7 4 0.5714285714285714
255 2 7 512 9 6 0.8571428571428571
255 3 6 512 8 5 0.7142857142857143
256 2 7 512 9 6 0.8571428571428571
257 2 7 512 9 6 0.8571428571428571
257 6 6 512 8 5 0.7142857142857143
258 4 4 512 6 3 0.42857142857142855
258 3 7 512 9 6 0.8571428571428571
259 6 2 512 5 2 0.2857142857142857
259 4 4 512 6 3 0.42857142857142855
259 2 7 512 9 6 0.8571428571428571
260 7 5 512 7 4 0.5714285714285714
260 2 7 512 9 6 0.8571428571428571
261 3 7 512 9 6 0.8571428571428571
261 5 6 512 8 5 0.7142857142857143
261 6 4 512 6 3 0.42857142857142855
262 3 4 512 7 4 0.5714285714285714
263 2 7 512 9 6 0.8571428571428571
264 3 5 512 7 4 0.5714285714285714
264 2 7 512 9 6 0.8571428571428571
265 4 6 512 8 5 0.7142857142857143
265 3 7 512 9 6 0.8571428571428571
266 2 7 512 9 6 0.8571428571428571
266 5 5 512 7 4 0.5714285714285714
267 2 7 512 9 6 0.8571428571428571
267 7 3 512 6 3 0.42857142857142855
267 4 4 512 7 4 0.5714285714285714
268 1 7 512 9 6 0.8571428571428571
269 5 6 512 9 6 0.8571428571428571
269 3 7 512 9 6 0.8571428571428571
270 7 5 512 8 5 0.7142857142857143
270 2 7 512 9 6 0.8571428571428571
271 3 7 512 9 6 0.8571428571428571
271 5 4 512 6 3 0.42857142857142855
272 4 7 512 9 6 0.8571428571428571
273 5 6 512 8 5 0.7142857142857143
273 2 7 512 9 6 0.8571428571428571
274 1 7 512 9 6 0.8571428571428571
275 1 7 512 9 6 0.8571428571428571
275 5 4 512 6 3 0.42857142857142855
276 3 7 512 9 6 0.8571428571428571
277 4 7 512 9 6 0.8571428571428571
278 5 6 512 8 5 0.7142857142857143
278 2 7 512 9 6 0.8571428571428571
279 3 5 512 7 4 0.5714285714285714
279 2 7 512 9 6 0.8571428571428571
280 6 6 512 8 5 0.7142857142857143
280 1 7 512 9 6 0.8571428571428571
281 5 4 512 7 4 0.5714285714285714
281 1 7 512 9 6 0.8571428571428571
282 1 7 512 9 6 0.8571428571428571
283 3 7 512 9 6 0.8571428571428571
284 2 7 512 9 6 0.8571428571428571
284 6 6 512 9 6 0.8571428571428571
285 1 7 512 9 6 0.8571428571428571
285 5 4 512 6 3 0.42857142857142855
285 4 6 512 9 6 0.8571428571428571
286 2 7 512 9 6 0.8571428571428571
286 4 4 512 7 4 0.5714285714285714
287 4 4 512 7 4 0.5714285714285714
288 5 5 512 7 4 0.5714285714285714
288 3 7 512 9 6 0.8571428571428571
289 1 7 512 9 6 0.8571428571428571
290 4 5 512 7 4 0.5714285714285714
290 2 7 512 9 6 0.8571428571428571
290 5 4 512 6 3 0.42857142857142855
291 4 4 512 7 4 0.5714285714285714
291 2 7 512 9 6 0.8571428571428571
292 3 7 512 9 6 0.8571428571428571
292 4 6 512 8 5 0.7142857142857143
293 3 7 512 9 6 0.8571428571428571
293 7 6 512 8 5 0.7142857142857143
294 3 7 512 9 6 0.8571428571428571
295 3 7 512 9 6 0.8571428571428571
295 6 5 512 7 4 0.5714285714285714
296 4 7 512 9 6 0.8571428571428571
297 2 7 512 9 6 0.8571428571428571
297 5 4 512 6 3 0.42857142857142855
298 2 7 512 9 6 0.8571428571428571
298 7 5 512 7 4 0.5714285714285714
299 3 7 512 9 6 0.8571428571428571
299 5 6 512 8 5 0.7142857142857143
300 2 7 512 9 6 0.8571428571428571
301 2 7 512 9 6 0.8571428571428571
301 4 5 512 7 4 0.5714285714285714
302 3 7 512 9 6 0.8571428571428571
302 5 4 512 6 3 0.42857142857142855
303 3 7 512 9 6 0.8571428571428571
304 6 6 512 8 5 0.7142857142857143
304 3 7 512 9 6 0.8571428571428571
304 7 4 512 6 3 0.42857142857142855
305 6 4 512 7 4 0.5714285714285714
305 4 6 512 9 6 0.8571428571428571
305 2 7 512 9 6 0.8571428571428571
306 6 6 512 8 5 0.7142857142857143
306 2 7 512 9 6 0.8571428571428571
307 1 7 512 9 6 0.8571428571428571
307 5 5 512 7 4 0.5714285714285714
308 6 5 512 7 4 0.5714285714285714
308 3 7 512 9 6 0.8571428571428571
309 3 6 512 8 5 0.7142857142857143
310 6 5 512 7 4 0.5714285714285714
310 3 6 512 9 6 0.8571428571428571
311 3 7 512 9 6 0.8571428571428571
312 6 5 512 7 4 0.5714285714285714
312 2 7 512 9 6 0.8571428571428571
313 6 4 512 7 4 0.5714285714285714
313 4 6 512 9 6 0.8571428571428571
314 4 7 512 9 6 0.8571428571428571
315 2 7 512 9 6 0.8571428571428571
316 2 7 512 9 6 0.8571428571428571
316 3 4 512 6 3 0.42857142857142855
317 3 7 512 9 6 0.8571428571428571
317 5 4 512 6 3 0.42857142857142855
318 10 4 512 7 4 0.5714285714285714
318 1 7 512 9 6 0.8571428571428571
318 5 6 512 8 5 0.7142857142857143
319 2 7 512 9 6 0.8571428571428571
319 5 6 512 8 5 0.7142857142857143
319 6 5 512 7 4 0.5714285714285714
320 1 7 512 9 6 0.8571428571428571
320 5 4 512 6 3 0.42857142857142855
321 3 4 512 7 4 0.5714285714285714
322 3 7 512 9 6 0.8571428571428571
322 6 4 512 6 3 0.42857142857142855
323 4 5 512 7 4 0.5714285714285714
323 3 7 512 9 6 0.8571428571428571
324 2 7 512 9 6 0.8571428571428571
325 3 7 512 9 6 0.8571428571428571
325 7 5 512 7 4 0.5714285714285714
326 4 6 512 8 5 0.7142857142857143
326 2 7 512 9 6 0.8571428571428571
327 5 4 512 6 3 0.42857142857142855
327 3 7 512 9 6 0.8571428571428571
328 7 6 512 9 6 0.8571428571428571
328 1 7 512 9 6 0.8571428571428571
329 2 7 512 9 6 0.8571428571428571
329 4 5 512 7 4 0.5714285714285714
330 2 7 512 9 6 0.8571428571428571
330 4 6 512 9 6 0.8571428571428571
331 7 6 512 8 5 0.7142857142857143
331 3 7 512 9 6 0.8571428571428571
332 4 5 512 7 4 0.5714285714285714
332 2 7 512 9 6 0.8571428571428571
333 5 7 512 9 6 0.8571428571428571
333 6 6 512 8 5 0.7142857142857143
334 8 4 512 7 4 0.5714285714285714
334 2 7 512 9 6 0.8571428571428571
334 6 6 512 9 6 0.8571428571428571
335 5 4 512 6 3 0.42857142857142855
335 2 7 512 9 6 0.8571428571428571
336 3 7 512 9 6 0.8571428571428571
336 5 6 512 9 6 0.8571428571428571
337 3 7 512 9 6 0.8571428571428571
337 4 6 512 9 6 0.8571428571428571
338 5 6 512 8 5 0.7142857142857143
338 3 7 512 9 6 0.8571428571428571
339 2 7 512 9 6 0.8571428571428571
340 6 5 512 8 5 0.7142857142857143
340 3 7 512 9 6 0.8571428571428571
341 3 7 512 9 6 0.8571428571428571
341 4 6 512 8 5 0.7142857142857143
342 6 6 512 9 6 0.8571428571428571
342 3 7 512 9 6 0.8571428571428571
343 4 7 512 9 6 0.8571428571428571
343 6 6 512 8 5 0.7142857142857143
344 3 6 512 9 6 0.8571428571428571
344 6 4 512 6 3 0.42857142857142855
345 7 6 512 8 5 0.7142857142857143
345 2 7 512 9 6 0.8571428571428571
346 3 6 512 8 5 0.7142857142857143
347 3 4 512 7 4 0.5714285714285714
348 4 7 512 9 6 0.8571428571428571
348 5 6 512 9 6 0.8571428571428571
349 4 7 512 9 6 0.8571428571428571
349 6 5 512 7 4 0.5714285714285714
350 4 7 512 9 6 0.8571428571428571
350 6 4 512 7 4 0.5714285714285714
351 4 6 512 8 5 0.7142857142857143
351 2 7 512 9 6 0.8571428571428571
352 6 4 512 6 3 0.42857142857142855
352 5 6 512 8 5 0.7142857142857143
352 2 7 512 9 6 0.8571428571428571
353 7 4 512 7 4 0.5714285714285714
353 3 5 512 7 4 0.5714285714285714
354 4 7 512 9 6 0.8571428571428571
354 5 6 512 8 5 0.7142857142857143
355 4 5 512 7 4 0.5714285714285714
355 3 7 512 9 6 0.8571428571428571
356 6 6 512 9 6 0.8571428571428571
356 1 7 512 9 6 0.8571428571428571
357 3 7 512 9 6 0.8571428571428571
357 6 5 512 7 4 0.5714285714285714
358 5 4 512 7 4 0.5714285714285714
358 3 7 512 9 6 0.8571428571428571
359 2 7 512 9 6 0.8571428571428571
360 5 6 512 8 5 0.7142857142857143
360 1 7 512 9 6 0.8571428571428571
361 3 4 512 7 4 0.5714285714285714
362 3 6 512 8 5 0.7142857142857143
362 2 7 512 9 6 0.8571428571428571
363 2 7 512 9 6 0.8571428571428571
363 5 5 512 7 4 0.5714285714285714
364 2 7 512 9 6 0.8571428571428571
365 2 7 512 9 6 0.8571428571428571
365 8 6 512 8 5 0.7142857142857143
366 4 6 512 9 6 0.8571428571428571
366 3 7 512 9 6 0.8571428571428571
367 2 7 512 9 6 0.8571428571428571
367 5 6 512 9 6 0.8571428571428571
368 6 4 512 6 3 0.42857142857142855
368 3 6 512 8 5 0.7142857142857143
369 3 7 512 9 6 0.8571428571428571
369 4 4 512 7 4 0.5714285714285714
370 3 7 512 9 6 0.8571428571428571
370 5 6 512 9 6 0.8571428571428571
371 5 5 512 7 4 0.5714285714285714
371 7 4 512 6 3 0.42857142857142855
371 3 7 512 9 6 0.8571428571428571
372 3 7 512 9 6 0.8571428571428571
372 5 6 512 8 5 0.7142857142857143
373 2 7 512 9 6 0.8571428571428571
374 3 7 512 9 6 0.8571428571428571
374 4 4 512 7 4 0.5714285714285714
375 4 5 512 7 4 0.5714285714285714
375 2 7 512 9 6 0.8571428571428571
376 2 7 512 9 6 0.8571428571428571
376 3 4 512 7 4 0.5714285714285714
377 6 6 512 8 5 0.7142857142857143
377 8 3 512 5 2 0.2857142857142857
377 4 7 512 9 6 0.8571428571428571
378 2 7 512 9 6 0.8571428571428571
378 4 4 512 7 4 0.5714285714285714
379 2 7 512 9 6 0.8571428571428571
379 6 4 512 6 3 0.42857142857142855
380 5 5 512 7 4 0.5714285714285714
380 3 7 512 9 6 0.8571428571428571
381 1 7 512 9 6 0.8571428571428571
381 6 6 512 8 5 0.7142857142857143
382 4 5 512 7 4 0.5714285714285714
382 3 7 512 9 6 0.8571428571428571
383 2 7 512 9 6 0.8571428571428571
383 8 4 512 7 4 0.5714285714285714
383 5 5 512 7 4 0.5714285714285714
383 4 6 512 8 5 0.7142857142857143
384 3 7 512 9 6 0.8571428571428571
384 5 6 512 9 6 0.8571428571428571
385 5 6 512 9 6 0.8571428571428571
385 2 7 512 9 6 0.8571428571428571
385 6 4 512 6 3 0.42857142857142855
386 1 7 512 9 6 0.8571428571428571
386 6 5 512 7 4 0.5714285714285714
387 5 5 512 7 4 0.5714285714285714
387 3 7 512 9 6 0.8571428571428571
388 7 5 512 7 4 0.5714285714285714
388 4 7 512 9 6 0.8571428571428571
389 2 7 512 9 6 0.8571428571428571
390 2 7 512 9 6 0.8571428571428571
390 5 4 512 6 3 0.42857142857142855
391 6 6 512 9 6 0.8571428571428571
391 2 7 512 9 6 0.8571428571428571
392 3 7 512 9 6 0.8571428571428571
392 5 6 512 9 6 0.8571428571428571
393 2 7 512 9 6 0.8571428571428571
393 4 6 512 9 6 0.8571428571428571
393 7 4 512 7 4 0.5714285714285714
394 2 6 512 8 5 0.7142857142857143
395 2 7 512 9 6 0.8571428571428571
396 3 7 512 9 6 0.8571428571428571
397 1 7 512 9 6 0.8571428571428571
398 6 5 512 7 4 0.5714285714285714
398 3 7 512 9 6 0.8571428571428571
399 4 5 512 7 4 0.5714285714285714
399 1 7 512 9 6 0.8571428571428571
400 4 5 512 7 4 0.5714285714285714
400 5 3 512 5 2 0.2857142857142857
401 4 7 512 9 6 0.8571428571428571
402 4 4 512 7 4 0.5714285714285714
402 3 7 512 9 6 0.8571428571428571
403 6 6 512 9 6 0.8571428571428571
403 4 7 512 9 6 0.8571428571428571
404 6 5 512 7 4 0.5714285714285714
404 3 7 512 9 6 0.8571428571428571
405 5 4 512 7 4 0.5714285714285714
405 1 7 512 9 6 0.8571428571428571
406 2 4 512 7 4 0.5714285714285714
407 4 6 512 9 6 0.8571428571428571
407 6 5 512 7 4 0.5714285714285714
407 7 4 512 7 4 0.5714285714285714
407 2 7 512 9 6 0.8571428571428571
408 3 7 512 9 6 0.8571428571428571
408 4 6 512 8 5 0.7142857142857143
409 4 7 512 9 6 0.8571428571428571
409 5 5 512 7 4 0.5714285714285714
410 4 7 512 9 6 0.8571428571428571
411 6 5 512 7 4 0.5714285714285714
411 3 6 512 9 6 0.8571428571428571
412 3 6 512 9 6 0.8571428571428571
412 7 4 512 6 3 0.42857142857142855
413 3 6 512 8 5 0.7142857142857143
413 6 5 512 7 4 0.5714285714285714
414 3 7 512 9 6 0.8571428571428571
414 4 4 512 6 3 0.42857142857142855
415 5 4 512 7 4 0.5714285714285714
415 3 7 512 9 6 0.8571428571428571
416 3 7 512 9 6 0.8571428571428571
416 4 6 512 9 6 0.8571428571428571
417 6 4 512 6 3 0.42857142857142855
417 5 5 512 7 4 0.5714285714285714
417 4 7 512 9 6 0.8571428571428571
418 1 7 512 9 6 0.8571428571428571
418 5 4 512 6 3 0.42857142857142855
419 2 7 512 9 6 0.8571428571428571
419 5 5 512 7 4 0.5714285714285714
420 2 7 512 9 6 0.8571428571428571
421 4 6 512 8 5 0.7142857142857143
421 6 3 512 6 3 0.42857142857142855
422 5 4 512 7 4 0.5714285714285714
422 4 6 512 9 6 0.8571428571428571
422 3 7 512 9 6 0.8571428571428571
423 3 7 512 9 6 0.8571428571428571
423 4 6 512 8 5 0.7142857142857143
424 3 7 512 9 6 0.8571428571428571
424 5 5 512 7 4 0.5714285714285714
425 6 5 512 7 4 0.5714285714285714
425 2 7 512 9 6 0.8571428571428571
426 3 6 512 9 6 0.8571428571428571
426 2 7 512 9 6 0.8571428571428571
427 2 7 512 9 6 0.8571428571428571
428 3 6 512 9 6 0.8571428571428571
429 1 7 512 9 6 0.8571428571428571
430 5 6 512 9 6 0.8571428571428571
430 3 7 512 9 6 0.8571428571428571
431 2 7 512 9 6 0.8571428571428571
432 2 7 512 9 6 0.8571428571428571
433 4 7 512 9 6 0.8571428571428571
434 5 5 512 7 4 0.5714285714285714
434 2 7 512 9 6 0.8571428571428571
435 6 4 512 7 4 0.5714285714285714
435 7 3 512 5 2 0.2857142857142857
435 2 7 512 9 6 0.8571428571428571
436 5 6 512 8 5 0.7142857142857143
436 8 4 512 7 4 0.5714285714285714
436 3 7 512 9 6 0.8571428571428571
437 3 7 512 9 6 0.8571428571428571
437 4 6 512 9 6 0.8571428571428571
438 2 7 512 9 6 0.8571428571428571
438 3 6 512 9 6 0.8571428571428571
439 3 7 512 9 6 0.8571428571428571
440 3 7 512 9 6 0.8571428571428571
440 4 4 512 7 4 0.5714285714285714
441 4 6 512 8 5 0.7142857142857143
441 3 7 512 9 6 0.8571428571428571
442 3 7 512 9 6 0.8571428571428571
442 4 6 512 8 5 0.7142857142857143
443 2 7 512 9 6 0.8571428571428571
443 6 4 512 7 4 0.5714285714285714
444 2 4 512 7 4 0.5714285714285714
445 4 7 512 9 6 0.8571428571428571
445 5 6 512 8 5 0.7142857142857143
446 5 6 512 8 5 0.7142857142857143
446 3 7 512 9 6 0.8571428571428571
446 8 4 512 7 4 0.5714285714285714
447 5 6 512 8 5 0.7142857142857143
447 7 4 512 6 3 0.42857142857142855
447 4 7 512 9 6 0.8571428571428571
448 4 7 512 9 6 0.8571428571428571
448 6 6 512 8 5 0.7142857142857143
449 3 7 512 9 6 0.8571428571428571
449 5 6 512 8 5 0.7142857142857143
449 7 5 512 7 4 0.5714285714285714
450 3 7 512 9 6 0.8571428571428571
450 7 6 512 9 6 0.8571428571428571
451 6 5 512 7 4 0.5714285714285714
451 3 7 512 9 6 0.8571428571428571
452 6 5 512 7 4 0.5714285714285714
452 2 7 512 9 6 0.8571428571428571
453 5 6 512 8 5 0.7142857142857143
453 3 7 512 9 6 0.8571428571428571
454 3 7 512 9 6 0.8571428571428571
454 6 5 512 7 4 0.5714285714285714
455 5 5 512 7 4 0.5714285714285714
455 2 7 512 9 6 0.8571428571428571
455 6 4 512 7 4 0.5714285714285714
456 2 7 512 9 6 0.8571428571428571
456 6 6 512 8 5 0.7142857142857143
457 4 7 512 9 6 0.8571428571428571
458 4 7 512 9 6 0.8571428571428571
458 7 3 512 5 2 0.2857142857142857
459 5 5 512 7 4 0.5714285714285714
459 0 7 512 9 6 0.8571428571428571
460 3 7 512 9 6 0.8571428571428571
460 6 6 512 8 5 0.7142857142857143
461 5 4 512 7 4 0.5714285714285714
461 4 5 512 7 4 0.5714285714285714
462 4 6 512 8 5 0.7142857142857143
462 3 7 512 9 6 0.8571428571428571
463 5 4 512 7 4 0.5714285714285714
463 2 7 512 9 6 0.8571428571428571
464 5 6 512 9 6 0.8571428571428571
464 2 7 512 9 6 0.8571428571428571
465 7 6 512 9 6 0.8571428571428571
465 3 7 512 9 6 0.8571428571428571
466 3 7 512 9 6 0.8571428571428571
466 5 4 512 7 4 0.5714285714285714
467 4 4 512 6 3 0.42857142857142855
468 3 7 512 9 6 0.8571428571428571
468 7 6 512 8 5 0.7142857142857143
469 3 7 512 9 6 0.8571428571428571
469 4 6 512 8 5 0.7142857142857143
470 6 6 512 9 6 0.8571428571428571
470 3 7 512 9 6 0.8571428571428571
471 5 4 512 6 3 0.42857142857142855
471 4 7 512 9 6 0.8571428571428571
472 1 7 512 9 6 0.8571428571428571
473 4 7 512 9 6 0.8571428571428571
473 5 6 512 8 5 0.7142857142857143
474 2 4 512 7 4 0.5714285714285714
475 6 3 512 5 2 0.2857142857142857
475 4 7 512 9 6 0.8571428571428571
476 6 6 512 9 6 0.8571428571428571
476 3 7 512 9 6 0.8571428571428571
476 7 4 512 7 4 0.5714285714285714
477 2 7 512 9 6 0.8571428571428571
477 7 3 512 6 3 0.42857142857142855
478 1 7 512 9 6 0.8571428571428571
479 2 7 512 9 6 0.8571428571428571
480 1 7 512 9 6 0.8571428571428571
481 5 5 512 7 4 0.5714285714285714
481 1 7 512 9 6 0.8571428571428571
482 6 5 512 8 5 0.7142857142857143
482 1 7 512 9 6 0.8571428571428571
483 5 5 512 7 4 0.5714285714285714
483 3 6 512 8 5 0.7142857142857143
484 2 5 512 7 4 0.5714285714285714
485 4 7 512 9 6 0.8571428571428571
486 2 6 512 8 5 0.7142857142857143
487 5 6 512 9 6 0.8571428571428571
487 3 7 512 9 6 0.8571428571428571
487 7 3 512 5 2 0.2857142857142857
488 6 6 512 8 5 0.7142857142857143
488 1 7 512 9 6 0.8571428571428571
489 5 4 512 7 4 0.5714285714285714
489 2 7 512 9 6 0.8571428571428571
489 4 5 512 7 4 0.5714285714285714
490 2 7 512 9 6 0.8571428571428571
490 6 6 512 9 6 0.8571428571428571
491 2 7 512 9 6 0.8571428571428571
492 8 4 512 7 4 0.5714285714285714
492 4 5 512 7 4 0.5714285714285714
493 3 6 512 9 6 0.8571428571428571
494 3 7 512 9 6 0.8571428571428571
495 3 4 512 7 4 0.5714285714285714
496 3 7 512 9 6 0.8571428571428571
497 5 4 512 6 3 0.42857142857142855
497 3 7 512 9 6 0.8571428571428571
498 2 7 512 9 6 0.8571428571428571
498 5 6 512 9 6 0.8571428571428571
498 6 5 512 7 4 0.5714285714285714
499 5 5 512 7 4 0.5714285714285714
499 3 7 512 9 6 0.8571428571428571
499 7 4 512 7 4 0.5714285714285714
500 3 7 512 9 6 0.8571428571428571
500 5 6 512 8 5 0.7142857142857143
500 7 5 512 7 4 0.5714285714285714
501 1 7 512 9 6 0.8571428571428571
501 6 6 512 9 6 0.8571428571428571
502 1 7 512 9 6 0.8571428571428571
502 5 6 512 8 5 0.7142857142857143
503 4 4 512 6 3 0.42857142857142855
504 6 3 512 5 2 0.2857142857142857
504 3 6 512 9 6 0.8571428571428571
505 3 4 512 7 4 0.5714285714285714
506 6 4 512 6 3 0.42857142857142855
506 3 5 512 7 4 0.5714285714285714
506 2 7 512 9 6 0.8571428571428571
507 3 7 512 9 6 0.8571428571428571
507 5 4 512 6 3 0.42857142857142855
508 7 4 512 6 3 0.42857142857142855
508 5 6 512 9 6 0.8571428571428571
508 2 7 512 9 6 0.8571428571428571
509 2 7 512 9 6 0.8571428571428571
510 6 4 512 6 3 0.42857142857142855
510 3 7 512 9 6 0.8571428571428571
511 3 7 512 9 6 0.8571428571428571
511 8 6 512 8 5 0.7142857142857143
512 2 6 512 9 6 0.8571428571428571
513 3 7 512 9 6 0.8571428571428571
513 8 4 512 6 3 0.42857142857142855
514 3 7 512 9 6 0.8571428571428571
514 7 4 512 7 4 0.5714285714285714
515 4 5 512 7 4 0.5714285714285714
515 3 7 512 9 6 0.8571428571428571
516 3 7 512 9 6 0.8571428571428571
516 5 4 512 6 3 0.42857142857142855
517 4 7 512 9 6 0.8571428571428571
517 6 4 512 7 4 0.5714285714285714
518 6 4 512 7 4 0.5714285714285714
518 3 7 512 9 6 0.8571428571428571
519 6 6 512 8 5 0.7142857142857143
519 3 7 512 9 6 0.8571428571428571
520 5 6 512 8 5 0.7142857142857143
521 4 6 512 9 6 0.8571428571428571
521 6 4 512 7 4 0.5714285714285714
522 5 4 512 7 4 0.5714285714285714
522 3 7 512 9 6 0.8571428571428571
523 3 6 512 8 5 0.7142857142857143
523 6 4 512 7 4 0.5714285714285714
523 1 7 512 9 6 0.8571428571428571
524 3 6 512 9 6 0.8571428571428571
525 3 7 512 9 6 0.8571428571428571
525 4 3 512 6 3 0.42857142857142855
526 3 7 512 9 6 0.8571428571428571
527 4 7 512 9 6 0.8571428571428571
528 8 6 512 9 6 0.8571428571428571
528 2 7 512 9 6 0.8571428571428571
529 3 7 512 9 6 0.8571428571428571
529 4 6 512 8 5 0.7142857142857143
529 5 5 512 7 4 0.5714285714285714
530 4 4 512 6 3 0.42857142857142855
531 3 7 512 9 6 0.8571428571428571
532 5 6 512 8 5 0.7142857142857143
532 2 7 512 9 6 0.8571428571428571
533 2 7 512 9 6 0.8571428571428571
534 2 4 512 7 4 0.5714285714285714
535 6 5 512 7 4 0.5714285714285714
535 2 7 512 9 6 0.8571428571428571
536 3 7 512 9 6 0.8571428571428571
536 4 5 512 7 4 0.5714285714285714
537 7 4 512 6 3 0.42857142857142855
537 2 7 512 9 6 0.8571428571428571
538 7 6 512 9 6 0.8571428571428571
538 3 7 512 9 6 0.8571428571428571
539 3 7 512 9 6 0.8571428571428571
539 5 4 512 6 3 0.42857142857142855
540 4 5 512 7 4 0.5714285714285714
540 3 7 512 9 6 0.8571428571428571
541 8 5 512 7 4 0.5714285714285714
541 1 7 512 9 6 0.8571428571428571
542 4 6 512 9 6 0.8571428571428571
542 8 4 512 7 4 0.5714285714285714
542 3 7 512 9 6 0.8571428571428571
543 1 7 512 9 6 0.8571428571428571
543 6 5 512 7 4 0.5714285714285714
544 2 7 512 9 6 0.8571428571428571
544 4 5 512 7 4 0.5714285714285714
545 2 7 512 9 6 0.8571428571428571
546 4 4 512 7 4 0.5714285714285714
546 2 7 512 9 6 0.8571428571428571
547 3 6 512 9 6 0.8571428571428571
547 5 4 512 7 4 0.5714285714285714
547 2 7 512 9 6 0.8571428571428571
548 1 7 512 9 6 0.8571428571428571
548 6 4 512 6 3 0.42857142857142855
549 5 6 512 9 6 0.8571428571428571
549 3 7 512 9 6 0.8571428571428571
550 3 7 512 9 6 0.8571428571428571
551 3 7 512 9 6 0.8571428571428571
552 5 4 512 6 3 0.42857142857142855
552 3 7 512 9 6 0.8571428571428571
553 8 6 512 9 6 0.8571428571428571
553 2 7 512 9 6 0.8571428571428571
554 3 7 512 9 6 0.8571428571428571
554 7 6 512 8 5 0.7142857142857143
555 2 7 512 9 6 0.8571428571428571
556 3 7 512 9 6 0.8571428571428571
556 5 4 512 7 4 0.5714285714285714
557 2 7 512 9 6 0.8571428571428571
557 4 5 512 7 4 0.5714285714285714
558 4 5 512 7 4 0.5714285714285714
558 3 6 512 9 6 0.8571428571428571
559 4 3 512 6 3 0.42857142857142855
559 2 7 512 9 6 0.8571428571428571
560 3 6 512 8 5 0.7142857142857143
561 2 7 512 9 6 0.8571428571428571
562 2 7 512 9 6 0.8571428571428571
563 3 7 512 9 6 0.8571428571428571
563 5 4 512 7 4 0.5714285714285714
564 3 7 512 9 6 0.8571428571428571
564 4 6 512 9 6 0.8571428571428571
565 2 7 512 9 6 0.8571428571428571
565 5 4 512 6 3 0.42857142857142855
566 3 7 512 9 6 0.8571428571428571
566 5 5 512 7 4 0.5714285714285714
566 7 4 512 6 3 0.42857142857142855
567 4 5 512 7 4 0.5714285714285714
568 3 7 512 9 6 0.8571428571428571
568 6 6 512 9 6 0.8571428571428571
569 2 7 512 9 6 0.8571428571428571
569 5 4 512 6 3 0.42857142857142855
570 5 6 512 9 6 0.8571428571428571
570 3 7 512 9 6 0.8571428571428571
571 4 7 512 9 6 0.8571428571428571
571 6 6 512 8 5 0.7142857142857143
572 3 7 512 9 6 0.8571428571428571
572 4 6 512 8 5 0.7142857142857143
573 2 7 512 9 6 0.8571428571428571
573 6 6 512 9 6 0.8571428571428571
574 7 6 512 9 6 0.8571428571428571
574 2 7 512 9 6 0.8571428571428571
575 2 7 512 9 6 0.8571428571428571
575 6 4 512 6 3 0.42857142857142855
576 2 7 512 9 6 0.8571428571428571
577 4 4 512 6 3 0.42857142857142855
577 3 7 512 9 6 0.8571428571428571
578 5 4 512 6 3 0.42857142857142855
578 3 7 512 9 6 0.8571428571428571
579 3 7 512 9 6 0.8571428571428571
580 3 7 512 9 6 0.8571428571428571
581 5 4 512 7 4 0.5714285714285714
581 2 7 512 9 6 0.8571428571428571
581 3 6 512 9 6 0.8571428571428571
582 3 7 512 9 6 0.8571428571428571
583 5 4 512 6 3 0.42857142857142855
583 4 7 512 9 6 0.8571428571428571
584 3 7 512 9 6 0.8571428571428571
584 5 5 512 7 4 0.5714285714285714
585 3 7 512 9 6 0.8571428571428571
586 4 5 512 7 4 0.5714285714285714
586 2 7 512 9 6 0.8571428571428571
587 5 6 512 8 5 0.7142857142857143
587 8 5 512 7 4 0.5714285714285714
587 1 7 512 9 6 0.8571428571428571
588 4 5 512 7 4 0.5714285714285714
588 3 7 512 9 6 0.8571428571428571
589 2 6 512 9 6 0.8571428571428571
590 4 6 512 8 5 0.7142857142857143
590 2 7 512 9 6 0.8571428571428571
591 4 7 512 9 6 0.8571428571428571
591 6 4 512 6 3 0.42857142857142855
592 6 4 512 7 4 0.5714285714285714
592 3 7 512 9 6 0.8571428571428571
592 5 6 512 8 5 0.7142857142857143
593 3 7 512 9 6 0.8571428571428571
594 3 7 512 9 6 0.8571428571428571
594 4 4 512 6 3 0.42857142857142855
595 4 7 512 9 6 0.8571428571428571
596 5 6 512 9 6 0.8571428571428571
596 4 7 512 9 6 0.8571428571428571
597 1 4 512 6 3 0.42857142857142855
598 7 4 512 6 3 0.42857142857142855
598 2 7 512 9 6 0.8571428571428571
599 3 7 512 9 6 0.8571428571428571
599 6 6 512 9 6 0.8571428571428571
600 7 6 512 9 6 0.8571428571428571
600 2 7 512 9 6 0.8571428571428571
601 4 5 512 7 4 0.5714285714285714
601 2 7 512 9 6 0.8571428571428571
602 5 6 512 8 5 0.7142857142857143
602 2 7 512 9 6 0.8571428571428571
602 7 5 512 7 4 0.5714285714285714
603 6 6 512 9 6 0.8571428571428571
603 2 7 512 9 6 0.8571428571428571
604 2 7 512 9 6 0.8571428571428571
604 6 6 512 8 5 0.7142857142857143
605 3 7 512 9 6 0.8571428571428571
606 2 7 512 9 6 0.8571428571428571
606 5 6 512 8 5 0.7142857142857143
607 6 4 512 7 4 0.5714285714285714
607 2 7 512 9 6 0.8571428571428571
608 4 4 512 7 4 0.5714285714285714
609 2 7 512 9 6 0.8571428571428571
609 5 4 512 7 4 0.5714285714285714
610 5 6 512 9 6 0.8571428571428571
610 6 4 512 6 3 0.42857142857142855
610 2 7 512 9 6 0.8571428571428571
611 2 7 512 9 6 0.8571428571428571
612 7 6 512 9 6 0.8571428571428571
612 3 7 512 9 6 0.8571428571428571
613 2 7 512 9 6 0.8571428571428571
613 4 4 512 7 4 0.5714285714285714
614 8 4 512 7 4 0.5714285714285714
614 3 7 512 9 6 0.8571428571428571
615 4 4 512 6 3 0.42857142857142855
616 3 7 512 9 6 0.8571428571428571
616 6 4 512 7 4 0.5714285714285714
616 4 5 512 7 4 0.5714285714285714
617 1 7 512 9 6 0.8571428571428571
617 3 6 512 8 5 0.7142857142857143
617 4 5 512 7 4 0.5714285714285714
618 3 4 512 6 3 0.42857142857142855
619 1 7 512 9 6 0.8571428571428571
619 3 4 512 6 3 0.42857142857142855
620 2 7 512 9 6 0.8571428571428571
620 6 6 512 9 6 0.8571428571428571
621 5 5 512 7 4 0.5714285714285714
621 1 7 512 9 6 0.8571428571428571
622 2 7 512 9 6 0.8571428571428571
623 3 7 512 9 6 0.8571428571428571
624 2 7 512 9 6 0.8571428571428571
625 4 4 512 7 4 0.5714285714285714
626 7 4 512 7 4 0.5714285714285714
626 2 7 512 9 6 0.8571428571428571
626 6 6 512 8 5 0.7142857142857143
627 4 7 512 9 6 0.8571428571428571
627 6 5 512 7 4 0.5714285714285714
628 2 7 512 9 6 0.8571428571428571
628 5 5 512 7 4 0.5714285714285714
629 6 4 512 6 3 0.42857142857142855
629 3 7 512 9 6 0.8571428571428571
630 3 7 512 9 6 0.8571428571428571
630 5 5 512 7 4 0.5714285714285714
631 1 7 512 9 6 0.8571428571428571
631 6 6 512 8 5 0.7142857142857143
632 7 4 512 6 3 0.42857142857142855
632 3 7 512 9 6 0.8571428571428571
633 2 7 512 9 6 0.8571428571428571
633 5 4 512 6 3 0.42857142857142855
634 7 5 512 7 4 0.5714285714285714
634 3 7 512 9 6 0.8571428571428571
635 7 4 512 6 3 0.42857142857142855
635 4 6 512 8 5 0.7142857142857143
635 3 7 512 9 6 0.8571428571428571
636 1 5 512 7 4 0.5714285714285714
637 4 4 512 7 4 0.5714285714285714
637 1 7 512 9 6 0.8571428571428571
638 4 7 512 9 6 0.8571428571428571
639 6 6 512 8 5 0.7142857142857143
639 4 7 512 9 6 0.8571428571428571
640 3 7 512 9 6 0.8571428571428571
641 3 7 512 9 6 0.8571428571428571
641 7 4 512 6 3 0.42857142857142855
642 3 4 512 6 3 0.42857142857142855
643 2 7 512 9 6 0.8571428571428571
644 3 7 512 9 6 0.8571428571428571
645 2 7 512 9 6 0.8571428571428571
645 6 4 512 7 4 0.5714285714285714
646 5 4 512 6 3 0.42857142857142855
646 3 7 512 9 6 0.8571428571428571
647 3 7 512 9 6 0.8571428571428571
647 7 6 512 9 6 0.8571428571428571
648 3 7 512 9 6 0.8571428571428571
648 5 3 512 5 2 0.2857142857142857
649 6 6 512 9 6 0.8571428571428571
649 3 7 512 9 6 0.8571428571428571
650 5 6 512 8 5 0.7142857142857143
650 1 7 512 9 6 0.8571428571428571
651 3 7 512 9 6 0.8571428571428571
651 7 5 512 7 4 0.5714285714285714
651 6 6 512 8 5 0.7142857142857143
652 5 6 512 8 5 0.7142857142857143
652 2 7 512 9 6 0.8571428571428571
653 6 5 512 7 4 0.5714285714285714
653 1 7 512 9 6 0.8571428571428571
654 7 5 512 7 4 0.5714285714285714
654 2 7 512 9 6 0.8571428571428571
655 2 7 512 9 6 0.8571428571428571
655 7 4 512 7 4 0.5714285714285714
656 2 7 512 9 6 0.8571428571428571
656 6 5 512 7 4 0.5714285714285714
657 6 4 512 7 4 0.5714285714285714
657 4 7 512 9 6 0.8571428571428571
657 5 6 512 9 6 0.8571428571428571
658 4 4 512 6 3 0.42857142857142855
658 3 7 512 9 6 0.8571428571428571
659 4 5 512 7 4 0.5714285714285714
660 2 7 512 9 6 0.8571428571428571
660 4 6 512 8 5 0.7142857142857143
661 5 6 512 8 5 0.7142857142857143
661 3 7 512 9 6 0.8571428571428571
662 2 7 512 9 6 0.8571428571428571
662 4 4 512 6 3 0.42857142857142855
663 3 4 512 7 4 0.5714285714285714
664 1 7 512 9 6 0.8571428571428571
664 5 6 512 9 6 0.8571428571428571
665 2 7 512 9 6 0.8571428571428571
665 4 6 512 8 5 0.7142857142857143
666 5 5 512 7 4 0.5714285714285714
666 4 7 512 9 6 0.8571428571428571
667 5 6 512 9 6 0.8571428571428571
667 2 7 512 9 6 0.8571428571428571
668 3 7 512 9 6 0.8571428571428571
669 3 7 512 9 6 0.8571428571428571
669 6 6 512 8 5 0.7142857142857143
670 5 4 512 6 3 0.42857142857142855
670 2 7 512 9 6 0.8571428571428571
671 2 7 512 9 6 0.8571428571428571
671 3 6 512 8 5 0.7142857142857143
672 6 4 512 6 3 0.42857142857142855
672 2 7 512 9 6 0.8571428571428571
673 4 7 512 9 6 0.8571428571428571
674 2 7 512 9 6 0.8571428571428571
674 6 4 512 6 3 0.42857142857142855
675 4 7 512 9 6 0.8571428571428571
676 3 7 512 9 6 0.8571428571428571
677 3 4 512 6 3 0.42857142857142855
678 3 7 512 9 6 0.8571428571428571
678 4 6 512 8 5 0.7142857142857143
679 1 7 512 9 6 0.8571428571428571
680 4 7 512 9 6 0.8571428571428571
680 6 4 512 6 3 0.42857142857142855
681 1 7 512 9 6 0.8571428571428571
682 2 7 512 9 6 0.8571428571428571
682 3 5 512 7 4 0.5714285714285714
683 4 7 512 9 6 0.8571428571428571
684 4 4 512 6 3 0.42857142857142855
684 1 7 512 9 6 0.8571428571428571
685 4 7 512 9 6 0.8571428571428571
686 3 7 512 9 6 0.8571428571428571
686 5 4 512 6 3 0.42857142857142855
687 2 7 512 9 6 0.8571428571428571
687 5 6 512 9 6 0.8571428571428571
688 2 7 512 9 6 0.8571428571428571
688 5 5 512 7 4 0.5714285714285714
688 4 6 512 9 6 0.8571428571428571
689 4 7 512 9 6 0.8571428571428571
689 6 4 512 6 3 0.42857142857142855
690 1 7 512 9 6 0.8571428571428571
690 3 4 512 7 4 0.5714285714285714
691 7 6 512 8 5 0.7142857142857143
691 3 7 512 9 6 0.8571428571428571
692 5 6 512 9 6 0.8571428571428571
692 7 4 512 7 4 0.5714285714285714
692 2 7 512 9 6 0.8571428571428571
693 4 5 512 7 4 0.5714285714285714
694 2 7 512 9 6 0.8571428571428571
694 4 6 512 8 5 0.7142857142857143
695 3 7 512 9 6 0.8571428571428571
696 1 7 512 9 6 0.8571428571428571
696 7 5 512 7 4 0.5714285714285714
697 8 2 512 4 1 0.14285714285714285
697 3 7 512 9 6 0.8571428571428571
697 5 4 512 6 3 0.42857142857142855
698 3 7 512 9 6 0.8571428571428571
698 6 4 512 7 4 0.5714285714285714
698 4 5 512 7 4 0.5714285714285714
699 6 5 512 7 4 0.5714285714285714
699 3 7 512 9 6 0.8571428571428571
699 5 6 512 9 6 0.8571428571428571
700 5 6 512 9 6 0.8571428571428571
700 6 4 512 7 4 0.5714285714285714
700 4 7 512 9 6 0.8571428571428571
701 4 6 512 9 6 0.8571428571428571
701 3 7 512 9 6 0.8571428571428571
701 6 5 512 7 4 0.5714285714285714
702 7 6 512 8 5 0.7142857142857143
702 2 7 512 9 6 0.8571428571428571
703 7 5 512 7 4 0.5714285714285714
703 2 7 512 9 6 0.8571428571428571
704 3 4 512 7 4 0.5714285714285714
705 6 6 512 9 6 0.8571428571428571
705 3 7 512 9 6 0.8571428571428571
705 8 4 512 7 4 0.5714285714285714
706 3 6 512 9 6 0.8571428571428571
707 4 7 512 9 6 0.8571428571428571
708 1 7 512 9 6 0.8571428571428571
709 3 7 512 9 6 0.8571428571428571
709 5 6 512 8 5 0.7142857142857143
710 3 7 512 9 6 0.8571428571428571
710 8 6 512 8 5 0.7142857142857143
711 2 7 512 9 6 0.8571428571428571
711 4 5 512 8 5 0.7142857142857143
712 3 7 512 9 6 0.8571428571428571
713 7 6 512 9 6 0.8571428571428571
713 4 7 512 9 6 0.8571428571428571
714 3 4 512 6 3 0.42857142857142855
715 6 4 512 6 3 0.42857142857142855
715 3 7 512 9 6 0.8571428571428571
716 5 4 512 6 3 0.42857142857142855
716 3 7 512 9 6 0.8571428571428571
717 3 5 512 7 4 0.5714285714285714
717 8 4 512 7 4 0.5714285714285714
718 2 7 512 9 6 0.8571428571428571
718 3 6 512 8 5 0.7142857142857143
719 1 7 512 9 6 0.8571428571428571
719 6 4 512 6 3 0.42857142857142855
720 2 7 512 9 6 0.8571428571428571
720 5 5 512 7 4 0.5714285714285714
721 2 7 512 9 6 0.8571428571428571
721 5 5 512 7 4 0.5714285714285714
722 3 7 512 9 6 0.8571428571428571
722 5 6 512 8 5 0.7142857142857143
723 2 7 512 9 6 0.8571428571428571
723 3 5 512 7 4 0.5714285714285714
724 3 5 512 7 4 0.5714285714285714
724 1 7 512 9 6 0.8571428571428571
725 5 4 512 7 4 0.5714285714285714
726 4 5 512 7 4 0.5714285714285714
726 3 6 512 8 5 0.7142857142857143
727 7 5 512 7 4 0.5714285714285714
727 2 7 512 9 6 0.8571428571428571
728 4 4 512 7 4 0.5714285714285714
728 3 7 512 9 6 0.8571428571428571
729 2 3 512 6 3 0.42857142857142855
730 3 7 512 9 6 0.8571428571428571
730 4 5 512 7 4 0.5714285714285714
731 4 6 512 9 6 0.8571428571428571
731 2 7 512 9 6 0.8571428571428571
732 4 7 512 9 6 0.8571428571428571
733 3 7 512 9 6 0.8571428571428571
733 6 5 512 7 4 0.5714285714285714
734 3 7 512 9 6 0.8571428571428571
734 4 6 512 9 6 0.8571428571428571
735 4 7 512 9 6 0.8571428571428571
735 5 4 512 6 3 0.42857142857142855
736 3 7 512 9 6 0.8571428571428571
736 5 4 512 7 4 0.5714285714285714
737 6 5 512 7 4 0.5714285714285714
737 2 7 512 9 6 0.8571428571428571
738 3 7 512 9 6 0.8571428571428571
738 4 5 512 7 4 0.5714285714285714
739 3 7 512 9 6 0.8571428571428571
739 5 6 512 8 5 0.7142857142857143
740 3 7 512 9 6 0.8571428571428571
741 6 4 512 7 4 0.5714285714285714
741 1 7 512 9 6 0.8571428571428571
742 3 7 512 9 6 0.8571428571428571
742 7 6 512 9 6 0.8571428571428571
743 2 7 512 9 6 0.8571428571428571
743 4 5 512 7 4 0.5714285714285714
743 6 4 512 6 3 0.42857142857142855
744 2 7 512 9 6 0.8571428571428571
745 1 7 512 9 6 0.8571428571428571
746 6 5 512 7 4 0.5714285714285714
746 8 4 512 6 3 0.42857142857142855
746 2 7 512 9 6 0.8571428571428571
747 4 5 512 7 4 0.5714285714285714
747 2 7 512 9 6 0.8571428571428571
748 3 7 512 9 6 0.8571428571428571
749 4 4 512 6 3 0.42857142857142855
749 3 7 512 9 6 0.8571428571428571
750 6 4 512 6 3 0.42857142857142855
750 4 6 512 8 5 0.7142857142857143
750 3 7 512 9 6 0.8571428571428571
751 6 6 512 9 6 0.8571428571428571
751 8 5 512 7 4 0.5714285714285714
751 3 7 512 9 6 0.8571428571428571
752 3 7 512 9 6 0.8571428571428571
752 5 4 512 6 3 0.42857142857142855
753 2 7 512 9 6 0.8571428571428571
754 2 6 512 8 5 0.7142857142857143
754 6 4 512 6 3 0.42857142857142855
755 3 7 512 9 6 0.8571428571428571
756 4 4 512 6 3 0.42857142857142855
756 2 7 512 9 6 0.8571428571428571
757 6 4 512 6 3 0.42857142857142855
757 1 7 512 9 6 0.8571428571428571
758 3 7 512 9 6 0.8571428571428571
759 3 6 512 8 5 0.7142857142857143
759 5 4 512 6 3 0.42857142857142855
760 3 7 512 9 6 0.8571428571428571
760 5 4 512 6 3 0.42857142857142855
761 3 7 512 9 6 0.8571428571428571
762 2 7 512 9 6 0.8571428571428571
763 2 7 512 9 6 0.8571428571428571
763 5 6 512 9 6 0.8571428571428571
764 2 7 512 9 6 0.8571428571428571
765 3 7 512 9 6 0.8571428571428571
765 6 5 512 7 4 0.5714285714285714
766 2 7 512 9 6 0.8571428571428571
766 6 6 512 8 5 0.7142857142857143
767 4 7 512 9 6 0.8571428571428571
768 1 7 512 9 6 0.8571428571428571
768 4 5 512 7 4 0.5714285714285714
769 2 7 512 9 6 0.8571428571428571
770 1 7 512 9 6 0.8571428571428571
771 2 7 512 9 6 0.8571428571428571
771 6 6 512 9 6 0.8571428571428571
772 3 7 512 9 6 0.8571428571428571
773 5 6 512 8 5 0.7142857142857143
773 4 7 512 9 6 0.8571428571428571
774 1 7 512 9 6 0.8571428571428571
774 6 5 512 7 4 0.5714285714285714
775 1 7 512 9 6 0.8571428571428571
776 3 7 512 9 6 0.8571428571428571
776 4 6 512 9 6 0.8571428571428571
777 4 7 512 9 6 0.8571428571428571
777 5 5 512 7 4 0.5714285714285714
778 1 7 512 9 6 0.8571428571428571
779 2 7 512 9 6 0.8571428571428571
780 6 6 512 9 6 0.8571428571428571
780 3 7 512 9 6 0.8571428571428571
781 1 7 512 9 6 0.8571428571428571
782 3 7 512 9 6 0.8571428571428571
782 4 6 512 8 5 0.7142857142857143
783 2 7 512 9 6 0.8571428571428571
783 3 6 512 8 5 0.7142857142857143
784 6 4 512 6 3 0.42857142857142855
784 3 7 512 9 6 0.8571428571428571
785 2 7 512 9 6 0.8571428571428571
785 5 4 512 6 3 0.42857142857142855
786 8 5 512 7 4 0.5714285714285714
786 2 7 512 9 6 0.8571428571428571
787 3 5 512 7 4 0.5714285714285714
788 2 7 512 9 6 0.8571428571428571
789 5 4 512 6 3 0.42857142857142855
789 4 7 512 9 6 0.8571428571428571
790 3 5 512 7 4 0.5714285714285714
790 2 7 512 9 6 0.8571428571428571
791 2 7 512 9 6 0.8571428571428571
791 5 5 512 7 4 0.5714285714285714
792 3 7 512 9 6 0.8571428571428571
793 3 5 512 7 4 0.5714285714285714
794 1 7 512 9 6 0.8571428571428571
795 6 4 512 6 3 0.42857142857142855
795 3 7 512 9 6 0.8571428571428571
796 3 7 512 9 6 0.8571428571428571
797 5 6 512 8 5 0.7142857142857143
797 0 7 512 9 6 0.8571428571428571
798 5 4 512 6 3 0.42857142857142855
798 3 7 512 9 6 0.8571428571428571
799 3 7 512 9 6 0.8571428571428571
799 4 6 512 8 5 0.7142857142857143
800 3 7 512 9 6 0.8571428571428571
801 5 4 512 7 4 0.5714285714285714
801 2 7 512 9 6 0.8571428571428571
802 3 7 512 9 6 0.8571428571428571
802 5 6 512 8 5 0.7142857142857143
803 1 7 512 9 6 0.8571428571428571
804 5 6 512 9 6 0.8571428571428571
804 2 7 512 9 6 0.8571428571428571
805 3 4 512 7 4 0.5714285714285714
806 5 6 512 9 6 0.8571428571428571
806 0 7 512 9 6 0.8571428571428571
806 7 4 512 6 3 0.42857142857142855
807 6 5 512 7 4 0.5714285714285714
807 4 7 512 9 6 0.8571428571428571
808 3 7 512 9 6 0.8571428571428571
809 2 7 512 9 6 0.8571428571428571
809 7 6 512 9 6 0.8571428571428571
810 2 7 512 9 6 0.8571428571428571
810 8 6 512 8 5 0.7142857142857143
811 3 7 512 9 6 0.8571428571428571
812 1 7 512 9 6 0.8571428571428571
813 3 7 512 9 6 0.8571428571428571
814 2 7 512 9 6 0.8571428571428571
815 4 4 512 7 4 0.5714285714285714
815 3 7 512 9 6 0.8571428571428571
816 2 6 512 8 5 0.7142857142857143
816 5 5 512 7 4 0.5714285714285714
817 2 5 512 7 4 0.5714285714285714
818 2 7 512 9 6 0.8571428571428571
818 5 6 512 8 5 0.7142857142857143
819 2 7 512 9 6 0.8571428571428571
819 5 4 512 6 3 0.42857142857142855
820 4 5 512 7 4 0.5714285714285714
821 5 6 512 8 5 0.7142857142857143
821 2 7 512 9 6 0.8571428571428571
822 5 4 512 6 3 0.42857142857142855
822 2 7 512 9 6 0.8571428571428571
823 4 7 512 9 6 0.8571428571428571
823 5 3 512 6 3 0.42857142857142855
824 2 7 512 9 6 0.8571428571428571
824 6 2 512 5 2 0.2857142857142857
825 2 5 512 7 4 0.5714285714285714
826 4 4 512 7 4 0.5714285714285714
826 6 3 512 6 3 0.42857142857142855
826 3 6 512 9 6 0.8571428571428571
827 3 6 512 8 5 0.7142857142857143
827 2 7 512 9 6 0.8571428571428571
828 3 7 512 9 6 0.8571428571428571
828 6 6 512 9 6 0.8571428571428571
828 7 4 512 6 3 0.42857142857142855
829 1 7 512 9 6 0.8571428571428571
830 4 3 512 5 2 0.2857142857142857
831 1 7 512 9 6 0.8571428571428571
831 3 6 512 9 6 0.8571428571428571
832 4 6 512 8 5 0.7142857142857143
833 3 4 512 6 3 0.42857142857142855
833 1 7 512 9 6 0.8571428571428571
834 6 4 512 7 4 0.5714285714285714
834 2 7 512 9 6 0.8571428571428571
835 4 7 512 9 6 0.8571428571428571
836 2 7 512 9 6 0.8571428571428571
836 6 6 512 9 6 0.8571428571428571
837 3 6 512 9 6 0.8571428571428571
838 3 7 512 9 6 0.8571428571428571
838 4 5 512 7 4 0.5714285714285714
839 7 6 512 9 6 0.8571428571428571
839 3 7 512 9 6 0.8571428571428571
840 3 7 512 9 6 0.8571428571428571
840 8 6 512 8 5 0.7142857142857143
841 4 5 512 7 4 0.5714285714285714
841 3 6 512 9 6 0.8571428571428571
842 3 6 512 8 5 0.7142857142857143
843 3 7 512 9 6 0.8571428571428571
843 4 6 512 9 6 0.8571428571428571
843 5 4 512 6 3 0.42857142857142855
844 2 7 512 9 6 0.8571428571428571
844 4 4 512 7 4 0.5714285714285714
845 2 7 512 9 6 0.8571428571428571
846 3 7 512 9 6 0.8571428571428571
846 7 5 512 7 4 0.5714285714285714
847 4 3 512 6 3 0.42857142857142855
847 2 7 512 9 6 0.8571428571428571
848 6 4 512 6 3 0.42857142857142855
848 4 7 512 9 6 0.8571428571428571
849 7 6 512 8 5 0.7142857142857143
849 2 7 512 9 6 0.8571428571428571
850 5 5 512 7 4 0.5714285714285714
850 2 7 512 9 6 0.8571428571428571
851 3 7 512 9 6 0.8571428571428571
852 7 2 512 4 1 0.14285714285714285
852 4 7 512 9 6 0.8571428571428571
852 5 4 512 6 3 0.42857142857142855
853 5 6 512 9 6 0.8571428571428571
853 8 4 512 7 4 0.5714285714285714
853 4 7 512 9 6 0.8571428571428571
854 2 6 512 8 5 0.7142857142857143
854 0 7 512 9 6 0.8571428571428571
855 4 4 512 6 3 0.42857142857142855
855 2 7 512 9 6 0.8571428571428571
856 3 7 512 9 6 0.8571428571428571
856 4 6 512 9 6 0.8571428571428571
857 7 5 512 8 5 0.7142857142857143
857 4 7 512 9 6 0.8571428571428571
857 5 6 512 8 5 0.7142857142857143
858 5 4 512 6 3 0.42857142857142855
858 3 5 512 7 4 0.5714285714285714
858 2 7 512 9 6 0.8571428571428571
859 2 7 512 9 6 0.8571428571428571
859 6 5 512 7 4 0.5714285714285714
860 3 5 512 7 4 0.5714285714285714
861 2 4 512 7 4 0.5714285714285714
862 6 6 512 9 6 0.8571428571428571
862 2 7 512 9 6 0.8571428571428571
863 2 7 512 9 6 0.8571428571428571
863 7 5 512 7 4 0.5714285714285714
864 1 7 512 9 6 0.8571428571428571
865 7 6 512 8 5 0.7142857142857143
865 2 7 512 9 6 0.8571428571428571
866 2 7 512 9 6 0.8571428571428571
866 3 5 512 7 4 0.5714285714285714
867 2 7 512 9 6 0.8571428571428571
868 2 4 512 7 4 0.5714285714285714
869 6 5 512 7 4 0.5714285714285714
869 2 7 512 9 6 0.8571428571428571
870 8 6 512 8 5 0.7142857142857143
870 2 7 512 9 6 0.8571428571428571
871 3 7 512 9 6 0.8571428571428571
871 5 2 512 5 2 0.2857142857142857
872 4 7 512 9 6 0.8571428571428571
872 7 4 512 6 3 0.42857142857142855
873 3 7 512 9 6 0.8571428571428571
874 6 6 512 9 6 0.8571428571428571
874 3 7 512 9 6 0.8571428571428571
875 2 7 512 9 6 0.8571428571428571
875 5 5 512 7 4 0.5714285714285714
876 2 7 512 9 6 0.8571428571428571
876 3 6 512 8 5 0.7142857142857143
876 4 4 512 7 4 0.5714285714285714
877 2 7 512 9 6 0.8571428571428571
877 7 4 512 7 4 0.5714285714285714
878 3 6 512 9 6 0.8571428571428571
878 2 7 512 9 6 0.8571428571428571
879 2 7 512 9 6 0.8571428571428571
880 3 7 512 9 6 0.8571428571428571
880 4 6 512 8 5 0.7142857142857143
881 2 7 512 9 6 0.8571428571428571
882 1 7 512 9 6 0.8571428571428571
882 5 6 512 8 5 0.7142857142857143
883 3 7 512 9 6 0.8571428571428571
884 3 6 512 8 5 0.7142857142857143
884 7 4 512 6 3 0.42857142857142855
884 2 7 512 9 6 0.8571428571428571
885 6 6 512 9 6 0.8571428571428571
885 2 7 512 9 6 0.8571428571428571
886 3 7 512 9 6 0.8571428571428571
886 9 5 512 7 4 0.5714285714285714
887 4 7 512 9 6 0.8571428571428571
887 7 4 512 6 3 0.42857142857142855
887 5 6 512 8 5 0.7142857142857143
888 4 7 512 9 6 0.8571428571428571
888 7 6 512 8 5 0.7142857142857143
889 3 6 512 8 5 0.7142857142857143
889 2 7 512 9 6 0.8571428571428571
890 3 4 512 6 3 0.42857142857142855
890 2 7 512 9 6 0.8571428571428571
891 3 7 512 9 6 0.8571428571428571
891 6 4 512 6 3 0.42857142857142855
892 3 7 512 9 6 0.8571428571428571
892 4 6 512 8 5 0.7142857142857143
893 6 6 512 9 6 0.8571428571428571
893 2 7 512 9 6 0.8571428571428571
894 4 7 512 9 6 0.8571428571428571
895 5 5 512 7 4 0.5714285714285714
896 3 7 512 9 6 0.8571428571428571
896 5 5 512 7 4 0.5714285714285714
897 3 7 512 9 6 0.8571428571428571
897 4 6 512 9 6 0.8571428571428571
898 3 7 512 9 6 0.8571428571428571
898 5 5 512 7 4 0.5714285714285714
899 1 7 512 9 6 0.8571428571428571
900 4 4 512 6 3 0.42857142857142855
901 7 5 512 7 4 0.5714285714285714
901 3 7 512 9 6 0.8571428571428571
901 5 6 512 9 6 0.8571428571428571
902 5 5 512 7 4 0.5714285714285714
902 2 7 512 9 6 0.8571428571428571
903 2 7 512 9 6 0.8571428571428571
904 4 7 512 9 6 0.8571428571428571
904 5 5 512 7 4 0.5714285714285714
905 5 6 512 8 5 0.7142857142857143
905 3 7 512 9 6 0.8571428571428571
906 3 7 512 9 6 0.8571428571428571
906 6 4 512 7 4 0.5714285714285714
907 3 7 512 9 6 0.8571428571428571
907 8 6 512 8 5 0.7142857142857143
908 4 5 512 7 4 0.5714285714285714
908 3 7 512 9 6 0.8571428571428571
909 5 6 512 9 6 0.8571428571428571
909 2 7 512 9 6 0.8571428571428571
910 2 7 512 9 6 0.8571428571428571
910 4 6 512 9 6 0.8571428571428571
910 6 4 512 6 3 0.42857142857142855
911 6 5 512 7 4 0.5714285714285714
911 1 7 512 9 6 0.8571428571428571
912 8 4 512 6 3 0.42857142857142855
912 4 6 512 9 6 0.8571428571428571
912 5 5 512 7 4 0.5714285714285714
913 2 7 512 9 6 0.8571428571428571
913 5 5 512 7 4 0.5714285714285714
914 2 7 512 9 6 0.8571428571428571
914 3 5 512 7 4 0.5714285714285714
914 6 4 512 6 3 0.42857142857142855
915 3 7 512 9 6 0.8571428571428571
915 6 5 512 7 4 0.5714285714285714
915 4 6 512 8 5 0.7142857142857143
916 3 7 512 9 6 0.8571428571428571
917 3 7 512 9 6 0.8571428571428571
917 4 4 512 7 4 0.5714285714285714
918 2 7 512 9 6 0.8571428571428571
918 3 2 512 5 2 0.2857142857142857
919 3 7 512 9 6 0.8571428571428571
919 4 5 512 7 4 0.5714285714285714
920 2 7 512 9 6 0.8571428571428571
920 3 5 512 7 4 0.5714285714285714
921 2 7 512 9 6 0.8571428571428571
922 4 4 512 6 3 0.42857142857142855
923 7 6 512 8 5 0.7142857142857143
923 3 7 512 9 6 0.8571428571428571
924 6 6 512 9 6 0.8571428571428571
924 7 2 512 5 2 0.2857142857142857
924 3 7 512 9 6 0.8571428571428571
925 4 7 512 9 6 0.8571428571428571
925 6 5 512 7 4 0.5714285714285714
926 2 7 512 9 6 0.8571428571428571
927 3 7 512 9 6 0.8571428571428571
928 3 7 512 9 6 0.8571428571428571
929 2 7 512 9 6 0.8571428571428571
929 5 4 512 7 4 0.5714285714285714
930 6 4 512 7 4 0.5714285714285714
930 3 7 512 9 6 0.8571428571428571
931 3 6 512 8 5 0.7142857142857143
931 1 7 512 9 6 0.8571428571428571
932 3 7 512 9 6 0.8571428571428571
932 6 3 512 5 2 0.2857142857142857
933 5 5 512 7 4 0.5714285714285714
933 3 7 512 9 6 0.8571428571428571
933 4 6 512 9 6 0.8571428571428571
934 3 7 512 9 6 0.8571428571428571
934 6 4 512 7 4 0.5714285714285714
935 2 7 512 9 6 0.8571428571428571
936 5 6 512 9 6 0.8571428571428571
936 4 7 512 9 6 0.8571428571428571
937 4 7 512 9 6 0.8571428571428571
937 6 4 512 6 3 0.42857142857142855
937 5 5 512 7 4 0.5714285714285714
938 3 6 512 9 6 0.8571428571428571
939 7 5 512 7 4 0.5714285714285714
939 4 7 512 9 6 0.8571428571428571
940 7 4 512 6 3 0.42857142857142855
940 4 7 512 9 6 0.8571428571428571
941 7 4 512 6 3 0.42857142857142855
941 1 7 512 9 6 0.8571428571428571
941 3 5 512 7 4 0.5714285714285714
942 3 7 512 9 6 0.8571428571428571
942 6 6 512 8 5 0.7142857142857143
943 4 7 512 9 6 0.8571428571428571
943 5 5 512 7 4 0.5714285714285714
944 4 6 512 9 6 0.8571428571428571
944 3 7 512 9 6 0.8571428571428571
945 3 6 512 8 5 0.7142857142857143
945 6 4 512 6 3 0.42857142857142855
946 3 7 512 9 6 0.8571428571428571
947 3 5 512 7 4 0.5714285714285714
948 1 7 512 9 6 0.8571428571428571
949 3 7 512 9 6 0.8571428571428571
950 5 4 512 7 4 0.5714285714285714
950 1 7 512 9 6 0.8571428571428571
951 4 6 512 9 6 0.8571428571428571
951 2 7 512 9 6 0.8571428571428571
952 4 6 512 8 5 0.7142857142857143
953 7 4 512 6 3 0.42857142857142855
953 3 7 512 9 6 0.8571428571428571
954 3 7 512 9 6 0.8571428571428571
955 2 7 512 9 6 0.8571428571428571
955 5 6 512 8 5 0.7142857142857143
956 3 7 512 9 6 0.8571428571428571
956 5 6 512 9 6 0.8571428571428571
957 3 7 512 9 6 0.8571428571428571
957 5 5 512 7 4 0.5714285714285714
957 6 4 512 7 4 0.5714285714285714
958 3 5 512 7 4 0.5714285714285714
959 2 7 512 9 6 0.8571428571428571
960 3 7 512 9 6 0.8571428571428571
961 4 5 512 7 4 0.5714285714285714
961 1 7 512 9 6 0.8571428571428571
962 5 4 512 7 4 0.5714285714285714
962 3 6 512 8 5 0.7142857142857143
963 4 5 512 7 4 0.5714285714285714
963 3 7 512 9 6 0.8571428571428571
964 1 5 512 7 4 0.5714285714285714
965 4 5 512 7 4 0.5714285714285714
965 3 7 512 9 6 0.8571428571428571
966 3 7 512 9 6 0.8571428571428571
967 3 7 512 9 6 0.8571428571428571
967 6 4 512 7 4 0.5714285714285714
968 4 6 512 9 6 0.8571428571428571
968 7 4 512 7 4 0.5714285714285714
968 6 5 512 7 4 0.5714285714285714
968 3 7 512 9 6 0.8571428571428571
969 2 7 512 9 6 0.8571428571428571
970 6 6 512 8 5 0.7142857142857143
970 1 7 512 9 6 0.8571428571428571
971 3 7 512 9 6 0.8571428571428571
971 5 6 512 8 5 0.7142857142857143
972 2 7 512 9 6 0.8571428571428571
972 7 5 512 7 4 0.5714285714285714
972 3 6 512 9 6 0.8571428571428571
973 2 7 512 9 6 0.8571428571428571
973 3 6 512 8 5 0.7142857142857143
974 5 5 512 7 4 0.5714285714285714
974 3 7 512 9 6 0.8571428571428571
975 2 7 512 9 6 0.8571428571428571
975 7 4 512 7 4 0.5714285714285714
976 3 6 512 8 5 0.7142857142857143
976 5 4 512 7 4 0.5714285714285714
976 2 7 512 9 6 0.8571428571428571
977 2 7 512 9 6 0.8571428571428571
977 3 6 512 9 6 0.8571428571428571
978 4 5 512 7 4 0.5714285714285714
978 3 7 512 9 6 0.8571428571428571
979 3 7 512 9 6 0.8571428571428571
980 3 7 512 9 6 0.8571428571428571
981 5 5 512 7 4 0.5714285714285714
981 6 4 512 7 4 0.5714285714285714
982 3 7 512 9 6 0.8571428571428571
982 5 6 512 9 6 0.8571428571428571
983 5 5 512 7 4 0.5714285714285714
983 0 7 512 9 6 0.8571428571428571
984 3 7 512 9 6 0.8571428571428571
985 7 4 512 6 3 0.42857142857142855
985 2 7 512 9 6 0.8571428571428571
986 3 6 512 9 6 0.8571428571428571
987 8 5 512 7 4 0.5714285714285714
987 2 7 512 9 6 0.8571428571428571
988 3 7 512 9 6 0.8571428571428571
988 4 6 512 8 5 0.7142857142857143
989 6 5 512 7 4 0.5714285714285714
989 8 4 512 7 4 0.5714285714285714
989 1 7 512 9 6 0.8571428571428571
990 5 4 512 7 4 0.5714285714285714
990 4 7 512 9 6 0.8571428571428571
991 3 6 512 9 6 0.8571428571428571
991 6 5 512 7 4 0.5714285714285714
992 2 7 512 9 6 0.8571428571428571
992 5 4 512 6 3 0.42857142857142855
992 7 3 512 5 2 0.2857142857142857
993 3 7 512 9 6 0.8571428571428571
993 4 6 512 8 5 0.7142857142857143
994 1 7 512 9 6 0.8571428571428571
994 4 4 512 6 3 0.42857142857142855
995 3 7 512 9 6 0.8571428571428571
996 2 7 512 9 6 0.8571428571428571
997 3 7 512 9 6 0.8571428571428571
997 5 4 512 7 4 0.5714285714285714
997 4 6 512 9 6 0.8571428571428571
998 5 6 512 9 6 0.8571428571428571
998 3 7 512 9 6 0.8571428571428571
999 6 6 512 8 5 0.7142857142857143
999 3 7 512 9 6 0.8571428571428571
1000 3 7 512 9 6 0.8571428571428571
1000 6 6 512 9 6 0.8571428571428571
1000 8 4 512 7 4 0.5714285714285714
