gen testSuiteSize notKilledMutants number_of_tests no_discount_objective no_equiv_mut_not_killed no_equiv_mut_not_killed_perc
1 5 8.203125 51 9 6 0.8571428571428571
1 2 9.171875 53 10 7 1.0
2 7 7.671875 85 9 6 0.8571428571428571
2 2 8.46875 98 10 7 1.0
3 3 7.4375 100 9 6 0.8571428571428571
3 2 7.921875 133 10 7 1.0
4 4 6.7578125 164 9 6 0.8571428571428571
5 4 7.498046875 183 10 7 1.0
5 5 6.45703125 186 9 6 0.8571428571428571
5 7 6.40234375 190 9 6 0.8571428571428571
5 8 5.017578125 203 7 4 0.5714285714285714
6 4 4.87109375 218 7 4 0.5714285714285714
6 2 7.75390625 230 10 7 1.0
7 6 6.568359375 249 9 6 0.8571428571428571
7 1 7.55859375 250 10 7 1.0
7 3 7.5390625 252 10 7 1.0
8 4 6.412109375 271 8 5 0.7142857142857143
8 3 8.34765625 282 10 7 1.0
9 2 8.294921875 291 10 7 1.0
9 5 7.2890625 292 9 6 0.8571428571428571
9 3 8.271484375 295 10 7 1.0
9 4 8.265625 296 10 7 1.0
10 3 8.083984375 327 10 7 1.0
11 3 7.072265625 329 9 6 0.8571428571428571
11 5 7.04296875 334 9 6 0.8571428571428571
12 6 7.001953125 341 9 6 0.8571428571428571
12 3 7.9609375 348 10 7 1.0
13 3 4.94921875 350 7 4 0.5714285714285714
14 5 7.8203125 372 10 7 1.0
15 6 4.75 384 7 4 0.5714285714285714
15 2 7.75 384 10 7 1.0
15 4 6.75 384 9 6 0.8571428571428571
16 2 7.744140625 385 10 7 1.0
16 3 7.697265625 393 10 7 1.0
17 3 7.64453125 402 10 7 1.0
17 5 7.62109375 406 10 7 1.0
17 8 5.62109375 406 8 5 0.7142857142857143
18 3 7.5859375 412 10 7 1.0
18 4 7.568359375 415 10 7 1.0
18 5 7.5625 416 10 7 1.0
19 5 6.50390625 426 9 6 0.8571428571428571
19 8 6.48046875 430 9 6 0.8571428571428571
20 3 7.462890625 433 10 7 1.0
20 6 4.451171875 435 7 4 0.5714285714285714
20 4 7.4453125 436 10 7 1.0
20 5 5.439453125 437 8 5 0.7142857142857143
21 2 7.421875 440 10 7 1.0
21 5 7.404296875 443 10 7 1.0
21 7 7.3984375 444 10 7 1.0
22 2 7.357421875 451 10 7 1.0
22 4 7.33984375 454 10 7 1.0
23 3 6.298828125 461 9 6 0.8571428571428571
24 3 7.28125 464 10 7 1.0
24 4 4.28125 464 7 4 0.5714285714285714
25 3 7.251953125 469 10 7 1.0
26 3 5.234375 472 8 5 0.7142857142857143
26 2 7.228515625 473 10 7 1.0
27 1 7.2109375 476 10 7 1.0
27 2 7.205078125 477 10 7 1.0
27 5 5.19921875 478 8 5 0.7142857142857143
28 2 7.193359375 479 10 7 1.0
28 5 5.1875 480 8 5 0.7142857142857143
29 7 4.1640625 484 7 4 0.5714285714285714
29 2 7.1640625 484 10 7 1.0
29 5 7.158203125 485 10 7 1.0
30 2 4.15234375 486 7 4 0.5714285714285714
31 4 6.134765625 489 9 6 0.8571428571428571
31 8 5.134765625 489 8 5 0.7142857142857143
31 5 6.12890625 490 9 6 0.8571428571428571
32 1 7.123046875 491 10 7 1.0
32 4 3.123046875 491 6 3 0.42857142857142855
33 3 7.1171875 492 10 7 1.0
33 7 5.111328125 493 8 5 0.7142857142857143
33 5 7.111328125 493 10 7 1.0
34 4 7.10546875 494 10 7 1.0
34 7 4.099609375 495 7 4 0.5714285714285714
34 6 7.099609375 495 10 7 1.0
35 2 7.099609375 495 10 7 1.0
35 3 7.08203125 498 10 7 1.0
35 5 5.08203125 498 8 5 0.7142857142857143
36 2 7.08203125 498 10 7 1.0
36 5 4.076171875 499 7 4 0.5714285714285714
36 4 6.076171875 499 9 6 0.8571428571428571
37 3 7.076171875 499 10 7 1.0
38 3 3.076171875 499 6 3 0.42857142857142855
39 3 7.076171875 499 10 7 1.0
39 5 4.076171875 499 7 4 0.5714285714285714
40 2 7.0703125 500 10 7 1.0
41 1 7.0703125 500 10 7 1.0
41 4 7.064453125 501 10 7 1.0
41 5 7.05859375 502 10 7 1.0
42 3 5.05859375 502 8 5 0.7142857142857143
42 5 4.05859375 502 7 4 0.5714285714285714
43 5 5.05859375 502 8 5 0.7142857142857143
43 2 7.05859375 502 10 7 1.0
43 4 6.05859375 502 9 6 0.8571428571428571
44 5 7.052734375 503 10 7 1.0
45 4 7.046875 504 10 7 1.0
46 5 4.041015625 505 7 4 0.5714285714285714
47 3 7.041015625 505 10 7 1.0
47 4 4.041015625 505 7 4 0.5714285714285714
48 5 5.041015625 505 8 5 0.7142857142857143
48 3 7.041015625 505 10 7 1.0
49 7 5.03515625 506 8 5 0.7142857142857143
49 4 6.03515625 506 9 6 0.8571428571428571
49 2 7.03515625 506 10 7 1.0
50 3 4.03515625 506 7 4 0.5714285714285714
51 2 7.029296875 507 10 7 1.0
52 3 7.0234375 508 10 7 1.0
52 4 6.0234375 508 9 6 0.8571428571428571
53 5 4.017578125 509 7 4 0.5714285714285714
53 3 7.017578125 509 10 7 1.0
54 8 6.017578125 509 9 6 0.8571428571428571
54 2 7.017578125 509 10 7 1.0
55 2 7.017578125 509 10 7 1.0
55 7 4.017578125 509 7 4 0.5714285714285714
56 3 4.01171875 510 7 4 0.5714285714285714
57 3 7.01171875 510 10 7 1.0
57 6 6.01171875 510 9 6 0.8571428571428571
58 5 5.01171875 510 8 5 0.7142857142857143
58 4 7.01171875 510 10 7 1.0
59 3 7.01171875 510 10 7 1.0
59 4 5.01171875 510 8 5 0.7142857142857143
60 4 6.005859375 511 9 6 0.8571428571428571
60 2 7.005859375 511 10 7 1.0
61 7 6.005859375 511 9 6 0.8571428571428571
61 3 7.005859375 511 10 7 1.0
62 2 7.005859375 511 10 7 1.0
62 5 6.005859375 511 9 6 0.8571428571428571
62 8 3.005859375 511 6 3 0.42857142857142855
63 3 7.005859375 511 10 7 1.0
63 4 4.005859375 511 7 4 0.5714285714285714
64 2 7.005859375 511 10 7 1.0
65 3 7.005859375 511 10 7 1.0
66 6 5.005859375 511 8 5 0.7142857142857143
66 4 7.005859375 511 10 7 1.0
67 3 7.005859375 511 10 7 1.0
68 4 7.005859375 511 10 7 1.0
69 4 5.005859375 511 8 5 0.7142857142857143
69 5 4.005859375 511 7 4 0.5714285714285714
69 2 7.005859375 511 10 7 1.0
70 6 6.005859375 511 9 6 0.8571428571428571
70 8 5.005859375 511 8 5 0.7142857142857143
70 3 7.005859375 511 10 7 1.0
71 3 7.005859375 511 10 7 1.0
71 9 5.005859375 511 8 5 0.7142857142857143
71 7 6.005859375 511 9 6 0.8571428571428571
72 3 7.005859375 511 10 7 1.0
73 1 7.005859375 511 10 7 1.0
74 5 6.005859375 511 9 6 0.8571428571428571
74 2 7.005859375 511 10 7 1.0
75 2 7.005859375 511 10 7 1.0
75 4 6.005859375 511 9 6 0.8571428571428571
76 6 4.005859375 511 7 4 0.5714285714285714
76 2 7.005859375 511 10 7 1.0
77 5 6.005859375 511 9 6 0.8571428571428571
77 3 7.005859375 511 10 7 1.0
78 1 7.005859375 511 10 7 1.0
79 4 5.005859375 511 8 5 0.7142857142857143
79 6 3.005859375 511 6 3 0.42857142857142855
80 6 5.005859375 511 8 5 0.7142857142857143
80 4 7.005859375 511 10 7 1.0
80 5 6.005859375 511 9 6 0.8571428571428571
81 4 7.005859375 511 10 7 1.0
81 7 6.005859375 511 9 6 0.8571428571428571
82 3 4 512 7 4 0.5714285714285714
83 3 5 512 7 4 0.5714285714285714
84 7 4 512 7 4 0.5714285714285714
84 2 7 512 9 6 0.8571428571428571
85 3 7 512 9 6 0.8571428571428571
85 4 4 512 6 3 0.42857142857142855
86 2 7 512 9 6 0.8571428571428571
86 5 4 512 6 3 0.42857142857142855
87 2 7 512 9 6 0.8571428571428571
88 2 7 512 9 6 0.8571428571428571
89 2 7 512 9 6 0.8571428571428571
90 2 7 512 9 6 0.8571428571428571
90 5 4 512 7 4 0.5714285714285714
91 2 7 512 9 6 0.8571428571428571
91 5 3 512 6 3 0.42857142857142855
92 1 7 512 9 6 0.8571428571428571
92 6 4 512 6 3 0.42857142857142855
93 3 7 512 9 6 0.8571428571428571
93 5 4 512 7 4 0.5714285714285714
94 3 7 512 9 6 0.8571428571428571
94 7 6 512 8 5 0.7142857142857143
95 2 7 512 9 6 0.8571428571428571
96 2 7 512 9 6 0.8571428571428571
96 6 5 512 7 4 0.5714285714285714
97 6 6 512 9 6 0.8571428571428571
97 2 7 512 9 6 0.8571428571428571
98 1 7 512 9 6 0.8571428571428571
98 2 6 512 9 6 0.8571428571428571
99 3 7 512 9 6 0.8571428571428571
100 3 7 512 9 6 0.8571428571428571
100 4 4 512 6 3 0.42857142857142855
101 3 7 512 9 6 0.8571428571428571
101 4 3 512 5 2 0.2857142857142857
102 2 7 512 9 6 0.8571428571428571
102 8 6 512 8 5 0.7142857142857143
103 2 7 512 9 6 0.8571428571428571
104 3 7 512 9 6 0.8571428571428571
105 3 6 512 8 5 0.7142857142857143
105 1 7 512 9 6 0.8571428571428571
106 5 4 512 7 4 0.5714285714285714
106 3 7 512 9 6 0.8571428571428571
107 4 7 512 9 6 0.8571428571428571
107 5 2 512 5 2 0.2857142857142857
108 3 4 512 6 3 0.42857142857142855
108 1 7 512 9 6 0.8571428571428571
109 2 7 512 9 6 0.8571428571428571
110 2 7 512 9 6 0.8571428571428571
110 5 4 512 7 4 0.5714285714285714
111 2 7 512 9 6 0.8571428571428571
112 4 6 512 9 6 0.8571428571428571
112 6 4 512 7 4 0.5714285714285714
112 3 7 512 9 6 0.8571428571428571
113 3 7 512 9 6 0.8571428571428571
113 6 5 512 7 4 0.5714285714285714
114 3 7 512 9 6 0.8571428571428571
114 4 6 512 8 5 0.7142857142857143
115 6 6 512 9 6 0.8571428571428571
115 2 7 512 9 6 0.8571428571428571
116 3 4 512 6 3 0.42857142857142855
117 3 7 512 9 6 0.8571428571428571
117 6 6 512 8 5 0.7142857142857143
118 2 7 512 9 6 0.8571428571428571
118 4 4 512 6 3 0.42857142857142855
119 8 4 512 6 3 0.42857142857142855
119 2 7 512 9 6 0.8571428571428571
120 6 4 512 6 3 0.42857142857142855
120 4 7 512 9 6 0.8571428571428571
120 5 5 512 7 4 0.5714285714285714
121 4 6 512 8 5 0.7142857142857143
121 2 7 512 9 6 0.8571428571428571
122 3 5 512 7 4 0.5714285714285714
122 2 7 512 9 6 0.8571428571428571
123 8 6 512 8 5 0.7142857142857143
123 3 7 512 9 6 0.8571428571428571
124 4 5 512 7 4 0.5714285714285714
124 3 7 512 9 6 0.8571428571428571
125 3 7 512 9 6 0.8571428571428571
125 5 4 512 7 4 0.5714285714285714
126 1 7 512 9 6 0.8571428571428571
126 6 2 512 5 2 0.2857142857142857
127 5 6 512 9 6 0.8571428571428571
127 4 7 512 9 6 0.8571428571428571
128 5 5 512 7 4 0.5714285714285714
128 3 7 512 9 6 0.8571428571428571
129 2 7 512 9 6 0.8571428571428571
129 4 5 512 7 4 0.5714285714285714
130 3 7 512 9 6 0.8571428571428571
131 4 7 512 9 6 0.8571428571428571
132 8 6 512 8 5 0.7142857142857143
132 4 7 512 9 6 0.8571428571428571
133 4 7 512 9 6 0.8571428571428571
134 3 7 512 9 6 0.8571428571428571
134 4 6 512 8 5 0.7142857142857143
135 4 7 512 9 6 0.8571428571428571
135 5 6 512 8 5 0.7142857142857143
136 2 7 512 9 6 0.8571428571428571
136 5 6 512 9 6 0.8571428571428571
137 3 7 512 9 6 0.8571428571428571
137 5 5 512 7 4 0.5714285714285714
138 4 5 512 7 4 0.5714285714285714
138 1 7 512 9 6 0.8571428571428571
139 2 7 512 9 6 0.8571428571428571
140 4 6 512 9 6 0.8571428571428571
140 3 7 512 9 6 0.8571428571428571
141 2 7 512 9 6 0.8571428571428571
142 5 4 512 6 3 0.42857142857142855
142 3 7 512 9 6 0.8571428571428571
142 4 6 512 9 6 0.8571428571428571
143 4 6 512 8 5 0.7142857142857143
143 2 7 512 9 6 0.8571428571428571
144 2 7 512 9 6 0.8571428571428571
144 5 4 512 7 4 0.5714285714285714
145 3 7 512 9 6 0.8571428571428571
146 2 7 512 9 6 0.8571428571428571
147 5 5 512 7 4 0.5714285714285714
147 2 7 512 9 6 0.8571428571428571
148 2 7 512 9 6 0.8571428571428571
149 3 7 512 9 6 0.8571428571428571
149 5 6 512 9 6 0.8571428571428571
150 1 7 512 9 6 0.8571428571428571
150 3 5 512 7 4 0.5714285714285714
151 2 4 512 6 3 0.42857142857142855
152 7 6 512 9 6 0.8571428571428571
152 9 4 512 7 4 0.5714285714285714
152 2 7 512 9 6 0.8571428571428571
153 2 7 512 9 6 0.8571428571428571
153 4 5 512 7 4 0.5714285714285714
154 2 7 512 9 6 0.8571428571428571
154 6 4 512 6 3 0.42857142857142855
155 5 5 512 7 4 0.5714285714285714
155 2 7 512 9 6 0.8571428571428571
156 5 4 512 7 4 0.5714285714285714
156 2 7 512 9 6 0.8571428571428571
157 3 6 512 9 6 0.8571428571428571
158 5 6 512 8 5 0.7142857142857143
158 2 7 512 9 6 0.8571428571428571
159 5 5 512 7 4 0.5714285714285714
159 3 7 512 9 6 0.8571428571428571
160 3 4 512 7 4 0.5714285714285714
160 2 7 512 9 6 0.8571428571428571
161 4 5 512 7 4 0.5714285714285714
161 2 7 512 9 6 0.8571428571428571
161 6 4 512 6 3 0.42857142857142855
162 2 7 512 9 6 0.8571428571428571
163 3 7 512 9 6 0.8571428571428571
163 4 5 512 7 4 0.5714285714285714
164 6 4 512 7 4 0.5714285714285714
164 5 6 512 9 6 0.8571428571428571
164 2 7 512 9 6 0.8571428571428571
165 3 7 512 9 6 0.8571428571428571
165 5 3 512 6 3 0.42857142857142855
166 3 7 512 9 6 0.8571428571428571
166 5 6 512 8 5 0.7142857142857143
167 2 7 512 9 6 0.8571428571428571
168 3 7 512 9 6 0.8571428571428571
168 5 5 512 7 4 0.5714285714285714
169 4 7 512 9 6 0.8571428571428571
169 7 4 512 7 4 0.5714285714285714
170 2 7 512 9 6 0.8571428571428571
171 5 5 512 7 4 0.5714285714285714
171 3 7 512 9 6 0.8571428571428571
172 2 7 512 9 6 0.8571428571428571
173 3 7 512 9 6 0.8571428571428571
173 7 6 512 9 6 0.8571428571428571
174 2 7 512 9 6 0.8571428571428571
174 5 6 512 8 5 0.7142857142857143
175 7 6 512 9 6 0.8571428571428571
175 9 4 512 6 3 0.42857142857142855
175 1 7 512 9 6 0.8571428571428571
176 6 5 512 7 4 0.5714285714285714
176 3 7 512 9 6 0.8571428571428571
177 3 7 512 9 6 0.8571428571428571
177 4 5 512 7 4 0.5714285714285714
178 2 7 512 9 6 0.8571428571428571
179 9 5 512 7 4 0.5714285714285714
179 2 7 512 9 6 0.8571428571428571
179 4 6 512 9 6 0.8571428571428571
180 5 6 512 9 6 0.8571428571428571
180 4 7 512 9 6 0.8571428571428571
181 2 5 512 7 4 0.5714285714285714
181 8 2 512 5 2 0.2857142857142857
182 2 7 512 9 6 0.8571428571428571
182 8 6 512 8 5 0.7142857142857143
183 2 7 512 9 6 0.8571428571428571
184 2 7 512 9 6 0.8571428571428571
184 6 5 512 7 4 0.5714285714285714
185 3 7 512 9 6 0.8571428571428571
186 4 6 512 9 6 0.8571428571428571
186 2 7 512 9 6 0.8571428571428571
187 6 5 512 7 4 0.5714285714285714
187 1 7 512 9 6 0.8571428571428571
187 5 6 512 8 5 0.7142857142857143
188 4 4 512 7 4 0.5714285714285714
188 3 7 512 9 6 0.8571428571428571
189 3 7 512 9 6 0.8571428571428571
189 5 5 512 7 4 0.5714285714285714
190 5 4 512 7 4 0.5714285714285714
190 4 7 512 9 6 0.8571428571428571
191 8 4 512 7 4 0.5714285714285714
191 7 5 512 7 4 0.5714285714285714
191 2 7 512 9 6 0.8571428571428571
191 3 6 512 9 6 0.8571428571428571
192 1 7 512 9 6 0.8571428571428571
193 3 7 512 9 6 0.8571428571428571
193 5 5 512 7 4 0.5714285714285714
194 3 7 512 9 6 0.8571428571428571
195 3 7 512 9 6 0.8571428571428571
195 4 5 512 7 4 0.5714285714285714
196 0 7 512 9 6 0.8571428571428571
196 7 6 512 9 6 0.8571428571428571
197 4 7 512 9 6 0.8571428571428571
197 8 6 512 8 5 0.7142857142857143
198 3 7 512 9 6 0.8571428571428571
199 4 4 512 6 3 0.42857142857142855
199 2 6 512 9 6 0.8571428571428571
200 3 5 512 7 4 0.5714285714285714
201 1 7 512 9 6 0.8571428571428571
202 7 6 512 8 5 0.7142857142857143
202 2 7 512 9 6 0.8571428571428571
203 2 7 512 9 6 0.8571428571428571
204 2 7 512 9 6 0.8571428571428571
204 6 4 512 6 3 0.42857142857142855
205 2 7 512 9 6 0.8571428571428571
206 4 7 512 9 6 0.8571428571428571
207 3 7 512 9 6 0.8571428571428571
207 5 4 512 6 3 0.42857142857142855
208 3 7 512 9 6 0.8571428571428571
208 4 4 512 7 4 0.5714285714285714
209 3 4 512 6 3 0.42857142857142855
209 1 7 512 9 6 0.8571428571428571
210 4 7 512 9 6 0.8571428571428571
210 9 5 512 7 4 0.5714285714285714
211 2 7 512 9 6 0.8571428571428571
212 6 4 512 6 3 0.42857142857142855
212 4 6 512 9 6 0.8571428571428571
212 1 7 512 9 6 0.8571428571428571
213 5 6 512 9 6 0.8571428571428571
213 1 7 512 9 6 0.8571428571428571
214 7 3 512 6 3 0.42857142857142855
214 2 7 512 9 6 0.8571428571428571
215 1 7 512 9 6 0.8571428571428571
216 1 7 512 9 6 0.8571428571428571
217 3 7 512 9 6 0.8571428571428571
218 3 5 512 7 4 0.5714285714285714
219 2 7 512 9 6 0.8571428571428571
219 6 5 512 7 4 0.5714285714285714
220 3 7 512 9 6 0.8571428571428571
220 4 6 512 9 6 0.8571428571428571
221 2 7 512 9 6 0.8571428571428571
222 2 7 512 9 6 0.8571428571428571
222 4 6 512 9 6 0.8571428571428571
223 3 7 512 9 6 0.8571428571428571
223 6 4 512 7 4 0.5714285714285714
224 6 5 512 7 4 0.5714285714285714
224 2 7 512 9 6 0.8571428571428571
225 2 5 512 7 4 0.5714285714285714
226 2 7 512 9 6 0.8571428571428571
226 7 6 512 8 5 0.7142857142857143
227 7 5 512 7 4 0.5714285714285714
227 3 7 512 9 6 0.8571428571428571
228 2 7 512 9 6 0.8571428571428571
228 4 5 512 7 4 0.5714285714285714
229 3 7 512 9 6 0.8571428571428571
229 5 4 512 6 3 0.42857142857142855
230 4 5 512 7 4 0.5714285714285714
231 2 7 512 9 6 0.8571428571428571
231 4 4 512 7 4 0.5714285714285714
232 3 7 512 9 6 0.8571428571428571
232 5 6 512 8 5 0.7142857142857143
233 2 7 512 9 6 0.8571428571428571
233 6 4 512 6 3 0.42857142857142855
234 3 6 512 9 6 0.8571428571428571
235 4 6 512 8 5 0.7142857142857143
235 3 7 512 9 6 0.8571428571428571
236 3 4 512 6 3 0.42857142857142855
237 7 5 512 7 4 0.5714285714285714
237 4 7 512 9 6 0.8571428571428571
238 5 5 512 7 4 0.5714285714285714
238 3 7 512 9 6 0.8571428571428571
239 1 7 512 9 6 0.8571428571428571
240 1 7 512 9 6 0.8571428571428571
240 5 5 512 7 4 0.5714285714285714
241 2 7 512 9 6 0.8571428571428571
242 6 6 512 8 5 0.7142857142857143
242 3 7 512 9 6 0.8571428571428571
243 6 5 512 7 4 0.5714285714285714
243 5 6 512 8 5 0.7142857142857143
243 2 7 512 9 6 0.8571428571428571
244 6 5 512 7 4 0.5714285714285714
244 3 7 512 9 6 0.8571428571428571
245 3 7 512 9 6 0.8571428571428571
245 8 4 512 7 4 0.5714285714285714
246 7 5 512 7 4 0.5714285714285714
246 2 7 512 9 6 0.8571428571428571
247 7 5 512 7 4 0.5714285714285714
247 1 7 512 9 6 0.8571428571428571
248 6 6 512 8 5 0.7142857142857143
248 8 4 512 6 3 0.42857142857142855
248 3 7 512 9 6 0.8571428571428571
249 3 7 512 9 6 0.8571428571428571
250 2 7 512 9 6 0.8571428571428571
250 5 6 512 9 6 0.8571428571428571
251 4 6 512 8 5 0.7142857142857143
251 3 7 512 9 6 0.8571428571428571
251 7 4 512 6 3 0.42857142857142855
252 3 5 512 7 4 0.5714285714285714
253 3 7 512 9 6 0.8571428571428571
253 6 4 512 7 4 0.5714285714285714
254 4 7 512 9 6 0.8571428571428571
254 6 6 512 8 5 0.7142857142857143
254 9 5 512 7 4 0.5714285714285714
255 2 7 512 9 6 0.8571428571428571
255 5 5 512 7 4 0.5714285714285714
256 8 4 512 7 4 0.5714285714285714
256 3 7 512 9 6 0.8571428571428571
257 3 7 512 9 6 0.8571428571428571
257 4 4 512 7 4 0.5714285714285714
258 5 5 512 7 4 0.5714285714285714
258 3 7 512 9 6 0.8571428571428571
259 3 7 512 9 6 0.8571428571428571
259 4 4 512 6 3 0.42857142857142855
260 4 6 512 9 6 0.8571428571428571
261 2 7 512 9 6 0.8571428571428571
262 5 6 512 8 5 0.7142857142857143
262 3 7 512 9 6 0.8571428571428571
262 6 4 512 6 3 0.42857142857142855
263 1 7 512 9 6 0.8571428571428571
263 7 4 512 6 3 0.42857142857142855
264 3 7 512 9 6 0.8571428571428571
265 3 7 512 9 6 0.8571428571428571
265 5 5 512 7 4 0.5714285714285714
266 3 5 512 7 4 0.5714285714285714
266 6 4 512 6 3 0.42857142857142855
267 3 7 512 9 6 0.8571428571428571
267 5 6 512 8 5 0.7142857142857143
268 3 7 512 9 6 0.8571428571428571
268 6 5 512 7 4 0.5714285714285714
269 3 6 512 8 5 0.7142857142857143
270 8 4 512 6 3 0.42857142857142855
270 4 7 512 9 6 0.8571428571428571
271 6 4 512 6 3 0.42857142857142855
271 5 6 512 9 6 0.8571428571428571
271 1 7 512 9 6 0.8571428571428571
272 1 7 512 9 6 0.8571428571428571
272 7 3 512 6 3 0.42857142857142855
273 4 7 512 9 6 0.8571428571428571
273 6 5 512 7 4 0.5714285714285714
274 2 7 512 9 6 0.8571428571428571
275 3 7 512 9 6 0.8571428571428571
275 5 5 512 7 4 0.5714285714285714
276 3 7 512 9 6 0.8571428571428571
277 6 4 512 6 3 0.42857142857142855
277 1 7 512 9 6 0.8571428571428571
277 5 6 512 8 5 0.7142857142857143
278 4 7 512 9 6 0.8571428571428571
279 5 5 512 8 5 0.7142857142857143
279 3 7 512 9 6 0.8571428571428571
279 4 6 512 8 5 0.7142857142857143
280 3 7 512 9 6 0.8571428571428571
281 2 7 512 9 6 0.8571428571428571
282 1 7 512 9 6 0.8571428571428571
282 4 5 512 7 4 0.5714285714285714
283 3 7 512 9 6 0.8571428571428571
283 6 4 512 6 3 0.42857142857142855
284 5 5 512 7 4 0.5714285714285714
284 3 7 512 9 6 0.8571428571428571
285 6 4 512 7 4 0.5714285714285714
285 2 7 512 9 6 0.8571428571428571
286 4 6 512 8 5 0.7142857142857143
286 6 4 512 7 4 0.5714285714285714
286 2 7 512 9 6 0.8571428571428571
287 3 7 512 9 6 0.8571428571428571
287 6 4 512 6 3 0.42857142857142855
287 4 6 512 8 5 0.7142857142857143
287 5 5 512 7 4 0.5714285714285714
288 3 6 512 9 6 0.8571428571428571
288 6 4 512 6 3 0.42857142857142855
289 3 7 512 9 6 0.8571428571428571
290 7 4 512 6 3 0.42857142857142855
290 4 5 512 7 4 0.5714285714285714
290 2 7 512 9 6 0.8571428571428571
291 5 6 512 8 5 0.7142857142857143
291 2 7 512 9 6 0.8571428571428571
292 3 7 512 9 6 0.8571428571428571
292 5 6 512 8 5 0.7142857142857143
292 6 4 512 6 3 0.42857142857142855
293 3 7 512 9 6 0.8571428571428571
294 5 5 512 7 4 0.5714285714285714
294 1 7 512 9 6 0.8571428571428571
295 5 6 512 8 5 0.7142857142857143
295 3 7 512 9 6 0.8571428571428571
296 3 7 512 9 6 0.8571428571428571
296 5 4 512 6 3 0.42857142857142855
297 3 7 512 9 6 0.8571428571428571
297 4 6 512 8 5 0.7142857142857143
298 4 7 512 9 6 0.8571428571428571
298 6 5 512 7 4 0.5714285714285714
298 5 6 512 9 6 0.8571428571428571
299 8 6 512 9 6 0.8571428571428571
299 2 7 512 9 6 0.8571428571428571
300 3 6 512 9 6 0.8571428571428571
301 2 7 512 9 6 0.8571428571428571
301 7 5 512 7 4 0.5714285714285714
302 3 7 512 9 6 0.8571428571428571
302 5 5 512 7 4 0.5714285714285714
303 4 7 512 9 6 0.8571428571428571
303 5 4 512 7 4 0.5714285714285714
304 2 7 512 9 6 0.8571428571428571
304 6 5 512 7 4 0.5714285714285714
305 5 4 512 6 3 0.42857142857142855
305 3 7 512 9 6 0.8571428571428571
306 4 6 512 8 5 0.7142857142857143
306 3 7 512 9 6 0.8571428571428571
306 6 4 512 7 4 0.5714285714285714
307 6 6 512 9 6 0.8571428571428571
307 3 7 512 9 6 0.8571428571428571
308 2 7 512 9 6 0.8571428571428571
309 2 7 512 9 6 0.8571428571428571
310 2 5 512 7 4 0.5714285714285714
311 1 7 512 9 6 0.8571428571428571
311 4 5 512 7 4 0.5714285714285714
311 6 4 512 7 4 0.5714285714285714
312 3 7 512 9 6 0.8571428571428571
313 4 6 512 8 5 0.7142857142857143
313 2 7 512 9 6 0.8571428571428571
314 4 7 512 9 6 0.8571428571428571
315 9 4 512 6 3 0.42857142857142855
315 3 7 512 9 6 0.8571428571428571
316 3 7 512 9 6 0.8571428571428571
316 5 3 512 6 3 0.42857142857142855
317 0 7 512 9 6 0.8571428571428571
318 4 7 512 9 6 0.8571428571428571
318 5 4 512 6 3 0.42857142857142855
319 5 4 512 7 4 0.5714285714285714
319 2 7 512 9 6 0.8571428571428571
320 2 7 512 9 6 0.8571428571428571
321 2 7 512 9 6 0.8571428571428571
321 5 4 512 6 3 0.42857142857142855
322 3 7 512 9 6 0.8571428571428571
322 7 5 512 7 4 0.5714285714285714
323 3 7 512 9 6 0.8571428571428571
323 7 6 512 9 6 0.8571428571428571
324 7 6 512 8 5 0.7142857142857143
324 3 7 512 9 6 0.8571428571428571
325 4 6 512 8 5 0.7142857142857143
325 2 7 512 9 6 0.8571428571428571
326 3 7 512 9 6 0.8571428571428571
326 6 6 512 9 6 0.8571428571428571
326 7 4 512 7 4 0.5714285714285714
327 3 7 512 9 6 0.8571428571428571
327 5 6 512 8 5 0.7142857142857143
328 7 6 512 8 5 0.7142857142857143
328 2 7 512 9 6 0.8571428571428571
329 3 7 512 9 6 0.8571428571428571
329 5 5 512 7 4 0.5714285714285714
330 3 7 512 9 6 0.8571428571428571
330 5 6 512 9 6 0.8571428571428571
331 3 7 512 9 6 0.8571428571428571
331 5 5 512 7 4 0.5714285714285714
332 3 7 512 9 6 0.8571428571428571
333 6 6 512 9 6 0.8571428571428571
333 2 7 512 9 6 0.8571428571428571
334 4 4 512 6 3 0.42857142857142855
335 4 7 512 9 6 0.8571428571428571
335 9 5 512 7 4 0.5714285714285714
336 3 7 512 9 6 0.8571428571428571
336 4 4 512 6 3 0.42857142857142855
337 3 6 512 9 6 0.8571428571428571
338 5 4 512 6 3 0.42857142857142855
338 3 7 512 9 6 0.8571428571428571
339 3 7 512 9 6 0.8571428571428571
339 6 4 512 6 3 0.42857142857142855
340 3 7 512 9 6 0.8571428571428571
341 5 6 512 8 5 0.7142857142857143
341 2 7 512 9 6 0.8571428571428571
342 3 7 512 9 6 0.8571428571428571
343 3 7 512 9 6 0.8571428571428571
344 2 7 512 9 6 0.8571428571428571
344 6 4 512 7 4 0.5714285714285714
345 5 6 512 8 5 0.7142857142857143
345 2 7 512 9 6 0.8571428571428571
346 4 6 512 9 6 0.8571428571428571
346 2 7 512 9 6 0.8571428571428571
347 4 4 512 6 3 0.42857142857142855
348 3 5 512 7 4 0.5714285714285714
348 1 7 512 9 6 0.8571428571428571
349 3 7 512 9 6 0.8571428571428571
350 7 4 512 7 4 0.5714285714285714
350 3 7 512 9 6 0.8571428571428571
351 4 7 512 9 6 0.8571428571428571
352 6 4 512 6 3 0.42857142857142855
352 3 7 512 9 6 0.8571428571428571
353 7 4 512 7 4 0.5714285714285714
353 3 7 512 9 6 0.8571428571428571
354 3 7 512 9 6 0.8571428571428571
354 6 5 512 7 4 0.5714285714285714
355 4 7 512 9 6 0.8571428571428571
355 6 4 512 7 4 0.5714285714285714
355 5 6 512 8 5 0.7142857142857143
356 3 7 512 9 6 0.8571428571428571
357 7 4 512 6 3 0.42857142857142855
357 2 7 512 9 6 0.8571428571428571
358 3 7 512 9 6 0.8571428571428571
358 4 6 512 9 6 0.8571428571428571
359 2 7 512 9 6 0.8571428571428571
359 8 4 512 7 4 0.5714285714285714
360 5 6 512 9 6 0.8571428571428571
360 3 7 512 9 6 0.8571428571428571
361 2 5 512 7 4 0.5714285714285714
362 4 6 512 8 5 0.7142857142857143
362 2 7 512 9 6 0.8571428571428571
363 2 7 512 9 6 0.8571428571428571
363 7 6 512 8 5 0.7142857142857143
364 7 6 512 8 5 0.7142857142857143
364 2 7 512 9 6 0.8571428571428571
365 3 7 512 9 6 0.8571428571428571
365 4 6 512 8 5 0.7142857142857143
366 2 7 512 9 6 0.8571428571428571
367 4 6 512 8 5 0.7142857142857143
368 5 6 512 8 5 0.7142857142857143
368 4 7 512 9 6 0.8571428571428571
369 5 6 512 8 5 0.7142857142857143
369 3 7 512 9 6 0.8571428571428571
370 3 6 512 8 5 0.7142857142857143
371 3 7 512 9 6 0.8571428571428571
371 4 6 512 8 5 0.7142857142857143
372 7 4 512 7 4 0.5714285714285714
372 3 7 512 9 6 0.8571428571428571
372 6 6 512 8 5 0.7142857142857143
373 5 4 512 6 3 0.42857142857142855
373 2 7 512 9 6 0.8571428571428571
373 4 6 512 8 5 0.7142857142857143
374 6 6 512 8 5 0.7142857142857143
374 2 7 512 9 6 0.8571428571428571
375 3 7 512 9 6 0.8571428571428571
375 4 5 512 7 4 0.5714285714285714
376 2 7 512 9 6 0.8571428571428571
377 1 7 512 9 6 0.8571428571428571
378 3 7 512 9 6 0.8571428571428571
378 6 6 512 8 5 0.7142857142857143
379 2 7 512 9 6 0.8571428571428571
379 5 6 512 8 5 0.7142857142857143
380 2 7 512 9 6 0.8571428571428571
381 3 7 512 9 6 0.8571428571428571
381 7 6 512 8 5 0.7142857142857143
382 1 7 512 9 6 0.8571428571428571
382 7 6 512 9 6 0.8571428571428571
383 8 5 512 7 4 0.5714285714285714
383 7 6 512 8 5 0.7142857142857143
383 3 7 512 9 6 0.8571428571428571
384 5 6 512 8 5 0.7142857142857143
384 6 4 512 7 4 0.5714285714285714
384 2 7 512 9 6 0.8571428571428571
385 7 6 512 9 6 0.8571428571428571
385 3 7 512 9 6 0.8571428571428571
386 7 6 512 8 5 0.7142857142857143
386 2 7 512 9 6 0.8571428571428571
387 5 5 512 7 4 0.5714285714285714
387 2 7 512 9 6 0.8571428571428571
388 4 7 512 9 6 0.8571428571428571
389 2 7 512 9 6 0.8571428571428571
389 6 3 512 6 3 0.42857142857142855
390 3 6 512 8 5 0.7142857142857143
390 6 4 512 6 3 0.42857142857142855
391 5 6 512 8 5 0.7142857142857143
391 2 7 512 9 6 0.8571428571428571
391 6 4 512 6 3 0.42857142857142855
392 4 7 512 9 6 0.8571428571428571
393 3 7 512 9 6 0.8571428571428571
393 7 6 512 8 5 0.7142857142857143
394 5 5 512 7 4 0.5714285714285714
394 2 7 512 9 6 0.8571428571428571
395 5 4 512 6 3 0.42857142857142855
395 2 7 512 9 6 0.8571428571428571
396 3 7 512 9 6 0.8571428571428571
397 4 5 512 7 4 0.5714285714285714
397 3 7 512 9 6 0.8571428571428571
398 4 3 512 6 3 0.42857142857142855
398 2 7 512 9 6 0.8571428571428571
399 3 7 512 9 6 0.8571428571428571
399 6 6 512 8 5 0.7142857142857143
399 7 5 512 7 4 0.5714285714285714
400 3 7 512 9 6 0.8571428571428571
400 7 4 512 7 4 0.5714285714285714
401 2 7 512 9 6 0.8571428571428571
402 2 7 512 9 6 0.8571428571428571
403 3 7 512 9 6 0.8571428571428571
404 4 5 512 7 4 0.5714285714285714
405 3 7 512 9 6 0.8571428571428571
405 6 6 512 9 6 0.8571428571428571
406 7 6 512 8 5 0.7142857142857143
406 1 7 512 9 6 0.8571428571428571
407 3 7 512 9 6 0.8571428571428571
407 7 5 512 7 4 0.5714285714285714
408 4 5 512 7 4 0.5714285714285714
408 5 4 512 6 3 0.42857142857142855
408 2 7 512 9 6 0.8571428571428571
409 4 5 512 7 4 0.5714285714285714
410 5 4 512 7 4 0.5714285714285714
410 2 7 512 9 6 0.8571428571428571
411 4 5 512 7 4 0.5714285714285714
411 3 7 512 9 6 0.8571428571428571
412 2 7 512 9 6 0.8571428571428571
413 2 6 512 8 5 0.7142857142857143
414 3 7 512 9 6 0.8571428571428571
414 5 4 512 6 3 0.42857142857142855
415 1 7 512 9 6 0.8571428571428571
415 4 6 512 9 6 0.8571428571428571
416 2 7 512 9 6 0.8571428571428571
416 3 4 512 6 3 0.42857142857142855
417 4 5 512 7 4 0.5714285714285714
418 4 5 512 7 4 0.5714285714285714
418 2 7 512 9 6 0.8571428571428571
419 8 5 512 7 4 0.5714285714285714
419 2 7 512 9 6 0.8571428571428571
420 5 6 512 8 5 0.7142857142857143
420 1 7 512 9 6 0.8571428571428571
421 4 6 512 9 6 0.8571428571428571
422 1 7 512 9 6 0.8571428571428571
422 5 4 512 6 3 0.42857142857142855
423 4 4 512 7 4 0.5714285714285714
423 3 6 512 8 5 0.7142857142857143
424 6 4 512 7 4 0.5714285714285714
424 3 7 512 9 6 0.8571428571428571
425 2 4 512 6 3 0.42857142857142855
426 4 4 512 7 4 0.5714285714285714
427 6 6 512 8 5 0.7142857142857143
427 3 7 512 9 6 0.8571428571428571
428 5 4 512 6 3 0.42857142857142855
428 3 7 512 9 6 0.8571428571428571
429 3 7 512 9 6 0.8571428571428571
430 6 5 512 7 4 0.5714285714285714
430 2 7 512 9 6 0.8571428571428571
431 3 7 512 9 6 0.8571428571428571
431 4 4 512 7 4 0.5714285714285714
432 2 7 512 9 6 0.8571428571428571
433 5 4 512 6 3 0.42857142857142855
433 1 7 512 9 6 0.8571428571428571
434 3 7 512 9 6 0.8571428571428571
435 5 6 512 8 5 0.7142857142857143
435 2 7 512 9 6 0.8571428571428571
436 4 6 512 9 6 0.8571428571428571
437 2 7 512 9 6 0.8571428571428571
437 4 5 512 7 4 0.5714285714285714
437 5 4 512 7 4 0.5714285714285714
438 1 7 512 9 6 0.8571428571428571
438 4 6 512 8 5 0.7142857142857143
439 3 7 512 9 6 0.8571428571428571
440 2 7 512 9 6 0.8571428571428571
440 4 5 512 7 4 0.5714285714285714
441 3 6 512 8 5 0.7142857142857143
441 2 7 512 9 6 0.8571428571428571
442 4 6 512 9 6 0.8571428571428571
442 3 7 512 9 6 0.8571428571428571
443 4 7 512 9 6 0.8571428571428571
444 3 6 512 8 5 0.7142857142857143
445 2 7 512 9 6 0.8571428571428571
445 7 4 512 7 4 0.5714285714285714
445 5 6 512 8 5 0.7142857142857143
446 2 7 512 9 6 0.8571428571428571
447 4 6 512 8 5 0.7142857142857143
447 2 7 512 9 6 0.8571428571428571
448 3 7 512 9 6 0.8571428571428571
448 5 4 512 7 4 0.5714285714285714
449 3 7 512 9 6 0.8571428571428571
449 9 5 512 7 4 0.5714285714285714
450 3 7 512 9 6 0.8571428571428571
450 5 5 512 7 4 0.5714285714285714
451 4 7 512 9 6 0.8571428571428571
452 3 7 512 9 6 0.8571428571428571
453 3 5 512 7 4 0.5714285714285714
454 3 7 512 9 6 0.8571428571428571
455 5 4 512 7 4 0.5714285714285714
455 2 7 512 9 6 0.8571428571428571
456 3 6 512 9 6 0.8571428571428571
456 1 7 512 9 6 0.8571428571428571
456 6 4 512 6 3 0.42857142857142855
457 2 7 512 9 6 0.8571428571428571
457 7 5 512 7 4 0.5714285714285714
458 3 7 512 9 6 0.8571428571428571
459 3 7 512 9 6 0.8571428571428571
459 4 5 512 7 4 0.5714285714285714
460 3 7 512 9 6 0.8571428571428571
460 5 5 512 7 4 0.5714285714285714
461 2 7 512 9 6 0.8571428571428571
461 7 6 512 9 6 0.8571428571428571
462 6 5 512 7 4 0.5714285714285714
462 3 7 512 9 6 0.8571428571428571
463 5 4 512 7 4 0.5714285714285714
463 4 5 512 7 4 0.5714285714285714
464 4 4 512 6 3 0.42857142857142855
465 5 4 512 6 3 0.42857142857142855
465 3 6 512 9 6 0.8571428571428571
466 2 7 512 9 6 0.8571428571428571
467 1 7 512 9 6 0.8571428571428571
468 6 5 512 7 4 0.5714285714285714
468 3 7 512 9 6 0.8571428571428571
469 2 7 512 9 6 0.8571428571428571
470 3 7 512 9 6 0.8571428571428571
471 2 7 512 9 6 0.8571428571428571
471 4 4 512 7 4 0.5714285714285714
472 2 7 512 9 6 0.8571428571428571
472 5 4 512 7 4 0.5714285714285714
473 7 5 512 7 4 0.5714285714285714
473 3 7 512 9 6 0.8571428571428571
474 4 7 512 9 6 0.8571428571428571
474 8 6 512 9 6 0.8571428571428571
475 2 7 512 9 6 0.8571428571428571
476 2 7 512 9 6 0.8571428571428571
476 3 5 512 7 4 0.5714285714285714
477 2 7 512 9 6 0.8571428571428571
477 6 4 512 7 4 0.5714285714285714
478 3 5 512 7 4 0.5714285714285714
478 2 7 512 9 6 0.8571428571428571
479 6 4 512 6 3 0.42857142857142855
479 1 7 512 9 6 0.8571428571428571
480 4 7 512 9 6 0.8571428571428571
480 5 4 512 7 4 0.5714285714285714
481 6 5 512 7 4 0.5714285714285714
481 2 7 512 9 6 0.8571428571428571
482 2 7 512 9 6 0.8571428571428571
482 5 3 512 6 3 0.42857142857142855
483 8 5 512 7 4 0.5714285714285714
483 2 7 512 9 6 0.8571428571428571
483 7 6 512 8 5 0.7142857142857143
484 1 7 512 9 6 0.8571428571428571
484 4 5 512 7 4 0.5714285714285714
485 3 7 512 9 6 0.8571428571428571
485 5 4 512 6 3 0.42857142857142855
485 4 6 512 8 5 0.7142857142857143
486 5 4 512 6 3 0.42857142857142855
486 3 7 512 9 6 0.8571428571428571
487 2 7 512 9 6 0.8571428571428571
488 3 7 512 9 6 0.8571428571428571
489 2 7 512 9 6 0.8571428571428571
489 5 4 512 7 4 0.5714285714285714
490 2 7 512 9 6 0.8571428571428571
490 6 4 512 6 3 0.42857142857142855
491 4 7 512 9 6 0.8571428571428571
491 6 5 512 7 4 0.5714285714285714
492 2 7 512 9 6 0.8571428571428571
492 7 5 512 7 4 0.5714285714285714
493 2 7 512 9 6 0.8571428571428571
494 5 4 512 7 4 0.5714285714285714
494 2 7 512 9 6 0.8571428571428571
495 5 6 512 9 6 0.8571428571428571
495 2 7 512 9 6 0.8571428571428571
495 8 5 512 7 4 0.5714285714285714
496 2 4 512 6 3 0.42857142857142855
497 3 7 512 9 6 0.8571428571428571
498 3 7 512 9 6 0.8571428571428571
498 6 4 512 7 4 0.5714285714285714
498 5 5 512 7 4 0.5714285714285714
499 3 7 512 9 6 0.8571428571428571
499 5 5 512 7 4 0.5714285714285714
500 3 7 512 9 6 0.8571428571428571
500 5 6 512 8 5 0.7142857142857143
501 6 5 512 7 4 0.5714285714285714
501 3 7 512 9 6 0.8571428571428571
502 4 7 512 9 6 0.8571428571428571
502 6 4 512 6 3 0.42857142857142855
503 6 4 512 6 3 0.42857142857142855
503 3 5 512 7 4 0.5714285714285714
504 3 7 512 9 6 0.8571428571428571
505 4 6 512 8 5 0.7142857142857143
505 5 5 512 7 4 0.5714285714285714
505 3 7 512 9 6 0.8571428571428571
506 6 4 512 7 4 0.5714285714285714
506 3 6 512 9 6 0.8571428571428571
507 3 7 512 9 6 0.8571428571428571
508 4 6 512 8 5 0.7142857142857143
508 1 7 512 9 6 0.8571428571428571
509 4 7 512 9 6 0.8571428571428571
509 5 4 512 7 4 0.5714285714285714
510 7 5 512 7 4 0.5714285714285714
510 4 7 512 9 6 0.8571428571428571
511 9 3 512 6 3 0.42857142857142855
511 3 5 512 7 4 0.5714285714285714
512 2 7 512 9 6 0.8571428571428571
512 6 4 512 7 4 0.5714285714285714
513 3 7 512 9 6 0.8571428571428571
514 2 7 512 9 6 0.8571428571428571
514 3 4 512 7 4 0.5714285714285714
515 8 4 512 6 3 0.42857142857142855
515 3 7 512 9 6 0.8571428571428571
516 2 7 512 9 6 0.8571428571428571
517 2 7 512 9 6 0.8571428571428571
517 5 3 512 6 3 0.42857142857142855
518 2 7 512 9 6 0.8571428571428571
518 4 4 512 6 3 0.42857142857142855
519 6 5 512 7 4 0.5714285714285714
519 3 7 512 9 6 0.8571428571428571
520 3 7 512 9 6 0.8571428571428571
521 3 7 512 9 6 0.8571428571428571
522 3 7 512 9 6 0.8571428571428571
522 6 4 512 6 3 0.42857142857142855
523 3 7 512 9 6 0.8571428571428571
524 3 7 512 9 6 0.8571428571428571
525 3 7 512 9 6 0.8571428571428571
525 4 4 512 6 3 0.42857142857142855
526 3 7 512 9 6 0.8571428571428571
526 7 6 512 8 5 0.7142857142857143
527 4 5 512 7 4 0.5714285714285714
527 3 7 512 9 6 0.8571428571428571
528 1 7 512 9 6 0.8571428571428571
528 4 6 512 8 5 0.7142857142857143
528 5 5 512 7 4 0.5714285714285714
529 4 5 512 7 4 0.5714285714285714
529 1 7 512 9 6 0.8571428571428571
530 4 7 512 9 6 0.8571428571428571
530 5 6 512 8 5 0.7142857142857143
531 4 7 512 9 6 0.8571428571428571
531 5 4 512 6 3 0.42857142857142855
532 2 7 512 9 6 0.8571428571428571
533 2 6 512 8 5 0.7142857142857143
534 6 4 512 6 3 0.42857142857142855
534 1 6 512 8 5 0.7142857142857143
535 4 7 512 9 6 0.8571428571428571
535 5 5 512 7 4 0.5714285714285714
536 4 7 512 9 6 0.8571428571428571
536 5 5 512 7 4 0.5714285714285714
536 6 4 512 6 3 0.42857142857142855
537 3 7 512 9 6 0.8571428571428571
537 6 5 512 7 4 0.5714285714285714
538 6 6 512 9 6 0.8571428571428571
538 2 7 512 9 6 0.8571428571428571
539 3 7 512 9 6 0.8571428571428571
540 3 7 512 9 6 0.8571428571428571
541 3 4 512 7 4 0.5714285714285714
542 3 7 512 9 6 0.8571428571428571
542 4 4 512 6 3 0.42857142857142855
543 4 6 512 8 5 0.7142857142857143
543 2 7 512 9 6 0.8571428571428571
544 5 6 512 8 5 0.7142857142857143
544 4 7 512 9 6 0.8571428571428571
545 4 5 512 7 4 0.5714285714285714
546 4 7 512 9 6 0.8571428571428571
546 6 6 512 9 6 0.8571428571428571
547 7 6 512 8 5 0.7142857142857143
547 2 7 512 9 6 0.8571428571428571
548 4 4 512 6 3 0.42857142857142855
548 2 7 512 9 6 0.8571428571428571
549 2 7 512 9 6 0.8571428571428571
550 3 7 512 9 6 0.8571428571428571
551 3 7 512 9 6 0.8571428571428571
551 7 6 512 9 6 0.8571428571428571
552 3 7 512 9 6 0.8571428571428571
553 3 7 512 9 6 0.8571428571428571
553 4 4 512 7 4 0.5714285714285714
554 4 5 512 7 4 0.5714285714285714
555 3 7 512 9 6 0.8571428571428571
556 2 7 512 9 6 0.8571428571428571
557 2 7 512 9 6 0.8571428571428571
557 6 6 512 8 5 0.7142857142857143
558 2 7 512 9 6 0.8571428571428571
559 2 7 512 9 6 0.8571428571428571
560 3 7 512 9 6 0.8571428571428571
561 2 7 512 9 6 0.8571428571428571
561 3 4 512 7 4 0.5714285714285714
562 3 7 512 9 6 0.8571428571428571
562 4 4 512 6 3 0.42857142857142855
563 4 5 512 7 4 0.5714285714285714
563 1 7 512 9 6 0.8571428571428571
564 8 4 512 7 4 0.5714285714285714
564 2 7 512 9 6 0.8571428571428571
565 3 7 512 9 6 0.8571428571428571
566 3 7 512 9 6 0.8571428571428571
566 4 3 512 6 3 0.42857142857142855
567 5 5 512 7 4 0.5714285714285714
567 3 7 512 9 6 0.8571428571428571
568 4 6 512 9 6 0.8571428571428571
568 6 4 512 6 3 0.42857142857142855
568 3 7 512 9 6 0.8571428571428571
569 4 7 512 9 6 0.8571428571428571
570 4 6 512 9 6 0.8571428571428571
570 2 7 512 9 6 0.8571428571428571
571 2 7 512 9 6 0.8571428571428571
572 3 7 512 9 6 0.8571428571428571
572 5 6 512 9 6 0.8571428571428571
573 3 7 512 9 6 0.8571428571428571
573 5 6 512 8 5 0.7142857142857143
574 2 4 512 6 3 0.42857142857142855
575 7 5 512 7 4 0.5714285714285714
575 3 7 512 9 6 0.8571428571428571
576 4 6 512 9 6 0.8571428571428571
576 3 7 512 9 6 0.8571428571428571
577 5 4 512 6 3 0.42857142857142855
577 2 7 512 9 6 0.8571428571428571
578 2 6 512 8 5 0.7142857142857143
578 5 4 512 6 3 0.42857142857142855
579 7 6 512 9 6 0.8571428571428571
579 2 7 512 9 6 0.8571428571428571
580 6 6 512 8 5 0.7142857142857143
580 4 7 512 9 6 0.8571428571428571
581 1 7 512 9 6 0.8571428571428571
581 6 6 512 8 5 0.7142857142857143
582 2 7 512 9 6 0.8571428571428571
582 6 6 512 9 6 0.8571428571428571
583 6 4 512 7 4 0.5714285714285714
583 4 6 512 9 6 0.8571428571428571
583 3 7 512 9 6 0.8571428571428571
584 2 7 512 9 6 0.8571428571428571
584 6 4 512 7 4 0.5714285714285714
585 4 7 512 9 6 0.8571428571428571
585 5 6 512 9 6 0.8571428571428571
586 1 7 512 9 6 0.8571428571428571
587 2 7 512 9 6 0.8571428571428571
588 2 7 512 9 6 0.8571428571428571
589 6 5 512 7 4 0.5714285714285714
589 1 7 512 9 6 0.8571428571428571
590 5 3 512 6 3 0.42857142857142855
590 1 7 512 9 6 0.8571428571428571
591 2 7 512 9 6 0.8571428571428571
592 4 5 512 7 4 0.5714285714285714
593 2 7 512 9 6 0.8571428571428571
594 4 5 512 7 4 0.5714285714285714
594 3 7 512 9 6 0.8571428571428571
595 7 5 512 7 4 0.5714285714285714
595 3 7 512 9 6 0.8571428571428571
596 3 7 512 9 6 0.8571428571428571
596 6 6 512 9 6 0.8571428571428571
597 3 7 512 9 6 0.8571428571428571
597 4 5 512 7 4 0.5714285714285714
598 3 7 512 9 6 0.8571428571428571
598 6 4 512 6 3 0.42857142857142855
599 5 5 512 7 4 0.5714285714285714
599 3 7 512 9 6 0.8571428571428571
600 6 5 512 7 4 0.5714285714285714
600 3 6 512 8 5 0.7142857142857143
601 5 4 512 6 3 0.42857142857142855
601 2 7 512 9 6 0.8571428571428571
602 3 7 512 9 6 0.8571428571428571
602 6 5 512 7 4 0.5714285714285714
603 2 7 512 9 6 0.8571428571428571
604 4 6 512 8 5 0.7142857142857143
604 3 7 512 9 6 0.8571428571428571
605 3 7 512 9 6 0.8571428571428571
605 8 4 512 7 4 0.5714285714285714
606 3 7 512 9 6 0.8571428571428571
607 4 7 512 9 6 0.8571428571428571
608 4 6 512 8 5 0.7142857142857143
608 3 7 512 9 6 0.8571428571428571
609 4 7 512 9 6 0.8571428571428571
609 5 6 512 8 5 0.7142857142857143
610 3 4 512 7 4 0.5714285714285714
611 7 5 512 7 4 0.5714285714285714
611 2 7 512 9 6 0.8571428571428571
611 6 6 512 8 5 0.7142857142857143
612 3 7 512 9 6 0.8571428571428571
612 4 6 512 9 6 0.8571428571428571
613 6 5 512 7 4 0.5714285714285714
613 3 7 512 9 6 0.8571428571428571
614 5 5 512 7 4 0.5714285714285714
614 3 7 512 9 6 0.8571428571428571
615 2 7 512 9 6 0.8571428571428571
616 3 7 512 9 6 0.8571428571428571
616 4 6 512 9 6 0.8571428571428571
616 5 4 512 7 4 0.5714285714285714
617 3 4 512 6 3 0.42857142857142855
617 2 7 512 9 6 0.8571428571428571
618 3 7 512 9 6 0.8571428571428571
619 3 4 512 6 3 0.42857142857142855
620 4 5 512 7 4 0.5714285714285714
621 4 4 512 6 3 0.42857142857142855
622 3 6 512 9 6 0.8571428571428571
623 2 7 512 9 6 0.8571428571428571
624 2 7 512 9 6 0.8571428571428571
625 2 7 512 9 6 0.8571428571428571
625 5 6 512 9 6 0.8571428571428571
626 6 3 512 6 3 0.42857142857142855
626 4 6 512 8 5 0.7142857142857143
627 2 7 512 9 6 0.8571428571428571
627 5 5 512 7 4 0.5714285714285714
628 3 6 512 9 6 0.8571428571428571
628 2 7 512 9 6 0.8571428571428571
629 6 4 512 7 4 0.5714285714285714
629 3 7 512 9 6 0.8571428571428571
630 3 4 512 6 3 0.42857142857142855
631 3 7 512 9 6 0.8571428571428571
631 9 2 512 5 2 0.2857142857142857
632 6 6 512 9 6 0.8571428571428571
632 2 7 512 9 6 0.8571428571428571
633 4 4 512 6 3 0.42857142857142855
633 3 6 512 8 5 0.7142857142857143
634 1 7 512 9 6 0.8571428571428571
634 7 6 512 8 5 0.7142857142857143
635 4 5 512 7 4 0.5714285714285714
635 3 7 512 9 6 0.8571428571428571
636 9 6 512 9 6 0.8571428571428571
636 3 7 512 9 6 0.8571428571428571
637 7 5 512 7 4 0.5714285714285714
637 4 7 512 9 6 0.8571428571428571
638 3 6 512 8 5 0.7142857142857143
638 2 7 512 9 6 0.8571428571428571
639 2 7 512 9 6 0.8571428571428571
639 4 5 512 7 4 0.5714285714285714
640 4 7 512 9 6 0.8571428571428571
640 9 6 512 8 5 0.7142857142857143
641 3 5 512 7 4 0.5714285714285714
642 2 7 512 9 6 0.8571428571428571
642 4 5 512 7 4 0.5714285714285714
643 2 6 512 8 5 0.7142857142857143
644 4 4 512 7 4 0.5714285714285714
644 3 6 512 8 5 0.7142857142857143
645 4 7 512 9 6 0.8571428571428571
646 5 5 512 7 4 0.5714285714285714
646 3 7 512 9 6 0.8571428571428571
647 2 7 512 9 6 0.8571428571428571
647 6 6 512 9 6 0.8571428571428571
648 3 7 512 9 6 0.8571428571428571
648 6 4 512 6 3 0.42857142857142855
649 6 4 512 7 4 0.5714285714285714
649 2 7 512 9 6 0.8571428571428571
650 5 7 512 9 6 0.8571428571428571
650 7 6 512 8 5 0.7142857142857143
651 3 7 512 9 6 0.8571428571428571
652 1 7 512 9 6 0.8571428571428571
652 7 4 512 7 4 0.5714285714285714
653 3 6 512 8 5 0.7142857142857143
654 3 5 512 7 4 0.5714285714285714
655 3 7 512 9 6 0.8571428571428571
656 6 5 512 7 4 0.5714285714285714
656 3 6 512 9 6 0.8571428571428571
657 3 5 512 7 4 0.5714285714285714
658 3 7 512 9 6 0.8571428571428571
658 6 6 512 9 6 0.8571428571428571
659 5 4 512 7 4 0.5714285714285714
659 3 7 512 9 6 0.8571428571428571
659 4 6 512 9 6 0.8571428571428571
660 2 7 512 9 6 0.8571428571428571
661 3 7 512 9 6 0.8571428571428571
661 7 5 512 7 4 0.5714285714285714
662 3 7 512 9 6 0.8571428571428571
662 6 4 512 7 4 0.5714285714285714
663 7 3 512 6 3 0.42857142857142855
663 3 7 512 9 6 0.8571428571428571
663 5 5 512 7 4 0.5714285714285714
664 3 7 512 9 6 0.8571428571428571
664 4 5 512 7 4 0.5714285714285714
665 4 7 512 9 6 0.8571428571428571
666 3 5 512 7 4 0.5714285714285714
667 3 7 512 9 6 0.8571428571428571
667 5 6 512 9 6 0.8571428571428571
668 6 5 512 7 4 0.5714285714285714
668 5 6 512 8 5 0.7142857142857143
669 3 7 512 9 6 0.8571428571428571
669 4 6 512 8 5 0.7142857142857143
670 2 7 512 9 6 0.8571428571428571
670 4 6 512 9 6 0.8571428571428571
671 3 7 512 9 6 0.8571428571428571
671 6 4 512 6 3 0.42857142857142855
672 5 4 512 6 3 0.42857142857142855
672 2 7 512 9 6 0.8571428571428571
673 2 7 512 9 6 0.8571428571428571
673 4 6 512 9 6 0.8571428571428571
674 3 6 512 8 5 0.7142857142857143
675 4 6 512 9 6 0.8571428571428571
676 2 7 512 9 6 0.8571428571428571
677 2 7 512 9 6 0.8571428571428571
678 4 4 512 7 4 0.5714285714285714
678 3 7 512 9 6 0.8571428571428571
679 1 7 512 9 6 0.8571428571428571
680 3 7 512 9 6 0.8571428571428571
680 7 4 512 7 4 0.5714285714285714
681 3 7 512 9 6 0.8571428571428571
682 3 5 512 7 4 0.5714285714285714
682 7 4 512 7 4 0.5714285714285714
682 2 7 512 9 6 0.8571428571428571
683 6 5 512 7 4 0.5714285714285714
683 1 7 512 9 6 0.8571428571428571
684 6 4 512 7 4 0.5714285714285714
684 3 7 512 9 6 0.8571428571428571
685 1 7 512 9 6 0.8571428571428571
685 5 6 512 8 5 0.7142857142857143
686 3 5 512 7 4 0.5714285714285714
687 2 7 512 9 6 0.8571428571428571
687 6 6 512 8 5 0.7142857142857143
688 2 7 512 9 6 0.8571428571428571
689 7 6 512 9 6 0.8571428571428571
689 4 7 512 9 6 0.8571428571428571
690 6 4 512 6 3 0.42857142857142855
690 4 7 512 9 6 0.8571428571428571
691 7 5 512 7 4 0.5714285714285714
691 2 7 512 9 6 0.8571428571428571
692 4 6 512 8 5 0.7142857142857143
692 1 7 512 9 6 0.8571428571428571
693 4 7 512 9 6 0.8571428571428571
693 6 4 512 7 4 0.5714285714285714
694 2 4 512 6 3 0.42857142857142855
695 2 6 512 8 5 0.7142857142857143
696 4 7 512 9 6 0.8571428571428571
696 6 3 512 6 3 0.42857142857142855
697 2 7 512 9 6 0.8571428571428571
698 2 7 512 9 6 0.8571428571428571
699 4 2 512 5 2 0.2857142857142857
699 2 7 512 9 6 0.8571428571428571
700 3 4 512 6 3 0.42857142857142855
701 5 5 512 7 4 0.5714285714285714
701 7 4 512 6 3 0.42857142857142855
701 4 7 512 9 6 0.8571428571428571
702 3 7 512 9 6 0.8571428571428571
702 5 5 512 7 4 0.5714285714285714
703 3 7 512 9 6 0.8571428571428571
704 2 7 512 9 6 0.8571428571428571
704 3 5 512 7 4 0.5714285714285714
705 3 7 512 9 6 0.8571428571428571
706 1 7 512 9 6 0.8571428571428571
707 2 5 512 7 4 0.5714285714285714
708 2 7 512 9 6 0.8571428571428571
709 2 7 512 9 6 0.8571428571428571
709 6 6 512 9 6 0.8571428571428571
710 4 7 512 9 6 0.8571428571428571
710 5 2 512 5 2 0.2857142857142857
711 4 5 512 7 4 0.5714285714285714
712 2 7 512 9 6 0.8571428571428571
713 7 4 512 6 3 0.42857142857142855
713 3 7 512 9 6 0.8571428571428571
714 4 7 512 9 6 0.8571428571428571
714 5 4 512 7 4 0.5714285714285714
715 3 7 512 9 6 0.8571428571428571
715 6 6 512 9 6 0.8571428571428571
716 3 7 512 9 6 0.8571428571428571
716 6 5 512 7 4 0.5714285714285714
717 3 7 512 9 6 0.8571428571428571
717 5 6 512 9 6 0.8571428571428571
717 7 4 512 6 3 0.42857142857142855
718 2 7 512 9 6 0.8571428571428571
719 4 7 512 9 6 0.8571428571428571
720 6 3 512 6 3 0.42857142857142855
720 2 7 512 9 6 0.8571428571428571
721 2 7 512 9 6 0.8571428571428571
721 5 4 512 7 4 0.5714285714285714
722 6 4 512 7 4 0.5714285714285714
722 2 7 512 9 6 0.8571428571428571
722 5 5 512 7 4 0.5714285714285714
723 7 5 512 7 4 0.5714285714285714
723 2 7 512 9 6 0.8571428571428571
724 2 7 512 9 6 0.8571428571428571
725 2 7 512 9 6 0.8571428571428571
726 1 7 512 9 6 0.8571428571428571
727 4 7 512 9 6 0.8571428571428571
727 7 6 512 9 6 0.8571428571428571
728 6 4 512 7 4 0.5714285714285714
728 5 5 512 7 4 0.5714285714285714
728 2 7 512 9 6 0.8571428571428571
729 2 7 512 9 6 0.8571428571428571
729 3 6 512 8 5 0.7142857142857143
729 5 5 512 7 4 0.5714285714285714
730 8 4 512 7 4 0.5714285714285714
730 3 7 512 9 6 0.8571428571428571
731 2 7 512 9 6 0.8571428571428571
731 3 6 512 9 6 0.8571428571428571
732 7 6 512 9 6 0.8571428571428571
732 2 7 512 9 6 0.8571428571428571
733 3 7 512 9 6 0.8571428571428571
734 1 7 512 9 6 0.8571428571428571
734 3 5 512 7 4 0.5714285714285714
735 3 4 512 7 4 0.5714285714285714
736 6 6 512 9 6 0.8571428571428571
736 3 7 512 9 6 0.8571428571428571
737 2 7 512 9 6 0.8571428571428571
737 4 4 512 6 3 0.42857142857142855
738 5 5 512 7 4 0.5714285714285714
738 2 7 512 9 6 0.8571428571428571
739 5 6 512 9 6 0.8571428571428571
740 1 7 512 9 6 0.8571428571428571
741 6 4 512 7 4 0.5714285714285714
741 4 7 512 9 6 0.8571428571428571
742 4 7 512 9 6 0.8571428571428571
743 2 7 512 9 6 0.8571428571428571
743 6 4 512 6 3 0.42857142857142855
743 5 6 512 8 5 0.7142857142857143
744 5 6 512 8 5 0.7142857142857143
744 2 7 512 9 6 0.8571428571428571
745 5 6 512 9 6 0.8571428571428571
745 3 7 512 9 6 0.8571428571428571
746 2 7 512 9 6 0.8571428571428571
746 5 4 512 7 4 0.5714285714285714
747 4 4 512 6 3 0.42857142857142855
747 3 7 512 9 6 0.8571428571428571
748 7 3 512 5 2 0.2857142857142857
748 2 7 512 9 6 0.8571428571428571
748 4 6 512 8 5 0.7142857142857143
749 3 7 512 9 6 0.8571428571428571
749 5 4 512 7 4 0.5714285714285714
750 4 5 512 7 4 0.5714285714285714
750 3 7 512 9 6 0.8571428571428571
751 3 5 512 7 4 0.5714285714285714
751 2 7 512 9 6 0.8571428571428571
752 3 7 512 9 6 0.8571428571428571
752 5 6 512 8 5 0.7142857142857143
753 3 7 512 9 6 0.8571428571428571
753 5 6 512 9 6 0.8571428571428571
754 4 4 512 7 4 0.5714285714285714
755 3 7 512 9 6 0.8571428571428571
755 5 5 512 7 4 0.5714285714285714
756 4 7 512 9 6 0.8571428571428571
756 6 5 512 7 4 0.5714285714285714
757 6 5 512 7 4 0.5714285714285714
757 5 6 512 8 5 0.7142857142857143
757 1 7 512 9 6 0.8571428571428571
758 1 7 512 9 6 0.8571428571428571
758 5 5 512 7 4 0.5714285714285714
759 3 7 512 9 6 0.8571428571428571
759 4 6 512 8 5 0.7142857142857143
760 7 5 512 7 4 0.5714285714285714
760 3 6 512 8 5 0.7142857142857143
760 8 4 512 6 3 0.42857142857142855
761 4 5 512 7 4 0.5714285714285714
761 3 7 512 9 6 0.8571428571428571
761 8 4 512 7 4 0.5714285714285714
762 2 7 512 9 6 0.8571428571428571
762 5 6 512 9 6 0.8571428571428571
763 2 7 512 9 6 0.8571428571428571
763 8 5 512 7 4 0.5714285714285714
764 4 7 512 9 6 0.8571428571428571
765 3 7 512 9 6 0.8571428571428571
765 7 4 512 6 3 0.42857142857142855
766 1 7 512 9 6 0.8571428571428571
766 7 5 512 7 4 0.5714285714285714
767 8 6 512 9 6 0.8571428571428571
767 1 7 512 9 6 0.8571428571428571
768 2 7 512 9 6 0.8571428571428571
768 4 4 512 6 3 0.42857142857142855
769 3 7 512 9 6 0.8571428571428571
769 4 5 512 7 4 0.5714285714285714
770 4 4 512 6 3 0.42857142857142855
770 3 6 512 9 6 0.8571428571428571
771 6 5 512 7 4 0.5714285714285714
771 2 6 512 9 6 0.8571428571428571
772 2 5 512 7 4 0.5714285714285714
773 3 7 512 9 6 0.8571428571428571
773 4 6 512 9 6 0.8571428571428571
774 3 7 512 9 6 0.8571428571428571
774 6 4 512 7 4 0.5714285714285714
775 3 7 512 9 6 0.8571428571428571
775 7 4 512 6 3 0.42857142857142855
776 5 4 512 7 4 0.5714285714285714
776 3 6 512 8 5 0.7142857142857143
777 5 3 512 6 3 0.42857142857142855
777 3 7 512 9 6 0.8571428571428571
778 3 7 512 9 6 0.8571428571428571
778 4 6 512 9 6 0.8571428571428571
778 7 4 512 6 3 0.42857142857142855
779 4 6 512 9 6 0.8571428571428571
779 2 7 512 9 6 0.8571428571428571
780 3 6 512 8 5 0.7142857142857143
780 4 5 512 7 4 0.5714285714285714
781 2 7 512 9 6 0.8571428571428571
781 4 6 512 9 6 0.8571428571428571
782 4 6 512 9 6 0.8571428571428571
782 5 5 512 7 4 0.5714285714285714
783 3 7 512 9 6 0.8571428571428571
783 5 5 512 7 4 0.5714285714285714
784 8 4 512 7 4 0.5714285714285714
784 1 7 512 9 6 0.8571428571428571
785 4 5 512 7 4 0.5714285714285714
786 3 7 512 9 6 0.8571428571428571
787 3 7 512 9 6 0.8571428571428571
787 5 5 512 8 5 0.7142857142857143
788 3 7 512 9 6 0.8571428571428571
789 5 5 512 7 4 0.5714285714285714
789 2 7 512 9 6 0.8571428571428571
790 3 7 512 9 6 0.8571428571428571
790 6 6 512 8 5 0.7142857142857143
791 1 7 512 9 6 0.8571428571428571
791 5 5 512 7 4 0.5714285714285714
792 3 7 512 9 6 0.8571428571428571
793 6 4 512 7 4 0.5714285714285714
793 3 5 512 7 4 0.5714285714285714
794 3 4 512 6 3 0.42857142857142855
795 2 7 512 9 6 0.8571428571428571
796 2 7 512 9 6 0.8571428571428571
797 2 7 512 9 6 0.8571428571428571
797 6 5 512 7 4 0.5714285714285714
797 5 6 512 9 6 0.8571428571428571
798 3 5 512 7 4 0.5714285714285714
799 2 7 512 9 6 0.8571428571428571
800 3 7 512 9 6 0.8571428571428571
800 4 2 512 5 2 0.2857142857142857
801 2 7 512 9 6 0.8571428571428571
801 3 6 512 9 6 0.8571428571428571
802 4 6 512 8 5 0.7142857142857143
802 0 7 512 9 6 0.8571428571428571
803 3 4 512 6 3 0.42857142857142855
804 3 7 512 9 6 0.8571428571428571
804 5 6 512 8 5 0.7142857142857143
805 5 6 512 9 6 0.8571428571428571
805 3 7 512 9 6 0.8571428571428571
805 7 5 512 7 4 0.5714285714285714
806 3 7 512 9 6 0.8571428571428571
806 6 5 512 7 4 0.5714285714285714
807 5 6 512 8 5 0.7142857142857143
807 3 7 512 9 6 0.8571428571428571
807 8 4 512 7 4 0.5714285714285714
808 4 7 512 9 6 0.8571428571428571
809 5 5 512 7 4 0.5714285714285714
809 7 4 512 7 4 0.5714285714285714
809 2 7 512 9 6 0.8571428571428571
810 2 7 512 9 6 0.8571428571428571
810 7 4 512 7 4 0.5714285714285714
811 7 5 512 7 4 0.5714285714285714
811 3 7 512 9 6 0.8571428571428571
812 5 4 512 6 3 0.42857142857142855
812 3 7 512 9 6 0.8571428571428571
813 3 7 512 9 6 0.8571428571428571
813 4 4 512 7 4 0.5714285714285714
814 3 7 512 9 6 0.8571428571428571
814 6 4 512 6 3 0.42857142857142855
815 2 7 512 9 6 0.8571428571428571
816 7 6 512 8 5 0.7142857142857143
816 3 7 512 9 6 0.8571428571428571
817 1 7 512 9 6 0.8571428571428571
817 5 6 512 9 6 0.8571428571428571
817 7 4 512 6 3 0.42857142857142855
818 3 7 512 9 6 0.8571428571428571
818 7 5 512 7 4 0.5714285714285714
819 1 7 512 9 6 0.8571428571428571
820 7 3 512 5 2 0.2857142857142857
820 3 6 512 8 5 0.7142857142857143
821 2 7 512 9 6 0.8571428571428571
822 3 6 512 8 5 0.7142857142857143
822 7 4 512 6 3 0.42857142857142855
823 2 7 512 9 6 0.8571428571428571
823 6 6 512 9 6 0.8571428571428571
824 5 6 512 9 6 0.8571428571428571
824 8 4 512 7 4 0.5714285714285714
824 3 7 512 9 6 0.8571428571428571
825 2 7 512 9 6 0.8571428571428571
825 8 5 512 7 4 0.5714285714285714
826 2 7 512 9 6 0.8571428571428571
826 7 4 512 6 3 0.42857142857142855
827 3 7 512 9 6 0.8571428571428571
827 8 4 512 7 4 0.5714285714285714
827 6 5 512 7 4 0.5714285714285714
828 6 6 512 9 6 0.8571428571428571
828 2 7 512 9 6 0.8571428571428571
829 3 6 512 9 6 0.8571428571428571
829 5 4 512 6 3 0.42857142857142855
830 3 7 512 9 6 0.8571428571428571
830 7 5 512 7 4 0.5714285714285714
831 6 5 512 7 4 0.5714285714285714
831 2 7 512 9 6 0.8571428571428571
832 4 6 512 8 5 0.7142857142857143
832 1 7 512 9 6 0.8571428571428571
833 9 6 512 9 6 0.8571428571428571
833 3 7 512 9 6 0.8571428571428571
834 4 6 512 9 6 0.8571428571428571
834 5 5 512 7 4 0.5714285714285714
834 1 7 512 9 6 0.8571428571428571
835 4 7 512 9 6 0.8571428571428571
835 7 4 512 7 4 0.5714285714285714
836 2 7 512 9 6 0.8571428571428571
836 6 6 512 9 6 0.8571428571428571
837 2 7 512 9 6 0.8571428571428571
838 4 5 512 7 4 0.5714285714285714
838 3 7 512 9 6 0.8571428571428571
838 5 4 512 7 4 0.5714285714285714
839 3 7 512 9 6 0.8571428571428571
839 5 4 512 7 4 0.5714285714285714
840 6 5 512 7 4 0.5714285714285714
840 4 7 512 9 6 0.8571428571428571
841 3 7 512 9 6 0.8571428571428571
841 6 6 512 9 6 0.8571428571428571
842 2 7 512 9 6 0.8571428571428571
843 4 7 512 9 6 0.8571428571428571
843 5 4 512 7 4 0.5714285714285714
844 5 6 512 9 6 0.8571428571428571
844 3 7 512 9 6 0.8571428571428571
845 3 7 512 9 6 0.8571428571428571
845 7 4 512 6 3 0.42857142857142855
846 3 7 512 9 6 0.8571428571428571
846 5 4 512 7 4 0.5714285714285714
847 4 4 512 6 3 0.42857142857142855
847 3 7 512 9 6 0.8571428571428571
848 6 6 512 9 6 0.8571428571428571
848 4 7 512 9 6 0.8571428571428571
848 7 4 512 6 3 0.42857142857142855
849 4 5 512 7 4 0.5714285714285714
849 2 7 512 9 6 0.8571428571428571
850 4 6 512 8 5 0.7142857142857143
850 2 7 512 9 6 0.8571428571428571
851 7 4 512 6 3 0.42857142857142855
851 2 7 512 9 6 0.8571428571428571
852 1 7 512 9 6 0.8571428571428571
852 5 4 512 6 3 0.42857142857142855
853 4 5 512 7 4 0.5714285714285714
853 3 7 512 9 6 0.8571428571428571
854 4 4 512 7 4 0.5714285714285714
854 1 7 512 9 6 0.8571428571428571
855 5 7 512 9 6 0.8571428571428571
856 3 7 512 9 6 0.8571428571428571
856 5 4 512 7 4 0.5714285714285714
857 3 7 512 9 6 0.8571428571428571
858 6 6 512 9 6 0.8571428571428571
858 1 7 512 9 6 0.8571428571428571
858 7 4 512 7 4 0.5714285714285714
859 3 7 512 9 6 0.8571428571428571
859 7 5 512 7 4 0.5714285714285714
859 5 6 512 9 6 0.8571428571428571
860 3 7 512 9 6 0.8571428571428571
861 3 6 512 8 5 0.7142857142857143
862 4 6 512 8 5 0.7142857142857143
862 2 7 512 9 6 0.8571428571428571
863 4 7 512 9 6 0.8571428571428571
864 6 4 512 7 4 0.5714285714285714
864 4 7 512 9 6 0.8571428571428571
865 3 7 512 9 6 0.8571428571428571
866 3 7 512 9 6 0.8571428571428571
866 7 4 512 6 3 0.42857142857142855
866 4 5 512 7 4 0.5714285714285714
867 4 5 512 7 4 0.5714285714285714
867 1 7 512 9 6 0.8571428571428571
868 3 7 512 9 6 0.8571428571428571
868 5 6 512 9 6 0.8571428571428571
869 2 7 512 9 6 0.8571428571428571
870 4 4 512 6 3 0.42857142857142855
870 2 7 512 9 6 0.8571428571428571
871 2 7 512 9 6 0.8571428571428571
872 6 6 512 8 5 0.7142857142857143
872 2 7 512 9 6 0.8571428571428571
873 6 4 512 6 3 0.42857142857142855
873 2 7 512 9 6 0.8571428571428571
874 3 7 512 9 6 0.8571428571428571
875 6 5 512 7 4 0.5714285714285714
875 3 7 512 9 6 0.8571428571428571
876 3 7 512 9 6 0.8571428571428571
877 3 7 512 9 6 0.8571428571428571
878 7 4 512 6 3 0.42857142857142855
878 1 7 512 9 6 0.8571428571428571
879 7 5 512 7 4 0.5714285714285714
879 2 7 512 9 6 0.8571428571428571
880 7 5 512 7 4 0.5714285714285714
880 4 6 512 9 6 0.8571428571428571
881 2 7 512 9 6 0.8571428571428571
881 5 5 512 7 4 0.5714285714285714
882 5 5 512 7 4 0.5714285714285714
882 1 7 512 9 6 0.8571428571428571
882 4 6 512 9 6 0.8571428571428571
883 2 7 512 9 6 0.8571428571428571
883 4 4 512 6 3 0.42857142857142855
884 7 5 512 7 4 0.5714285714285714
884 1 7 512 9 6 0.8571428571428571
885 3 7 512 9 6 0.8571428571428571
885 6 3 512 5 2 0.2857142857142857
885 5 6 512 8 5 0.7142857142857143
886 5 6 512 9 6 0.8571428571428571
886 3 7 512 9 6 0.8571428571428571
887 3 7 512 9 6 0.8571428571428571
887 4 5 512 7 4 0.5714285714285714
888 3 6 512 8 5 0.7142857142857143
889 3 7 512 9 6 0.8571428571428571
889 6 5 512 8 5 0.7142857142857143
890 5 5 512 7 4 0.5714285714285714
890 3 7 512 9 6 0.8571428571428571
891 3 7 512 9 6 0.8571428571428571
891 4 4 512 6 3 0.42857142857142855
892 3 7 512 9 6 0.8571428571428571
892 6 5 512 7 4 0.5714285714285714
893 2 7 512 9 6 0.8571428571428571
893 6 6 512 9 6 0.8571428571428571
894 4 6 512 8 5 0.7142857142857143
894 3 7 512 9 6 0.8571428571428571
894 5 5 512 7 4 0.5714285714285714
895 2 7 512 9 6 0.8571428571428571
895 7 4 512 6 3 0.42857142857142855
895 6 6 512 8 5 0.7142857142857143
896 3 7 512 9 6 0.8571428571428571
897 5 6 512 9 6 0.8571428571428571
897 2 7 512 9 6 0.8571428571428571
898 4 5 512 7 4 0.5714285714285714
899 2 7 512 9 6 0.8571428571428571
900 6 6 512 9 6 0.8571428571428571
900 4 7 512 9 6 0.8571428571428571
901 3 7 512 9 6 0.8571428571428571
901 6 4 512 7 4 0.5714285714285714
901 4 5 512 7 4 0.5714285714285714
902 4 7 512 9 6 0.8571428571428571
902 6 5 512 7 4 0.5714285714285714
903 4 7 512 9 6 0.8571428571428571
903 5 6 512 9 6 0.8571428571428571
904 3 7 512 9 6 0.8571428571428571
904 5 5 512 7 4 0.5714285714285714
905 5 4 512 6 3 0.42857142857142855
905 2 7 512 9 6 0.8571428571428571
906 3 7 512 9 6 0.8571428571428571
906 6 4 512 7 4 0.5714285714285714
907 7 4 512 7 4 0.5714285714285714
907 3 7 512 9 6 0.8571428571428571
908 3 7 512 9 6 0.8571428571428571
909 4 7 512 9 6 0.8571428571428571
910 3 6 512 9 6 0.8571428571428571
910 2 7 512 9 6 0.8571428571428571
910 5 5 512 7 4 0.5714285714285714
911 3 7 512 9 6 0.8571428571428571
912 3 7 512 9 6 0.8571428571428571
913 6 4 512 7 4 0.5714285714285714
913 3 7 512 9 6 0.8571428571428571
914 5 5 512 7 4 0.5714285714285714
914 3 6 512 8 5 0.7142857142857143
915 2 7 512 9 6 0.8571428571428571
915 6 5 512 7 4 0.5714285714285714
916 3 7 512 9 6 0.8571428571428571
917 2 7 512 9 6 0.8571428571428571
917 6 6 512 9 6 0.8571428571428571
918 3 7 512 9 6 0.8571428571428571
918 5 5 512 7 4 0.5714285714285714
919 2 7 512 9 6 0.8571428571428571
919 3 6 512 9 6 0.8571428571428571
920 3 6 512 9 6 0.8571428571428571
921 3 6 512 8 5 0.7142857142857143
922 3 7 512 9 6 0.8571428571428571
922 8 6 512 8 5 0.7142857142857143
923 4 4 512 6 3 0.42857142857142855
923 3 7 512 9 6 0.8571428571428571
924 4 4 512 6 3 0.42857142857142855
924 3 7 512 9 6 0.8571428571428571
925 4 4 512 6 3 0.42857142857142855
925 2 7 512 9 6 0.8571428571428571
926 4 5 512 7 4 0.5714285714285714
926 3 7 512 9 6 0.8571428571428571
927 3 7 512 9 6 0.8571428571428571
927 4 6 512 9 6 0.8571428571428571
928 3 7 512 9 6 0.8571428571428571
928 5 5 512 7 4 0.5714285714285714
929 2 7 512 9 6 0.8571428571428571
930 0 7 512 9 6 0.8571428571428571
931 2 7 512 9 6 0.8571428571428571
931 8 5 512 7 4 0.5714285714285714
932 2 7 512 9 6 0.8571428571428571
932 4 5 512 7 4 0.5714285714285714
933 3 7 512 9 6 0.8571428571428571
933 6 6 512 8 5 0.7142857142857143
934 3 7 512 9 6 0.8571428571428571
935 4 5 512 7 4 0.5714285714285714
935 2 7 512 9 6 0.8571428571428571
936 2 7 512 9 6 0.8571428571428571
936 5 4 512 7 4 0.5714285714285714
937 3 7 512 9 6 0.8571428571428571
937 5 6 512 8 5 0.7142857142857143
938 5 4 512 7 4 0.5714285714285714
938 2 7 512 9 6 0.8571428571428571
939 3 7 512 9 6 0.8571428571428571
939 4 6 512 9 6 0.8571428571428571
940 4 7 512 9 6 0.8571428571428571
940 5 4 512 7 4 0.5714285714285714
941 1 7 512 9 6 0.8571428571428571
941 6 4 512 7 4 0.5714285714285714
941 3 6 512 8 5 0.7142857142857143
942 2 6 512 9 6 0.8571428571428571
943 3 7 512 9 6 0.8571428571428571
944 3 4 512 7 4 0.5714285714285714
944 2 7 512 9 6 0.8571428571428571
945 1 7 512 9 6 0.8571428571428571
946 2 7 512 9 6 0.8571428571428571
946 6 6 512 8 5 0.7142857142857143
947 3 7 512 9 6 0.8571428571428571
947 5 5 512 7 4 0.5714285714285714
948 4 6 512 8 5 0.7142857142857143
948 3 7 512 9 6 0.8571428571428571
949 2 7 512 9 6 0.8571428571428571
949 6 4 512 7 4 0.5714285714285714
950 6 4 512 6 3 0.42857142857142855
950 3 7 512 9 6 0.8571428571428571
950 4 6 512 8 5 0.7142857142857143
951 3 7 512 9 6 0.8571428571428571
951 7 6 512 9 6 0.8571428571428571
952 2 7 512 9 6 0.8571428571428571
952 8 4 512 7 4 0.5714285714285714
952 4 6 512 8 5 0.7142857142857143
953 4 6 512 9 6 0.8571428571428571
953 5 4 512 7 4 0.5714285714285714
954 1 7 512 9 6 0.8571428571428571
955 3 7 512 9 6 0.8571428571428571
956 3 7 512 9 6 0.8571428571428571
957 5 4 512 7 4 0.5714285714285714
957 3 6 512 8 5 0.7142857142857143
958 4 7 512 9 6 0.8571428571428571
959 3 5 512 7 4 0.5714285714285714
960 3 7 512 9 6 0.8571428571428571
961 5 4 512 7 4 0.5714285714285714
961 3 7 512 9 6 0.8571428571428571
962 7 6 512 8 5 0.7142857142857143
962 2 7 512 9 6 0.8571428571428571
963 6 6 512 8 5 0.7142857142857143
963 3 7 512 9 6 0.8571428571428571
964 3 7 512 9 6 0.8571428571428571
964 7 4 512 6 3 0.42857142857142855
965 3 7 512 9 6 0.8571428571428571
966 3 4 512 6 3 0.42857142857142855
967 8 5 512 7 4 0.5714285714285714
967 3 7 512 9 6 0.8571428571428571
967 5 6 512 8 5 0.7142857142857143
968 2 7 512 9 6 0.8571428571428571
969 0 7 512 9 6 0.8571428571428571
970 3 4 512 6 3 0.42857142857142855
971 7 6 512 9 6 0.8571428571428571
971 2 7 512 9 6 0.8571428571428571
972 5 5 512 7 4 0.5714285714285714
972 1 7 512 9 6 0.8571428571428571
973 2 7 512 9 6 0.8571428571428571
974 6 6 512 8 5 0.7142857142857143
974 2 7 512 9 6 0.8571428571428571
975 4 7 512 9 6 0.8571428571428571
976 3 7 512 9 6 0.8571428571428571
976 4 4 512 6 3 0.42857142857142855
977 4 6 512 9 6 0.8571428571428571
977 3 7 512 9 6 0.8571428571428571
977 8 4 512 6 3 0.42857142857142855
978 2 7 512 9 6 0.8571428571428571
978 5 4 512 7 4 0.5714285714285714
979 3 7 512 9 6 0.8571428571428571
979 8 4 512 7 4 0.5714285714285714
979 7 6 512 8 5 0.7142857142857143
980 2 7 512 9 6 0.8571428571428571
981 4 4 512 7 4 0.5714285714285714
982 3 6 512 9 6 0.8571428571428571
983 4 7 512 9 6 0.8571428571428571
983 6 5 512 7 4 0.5714285714285714
984 4 4 512 6 3 0.42857142857142855
984 1 7 512 9 6 0.8571428571428571
985 4 7 512 9 6 0.8571428571428571
986 2 7 512 9 6 0.8571428571428571
986 6 2 512 5 2 0.2857142857142857
987 5 4 512 6 3 0.42857142857142855
987 3 7 512 9 6 0.8571428571428571
988 7 6 512 8 5 0.7142857142857143
988 2 7 512 9 6 0.8571428571428571
989 5 6 512 8 5 0.7142857142857143
989 2 7 512 9 6 0.8571428571428571
990 2 7 512 9 6 0.8571428571428571
991 2 7 512 9 6 0.8571428571428571
991 6 5 512 7 4 0.5714285714285714
992 3 7 512 9 6 0.8571428571428571
992 5 6 512 9 6 0.8571428571428571
993 2 7 512 9 6 0.8571428571428571
993 6 4 512 7 4 0.5714285714285714
994 4 5 512 7 4 0.5714285714285714
994 3 7 512 9 6 0.8571428571428571
994 5 4 512 6 3 0.42857142857142855
995 2 7 512 9 6 0.8571428571428571
996 2 7 512 9 6 0.8571428571428571
996 4 6 512 8 5 0.7142857142857143
997 4 6 512 8 5 0.7142857142857143
997 2 7 512 9 6 0.8571428571428571
998 5 4 512 7 4 0.5714285714285714
998 4 7 512 9 6 0.8571428571428571
999 6 4 512 7 4 0.5714285714285714
999 2 7 512 9 6 0.8571428571428571
999 4 5 512 7 4 0.5714285714285714
1000 3 7 512 9 6 0.8571428571428571
1000 4 6 512 8 5 0.7142857142857143
