gen testSuiteSize notKilledMutants number_of_tests no_discount_objective no_equiv_mut_not_killed no_equiv_mut_not_killed_perc
1 5 0 5 0 0 0.0
1 4 1 9 1 1 0.1
1 2 2 34 2 2 0.2
2 3 0 47 0 0 0.0
3 5 0 94 0 0 0.0
3 3 1 105 1 1 0.1
4 2 1 153 1 1 0.1
4 3 0 155 0 0 0.0
5 4 0 195 0 0 0.0
6 5 0 227 0 0 0.0
6 3 1 233 1 1 0.1
7 2 2 238 2 2 0.2
7 3 0 240 0 0 0.0
8 4 2 266 2 2 0.2
8 5 0 281 0 0 0.0
8 1 5 281 5 5 0.5
9 2 3 294 3 3 0.3
9 3 2 299 2 2 0.2
9 4 0 304 0 0 0.0
10 4 1 323 1 1 0.1
10 3 3 323 3 3 0.3
10 5 0 327 0 0 0.0
11 5 0 336 0 0 0.0
11 2 1 341 1 1 0.1
12 3 1 351 1 1 0.1
12 4 0 361 0 0 0.0
13 4 0 373 0 0 0.0
13 3 2 381 2 2 0.2
14 6 0 387 0 0 0.0
14 1 1 397 1 1 0.1
15 3 1 399 1 1 0.1
15 4 0 405 0 0 0.0
16 3 0 411 0 0 0.0
16 2 4 416 4 4 0.4
17 6 0 417 0 0 0.0
17 4 2 423 2 2 0.2
17 2 4 424 4 4 0.4
17 3 3 427 3 3 0.3
18 4 1 432 1 1 0.1
18 6 0 436 0 0 0.0
19 3 2 450 2 2 0.2
19 4 0 451 0 0 0.0
20 5 0 460 0 0 0.0
20 3 2 461 2 2 0.2
21 4 0 464 0 0 0.0
21 3 1 464 1 1 0.1
22 3 0 470 0 0 0.0
22 2 4 471 4 4 0.4
23 4 0 475 0 0 0.0
23 3 1 475 1 1 0.1
24 3 1 481 1 1 0.1
24 5 0 482 0 0 0.0
25 3 1 485 1 1 0.1
25 5 0 485 0 0 0.0
26 3 2 490 2 2 0.2
26 4 0 490 0 0 0.0
27 3 0 491 0 0 0.0
27 2 1 492 1 1 0.1
28 4 0 493 0 0 0.0
28 2 2 493 2 2 0.2
28 3 1 493 1 1 0.1
29 6 0 496 0 0 0.0
29 1 1 496 1 1 0.1
30 4 0 499 0 0 0.0
30 2 3 499 3 3 0.3
31 5 0 499 0 0 0.0
31 4 1 499 1 1 0.1
31 3 3 499 3 3 0.3
32 3 2 499 2 2 0.2
32 5 0 499 0 0 0.0
33 6 0 503 0 0 0.0
33 5 1 503 1 1 0.1
33 2 2 503 2 2 0.2
34 4 0 504 0 0 0.0
34 3 2 505 2 2 0.2
35 4 1 505 1 1 0.1
35 5 0 505 0 0 0.0
36 3 1 506 1 1 0.1
36 5 0 506 0 0 0.0
36 2 2 506 2 2 0.2
37 5 0 507 0 0 0.0
37 3 1 507 1 1 0.1
38 4 0 507 0 0 0.0
39 3 0 507 0 0 0.0
40 5 0 507 0 0 0.0
40 3 1 507 1 1 0.1
41 4 0 507 0 0 0.0
42 4 3 508 3 3 0.3
42 5 0 508 0 0 0.0
43 5 0 508 0 0 0.0
43 2 3 508 3 3 0.3
43 4 1 508 1 1 0.1
44 4 2 508 2 2 0.2
44 6 0 508 0 0 0.0
44 3 3 508 3 3 0.3
45 3 0 508 0 0 0.0
46 3 1 508 1 1 0.1
46 2 4 508 4 4 0.4
46 4 0 509 0 0 0.0
47 4 0 509 0 0 0.0
47 2 2 510 2 2 0.2
48 5 0 510 0 0 0.0
48 3 1 510 1 1 0.1
49 3 0 510 0 0 0.0
50 4 0 510 0 0 0.0
51 4 0 511 0 0 0.0
52 4 0 511 0 0 0.0
52 2 2 511 2 2 0.2
53 5 0 511 0 0 0.0
53 3 1 511 1 1 0.1
54 3 0 511 0 0 0.0
55 4 0 511 0 0 0.0
56 3 2 512 2 2 0.2
56 4 0 512 0 0 0.0
57 5 0 512 0 0 0.0
57 3 2 512 2 2 0.2
58 5 0 512 0 0 0.0
58 3 1 512 1 1 0.1
59 3 0 512 0 0 0.0
59 1 3 512 3 3 0.3
60 4 0 512 0 0 0.0
60 3 2 512 2 2 0.2
61 5 0 512 0 0 0.0
61 2 1 512 1 1 0.1
62 5 0 512 0 0 0.0
62 4 2 512 2 2 0.2
63 4 0 512 0 0 0.0
64 5 0 512 0 0 0.0
64 3 1 512 1 1 0.1
65 2 0 512 0 0 0.0
66 3 0 512 0 0 0.0
66 1 5 512 5 5 0.5
67 5 0 512 0 0 0.0
67 3 1 512 1 1 0.1
68 3 3 512 3 3 0.3
68 5 0 512 0 0 0.0
69 3 1 512 1 1 0.1
69 4 0 512 0 0 0.0
70 5 0 512 0 0 0.0
70 2 4 512 4 4 0.4
71 3 1 512 1 1 0.1
71 5 0 512 0 0 0.0
72 4 0 512 0 0 0.0
73 1 6 512 6 6 0.6
73 4 0 512 0 0 0.0
73 3 1 512 1 1 0.1
74 2 4 512 4 4 0.4
74 4 0 512 0 0 0.0
75 5 0 512 0 0 0.0
75 4 1 512 1 1 0.1
75 1 4 512 4 4 0.4
75 3 2 512 2 2 0.2
76 3 0 512 0 0 0.0
77 3 2 512 2 2 0.2
77 4 1 512 1 1 0.1
77 2 3 512 3 3 0.3
77 7 0 512 0 0 0.0
78 4 0 512 0 0 0.0
79 3 1 512 1 1 0.1
79 5 0 512 0 0 0.0
79 2 5 512 5 5 0.5
80 3 0 512 0 0 0.0
81 4 0 512 0 0 0.0
81 3 1 512 1 1 0.1
82 5 0 512 0 0 0.0
82 2 1 512 1 1 0.1
83 3 0 512 0 0 0.0
83 1 7 512 7 7 0.7
84 6 0 512 0 0 0.0
84 4 1 512 1 1 0.1
85 3 0 512 0 0 0.0
86 4 0 512 0 0 0.0
86 2 3 512 3 3 0.3
87 5 0 512 0 0 0.0
87 4 1 512 1 1 0.1
87 3 2 512 2 2 0.2
88 4 0 512 0 0 0.0
88 3 1 512 1 1 0.1
89 2 4 512 4 4 0.4
89 3 0 512 0 0 0.0
90 4 1 512 1 1 0.1
90 5 0 512 0 0 0.0
91 4 0 512 0 0 0.0
92 2 2 512 2 2 0.2
92 5 0 512 0 0 0.0
92 3 1 512 1 1 0.1
93 2 1 512 1 1 0.1
93 6 0 512 0 0 0.0
94 3 1 512 1 1 0.1
94 4 0 512 0 0 0.0
94 2 2 512 2 2 0.2
95 4 0 512 0 0 0.0
95 3 1 512 1 1 0.1
96 5 0 512 0 0 0.0
96 3 2 512 2 2 0.2
97 4 0 512 0 0 0.0
97 2 2 512 2 2 0.2
98 4 0 512 0 0 0.0
99 2 2 512 2 2 0.2
99 5 0 512 0 0 0.0
100 3 3 512 3 3 0.3
100 4 0 512 0 0 0.0
101 2 2 512 2 2 0.2
101 4 1 512 1 1 0.1
101 5 0 512 0 0 0.0
102 5 0 512 0 0 0.0
102 3 3 512 3 3 0.3
102 4 1 512 1 1 0.1
103 2 1 512 1 1 0.1
103 6 0 512 0 0 0.0
104 3 2 512 2 2 0.2
104 4 0 512 0 0 0.0
105 5 0 512 0 0 0.0
105 3 1 512 1 1 0.1
106 5 0 512 0 0 0.0
106 2 1 512 1 1 0.1
107 3 0 512 0 0 0.0
108 4 0 512 0 0 0.0
108 2 1 512 1 1 0.1
109 4 0 512 0 0 0.0
110 2 1 512 1 1 0.1
110 3 0 512 0 0 0.0
111 2 1 512 1 1 0.1
111 3 0 512 0 0 0.0
112 4 0 512 0 0 0.0
112 3 2 512 2 2 0.2
113 3 2 512 2 2 0.2
113 4 0 512 0 0 0.0
114 5 0 512 0 0 0.0
114 1 4 512 4 4 0.4
114 3 1 512 1 1 0.1
115 3 1 512 1 1 0.1
115 4 0 512 0 0 0.0
115 0 10 512 10 10 1.0
116 5 0 512 0 0 0.0
116 3 1 512 1 1 0.1
117 4 0 512 0 0 0.0
117 3 1 512 1 1 0.1
118 2 0 512 0 0 0.0
119 4 0 512 0 0 0.0
119 2 3 512 3 3 0.3
119 3 1 512 1 1 0.1
120 3 3 512 3 3 0.3
120 5 0 512 0 0 0.0
121 4 0 512 0 0 0.0
121 3 1 512 1 1 0.1
122 4 0 512 0 0 0.0
123 3 0 512 0 0 0.0
124 3 0 512 0 0 0.0
125 2 0 512 0 0 0.0
126 2 0 512 0 0 0.0
127 3 3 512 3 3 0.3
127 4 0 512 0 0 0.0
127 1 7 512 7 7 0.7
128 2 1 512 1 1 0.1
128 5 0 512 0 0 0.0
129 2 2 512 2 2 0.2
129 4 0 512 0 0 0.0
129 3 1 512 1 1 0.1
130 4 0 512 0 0 0.0
130 2 4 512 4 4 0.4
131 3 0 512 0 0 0.0
132 5 0 512 0 0 0.0
132 3 2 512 2 2 0.2
132 4 1 512 1 1 0.1
133 3 1 512 1 1 0.1
133 5 0 512 0 0 0.0
134 4 0 512 0 0 0.0
135 4 0 512 0 0 0.0
136 5 0 512 0 0 0.0
136 3 1 512 1 1 0.1
137 7 0 512 0 0 0.0
137 3 4 512 4 4 0.4
137 4 1 512 1 1 0.1
138 4 0 512 0 0 0.0
138 3 5 512 5 5 0.5
139 3 2 512 2 2 0.2
139 4 0 512 0 0 0.0
139 2 4 512 4 4 0.4
140 3 0 512 0 0 0.0
141 4 1 512 1 1 0.1
141 5 0 512 0 0 0.0
141 2 3 512 3 3 0.3
142 2 3 512 3 3 0.3
142 4 0 512 0 0 0.0
143 2 2 512 2 2 0.2
143 4 0 512 0 0 0.0
144 5 0 512 0 0 0.0
144 4 1 512 1 1 0.1
144 2 2 512 2 2 0.2
145 5 0 512 0 0 0.0
145 2 1 512 1 1 0.1
146 6 0 512 0 0 0.0
146 3 2 512 2 2 0.2
147 3 0 512 0 0 0.0
148 5 0 512 0 0 0.0
148 3 3 512 3 3 0.3
148 4 2 512 2 2 0.2
149 3 1 512 1 1 0.1
149 5 0 512 0 0 0.0
149 2 5 512 5 5 0.5
150 5 0 512 0 0 0.0
150 3 2 512 2 2 0.2
151 3 2 512 2 2 0.2
151 5 0 512 0 0 0.0
152 3 1 512 1 1 0.1
152 5 0 512 0 0 0.0
153 2 2 512 2 2 0.2
153 4 0 512 0 0 0.0
154 4 1 512 1 1 0.1
154 3 3 512 3 3 0.3
154 5 0 512 0 0 0.0
154 1 6 512 6 6 0.6
155 2 2 512 2 2 0.2
155 4 0 512 0 0 0.0
156 2 3 512 3 3 0.3
156 3 2 512 2 2 0.2
156 5 0 512 0 0 0.0
156 4 1 512 1 1 0.1
157 3 1 512 1 1 0.1
157 5 0 512 0 0 0.0
158 5 0 512 0 0 0.0
158 4 1 512 1 1 0.1
159 2 2 512 2 2 0.2
159 4 0 512 0 0 0.0
160 3 0 512 0 0 0.0
161 6 0 512 0 0 0.0
161 5 1 512 1 1 0.1
161 4 2 512 2 2 0.2
162 2 0 512 0 0 0.0
163 4 0 512 0 0 0.0
163 3 2 512 2 2 0.2
164 3 2 512 2 2 0.2
164 4 0 512 0 0 0.0
165 5 0 512 0 0 0.0
166 3 4 512 4 4 0.4
166 4 0 512 0 0 0.0
167 3 0 512 0 0 0.0
167 2 3 512 3 3 0.3
168 4 0 512 0 0 0.0
169 3 0 512 0 0 0.0
170 3 1 512 1 1 0.1
170 6 0 512 0 0 0.0
171 3 0 512 0 0 0.0
172 3 0 512 0 0 0.0
172 2 2 512 2 2 0.2
173 5 0 512 0 0 0.0
173 3 2 512 2 2 0.2
173 1 7 512 7 7 0.7
174 2 3 512 3 3 0.3
174 4 0 512 0 0 0.0
175 5 0 512 0 0 0.0
175 4 1 512 1 1 0.1
175 2 5 512 5 5 0.5
176 4 0 512 0 0 0.0
177 4 1 512 1 1 0.1
177 2 2 512 2 2 0.2
177 5 0 512 0 0 0.0
178 2 1 512 1 1 0.1
178 6 0 512 0 0 0.0
179 3 2 512 2 2 0.2
179 4 0 512 0 0 0.0
179 1 9 512 9 9 0.9
180 5 1 512 1 1 0.1
180 9 0 512 0 0 0.0
180 3 2 512 2 2 0.2
180 2 3 512 3 3 0.3
181 4 1 512 1 1 0.1
181 5 0 512 0 0 0.0
181 2 4 512 4 4 0.4
182 4 0 512 0 0 0.0
182 2 3 512 3 3 0.3
183 2 0 512 0 0 0.0
184 4 0 512 0 0 0.0
185 5 0 512 0 0 0.0
186 2 1 512 1 1 0.1
186 4 0 512 0 0 0.0
187 3 0 512 0 0 0.0
188 3 2 512 2 2 0.2
188 5 0 512 0 0 0.0
189 5 0 512 0 0 0.0
189 3 1 512 1 1 0.1
190 3 0 512 0 0 0.0
191 4 0 512 0 0 0.0
191 3 1 512 1 1 0.1
192 4 0 512 0 0 0.0
193 6 0 512 0 0 0.0
193 2 2 512 2 2 0.2
193 4 1 512 1 1 0.1
194 3 0 512 0 0 0.0
194 2 1 512 1 1 0.1
195 5 0 512 0 0 0.0
195 3 2 512 2 2 0.2
196 4 0 512 0 0 0.0
196 2 1 512 1 1 0.1
197 4 0 512 0 0 0.0
198 4 0 512 0 0 0.0
198 2 2 512 2 2 0.2
199 4 0 512 0 0 0.0
199 2 2 512 2 2 0.2
200 2 1 512 1 1 0.1
200 5 0 512 0 0 0.0
201 3 1 512 1 1 0.1
201 6 0 512 0 0 0.0
202 6 0 512 0 0 0.0
202 3 1 512 1 1 0.1
203 4 0 512 0 0 0.0
203 3 2 512 2 2 0.2
204 4 0 512 0 0 0.0
204 3 1 512 1 1 0.1
205 5 0 512 0 0 0.0
205 3 1 512 1 1 0.1
206 3 0 512 0 0 0.0
206 2 1 512 1 1 0.1
207 4 1 512 1 1 0.1
207 6 0 512 0 0 0.0
208 3 0 512 0 0 0.0
208 1 4 512 4 4 0.4
209 2 2 512 2 2 0.2
209 4 0 512 0 0 0.0
210 6 0 512 0 0 0.0
210 4 1 512 1 1 0.1
210 3 3 512 3 3 0.3
211 3 0 512 0 0 0.0
211 2 3 512 3 3 0.3
212 2 3 512 3 3 0.3
212 3 1 512 1 1 0.1
212 5 0 512 0 0 0.0
213 3 3 512 3 3 0.3
213 6 0 512 0 0 0.0
213 5 1 512 1 1 0.1
213 4 2 512 2 2 0.2
214 4 0 512 0 0 0.0
214 3 3 512 3 3 0.3
215 3 1 512 1 1 0.1
215 5 0 512 0 0 0.0
216 5 0 512 0 0 0.0
216 2 1 512 1 1 0.1
217 4 3 512 3 3 0.3
217 5 0 512 0 0 0.0
218 2 2 512 2 2 0.2
218 4 0 512 0 0 0.0
219 3 1 512 1 1 0.1
219 2 2 512 2 2 0.2
219 5 0 512 0 0 0.0
220 5 0 512 0 0 0.0
220 1 7 512 7 7 0.7
220 4 2 512 2 2 0.2
221 4 0 512 0 0 0.0
222 3 0 512 0 0 0.0
223 3 0 512 0 0 0.0
224 4 0 512 0 0 0.0
224 3 1 512 1 1 0.1
225 3 1 512 1 1 0.1
225 4 0 512 0 0 0.0
226 2 2 512 2 2 0.2
226 4 0 512 0 0 0.0
227 3 0 512 0 0 0.0
228 2 3 512 3 3 0.3
228 3 1 512 1 1 0.1
228 5 0 512 0 0 0.0
229 3 1 512 1 1 0.1
229 4 0 512 0 0 0.0
230 7 0 512 0 0 0.0
230 3 1 512 1 1 0.1
231 5 0 512 0 0 0.0
231 3 2 512 2 2 0.2
231 4 1 512 1 1 0.1
232 3 4 512 4 4 0.4
232 4 0 512 0 0 0.0
233 3 1 512 1 1 0.1
233 4 0 512 0 0 0.0
234 3 0 512 0 0 0.0
235 4 0 512 0 0 0.0
236 3 2 512 2 2 0.2
236 4 0 512 0 0 0.0
237 3 2 512 2 2 0.2
237 4 0 512 0 0 0.0
238 3 0 512 0 0 0.0
239 2 1 512 1 1 0.1
239 5 0 512 0 0 0.0
240 4 1 512 1 1 0.1
240 5 0 512 0 0 0.0
241 3 0 512 0 0 0.0
241 1 7 512 7 7 0.7
242 1 4 512 4 4 0.4
242 4 0 512 0 0 0.0
243 2 2 512 2 2 0.2
243 3 1 512 1 1 0.1
243 4 0 512 0 0 0.0
244 1 6 512 6 6 0.6
244 3 3 512 3 3 0.3
244 4 0 512 0 0 0.0
245 4 1 512 1 1 0.1
245 6 0 512 0 0 0.0
246 2 0 512 0 0 0.0
247 4 0 512 0 0 0.0
247 3 1 512 1 1 0.1
247 1 5 512 5 5 0.5
248 2 0 512 0 0 0.0
249 3 1 512 1 1 0.1
249 4 0 512 0 0 0.0
250 5 0 512 0 0 0.0
250 4 1 512 1 1 0.1
251 2 6 512 6 6 0.6
251 4 0 512 0 0 0.0
252 4 0 512 0 0 0.0
252 3 1 512 1 1 0.1
253 3 0 512 0 0 0.0
253 2 2 512 2 2 0.2
254 3 1 512 1 1 0.1
254 4 0 512 0 0 0.0
255 3 3 512 3 3 0.3
255 4 0 512 0 0 0.0
256 4 0 512 0 0 0.0
257 4 1 512 1 1 0.1
257 5 0 512 0 0 0.0
257 2 4 512 4 4 0.4
258 6 0 512 0 0 0.0
258 2 5 512 5 5 0.5
258 4 2 512 2 2 0.2
258 3 3 512 3 3 0.3
258 5 1 512 1 1 0.1
259 2 2 512 2 2 0.2
259 6 0 512 0 0 0.0
259 5 1 512 1 1 0.1
260 6 0 512 0 0 0.0
260 4 1 512 1 1 0.1
260 2 2 512 2 2 0.2
261 4 1 512 1 1 0.1
261 5 0 512 0 0 0.0
262 3 0 512 0 0 0.0
263 2 2 512 2 2 0.2
263 3 0 512 0 0 0.0
264 4 0 512 0 0 0.0
265 6 0 512 0 0 0.0
265 3 2 512 2 2 0.2
265 4 1 512 1 1 0.1
266 7 0 512 0 0 0.0
266 3 1 512 1 1 0.1
267 6 0 512 0 0 0.0
267 3 1 512 1 1 0.1
268 2 3 512 3 3 0.3
268 4 0 512 0 0 0.0
269 2 0 512 0 0 0.0
270 5 0 512 0 0 0.0
271 3 0 512 0 0 0.0
272 4 0 512 0 0 0.0
273 3 0 512 0 0 0.0
274 3 4 512 4 4 0.4
274 7 0 512 0 0 0.0
274 4 1 512 1 1 0.1
275 4 0 512 0 0 0.0
275 2 4 512 4 4 0.4
275 3 1 512 1 1 0.1
276 2 5 512 5 5 0.5
276 3 0 512 0 0 0.0
277 4 0 512 0 0 0.0
277 3 3 512 3 3 0.3
278 3 0 512 0 0 0.0
279 4 0 512 0 0 0.0
279 2 7 512 7 7 0.7
280 3 1 512 1 1 0.1
280 4 0 512 0 0 0.0
281 5 0 512 0 0 0.0
281 2 2 512 2 2 0.2
281 3 1 512 1 1 0.1
282 2 2 512 2 2 0.2
282 3 0 512 0 0 0.0
283 3 1 512 1 1 0.1
283 5 0 512 0 0 0.0
284 4 0 512 0 0 0.0
284 3 1 512 1 1 0.1
285 3 3 512 3 3 0.3
285 4 1 512 1 1 0.1
285 5 0 512 0 0 0.0
286 5 0 512 0 0 0.0
286 3 2 512 2 2 0.2
286 4 1 512 1 1 0.1
286 1 7 512 7 7 0.7
287 4 2 512 2 2 0.2
287 1 3 512 3 3 0.3
287 5 0 512 0 0 0.0
288 5 0 512 0 0 0.0
288 2 1 512 1 1 0.1
289 4 0 512 0 0 0.0
290 5 0 512 0 0 0.0
290 3 1 512 1 1 0.1
291 3 0 512 0 0 0.0
292 3 1 512 1 1 0.1
292 4 0 512 0 0 0.0
293 4 0 512 0 0 0.0
294 4 0 512 0 0 0.0
294 3 1 512 1 1 0.1
294 2 4 512 4 4 0.4
295 4 2 512 2 2 0.2
295 5 0 512 0 0 0.0
296 5 0 512 0 0 0.0
296 3 1 512 1 1 0.1
297 4 0 512 0 0 0.0
298 5 0 512 0 0 0.0
298 2 1 512 1 1 0.1
299 3 2 512 2 2 0.2
299 4 0 512 0 0 0.0
300 3 1 512 1 1 0.1
300 5 0 512 0 0 0.0
301 3 1 512 1 1 0.1
301 4 0 512 0 0 0.0
302 3 1 512 1 1 0.1
302 4 0 512 0 0 0.0
303 2 4 512 4 4 0.4
303 4 1 512 1 1 0.1
303 3 2 512 2 2 0.2
303 5 0 512 0 0 0.0
304 2 4 512 4 4 0.4
304 4 0 512 0 0 0.0
305 5 0 512 0 0 0.0
305 4 3 512 3 3 0.3
306 3 0 512 0 0 0.0
306 2 1 512 1 1 0.1
307 3 1 512 1 1 0.1
307 4 0 512 0 0 0.0
308 3 1 512 1 1 0.1
308 4 0 512 0 0 0.0
309 3 0 512 0 0 0.0
309 2 3 512 3 3 0.3
310 4 0 512 0 0 0.0
311 3 0 512 0 0 0.0
312 3 1 512 1 1 0.1
312 5 0 512 0 0 0.0
313 2 2 512 2 2 0.2
313 3 0 512 0 0 0.0
314 4 0 512 0 0 0.0
314 3 2 512 2 2 0.2
314 1 5 512 5 5 0.5
315 4 0 512 0 0 0.0
315 3 2 512 2 2 0.2
316 3 2 512 2 2 0.2
316 4 0 512 0 0 0.0
317 4 3 512 3 3 0.3
317 1 4 512 4 4 0.4
317 5 0 512 0 0 0.0
318 4 1 512 1 1 0.1
318 5 0 512 0 0 0.0
318 3 2 512 2 2 0.2
319 4 0 512 0 0 0.0
319 2 2 512 2 2 0.2
320 4 3 512 3 3 0.3
320 5 0 512 0 0 0.0
320 1 5 512 5 5 0.5
320 3 4 512 4 4 0.4
321 4 0 512 0 0 0.0
321 3 3 512 3 3 0.3
322 4 2 512 2 2 0.2
322 5 0 512 0 0 0.0
323 3 0 512 0 0 0.0
324 4 2 512 2 2 0.2
324 5 0 512 0 0 0.0
325 2 3 512 3 3 0.3
325 5 0 512 0 0 0.0
326 4 0 512 0 0 0.0
327 7 0 512 0 0 0.0
327 4 1 512 1 1 0.1
327 2 3 512 3 3 0.3
328 4 0 512 0 0 0.0
329 5 0 512 0 0 0.0
329 2 1 512 1 1 0.1
330 3 2 512 2 2 0.2
330 5 0 512 0 0 0.0
330 4 1 512 1 1 0.1
331 5 0 512 0 0 0.0
331 3 1 512 1 1 0.1
331 2 2 512 2 2 0.2
332 4 0 512 0 0 0.0
333 4 0 512 0 0 0.0
333 3 1 512 1 1 0.1
333 2 5 512 5 5 0.5
334 2 6 512 6 6 0.6
334 3 1 512 1 1 0.1
334 4 0 512 0 0 0.0
335 2 3 512 3 3 0.3
335 3 2 512 2 2 0.2
335 6 0 512 0 0 0.0
335 4 1 512 1 1 0.1
336 4 0 512 0 0 0.0
337 3 0 512 0 0 0.0
338 2 3 512 3 3 0.3
338 4 0 512 0 0 0.0
339 2 3 512 3 3 0.3
339 4 0 512 0 0 0.0
339 1 7 512 7 7 0.7
340 4 0 512 0 0 0.0
340 1 2 512 2 2 0.2
341 7 0 512 0 0 0.0
341 3 1 512 1 1 0.1
342 2 2 512 2 2 0.2
342 3 1 512 1 1 0.1
342 5 0 512 0 0 0.0
343 3 0 512 0 0 0.0
344 3 0 512 0 0 0.0
344 2 3 512 3 3 0.3
345 4 0 512 0 0 0.0
346 5 1 512 1 1 0.1
346 6 0 512 0 0 0.0
346 4 2 512 2 2 0.2
347 5 0 512 0 0 0.0
347 2 5 512 5 5 0.5
348 4 1 512 1 1 0.1
348 6 0 512 0 0 0.0
349 4 1 512 1 1 0.1
349 6 0 512 0 0 0.0
350 4 1 512 1 1 0.1
350 3 2 512 2 2 0.2
350 7 0 512 0 0 0.0
350 2 5 512 5 5 0.5
351 4 0 512 0 0 0.0
352 4 1 512 1 1 0.1
352 7 0 512 0 0 0.0
352 3 2 512 2 2 0.2
353 5 0 512 0 0 0.0
353 3 2 512 2 2 0.2
354 4 1 512 1 1 0.1
354 3 2 512 2 2 0.2
354 5 0 512 0 0 0.0
355 3 0 512 0 0 0.0
356 3 0 512 0 0 0.0
357 5 0 512 0 0 0.0
357 3 1 512 1 1 0.1
358 3 2 512 2 2 0.2
358 2 5 512 5 5 0.5
358 5 0 512 0 0 0.0
358 4 1 512 1 1 0.1
359 2 1 512 1 1 0.1
359 6 0 512 0 0 0.0
360 5 0 512 0 0 0.0
360 3 1 512 1 1 0.1
361 8 0 512 0 0 0.0
361 2 2 512 2 2 0.2
361 0 10 512 10 10 1.0
361 5 1 512 1 1 0.1
362 5 0 512 0 0 0.0
362 4 1 512 1 1 0.1
363 2 2 512 2 2 0.2
363 4 0 512 0 0 0.0
364 3 3 512 3 3 0.3
364 4 0 512 0 0 0.0
365 4 0 512 0 0 0.0
365 0 10 512 10 10 1.0
366 6 0 512 0 0 0.0
366 3 2 512 2 2 0.2
367 3 0 512 0 0 0.0
367 2 4 512 4 4 0.4
368 4 0 512 0 0 0.0
368 3 1 512 1 1 0.1
368 2 3 512 3 3 0.3
369 4 0 512 0 0 0.0
369 2 2 512 2 2 0.2
370 3 0 512 0 0 0.0
371 3 0 512 0 0 0.0
372 5 0 512 0 0 0.0
372 2 1 512 1 1 0.1
373 5 0 512 0 0 0.0
373 2 2 512 2 2 0.2
373 4 1 512 1 1 0.1
374 4 0 512 0 0 0.0
374 2 1 512 1 1 0.1
375 2 3 512 3 3 0.3
375 4 0 512 0 0 0.0
376 4 2 512 2 2 0.2
376 5 0 512 0 0 0.0
377 4 0 512 0 0 0.0
377 3 2 512 2 2 0.2
378 4 0 512 0 0 0.0
378 3 2 512 2 2 0.2
379 3 1 512 1 1 0.1
379 5 0 512 0 0 0.0
380 4 0 512 0 0 0.0
380 1 3 512 3 3 0.3
381 2 5 512 5 5 0.5
381 4 0 512 0 0 0.0
382 2 1 512 1 1 0.1
382 3 0 512 0 0 0.0
383 5 0 512 0 0 0.0
383 3 1 512 1 1 0.1
384 3 1 512 1 1 0.1
384 2 3 512 3 3 0.3
384 4 0 512 0 0 0.0
385 2 1 512 1 1 0.1
385 4 0 512 0 0 0.0
386 6 0 512 0 0 0.0
386 4 1 512 1 1 0.1
387 2 2 512 2 2 0.2
387 4 0 512 0 0 0.0
388 4 1 512 1 1 0.1
388 5 0 512 0 0 0.0
389 4 0 512 0 0 0.0
390 3 3 512 3 3 0.3
390 4 2 512 2 2 0.2
390 1 4 512 4 4 0.4
390 5 0 512 0 0 0.0
391 3 0 512 0 0 0.0
392 4 1 512 1 1 0.1
392 5 0 512 0 0 0.0
393 4 0 512 0 0 0.0
394 4 0 512 0 0 0.0
394 2 2 512 2 2 0.2
395 4 0 512 0 0 0.0
395 2 2 512 2 2 0.2
395 3 1 512 1 1 0.1
396 3 3 512 3 3 0.3
396 4 0 512 0 0 0.0
397 1 5 512 5 5 0.5
397 3 2 512 2 2 0.2
397 4 0 512 0 0 0.0
398 5 0 512 0 0 0.0
398 3 3 512 3 3 0.3
399 4 0 512 0 0 0.0
399 3 3 512 3 3 0.3
399 1 5 512 5 5 0.5
400 4 0 512 0 0 0.0
400 2 5 512 5 5 0.5
401 5 0 512 0 0 0.0
401 3 1 512 1 1 0.1
402 3 2 512 2 2 0.2
402 4 0 512 0 0 0.0
403 4 0 512 0 0 0.0
403 3 2 512 2 2 0.2
404 4 1 512 1 1 0.1
404 5 0 512 0 0 0.0
405 3 0 512 0 0 0.0
406 5 0 512 0 0 0.0
406 2 3 512 3 3 0.3
406 3 1 512 1 1 0.1
407 3 1 512 1 1 0.1
407 6 0 512 0 0 0.0
408 4 0 512 0 0 0.0
409 3 0 512 0 0 0.0
410 4 0 512 0 0 0.0
410 2 3 512 3 3 0.3
411 4 0 512 0 0 0.0
411 2 1 512 1 1 0.1
412 5 0 512 0 0 0.0
412 2 2 512 2 2 0.2
413 3 2 512 2 2 0.2
413 5 0 512 0 0 0.0
414 3 0 512 0 0 0.0
415 5 0 512 0 0 0.0
415 3 2 512 2 2 0.2
415 1 4 512 4 4 0.4
416 3 1 512 1 1 0.1
416 4 0 512 0 0 0.0
417 3 2 512 2 2 0.2
417 4 0 512 0 0 0.0
418 5 1 512 1 1 0.1
418 3 3 512 3 3 0.3
418 0 10 512 10 10 1.0
418 6 0 512 0 0 0.0
418 4 2 512 2 2 0.2
419 5 0 512 0 0 0.0
419 3 3 512 3 3 0.3
419 4 1 512 1 1 0.1
420 3 0 512 0 0 0.0
421 4 0 512 0 0 0.0
422 3 1 512 1 1 0.1
422 4 0 512 0 0 0.0
423 2 1 512 1 1 0.1
423 4 0 512 0 0 0.0
424 5 0 512 0 0 0.0
424 4 2 512 2 2 0.2
425 5 0 512 0 0 0.0
425 3 1 512 1 1 0.1
426 3 0 512 0 0 0.0
427 1 6 512 6 6 0.6
427 2 1 512 1 1 0.1
428 3 0 512 0 0 0.0
429 6 0 512 0 0 0.0
429 1 7 512 7 7 0.7
429 3 1 512 1 1 0.1
430 4 0 512 0 0 0.0
431 7 0 512 0 0 0.0
431 2 1 512 1 1 0.1
431 0 10 512 10 10 1.0
432 4 0 512 0 0 0.0
432 3 3 512 3 3 0.3
433 4 1 512 1 1 0.1
433 3 2 512 2 2 0.2
433 5 0 512 0 0 0.0
434 4 0 512 0 0 0.0
434 1 2 512 2 2 0.2
435 3 0 512 0 0 0.0
436 3 1 512 1 1 0.1
436 5 0 512 0 0 0.0
436 1 7 512 7 7 0.7
437 3 2 512 2 2 0.2
437 4 0 512 0 0 0.0
438 6 0 512 0 0 0.0
438 4 1 512 1 1 0.1
438 3 3 512 3 3 0.3
438 1 7 512 7 7 0.7
439 3 0 512 0 0 0.0
440 2 3 512 3 3 0.3
440 3 2 512 2 2 0.2
440 4 1 512 1 1 0.1
440 6 0 512 0 0 0.0
441 3 1 512 1 1 0.1
441 4 0 512 0 0 0.0
442 2 5 512 5 5 0.5
442 3 1 512 1 1 0.1
442 5 0 512 0 0 0.0
443 3 0 512 0 0 0.0
444 4 0 512 0 0 0.0
444 3 4 512 4 4 0.4
445 5 1 512 1 1 0.1
445 3 2 512 2 2 0.2
445 6 0 512 0 0 0.0
446 4 0 512 0 0 0.0
446 3 1 512 1 1 0.1
447 3 1 512 1 1 0.1
447 4 0 512 0 0 0.0
448 3 0 512 0 0 0.0
449 5 0 512 0 0 0.0
449 4 1 512 1 1 0.1
450 4 0 512 0 0 0.0
450 3 2 512 2 2 0.2
451 3 1 512 1 1 0.1
451 4 0 512 0 0 0.0
452 3 1 512 1 1 0.1
452 5 0 512 0 0 0.0
453 5 1 512 1 1 0.1
453 3 2 512 2 2 0.2
454 3 0 512 0 0 0.0
455 4 0 512 0 0 0.0
456 4 0 512 0 0 0.0
457 2 1 512 1 1 0.1
457 3 0 512 0 0 0.0
458 2 3 512 3 3 0.3
458 4 0 512 0 0 0.0
458 3 1 512 1 1 0.1
459 4 0 512 0 0 0.0
459 3 2 512 2 2 0.2
459 2 4 512 4 4 0.4
460 4 1 512 1 1 0.1
460 6 0 512 0 0 0.0
460 2 5 512 5 5 0.5
461 3 1 512 1 1 0.1
461 4 0 512 0 0 0.0
462 3 0 512 0 0 0.0
463 4 1 512 1 1 0.1
463 2 2 512 2 2 0.2
463 7 0 512 0 0 0.0
464 2 6 512 6 6 0.6
464 3 2 512 2 2 0.2
464 4 0 512 0 0 0.0
465 4 0 512 0 0 0.0
465 3 2 512 2 2 0.2
465 1 3 512 3 3 0.3
466 4 1 512 1 1 0.1
466 5 0 512 0 0 0.0
466 3 2 512 2 2 0.2
467 4 0 512 0 0 0.0
467 1 5 512 5 5 0.5
468 3 0 512 0 0 0.0
469 4 0 512 0 0 0.0
469 3 1 512 1 1 0.1
470 1 3 512 3 3 0.3
470 6 0 512 0 0 0.0
470 3 1 512 1 1 0.1
471 3 3 512 3 3 0.3
471 4 0 512 0 0 0.0
472 5 0 512 0 0 0.0
473 3 1 512 1 1 0.1
473 6 0 512 0 0 0.0
473 2 4 512 4 4 0.4
474 4 0 512 0 0 0.0
475 4 0 512 0 0 0.0
476 3 1 512 1 1 0.1
476 5 0 512 0 0 0.0
477 3 2 512 2 2 0.2
477 1 4 512 4 4 0.4
477 2 3 512 3 3 0.3
477 4 0 512 0 0 0.0
478 7 0 512 0 0 0.0
478 2 1 512 1 1 0.1
479 2 1 512 1 1 0.1
479 3 0 512 0 0 0.0
480 4 2 512 2 2 0.2
480 3 3 512 3 3 0.3
480 5 0 512 0 0 0.0
481 3 0 512 0 0 0.0
482 3 2 512 2 2 0.2
482 5 0 512 0 0 0.0
483 3 1 512 1 1 0.1
483 5 0 512 0 0 0.0
484 3 0 512 0 0 0.0
484 1 4 512 4 4 0.4
485 4 0 512 0 0 0.0
485 3 3 512 3 3 0.3
486 6 0 512 0 0 0.0
486 4 1 512 1 1 0.1
487 4 0 512 0 0 0.0
488 2 1 512 1 1 0.1
488 5 0 512 0 0 0.0
489 2 4 512 4 4 0.4
489 4 1 512 1 1 0.1
489 5 0 512 0 0 0.0
490 4 1 512 1 1 0.1
490 3 2 512 2 2 0.2
490 5 0 512 0 0 0.0
491 5 0 512 0 0 0.0
491 4 1 512 1 1 0.1
492 4 1 512 1 1 0.1
492 5 0 512 0 0 0.0
492 3 2 512 2 2 0.2
493 1 3 512 3 3 0.3
493 3 0 512 0 0 0.0
494 1 3 512 3 3 0.3
494 4 0 512 0 0 0.0
495 5 0 512 0 0 0.0
495 2 4 512 4 4 0.4
495 3 2 512 2 2 0.2
496 5 0 512 0 0 0.0
496 4 1 512 1 1 0.1
497 5 0 512 0 0 0.0
497 2 4 512 4 4 0.4
498 2 4 512 4 4 0.4
498 4 0 512 0 0 0.0
499 3 0 512 0 0 0.0
500 4 0 512 0 0 0.0
501 3 1 512 1 1 0.1
501 5 0 512 0 0 0.0
502 3 1 512 1 1 0.1
502 1 5 512 5 5 0.5
502 7 0 512 0 0 0.0
503 3 0 512 0 0 0.0
504 3 1 512 1 1 0.1
504 5 0 512 0 0 0.0
504 2 2 512 2 2 0.2
505 1 5 512 5 5 0.5
505 5 1 512 1 1 0.1
505 9 0 512 0 0 0.0
505 3 2 512 2 2 0.2
506 2 2 512 2 2 0.2
506 1 3 512 3 3 0.3
506 3 1 512 1 1 0.1
506 4 0 512 0 0 0.0
507 4 0 512 0 0 0.0
507 3 1 512 1 1 0.1
508 2 4 512 4 4 0.4
508 5 0 512 0 0 0.0
509 3 0 512 0 0 0.0
510 5 0 512 0 0 0.0
510 3 1 512 1 1 0.1
511 4 0 512 0 0 0.0
511 2 2 512 2 2 0.2
512 3 1 512 1 1 0.1
512 5 0 512 0 0 0.0
513 7 0 512 0 0 0.0
513 3 1 512 1 1 0.1
514 3 3 512 3 3 0.3
514 4 0 512 0 0 0.0
515 3 1 512 1 1 0.1
515 4 0 512 0 0 0.0
516 2 4 512 4 4 0.4
516 3 0 512 0 0 0.0
517 4 0 512 0 0 0.0
517 3 1 512 1 1 0.1
518 6 0 512 0 0 0.0
518 3 1 512 1 1 0.1
518 2 5 512 5 5 0.5
519 4 1 512 1 1 0.1
519 2 5 512 5 5 0.5
519 5 0 512 0 0 0.0
520 2 1 512 1 1 0.1
520 6 0 512 0 0 0.0
521 3 1 512 1 1 0.1
521 4 0 512 0 0 0.0
522 3 0 512 0 0 0.0
522 2 4 512 4 4 0.4
523 2 5 512 5 5 0.5
523 4 0 512 0 0 0.0
524 4 0 512 0 0 0.0
525 3 2 512 2 2 0.2
525 4 0 512 0 0 0.0
526 4 0 512 0 0 0.0
527 4 0 512 0 0 0.0
527 1 7 512 7 7 0.7
527 3 2 512 2 2 0.2
528 3 0 512 0 0 0.0
529 4 0 512 0 0 0.0
530 4 0 512 0 0 0.0
530 1 6 512 6 6 0.6
530 3 3 512 3 3 0.3
531 2 1 512 1 1 0.1
531 4 0 512 0 0 0.0
532 4 1 512 1 1 0.1
532 3 2 512 2 2 0.2
532 7 0 512 0 0 0.0
532 2 4 512 4 4 0.4
533 3 1 512 1 1 0.1
533 6 0 512 0 0 0.0
534 4 0 512 0 0 0.0
534 3 1 512 1 1 0.1
535 5 0 512 0 0 0.0
535 4 1 512 1 1 0.1
536 6 0 512 0 0 0.0
536 3 1 512 1 1 0.1
536 2 2 512 2 2 0.2
537 5 0 512 0 0 0.0
537 2 3 512 3 3 0.3
537 4 1 512 1 1 0.1
537 3 2 512 2 2 0.2
538 4 0 512 0 0 0.0
538 2 4 512 4 4 0.4
538 3 3 512 3 3 0.3
539 4 0 512 0 0 0.0
539 3 1 512 1 1 0.1
540 5 0 512 0 0 0.0
540 3 2 512 2 2 0.2
541 3 2 512 2 2 0.2
541 4 0 512 0 0 0.0
542 3 0 512 0 0 0.0
543 5 0 512 0 0 0.0
543 3 1 512 1 1 0.1
544 3 2 512 2 2 0.2
544 5 0 512 0 0 0.0
545 6 0 512 0 0 0.0
545 5 1 512 1 1 0.1
545 4 2 512 2 2 0.2
546 4 1 512 1 1 0.1
546 6 0 512 0 0 0.0
546 2 2 512 2 2 0.2
547 4 0 512 0 0 0.0
547 2 5 512 5 5 0.5
548 4 0 512 0 0 0.0
548 3 1 512 1 1 0.1
549 4 0 512 0 0 0.0
549 1 2 512 2 2 0.2
550 4 0 512 0 0 0.0
550 2 3 512 3 3 0.3
551 3 0 512 0 0 0.0
552 5 0 512 0 0 0.0
552 4 1 512 1 1 0.1
553 5 0 512 0 0 0.0
553 4 1 512 1 1 0.1
553 3 2 512 2 2 0.2
554 6 0 512 0 0 0.0
554 4 1 512 1 1 0.1
554 2 3 512 3 3 0.3
555 4 0 512 0 0 0.0
556 2 1 512 1 1 0.1
556 6 0 512 0 0 0.0
557 5 0 512 0 0 0.0
557 3 2 512 2 2 0.2
558 6 0 512 0 0 0.0
558 2 2 512 2 2 0.2
558 3 1 512 1 1 0.1
559 3 0 512 0 0 0.0
560 3 3 512 3 3 0.3
560 4 0 512 0 0 0.0
561 4 0 512 0 0 0.0
562 6 0 512 0 0 0.0
562 1 5 512 5 5 0.5
562 4 1 512 1 1 0.1
563 3 0 512 0 0 0.0
564 3 0 512 0 0 0.0
565 1 4 512 4 4 0.4
565 3 0 512 0 0 0.0
566 2 3 512 3 3 0.3
566 3 0 512 0 0 0.0
567 3 0 512 0 0 0.0
567 2 2 512 2 2 0.2
568 3 0 512 0 0 0.0
569 3 1 512 1 1 0.1
569 5 0 512 0 0 0.0
570 1 2 512 2 2 0.2
570 5 0 512 0 0 0.0
570 2 1 512 1 1 0.1
571 6 0 512 0 0 0.0
571 5 1 512 1 1 0.1
571 3 2 512 2 2 0.2
572 3 0 512 0 0 0.0
573 2 4 512 4 4 0.4
573 1 6 512 6 6 0.6
573 3 3 512 3 3 0.3
573 4 0 512 0 0 0.0
574 4 2 512 2 2 0.2
574 5 0 512 0 0 0.0
575 3 0 512 0 0 0.0
576 4 0 512 0 0 0.0
577 5 0 512 0 0 0.0
577 3 1 512 1 1 0.1
578 4 0 512 0 0 0.0
578 3 2 512 2 2 0.2
579 1 6 512 6 6 0.6
579 3 1 512 1 1 0.1
579 5 0 512 0 0 0.0
580 3 1 512 1 1 0.1
580 5 0 512 0 0 0.0
581 4 0 512 0 0 0.0
581 2 3 512 3 3 0.3
581 1 6 512 6 6 0.6
582 3 0 512 0 0 0.0
583 4 0 512 0 0 0.0
583 2 3 512 3 3 0.3
584 4 0 512 0 0 0.0
585 5 0 512 0 0 0.0
585 3 2 512 2 2 0.2
585 4 1 512 1 1 0.1
586 5 0 512 0 0 0.0
586 4 1 512 1 1 0.1
587 4 0 512 0 0 0.0
587 3 3 512 3 3 0.3
588 3 1 512 1 1 0.1
588 4 0 512 0 0 0.0
589 1 5 512 5 5 0.5
589 5 0 512 0 0 0.0
589 4 2 512 2 2 0.2
589 2 4 512 4 4 0.4
590 2 3 512 3 3 0.3
590 4 1 512 1 1 0.1
590 6 0 512 0 0 0.0
591 4 1 512 1 1 0.1
591 2 2 512 2 2 0.2
591 5 0 512 0 0 0.0
592 2 0 512 0 0 0.0
593 5 1 512 1 1 0.1
593 6 0 512 0 0 0.0
593 3 3 512 3 3 0.3
593 4 2 512 2 2 0.2
594 3 0 512 0 0 0.0
595 3 0 512 0 0 0.0
596 4 1 512 1 1 0.1
596 5 0 512 0 0 0.0
596 2 3 512 3 3 0.3
597 6 0 512 0 0 0.0
597 2 4 512 4 4 0.4
597 3 1 512 1 1 0.1
598 5 0 512 0 0 0.0
599 3 0 512 0 0 0.0
599 2 3 512 3 3 0.3
600 4 0 512 0 0 0.0
600 3 1 512 1 1 0.1
600 2 6 512 6 6 0.6
601 2 0 512 0 0 0.0
602 4 0 512 0 0 0.0
602 3 2 512 2 2 0.2
603 5 0 512 0 0 0.0
603 4 2 512 2 2 0.2
603 1 6 512 6 6 0.6
604 3 0 512 0 0 0.0
605 6 0 512 0 0 0.0
605 1 3 512 3 3 0.3
605 2 1 512 1 1 0.1
606 4 0 512 0 0 0.0
606 3 2 512 2 2 0.2
606 2 5 512 5 5 0.5
607 4 0 512 0 0 0.0
607 3 1 512 1 1 0.1
608 5 0 512 0 0 0.0
608 2 2 512 2 2 0.2
608 4 1 512 1 1 0.1
609 3 0 512 0 0 0.0
610 4 0 512 0 0 0.0
610 3 1 512 1 1 0.1
611 3 2 512 2 2 0.2
611 1 5 512 5 5 0.5
611 4 0 512 0 0 0.0
612 3 0 512 0 0 0.0
613 3 0 512 0 0 0.0
614 3 1 512 1 1 0.1
614 5 0 512 0 0 0.0
615 5 0 512 0 0 0.0
615 3 1 512 1 1 0.1
616 2 0 512 0 0 0.0
616 1 5 512 5 5 0.5
617 3 0 512 0 0 0.0
618 5 0 512 0 0 0.0
618 3 2 512 2 2 0.2
618 4 1 512 1 1 0.1
619 3 0 512 0 0 0.0
620 3 0 512 0 0 0.0
621 4 0 512 0 0 0.0
622 5 0 512 0 0 0.0
622 3 3 512 3 3 0.3
622 4 2 512 2 2 0.2
623 4 0 512 0 0 0.0
624 5 0 512 0 0 0.0
624 4 1 512 1 1 0.1
625 4 0 512 0 0 0.0
625 3 4 512 4 4 0.4
626 3 3 512 3 3 0.3
626 5 0 512 0 0 0.0
626 4 1 512 1 1 0.1
627 4 0 512 0 0 0.0
627 2 4 512 4 4 0.4
627 3 2 512 2 2 0.2
628 3 0 512 0 0 0.0
629 2 5 512 5 5 0.5
629 4 0 512 0 0 0.0
629 3 2 512 2 2 0.2
630 0 10 512 10 10 1.0
630 3 0 512 0 0 0.0
631 4 0 512 0 0 0.0
631 3 1 512 1 1 0.1
631 2 4 512 4 4 0.4
632 3 0 512 0 0 0.0
633 2 1 512 1 1 0.1
633 3 0 512 0 0 0.0
634 3 1 512 1 1 0.1
634 7 0 512 0 0 0.0
635 5 0 512 0 0 0.0
635 3 1 512 1 1 0.1
635 2 3 512 3 3 0.3
636 4 0 512 0 0 0.0
637 5 0 512 0 0 0.0
637 4 1 512 1 1 0.1
638 5 0 512 0 0 0.0
638 4 1 512 1 1 0.1
638 2 3 512 3 3 0.3
639 5 0 512 0 0 0.0
639 1 2 512 2 2 0.2
640 4 0 512 0 0 0.0
640 2 2 512 2 2 0.2
641 4 0 512 0 0 0.0
642 2 3 512 3 3 0.3
642 5 0 512 0 0 0.0
642 4 1 512 1 1 0.1
643 1 7 512 7 7 0.7
643 3 0 512 0 0 0.0
644 4 0 512 0 0 0.0
645 2 0 512 0 0 0.0
646 5 0 512 0 0 0.0
646 3 1 512 1 1 0.1
647 3 0 512 0 0 0.0
648 2 1 512 1 1 0.1
648 5 0 512 0 0 0.0
648 1 4 512 4 4 0.4
649 4 1 512 1 1 0.1
649 5 0 512 0 0 0.0
649 2 4 512 4 4 0.4
650 5 0 512 0 0 0.0
650 3 1 512 1 1 0.1
650 2 3 512 3 3 0.3
651 5 0 512 0 0 0.0
651 4 1 512 1 1 0.1
651 2 4 512 4 4 0.4
652 5 0 512 0 0 0.0
652 4 1 512 1 1 0.1
653 4 0 512 0 0 0.0
653 2 2 512 2 2 0.2
654 3 3 512 3 3 0.3
654 4 0 512 0 0 0.0
655 4 0 512 0 0 0.0
655 3 2 512 2 2 0.2
656 4 0 512 0 0 0.0
656 3 2 512 2 2 0.2
657 4 0 512 0 0 0.0
657 2 1 512 1 1 0.1
658 3 1 512 1 1 0.1
658 5 0 512 0 0 0.0
659 1 3 512 3 3 0.3
659 4 0 512 0 0 0.0
660 4 0 512 0 0 0.0
661 3 1 512 1 1 0.1
661 4 0 512 0 0 0.0
662 3 0 512 0 0 0.0
663 5 0 512 0 0 0.0
663 4 1 512 1 1 0.1
663 2 3 512 3 3 0.3
664 6 0 512 0 0 0.0
664 4 1 512 1 1 0.1
665 5 0 512 0 0 0.0
665 4 1 512 1 1 0.1
665 3 4 512 4 4 0.4
666 6 0 512 0 0 0.0
666 3 1 512 1 1 0.1
666 2 5 512 5 5 0.5
667 7 0 512 0 0 0.0
667 3 2 512 2 2 0.2
667 4 1 512 1 1 0.1
668 2 0 512 0 0 0.0
669 5 0 512 0 0 0.0
669 3 3 512 3 3 0.3
670 3 1 512 1 1 0.1
670 2 4 512 4 4 0.4
670 5 0 512 0 0 0.0
671 4 0 512 0 0 0.0
671 3 3 512 3 3 0.3
672 4 0 512 0 0 0.0
672 2 4 512 4 4 0.4
672 1 5 512 5 5 0.5
673 7 0 512 0 0 0.0
673 3 1 512 1 1 0.1
674 4 0 512 0 0 0.0
675 3 0 512 0 0 0.0
676 4 0 512 0 0 0.0
676 2 2 512 2 2 0.2
676 1 6 512 6 6 0.6
677 4 0 512 0 0 0.0
677 2 3 512 3 3 0.3
678 5 0 512 0 0 0.0
678 3 3 512 3 3 0.3
679 4 0 512 0 0 0.0
680 5 0 512 0 0 0.0
680 3 1 512 1 1 0.1
681 4 0 512 0 0 0.0
681 2 3 512 3 3 0.3
682 3 0 512 0 0 0.0
683 4 0 512 0 0 0.0
684 5 0 512 0 0 0.0
684 3 1 512 1 1 0.1
684 1 5 512 5 5 0.5
685 4 0 512 0 0 0.0
685 3 2 512 2 2 0.2
686 5 0 512 0 0 0.0
686 2 4 512 4 4 0.4
686 3 2 512 2 2 0.2
687 4 0 512 0 0 0.0
687 2 1 512 1 1 0.1
688 5 0 512 0 0 0.0
688 4 1 512 1 1 0.1
688 3 2 512 2 2 0.2
689 2 5 512 5 5 0.5
689 3 2 512 2 2 0.2
689 4 0 512 0 0 0.0
690 4 0 512 0 0 0.0
690 2 3 512 3 3 0.3
691 2 3 512 3 3 0.3
691 4 0 512 0 0 0.0
691 0 10 512 10 10 1.0
692 4 0 512 0 0 0.0
692 3 3 512 3 3 0.3
693 5 0 512 0 0 0.0
693 2 1 512 1 1 0.1
694 5 0 512 0 0 0.0
694 2 2 512 2 2 0.2
694 4 1 512 1 1 0.1
695 4 0 512 0 0 0.0
695 1 3 512 3 3 0.3
696 2 3 512 3 3 0.3
696 4 0 512 0 0 0.0
697 4 0 512 0 0 0.0
698 6 0 512 0 0 0.0
698 4 1 512 1 1 0.1
699 3 1 512 1 1 0.1
699 4 0 512 0 0 0.0
700 3 1 512 1 1 0.1
700 0 10 512 10 10 1.0
700 4 0 512 0 0 0.0
701 2 1 512 1 1 0.1
701 5 0 512 0 0 0.0
702 3 1 512 1 1 0.1
702 4 0 512 0 0 0.0
703 2 0 512 0 0 0.0
704 4 0 512 0 0 0.0
705 4 0 512 0 0 0.0
705 3 1 512 1 1 0.1
706 3 0 512 0 0 0.0
707 2 7 512 7 7 0.7
707 4 1 512 1 1 0.1
707 3 3 512 3 3 0.3
707 5 0 512 0 0 0.0
708 5 0 512 0 0 0.0
708 3 1 512 1 1 0.1
709 4 0 512 0 0 0.0
709 3 1 512 1 1 0.1
709 2 5 512 5 5 0.5
710 5 0 512 0 0 0.0
710 4 2 512 2 2 0.2
711 4 0 512 0 0 0.0
711 2 4 512 4 4 0.4
711 3 2 512 2 2 0.2
712 2 7 512 7 7 0.7
712 4 0 512 0 0 0.0
713 5 0 512 0 0 0.0
713 3 1 512 1 1 0.1
714 3 1 512 1 1 0.1
714 4 0 512 0 0 0.0
715 4 0 512 0 0 0.0
716 4 0 512 0 0 0.0
716 1 3 512 3 3 0.3
716 2 1 512 1 1 0.1
717 3 2 512 2 2 0.2
717 4 0 512 0 0 0.0
718 2 4 512 4 4 0.4
718 4 0 512 0 0 0.0
719 4 0 512 0 0 0.0
719 3 4 512 4 4 0.4
720 5 0 512 0 0 0.0
720 3 1 512 1 1 0.1
721 2 2 512 2 2 0.2
721 3 0 512 0 0 0.0
722 3 0 512 0 0 0.0
723 4 0 512 0 0 0.0
724 3 0 512 0 0 0.0
725 5 0 512 0 0 0.0
726 3 0 512 0 0 0.0
727 4 0 512 0 0 0.0
727 3 4 512 4 4 0.4
728 3 0 512 0 0 0.0
729 1 5 512 5 5 0.5
729 4 0 512 0 0 0.0
730 6 0 512 0 0 0.0
730 2 2 512 2 2 0.2
730 5 1 512 1 1 0.1
731 4 0 512 0 0 0.0
731 2 1 512 1 1 0.1
731 0 10 512 10 10 1.0
732 2 0 512 0 0 0.0
733 7 0 512 0 0 0.0
733 3 1 512 1 1 0.1
734 6 0 512 0 0 0.0
734 3 3 512 3 3 0.3
734 4 1 512 1 1 0.1
735 2 1 512 1 1 0.1
735 5 0 512 0 0 0.0
736 5 0 512 0 0 0.0
736 4 2 512 2 2 0.2
736 2 3 512 3 3 0.3
737 3 0 512 0 0 0.0
738 5 0 512 0 0 0.0
738 2 2 512 2 2 0.2
739 4 0 512 0 0 0.0
739 3 1 512 1 1 0.1
740 4 0 512 0 0 0.0
740 3 1 512 1 1 0.1
741 2 3 512 3 3 0.3
741 4 0 512 0 0 0.0
741 3 1 512 1 1 0.1
742 1 7 512 7 7 0.7
742 4 0 512 0 0 0.0
743 6 0 512 0 0 0.0
743 4 1 512 1 1 0.1
743 2 3 512 3 3 0.3
743 1 7 512 7 7 0.7
744 4 1 512 1 1 0.1
744 5 0 512 0 0 0.0
744 2 2 512 2 2 0.2
745 4 0 512 0 0 0.0
746 1 6 512 6 6 0.6
746 2 3 512 3 3 0.3
746 3 0 512 0 0 0.0
747 4 0 512 0 0 0.0
747 2 2 512 2 2 0.2
748 2 0 512 0 0 0.0
749 5 0 512 0 0 0.0
749 3 1 512 1 1 0.1
750 3 0 512 0 0 0.0
751 5 0 512 0 0 0.0
751 3 1 512 1 1 0.1
752 3 0 512 0 0 0.0
753 3 2 512 2 2 0.2
753 5 0 512 0 0 0.0
753 4 1 512 1 1 0.1
754 3 0 512 0 0 0.0
754 2 4 512 4 4 0.4
755 4 0 512 0 0 0.0
755 2 5 512 5 5 0.5
756 5 0 512 0 0 0.0
756 3 1 512 1 1 0.1
756 1 6 512 6 6 0.6
757 6 0 512 0 0 0.0
757 5 1 512 1 1 0.1
758 3 1 512 1 1 0.1
758 5 0 512 0 0 0.0
759 5 0 512 0 0 0.0
759 2 1 512 1 1 0.1
760 4 0 512 0 0 0.0
760 3 1 512 1 1 0.1
761 5 1 512 1 1 0.1
761 6 0 512 0 0 0.0
762 5 0 512 0 0 0.0
762 3 4 512 4 4 0.4
762 2 7 512 7 7 0.7
763 3 4 512 4 4 0.4
763 4 0 512 0 0 0.0
764 4 0 512 0 0 0.0
764 2 2 512 2 2 0.2
765 4 0 512 0 0 0.0
765 1 9 512 9 9 0.9
766 5 0 512 0 0 0.0
766 4 3 512 3 3 0.3
767 3 1 512 1 1 0.1
767 5 0 512 0 0 0.0
768 4 0 512 0 0 0.0
768 2 1 512 1 1 0.1
769 5 0 512 0 0 0.0
770 4 0 512 0 0 0.0
771 5 0 512 0 0 0.0
772 2 3 512 3 3 0.3
772 3 1 512 1 1 0.1
772 4 0 512 0 0 0.0
773 3 2 512 2 2 0.2
773 5 0 512 0 0 0.0
774 2 2 512 2 2 0.2
774 5 0 512 0 0 0.0
775 3 1 512 1 1 0.1
775 4 0 512 0 0 0.0
776 3 0 512 0 0 0.0
777 4 2 512 2 2 0.2
777 3 3 512 3 3 0.3
777 5 0 512 0 0 0.0
778 6 0 512 0 0 0.0
778 4 1 512 1 1 0.1
779 3 1 512 1 1 0.1
779 4 0 512 0 0 0.0
780 3 1 512 1 1 0.1
780 4 0 512 0 0 0.0
781 6 0 512 0 0 0.0
781 4 1 512 1 1 0.1
782 3 0 512 0 0 0.0
782 2 5 512 5 5 0.5
783 2 3 512 3 3 0.3
783 5 1 512 1 1 0.1
783 6 0 512 0 0 0.0
784 3 0 512 0 0 0.0
785 4 0 512 0 0 0.0
785 3 1 512 1 1 0.1
786 4 0 512 0 0 0.0
787 3 1 512 1 1 0.1
787 4 0 512 0 0 0.0
788 5 0 512 0 0 0.0
788 3 2 512 2 2 0.2
788 4 1 512 1 1 0.1
789 4 0 512 0 0 0.0
790 4 1 512 1 1 0.1
790 2 2 512 2 2 0.2
790 5 0 512 0 0 0.0
791 4 0 512 0 0 0.0
791 3 3 512 3 3 0.3
792 3 1 512 1 1 0.1
792 4 0 512 0 0 0.0
793 4 0 512 0 0 0.0
794 4 0 512 0 0 0.0
795 2 0 512 0 0 0.0
796 3 5 512 5 5 0.5
796 5 0 512 0 0 0.0
797 4 1 512 1 1 0.1
797 5 0 512 0 0 0.0
798 4 2 512 2 2 0.2
798 6 0 512 0 0 0.0
798 3 3 512 3 3 0.3
799 1 3 512 3 3 0.3
799 4 0 512 0 0 0.0
800 4 0 512 0 0 0.0
801 4 0 512 0 0 0.0
801 2 1 512 1 1 0.1
802 2 7 512 7 7 0.7
802 6 0 512 0 0 0.0
802 4 1 512 1 1 0.1
803 2 2 512 2 2 0.2
803 5 0 512 0 0 0.0
803 3 1 512 1 1 0.1
804 4 0 512 0 0 0.0
804 3 1 512 1 1 0.1
805 4 1 512 1 1 0.1
805 7 0 512 0 0 0.0
805 1 5 512 5 5 0.5
806 4 0 512 0 0 0.0
807 4 0 512 0 0 0.0
808 4 0 512 0 0 0.0
809 4 0 512 0 0 0.0
809 2 1 512 1 1 0.1
810 3 2 512 2 2 0.2
810 1 4 512 4 4 0.4
810 4 0 512 0 0 0.0
811 5 0 512 0 0 0.0
811 2 1 512 1 1 0.1
812 4 0 512 0 0 0.0
812 3 5 512 5 5 0.5
813 3 1 512 1 1 0.1
813 5 0 512 0 0 0.0
814 4 0 512 0 0 0.0
815 3 1 512 1 1 0.1
815 4 0 512 0 0 0.0
815 1 4 512 4 4 0.4
816 4 0 512 0 0 0.0
817 4 0 512 0 0 0.0
818 2 2 512 2 2 0.2
818 3 1 512 1 1 0.1
818 4 0 512 0 0 0.0
819 1 3 512 3 3 0.3
819 5 0 512 0 0 0.0
820 1 4 512 4 4 0.4
820 4 0 512 0 0 0.0
820 3 1 512 1 1 0.1
821 3 0 512 0 0 0.0
822 4 1 512 1 1 0.1
822 5 0 512 0 0 0.0
823 4 0 512 0 0 0.0
823 3 3 512 3 3 0.3
824 2 2 512 2 2 0.2
824 5 0 512 0 0 0.0
825 4 1 512 1 1 0.1
825 5 0 512 0 0 0.0
826 5 0 512 0 0 0.0
826 2 3 512 3 3 0.3
826 3 2 512 2 2 0.2
826 4 1 512 1 1 0.1
827 7 0 512 0 0 0.0
827 5 1 512 1 1 0.1
827 3 2 512 2 2 0.2
828 4 0 512 0 0 0.0
829 5 0 512 0 0 0.0
829 4 1 512 1 1 0.1
829 3 3 512 3 3 0.3
830 3 0 512 0 0 0.0
831 3 0 512 0 0 0.0
831 2 1 512 1 1 0.1
832 6 0 512 0 0 0.0
832 3 1 512 1 1 0.1
833 3 1 512 1 1 0.1
833 5 0 512 0 0 0.0
834 4 1 512 1 1 0.1
834 5 0 512 0 0 0.0
834 3 3 512 3 3 0.3
835 5 0 512 0 0 0.0
835 2 1 512 1 1 0.1
836 2 1 512 1 1 0.1
836 3 0 512 0 0 0.0
836 1 4 512 4 4 0.4
837 3 0 512 0 0 0.0
838 3 0 512 0 0 0.0
839 3 1 512 1 1 0.1
839 4 0 512 0 0 0.0
840 3 4 512 4 4 0.4
840 5 0 512 0 0 0.0
841 3 0 512 0 0 0.0
842 3 0 512 0 0 0.0
843 4 0 512 0 0 0.0
843 3 3 512 3 3 0.3
844 4 2 512 2 2 0.2
844 5 0 512 0 0 0.0
844 3 3 512 3 3 0.3
845 2 5 512 5 5 0.5
845 7 0 512 0 0 0.0
845 3 1 512 1 1 0.1
846 2 3 512 3 3 0.3
846 4 0 512 0 0 0.0
847 3 0 512 0 0 0.0
848 5 0 512 0 0 0.0
848 4 1 512 1 1 0.1
849 3 4 512 4 4 0.4
849 5 0 512 0 0 0.0
849 4 1 512 1 1 0.1
850 4 0 512 0 0 0.0
850 3 3 512 3 3 0.3
851 2 0 512 0 0 0.0
852 3 3 512 3 3 0.3
852 4 0 512 0 0 0.0
853 3 0 512 0 0 0.0
853 2 1 512 1 1 0.1
854 3 2 512 2 2 0.2
854 4 0 512 0 0 0.0
854 2 4 512 4 4 0.4
855 2 1 512 1 1 0.1
855 5 0 512 0 0 0.0
856 4 0 512 0 0 0.0
856 3 1 512 1 1 0.1
857 2 2 512 2 2 0.2
857 3 0 512 0 0 0.0
858 3 0 512 0 0 0.0
858 2 3 512 3 3 0.3
859 4 0 512 0 0 0.0
859 3 2 512 2 2 0.2
860 5 0 512 0 0 0.0
860 3 2 512 2 2 0.2
861 5 0 512 0 0 0.0
861 3 1 512 1 1 0.1
861 2 3 512 3 3 0.3
862 2 3 512 3 3 0.3
862 5 0 512 0 0 0.0
862 4 2 512 2 2 0.2
863 3 1 512 1 1 0.1
863 2 2 512 2 2 0.2
863 5 0 512 0 0 0.0
864 3 1 512 1 1 0.1
864 6 0 512 0 0 0.0
865 3 0 512 0 0 0.0
866 3 5 512 5 5 0.5
866 4 0 512 0 0 0.0
867 3 0 512 0 0 0.0
867 1 3 512 3 3 0.3
868 2 4 512 4 4 0.4
868 6 0 512 0 0 0.0
868 5 1 512 1 1 0.1
869 2 1 512 1 1 0.1
869 4 0 512 0 0 0.0
870 1 3 512 3 3 0.3
870 4 0 512 0 0 0.0
871 3 1 512 1 1 0.1
871 4 0 512 0 0 0.0
872 4 0 512 0 0 0.0
872 1 3 512 3 3 0.3
872 3 2 512 2 2 0.2
873 4 0 512 0 0 0.0
873 3 3 512 3 3 0.3
874 4 0 512 0 0 0.0
874 2 5 512 5 5 0.5
875 3 2 512 2 2 0.2
875 4 0 512 0 0 0.0
876 5 1 512 1 1 0.1
876 1 5 512 5 5 0.5
876 8 0 512 0 0 0.0
876 2 2 512 2 2 0.2
877 4 1 512 1 1 0.1
877 2 2 512 2 2 0.2
877 5 0 512 0 0 0.0
878 4 1 512 1 1 0.1
878 3 2 512 2 2 0.2
878 2 5 512 5 5 0.5
879 3 1 512 1 1 0.1
879 5 0 512 0 0 0.0
880 3 1 512 1 1 0.1
880 5 0 512 0 0 0.0
881 3 1 512 1 1 0.1
881 5 0 512 0 0 0.0
882 3 0 512 0 0 0.0
883 4 0 512 0 0 0.0
883 3 1 512 1 1 0.1
884 2 4 512 4 4 0.4
884 4 0 512 0 0 0.0
885 3 3 512 3 3 0.3
885 5 0 512 0 0 0.0
886 5 0 512 0 0 0.0
886 4 2 512 2 2 0.2
886 3 3 512 3 3 0.3
887 3 0 512 0 0 0.0
888 3 0 512 0 0 0.0
888 2 4 512 4 4 0.4
889 2 6 512 6 6 0.6
889 6 0 512 0 0 0.0
889 3 1 512 1 1 0.1
890 4 0 512 0 0 0.0
890 3 1 512 1 1 0.1
891 4 0 512 0 0 0.0
892 4 1 512 1 1 0.1
892 5 0 512 0 0 0.0
892 3 4 512 4 4 0.4
893 6 0 512 0 0 0.0
893 2 1 512 1 1 0.1
894 4 0 512 0 0 0.0
894 3 4 512 4 4 0.4
895 1 5 512 5 5 0.5
895 3 2 512 2 2 0.2
895 5 0 512 0 0 0.0
896 4 1 512 1 1 0.1
896 5 0 512 0 0 0.0
897 5 0 512 0 0 0.0
897 4 1 512 1 1 0.1
898 4 1 512 1 1 0.1
898 5 0 512 0 0 0.0
898 3 2 512 2 2 0.2
899 4 0 512 0 0 0.0
899 2 3 512 3 3 0.3
899 3 1 512 1 1 0.1
900 5 0 512 0 0 0.0
900 3 1 512 1 1 0.1
900 0 10 512 10 10 1.0
901 4 1 512 1 1 0.1
901 2 4 512 4 4 0.4
901 6 0 512 0 0 0.0
902 3 0 512 0 0 0.0
903 4 0 512 0 0 0.0
903 3 1 512 1 1 0.1
903 2 4 512 4 4 0.4
904 6 0 512 0 0 0.0
904 4 1 512 1 1 0.1
904 2 2 512 2 2 0.2
905 3 4 512 4 4 0.4
905 4 0 512 0 0 0.0
906 4 0 512 0 0 0.0
906 3 1 512 1 1 0.1
906 1 4 512 4 4 0.4
907 4 0 512 0 0 0.0
907 2 1 512 1 1 0.1
908 3 1 512 1 1 0.1
908 2 2 512 2 2 0.2
908 5 0 512 0 0 0.0
909 3 0 512 0 0 0.0
909 2 2 512 2 2 0.2
910 4 0 512 0 0 0.0
910 3 1 512 1 1 0.1
911 1 7 512 7 7 0.7
911 4 1 512 1 1 0.1
911 5 0 512 0 0 0.0
912 3 1 512 1 1 0.1
912 1 4 512 4 4 0.4
912 4 0 512 0 0 0.0
913 3 1 512 1 1 0.1
913 4 0 512 0 0 0.0
913 2 3 512 3 3 0.3
914 2 1 512 1 1 0.1
914 3 0 512 0 0 0.0
915 2 2 512 2 2 0.2
915 4 0 512 0 0 0.0
916 2 2 512 2 2 0.2
916 5 0 512 0 0 0.0
916 4 1 512 1 1 0.1
917 0 10 512 10 10 1.0
917 3 0 512 0 0 0.0
917 2 3 512 3 3 0.3
918 3 1 512 1 1 0.1
918 7 0 512 0 0 0.0
919 5 0 512 0 0 0.0
919 3 2 512 2 2 0.2
920 3 0 512 0 0 0.0
921 5 0 512 0 0 0.0
921 3 1 512 1 1 0.1
922 3 3 512 3 3 0.3
922 4 0 512 0 0 0.0
923 4 1 512 1 1 0.1
923 3 2 512 2 2 0.2
923 5 0 512 0 0 0.0
923 2 3 512 3 3 0.3
924 2 2 512 2 2 0.2
924 3 1 512 1 1 0.1
924 4 0 512 0 0 0.0
925 3 1 512 1 1 0.1
925 4 0 512 0 0 0.0
926 6 0 512 0 0 0.0
926 4 1 512 1 1 0.1
926 3 2 512 2 2 0.2
926 2 3 512 3 3 0.3
927 1 5 512 5 5 0.5
927 4 1 512 1 1 0.1
927 6 0 512 0 0 0.0
928 2 4 512 4 4 0.4
928 3 0 512 0 0 0.0
929 4 0 512 0 0 0.0
929 2 4 512 4 4 0.4
929 3 3 512 3 3 0.3
930 5 0 512 0 0 0.0
930 2 1 512 1 1 0.1
931 4 0 512 0 0 0.0
932 4 0 512 0 0 0.0
933 2 5 512 5 5 0.5
933 4 0 512 0 0 0.0
934 3 2 512 2 2 0.2
934 4 0 512 0 0 0.0
935 4 0 512 0 0 0.0
936 3 3 512 3 3 0.3
936 5 0 512 0 0 0.0
936 1 7 512 7 7 0.7
937 4 0 512 0 0 0.0
938 4 0 512 0 0 0.0
938 3 1 512 1 1 0.1
939 5 0 512 0 0 0.0
939 4 3 512 3 3 0.3
940 3 1 512 1 1 0.1
940 4 0 512 0 0 0.0
941 2 3 512 3 3 0.3
941 4 0 512 0 0 0.0
941 3 1 512 1 1 0.1
942 4 0 512 0 0 0.0
942 2 2 512 2 2 0.2
943 3 3 512 3 3 0.3
943 6 0 512 0 0 0.0
943 4 1 512 1 1 0.1
944 2 1 512 1 1 0.1
944 5 0 512 0 0 0.0
945 4 1 512 1 1 0.1
945 2 5 512 5 5 0.5
945 5 0 512 0 0 0.0
945 3 2 512 2 2 0.2
946 5 0 512 0 0 0.0
946 4 2 512 2 2 0.2
947 1 5 512 5 5 0.5
947 5 0 512 0 0 0.0
947 4 1 512 1 1 0.1
947 3 3 512 3 3 0.3
948 3 0 512 0 0 0.0
949 3 1 512 1 1 0.1
949 4 0 512 0 0 0.0
950 4 0 512 0 0 0.0
951 4 0 512 0 0 0.0
951 2 1 512 1 1 0.1
952 4 0 512 0 0 0.0
953 4 0 512 0 0 0.0
954 4 0 512 0 0 0.0
955 5 0 512 0 0 0.0
955 1 2 512 2 2 0.2
956 5 0 512 0 0 0.0
956 4 1 512 1 1 0.1
956 3 3 512 3 3 0.3
957 4 0 512 0 0 0.0
958 2 1 512 1 1 0.1
958 6 0 512 0 0 0.0
959 3 1 512 1 1 0.1
959 1 3 512 3 3 0.3
959 6 0 512 0 0 0.0
960 3 0 512 0 0 0.0
961 4 0 512 0 0 0.0
961 2 2 512 2 2 0.2
962 3 0 512 0 0 0.0
963 3 3 512 3 3 0.3
963 4 0 512 0 0 0.0
964 3 1 512 1 1 0.1
964 2 4 512 4 4 0.4
964 4 0 512 0 0 0.0
965 3 1 512 1 1 0.1
965 4 0 512 0 0 0.0
966 6 0 512 0 0 0.0
966 2 4 512 4 4 0.4
966 4 1 512 1 1 0.1
967 5 0 512 0 0 0.0
967 1 4 512 4 4 0.4
967 3 2 512 2 2 0.2
968 3 1 512 1 1 0.1
968 4 0 512 0 0 0.0
969 4 1 512 1 1 0.1
969 5 0 512 0 0 0.0
969 3 2 512 2 2 0.2
970 3 1 512 1 1 0.1
970 5 0 512 0 0 0.0
971 3 2 512 2 2 0.2
971 4 0 512 0 0 0.0
972 3 3 512 3 3 0.3
972 4 0 512 0 0 0.0
972 2 4 512 4 4 0.4
973 4 0 512 0 0 0.0
973 3 1 512 1 1 0.1
974 5 0 512 0 0 0.0
974 4 1 512 1 1 0.1
974 3 2 512 2 2 0.2
975 3 0 512 0 0 0.0
976 5 0 512 0 0 0.0
976 4 1 512 1 1 0.1
977 3 1 512 1 1 0.1
977 5 0 512 0 0 0.0
978 3 0 512 0 0 0.0
979 5 0 512 0 0 0.0
979 3 1 512 1 1 0.1
980 1 5 512 5 5 0.5
980 4 1 512 1 1 0.1
980 5 0 512 0 0 0.0
980 2 4 512 4 4 0.4
981 3 0 512 0 0 0.0
981 2 1 512 1 1 0.1
982 2 0 512 0 0 0.0
983 5 0 512 0 0 0.0
983 2 3 512 3 3 0.3
984 0 10 512 10 10 1.0
984 4 1 512 1 1 0.1
984 5 0 512 0 0 0.0
984 3 2 512 2 2 0.2
985 4 0 512 0 0 0.0
985 3 1 512 1 1 0.1
986 2 2 512 2 2 0.2
986 3 0 512 0 0 0.0
987 2 1 512 1 1 0.1
988 5 0 512 0 0 0.0
988 2 1 512 1 1 0.1
989 5 0 512 0 0 0.0
989 4 2 512 2 2 0.2
990 3 3 512 3 3 0.3
990 4 0 512 0 0 0.0
991 5 0 512 0 0 0.0
991 3 4 512 4 4 0.4
991 4 3 512 3 3 0.3
992 3 0 512 0 0 0.0
993 5 0 512 0 0 0.0
993 2 2 512 2 2 0.2
994 3 3 512 3 3 0.3
994 5 0 512 0 0 0.0
994 4 1 512 1 1 0.1
995 4 0 512 0 0 0.0
995 2 6 512 6 6 0.6
996 6 0 512 0 0 0.0
996 2 5 512 5 5 0.5
996 4 1 512 1 1 0.1
997 2 1 512 1 1 0.1
997 5 0 512 0 0 0.0
998 3 1 512 1 1 0.1
998 5 0 512 0 0 0.0
999 3 0 512 0 0 0.0
1000 4 0 512 0 0 0.0
