gen testSuiteSize notKilledMutants number_of_tests no_discount_objective no_equiv_mut_not_killed no_equiv_mut_not_killed_perc
1 3 10 10 10 9 1.0
1 6 9 16 9 8 0.8888888888888888
2 3 10 46 10 9 1.0
3 3 10 48 10 9 1.0
4 3 10 52 10 9 1.0
5 3 10 57 10 9 1.0
6 3 10 60 10 9 1.0
7 3 10 62 10 9 1.0
8 3 10 63 10 9 1.0
9 3 10 65 10 9 1.0
10 3 10 70 10 9 1.0
11 3 10 74 10 9 1.0
12 3 10 78 10 9 1.0
13 3 9 81 9 8 0.8888888888888888
14 3 9 83 9 8 0.8888888888888888
15 3 9 87 9 8 0.8888888888888888
16 3 9 93 9 8 0.8888888888888888
17 3 9 97 9 8 0.8888888888888888
18 3 9 100 9 8 0.8888888888888888
19 3 9 104 9 8 0.8888888888888888
20 3 9 107 9 8 0.8888888888888888
21 3 9 109 9 8 0.8888888888888888
22 3 9 111 9 8 0.8888888888888888
23 3 9 112 9 8 0.8888888888888888
24 3 9 113 9 8 0.8888888888888888
25 3 9 117 9 8 0.8888888888888888
26 3 9 120 9 8 0.8888888888888888
27 3 9 122 9 8 0.8888888888888888
28 3 9 125 9 8 0.8888888888888888
29 2 9 130 9 8 0.8888888888888888
30 2 9 130 9 8 0.8888888888888888
31 2 9 133 9 8 0.8888888888888888
32 2 9 137 9 8 0.8888888888888888
33 2 9 140 9 8 0.8888888888888888
34 2 9 142 9 8 0.8888888888888888
35 2 9 144 9 8 0.8888888888888888
36 2 9 148 9 8 0.8888888888888888
37 2 9 149 9 8 0.8888888888888888
38 2 9 149 9 8 0.8888888888888888
38 3 6 152 6 5 0.5555555555555556
39 2 9 152 9 8 0.8888888888888888
40 2 9 152 9 8 0.8888888888888888
41 2 9 153 9 8 0.8888888888888888
41 3 6 156 6 5 0.5555555555555556
42 2 9 157 9 8 0.8888888888888888
43 2 9 159 9 8 0.8888888888888888
44 2 9 163 9 8 0.8888888888888888
45 2 9 163 9 8 0.8888888888888888
46 2 9 163 9 8 0.8888888888888888
47 2 9 166 9 8 0.8888888888888888
48 2 9 168 9 8 0.8888888888888888
49 2 9 171 9 8 0.8888888888888888
50 2 9 173 9 8 0.8888888888888888
51 2 9 174 9 8 0.8888888888888888
52 2 9 177 9 8 0.8888888888888888
53 2 9 177 9 8 0.8888888888888888
54 2 9 180 9 8 0.8888888888888888
55 2 9 181 9 8 0.8888888888888888
56 2 9 182 9 8 0.8888888888888888
57 2 9 183 9 8 0.8888888888888888
58 2 9 184 9 8 0.8888888888888888
59 2 9 186 9 8 0.8888888888888888
60 2 9 191 9 8 0.8888888888888888
61 2 9 193 9 8 0.8888888888888888
62 2 9 193 9 8 0.8888888888888888
63 2 9 194 9 8 0.8888888888888888
64 2 9 197 9 8 0.8888888888888888
65 2 9 199 9 8 0.8888888888888888
66 2 9 201 9 8 0.8888888888888888
67 2 9 204 9 8 0.8888888888888888
68 2 9 205 9 8 0.8888888888888888
69 2 9 208 9 8 0.8888888888888888
70 2 9 208 9 8 0.8888888888888888
71 2 9 211 9 8 0.8888888888888888
72 2 9 214 9 8 0.8888888888888888
73 2 9 215 9 8 0.8888888888888888
74 2 9 219 9 8 0.8888888888888888
75 2 9 221 9 8 0.8888888888888888
76 2 9 224 9 8 0.8888888888888888
77 2 9 226 9 8 0.8888888888888888
78 2 9 230 9 8 0.8888888888888888
79 2 9 231 9 8 0.8888888888888888
80 2 9 234 9 8 0.8888888888888888
81 2 9 235 9 8 0.8888888888888888
82 2 9 237 9 8 0.8888888888888888
83 2 9 238 9 8 0.8888888888888888
84 2 9 239 9 8 0.8888888888888888
85 2 9 241 9 8 0.8888888888888888
86 2 9 243 9 8 0.8888888888888888
87 2 9 244 9 8 0.8888888888888888
88 2 9 247 9 8 0.8888888888888888
89 2 9 250 9 8 0.8888888888888888
90 2 9 251 9 8 0.8888888888888888
91 2 9 254 9 8 0.8888888888888888
92 2 9 256 9 8 0.8888888888888888
93 2 9 259 9 8 0.8888888888888888
94 2 9 261 9 8 0.8888888888888888
95 2 9 262 9 8 0.8888888888888888
96 2 9 262 9 8 0.8888888888888888
97 2 9 264 9 8 0.8888888888888888
97 3 8 267 8 7 0.7777777777777778
98 2 9 267 9 8 0.8888888888888888
99 2 9 270 9 8 0.8888888888888888
100 2 9 271 9 8 0.8888888888888888
101 2 9 272 9 8 0.8888888888888888
102 2 9 272 9 8 0.8888888888888888
103 2 9 273 9 8 0.8888888888888888
104 2 9 276 9 8 0.8888888888888888
105 2 9 277 9 8 0.8888888888888888
106 2 9 279 9 8 0.8888888888888888
107 2 9 280 9 8 0.8888888888888888
108 2 9 282 9 8 0.8888888888888888
109 2 9 283 9 8 0.8888888888888888
110 2 9 285 9 8 0.8888888888888888
111 2 9 288 9 8 0.8888888888888888
112 2 9 291 9 8 0.8888888888888888
113 2 9 294 9 8 0.8888888888888888
114 2 9 296 9 8 0.8888888888888888
115 2 9 300 9 8 0.8888888888888888
116 2 9 305 9 8 0.8888888888888888
117 2 9 307 9 8 0.8888888888888888
118 2 9 309 9 8 0.8888888888888888
119 2 9 314 9 8 0.8888888888888888
120 2 9 315 9 8 0.8888888888888888
121 2 9 317 9 8 0.8888888888888888
122 2 9 319 9 8 0.8888888888888888
123 2 9 320 9 8 0.8888888888888888
124 2 9 320 9 8 0.8888888888888888
125 2 9 323 9 8 0.8888888888888888
126 2 9 327 9 8 0.8888888888888888
127 2 9 328 9 8 0.8888888888888888
128 2 9 328 9 8 0.8888888888888888
129 2 9 329 9 8 0.8888888888888888
130 2 9 329 9 8 0.8888888888888888
131 2 9 329 9 8 0.8888888888888888
132 2 9 331 9 8 0.8888888888888888
133 2 9 332 9 8 0.8888888888888888
134 2 9 334 9 8 0.8888888888888888
135 2 9 335 9 8 0.8888888888888888
136 2 9 338 9 8 0.8888888888888888
137 2 9 340 9 8 0.8888888888888888
138 2 9 341 9 8 0.8888888888888888
139 2 9 342 9 8 0.8888888888888888
140 3 5 345 5 4 0.4444444444444444
140 2 8 347 8 7 0.7777777777777778
141 3 5 347 5 4 0.4444444444444444
141 2 9 347 9 8 0.8888888888888888
142 3 5 348 5 4 0.4444444444444444
143 3 5 349 5 4 0.4444444444444444
144 3 5 352 5 4 0.4444444444444444
145 3 5 353 5 4 0.4444444444444444
146 3 5 354 5 4 0.4444444444444444
147 3 5 356 5 4 0.4444444444444444
148 3 5 358 5 4 0.4444444444444444
149 3 5 358 5 4 0.4444444444444444
150 3 5 359 5 4 0.4444444444444444
150 2 9 359 9 8 0.8888888888888888
151 3 5 360 5 4 0.4444444444444444
152 3 5 361 5 4 0.4444444444444444
153 3 5 367 5 4 0.4444444444444444
154 3 5 370 5 4 0.4444444444444444
154 2 10 371 10 9 1.0
155 3 5 373 5 4 0.4444444444444444
156 3 5 375 5 4 0.4444444444444444
157 3 5 377 5 4 0.4444444444444444
157 2 9 378 9 8 0.8888888888888888
158 3 5 379 5 4 0.4444444444444444
158 2 10 381 10 9 1.0
159 3 5 381 5 4 0.4444444444444444
159 2 9 381 9 8 0.8888888888888888
160 3 5 381 5 4 0.4444444444444444
161 3 5 382 5 4 0.4444444444444444
162 3 5 385 5 4 0.4444444444444444
163 3 5 387 5 4 0.4444444444444444
164 3 5 389 5 4 0.4444444444444444
164 2 10 389 10 9 1.0
165 3 5 392 5 4 0.4444444444444444
166 3 5 392 5 4 0.4444444444444444
167 3 5 392 5 4 0.4444444444444444
168 3 5 393 5 4 0.4444444444444444
169 3 5 393 5 4 0.4444444444444444
169 2 9 394 9 8 0.8888888888888888
170 3 5 397 5 4 0.4444444444444444
171 3 1 400 1 0 0.0
172 2 8 401 8 7 0.7777777777777778
173 2 8 401 8 7 0.7777777777777778
174 2 8 401 8 7 0.7777777777777778
175 2 8 401 8 7 0.7777777777777778
176 2 8 404 8 7 0.7777777777777778
177 2 8 404 8 7 0.7777777777777778
178 2 8 405 8 7 0.7777777777777778
179 2 8 406 8 7 0.7777777777777778
180 2 8 406 8 7 0.7777777777777778
181 2 8 408 8 7 0.7777777777777778
182 2 8 408 8 7 0.7777777777777778
183 2 8 413 8 7 0.7777777777777778
184 2 8 416 8 7 0.7777777777777778
185 2 8 417 8 7 0.7777777777777778
186 2 8 417 8 7 0.7777777777777778
187 2 8 418 8 7 0.7777777777777778
188 2 8 421 8 7 0.7777777777777778
189 2 8 421 8 7 0.7777777777777778
190 2 8 422 8 7 0.7777777777777778
190 3 1 423 1 0 0.0
191 2 8 425 8 7 0.7777777777777778
192 2 8 426 8 7 0.7777777777777778
193 2 8 430 8 7 0.7777777777777778
194 2 8 431 8 7 0.7777777777777778
195 2 8 433 8 7 0.7777777777777778
196 2 8 433 8 7 0.7777777777777778
197 2 8 433 8 7 0.7777777777777778
198 2 8 434 8 7 0.7777777777777778
199 2 8 435 8 7 0.7777777777777778
200 2 8 438 8 7 0.7777777777777778
201 2 8 440 8 7 0.7777777777777778
202 2 8 442 8 7 0.7777777777777778
203 2 8 445 8 7 0.7777777777777778
204 2 8 445 8 7 0.7777777777777778
205 2 8 445 8 7 0.7777777777777778
206 2 8 446 8 7 0.7777777777777778
207 2 8 447 8 7 0.7777777777777778
208 2 8 448 8 7 0.7777777777777778
209 2 8 448 8 7 0.7777777777777778
210 2 8 448 8 7 0.7777777777777778
211 2 8 450 8 7 0.7777777777777778
212 2 6 453 6 5 0.5555555555555556
213 3 1 453 1 0 0.0
214 3 1 459 1 0 0.0
215 3 1 460 1 0 0.0
215 2 10 460 10 9 1.0
216 3 1 461 1 0 0.0
216 2 9 461 9 8 0.8888888888888888
217 3 1 461 1 0 0.0
218 3 1 462 1 0 0.0
218 2 9 462 9 8 0.8888888888888888
219 3 1 462 1 0 0.0
220 3 1 463 1 0 0.0
221 3 1 463 1 0 0.0
222 3 1 464 1 0 0.0
223 3 1 466 1 0 0.0
224 3 1 466 1 0 0.0
225 3 1 466 1 0 0.0
225 2 9 466 9 8 0.8888888888888888
226 3 1 466 1 0 0.0
227 3 1 468 1 0 0.0
228 3 1 469 1 0 0.0
229 3 1 471 1 0 0.0
230 3 1 472 1 0 0.0
231 3 1 475 1 0 0.0
232 2 9 475 9 8 0.8888888888888888
232 3 1 476 1 0 0.0
233 3 1 476 1 0 0.0
234 3 1 477 1 0 0.0
234 2 9 477 9 8 0.8888888888888888
235 3 1 478 1 0 0.0
236 3 1 479 1 0 0.0
236 2 9 479 9 8 0.8888888888888888
237 3 1 479 1 0 0.0
238 3 1 481 1 0 0.0
239 3 1 481 1 0 0.0
240 3 1 482 1 0 0.0
241 3 1 482 1 0 0.0
241 2 9 482 9 8 0.8888888888888888
242 3 1 482 1 0 0.0
243 3 1 484 1 0 0.0
244 3 1 485 1 0 0.0
245 3 1 487 1 0 0.0
246 3 1 488 1 0 0.0
247 3 1 488 1 0 0.0
248 3 1 492 1 0 0.0
249 3 1 493 1 0 0.0
249 2 9 493 9 8 0.8888888888888888
250 3 1 493 1 0 0.0
251 3 1 493 1 0 0.0
252 2 9 496 9 8 0.8888888888888888
252 3 1 496 1 0 0.0
253 3 1 498 1 0 0.0
253 2 9 499 9 8 0.8888888888888888
254 3 1 500 1 0 0.0
255 3 1 502 1 0 0.0
256 3 1 502 1 0 0.0
257 3 1 502 1 0 0.0
258 3 1 502 1 0 0.0
258 2 9 502 9 8 0.8888888888888888
259 2 9 503 9 8 0.8888888888888888
259 3 1 503 1 0 0.0
260 3 1 503 1 0 0.0
261 3 1 504 1 0 0.0
262 3 1 504 1 0 0.0
263 3 1 504 1 0 0.0
263 2 9 505 9 8 0.8888888888888888
264 3 1 505 1 0 0.0
264 2 9 505 9 8 0.8888888888888888
265 3 1 506 1 0 0.0
265 2 9 507 9 8 0.8888888888888888
266 3 1 507 1 0 0.0
267 3 1 507 1 0 0.0
267 2 9 508 9 8 0.8888888888888888
268 3 1 509 1 0 0.0
269 3 1 509 1 0 0.0
270 2 9 510 9 8 0.8888888888888888
270 3 1 510 1 0 0.0
271 3 1 511 1 0 0.0
272 3 1 512 1 0 0.0
273 3 1 514 1 0 0.0
274 3 1 516 1 0 0.0
275 3 1 517 1 0 0.0
275 2 9 518 9 8 0.8888888888888888
276 3 1 518 1 0 0.0
276 2 9 519 9 8 0.8888888888888888
277 3 1 521 1 0 0.0
277 2 9 522 9 8 0.8888888888888888
278 3 1 522 1 0 0.0
279 3 1 525 1 0 0.0
280 3 1 525 1 0 0.0
281 3 1 525 1 0 0.0
281 2 10 526 10 9 1.0
282 3 1 526 1 0 0.0
283 3 1 527 1 0 0.0
284 3 1 527 1 0 0.0
285 3 1 528 1 0 0.0
285 2 9 528 9 8 0.8888888888888888
286 2 9 529 9 8 0.8888888888888888
286 3 1 529 1 0 0.0
287 3 1 529 1 0 0.0
287 2 9 530 9 8 0.8888888888888888
288 3 1 531 1 0 0.0
288 2 9 532 9 8 0.8888888888888888
289 3 1 532 1 0 0.0
290 3 1 532 1 0 0.0
291 3 1 533 1 0 0.0
292 3 1 533 1 0 0.0
293 3 1 533 1 0 0.0
294 3 1 534 1 0 0.0
295 3 1 535 1 0 0.0
296 3 1 536 1 0 0.0
297 3 1 536 1 0 0.0
297 2 9 536 9 8 0.8888888888888888
298 3 1 537 1 0 0.0
298 2 9 537 9 8 0.8888888888888888
299 2 9 537 9 8 0.8888888888888888
299 3 1 537 1 0 0.0
300 2 9 537 9 8 0.8888888888888888
300 3 1 537 1 0 0.0
301 3 1 538 1 0 0.0
302 3 1 540 1 0 0.0
303 3 1 541 1 0 0.0
304 3 1 544 1 0 0.0
305 3 1 544 1 0 0.0
306 3 1 547 1 0 0.0
307 3 1 547 1 0 0.0
308 3 1 547 1 0 0.0
308 2 9 547 9 8 0.8888888888888888
309 3 1 549 1 0 0.0
310 2 9 551 9 8 0.8888888888888888
310 3 1 551 1 0 0.0
311 3 1 552 1 0 0.0
312 3 1 554 1 0 0.0
313 3 1 556 1 0 0.0
313 2 9 556 9 8 0.8888888888888888
314 3 1 556 1 0 0.0
315 3 1 557 1 0 0.0
316 3 1 558 1 0 0.0
316 2 9 560 9 8 0.8888888888888888
317 3 1 560 1 0 0.0
318 3 1 560 1 0 0.0
318 2 9 560 9 8 0.8888888888888888
319 3 1 561 1 0 0.0
320 3 1 561 1 0 0.0
321 2 9 564 9 8 0.8888888888888888
321 3 1 564 1 0 0.0
322 3 1 564 1 0 0.0
323 2 9 564 9 8 0.8888888888888888
323 3 1 564 1 0 0.0
324 3 1 565 1 0 0.0
325 3 1 565 1 0 0.0
326 3 1 566 1 0 0.0
326 2 9 567 9 8 0.8888888888888888
327 3 1 569 1 0 0.0
327 2 9 570 9 8 0.8888888888888888
328 3 1 570 1 0 0.0
329 3 1 570 1 0 0.0
330 3 1 570 1 0 0.0
330 2 9 570 9 8 0.8888888888888888
331 3 1 570 1 0 0.0
331 2 9 570 9 8 0.8888888888888888
332 3 1 572 1 0 0.0
332 2 9 572 9 8 0.8888888888888888
333 3 1 572 1 0 0.0
333 2 9 573 9 8 0.8888888888888888
334 3 1 574 1 0 0.0
335 3 1 577 1 0 0.0
336 3 1 579 1 0 0.0
337 3 1 579 1 0 0.0
338 3 1 581 1 0 0.0
339 3 1 581 1 0 0.0
339 2 9 581 9 8 0.8888888888888888
340 3 1 581 1 0 0.0
340 2 9 581 9 8 0.8888888888888888
341 3 1 582 1 0 0.0
342 3 1 585 1 0 0.0
343 3 1 585 1 0 0.0
344 3 1 587 1 0 0.0
345 3 1 587 1 0 0.0
346 3 1 588 1 0 0.0
346 2 9 588 9 8 0.8888888888888888
347 3 1 589 1 0 0.0
348 3 1 590 1 0 0.0
349 3 1 590 1 0 0.0
350 3 1 591 1 0 0.0
351 3 1 591 1 0 0.0
351 2 9 591 9 8 0.8888888888888888
352 3 1 591 1 0 0.0
353 3 1 592 1 0 0.0
354 3 1 593 1 0 0.0
354 2 9 593 9 8 0.8888888888888888
355 3 1 595 1 0 0.0
356 3 1 595 1 0 0.0
357 3 1 595 1 0 0.0
357 2 9 596 9 8 0.8888888888888888
358 3 1 597 1 0 0.0
359 3 1 598 1 0 0.0
360 3 1 599 1 0 0.0
361 3 1 600 1 0 0.0
361 2 9 600 9 8 0.8888888888888888
362 3 1 600 1 0 0.0
362 2 9 604 9 8 0.8888888888888888
363 3 1 604 1 0 0.0
363 2 9 604 9 8 0.8888888888888888
364 3 1 605 1 0 0.0
364 2 9 605 9 8 0.8888888888888888
365 3 1 605 1 0 0.0
366 3 1 605 1 0 0.0
366 2 9 605 9 8 0.8888888888888888
367 3 1 606 1 0 0.0
368 3 1 608 1 0 0.0
369 3 1 609 1 0 0.0
370 3 1 610 1 0 0.0
370 2 9 610 9 8 0.8888888888888888
371 3 1 611 1 0 0.0
372 3 1 612 1 0 0.0
372 2 9 613 9 8 0.8888888888888888
373 3 1 613 1 0 0.0
374 3 1 614 1 0 0.0
375 3 1 616 1 0 0.0
376 3 1 616 1 0 0.0
376 2 9 617 9 8 0.8888888888888888
377 3 1 617 1 0 0.0
378 3 1 617 1 0 0.0
378 2 9 618 9 8 0.8888888888888888
379 3 1 619 1 0 0.0
380 3 1 619 1 0 0.0
381 3 1 620 1 0 0.0
381 2 9 620 9 8 0.8888888888888888
382 3 1 620 1 0 0.0
383 3 1 621 1 0 0.0
383 2 9 622 9 8 0.8888888888888888
384 3 1 622 1 0 0.0
384 2 9 622 9 8 0.8888888888888888
385 3 1 624 1 0 0.0
386 3 1 625 1 0 0.0
386 2 9 625 9 8 0.8888888888888888
387 3 1 625 1 0 0.0
388 3 1 625 1 0 0.0
389 2 9 625 9 8 0.8888888888888888
389 3 1 625 1 0 0.0
390 3 1 626 1 0 0.0
391 3 1 628 1 0 0.0
391 2 9 628 9 8 0.8888888888888888
392 3 1 628 1 0 0.0
392 2 10 629 10 9 1.0
393 3 1 629 1 0 0.0
393 2 10 630 10 9 1.0
394 3 1 630 1 0 0.0
395 3 1 630 1 0 0.0
395 2 9 632 9 8 0.8888888888888888
396 3 1 632 1 0 0.0
396 2 9 632 9 8 0.8888888888888888
397 3 1 633 1 0 0.0
397 2 9 633 9 8 0.8888888888888888
398 3 1 633 1 0 0.0
398 2 9 634 9 8 0.8888888888888888
399 3 1 634 1 0 0.0
400 3 1 635 1 0 0.0
401 3 1 637 1 0 0.0
402 3 1 639 1 0 0.0
403 3 1 639 1 0 0.0
404 3 1 639 1 0 0.0
405 3 1 639 1 0 0.0
406 3 1 640 1 0 0.0
407 3 1 640 1 0 0.0
408 3 1 640 1 0 0.0
409 3 1 640 1 0 0.0
410 3 1 640 1 0 0.0
410 2 9 640 9 8 0.8888888888888888
411 3 1 640 1 0 0.0
411 2 9 640 9 8 0.8888888888888888
412 3 1 641 1 0 0.0
413 3 1 642 1 0 0.0
414 3 1 642 1 0 0.0
415 3 1 643 1 0 0.0
415 2 9 643 9 8 0.8888888888888888
416 3 1 643 1 0 0.0
417 3 1 645 1 0 0.0
417 2 9 646 9 8 0.8888888888888888
418 3 1 647 1 0 0.0
419 3 1 648 1 0 0.0
419 2 9 649 9 8 0.8888888888888888
420 3 1 649 1 0 0.0
420 2 9 649 9 8 0.8888888888888888
421 3 1 650 1 0 0.0
421 2 9 650 9 8 0.8888888888888888
422 3 1 650 1 0 0.0
423 3 1 650 1 0 0.0
423 2 9 650 9 8 0.8888888888888888
424 3 1 651 1 0 0.0
424 2 9 651 9 8 0.8888888888888888
425 3 1 651 1 0 0.0
426 3 1 652 1 0 0.0
427 2 9 653 9 8 0.8888888888888888
427 3 1 653 1 0 0.0
428 3 1 654 1 0 0.0
429 3 1 654 1 0 0.0
430 3 1 658 1 0 0.0
431 3 1 658 1 0 0.0
432 3 1 658 1 0 0.0
433 2 9 659 9 8 0.8888888888888888
433 3 1 659 1 0 0.0
434 3 1 659 1 0 0.0
435 3 1 660 1 0 0.0
436 3 1 661 1 0 0.0
437 3 1 661 1 0 0.0
438 3 1 662 1 0 0.0
438 2 9 662 9 8 0.8888888888888888
439 3 1 662 1 0 0.0
440 3 1 662 1 0 0.0
441 3 1 665 1 0 0.0
442 3 1 666 1 0 0.0
443 3 1 667 1 0 0.0
444 3 1 668 1 0 0.0
444 2 9 668 9 8 0.8888888888888888
445 3 1 669 1 0 0.0
446 3 1 670 1 0 0.0
447 3 1 671 1 0 0.0
448 3 1 672 1 0 0.0
449 3 1 672 1 0 0.0
449 2 9 673 9 8 0.8888888888888888
450 3 1 675 1 0 0.0
451 3 1 676 1 0 0.0
452 3 1 678 1 0 0.0
453 3 1 678 1 0 0.0
454 3 1 679 1 0 0.0
455 3 1 680 1 0 0.0
456 3 1 681 1 0 0.0
457 3 1 681 1 0 0.0
458 3 1 681 1 0 0.0
459 3 1 682 1 0 0.0
460 3 1 683 1 0 0.0
460 2 9 684 9 8 0.8888888888888888
461 3 1 686 1 0 0.0
461 2 9 686 9 8 0.8888888888888888
462 3 1 686 1 0 0.0
463 3 1 688 1 0 0.0
464 3 1 688 1 0 0.0
464 2 9 688 9 8 0.8888888888888888
465 2 9 688 9 8 0.8888888888888888
465 3 1 688 1 0 0.0
466 3 1 689 1 0 0.0
467 2 9 691 9 8 0.8888888888888888
467 3 1 691 1 0 0.0
468 3 1 691 1 0 0.0
469 3 1 691 1 0 0.0
470 3 1 691 1 0 0.0
471 3 1 691 1 0 0.0
472 3 1 692 1 0 0.0
472 2 9 692 9 8 0.8888888888888888
473 3 1 693 1 0 0.0
474 3 1 693 1 0 0.0
474 2 10 693 10 9 1.0
475 3 1 693 1 0 0.0
475 2 9 693 9 8 0.8888888888888888
476 3 1 693 1 0 0.0
477 3 1 694 1 0 0.0
478 3 1 695 1 0 0.0
479 3 1 695 1 0 0.0
479 2 9 696 9 8 0.8888888888888888
480 3 1 696 1 0 0.0
481 3 1 698 1 0 0.0
482 3 1 698 1 0 0.0
483 3 1 699 1 0 0.0
484 3 1 700 1 0 0.0
485 3 1 700 1 0 0.0
485 2 9 700 9 8 0.8888888888888888
486 3 1 700 1 0 0.0
486 2 9 700 9 8 0.8888888888888888
487 3 1 702 1 0 0.0
488 3 1 702 1 0 0.0
489 3 1 703 1 0 0.0
490 3 1 704 1 0 0.0
490 2 9 705 9 8 0.8888888888888888
491 3 1 705 1 0 0.0
492 3 1 707 1 0 0.0
492 2 9 707 9 8 0.8888888888888888
493 3 1 707 1 0 0.0
494 3 1 708 1 0 0.0
494 2 9 709 9 8 0.8888888888888888
495 3 1 709 1 0 0.0
496 3 1 710 1 0 0.0
497 3 1 711 1 0 0.0
498 3 1 711 1 0 0.0
498 2 9 711 9 8 0.8888888888888888
499 3 1 711 1 0 0.0
499 2 9 711 9 8 0.8888888888888888
500 3 1 711 1 0 0.0
500 2 9 711 9 8 0.8888888888888888
501 3 1 711 1 0 0.0
502 3 1 711 1 0 0.0
503 3 1 712 1 0 0.0
504 3 1 714 1 0 0.0
504 2 9 714 9 8 0.8888888888888888
505 2 9 715 9 8 0.8888888888888888
505 3 1 715 1 0 0.0
506 2 9 715 9 8 0.8888888888888888
506 3 1 715 1 0 0.0
507 3 1 715 1 0 0.0
507 2 9 715 9 8 0.8888888888888888
508 3 1 716 1 0 0.0
509 3 1 717 1 0 0.0
509 2 9 718 9 8 0.8888888888888888
510 3 1 719 1 0 0.0
510 2 9 719 9 8 0.8888888888888888
511 3 1 719 1 0 0.0
512 3 1 720 1 0 0.0
513 3 1 720 1 0 0.0
514 3 1 720 1 0 0.0
515 3 1 721 1 0 0.0
515 2 9 721 9 8 0.8888888888888888
516 3 1 721 1 0 0.0
516 2 9 721 9 8 0.8888888888888888
517 3 1 722 1 0 0.0
518 2 9 723 9 8 0.8888888888888888
518 3 1 723 1 0 0.0
519 3 1 723 1 0 0.0
520 3 1 723 1 0 0.0
521 3 1 723 1 0 0.0
521 2 9 723 9 8 0.8888888888888888
522 3 1 723 1 0 0.0
523 3 1 723 1 0 0.0
523 2 10 723 10 9 1.0
524 3 1 723 1 0 0.0
524 2 9 723 9 8 0.8888888888888888
525 3 1 723 1 0 0.0
526 3 1 723 1 0 0.0
527 3 1 724 1 0 0.0
528 3 1 724 1 0 0.0
529 3 1 724 1 0 0.0
530 2 9 724 9 8 0.8888888888888888
530 3 1 724 1 0 0.0
531 3 1 725 1 0 0.0
531 2 9 726 9 8 0.8888888888888888
532 3 1 726 1 0 0.0
532 2 9 726 9 8 0.8888888888888888
533 3 1 726 1 0 0.0
533 2 9 727 9 8 0.8888888888888888
534 3 1 727 1 0 0.0
534 2 9 727 9 8 0.8888888888888888
535 3 1 727 1 0 0.0
536 2 9 728 9 8 0.8888888888888888
536 3 1 729 1 0 0.0
537 3 1 729 1 0 0.0
538 3 1 729 1 0 0.0
538 2 9 730 9 8 0.8888888888888888
539 3 1 730 1 0 0.0
540 3 1 731 1 0 0.0
541 3 1 731 1 0 0.0
542 3 1 731 1 0 0.0
543 3 1 732 1 0 0.0
544 3 1 733 1 0 0.0
545 3 1 733 1 0 0.0
546 3 1 733 1 0 0.0
547 2 9 733 9 8 0.8888888888888888
547 3 1 733 1 0 0.0
548 3 1 735 1 0 0.0
548 2 9 735 9 8 0.8888888888888888
549 3 1 735 1 0 0.0
550 3 1 736 1 0 0.0
551 3 1 736 1 0 0.0
551 2 10 736 10 9 1.0
552 3 1 737 1 0 0.0
553 2 9 738 9 8 0.8888888888888888
553 3 1 738 1 0 0.0
554 3 1 738 1 0 0.0
554 2 9 738 9 8 0.8888888888888888
555 3 1 738 1 0 0.0
555 2 10 738 10 9 1.0
556 3 1 738 1 0 0.0
557 3 1 738 1 0 0.0
557 2 9 738 9 8 0.8888888888888888
558 3 1 739 1 0 0.0
558 2 9 739 9 8 0.8888888888888888
559 3 1 739 1 0 0.0
560 3 1 739 1 0 0.0
561 3 1 741 1 0 0.0
561 2 9 741 9 8 0.8888888888888888
562 3 1 741 1 0 0.0
563 3 1 741 1 0 0.0
563 2 9 743 9 8 0.8888888888888888
564 3 1 743 1 0 0.0
565 3 1 744 1 0 0.0
566 2 9 745 9 8 0.8888888888888888
566 3 1 745 1 0 0.0
567 3 1 745 1 0 0.0
568 3 1 745 1 0 0.0
568 2 9 745 9 8 0.8888888888888888
569 3 1 745 1 0 0.0
570 3 1 746 1 0 0.0
571 3 1 746 1 0 0.0
572 3 1 747 1 0 0.0
573 3 1 747 1 0 0.0
574 3 1 748 1 0 0.0
574 2 9 749 9 8 0.8888888888888888
575 3 1 749 1 0 0.0
576 3 1 749 1 0 0.0
577 3 1 750 1 0 0.0
578 3 1 750 1 0 0.0
579 3 1 751 1 0 0.0
579 2 9 751 9 8 0.8888888888888888
580 3 1 752 1 0 0.0
580 2 9 752 9 8 0.8888888888888888
581 3 1 753 1 0 0.0
581 2 9 753 9 8 0.8888888888888888
582 3 1 753 1 0 0.0
582 2 9 753 9 8 0.8888888888888888
583 3 1 753 1 0 0.0
583 2 9 753 9 8 0.8888888888888888
584 3 1 753 1 0 0.0
585 3 1 755 1 0 0.0
586 3 1 756 1 0 0.0
587 3 1 756 1 0 0.0
587 2 9 756 9 8 0.8888888888888888
588 3 1 756 1 0 0.0
588 2 9 756 9 8 0.8888888888888888
589 3 1 756 1 0 0.0
590 3 1 757 1 0 0.0
591 3 1 758 1 0 0.0
591 2 9 758 9 8 0.8888888888888888
592 3 1 758 1 0 0.0
592 2 9 758 9 8 0.8888888888888888
593 3 1 758 1 0 0.0
593 2 9 759 9 8 0.8888888888888888
594 3 1 760 1 0 0.0
595 3 1 762 1 0 0.0
595 2 9 762 9 8 0.8888888888888888
596 3 1 762 1 0 0.0
596 2 9 762 9 8 0.8888888888888888
597 3 1 762 1 0 0.0
597 2 9 762 9 8 0.8888888888888888
598 3 1 762 1 0 0.0
599 3 1 762 1 0 0.0
600 3 1 763 1 0 0.0
601 3 1 763 1 0 0.0
602 3 1 763 1 0 0.0
602 2 9 763 9 8 0.8888888888888888
603 2 9 763 9 8 0.8888888888888888
603 3 1 763 1 0 0.0
604 3 1 763 1 0 0.0
604 2 9 763 9 8 0.8888888888888888
605 3 1 763 1 0 0.0
606 3 1 764 1 0 0.0
606 2 9 765 9 8 0.8888888888888888
607 3 1 765 1 0 0.0
608 2 9 765 9 8 0.8888888888888888
608 3 1 765 1 0 0.0
609 3 1 767 1 0 0.0
610 3 1 768 1 0 0.0
611 3 1 768 1 0 0.0
611 2 9 768 9 8 0.8888888888888888
612 3 1 768 1 0 0.0
612 2 9 768 9 8 0.8888888888888888
613 3 1 768 1 0 0.0
613 2 9 768 9 8 0.8888888888888888
614 3 1 768 1 0 0.0
614 2 9 768 9 8 0.8888888888888888
615 3 1 768 1 0 0.0
615 2 10 768 10 9 1.0
616 3 1 768 1 0 0.0
617 3 1 768 1 0 0.0
618 3 1 768 1 0 0.0
619 3 1 768 1 0 0.0
619 2 9 768 9 8 0.8888888888888888
620 3 1 768 1 0 0.0
621 3 1 768 1 0 0.0
622 3 1 768 1 0 0.0
623 3 1 768 1 0 0.0
624 3 1 768 1 0 0.0
624 2 9 768 9 8 0.8888888888888888
625 3 1 768 1 0 0.0
626 3 1 769 1 0 0.0
627 3 1 770 1 0 0.0
627 2 9 771 9 8 0.8888888888888888
628 3 1 771 1 0 0.0
628 2 9 771 9 8 0.8888888888888888
629 3 1 771 1 0 0.0
630 3 1 771 1 0 0.0
631 3 1 772 1 0 0.0
632 3 1 773 1 0 0.0
633 3 1 773 1 0 0.0
634 3 1 773 1 0 0.0
634 2 9 773 9 8 0.8888888888888888
635 3 1 773 1 0 0.0
635 2 10 776 10 9 1.0
636 3 1 776 1 0 0.0
637 3 1 776 1 0 0.0
638 3 1 776 1 0 0.0
638 2 9 776 9 8 0.8888888888888888
639 3 1 776 1 0 0.0
639 2 9 776 9 8 0.8888888888888888
640 3 1 776 1 0 0.0
641 3 1 776 1 0 0.0
642 2 1 778 1 0 0.0
643 2 1 778 1 0 0.0
643 1 9 778 9 8 0.8888888888888888
644 2 1 778 1 0 0.0
645 2 1 778 1 0 0.0
646 2 1 778 1 0 0.0
647 2 1 778 1 0 0.0
647 1 9 778 9 8 0.8888888888888888
648 2 1 778 1 0 0.0
649 2 1 778 1 0 0.0
649 1 9 778 9 8 0.8888888888888888
650 1 9 778 9 8 0.8888888888888888
650 2 1 778 1 0 0.0
651 2 1 778 1 0 0.0
652 2 1 779 1 0 0.0
652 1 9 779 9 8 0.8888888888888888
653 2 1 779 1 0 0.0
654 2 1 780 1 0 0.0
655 2 1 780 1 0 0.0
656 2 1 780 1 0 0.0
657 2 1 780 1 0 0.0
658 2 1 780 1 0 0.0
659 2 1 780 1 0 0.0
659 1 9 780 9 8 0.8888888888888888
660 2 1 781 1 0 0.0
661 2 1 782 1 0 0.0
661 1 9 782 9 8 0.8888888888888888
662 2 1 782 1 0 0.0
663 2 1 782 1 0 0.0
664 2 1 783 1 0 0.0
664 1 9 783 9 8 0.8888888888888888
665 2 1 783 1 0 0.0
665 1 9 783 9 8 0.8888888888888888
666 2 1 783 1 0 0.0
666 1 9 783 9 8 0.8888888888888888
667 2 1 783 1 0 0.0
668 2 1 783 1 0 0.0
669 2 1 783 1 0 0.0
669 1 9 783 9 8 0.8888888888888888
670 2 1 783 1 0 0.0
671 2 1 783 1 0 0.0
671 1 9 783 9 8 0.8888888888888888
672 2 1 783 1 0 0.0
672 1 9 783 9 8 0.8888888888888888
673 2 1 784 1 0 0.0
674 2 1 784 1 0 0.0
675 2 1 784 1 0 0.0
676 2 1 785 1 0 0.0
677 2 1 785 1 0 0.0
677 1 9 785 9 8 0.8888888888888888
678 2 1 787 1 0 0.0
679 2 1 789 1 0 0.0
679 1 9 789 9 8 0.8888888888888888
680 2 1 789 1 0 0.0
681 2 1 790 1 0 0.0
681 1 9 790 9 8 0.8888888888888888
682 2 1 790 1 0 0.0
683 2 1 790 1 0 0.0
683 1 9 790 9 8 0.8888888888888888
684 2 1 791 1 0 0.0
684 1 9 791 9 8 0.8888888888888888
685 2 1 791 1 0 0.0
685 1 9 791 9 8 0.8888888888888888
686 2 1 792 1 0 0.0
687 2 1 792 1 0 0.0
688 2 1 793 1 0 0.0
689 2 1 794 1 0 0.0
690 2 1 794 1 0 0.0
691 2 1 794 1 0 0.0
692 2 1 795 1 0 0.0
693 2 1 796 1 0 0.0
694 2 1 797 1 0 0.0
694 1 10 797 10 9 1.0
695 2 1 797 1 0 0.0
696 2 1 797 1 0 0.0
697 2 1 797 1 0 0.0
698 2 1 797 1 0 0.0
698 1 9 797 9 8 0.8888888888888888
699 2 1 798 1 0 0.0
699 1 9 798 9 8 0.8888888888888888
700 2 1 798 1 0 0.0
701 2 1 798 1 0 0.0
702 2 1 799 1 0 0.0
702 1 9 799 9 8 0.8888888888888888
703 2 1 799 1 0 0.0
703 1 9 799 9 8 0.8888888888888888
704 2 1 799 1 0 0.0
705 2 1 799 1 0 0.0
706 2 1 799 1 0 0.0
707 2 1 800 1 0 0.0
708 2 1 800 1 0 0.0
708 1 9 800 9 8 0.8888888888888888
709 2 1 800 1 0 0.0
709 1 9 800 9 8 0.8888888888888888
710 2 1 800 1 0 0.0
710 1 10 801 10 9 1.0
711 2 1 801 1 0 0.0
712 2 1 802 1 0 0.0
712 1 9 802 9 8 0.8888888888888888
713 2 1 802 1 0 0.0
714 2 1 802 1 0 0.0
715 2 1 802 1 0 0.0
715 1 9 802 9 8 0.8888888888888888
716 2 1 802 1 0 0.0
717 2 1 802 1 0 0.0
717 1 9 802 9 8 0.8888888888888888
718 2 1 802 1 0 0.0
719 2 1 802 1 0 0.0
719 1 9 803 9 8 0.8888888888888888
720 2 1 803 1 0 0.0
721 2 1 804 1 0 0.0
721 1 9 804 9 8 0.8888888888888888
722 2 1 805 1 0 0.0
723 2 1 806 1 0 0.0
724 2 1 806 1 0 0.0
725 2 1 806 1 0 0.0
726 2 1 806 1 0 0.0
727 2 1 806 1 0 0.0
727 1 9 806 9 8 0.8888888888888888
728 2 1 806 1 0 0.0
729 2 1 806 1 0 0.0
730 2 1 806 1 0 0.0
731 2 1 806 1 0 0.0
731 1 9 806 9 8 0.8888888888888888
732 2 1 806 1 0 0.0
733 1 9 806 9 8 0.8888888888888888
733 2 1 807 1 0 0.0
734 2 1 807 1 0 0.0
734 1 9 807 9 8 0.8888888888888888
735 2 1 807 1 0 0.0
735 1 9 807 9 8 0.8888888888888888
736 2 1 808 1 0 0.0
737 2 1 809 1 0 0.0
738 2 1 809 1 0 0.0
739 2 1 809 1 0 0.0
739 1 9 809 9 8 0.8888888888888888
740 2 1 809 1 0 0.0
741 2 1 810 1 0 0.0
742 2 1 810 1 0 0.0
743 2 1 810 1 0 0.0
744 2 1 810 1 0 0.0
744 1 10 811 10 9 1.0
745 2 1 811 1 0 0.0
746 2 1 811 1 0 0.0
747 2 1 811 1 0 0.0
747 1 9 812 9 8 0.8888888888888888
748 2 1 812 1 0 0.0
748 1 9 812 9 8 0.8888888888888888
749 2 1 812 1 0 0.0
750 2 1 813 1 0 0.0
750 1 9 813 9 8 0.8888888888888888
751 2 1 813 1 0 0.0
752 2 1 813 1 0 0.0
753 2 1 813 1 0 0.0
753 1 9 813 9 8 0.8888888888888888
754 2 1 813 1 0 0.0
754 1 9 813 9 8 0.8888888888888888
755 2 1 813 1 0 0.0
756 2 1 813 1 0 0.0
757 2 1 813 1 0 0.0
758 2 1 813 1 0 0.0
759 2 1 814 1 0 0.0
759 1 9 814 9 8 0.8888888888888888
760 2 1 814 1 0 0.0
761 1 9 814 9 8 0.8888888888888888
761 2 1 814 1 0 0.0
762 2 1 815 1 0 0.0
763 2 1 815 1 0 0.0
763 1 9 816 9 8 0.8888888888888888
764 2 1 816 1 0 0.0
765 2 1 816 1 0 0.0
766 2 1 817 1 0 0.0
767 2 1 817 1 0 0.0
767 1 9 817 9 8 0.8888888888888888
768 2 1 817 1 0 0.0
769 2 1 819 1 0 0.0
770 1 9 819 9 8 0.8888888888888888
770 2 1 819 1 0 0.0
771 1 9 819 9 8 0.8888888888888888
771 2 1 819 1 0 0.0
772 2 1 819 1 0 0.0
772 1 9 819 9 8 0.8888888888888888
773 2 1 819 1 0 0.0
774 2 1 819 1 0 0.0
775 2 1 819 1 0 0.0
775 1 10 819 10 9 1.0
776 2 1 819 1 0 0.0
776 1 9 820 9 8 0.8888888888888888
777 2 1 820 1 0 0.0
778 2 1 820 1 0 0.0
779 2 1 820 1 0 0.0
779 1 9 820 9 8 0.8888888888888888
780 2 1 820 1 0 0.0
780 1 9 820 9 8 0.8888888888888888
781 2 1 820 1 0 0.0
782 2 1 820 1 0 0.0
782 1 9 820 9 8 0.8888888888888888
783 2 1 821 1 0 0.0
784 2 1 821 1 0 0.0
784 1 9 821 9 8 0.8888888888888888
785 2 1 821 1 0 0.0
786 2 1 821 1 0 0.0
786 1 9 821 9 8 0.8888888888888888
787 2 1 822 1 0 0.0
787 1 9 823 9 8 0.8888888888888888
788 2 1 823 1 0 0.0
788 1 9 823 9 8 0.8888888888888888
789 2 1 823 1 0 0.0
790 2 1 823 1 0 0.0
791 2 1 823 1 0 0.0
791 1 9 823 9 8 0.8888888888888888
792 2 1 823 1 0 0.0
793 2 1 823 1 0 0.0
794 2 1 823 1 0 0.0
795 2 1 823 1 0 0.0
796 2 1 823 1 0 0.0
796 1 9 823 9 8 0.8888888888888888
797 2 1 823 1 0 0.0
798 2 1 823 1 0 0.0
798 1 9 823 9 8 0.8888888888888888
799 2 1 823 1 0 0.0
800 2 1 823 1 0 0.0
801 2 1 824 1 0 0.0
802 2 1 824 1 0 0.0
803 2 1 824 1 0 0.0
804 2 1 824 1 0 0.0
805 2 1 825 1 0 0.0
806 2 1 826 1 0 0.0
807 2 1 827 1 0 0.0
807 1 9 827 9 8 0.8888888888888888
808 2 1 827 1 0 0.0
809 2 1 827 1 0 0.0
809 1 9 827 9 8 0.8888888888888888
810 2 1 827 1 0 0.0
810 1 10 827 10 9 1.0
811 2 1 828 1 0 0.0
812 2 1 828 1 0 0.0
813 2 1 828 1 0 0.0
814 2 1 828 1 0 0.0
815 1 9 828 9 8 0.8888888888888888
815 2 1 828 1 0 0.0
816 2 1 828 1 0 0.0
817 2 1 828 1 0 0.0
817 1 10 828 10 9 1.0
818 2 1 829 1 0 0.0
818 1 9 829 9 8 0.8888888888888888
819 2 1 829 1 0 0.0
820 2 1 829 1 0 0.0
821 2 1 830 1 0 0.0
822 2 1 830 1 0 0.0
823 2 1 830 1 0 0.0
823 1 9 830 9 8 0.8888888888888888
824 2 1 830 1 0 0.0
825 2 1 830 1 0 0.0
826 2 1 830 1 0 0.0
827 2 1 830 1 0 0.0
828 2 1 830 1 0 0.0
829 2 1 831 1 0 0.0
829 1 9 831 9 8 0.8888888888888888
830 2 1 831 1 0 0.0
830 1 9 831 9 8 0.8888888888888888
831 2 1 831 1 0 0.0
832 2 1 831 1 0 0.0
832 1 9 831 9 8 0.8888888888888888
833 2 1 832 1 0 0.0
833 1 9 832 9 8 0.8888888888888888
834 2 1 832 1 0 0.0
834 1 10 832 10 9 1.0
835 2 1 832 1 0 0.0
836 2 1 832 1 0 0.0
837 2 1 832 1 0 0.0
837 1 9 833 9 8 0.8888888888888888
838 2 1 833 1 0 0.0
839 2 1 833 1 0 0.0
840 1 9 833 9 8 0.8888888888888888
840 2 1 833 1 0 0.0
841 2 1 833 1 0 0.0
842 2 1 833 1 0 0.0
842 1 10 833 10 9 1.0
843 2 1 833 1 0 0.0
843 1 9 833 9 8 0.8888888888888888
844 2 1 833 1 0 0.0
845 2 1 833 1 0 0.0
846 2 1 833 1 0 0.0
846 1 9 833 9 8 0.8888888888888888
847 2 1 833 1 0 0.0
847 1 9 833 9 8 0.8888888888888888
848 2 1 833 1 0 0.0
849 2 1 833 1 0 0.0
850 2 1 833 1 0 0.0
851 2 1 833 1 0 0.0
851 1 9 833 9 8 0.8888888888888888
852 2 1 833 1 0 0.0
853 2 1 833 1 0 0.0
854 2 1 833 1 0 0.0
855 2 1 833 1 0 0.0
856 2 1 833 1 0 0.0
857 2 1 833 1 0 0.0
858 2 1 833 1 0 0.0
859 2 1 833 1 0 0.0
859 1 9 833 9 8 0.8888888888888888
860 2 1 833 1 0 0.0
860 1 9 833 9 8 0.8888888888888888
861 2 1 833 1 0 0.0
862 2 1 833 1 0 0.0
863 2 1 833 1 0 0.0
864 2 1 833 1 0 0.0
865 2 1 833 1 0 0.0
865 1 9 833 9 8 0.8888888888888888
866 2 1 833 1 0 0.0
866 1 9 833 9 8 0.8888888888888888
867 2 1 833 1 0 0.0
867 1 9 833 9 8 0.8888888888888888
868 2 1 833 1 0 0.0
868 1 9 833 9 8 0.8888888888888888
869 2 1 833 1 0 0.0
869 1 9 833 9 8 0.8888888888888888
870 2 1 833 1 0 0.0
870 1 9 833 9 8 0.8888888888888888
871 2 1 833 1 0 0.0
871 1 9 833 9 8 0.8888888888888888
872 2 1 833 1 0 0.0
873 2 1 833 1 0 0.0
873 1 9 833 9 8 0.8888888888888888
874 2 1 833 1 0 0.0
874 1 10 833 10 9 1.0
875 2 1 833 1 0 0.0
875 1 9 833 9 8 0.8888888888888888
876 2 1 833 1 0 0.0
876 1 9 833 9 8 0.8888888888888888
877 2 1 833 1 0 0.0
878 2 1 834 1 0 0.0
878 1 9 834 9 8 0.8888888888888888
879 2 1 834 1 0 0.0
880 2 1 834 1 0 0.0
880 1 9 834 9 8 0.8888888888888888
881 2 1 834 1 0 0.0
881 1 9 835 9 8 0.8888888888888888
882 2 1 835 1 0 0.0
883 2 1 835 1 0 0.0
884 2 1 835 1 0 0.0
885 1 9 835 9 8 0.8888888888888888
885 2 1 835 1 0 0.0
886 2 1 835 1 0 0.0
886 1 9 835 9 8 0.8888888888888888
887 2 1 835 1 0 0.0
887 1 9 835 9 8 0.8888888888888888
888 2 1 835 1 0 0.0
889 2 1 835 1 0 0.0
890 2 1 835 1 0 0.0
890 1 9 835 9 8 0.8888888888888888
891 2 1 835 1 0 0.0
891 1 9 835 9 8 0.8888888888888888
892 2 1 835 1 0 0.0
893 2 1 835 1 0 0.0
894 2 1 835 1 0 0.0
895 2 1 835 1 0 0.0
896 2 1 835 1 0 0.0
897 2 1 835 1 0 0.0
897 1 9 835 9 8 0.8888888888888888
898 2 1 835 1 0 0.0
899 2 1 835 1 0 0.0
900 2 1 835 1 0 0.0
900 1 9 835 9 8 0.8888888888888888
901 2 1 835 1 0 0.0
902 2 1 835 1 0 0.0
903 1 9 835 9 8 0.8888888888888888
903 2 1 835 1 0 0.0
904 2 1 835 1 0 0.0
905 2 1 835 1 0 0.0
906 2 1 837 1 0 0.0
907 2 1 837 1 0 0.0
908 2 1 837 1 0 0.0
909 2 1 838 1 0 0.0
910 2 1 838 1 0 0.0
910 1 9 838 9 8 0.8888888888888888
911 2 1 838 1 0 0.0
911 1 9 839 9 8 0.8888888888888888
912 2 1 839 1 0 0.0
912 1 9 839 9 8 0.8888888888888888
913 2 1 839 1 0 0.0
913 1 9 839 9 8 0.8888888888888888
914 2 1 839 1 0 0.0
915 2 1 839 1 0 0.0
916 2 1 839 1 0 0.0
916 1 9 840 9 8 0.8888888888888888
917 2 1 840 1 0 0.0
918 2 1 840 1 0 0.0
918 1 9 840 9 8 0.8888888888888888
919 2 1 840 1 0 0.0
920 2 1 840 1 0 0.0
920 1 9 840 9 8 0.8888888888888888
921 2 1 840 1 0 0.0
921 1 9 840 9 8 0.8888888888888888
922 2 1 840 1 0 0.0
923 2 1 840 1 0 0.0
923 1 9 840 9 8 0.8888888888888888
924 2 1 840 1 0 0.0
925 2 1 840 1 0 0.0
926 2 1 840 1 0 0.0
927 2 1 840 1 0 0.0
927 1 9 841 9 8 0.8888888888888888
928 2 1 841 1 0 0.0
929 2 1 841 1 0 0.0
930 2 1 841 1 0 0.0
931 2 1 841 1 0 0.0
932 2 1 841 1 0 0.0
933 2 1 841 1 0 0.0
934 2 1 841 1 0 0.0
935 2 1 841 1 0 0.0
936 2 1 841 1 0 0.0
937 2 1 841 1 0 0.0
938 2 1 841 1 0 0.0
939 2 1 842 1 0 0.0
939 1 9 842 9 8 0.8888888888888888
940 2 1 842 1 0 0.0
941 2 1 842 1 0 0.0
942 2 1 842 1 0 0.0
943 2 1 843 1 0 0.0
944 2 1 843 1 0 0.0
944 1 9 843 9 8 0.8888888888888888
945 2 1 843 1 0 0.0
946 2 1 843 1 0 0.0
947 1 9 843 9 8 0.8888888888888888
947 2 1 843 1 0 0.0
948 2 1 843 1 0 0.0
948 1 9 843 9 8 0.8888888888888888
949 2 1 843 1 0 0.0
950 2 1 843 1 0 0.0
951 2 1 843 1 0 0.0
952 2 1 843 1 0 0.0
953 2 1 843 1 0 0.0
954 2 1 844 1 0 0.0
955 2 1 844 1 0 0.0
955 1 9 844 9 8 0.8888888888888888
956 2 1 844 1 0 0.0
956 1 9 844 9 8 0.8888888888888888
957 2 1 844 1 0 0.0
958 2 1 844 1 0 0.0
959 2 1 844 1 0 0.0
960 2 1 844 1 0 0.0
960 1 9 844 9 8 0.8888888888888888
961 1 9 845 9 8 0.8888888888888888
961 2 1 845 1 0 0.0
962 2 1 845 1 0 0.0
962 1 9 845 9 8 0.8888888888888888
963 2 1 845 1 0 0.0
963 1 9 845 9 8 0.8888888888888888
964 2 1 845 1 0 0.0
965 2 1 845 1 0 0.0
965 1 9 845 9 8 0.8888888888888888
966 2 1 845 1 0 0.0
967 2 1 845 1 0 0.0
968 2 1 845 1 0 0.0
968 1 9 845 9 8 0.8888888888888888
969 2 1 846 1 0 0.0
969 1 9 846 9 8 0.8888888888888888
970 2 1 846 1 0 0.0
971 2 1 846 1 0 0.0
972 2 1 846 1 0 0.0
973 2 1 846 1 0 0.0
973 1 9 846 9 8 0.8888888888888888
974 2 1 847 1 0 0.0
975 2 1 847 1 0 0.0
975 1 9 847 9 8 0.8888888888888888
976 2 1 847 1 0 0.0
977 2 1 847 1 0 0.0
977 1 9 847 9 8 0.8888888888888888
978 2 1 847 1 0 0.0
978 1 9 847 9 8 0.8888888888888888
979 2 1 847 1 0 0.0
980 2 1 848 1 0 0.0
981 2 1 848 1 0 0.0
981 1 9 848 9 8 0.8888888888888888
982 2 1 848 1 0 0.0
982 1 10 848 10 9 1.0
983 2 1 848 1 0 0.0
984 2 1 848 1 0 0.0
985 2 1 849 1 0 0.0
985 1 9 849 9 8 0.8888888888888888
986 2 1 850 1 0 0.0
986 1 9 850 9 8 0.8888888888888888
987 2 1 850 1 0 0.0
988 2 1 850 1 0 0.0
988 1 10 851 10 9 1.0
989 2 1 851 1 0 0.0
990 2 1 851 1 0 0.0
991 2 1 851 1 0 0.0
992 2 1 851 1 0 0.0
993 2 1 851 1 0 0.0
993 1 9 851 9 8 0.8888888888888888
994 2 1 851 1 0 0.0
994 1 9 851 9 8 0.8888888888888888
995 2 1 851 1 0 0.0
995 1 9 851 9 8 0.8888888888888888
996 2 1 852 1 0 0.0
997 2 1 852 1 0 0.0
997 1 9 852 9 8 0.8888888888888888
998 2 1 852 1 0 0.0
999 2 1 852 1 0 0.0
1000 2 1 852 1 0 0.0
