gen testSuiteSize notKilledMutants number_of_tests no_discount_objective no_equiv_mut_not_killed no_equiv_mut_not_killed_perc
1 3 5 3 5 5 0.5
1 8 2 28 2 2 0.2
1 5 4 42 4 4 0.4
2 3 3 54 3 3 0.3
3 8 2 55 2 2 0.2
4 8 1 63 1 1 0.1
5 3 2 67 2 2 0.2
6 8 1 71 1 1 0.1
7 8 1 76 1 1 0.1
8 8 1 79 1 1 0.1
9 8 1 83 1 1 0.1
10 8 1 88 1 1 0.1
11 8 1 90 1 1 0.1
12 8 0 99 0 0 0.0
13 3 2 103 2 2 0.2
14 3 2 107 2 2 0.2
14 4 1 108 1 1 0.1
15 3 2 111 2 2 0.2
16 3 2 114 2 2 0.2
17 3 2 118 2 2 0.2
18 3 2 120 2 2 0.2
19 3 2 122 2 2 0.2
20 3 2 124 2 2 0.2
21 3 2 128 2 2 0.2
22 3 2 128 2 2 0.2
23 3 2 128 2 2 0.2
24 3 2 128 2 2 0.2
25 3 2 130 2 2 0.2
26 3 2 132 2 2 0.2
27 3 2 132 2 2 0.2
28 3 2 133 2 2 0.2
29 3 2 135 2 2 0.2
30 3 2 139 2 2 0.2
31 3 2 139 2 2 0.2
32 3 2 142 2 2 0.2
33 3 2 144 2 2 0.2
34 3 2 145 2 2 0.2
35 3 2 145 2 2 0.2
36 3 2 146 2 2 0.2
37 3 2 148 2 2 0.2
38 3 2 149 2 2 0.2
39 3 2 151 2 2 0.2
40 3 2 151 2 2 0.2
41 3 2 153 2 2 0.2
42 3 2 157 2 2 0.2
43 3 2 157 2 2 0.2
44 3 2 160 2 2 0.2
45 3 2 162 2 2 0.2
46 3 2 165 2 2 0.2
47 3 2 167 2 2 0.2
48 3 2 169 2 2 0.2
48 4 0 170 0 0 0.0
49 3 2 172 2 2 0.2
50 3 2 173 2 2 0.2
51 3 2 175 2 2 0.2
52 3 2 176 2 2 0.2
53 3 1 183 1 1 0.1
54 4 0 184 0 0 0.0
55 4 0 187 0 0 0.0
56 3 2 187 2 2 0.2
56 4 0 187 0 0 0.0
57 4 0 188 0 0 0.0
58 4 0 192 0 0 0.0
59 4 0 193 0 0 0.0
60 4 0 197 0 0 0.0
61 4 0 202 0 0 0.0
62 4 0 206 0 0 0.0
63 4 0 208 0 0 0.0
64 4 0 211 0 0 0.0
65 4 0 215 0 0 0.0
65 3 3 216 3 3 0.3
66 4 0 216 0 0 0.0
67 4 0 218 0 0 0.0
68 4 0 220 0 0 0.0
69 4 0 220 0 0 0.0
69 3 2 221 2 2 0.2
70 4 0 222 0 0 0.0
71 4 0 224 0 0 0.0
71 3 2 224 2 2 0.2
72 4 0 225 0 0 0.0
73 4 0 227 0 0 0.0
74 4 0 228 0 0 0.0
75 4 0 228 0 0 0.0
76 3 2 228 2 2 0.2
76 4 0 228 0 0 0.0
77 4 0 230 0 0 0.0
77 3 2 231 2 2 0.2
78 4 0 232 0 0 0.0
79 4 0 233 0 0 0.0
79 3 2 233 2 2 0.2
80 4 0 234 0 0 0.0
81 3 2 238 2 2 0.2
81 4 0 238 0 0 0.0
82 4 0 240 0 0 0.0
83 4 0 241 0 0 0.0
84 4 0 241 0 0 0.0
85 4 0 241 0 0 0.0
86 4 0 242 0 0 0.0
86 3 2 242 2 2 0.2
87 4 0 243 0 0 0.0
88 4 0 246 0 0 0.0
89 4 0 246 0 0 0.0
90 4 0 250 0 0 0.0
91 4 0 251 0 0 0.0
92 3 2 255 2 2 0.2
92 4 0 255 0 0 0.0
93 4 0 256 0 0 0.0
93 3 2 257 2 2 0.2
94 4 0 257 0 0 0.0
94 3 2 257 2 2 0.2
95 3 2 257 2 2 0.2
95 4 0 257 0 0 0.0
96 4 0 257 0 0 0.0
97 4 0 259 0 0 0.0
97 3 2 261 2 2 0.2
98 4 0 261 0 0 0.0
98 3 2 262 2 2 0.2
99 4 0 262 0 0 0.0
99 3 2 263 2 2 0.2
100 4 0 263 0 0 0.0
100 3 2 263 2 2 0.2
101 4 0 264 0 0 0.0
102 4 0 265 0 0 0.0
103 4 0 267 0 0 0.0
104 4 0 268 0 0 0.0
105 4 0 269 0 0 0.0
105 3 2 272 2 2 0.2
106 4 0 273 0 0 0.0
107 4 0 275 0 0 0.0
108 4 0 278 0 0 0.0
109 4 0 279 0 0 0.0
110 4 0 282 0 0 0.0
111 4 0 283 0 0 0.0
111 3 2 283 2 2 0.2
112 4 0 283 0 0 0.0
113 4 0 284 0 0 0.0
114 3 2 284 2 2 0.2
114 4 0 284 0 0 0.0
115 4 0 285 0 0 0.0
115 3 2 286 2 2 0.2
116 4 0 286 0 0 0.0
116 3 2 286 2 2 0.2
117 4 0 287 0 0 0.0
117 3 2 288 2 2 0.2
118 4 0 288 0 0 0.0
118 3 2 288 2 2 0.2
119 4 0 291 0 0 0.0
119 3 2 292 2 2 0.2
120 4 0 294 0 0 0.0
121 3 2 296 2 2 0.2
121 4 0 296 0 0 0.0
122 4 0 297 0 0 0.0
123 4 0 298 0 0 0.0
123 3 2 298 2 2 0.2
124 4 0 298 0 0 0.0
124 3 2 298 2 2 0.2
125 4 0 298 0 0 0.0
126 4 0 300 0 0 0.0
126 3 2 302 2 2 0.2
127 4 0 302 0 0 0.0
128 3 5 302 5 5 0.5
128 4 0 302 0 0 0.0
129 4 0 304 0 0 0.0
130 4 0 306 0 0 0.0
131 4 0 307 0 0 0.0
131 3 2 307 2 2 0.2
132 4 0 308 0 0 0.0
133 4 0 309 0 0 0.0
133 3 2 309 2 2 0.2
134 4 0 309 0 0 0.0
134 3 4 309 4 4 0.4
135 4 0 309 0 0 0.0
135 3 2 309 2 2 0.2
136 3 2 309 2 2 0.2
136 4 0 309 0 0 0.0
137 4 0 310 0 0 0.0
138 4 0 310 0 0 0.0
138 3 2 311 2 2 0.2
139 4 0 312 0 0 0.0
139 3 2 312 2 2 0.2
140 4 0 315 0 0 0.0
140 3 2 317 2 2 0.2
141 4 0 317 0 0 0.0
142 4 0 317 0 0 0.0
143 4 0 319 0 0 0.0
144 4 0 323 0 0 0.0
145 4 0 323 0 0 0.0
146 4 0 324 0 0 0.0
146 3 4 327 4 4 0.4
147 4 0 327 0 0 0.0
148 4 0 328 0 0 0.0
149 4 0 329 0 0 0.0
150 4 0 330 0 0 0.0
151 4 0 330 0 0 0.0
152 4 0 332 0 0 0.0
153 4 0 334 0 0 0.0
154 4 0 335 0 0 0.0
154 3 2 335 2 2 0.2
155 4 0 335 0 0 0.0
156 4 0 335 0 0 0.0
157 4 0 336 0 0 0.0
157 3 2 337 2 2 0.2
158 4 0 337 0 0 0.0
159 4 0 337 0 0 0.0
160 4 0 339 0 0 0.0
160 3 2 339 2 2 0.2
161 4 0 340 0 0 0.0
162 4 0 340 0 0 0.0
163 4 0 340 0 0 0.0
163 3 4 344 4 4 0.4
164 4 0 344 0 0 0.0
164 3 2 345 2 2 0.2
165 4 0 345 0 0 0.0
166 4 0 346 0 0 0.0
166 3 2 347 2 2 0.2
167 4 0 347 0 0 0.0
168 3 3 347 3 3 0.3
168 4 0 347 0 0 0.0
169 4 0 347 0 0 0.0
169 3 2 347 2 2 0.2
170 4 0 347 0 0 0.0
171 4 0 348 0 0 0.0
171 3 2 348 2 2 0.2
172 4 0 348 0 0 0.0
173 4 0 349 0 0 0.0
174 4 0 349 0 0 0.0
175 4 0 350 0 0 0.0
176 4 0 352 0 0 0.0
177 4 0 352 0 0 0.0
178 4 0 352 0 0 0.0
178 3 4 352 4 4 0.4
179 4 0 353 0 0 0.0
180 4 0 353 0 0 0.0
181 4 0 353 0 0 0.0
181 3 2 353 2 2 0.2
182 4 0 353 0 0 0.0
183 4 0 355 0 0 0.0
184 4 0 356 0 0 0.0
184 3 2 356 2 2 0.2
185 4 0 356 0 0 0.0
186 4 0 356 0 0 0.0
187 4 0 358 0 0 0.0
187 3 2 359 2 2 0.2
188 4 0 359 0 0 0.0
189 4 0 360 0 0 0.0
189 3 2 360 2 2 0.2
190 4 0 360 0 0 0.0
191 3 2 360 2 2 0.2
191 4 0 360 0 0 0.0
192 4 0 360 0 0 0.0
193 3 2 361 2 2 0.2
193 4 0 361 0 0 0.0
194 4 0 361 0 0 0.0
195 4 0 362 0 0 0.0
196 4 0 363 0 0 0.0
197 4 0 363 0 0 0.0
198 4 0 363 0 0 0.0
199 4 0 364 0 0 0.0
199 3 2 364 2 2 0.2
200 4 0 365 0 0 0.0
201 4 0 365 0 0 0.0
201 3 2 366 2 2 0.2
202 4 0 366 0 0 0.0
202 3 2 366 2 2 0.2
203 4 0 366 0 0 0.0
203 3 2 366 2 2 0.2
204 4 0 366 0 0 0.0
204 3 2 366 2 2 0.2
205 4 0 366 0 0 0.0
205 3 3 366 3 3 0.3
206 4 0 366 0 0 0.0
206 3 2 366 2 2 0.2
207 4 0 366 0 0 0.0
208 4 0 368 0 0 0.0
208 3 2 369 2 2 0.2
209 4 0 369 0 0 0.0
210 4 0 369 0 0 0.0
211 4 0 369 0 0 0.0
212 4 0 369 0 0 0.0
213 4 0 369 0 0 0.0
213 3 2 370 2 2 0.2
214 3 3 370 3 3 0.3
214 4 0 370 0 0 0.0
215 4 0 370 0 0 0.0
215 3 2 370 2 2 0.2
216 3 3 370 3 3 0.3
216 4 0 370 0 0 0.0
217 4 0 373 0 0 0.0
218 4 0 373 0 0 0.0
219 4 0 373 0 0 0.0
220 4 0 377 0 0 0.0
221 4 0 379 0 0 0.0
222 3 2 379 2 2 0.2
222 4 0 379 0 0 0.0
223 4 0 379 0 0 0.0
224 4 0 380 0 0 0.0
225 4 0 381 0 0 0.0
226 4 0 382 0 0 0.0
227 4 0 383 0 0 0.0
227 3 3 383 3 3 0.3
228 4 0 384 0 0 0.0
229 4 0 384 0 0 0.0
230 4 0 384 0 0 0.0
230 3 2 384 2 2 0.2
231 4 0 384 0 0 0.0
231 3 2 386 2 2 0.2
232 4 0 386 0 0 0.0
233 4 0 386 0 0 0.0
233 3 2 388 2 2 0.2
234 3 4 390 4 4 0.4
234 4 0 390 0 0 0.0
235 4 0 390 0 0 0.0
235 3 3 390 3 3 0.3
236 3 3 392 3 3 0.3
236 4 0 392 0 0 0.0
237 4 0 392 0 0 0.0
238 3 2 394 2 2 0.2
238 4 0 394 0 0 0.0
239 4 0 395 0 0 0.0
239 3 2 395 2 2 0.2
240 4 0 396 0 0 0.0
241 4 0 397 0 0 0.0
241 3 2 397 2 2 0.2
242 4 0 397 0 0 0.0
242 3 2 397 2 2 0.2
243 4 0 397 0 0 0.0
244 4 0 397 0 0 0.0
244 3 3 398 3 3 0.3
245 4 0 398 0 0 0.0
245 3 2 398 2 2 0.2
246 4 0 399 0 0 0.0
246 3 2 399 2 2 0.2
247 3 2 399 2 2 0.2
247 4 0 400 0 0 0.0
248 4 0 401 0 0 0.0
248 3 2 401 2 2 0.2
249 4 0 401 0 0 0.0
250 4 0 402 0 0 0.0
250 3 4 403 4 4 0.4
251 4 0 404 0 0 0.0
252 4 0 404 0 0 0.0
252 3 2 404 2 2 0.2
253 4 0 404 0 0 0.0
254 4 0 407 0 0 0.0
254 3 2 407 2 2 0.2
255 4 0 407 0 0 0.0
256 4 0 407 0 0 0.0
256 3 2 407 2 2 0.2
257 4 0 408 0 0 0.0
258 4 0 408 0 0 0.0
258 3 4 408 4 4 0.4
259 4 0 408 0 0 0.0
260 4 0 408 0 0 0.0
260 3 2 409 2 2 0.2
261 4 0 409 0 0 0.0
262 4 0 409 0 0 0.0
262 3 3 409 3 3 0.3
263 4 0 409 0 0 0.0
263 3 2 410 2 2 0.2
264 4 0 410 0 0 0.0
264 3 2 410 2 2 0.2
265 4 0 410 0 0 0.0
266 4 0 410 0 0 0.0
266 3 2 410 2 2 0.2
267 4 0 410 0 0 0.0
268 4 0 411 0 0 0.0
268 3 4 411 4 4 0.4
269 4 0 413 0 0 0.0
269 3 3 413 3 3 0.3
270 4 0 413 0 0 0.0
270 3 2 413 2 2 0.2
271 4 0 413 0 0 0.0
272 3 2 415 2 2 0.2
272 4 0 415 0 0 0.0
273 4 0 415 0 0 0.0
274 4 0 416 0 0 0.0
275 4 0 416 0 0 0.0
276 4 0 418 0 0 0.0
277 4 0 418 0 0 0.0
277 3 4 419 4 4 0.4
278 4 0 419 0 0 0.0
279 4 0 419 0 0 0.0
280 4 0 419 0 0 0.0
281 4 0 419 0 0 0.0
282 4 0 419 0 0 0.0
283 4 0 419 0 0 0.0
284 4 0 419 0 0 0.0
284 3 3 419 3 3 0.3
285 4 0 419 0 0 0.0
285 3 2 419 2 2 0.2
286 4 0 419 0 0 0.0
287 4 0 419 0 0 0.0
287 3 2 419 2 2 0.2
288 4 0 419 0 0 0.0
288 3 2 419 2 2 0.2
289 4 0 419 0 0 0.0
289 3 2 419 2 2 0.2
290 4 0 419 0 0 0.0
291 4 0 419 0 0 0.0
292 4 0 419 0 0 0.0
292 3 2 420 2 2 0.2
293 4 0 421 0 0 0.0
294 4 0 421 0 0 0.0
295 4 0 421 0 0 0.0
295 3 3 421 3 3 0.3
296 4 0 421 0 0 0.0
297 3 2 421 2 2 0.2
297 4 0 421 0 0 0.0
298 3 2 421 2 2 0.2
298 4 0 421 0 0 0.0
299 3 2 421 2 2 0.2
299 4 0 421 0 0 0.0
300 4 0 421 0 0 0.0
300 3 2 421 2 2 0.2
301 4 0 422 0 0 0.0
301 3 2 422 2 2 0.2
302 4 0 422 0 0 0.0
302 3 3 422 3 3 0.3
303 4 0 422 0 0 0.0
304 4 0 423 0 0 0.0
305 4 0 423 0 0 0.0
305 3 2 423 2 2 0.2
306 4 0 423 0 0 0.0
307 4 0 423 0 0 0.0
307 3 2 424 2 2 0.2
308 4 0 424 0 0 0.0
309 4 0 425 0 0 0.0
309 3 2 425 2 2 0.2
310 4 0 425 0 0 0.0
311 4 0 425 0 0 0.0
311 3 3 425 3 3 0.3
312 4 0 427 0 0 0.0
313 4 0 427 0 0 0.0
314 4 0 427 0 0 0.0
314 3 2 428 2 2 0.2
315 4 0 428 0 0 0.0
316 4 0 429 0 0 0.0
317 4 0 430 0 0 0.0
318 4 0 431 0 0 0.0
319 4 0 431 0 0 0.0
320 4 0 431 0 0 0.0
321 4 0 431 0 0 0.0
321 3 2 431 2 2 0.2
322 4 0 431 0 0 0.0
323 4 0 433 0 0 0.0
323 3 2 433 2 2 0.2
324 4 0 434 0 0 0.0
324 3 3 434 3 3 0.3
325 3 2 434 2 2 0.2
325 4 0 434 0 0 0.0
326 4 0 434 0 0 0.0
326 3 4 435 4 4 0.4
327 4 0 435 0 0 0.0
328 4 0 436 0 0 0.0
329 4 0 436 0 0 0.0
330 4 0 436 0 0 0.0
331 4 0 436 0 0 0.0
332 4 0 436 0 0 0.0
332 3 2 436 2 2 0.2
333 4 0 436 0 0 0.0
334 4 0 436 0 0 0.0
335 4 0 436 0 0 0.0
336 3 2 437 2 2 0.2
336 4 0 437 0 0 0.0
337 4 0 437 0 0 0.0
337 3 2 437 2 2 0.2
338 3 4 437 4 4 0.4
338 4 0 437 0 0 0.0
339 4 0 437 0 0 0.0
340 4 0 438 0 0 0.0
341 4 0 438 0 0 0.0
342 4 0 439 0 0 0.0
343 4 0 440 0 0 0.0
344 4 0 440 0 0 0.0
345 4 0 441 0 0 0.0
346 4 0 441 0 0 0.0
346 3 3 442 3 3 0.3
347 4 0 442 0 0 0.0
347 3 2 443 2 2 0.2
348 4 0 443 0 0 0.0
349 4 0 444 0 0 0.0
349 3 4 444 4 4 0.4
350 4 0 445 0 0 0.0
351 4 0 445 0 0 0.0
352 4 0 445 0 0 0.0
352 3 9 446 9 9 0.9
353 4 0 446 0 0 0.0
353 3 2 446 2 2 0.2
354 4 0 446 0 0 0.0
355 4 0 446 0 0 0.0
356 4 0 446 0 0 0.0
357 4 0 446 0 0 0.0
358 4 0 446 0 0 0.0
359 3 2 446 2 2 0.2
359 4 0 446 0 0 0.0
360 4 0 446 0 0 0.0
360 3 2 446 2 2 0.2
361 4 0 447 0 0 0.0
362 4 0 447 0 0 0.0
362 3 4 447 4 4 0.4
363 4 0 447 0 0 0.0
363 3 2 447 2 2 0.2
364 4 0 448 0 0 0.0
364 3 2 449 2 2 0.2
365 4 0 449 0 0 0.0
366 4 0 449 0 0 0.0
367 4 0 449 0 0 0.0
368 4 0 450 0 0 0.0
369 4 0 451 0 0 0.0
370 3 2 451 2 2 0.2
370 4 0 451 0 0 0.0
371 4 0 452 0 0 0.0
371 3 2 452 2 2 0.2
372 4 0 452 0 0 0.0
373 4 0 453 0 0 0.0
374 4 0 453 0 0 0.0
375 4 0 453 0 0 0.0
376 4 0 453 0 0 0.0
377 4 0 453 0 0 0.0
378 4 0 453 0 0 0.0
379 4 0 453 0 0 0.0
380 4 0 453 0 0 0.0
381 4 0 453 0 0 0.0
381 3 2 453 2 2 0.2
382 4 0 453 0 0 0.0
383 4 0 453 0 0 0.0
384 4 0 453 0 0 0.0
385 4 0 453 0 0 0.0
385 3 2 453 2 2 0.2
386 4 0 454 0 0 0.0
387 4 0 454 0 0 0.0
388 4 0 454 0 0 0.0
389 4 0 454 0 0 0.0
390 4 0 454 0 0 0.0
391 4 0 454 0 0 0.0
392 4 0 455 0 0 0.0
392 3 2 457 2 2 0.2
393 4 0 457 0 0 0.0
394 4 0 457 0 0 0.0
394 3 4 457 4 4 0.4
395 4 0 457 0 0 0.0
396 4 0 457 0 0 0.0
397 4 0 457 0 0 0.0
398 4 0 457 0 0 0.0
399 3 2 459 2 2 0.2
399 4 0 459 0 0 0.0
400 4 0 459 0 0 0.0
401 4 0 459 0 0 0.0
402 4 0 460 0 0 0.0
402 3 4 460 4 4 0.4
403 4 0 460 0 0 0.0
404 4 0 460 0 0 0.0
405 4 0 460 0 0 0.0
405 3 2 460 2 2 0.2
406 4 0 460 0 0 0.0
406 3 2 460 2 2 0.2
407 3 2 460 2 2 0.2
407 4 0 460 0 0 0.0
408 4 0 460 0 0 0.0
409 4 0 460 0 0 0.0
410 4 0 460 0 0 0.0
411 4 0 460 0 0 0.0
412 4 0 461 0 0 0.0
412 3 2 461 2 2 0.2
413 4 0 461 0 0 0.0
413 3 2 461 2 2 0.2
414 4 0 462 0 0 0.0
415 4 0 463 0 0 0.0
416 4 0 463 0 0 0.0
417 4 0 464 0 0 0.0
418 4 0 464 0 0 0.0
418 3 2 464 2 2 0.2
419 4 0 465 0 0 0.0
420 4 0 466 0 0 0.0
420 3 4 466 4 4 0.4
421 3 2 467 2 2 0.2
421 4 0 467 0 0 0.0
422 4 0 467 0 0 0.0
423 3 4 467 4 4 0.4
423 4 0 467 0 0 0.0
424 4 0 467 0 0 0.0
425 4 0 467 0 0 0.0
426 4 0 467 0 0 0.0
427 4 0 467 0 0 0.0
428 4 0 467 0 0 0.0
429 4 0 467 0 0 0.0
430 4 0 467 0 0 0.0
431 4 0 467 0 0 0.0
432 4 0 467 0 0 0.0
432 3 2 467 2 2 0.2
433 4 0 467 0 0 0.0
434 4 0 467 0 0 0.0
434 3 2 467 2 2 0.2
435 4 0 467 0 0 0.0
436 3 2 467 2 2 0.2
436 4 0 467 0 0 0.0
437 4 0 467 0 0 0.0
437 3 4 467 4 4 0.4
438 4 0 467 0 0 0.0
438 3 4 467 4 4 0.4
439 4 0 467 0 0 0.0
439 3 2 467 2 2 0.2
440 4 0 467 0 0 0.0
440 3 2 467 2 2 0.2
441 4 0 467 0 0 0.0
441 3 2 467 2 2 0.2
442 4 0 467 0 0 0.0
443 4 0 467 0 0 0.0
443 3 2 467 2 2 0.2
444 4 0 467 0 0 0.0
444 3 2 467 2 2 0.2
445 4 0 467 0 0 0.0
445 3 2 467 2 2 0.2
446 4 0 467 0 0 0.0
447 4 0 468 0 0 0.0
448 4 0 468 0 0 0.0
448 3 3 468 3 3 0.3
449 4 0 469 0 0 0.0
449 3 2 469 2 2 0.2
450 4 0 469 0 0 0.0
451 4 0 469 0 0 0.0
452 4 0 469 0 0 0.0
453 4 0 469 0 0 0.0
454 4 0 469 0 0 0.0
454 3 2 469 2 2 0.2
455 4 0 470 0 0 0.0
456 3 5 470 5 5 0.5
456 4 0 470 0 0 0.0
457 4 0 470 0 0 0.0
457 3 2 470 2 2 0.2
458 4 0 470 0 0 0.0
459 4 0 470 0 0 0.0
460 4 0 470 0 0 0.0
461 4 0 470 0 0 0.0
462 4 0 470 0 0 0.0
463 4 0 470 0 0 0.0
464 4 0 470 0 0 0.0
464 3 2 470 2 2 0.2
465 4 0 470 0 0 0.0
466 4 0 470 0 0 0.0
467 4 0 470 0 0 0.0
468 4 0 470 0 0 0.0
469 4 0 470 0 0 0.0
470 4 0 470 0 0 0.0
471 4 0 470 0 0 0.0
472 4 0 470 0 0 0.0
472 3 2 470 2 2 0.2
473 4 0 470 0 0 0.0
473 3 3 471 3 3 0.3
474 4 0 471 0 0 0.0
475 4 0 471 0 0 0.0
476 4 0 472 0 0 0.0
476 3 4 472 4 4 0.4
477 3 2 472 2 2 0.2
477 4 0 472 0 0 0.0
478 3 2 472 2 2 0.2
478 4 0 472 0 0 0.0
479 4 0 472 0 0 0.0
480 4 0 472 0 0 0.0
480 3 2 472 2 2 0.2
481 4 0 472 0 0 0.0
482 4 0 472 0 0 0.0
482 3 2 472 2 2 0.2
483 3 2 472 2 2 0.2
483 4 0 472 0 0 0.0
484 4 0 472 0 0 0.0
484 3 2 472 2 2 0.2
485 4 0 472 0 0 0.0
486 4 0 473 0 0 0.0
487 4 0 474 0 0 0.0
488 4 0 475 0 0 0.0
489 4 0 475 0 0 0.0
490 4 0 475 0 0 0.0
490 3 2 475 2 2 0.2
491 4 0 475 0 0 0.0
492 4 0 475 0 0 0.0
492 3 2 475 2 2 0.2
493 4 0 475 0 0 0.0
494 4 0 476 0 0 0.0
495 4 0 476 0 0 0.0
496 4 0 476 0 0 0.0
497 4 0 477 0 0 0.0
497 3 2 477 2 2 0.2
498 4 0 477 0 0 0.0
498 3 2 477 2 2 0.2
499 4 0 477 0 0 0.0
499 3 2 477 2 2 0.2
500 4 0 477 0 0 0.0
501 4 0 478 0 0 0.0
502 4 0 478 0 0 0.0
502 3 2 478 2 2 0.2
503 4 0 478 0 0 0.0
504 4 0 478 0 0 0.0
505 4 0 478 0 0 0.0
505 3 2 478 2 2 0.2
506 4 0 478 0 0 0.0
507 4 0 478 0 0 0.0
508 4 0 478 0 0 0.0
508 3 2 478 2 2 0.2
509 4 0 478 0 0 0.0
509 3 5 478 5 5 0.5
510 4 0 478 0 0 0.0
511 4 0 479 0 0 0.0
512 4 0 480 0 0 0.0
513 4 0 480 0 0 0.0
514 4 0 480 0 0 0.0
515 4 0 480 0 0 0.0
516 4 0 480 0 0 0.0
517 4 0 480 0 0 0.0
518 4 0 480 0 0 0.0
519 4 0 480 0 0 0.0
520 3 2 480 2 2 0.2
520 4 0 480 0 0 0.0
521 4 0 480 0 0 0.0
522 4 0 480 0 0 0.0
522 3 2 480 2 2 0.2
523 4 0 480 0 0 0.0
524 4 0 480 0 0 0.0
525 3 2 480 2 2 0.2
525 4 0 480 0 0 0.0
526 4 0 480 0 0 0.0
526 3 2 480 2 2 0.2
527 3 3 480 3 3 0.3
527 4 0 480 0 0 0.0
528 4 0 480 0 0 0.0
528 3 2 480 2 2 0.2
529 4 0 481 0 0 0.0
530 4 0 481 0 0 0.0
530 3 2 481 2 2 0.2
531 4 0 481 0 0 0.0
531 3 2 481 2 2 0.2
532 4 0 481 0 0 0.0
532 3 2 481 2 2 0.2
533 4 0 481 0 0 0.0
534 4 0 481 0 0 0.0
534 3 2 481 2 2 0.2
535 4 0 481 0 0 0.0
536 4 0 481 0 0 0.0
536 3 2 481 2 2 0.2
537 4 0 481 0 0 0.0
538 3 2 481 2 2 0.2
538 4 0 481 0 0 0.0
539 4 0 481 0 0 0.0
539 3 2 481 2 2 0.2
540 4 0 481 0 0 0.0
540 3 2 481 2 2 0.2
541 4 0 481 0 0 0.0
542 4 0 481 0 0 0.0
543 4 0 481 0 0 0.0
544 4 0 481 0 0 0.0
545 4 0 481 0 0 0.0
545 3 2 481 2 2 0.2
546 4 0 481 0 0 0.0
546 3 4 481 4 4 0.4
547 3 2 481 2 2 0.2
547 4 0 481 0 0 0.0
548 3 2 481 2 2 0.2
548 4 0 481 0 0 0.0
549 4 0 482 0 0 0.0
549 3 2 482 2 2 0.2
550 4 0 482 0 0 0.0
550 3 3 482 3 3 0.3
551 4 0 482 0 0 0.0
551 3 2 482 2 2 0.2
552 4 0 482 0 0 0.0
553 4 0 482 0 0 0.0
553 3 2 482 2 2 0.2
554 4 0 482 0 0 0.0
554 3 2 482 2 2 0.2
555 4 0 482 0 0 0.0
556 4 0 482 0 0 0.0
557 4 0 482 0 0 0.0
558 4 0 482 0 0 0.0
558 3 2 482 2 2 0.2
559 4 0 482 0 0 0.0
560 4 0 482 0 0 0.0
561 4 0 482 0 0 0.0
561 3 2 482 2 2 0.2
562 4 0 482 0 0 0.0
563 4 0 482 0 0 0.0
564 3 2 482 2 2 0.2
564 4 0 482 0 0 0.0
565 4 0 482 0 0 0.0
566 4 0 482 0 0 0.0
567 4 0 482 0 0 0.0
568 4 0 482 0 0 0.0
568 3 2 482 2 2 0.2
569 4 0 482 0 0 0.0
570 4 0 482 0 0 0.0
570 3 2 482 2 2 0.2
571 4 0 482 0 0 0.0
572 4 0 482 0 0 0.0
572 3 2 482 2 2 0.2
573 4 0 482 0 0 0.0
574 4 0 482 0 0 0.0
574 3 2 482 2 2 0.2
575 4 0 482 0 0 0.0
576 4 0 482 0 0 0.0
576 3 2 482 2 2 0.2
577 4 0 482 0 0 0.0
577 3 2 482 2 2 0.2
578 4 0 482 0 0 0.0
579 4 0 482 0 0 0.0
580 4 0 482 0 0 0.0
581 4 0 482 0 0 0.0
582 4 0 483 0 0 0.0
582 3 4 483 4 4 0.4
583 4 0 483 0 0 0.0
584 4 0 483 0 0 0.0
584 3 2 483 2 2 0.2
585 4 0 483 0 0 0.0
586 4 0 484 0 0 0.0
586 3 2 484 2 2 0.2
587 4 0 484 0 0 0.0
588 4 0 484 0 0 0.0
589 4 0 485 0 0 0.0
589 3 4 485 4 4 0.4
590 4 0 485 0 0 0.0
591 4 0 485 0 0 0.0
592 4 0 486 0 0 0.0
593 4 0 486 0 0 0.0
594 4 0 486 0 0 0.0
595 4 0 486 0 0 0.0
596 4 0 486 0 0 0.0
597 4 0 486 0 0 0.0
598 4 0 486 0 0 0.0
599 4 0 486 0 0 0.0
600 4 0 486 0 0 0.0
601 4 0 486 0 0 0.0
602 4 0 486 0 0 0.0
603 4 0 486 0 0 0.0
604 4 0 486 0 0 0.0
605 3 2 487 2 2 0.2
605 4 0 487 0 0 0.0
606 4 0 487 0 0 0.0
606 3 2 487 2 2 0.2
607 4 0 487 0 0 0.0
608 4 0 487 0 0 0.0
608 3 2 487 2 2 0.2
609 4 0 487 0 0 0.0
610 4 0 487 0 0 0.0
611 4 0 487 0 0 0.0
612 4 0 487 0 0 0.0
613 4 0 488 0 0 0.0
614 4 0 488 0 0 0.0
615 4 0 488 0 0 0.0
615 3 2 488 2 2 0.2
616 4 0 488 0 0 0.0
617 4 0 488 0 0 0.0
617 3 2 488 2 2 0.2
618 4 0 488 0 0 0.0
619 4 0 489 0 0 0.0
620 4 0 489 0 0 0.0
621 4 0 489 0 0 0.0
622 4 0 489 0 0 0.0
622 3 2 489 2 2 0.2
623 4 0 489 0 0 0.0
624 4 0 489 0 0 0.0
625 4 0 489 0 0 0.0
626 4 0 489 0 0 0.0
627 4 0 489 0 0 0.0
628 4 0 489 0 0 0.0
629 4 0 489 0 0 0.0
630 4 0 489 0 0 0.0
631 4 0 489 0 0 0.0
632 4 0 489 0 0 0.0
632 3 4 489 4 4 0.4
633 4 0 489 0 0 0.0
633 3 3 489 3 3 0.3
634 4 0 489 0 0 0.0
635 4 0 489 0 0 0.0
635 3 2 489 2 2 0.2
636 4 0 489 0 0 0.0
637 4 0 489 0 0 0.0
638 4 0 489 0 0 0.0
638 3 3 489 3 3 0.3
639 4 0 490 0 0 0.0
640 4 0 491 0 0 0.0
641 4 0 491 0 0 0.0
642 4 0 491 0 0 0.0
642 3 3 491 3 3 0.3
643 4 0 491 0 0 0.0
644 4 0 492 0 0 0.0
644 3 2 492 2 2 0.2
645 4 0 492 0 0 0.0
645 3 2 492 2 2 0.2
646 4 0 492 0 0 0.0
646 3 3 492 3 3 0.3
647 4 0 492 0 0 0.0
648 4 0 492 0 0 0.0
649 4 0 492 0 0 0.0
650 4 0 492 0 0 0.0
650 3 4 492 4 4 0.4
651 4 0 493 0 0 0.0
651 3 3 493 3 3 0.3
652 4 0 493 0 0 0.0
652 3 2 493 2 2 0.2
653 4 0 493 0 0 0.0
654 4 0 493 0 0 0.0
655 4 0 493 0 0 0.0
656 4 0 493 0 0 0.0
656 3 2 493 2 2 0.2
657 4 0 493 0 0 0.0
658 4 0 493 0 0 0.0
659 4 0 493 0 0 0.0
659 3 2 493 2 2 0.2
660 4 0 493 0 0 0.0
660 3 2 493 2 2 0.2
661 4 0 493 0 0 0.0
662 4 0 493 0 0 0.0
662 3 2 493 2 2 0.2
663 3 2 493 2 2 0.2
663 4 0 493 0 0 0.0
664 4 0 493 0 0 0.0
664 3 2 493 2 2 0.2
665 4 0 493 0 0 0.0
666 4 0 493 0 0 0.0
667 4 0 493 0 0 0.0
667 3 2 493 2 2 0.2
668 4 0 493 0 0 0.0
668 3 2 493 2 2 0.2
669 3 2 493 2 2 0.2
669 4 0 493 0 0 0.0
670 4 0 493 0 0 0.0
671 4 0 493 0 0 0.0
671 3 2 493 2 2 0.2
672 4 0 493 0 0 0.0
673 4 0 493 0 0 0.0
674 4 0 493 0 0 0.0
674 3 2 493 2 2 0.2
675 4 0 493 0 0 0.0
675 3 4 493 4 4 0.4
676 4 0 493 0 0 0.0
677 4 0 493 0 0 0.0
677 3 2 493 2 2 0.2
678 4 0 493 0 0 0.0
678 3 4 493 4 4 0.4
679 4 0 493 0 0 0.0
680 4 0 493 0 0 0.0
680 2 5 493 5 5 0.5
681 4 0 493 0 0 0.0
681 3 2 493 2 2 0.2
682 4 0 493 0 0 0.0
683 4 0 493 0 0 0.0
683 3 2 493 2 2 0.2
684 4 0 493 0 0 0.0
685 4 0 494 0 0 0.0
685 3 5 494 5 5 0.5
686 4 0 494 0 0 0.0
687 4 0 494 0 0 0.0
688 4 0 494 0 0 0.0
688 3 2 494 2 2 0.2
689 4 0 494 0 0 0.0
690 4 0 494 0 0 0.0
691 4 0 494 0 0 0.0
692 4 0 494 0 0 0.0
693 4 0 494 0 0 0.0
693 3 4 494 4 4 0.4
694 4 0 494 0 0 0.0
695 4 0 494 0 0 0.0
695 3 2 494 2 2 0.2
696 4 0 494 0 0 0.0
697 4 0 494 0 0 0.0
698 4 0 494 0 0 0.0
699 4 0 494 0 0 0.0
700 4 0 494 0 0 0.0
701 4 0 494 0 0 0.0
702 4 0 494 0 0 0.0
703 4 0 494 0 0 0.0
704 4 0 494 0 0 0.0
705 4 0 495 0 0 0.0
706 4 0 495 0 0 0.0
707 4 0 495 0 0 0.0
708 4 0 495 0 0 0.0
708 3 2 495 2 2 0.2
709 4 0 495 0 0 0.0
710 4 0 495 0 0 0.0
711 4 0 495 0 0 0.0
712 4 0 495 0 0 0.0
713 4 0 495 0 0 0.0
714 4 0 495 0 0 0.0
715 4 0 496 0 0 0.0
716 4 0 496 0 0 0.0
716 3 2 496 2 2 0.2
717 4 0 496 0 0 0.0
718 4 0 496 0 0 0.0
719 4 0 496 0 0 0.0
720 3 4 496 4 4 0.4
720 4 0 496 0 0 0.0
721 4 0 496 0 0 0.0
721 3 3 496 3 3 0.3
722 4 0 496 0 0 0.0
722 3 4 496 4 4 0.4
723 4 0 497 0 0 0.0
724 4 0 497 0 0 0.0
725 4 0 497 0 0 0.0
725 3 2 497 2 2 0.2
726 3 2 497 2 2 0.2
726 4 0 497 0 0 0.0
727 4 0 497 0 0 0.0
728 4 0 497 0 0 0.0
729 4 0 497 0 0 0.0
730 4 0 497 0 0 0.0
731 4 0 497 0 0 0.0
731 3 2 497 2 2 0.2
732 4 0 497 0 0 0.0
732 3 2 497 2 2 0.2
733 4 0 497 0 0 0.0
734 4 0 497 0 0 0.0
735 4 0 497 0 0 0.0
735 3 2 497 2 2 0.2
736 4 0 497 0 0 0.0
736 3 4 497 4 4 0.4
737 4 0 497 0 0 0.0
738 4 0 497 0 0 0.0
738 3 2 497 2 2 0.2
739 4 0 497 0 0 0.0
740 3 2 497 2 2 0.2
740 4 0 497 0 0 0.0
741 4 0 497 0 0 0.0
741 3 2 497 2 2 0.2
742 4 0 497 0 0 0.0
743 4 0 497 0 0 0.0
743 3 2 497 2 2 0.2
744 4 0 497 0 0 0.0
745 4 0 497 0 0 0.0
746 3 2 497 2 2 0.2
746 4 0 497 0 0 0.0
747 4 0 497 0 0 0.0
747 3 2 497 2 2 0.2
748 4 0 497 0 0 0.0
749 4 0 497 0 0 0.0
750 4 0 497 0 0 0.0
751 4 0 497 0 0 0.0
751 3 2 497 2 2 0.2
752 4 0 497 0 0 0.0
752 3 2 497 2 2 0.2
753 4 0 498 0 0 0.0
753 3 4 498 4 4 0.4
754 4 0 498 0 0 0.0
755 4 0 498 0 0 0.0
755 3 3 498 3 3 0.3
756 4 0 498 0 0 0.0
757 4 0 498 0 0 0.0
758 4 0 498 0 0 0.0
759 4 0 499 0 0 0.0
760 4 0 499 0 0 0.0
761 4 0 499 0 0 0.0
762 4 0 499 0 0 0.0
763 4 0 499 0 0 0.0
764 4 0 499 0 0 0.0
765 4 0 500 0 0 0.0
766 4 0 501 0 0 0.0
766 3 2 501 2 2 0.2
767 4 0 501 0 0 0.0
767 3 3 501 3 3 0.3
768 4 0 501 0 0 0.0
768 3 2 501 2 2 0.2
769 4 0 501 0 0 0.0
770 4 0 502 0 0 0.0
771 4 0 502 0 0 0.0
771 3 2 502 2 2 0.2
772 4 0 502 0 0 0.0
773 3 3 502 3 3 0.3
773 4 0 502 0 0 0.0
774 4 0 502 0 0 0.0
774 3 2 502 2 2 0.2
775 4 0 502 0 0 0.0
775 3 2 502 2 2 0.2
776 4 0 502 0 0 0.0
776 3 2 502 2 2 0.2
777 4 0 502 0 0 0.0
778 3 2 502 2 2 0.2
778 4 0 502 0 0 0.0
779 4 0 502 0 0 0.0
779 3 2 502 2 2 0.2
780 4 0 502 0 0 0.0
781 4 0 502 0 0 0.0
781 3 2 502 2 2 0.2
782 4 0 502 0 0 0.0
782 3 2 502 2 2 0.2
783 4 0 502 0 0 0.0
783 3 2 502 2 2 0.2
784 4 0 502 0 0 0.0
785 4 0 502 0 0 0.0
785 3 4 502 4 4 0.4
786 4 0 502 0 0 0.0
787 4 0 502 0 0 0.0
788 4 0 502 0 0 0.0
788 3 2 503 2 2 0.2
789 4 0 503 0 0 0.0
790 4 0 503 0 0 0.0
791 4 0 503 0 0 0.0
791 3 2 503 2 2 0.2
792 4 0 503 0 0 0.0
792 3 2 503 2 2 0.2
793 4 0 503 0 0 0.0
794 4 0 503 0 0 0.0
795 4 0 503 0 0 0.0
796 4 0 503 0 0 0.0
797 4 0 503 0 0 0.0
798 3 2 503 2 2 0.2
798 4 0 503 0 0 0.0
799 4 0 503 0 0 0.0
799 3 2 503 2 2 0.2
800 3 2 503 2 2 0.2
800 4 0 503 0 0 0.0
801 4 0 503 0 0 0.0
801 3 2 503 2 2 0.2
802 4 0 503 0 0 0.0
803 4 0 503 0 0 0.0
804 4 0 503 0 0 0.0
804 3 2 503 2 2 0.2
805 4 0 503 0 0 0.0
806 4 0 503 0 0 0.0
807 4 0 503 0 0 0.0
808 4 0 503 0 0 0.0
808 3 2 503 2 2 0.2
809 4 0 503 0 0 0.0
810 4 0 503 0 0 0.0
811 4 0 503 0 0 0.0
812 4 0 503 0 0 0.0
813 4 0 503 0 0 0.0
814 4 0 503 0 0 0.0
815 4 0 503 0 0 0.0
815 3 4 503 4 4 0.4
816 4 0 503 0 0 0.0
817 4 0 503 0 0 0.0
818 4 0 503 0 0 0.0
819 4 0 503 0 0 0.0
820 4 0 503 0 0 0.0
821 4 0 503 0 0 0.0
822 3 2 503 2 2 0.2
822 4 0 503 0 0 0.0
823 4 0 503 0 0 0.0
824 4 0 503 0 0 0.0
824 3 2 503 2 2 0.2
825 4 0 503 0 0 0.0
826 4 0 503 0 0 0.0
827 4 0 503 0 0 0.0
828 4 0 503 0 0 0.0
828 3 2 503 2 2 0.2
829 4 0 503 0 0 0.0
829 3 2 503 2 2 0.2
830 4 0 503 0 0 0.0
831 4 0 503 0 0 0.0
831 3 4 503 4 4 0.4
832 4 0 503 0 0 0.0
832 3 2 503 2 2 0.2
833 4 0 503 0 0 0.0
834 4 0 503 0 0 0.0
834 3 4 503 4 4 0.4
835 4 0 503 0 0 0.0
835 3 2 503 2 2 0.2
836 4 0 503 0 0 0.0
836 3 4 503 4 4 0.4
837 4 0 503 0 0 0.0
838 4 0 503 0 0 0.0
839 4 0 503 0 0 0.0
840 4 0 503 0 0 0.0
840 3 2 503 2 2 0.2
841 4 0 503 0 0 0.0
842 4 0 503 0 0 0.0
843 4 0 503 0 0 0.0
844 4 0 503 0 0 0.0
845 4 0 503 0 0 0.0
846 4 0 503 0 0 0.0
847 4 0 503 0 0 0.0
847 3 2 503 2 2 0.2
848 3 2 503 2 2 0.2
848 4 0 503 0 0 0.0
849 4 0 503 0 0 0.0
850 4 0 503 0 0 0.0
851 4 0 503 0 0 0.0
851 3 4 503 4 4 0.4
852 4 0 503 0 0 0.0
853 3 2 503 2 2 0.2
853 4 0 503 0 0 0.0
854 3 2 503 2 2 0.2
854 4 0 503 0 0 0.0
855 4 0 503 0 0 0.0
855 3 2 503 2 2 0.2
856 4 0 503 0 0 0.0
857 4 0 503 0 0 0.0
858 4 0 503 0 0 0.0
858 3 2 503 2 2 0.2
859 4 0 503 0 0 0.0
859 3 2 503 2 2 0.2
860 4 0 503 0 0 0.0
861 4 0 503 0 0 0.0
862 4 0 503 0 0 0.0
863 4 0 503 0 0 0.0
864 4 0 503 0 0 0.0
864 3 3 503 3 3 0.3
865 4 0 503 0 0 0.0
866 4 0 503 0 0 0.0
867 4 0 503 0 0 0.0
868 4 0 503 0 0 0.0
869 4 0 504 0 0 0.0
870 3 4 504 4 4 0.4
870 4 0 504 0 0 0.0
871 4 0 504 0 0 0.0
871 3 4 504 4 4 0.4
872 4 0 504 0 0 0.0
873 4 0 504 0 0 0.0
873 3 2 504 2 2 0.2
874 4 0 504 0 0 0.0
875 4 0 504 0 0 0.0
876 4 0 504 0 0 0.0
877 4 0 504 0 0 0.0
878 4 0 504 0 0 0.0
879 4 0 504 0 0 0.0
880 4 0 504 0 0 0.0
881 4 0 504 0 0 0.0
882 4 0 504 0 0 0.0
882 3 4 504 4 4 0.4
883 4 0 504 0 0 0.0
884 4 0 504 0 0 0.0
885 4 0 504 0 0 0.0
886 4 0 504 0 0 0.0
887 4 0 504 0 0 0.0
887 3 2 504 2 2 0.2
888 4 0 504 0 0 0.0
888 3 4 504 4 4 0.4
889 4 0 504 0 0 0.0
890 4 0 504 0 0 0.0
891 4 0 504 0 0 0.0
892 4 0 504 0 0 0.0
893 4 0 504 0 0 0.0
894 4 0 504 0 0 0.0
895 4 0 504 0 0 0.0
895 3 2 504 2 2 0.2
896 4 0 504 0 0 0.0
897 4 0 504 0 0 0.0
898 4 0 504 0 0 0.0
898 3 5 504 5 5 0.5
899 4 0 504 0 0 0.0
900 4 0 504 0 0 0.0
901 4 0 504 0 0 0.0
902 3 2 504 2 2 0.2
902 4 0 504 0 0 0.0
903 4 0 504 0 0 0.0
903 3 2 504 2 2 0.2
904 4 0 504 0 0 0.0
904 3 2 504 2 2 0.2
905 4 0 504 0 0 0.0
906 4 0 504 0 0 0.0
907 4 0 504 0 0 0.0
907 3 2 504 2 2 0.2
908 4 0 504 0 0 0.0
909 4 0 504 0 0 0.0
910 4 0 504 0 0 0.0
911 4 0 504 0 0 0.0
912 4 0 504 0 0 0.0
912 3 2 504 2 2 0.2
913 4 0 504 0 0 0.0
914 4 0 504 0 0 0.0
914 3 2 504 2 2 0.2
915 4 0 504 0 0 0.0
916 4 0 504 0 0 0.0
917 3 4 504 4 4 0.4
917 4 0 504 0 0 0.0
918 4 0 504 0 0 0.0
919 4 0 504 0 0 0.0
920 4 0 504 0 0 0.0
920 3 2 504 2 2 0.2
921 4 0 504 0 0 0.0
922 4 0 504 0 0 0.0
923 4 0 504 0 0 0.0
923 3 2 504 2 2 0.2
924 4 0 504 0 0 0.0
925 4 0 504 0 0 0.0
926 4 0 504 0 0 0.0
927 4 0 504 0 0 0.0
927 3 4 504 4 4 0.4
928 4 0 504 0 0 0.0
929 4 0 504 0 0 0.0
930 4 0 505 0 0 0.0
931 4 0 505 0 0 0.0
931 3 2 505 2 2 0.2
932 4 0 505 0 0 0.0
932 3 2 505 2 2 0.2
933 4 0 505 0 0 0.0
934 4 0 505 0 0 0.0
935 4 0 505 0 0 0.0
936 4 0 505 0 0 0.0
937 4 0 505 0 0 0.0
938 4 0 505 0 0 0.0
939 4 0 505 0 0 0.0
939 3 3 505 3 3 0.3
940 4 0 505 0 0 0.0
941 4 0 505 0 0 0.0
942 3 2 505 2 2 0.2
942 4 0 505 0 0 0.0
943 4 0 505 0 0 0.0
944 4 0 505 0 0 0.0
945 4 0 505 0 0 0.0
946 4 0 505 0 0 0.0
946 3 2 505 2 2 0.2
947 4 0 505 0 0 0.0
947 3 2 505 2 2 0.2
948 4 0 505 0 0 0.0
949 4 0 505 0 0 0.0
949 3 2 505 2 2 0.2
950 4 0 505 0 0 0.0
950 3 2 505 2 2 0.2
951 4 0 505 0 0 0.0
952 4 0 505 0 0 0.0
953 4 0 505 0 0 0.0
954 4 0 505 0 0 0.0
955 4 0 505 0 0 0.0
955 3 2 505 2 2 0.2
956 4 0 505 0 0 0.0
957 4 0 505 0 0 0.0
958 4 0 505 0 0 0.0
959 4 0 505 0 0 0.0
959 3 2 505 2 2 0.2
960 4 0 505 0 0 0.0
960 3 2 505 2 2 0.2
961 4 0 505 0 0 0.0
962 4 0 505 0 0 0.0
963 4 0 505 0 0 0.0
964 4 0 505 0 0 0.0
964 3 2 505 2 2 0.2
965 4 0 505 0 0 0.0
966 4 0 505 0 0 0.0
967 4 0 505 0 0 0.0
968 4 0 505 0 0 0.0
968 3 2 505 2 2 0.2
969 4 0 505 0 0 0.0
970 4 0 505 0 0 0.0
970 3 4 505 4 4 0.4
971 4 0 505 0 0 0.0
972 4 0 505 0 0 0.0
972 3 2 505 2 2 0.2
973 4 0 505 0 0 0.0
973 3 3 505 3 3 0.3
974 4 0 505 0 0 0.0
975 4 0 505 0 0 0.0
975 3 4 505 4 4 0.4
976 4 0 505 0 0 0.0
976 3 2 505 2 2 0.2
977 4 0 505 0 0 0.0
978 4 0 505 0 0 0.0
978 3 2 505 2 2 0.2
979 4 0 505 0 0 0.0
980 4 0 505 0 0 0.0
981 4 0 505 0 0 0.0
982 4 0 505 0 0 0.0
983 4 0 505 0 0 0.0
984 4 0 505 0 0 0.0
985 4 0 505 0 0 0.0
985 3 2 505 2 2 0.2
986 4 0 505 0 0 0.0
987 4 0 505 0 0 0.0
987 3 2 505 2 2 0.2
988 4 0 505 0 0 0.0
989 4 0 505 0 0 0.0
990 4 0 505 0 0 0.0
990 3 2 505 2 2 0.2
991 4 0 505 0 0 0.0
991 3 2 505 2 2 0.2
992 4 0 505 0 0 0.0
992 3 2 505 2 2 0.2
993 4 0 505 0 0 0.0
994 3 2 505 2 2 0.2
994 4 0 505 0 0 0.0
995 4 0 505 0 0 0.0
996 4 0 505 0 0 0.0
996 3 2 505 2 2 0.2
997 4 0 505 0 0 0.0
997 3 2 505 2 2 0.2
998 4 0 505 0 0 0.0
999 4 0 505 0 0 0.0
999 3 4 505 4 4 0.4
1000 4 0 505 0 0 0.0
1000 3 2 505 2 2 0.2
