gen testSuiteSize notKilledMutants number_of_tests no_discount_objective no_equiv_mut_not_killed no_equiv_mut_not_killed_perc
1 3 10 28 10 9 1.0
1 4 7 32 7 6 0.6666666666666666
2 4 7 49 7 6 0.6666666666666666
3 3 10 54 10 9 1.0
4 3 10 59 10 9 1.0
5 3 10 62 10 9 1.0
6 3 10 65 10 9 1.0
7 3 10 70 10 9 1.0
8 3 10 71 10 9 1.0
9 3 10 74 10 9 1.0
10 3 10 76 10 9 1.0
11 3 10 78 10 9 1.0
12 3 10 80 10 9 1.0
13 3 10 82 10 9 1.0
14 3 10 84 10 9 1.0
15 3 10 86 10 9 1.0
16 3 10 90 10 9 1.0
17 3 10 93 10 9 1.0
18 3 7 97 7 6 0.6666666666666666
19 3 7 99 7 6 0.6666666666666666
20 3 7 100 7 6 0.6666666666666666
21 3 7 104 7 6 0.6666666666666666
22 3 7 108 7 6 0.6666666666666666
23 3 7 111 7 6 0.6666666666666666
24 3 7 113 7 6 0.6666666666666666
25 3 7 119 7 6 0.6666666666666666
26 3 7 119 7 6 0.6666666666666666
27 3 7 121 7 6 0.6666666666666666
28 3 7 125 7 6 0.6666666666666666
29 3 7 126 7 6 0.6666666666666666
30 3 7 127 7 6 0.6666666666666666
31 3 7 128 7 6 0.6666666666666666
32 3 7 130 7 6 0.6666666666666666
33 3 7 130 7 6 0.6666666666666666
34 3 7 131 7 6 0.6666666666666666
35 3 7 131 7 6 0.6666666666666666
36 3 7 135 7 6 0.6666666666666666
37 3 7 137 7 6 0.6666666666666666
38 3 7 137 7 6 0.6666666666666666
39 3 7 139 7 6 0.6666666666666666
40 3 7 141 7 6 0.6666666666666666
41 3 7 142 7 6 0.6666666666666666
42 3 7 143 7 6 0.6666666666666666
43 3 7 144 7 6 0.6666666666666666
44 3 7 146 7 6 0.6666666666666666
45 3 7 149 7 6 0.6666666666666666
46 3 7 150 7 6 0.6666666666666666
47 3 7 154 7 6 0.6666666666666666
48 3 7 154 7 6 0.6666666666666666
49 3 7 158 7 6 0.6666666666666666
50 3 7 159 7 6 0.6666666666666666
51 3 7 161 7 6 0.6666666666666666
52 3 7 164 7 6 0.6666666666666666
53 3 7 165 7 6 0.6666666666666666
54 3 7 166 7 6 0.6666666666666666
55 3 7 170 7 6 0.6666666666666666
56 3 7 170 7 6 0.6666666666666666
57 3 7 172 7 6 0.6666666666666666
58 3 7 174 7 6 0.6666666666666666
59 3 7 175 7 6 0.6666666666666666
60 3 7 176 7 6 0.6666666666666666
61 3 7 176 7 6 0.6666666666666666
62 3 7 178 7 6 0.6666666666666666
63 3 7 178 7 6 0.6666666666666666
64 3 7 178 7 6 0.6666666666666666
65 3 7 180 7 6 0.6666666666666666
66 3 7 184 7 6 0.6666666666666666
67 3 7 184 7 6 0.6666666666666666
68 3 7 185 7 6 0.6666666666666666
69 3 7 185 7 6 0.6666666666666666
70 3 7 186 7 6 0.6666666666666666
71 3 7 188 7 6 0.6666666666666666
72 3 7 188 7 6 0.6666666666666666
73 3 7 189 7 6 0.6666666666666666
74 3 7 190 7 6 0.6666666666666666
75 3 7 190 7 6 0.6666666666666666
76 3 7 192 7 6 0.6666666666666666
77 3 7 194 7 6 0.6666666666666666
78 3 7 194 7 6 0.6666666666666666
79 3 7 195 7 6 0.6666666666666666
80 3 7 195 7 6 0.6666666666666666
81 3 7 197 7 6 0.6666666666666666
82 3 7 197 7 6 0.6666666666666666
83 3 7 198 7 6 0.6666666666666666
84 3 7 199 7 6 0.6666666666666666
85 3 7 200 7 6 0.6666666666666666
86 3 7 202 7 6 0.6666666666666666
87 3 7 202 7 6 0.6666666666666666
88 3 7 205 7 6 0.6666666666666666
89 3 7 205 7 6 0.6666666666666666
90 3 7 206 7 6 0.6666666666666666
91 3 7 209 7 6 0.6666666666666666
92 3 7 210 7 6 0.6666666666666666
93 3 7 210 7 6 0.6666666666666666
94 3 7 211 7 6 0.6666666666666666
95 3 7 212 7 6 0.6666666666666666
96 3 7 213 7 6 0.6666666666666666
97 3 7 215 7 6 0.6666666666666666
98 3 7 217 7 6 0.6666666666666666
99 3 7 217 7 6 0.6666666666666666
100 3 7 220 7 6 0.6666666666666666
101 3 7 223 7 6 0.6666666666666666
102 3 7 224 7 6 0.6666666666666666
103 3 7 225 7 6 0.6666666666666666
104 3 7 225 7 6 0.6666666666666666
105 3 7 225 7 6 0.6666666666666666
106 3 7 228 7 6 0.6666666666666666
107 3 7 231 7 6 0.6666666666666666
108 3 7 232 7 6 0.6666666666666666
109 3 7 233 7 6 0.6666666666666666
110 3 7 236 7 6 0.6666666666666666
111 3 7 237 7 6 0.6666666666666666
112 3 7 238 7 6 0.6666666666666666
113 3 7 239 7 6 0.6666666666666666
114 3 7 239 7 6 0.6666666666666666
115 3 7 239 7 6 0.6666666666666666
116 3 7 241 7 6 0.6666666666666666
117 3 7 242 7 6 0.6666666666666666
118 3 7 242 7 6 0.6666666666666666
119 3 7 245 7 6 0.6666666666666666
120 3 7 246 7 6 0.6666666666666666
121 3 7 246 7 6 0.6666666666666666
122 3 7 248 7 6 0.6666666666666666
123 3 7 248 7 6 0.6666666666666666
124 3 7 249 7 6 0.6666666666666666
125 3 7 249 7 6 0.6666666666666666
126 3 7 250 7 6 0.6666666666666666
127 3 7 251 7 6 0.6666666666666666
128 3 7 252 7 6 0.6666666666666666
129 3 7 252 7 6 0.6666666666666666
130 3 7 252 7 6 0.6666666666666666
131 3 7 252 7 6 0.6666666666666666
132 3 7 253 7 6 0.6666666666666666
133 3 7 253 7 6 0.6666666666666666
134 3 7 255 7 6 0.6666666666666666
135 3 7 257 7 6 0.6666666666666666
136 3 7 258 7 6 0.6666666666666666
137 3 7 259 7 6 0.6666666666666666
138 3 7 260 7 6 0.6666666666666666
139 3 7 260 7 6 0.6666666666666666
140 3 7 261 7 6 0.6666666666666666
141 3 7 261 7 6 0.6666666666666666
142 3 7 262 7 6 0.6666666666666666
143 3 7 263 7 6 0.6666666666666666
144 3 7 264 7 6 0.6666666666666666
145 3 7 265 7 6 0.6666666666666666
146 3 7 266 7 6 0.6666666666666666
147 3 7 267 7 6 0.6666666666666666
148 3 7 267 7 6 0.6666666666666666
149 3 7 268 7 6 0.6666666666666666
150 3 7 268 7 6 0.6666666666666666
151 3 7 268 7 6 0.6666666666666666
152 3 7 268 7 6 0.6666666666666666
153 3 7 268 7 6 0.6666666666666666
154 3 7 270 7 6 0.6666666666666666
155 3 7 272 7 6 0.6666666666666666
156 3 7 273 7 6 0.6666666666666666
157 3 7 274 7 6 0.6666666666666666
158 3 7 275 7 6 0.6666666666666666
159 3 7 278 7 6 0.6666666666666666
160 3 7 280 7 6 0.6666666666666666
161 3 7 280 7 6 0.6666666666666666
162 3 7 280 7 6 0.6666666666666666
163 3 7 280 7 6 0.6666666666666666
164 3 7 281 7 6 0.6666666666666666
165 3 7 281 7 6 0.6666666666666666
166 3 7 282 7 6 0.6666666666666666
167 3 7 283 7 6 0.6666666666666666
168 3 7 284 7 6 0.6666666666666666
169 3 7 284 7 6 0.6666666666666666
170 3 7 284 7 6 0.6666666666666666
171 3 7 285 7 6 0.6666666666666666
172 3 7 285 7 6 0.6666666666666666
173 3 7 285 7 6 0.6666666666666666
174 3 7 285 7 6 0.6666666666666666
175 3 7 286 7 6 0.6666666666666666
176 3 7 286 7 6 0.6666666666666666
177 3 7 287 7 6 0.6666666666666666
178 3 7 287 7 6 0.6666666666666666
179 3 7 289 7 6 0.6666666666666666
180 3 7 289 7 6 0.6666666666666666
181 3 7 289 7 6 0.6666666666666666
182 3 7 289 7 6 0.6666666666666666
183 3 7 290 7 6 0.6666666666666666
184 3 7 291 7 6 0.6666666666666666
185 3 7 291 7 6 0.6666666666666666
186 3 7 293 7 6 0.6666666666666666
187 3 7 293 7 6 0.6666666666666666
188 3 7 293 7 6 0.6666666666666666
189 3 7 293 7 6 0.6666666666666666
190 3 7 293 7 6 0.6666666666666666
191 3 7 293 7 6 0.6666666666666666
192 3 7 293 7 6 0.6666666666666666
193 3 7 294 7 6 0.6666666666666666
194 3 7 294 7 6 0.6666666666666666
195 3 7 294 7 6 0.6666666666666666
196 3 7 297 7 6 0.6666666666666666
197 3 7 297 7 6 0.6666666666666666
198 3 7 298 7 6 0.6666666666666666
199 3 7 299 7 6 0.6666666666666666
200 3 7 299 7 6 0.6666666666666666
201 3 7 299 7 6 0.6666666666666666
202 3 7 300 7 6 0.6666666666666666
203 3 7 300 7 6 0.6666666666666666
204 3 7 301 7 6 0.6666666666666666
205 3 7 301 7 6 0.6666666666666666
206 3 7 302 7 6 0.6666666666666666
207 3 7 302 7 6 0.6666666666666666
208 3 7 302 7 6 0.6666666666666666
209 3 7 302 7 6 0.6666666666666666
210 3 7 302 7 6 0.6666666666666666
211 3 7 302 7 6 0.6666666666666666
212 3 7 302 7 6 0.6666666666666666
213 3 7 303 7 6 0.6666666666666666
214 3 7 303 7 6 0.6666666666666666
215 3 7 303 7 6 0.6666666666666666
216 3 7 303 7 6 0.6666666666666666
217 3 7 303 7 6 0.6666666666666666
218 3 7 304 7 6 0.6666666666666666
219 3 7 304 7 6 0.6666666666666666
220 3 7 304 7 6 0.6666666666666666
221 3 7 304 7 6 0.6666666666666666
222 3 7 304 7 6 0.6666666666666666
223 3 7 305 7 6 0.6666666666666666
224 3 7 306 7 6 0.6666666666666666
225 3 7 306 7 6 0.6666666666666666
226 3 7 306 7 6 0.6666666666666666
227 3 7 306 7 6 0.6666666666666666
228 3 7 306 7 6 0.6666666666666666
229 3 7 307 7 6 0.6666666666666666
230 3 7 310 7 6 0.6666666666666666
231 3 7 310 7 6 0.6666666666666666
232 3 7 312 7 6 0.6666666666666666
233 3 7 312 7 6 0.6666666666666666
234 3 7 312 7 6 0.6666666666666666
235 3 7 313 7 6 0.6666666666666666
236 3 7 314 7 6 0.6666666666666666
237 3 7 314 7 6 0.6666666666666666
238 3 7 315 7 6 0.6666666666666666
239 3 7 315 7 6 0.6666666666666666
240 3 7 316 7 6 0.6666666666666666
241 3 7 316 7 6 0.6666666666666666
242 3 7 316 7 6 0.6666666666666666
243 3 7 316 7 6 0.6666666666666666
244 3 7 316 7 6 0.6666666666666666
245 3 7 316 7 6 0.6666666666666666
246 3 7 317 7 6 0.6666666666666666
247 3 7 317 7 6 0.6666666666666666
248 3 7 318 7 6 0.6666666666666666
249 3 7 318 7 6 0.6666666666666666
250 3 7 319 7 6 0.6666666666666666
251 3 7 319 7 6 0.6666666666666666
252 3 7 320 7 6 0.6666666666666666
253 3 7 320 7 6 0.6666666666666666
254 3 7 320 7 6 0.6666666666666666
255 3 7 320 7 6 0.6666666666666666
256 3 7 320 7 6 0.6666666666666666
257 3 7 320 7 6 0.6666666666666666
258 3 7 320 7 6 0.6666666666666666
259 3 7 320 7 6 0.6666666666666666
260 3 7 320 7 6 0.6666666666666666
261 3 7 322 7 6 0.6666666666666666
262 3 7 322 7 6 0.6666666666666666
263 3 7 323 7 6 0.6666666666666666
264 3 7 324 7 6 0.6666666666666666
265 3 7 324 7 6 0.6666666666666666
266 3 7 324 7 6 0.6666666666666666
267 3 7 326 7 6 0.6666666666666666
268 3 7 327 7 6 0.6666666666666666
269 3 7 327 7 6 0.6666666666666666
270 3 7 329 7 6 0.6666666666666666
271 3 7 329 7 6 0.6666666666666666
272 3 7 329 7 6 0.6666666666666666
273 3 7 329 7 6 0.6666666666666666
274 3 7 329 7 6 0.6666666666666666
275 3 7 329 7 6 0.6666666666666666
276 3 7 329 7 6 0.6666666666666666
277 3 7 329 7 6 0.6666666666666666
278 3 7 330 7 6 0.6666666666666666
279 3 7 330 7 6 0.6666666666666666
280 3 7 330 7 6 0.6666666666666666
281 3 7 330 7 6 0.6666666666666666
282 3 7 330 7 6 0.6666666666666666
283 3 7 331 7 6 0.6666666666666666
284 3 7 332 7 6 0.6666666666666666
285 3 7 332 7 6 0.6666666666666666
286 3 7 332 7 6 0.6666666666666666
287 3 7 333 7 6 0.6666666666666666
288 3 7 333 7 6 0.6666666666666666
289 3 7 334 7 6 0.6666666666666666
290 3 7 334 7 6 0.6666666666666666
291 3 7 334 7 6 0.6666666666666666
292 3 7 334 7 6 0.6666666666666666
293 3 7 334 7 6 0.6666666666666666
294 3 7 334 7 6 0.6666666666666666
295 3 7 334 7 6 0.6666666666666666
296 3 7 334 7 6 0.6666666666666666
297 3 7 335 7 6 0.6666666666666666
298 3 7 335 7 6 0.6666666666666666
299 3 7 335 7 6 0.6666666666666666
299 4 3 336 3 2 0.2222222222222222
300 3 7 336 7 6 0.6666666666666666
301 3 7 336 7 6 0.6666666666666666
302 3 7 337 7 6 0.6666666666666666
303 3 7 337 7 6 0.6666666666666666
304 3 7 338 7 6 0.6666666666666666
305 3 7 338 7 6 0.6666666666666666
306 3 7 338 7 6 0.6666666666666666
307 3 7 339 7 6 0.6666666666666666
308 3 7 339 7 6 0.6666666666666666
309 3 7 339 7 6 0.6666666666666666
310 3 7 339 7 6 0.6666666666666666
311 3 7 339 7 6 0.6666666666666666
312 3 7 341 7 6 0.6666666666666666
313 3 7 343 7 6 0.6666666666666666
314 3 7 343 7 6 0.6666666666666666
315 3 7 343 7 6 0.6666666666666666
316 3 7 344 7 6 0.6666666666666666
317 3 7 344 7 6 0.6666666666666666
318 3 7 345 7 6 0.6666666666666666
319 3 7 345 7 6 0.6666666666666666
320 3 7 345 7 6 0.6666666666666666
321 3 7 345 7 6 0.6666666666666666
322 3 7 346 7 6 0.6666666666666666
323 3 7 347 7 6 0.6666666666666666
324 4 6 348 6 5 0.5555555555555556
324 3 7 348 7 6 0.6666666666666666
325 3 7 348 7 6 0.6666666666666666
326 3 7 349 7 6 0.6666666666666666
327 3 7 349 7 6 0.6666666666666666
328 3 7 350 7 6 0.6666666666666666
329 3 7 350 7 6 0.6666666666666666
330 3 7 350 7 6 0.6666666666666666
331 3 7 350 7 6 0.6666666666666666
332 3 7 350 7 6 0.6666666666666666
333 3 7 350 7 6 0.6666666666666666
334 3 7 350 7 6 0.6666666666666666
335 3 7 350 7 6 0.6666666666666666
336 3 7 350 7 6 0.6666666666666666
337 3 7 350 7 6 0.6666666666666666
338 3 7 350 7 6 0.6666666666666666
339 3 7 351 7 6 0.6666666666666666
340 3 7 351 7 6 0.6666666666666666
341 3 7 352 7 6 0.6666666666666666
342 3 7 352 7 6 0.6666666666666666
343 3 7 352 7 6 0.6666666666666666
343 4 4 354 4 3 0.3333333333333333
344 3 7 354 7 6 0.6666666666666666
345 3 7 355 7 6 0.6666666666666666
346 3 7 356 7 6 0.6666666666666666
347 3 7 356 7 6 0.6666666666666666
348 3 7 356 7 6 0.6666666666666666
349 3 7 356 7 6 0.6666666666666666
350 3 7 356 7 6 0.6666666666666666
351 3 7 357 7 6 0.6666666666666666
352 3 7 357 7 6 0.6666666666666666
353 3 7 357 7 6 0.6666666666666666
354 3 7 357 7 6 0.6666666666666666
355 3 7 357 7 6 0.6666666666666666
356 3 7 358 7 6 0.6666666666666666
357 3 7 358 7 6 0.6666666666666666
358 3 7 359 7 6 0.6666666666666666
359 3 7 359 7 6 0.6666666666666666
360 3 7 359 7 6 0.6666666666666666
361 3 7 359 7 6 0.6666666666666666
362 3 7 359 7 6 0.6666666666666666
363 3 7 359 7 6 0.6666666666666666
364 3 7 359 7 6 0.6666666666666666
365 3 7 360 7 6 0.6666666666666666
366 3 7 360 7 6 0.6666666666666666
367 3 7 360 7 6 0.6666666666666666
368 3 7 361 7 6 0.6666666666666666
369 3 7 361 7 6 0.6666666666666666
370 3 7 361 7 6 0.6666666666666666
371 3 7 361 7 6 0.6666666666666666
372 3 7 362 7 6 0.6666666666666666
373 3 7 362 7 6 0.6666666666666666
374 3 7 363 7 6 0.6666666666666666
375 3 7 363 7 6 0.6666666666666666
376 3 7 364 7 6 0.6666666666666666
377 3 7 366 7 6 0.6666666666666666
378 3 7 366 7 6 0.6666666666666666
379 3 7 366 7 6 0.6666666666666666
380 3 7 366 7 6 0.6666666666666666
381 3 7 367 7 6 0.6666666666666666
382 3 7 367 7 6 0.6666666666666666
383 3 7 368 7 6 0.6666666666666666
384 3 7 368 7 6 0.6666666666666666
385 3 7 368 7 6 0.6666666666666666
386 3 7 368 7 6 0.6666666666666666
387 3 7 369 7 6 0.6666666666666666
388 3 7 369 7 6 0.6666666666666666
389 3 7 369 7 6 0.6666666666666666
390 3 7 369 7 6 0.6666666666666666
391 3 7 370 7 6 0.6666666666666666
392 3 7 370 7 6 0.6666666666666666
393 3 7 370 7 6 0.6666666666666666
394 3 7 370 7 6 0.6666666666666666
395 3 7 370 7 6 0.6666666666666666
396 3 7 370 7 6 0.6666666666666666
397 3 7 371 7 6 0.6666666666666666
398 3 7 371 7 6 0.6666666666666666
399 3 7 371 7 6 0.6666666666666666
400 3 7 372 7 6 0.6666666666666666
401 3 7 372 7 6 0.6666666666666666
402 3 7 372 7 6 0.6666666666666666
403 3 7 372 7 6 0.6666666666666666
404 3 7 374 7 6 0.6666666666666666
405 3 7 374 7 6 0.6666666666666666
406 3 7 374 7 6 0.6666666666666666
407 3 7 374 7 6 0.6666666666666666
408 3 7 375 7 6 0.6666666666666666
409 3 7 375 7 6 0.6666666666666666
410 3 7 375 7 6 0.6666666666666666
411 3 7 375 7 6 0.6666666666666666
412 3 7 375 7 6 0.6666666666666666
413 3 7 375 7 6 0.6666666666666666
414 3 7 375 7 6 0.6666666666666666
415 3 7 375 7 6 0.6666666666666666
416 3 7 375 7 6 0.6666666666666666
417 3 7 375 7 6 0.6666666666666666
418 3 7 375 7 6 0.6666666666666666
419 3 7 375 7 6 0.6666666666666666
420 3 7 375 7 6 0.6666666666666666
421 3 7 375 7 6 0.6666666666666666
422 3 7 375 7 6 0.6666666666666666
423 3 7 375 7 6 0.6666666666666666
424 3 7 375 7 6 0.6666666666666666
425 3 7 375 7 6 0.6666666666666666
426 3 7 376 7 6 0.6666666666666666
427 3 7 376 7 6 0.6666666666666666
428 3 7 376 7 6 0.6666666666666666
429 3 7 376 7 6 0.6666666666666666
430 3 7 377 7 6 0.6666666666666666
431 3 7 377 7 6 0.6666666666666666
432 3 7 378 7 6 0.6666666666666666
433 3 7 378 7 6 0.6666666666666666
434 3 7 378 7 6 0.6666666666666666
435 3 7 378 7 6 0.6666666666666666
436 3 7 378 7 6 0.6666666666666666
437 3 7 378 7 6 0.6666666666666666
438 3 7 378 7 6 0.6666666666666666
439 3 7 378 7 6 0.6666666666666666
440 3 7 378 7 6 0.6666666666666666
441 3 7 380 7 6 0.6666666666666666
442 3 7 380 7 6 0.6666666666666666
442 4 4 381 4 3 0.3333333333333333
443 3 7 381 7 6 0.6666666666666666
444 3 7 381 7 6 0.6666666666666666
445 3 7 381 7 6 0.6666666666666666
446 3 7 381 7 6 0.6666666666666666
446 2 10 381 10 9 1.0
447 4 3 382 3 2 0.2222222222222222
448 4 3 382 3 2 0.2222222222222222
448 3 10 382 10 9 1.0
449 4 3 382 3 2 0.2222222222222222
450 4 3 383 3 2 0.2222222222222222
450 3 7 385 7 6 0.6666666666666666
451 4 3 385 3 2 0.2222222222222222
452 4 3 385 3 2 0.2222222222222222
453 4 3 386 3 2 0.2222222222222222
454 4 3 389 3 2 0.2222222222222222
455 4 3 390 3 2 0.2222222222222222
456 4 3 391 3 2 0.2222222222222222
457 4 3 392 3 2 0.2222222222222222
458 4 3 392 3 2 0.2222222222222222
459 4 3 393 3 2 0.2222222222222222
460 4 3 394 3 2 0.2222222222222222
461 4 3 394 3 2 0.2222222222222222
462 4 3 394 3 2 0.2222222222222222
463 4 3 394 3 2 0.2222222222222222
464 4 3 394 3 2 0.2222222222222222
464 3 7 395 7 6 0.6666666666666666
465 4 3 395 3 2 0.2222222222222222
466 3 7 396 7 6 0.6666666666666666
466 4 3 396 3 2 0.2222222222222222
467 4 3 396 3 2 0.2222222222222222
468 4 3 396 3 2 0.2222222222222222
469 4 3 397 3 2 0.2222222222222222
470 4 3 398 3 2 0.2222222222222222
471 4 3 398 3 2 0.2222222222222222
471 3 7 398 7 6 0.6666666666666666
472 4 3 398 3 2 0.2222222222222222
473 4 3 400 3 2 0.2222222222222222
474 4 3 400 3 2 0.2222222222222222
474 3 7 400 7 6 0.6666666666666666
475 4 3 400 3 2 0.2222222222222222
476 4 3 401 3 2 0.2222222222222222
476 3 7 402 7 6 0.6666666666666666
477 4 3 403 3 2 0.2222222222222222
478 4 3 403 3 2 0.2222222222222222
479 4 3 405 3 2 0.2222222222222222
480 4 3 405 3 2 0.2222222222222222
481 4 3 405 3 2 0.2222222222222222
482 4 3 405 3 2 0.2222222222222222
483 4 3 408 3 2 0.2222222222222222
484 4 3 408 3 2 0.2222222222222222
485 4 3 410 3 2 0.2222222222222222
486 4 3 410 3 2 0.2222222222222222
486 3 7 410 7 6 0.6666666666666666
487 4 3 410 3 2 0.2222222222222222
488 4 3 410 3 2 0.2222222222222222
489 4 3 410 3 2 0.2222222222222222
490 4 3 410 3 2 0.2222222222222222
491 4 3 410 3 2 0.2222222222222222
492 4 3 410 3 2 0.2222222222222222
493 4 3 411 3 2 0.2222222222222222
494 4 3 411 3 2 0.2222222222222222
495 4 3 412 3 2 0.2222222222222222
496 4 3 413 3 2 0.2222222222222222
497 4 3 413 3 2 0.2222222222222222
498 4 3 413 3 2 0.2222222222222222
499 4 3 413 3 2 0.2222222222222222
500 4 3 413 3 2 0.2222222222222222
501 4 3 414 3 2 0.2222222222222222
502 4 3 414 3 2 0.2222222222222222
503 4 3 417 3 2 0.2222222222222222
503 3 7 417 7 6 0.6666666666666666
504 4 3 417 3 2 0.2222222222222222
505 4 3 417 3 2 0.2222222222222222
505 3 7 417 7 6 0.6666666666666666
506 4 3 418 3 2 0.2222222222222222
507 4 3 418 3 2 0.2222222222222222
508 4 3 420 3 2 0.2222222222222222
508 3 7 420 7 6 0.6666666666666666
509 4 3 421 3 2 0.2222222222222222
509 3 7 421 7 6 0.6666666666666666
510 4 3 421 3 2 0.2222222222222222
511 4 3 421 3 2 0.2222222222222222
512 4 3 422 3 2 0.2222222222222222
513 4 3 423 3 2 0.2222222222222222
514 4 3 424 3 2 0.2222222222222222
515 4 3 426 3 2 0.2222222222222222
515 3 7 426 7 6 0.6666666666666666
516 4 3 426 3 2 0.2222222222222222
517 4 3 427 3 2 0.2222222222222222
517 3 7 428 7 6 0.6666666666666666
518 4 3 428 3 2 0.2222222222222222
519 4 3 428 3 2 0.2222222222222222
520 4 3 429 3 2 0.2222222222222222
521 4 3 429 3 2 0.2222222222222222
521 3 7 429 7 6 0.6666666666666666
522 4 3 429 3 2 0.2222222222222222
523 4 3 429 3 2 0.2222222222222222
524 4 3 429 3 2 0.2222222222222222
525 4 3 429 3 2 0.2222222222222222
525 3 7 429 7 6 0.6666666666666666
526 4 3 430 3 2 0.2222222222222222
527 4 3 431 3 2 0.2222222222222222
527 3 7 431 7 6 0.6666666666666666
528 4 3 431 3 2 0.2222222222222222
528 3 10 431 10 9 1.0
529 4 3 431 3 2 0.2222222222222222
529 3 7 431 7 6 0.6666666666666666
530 4 3 431 3 2 0.2222222222222222
531 4 3 431 3 2 0.2222222222222222
532 4 3 431 3 2 0.2222222222222222
533 4 3 431 3 2 0.2222222222222222
534 4 3 431 3 2 0.2222222222222222
535 4 3 432 3 2 0.2222222222222222
536 4 3 432 3 2 0.2222222222222222
537 4 3 432 3 2 0.2222222222222222
538 4 3 432 3 2 0.2222222222222222
539 4 3 432 3 2 0.2222222222222222
540 4 3 432 3 2 0.2222222222222222
540 3 7 432 7 6 0.6666666666666666
541 4 3 432 3 2 0.2222222222222222
542 4 3 432 3 2 0.2222222222222222
542 3 7 432 7 6 0.6666666666666666
543 4 3 432 3 2 0.2222222222222222
544 4 3 432 3 2 0.2222222222222222
545 4 3 433 3 2 0.2222222222222222
545 3 7 433 7 6 0.6666666666666666
546 4 3 434 3 2 0.2222222222222222
547 4 3 434 3 2 0.2222222222222222
548 4 3 434 3 2 0.2222222222222222
548 3 7 434 7 6 0.6666666666666666
549 4 3 434 3 2 0.2222222222222222
550 3 7 434 7 6 0.6666666666666666
550 4 3 434 3 2 0.2222222222222222
551 4 3 434 3 2 0.2222222222222222
552 4 3 434 3 2 0.2222222222222222
553 4 3 434 3 2 0.2222222222222222
554 4 3 434 3 2 0.2222222222222222
555 4 3 434 3 2 0.2222222222222222
556 4 3 434 3 2 0.2222222222222222
557 4 3 435 3 2 0.2222222222222222
558 4 3 435 3 2 0.2222222222222222
559 4 3 435 3 2 0.2222222222222222
560 4 3 435 3 2 0.2222222222222222
561 4 3 435 3 2 0.2222222222222222
562 4 3 435 3 2 0.2222222222222222
563 4 3 435 3 2 0.2222222222222222
563 3 7 436 7 6 0.6666666666666666
564 4 3 436 3 2 0.2222222222222222
564 3 7 436 7 6 0.6666666666666666
565 4 3 437 3 2 0.2222222222222222
566 4 3 437 3 2 0.2222222222222222
567 4 3 437 3 2 0.2222222222222222
568 4 3 438 3 2 0.2222222222222222
568 3 7 438 7 6 0.6666666666666666
569 4 3 438 3 2 0.2222222222222222
569 3 7 438 7 6 0.6666666666666666
570 4 3 438 3 2 0.2222222222222222
571 4 3 438 3 2 0.2222222222222222
572 4 3 438 3 2 0.2222222222222222
573 4 3 438 3 2 0.2222222222222222
573 3 7 438 7 6 0.6666666666666666
574 4 3 438 3 2 0.2222222222222222
575 4 3 438 3 2 0.2222222222222222
576 4 3 439 3 2 0.2222222222222222
577 4 3 439 3 2 0.2222222222222222
578 4 3 439 3 2 0.2222222222222222
578 3 7 439 7 6 0.6666666666666666
579 4 3 439 3 2 0.2222222222222222
580 4 3 439 3 2 0.2222222222222222
580 3 7 440 7 6 0.6666666666666666
581 4 3 440 3 2 0.2222222222222222
581 3 7 440 7 6 0.6666666666666666
582 4 3 440 3 2 0.2222222222222222
583 4 3 440 3 2 0.2222222222222222
584 4 3 441 3 2 0.2222222222222222
585 4 3 442 3 2 0.2222222222222222
586 4 3 443 3 2 0.2222222222222222
587 4 3 443 3 2 0.2222222222222222
588 4 3 443 3 2 0.2222222222222222
589 4 3 443 3 2 0.2222222222222222
590 4 3 443 3 2 0.2222222222222222
591 4 3 444 3 2 0.2222222222222222
592 4 3 444 3 2 0.2222222222222222
593 4 3 445 3 2 0.2222222222222222
594 4 3 445 3 2 0.2222222222222222
594 3 7 445 7 6 0.6666666666666666
595 4 3 445 3 2 0.2222222222222222
596 4 3 445 3 2 0.2222222222222222
597 4 3 446 3 2 0.2222222222222222
597 3 7 446 7 6 0.6666666666666666
598 4 3 446 3 2 0.2222222222222222
598 3 7 446 7 6 0.6666666666666666
599 4 3 447 3 2 0.2222222222222222
600 4 3 447 3 2 0.2222222222222222
600 3 7 447 7 6 0.6666666666666666
601 4 3 447 3 2 0.2222222222222222
602 4 3 447 3 2 0.2222222222222222
602 3 7 447 7 6 0.6666666666666666
603 4 3 447 3 2 0.2222222222222222
604 4 3 447 3 2 0.2222222222222222
604 3 10 447 10 9 1.0
605 4 3 447 3 2 0.2222222222222222
605 3 7 447 7 6 0.6666666666666666
606 4 3 447 3 2 0.2222222222222222
607 4 3 448 3 2 0.2222222222222222
608 4 3 448 3 2 0.2222222222222222
609 4 3 449 3 2 0.2222222222222222
610 4 3 449 3 2 0.2222222222222222
611 4 3 450 3 2 0.2222222222222222
611 3 7 450 7 6 0.6666666666666666
612 4 3 450 3 2 0.2222222222222222
612 3 7 450 7 6 0.6666666666666666
613 4 3 450 3 2 0.2222222222222222
614 4 3 450 3 2 0.2222222222222222
615 4 3 450 3 2 0.2222222222222222
616 4 3 450 3 2 0.2222222222222222
617 4 3 451 3 2 0.2222222222222222
618 4 3 452 3 2 0.2222222222222222
619 4 3 452 3 2 0.2222222222222222
619 3 7 452 7 6 0.6666666666666666
620 4 3 452 3 2 0.2222222222222222
621 4 3 453 3 2 0.2222222222222222
622 4 3 453 3 2 0.2222222222222222
622 3 7 453 7 6 0.6666666666666666
623 4 3 453 3 2 0.2222222222222222
624 4 3 453 3 2 0.2222222222222222
624 3 7 453 7 6 0.6666666666666666
625 4 3 453 3 2 0.2222222222222222
626 4 3 453 3 2 0.2222222222222222
627 4 3 454 3 2 0.2222222222222222
628 4 3 455 3 2 0.2222222222222222
629 4 3 457 3 2 0.2222222222222222
630 4 3 458 3 2 0.2222222222222222
631 4 3 458 3 2 0.2222222222222222
632 4 3 459 3 2 0.2222222222222222
633 4 3 459 3 2 0.2222222222222222
634 4 3 460 3 2 0.2222222222222222
635 4 3 460 3 2 0.2222222222222222
636 4 3 460 3 2 0.2222222222222222
636 3 7 460 7 6 0.6666666666666666
637 4 3 460 3 2 0.2222222222222222
637 3 7 460 7 6 0.6666666666666666
638 4 3 460 3 2 0.2222222222222222
638 3 7 460 7 6 0.6666666666666666
639 4 3 460 3 2 0.2222222222222222
640 4 3 460 3 2 0.2222222222222222
641 4 3 460 3 2 0.2222222222222222
642 4 3 460 3 2 0.2222222222222222
642 3 7 460 7 6 0.6666666666666666
643 4 3 460 3 2 0.2222222222222222
644 4 3 461 3 2 0.2222222222222222
645 4 3 461 3 2 0.2222222222222222
646 4 3 461 3 2 0.2222222222222222
646 3 7 461 7 6 0.6666666666666666
647 4 3 461 3 2 0.2222222222222222
648 4 3 461 3 2 0.2222222222222222
649 4 3 461 3 2 0.2222222222222222
650 4 3 461 3 2 0.2222222222222222
651 4 3 461 3 2 0.2222222222222222
651 3 7 461 7 6 0.6666666666666666
652 4 3 461 3 2 0.2222222222222222
652 3 7 461 7 6 0.6666666666666666
653 4 3 461 3 2 0.2222222222222222
653 3 7 461 7 6 0.6666666666666666
654 4 3 461 3 2 0.2222222222222222
655 4 3 461 3 2 0.2222222222222222
655 3 7 461 7 6 0.6666666666666666
656 4 3 461 3 2 0.2222222222222222
657 4 3 461 3 2 0.2222222222222222
658 4 3 461 3 2 0.2222222222222222
659 4 3 461 3 2 0.2222222222222222
660 4 3 461 3 2 0.2222222222222222
661 3 10 461 10 9 1.0
661 4 3 461 3 2 0.2222222222222222
662 4 3 461 3 2 0.2222222222222222
663 4 3 462 3 2 0.2222222222222222
664 4 3 463 3 2 0.2222222222222222
665 4 3 463 3 2 0.2222222222222222
666 4 3 463 3 2 0.2222222222222222
667 4 3 463 3 2 0.2222222222222222
668 3 7 463 7 6 0.6666666666666666
668 4 3 463 3 2 0.2222222222222222
669 4 3 463 3 2 0.2222222222222222
670 4 3 463 3 2 0.2222222222222222
671 4 3 463 3 2 0.2222222222222222
672 4 3 464 3 2 0.2222222222222222
673 4 3 464 3 2 0.2222222222222222
673 3 7 464 7 6 0.6666666666666666
674 4 3 464 3 2 0.2222222222222222
675 4 3 464 3 2 0.2222222222222222
676 4 3 465 3 2 0.2222222222222222
677 4 3 465 3 2 0.2222222222222222
678 4 3 465 3 2 0.2222222222222222
678 3 7 466 7 6 0.6666666666666666
679 4 3 466 3 2 0.2222222222222222
680 4 3 466 3 2 0.2222222222222222
681 4 3 466 3 2 0.2222222222222222
682 4 3 466 3 2 0.2222222222222222
682 3 7 466 7 6 0.6666666666666666
683 4 3 466 3 2 0.2222222222222222
684 4 3 466 3 2 0.2222222222222222
685 4 3 466 3 2 0.2222222222222222
686 4 3 466 3 2 0.2222222222222222
687 4 3 466 3 2 0.2222222222222222
688 4 3 467 3 2 0.2222222222222222
689 4 3 468 3 2 0.2222222222222222
690 4 3 468 3 2 0.2222222222222222
691 4 3 468 3 2 0.2222222222222222
691 3 7 468 7 6 0.6666666666666666
692 4 3 468 3 2 0.2222222222222222
693 4 3 468 3 2 0.2222222222222222
693 3 7 468 7 6 0.6666666666666666
694 3 7 468 7 6 0.6666666666666666
694 4 3 468 3 2 0.2222222222222222
695 4 3 468 3 2 0.2222222222222222
696 4 3 469 3 2 0.2222222222222222
697 4 3 469 3 2 0.2222222222222222
697 3 7 469 7 6 0.6666666666666666
698 4 3 469 3 2 0.2222222222222222
699 4 3 470 3 2 0.2222222222222222
699 3 7 470 7 6 0.6666666666666666
700 4 3 470 3 2 0.2222222222222222
701 4 3 470 3 2 0.2222222222222222
702 4 3 470 3 2 0.2222222222222222
703 4 3 470 3 2 0.2222222222222222
704 4 3 470 3 2 0.2222222222222222
704 3 7 470 7 6 0.6666666666666666
705 4 3 470 3 2 0.2222222222222222
706 4 3 470 3 2 0.2222222222222222
707 4 3 470 3 2 0.2222222222222222
708 4 3 470 3 2 0.2222222222222222
709 4 3 470 3 2 0.2222222222222222
710 4 3 470 3 2 0.2222222222222222
711 4 3 471 3 2 0.2222222222222222
712 4 3 471 3 2 0.2222222222222222
713 4 3 471 3 2 0.2222222222222222
714 4 3 471 3 2 0.2222222222222222
715 4 3 471 3 2 0.2222222222222222
716 4 3 471 3 2 0.2222222222222222
717 4 3 471 3 2 0.2222222222222222
717 3 7 471 7 6 0.6666666666666666
718 4 3 472 3 2 0.2222222222222222
719 4 3 473 3 2 0.2222222222222222
719 3 7 473 7 6 0.6666666666666666
720 4 3 473 3 2 0.2222222222222222
720 3 10 473 10 9 1.0
721 4 3 473 3 2 0.2222222222222222
722 4 3 474 3 2 0.2222222222222222
723 4 3 474 3 2 0.2222222222222222
724 4 3 474 3 2 0.2222222222222222
725 4 3 475 3 2 0.2222222222222222
726 4 3 475 3 2 0.2222222222222222
726 5 1 475 1 0 0.0
727 2 10 475 10 9 1.0
728 2 10 475 10 9 1.0
729 2 10 475 10 9 1.0
730 2 10 475 10 9 1.0
731 2 10 475 10 9 1.0
732 2 10 475 10 9 1.0
733 2 10 475 10 9 1.0
734 2 7 475 7 6 0.6666666666666666
735 5 1 475 1 0 0.0
735 4 3 475 3 2 0.2222222222222222
736 5 1 475 1 0 0.0
737 5 1 476 1 0 0.0
737 4 3 476 3 2 0.2222222222222222
738 5 1 476 1 0 0.0
739 5 1 476 1 0 0.0
740 4 3 478 3 2 0.2222222222222222
740 5 1 478 1 0 0.0
741 5 1 478 1 0 0.0
742 5 1 478 1 0 0.0
742 4 3 478 3 2 0.2222222222222222
743 5 1 478 1 0 0.0
743 3 7 478 7 6 0.6666666666666666
744 5 1 479 1 0 0.0
744 4 3 479 3 2 0.2222222222222222
745 4 3 479 3 2 0.2222222222222222
745 5 1 479 1 0 0.0
746 5 1 479 1 0 0.0
746 4 4 479 4 3 0.3333333333333333
747 4 3 479 3 2 0.2222222222222222
747 5 1 479 1 0 0.0
748 5 1 480 1 0 0.0
749 5 1 480 1 0 0.0
749 4 4 480 4 3 0.3333333333333333
750 5 1 480 1 0 0.0
751 5 1 482 1 0 0.0
751 4 3 482 3 2 0.2222222222222222
752 5 1 483 1 0 0.0
753 5 1 483 1 0 0.0
754 5 1 484 1 0 0.0
754 4 3 484 3 2 0.2222222222222222
755 5 1 484 1 0 0.0
756 5 1 484 1 0 0.0
757 5 1 484 1 0 0.0
757 4 3 484 3 2 0.2222222222222222
758 5 1 484 1 0 0.0
759 5 1 484 1 0 0.0
760 5 1 484 1 0 0.0
761 5 1 484 1 0 0.0
761 4 3 484 3 2 0.2222222222222222
762 5 1 485 1 0 0.0
763 5 1 485 1 0 0.0
764 5 1 485 1 0 0.0
765 5 1 485 1 0 0.0
765 4 3 485 3 2 0.2222222222222222
766 5 1 485 1 0 0.0
766 4 4 485 4 3 0.3333333333333333
767 5 1 486 1 0 0.0
767 4 3 486 3 2 0.2222222222222222
768 5 1 486 1 0 0.0
769 5 1 486 1 0 0.0
769 4 4 486 4 3 0.3333333333333333
770 5 1 486 1 0 0.0
771 5 1 486 1 0 0.0
772 5 1 486 1 0 0.0
772 4 3 487 3 2 0.2222222222222222
773 4 3 487 3 2 0.2222222222222222
773 5 1 487 1 0 0.0
774 5 1 487 1 0 0.0
775 5 1 487 1 0 0.0
776 5 1 488 1 0 0.0
776 4 3 488 3 2 0.2222222222222222
777 5 1 488 1 0 0.0
778 5 1 489 1 0 0.0
779 5 1 489 1 0 0.0
779 4 3 489 3 2 0.2222222222222222
780 5 1 489 1 0 0.0
781 5 1 489 1 0 0.0
782 5 1 489 1 0 0.0
783 5 1 489 1 0 0.0
783 4 3 489 3 2 0.2222222222222222
784 5 1 489 1 0 0.0
784 4 3 489 3 2 0.2222222222222222
785 5 1 490 1 0 0.0
786 5 1 491 1 0 0.0
786 4 3 491 3 2 0.2222222222222222
787 5 1 491 1 0 0.0
787 4 6 491 6 5 0.5555555555555556
788 5 1 491 1 0 0.0
789 5 1 491 1 0 0.0
790 5 1 492 1 0 0.0
790 4 4 492 4 3 0.3333333333333333
791 5 1 492 1 0 0.0
791 4 3 492 3 2 0.2222222222222222
792 5 1 492 1 0 0.0
793 5 1 492 1 0 0.0
794 5 1 492 1 0 0.0
794 4 3 492 3 2 0.2222222222222222
795 5 1 492 1 0 0.0
796 5 1 492 1 0 0.0
796 4 3 492 3 2 0.2222222222222222
797 5 1 492 1 0 0.0
798 5 1 492 1 0 0.0
799 5 1 492 1 0 0.0
800 5 1 492 1 0 0.0
801 5 1 492 1 0 0.0
801 4 3 492 3 2 0.2222222222222222
802 5 1 492 1 0 0.0
802 4 3 492 3 2 0.2222222222222222
803 4 3 492 3 2 0.2222222222222222
803 5 1 492 1 0 0.0
804 5 1 492 1 0 0.0
805 5 1 493 1 0 0.0
806 5 1 493 1 0 0.0
807 4 3 493 3 2 0.2222222222222222
807 5 1 493 1 0 0.0
808 4 4 494 4 3 0.3333333333333333
808 5 1 494 1 0 0.0
809 5 1 494 1 0 0.0
809 4 3 494 3 2 0.2222222222222222
810 5 1 494 1 0 0.0
811 5 1 495 1 0 0.0
812 5 1 496 1 0 0.0
813 5 1 496 1 0 0.0
814 5 1 497 1 0 0.0
814 4 6 497 6 5 0.5555555555555556
815 5 1 497 1 0 0.0
815 4 6 498 6 5 0.5555555555555556
816 5 1 498 1 0 0.0
817 5 1 498 1 0 0.0
818 5 1 498 1 0 0.0
818 4 3 498 3 2 0.2222222222222222
819 5 1 498 1 0 0.0
819 4 4 498 4 3 0.3333333333333333
820 5 1 498 1 0 0.0
820 4 7 498 7 6 0.6666666666666666
821 5 1 498 1 0 0.0
821 4 6 498 6 5 0.5555555555555556
822 5 1 498 1 0 0.0
823 5 1 498 1 0 0.0
824 5 1 498 1 0 0.0
825 5 1 498 1 0 0.0
826 5 1 498 1 0 0.0
826 4 3 498 3 2 0.2222222222222222
827 5 1 498 1 0 0.0
828 5 1 498 1 0 0.0
829 5 1 498 1 0 0.0
829 4 3 498 3 2 0.2222222222222222
830 5 1 498 1 0 0.0
830 4 3 498 3 2 0.2222222222222222
831 5 1 498 1 0 0.0
831 4 3 498 3 2 0.2222222222222222
832 5 1 498 1 0 0.0
833 5 1 498 1 0 0.0
834 5 1 498 1 0 0.0
835 5 1 498 1 0 0.0
835 4 3 498 3 2 0.2222222222222222
836 5 1 498 1 0 0.0
836 4 3 498 3 2 0.2222222222222222
837 5 1 498 1 0 0.0
838 5 1 498 1 0 0.0
838 4 3 498 3 2 0.2222222222222222
839 5 1 498 1 0 0.0
840 5 1 498 1 0 0.0
841 5 1 498 1 0 0.0
841 4 3 498 3 2 0.2222222222222222
842 4 3 498 3 2 0.2222222222222222
842 5 1 498 1 0 0.0
843 5 1 498 1 0 0.0
843 4 3 498 3 2 0.2222222222222222
844 5 1 498 1 0 0.0
845 5 1 498 1 0 0.0
846 5 1 498 1 0 0.0
847 5 1 498 1 0 0.0
848 4 3 498 3 2 0.2222222222222222
848 5 1 498 1 0 0.0
849 5 1 498 1 0 0.0
850 5 1 498 1 0 0.0
850 4 4 498 4 3 0.3333333333333333
851 5 1 498 1 0 0.0
851 4 4 498 4 3 0.3333333333333333
852 5 1 498 1 0 0.0
853 5 1 499 1 0 0.0
853 4 3 499 3 2 0.2222222222222222
854 5 1 499 1 0 0.0
855 5 1 499 1 0 0.0
855 4 4 499 4 3 0.3333333333333333
856 5 1 499 1 0 0.0
856 4 3 499 3 2 0.2222222222222222
857 5 1 499 1 0 0.0
858 5 1 499 1 0 0.0
859 5 1 499 1 0 0.0
859 4 3 499 3 2 0.2222222222222222
860 5 1 499 1 0 0.0
861 5 1 499 1 0 0.0
862 5 1 499 1 0 0.0
863 5 1 499 1 0 0.0
863 4 3 499 3 2 0.2222222222222222
864 5 1 499 1 0 0.0
864 4 3 499 3 2 0.2222222222222222
865 5 1 499 1 0 0.0
865 4 6 499 6 5 0.5555555555555556
866 5 1 499 1 0 0.0
867 5 1 499 1 0 0.0
868 5 1 499 1 0 0.0
869 5 1 499 1 0 0.0
870 5 1 499 1 0 0.0
871 5 1 499 1 0 0.0
871 4 7 499 7 6 0.6666666666666666
872 5 1 499 1 0 0.0
873 5 1 499 1 0 0.0
873 4 3 499 3 2 0.2222222222222222
874 5 1 499 1 0 0.0
874 3 7 499 7 6 0.6666666666666666
875 5 1 499 1 0 0.0
875 4 3 499 3 2 0.2222222222222222
876 5 1 499 1 0 0.0
877 5 1 499 1 0 0.0
878 5 1 499 1 0 0.0
878 4 3 499 3 2 0.2222222222222222
879 5 1 499 1 0 0.0
879 4 3 499 3 2 0.2222222222222222
880 4 6 499 6 5 0.5555555555555556
880 5 1 499 1 0 0.0
881 5 1 499 1 0 0.0
882 5 1 499 1 0 0.0
882 4 3 499 3 2 0.2222222222222222
883 5 1 499 1 0 0.0
884 5 1 499 1 0 0.0
884 4 3 499 3 2 0.2222222222222222
885 5 1 499 1 0 0.0
886 5 1 499 1 0 0.0
886 4 4 499 4 3 0.3333333333333333
887 5 1 499 1 0 0.0
888 5 1 499 1 0 0.0
888 4 3 499 3 2 0.2222222222222222
889 5 1 499 1 0 0.0
889 4 4 499 4 3 0.3333333333333333
890 5 1 499 1 0 0.0
891 5 1 499 1 0 0.0
891 4 3 499 3 2 0.2222222222222222
892 5 1 499 1 0 0.0
892 4 3 499 3 2 0.2222222222222222
893 5 1 499 1 0 0.0
894 4 3 499 3 2 0.2222222222222222
894 5 1 499 1 0 0.0
895 5 1 499 1 0 0.0
896 5 1 499 1 0 0.0
896 4 6 499 6 5 0.5555555555555556
897 5 1 499 1 0 0.0
898 5 1 499 1 0 0.0
899 5 1 499 1 0 0.0
900 5 1 499 1 0 0.0
901 5 1 499 1 0 0.0
901 4 6 499 6 5 0.5555555555555556
902 4 3 499 3 2 0.2222222222222222
902 5 1 499 1 0 0.0
903 5 1 499 1 0 0.0
903 4 3 499 3 2 0.2222222222222222
904 5 1 499 1 0 0.0
905 5 1 499 1 0 0.0
906 4 3 499 3 2 0.2222222222222222
906 5 1 499 1 0 0.0
907 5 1 499 1 0 0.0
907 4 4 499 4 3 0.3333333333333333
908 5 1 499 1 0 0.0
909 5 1 499 1 0 0.0
909 4 3 499 3 2 0.2222222222222222
910 5 1 499 1 0 0.0
910 4 4 499 4 3 0.3333333333333333
911 5 1 499 1 0 0.0
912 5 1 499 1 0 0.0
913 5 1 499 1 0 0.0
913 4 6 499 6 5 0.5555555555555556
914 5 1 499 1 0 0.0
915 5 1 499 1 0 0.0
915 4 3 499 3 2 0.2222222222222222
916 5 1 500 1 0 0.0
916 4 3 500 3 2 0.2222222222222222
917 5 1 500 1 0 0.0
918 5 1 500 1 0 0.0
919 5 1 500 1 0 0.0
919 4 3 500 3 2 0.2222222222222222
920 5 1 500 1 0 0.0
921 5 1 500 1 0 0.0
922 5 1 500 1 0 0.0
923 5 1 500 1 0 0.0
923 4 6 500 6 5 0.5555555555555556
924 5 1 500 1 0 0.0
924 4 3 500 3 2 0.2222222222222222
925 5 1 500 1 0 0.0
926 4 7 500 7 6 0.6666666666666666
926 5 1 500 1 0 0.0
927 5 1 500 1 0 0.0
927 4 4 500 4 3 0.3333333333333333
928 5 1 500 1 0 0.0
929 5 1 500 1 0 0.0
929 4 3 500 3 2 0.2222222222222222
930 5 1 500 1 0 0.0
931 5 1 500 1 0 0.0
932 5 1 500 1 0 0.0
932 4 3 500 3 2 0.2222222222222222
933 5 1 500 1 0 0.0
933 4 3 501 3 2 0.2222222222222222
934 5 1 501 1 0 0.0
934 4 4 501 4 3 0.3333333333333333
935 4 6 501 6 5 0.5555555555555556
935 5 1 501 1 0 0.0
936 5 1 501 1 0 0.0
937 5 1 501 1 0 0.0
938 5 1 501 1 0 0.0
938 4 3 501 3 2 0.2222222222222222
939 5 1 501 1 0 0.0
940 5 1 501 1 0 0.0
941 5 1 501 1 0 0.0
942 5 1 501 1 0 0.0
943 5 1 501 1 0 0.0
943 4 3 501 3 2 0.2222222222222222
944 5 1 501 1 0 0.0
944 4 3 501 3 2 0.2222222222222222
945 4 3 501 3 2 0.2222222222222222
945 5 1 501 1 0 0.0
946 5 1 501 1 0 0.0
947 5 1 501 1 0 0.0
947 4 3 501 3 2 0.2222222222222222
948 5 1 501 1 0 0.0
949 5 1 501 1 0 0.0
950 4 4 501 4 3 0.3333333333333333
950 5 1 501 1 0 0.0
951 5 1 501 1 0 0.0
952 5 1 501 1 0 0.0
953 5 1 501 1 0 0.0
954 5 1 501 1 0 0.0
954 4 3 501 3 2 0.2222222222222222
955 5 1 501 1 0 0.0
955 4 4 501 4 3 0.3333333333333333
956 5 1 501 1 0 0.0
957 5 1 501 1 0 0.0
958 5 1 501 1 0 0.0
959 5 1 501 1 0 0.0
959 4 3 501 3 2 0.2222222222222222
959 3 7 501 7 6 0.6666666666666666
960 5 1 501 1 0 0.0
960 4 3 501 3 2 0.2222222222222222
961 5 1 501 1 0 0.0
961 4 3 501 3 2 0.2222222222222222
962 5 1 501 1 0 0.0
963 5 1 501 1 0 0.0
964 5 1 501 1 0 0.0
964 4 7 501 7 6 0.6666666666666666
965 5 1 501 1 0 0.0
965 4 4 501 4 3 0.3333333333333333
966 5 1 501 1 0 0.0
966 4 3 501 3 2 0.2222222222222222
967 5 1 501 1 0 0.0
967 4 3 501 3 2 0.2222222222222222
968 5 1 501 1 0 0.0
968 4 3 501 3 2 0.2222222222222222
969 5 1 501 1 0 0.0
969 4 3 501 3 2 0.2222222222222222
970 5 1 501 1 0 0.0
971 5 1 501 1 0 0.0
972 5 1 501 1 0 0.0
972 4 3 501 3 2 0.2222222222222222
973 5 1 501 1 0 0.0
973 4 3 501 3 2 0.2222222222222222
974 5 1 501 1 0 0.0
974 4 3 501 3 2 0.2222222222222222
975 5 1 501 1 0 0.0
975 4 3 501 3 2 0.2222222222222222
976 5 1 501 1 0 0.0
976 4 6 501 6 5 0.5555555555555556
977 5 1 501 1 0 0.0
978 5 1 501 1 0 0.0
979 5 1 501 1 0 0.0
979 4 3 501 3 2 0.2222222222222222
980 5 1 501 1 0 0.0
981 5 1 501 1 0 0.0
982 5 1 501 1 0 0.0
983 5 1 501 1 0 0.0
983 4 3 501 3 2 0.2222222222222222
984 5 1 501 1 0 0.0
984 4 3 501 3 2 0.2222222222222222
985 5 1 501 1 0 0.0
986 5 1 501 1 0 0.0
986 4 3 501 3 2 0.2222222222222222
987 5 1 501 1 0 0.0
988 5 1 501 1 0 0.0
989 5 1 501 1 0 0.0
989 4 3 501 3 2 0.2222222222222222
990 5 1 501 1 0 0.0
991 4 3 501 3 2 0.2222222222222222
991 5 1 501 1 0 0.0
992 5 1 501 1 0 0.0
993 5 1 501 1 0 0.0
994 5 1 501 1 0 0.0
994 4 3 501 3 2 0.2222222222222222
995 5 1 501 1 0 0.0
996 4 3 501 3 2 0.2222222222222222
996 5 1 501 1 0 0.0
997 5 1 501 1 0 0.0
997 4 3 501 3 2 0.2222222222222222
998 5 1 501 1 0 0.0
999 5 1 501 1 0 0.0
999 4 7 501 7 6 0.6666666666666666
1000 5 1 501 1 0 0.0
1000 4 3 501 3 2 0.2222222222222222
