gen HV HVnoDiscount fitness_notKilledMutants notKilledNonEqMutants fitness_testSuiteSize
1 15.02734375 13.0 7.685546875 7.0 4.0
2 26.275390625 23.0 5.595703125 5.0 5.0
3 26.275390625 23.0 5.595703125 5.0 5.0
4 26.275390625 23.0 5.595703125 5.0 5.0
5 26.275390625 23.0 5.595703125 5.0 5.0
6 26.275390625 23.0 5.19921875 5.0 5.0
7 26.275390625 23.0 5.19921875 5.0 5.0
8 26.275390625 23.0 5.19921875 5.0 5.0
9 26.275390625 23.0 5.19921875 5.0 5.0
10 26.275390625 23.0 5.19921875 5.0 5.0
11 26.275390625 23.0 5.19921875 5.0 5.0
12 26.275390625 23.0 5.19921875 5.0 5.0
13 26.275390625 23.0 5.19921875 5.0 5.0
14 27.169921875 23.0 5.19921875 5.0 5.0
15 30.921875 24.0 5.19921875 5.0 5.0
16 31.18359375 24.0 5.19921875 5.0 5.0
17 31.18359375 24.0 5.19921875 5.0 5.0
18 31.18359375 24.0 5.19921875 5.0 5.0
19 31.18359375 24.0 5.19921875 5.0 5.0
20 31.18359375 24.0 5.19921875 5.0 5.0
21 31.18359375 24.0 5.19921875 5.0 5.0
22 31.18359375 24.0 5.19921875 5.0 5.0
23 31.18359375 24.0 5.099609375 5.0 5.0
24 31.18359375 24.0 5.099609375 5.0 5.0
25 31.18359375 24.0 5.099609375 5.0 5.0
26 31.18359375 24.0 5.068359375 5.0 5.0
27 31.18359375 24.0 5.06640625 5.0 4.0
28 31.18359375 24.0 5.05859375 5.0 9.0
29 31.18359375 24.0 5.05859375 5.0 9.0
30 31.5625 24.0 5.0546875 5.0 4.0
31 31.5625 24.0 5.05078125 5.0 7.0
32 31.5625 24.0 5.05078125 5.0 7.0
33 31.5625 24.0 5.05078125 5.0 7.0
34 31.5625 24.0 5.05078125 5.0 7.0
35 31.5625 24.0 5.05078125 5.0 7.0
36 31.5625 24.0 5.05078125 5.0 7.0
37 31.5625 24.0 5.029296875 5.0 5.0
38 31.5625 24.0 5.029296875 5.0 5.0
39 31.5625 24.0 5.029296875 5.0 5.0
40 31.5625 24.0 5.021484375 5.0 5.0
41 31.5625 24.0 5.017578125 5.0 8.0
42 31.5625 24.0 5.017578125 5.0 8.0
43 31.5625 24.0 5.017578125 5.0 8.0
44 31.5625 24.0 5.017578125 5.0 8.0
45 31.5625 24.0 5.017578125 5.0 8.0
46 31.5625 24.0 5.017578125 5.0 8.0
47 31.5625 24.0 5.017578125 5.0 8.0
48 31.5625 24.0 5.017578125 5.0 8.0
49 31.5625 24.0 5.009765625 5.0 6.0
50 31.5625 24.0 5.009765625 5.0 6.0
51 31.5625 24.0 5.009765625 5.0 6.0
52 31.5625 24.0 5.009765625 5.0 6.0
53 31.5625 24.0 5.0078125 5.0 4.0
54 31.5625 24.0 5.0078125 5.0 4.0
55 31.5625 24.0 5.0078125 5.0 4.0
56 31.5625 24.0 5.0078125 5.0 4.0
57 31.5625 24.0 5.00390625 5.0 6.0
58 31.5625 24.0 5.00390625 5.0 6.0
59 32.982421875 24.0 5.001953125 5.0 4.0
60 32.982421875 24.0 5.001953125 5.0 4.0
61 32.982421875 24.0 5.001953125 5.0 4.0
62 32.982421875 24.0 5.001953125 5.0 4.0
63 39.984375 32.0 5.001953125 5.0 2.0
64 39.984375 32.0 5.001953125 5.0 2.0
65 39.984375 32.0 5.001953125 5.0 2.0
66 39.984375 32.0 5.001953125 5.0 2.0
67 39.984375 32.0 5.001953125 5.0 2.0
68 39.984375 32.0 5.001953125 5.0 2.0
69 39.984375 32.0 5.001953125 5.0 2.0
70 39.984375 32.0 5.001953125 5.0 2.0
71 39.984375 32.0 5.001953125 5.0 2.0
72 39.984375 32.0 5.001953125 5.0 2.0
73 39.984375 32.0 5.001953125 5.0 2.0
74 39.984375 32.0 5.001953125 5.0 2.0
75 39.984375 32.0 5.0 5.0 5.0
76 39.984375 32.0 5.0 5.0 5.0
77 39.984375 32.0 5.0 5.0 5.0
78 39.984375 32.0 5.0 5.0 5.0
79 39.984375 32.0 5.0 5.0 5.0
80 40.0 32.0 5.0 5.0 2.0
81 40.0 32.0 5.0 5.0 2.0
82 40.0 32.0 5.0 5.0 2.0
83 40.0 32.0 5.0 5.0 2.0
84 40.0 32.0 5.0 5.0 2.0
85 40.0 32.0 5.0 5.0 2.0
86 40.0 32.0 5.0 5.0 2.0
87 40.0 32.0 5.0 5.0 2.0
88 40.0 32.0 5.0 5.0 2.0
89 40.0 32.0 5.0 5.0 2.0
90 40.0 32.0 5.0 5.0 2.0
91 40.0 32.0 5.0 5.0 2.0
92 40.0 32.0 5.0 5.0 2.0
93 40.0 32.0 5.0 5.0 2.0
94 40.0 32.0 5.0 5.0 2.0
95 40.0 32.0 5.0 5.0 2.0
96 40.0 32.0 5.0 5.0 2.0
97 40.0 32.0 5.0 5.0 2.0
98 40.0 32.0 5.0 5.0 2.0
99 40.0 32.0 5.0 5.0 2.0
100 40.0 32.0 5.0 5.0 2.0
101 40.0 32.0 5.0 5.0 2.0
102 40.0 32.0 5.0 5.0 2.0
103 40.0 32.0 5.0 5.0 2.0
104 40.0 32.0 5.0 5.0 2.0
105 40.0 32.0 5.0 5.0 2.0
106 40.0 32.0 5.0 5.0 2.0
107 40.0 32.0 5.0 5.0 2.0
108 40.0 32.0 5.0 5.0 2.0
109 40.0 32.0 5.0 5.0 2.0
110 40.0 32.0 5.0 5.0 2.0
111 40.0 32.0 5.0 5.0 2.0
112 40.0 32.0 5.0 5.0 2.0
113 40.0 32.0 5.0 5.0 2.0
114 40.0 32.0 5.0 5.0 2.0
115 40.0 32.0 5.0 5.0 2.0
116 40.0 32.0 5.0 5.0 2.0
117 40.0 32.0 5.0 5.0 2.0
118 40.0 32.0 5.0 5.0 2.0
119 40.0 32.0 5.0 5.0 2.0
120 40.0 32.0 5.0 5.0 2.0
121 40.0 32.0 5.0 5.0 2.0
122 40.0 32.0 5.0 5.0 2.0
123 40.0 32.0 5.0 5.0 2.0
124 40.0 32.0 5.0 5.0 2.0
125 40.0 32.0 5.0 5.0 2.0
126 40.0 32.0 5.0 5.0 2.0
127 40.0 32.0 5.0 5.0 2.0
128 40.0 32.0 5.0 5.0 2.0
129 40.0 32.0 5.0 5.0 2.0
130 40.0 32.0 5.0 5.0 2.0
131 40.0 32.0 5.0 5.0 2.0
132 40.0 32.0 5.0 5.0 2.0
133 40.0 32.0 5.0 5.0 2.0
134 40.0 32.0 5.0 5.0 2.0
135 40.0 32.0 5.0 5.0 2.0
136 40.0 32.0 5.0 5.0 2.0
137 40.0 32.0 5.0 5.0 2.0
138 40.0 32.0 5.0 5.0 2.0
139 40.0 32.0 5.0 5.0 2.0
140 40.0 32.0 5.0 5.0 2.0
141 40.0 32.0 5.0 5.0 2.0
142 40.0 32.0 5.0 5.0 2.0
143 40.0 32.0 4.0 4.0 5.0
144 40.0 32.0 3.0 3.0 8.0
145 40.0 32.0 3.0 3.0 8.0
146 40.0 32.0 3.0 3.0 8.0
147 40.0 32.0 3.0 3.0 8.0
148 40.0 32.0 2.0 2.0 9.0
149 40.0 32.0 2.0 2.0 9.0
150 40.0 32.0 2.0 2.0 9.0
151 40.0 32.0 2.0 2.0 9.0
152 40.0 32.0 2.0 2.0 9.0
153 40.0 32.0 2.0 2.0 9.0
154 40.0 32.0 2.0 2.0 9.0
155 40.0 32.0 2.0 2.0 9.0
156 40.0 32.0 2.0 2.0 9.0
157 40.0 32.0 2.0 2.0 9.0
158 40.0 32.0 2.0 2.0 9.0
159 40.0 32.0 2.0 2.0 9.0
160 40.0 32.0 2.0 2.0 9.0
161 40.0 32.0 2.0 2.0 9.0
162 40.0 32.0 2.0 2.0 9.0
163 40.0 32.0 2.0 2.0 9.0
164 40.0 32.0 2.0 2.0 9.0
165 40.0 32.0 2.0 2.0 9.0
166 40.0 32.0 2.0 2.0 9.0
167 40.0 32.0 2.0 2.0 9.0
168 40.0 32.0 2.0 2.0 9.0
169 40.0 32.0 2.0 2.0 9.0
170 40.0 32.0 2.0 2.0 9.0
171 40.0 32.0 2.0 2.0 9.0
172 40.0 32.0 2.0 2.0 9.0
173 40.0 32.0 2.0 2.0 9.0
174 40.0 32.0 2.0 2.0 9.0
175 40.0 32.0 2.0 2.0 9.0
176 40.0 32.0 2.0 2.0 9.0
177 40.0 32.0 2.0 2.0 9.0
178 40.0 32.0 2.0 2.0 9.0
179 40.0 32.0 2.0 2.0 9.0
180 40.0 32.0 2.0 2.0 9.0
181 40.0 32.0 2.0 2.0 9.0
182 40.0 32.0 2.0 2.0 9.0
183 40.0 32.0 2.0 2.0 9.0
184 40.0 32.0 2.0 2.0 9.0
185 40.0 32.0 2.0 2.0 9.0
186 40.0 32.0 2.0 2.0 9.0
187 40.0 32.0 2.0 2.0 9.0
188 40.0 32.0 2.0 2.0 9.0
189 40.0 32.0 2.0 2.0 9.0
190 40.0 32.0 2.0 2.0 9.0
191 40.0 32.0 2.0 2.0 9.0
192 40.0 32.0 2.0 2.0 9.0
193 40.0 32.0 2.0 2.0 9.0
194 40.0 32.0 2.0 2.0 9.0
195 40.0 32.0 2.0 2.0 9.0
196 40.0 32.0 2.0 2.0 9.0
197 40.0 32.0 2.0 2.0 9.0
198 40.0 32.0 2.0 2.0 9.0
199 40.0 32.0 2.0 2.0 9.0
200 40.0 32.0 2.0 2.0 9.0
201 40.0 32.0 2.0 2.0 9.0
202 40.0 32.0 2.0 2.0 9.0
203 40.0 32.0 2.0 2.0 9.0
204 40.0 32.0 2.0 2.0 9.0
205 40.0 32.0 2.0 2.0 9.0
206 40.0 32.0 2.0 2.0 9.0
207 40.0 32.0 2.0 2.0 9.0
208 40.0 32.0 2.0 2.0 9.0
209 40.0 32.0 2.0 2.0 9.0
210 40.0 32.0 2.0 2.0 9.0
211 40.0 32.0 2.0 2.0 9.0
212 40.0 32.0 2.0 2.0 9.0
213 40.0 32.0 2.0 2.0 9.0
214 40.0 32.0 2.0 2.0 9.0
215 40.0 32.0 2.0 2.0 9.0
216 40.0 32.0 2.0 2.0 9.0
217 40.0 32.0 2.0 2.0 9.0
218 40.0 32.0 2.0 2.0 9.0
219 40.0 32.0 2.0 2.0 9.0
220 40.0 32.0 2.0 2.0 9.0
221 40.0 32.0 2.0 2.0 9.0
222 40.0 32.0 2.0 2.0 9.0
223 40.0 32.0 2.0 2.0 9.0
224 40.0 32.0 2.0 2.0 9.0
225 40.0 32.0 2.0 2.0 9.0
226 40.0 32.0 2.0 2.0 9.0
227 40.0 32.0 2.0 2.0 9.0
228 40.0 32.0 2.0 2.0 9.0
229 40.0 32.0 2.0 2.0 9.0
230 40.0 32.0 2.0 2.0 9.0
231 40.0 32.0 2.0 2.0 9.0
232 40.0 32.0 2.0 2.0 9.0
233 40.0 32.0 2.0 2.0 9.0
234 40.0 32.0 2.0 2.0 9.0
235 40.0 32.0 2.0 2.0 9.0
236 40.0 32.0 2.0 2.0 9.0
237 40.0 32.0 2.0 2.0 9.0
238 40.0 32.0 2.0 2.0 9.0
239 40.0 32.0 2.0 2.0 9.0
240 40.0 32.0 2.0 2.0 9.0
241 40.0 32.0 2.0 2.0 9.0
242 40.0 32.0 2.0 2.0 9.0
243 40.0 32.0 2.0 2.0 9.0
244 40.0 32.0 2.0 2.0 9.0
245 40.0 32.0 2.0 2.0 9.0
246 40.0 32.0 2.0 2.0 9.0
247 40.0 32.0 2.0 2.0 9.0
248 40.0 32.0 2.0 2.0 9.0
249 40.0 32.0 2.0 2.0 9.0
250 40.0 32.0 2.0 2.0 9.0
251 40.0 32.0 2.0 2.0 9.0
252 40.0 32.0 2.0 2.0 9.0
253 40.0 32.0 2.0 2.0 9.0
254 40.0 32.0 2.0 2.0 9.0
255 40.0 32.0 2.0 2.0 9.0
256 40.0 32.0 2.0 2.0 9.0
257 40.0 32.0 2.0 2.0 9.0
258 40.0 32.0 2.0 2.0 9.0
259 40.0 32.0 2.0 2.0 9.0
260 40.0 32.0 2.0 2.0 9.0
261 40.0 32.0 2.0 2.0 9.0
262 40.0 32.0 2.0 2.0 9.0
263 40.0 32.0 2.0 2.0 9.0
264 40.0 32.0 2.0 2.0 9.0
265 40.0 32.0 2.0 2.0 9.0
266 40.0 32.0 2.0 2.0 9.0
267 40.0 32.0 2.0 2.0 9.0
268 40.0 32.0 2.0 2.0 9.0
269 41.0 32.0 2.0 2.0 9.0
270 41.0 32.0 2.0 2.0 9.0
271 41.0 32.0 2.0 2.0 9.0
272 41.0 32.0 2.0 2.0 9.0
273 41.0 32.0 2.0 2.0 9.0
274 41.0 32.0 2.0 2.0 9.0
275 41.0 32.0 2.0 2.0 9.0
276 41.0 32.0 2.0 2.0 9.0
277 41.0 32.0 2.0 2.0 9.0
278 41.0 32.0 2.0 2.0 9.0
279 41.0 32.0 2.0 2.0 9.0
280 41.0 32.0 2.0 2.0 9.0
281 41.0 32.0 2.0 2.0 9.0
282 41.0 32.0 2.0 2.0 9.0
283 41.0 32.0 2.0 2.0 9.0
284 41.0 32.0 2.0 2.0 9.0
285 41.0 32.0 2.0 2.0 9.0
286 41.0 32.0 2.0 2.0 6.0
287 41.0 32.0 2.0 2.0 6.0
288 41.0 32.0 2.0 2.0 6.0
289 41.0 32.0 2.0 2.0 6.0
290 41.0 32.0 2.0 2.0 6.0
291 41.0 32.0 2.0 2.0 6.0
292 41.0 32.0 2.0 2.0 6.0
293 41.0 32.0 2.0 2.0 6.0
294 41.0 32.0 2.0 2.0 6.0
295 41.0 32.0 2.0 2.0 6.0
296 41.0 32.0 2.0 2.0 6.0
297 41.0 32.0 2.0 2.0 6.0
298 41.0 32.0 2.0 2.0 6.0
299 41.0 32.0 2.0 2.0 6.0
300 41.0 32.0 2.0 2.0 6.0
301 41.0 32.0 2.0 2.0 6.0
302 41.0 32.0 2.0 2.0 6.0
303 41.0 32.0 2.0 2.0 6.0
304 41.0 32.0 2.0 2.0 6.0
305 41.0 32.0 2.0 2.0 6.0
306 41.0 32.0 2.0 2.0 6.0
307 41.0 32.0 2.0 2.0 6.0
308 41.0 32.0 2.0 2.0 6.0
309 41.0 32.0 2.0 2.0 6.0
310 41.0 32.0 2.0 2.0 6.0
311 41.0 32.0 2.0 2.0 6.0
312 41.0 32.0 2.0 2.0 6.0
313 41.0 32.0 2.0 2.0 6.0
314 41.0 32.0 2.0 2.0 6.0
315 41.0 32.0 2.0 2.0 6.0
316 41.0 32.0 2.0 2.0 6.0
317 41.0 32.0 2.0 2.0 6.0
318 41.0 32.0 2.0 2.0 6.0
319 41.0 32.0 2.0 2.0 6.0
320 41.0 32.0 2.0 2.0 6.0
321 41.0 32.0 2.0 2.0 6.0
322 41.0 32.0 2.0 2.0 6.0
323 41.0 32.0 2.0 2.0 6.0
324 41.0 32.0 2.0 2.0 6.0
325 41.0 32.0 2.0 2.0 6.0
326 41.0 32.0 2.0 2.0 6.0
327 41.0 32.0 2.0 2.0 6.0
328 41.0 32.0 2.0 2.0 6.0
329 41.0 32.0 2.0 2.0 6.0
330 41.0 32.0 2.0 2.0 6.0
331 41.0 32.0 2.0 2.0 6.0
332 41.0 32.0 2.0 2.0 6.0
333 41.0 32.0 2.0 2.0 6.0
334 41.0 32.0 2.0 2.0 6.0
335 41.0 32.0 2.0 2.0 6.0
336 41.0 32.0 2.0 2.0 6.0
337 41.0 32.0 2.0 2.0 6.0
338 41.0 32.0 2.0 2.0 6.0
339 41.0 32.0 2.0 2.0 6.0
340 41.0 32.0 2.0 2.0 6.0
341 41.0 32.0 2.0 2.0 6.0
342 41.0 32.0 2.0 2.0 6.0
343 41.0 32.0 2.0 2.0 6.0
344 41.0 32.0 2.0 2.0 6.0
345 41.0 32.0 2.0 2.0 6.0
346 41.0 32.0 2.0 2.0 6.0
347 41.0 32.0 2.0 2.0 6.0
348 41.0 32.0 2.0 2.0 6.0
349 41.0 32.0 2.0 2.0 6.0
350 41.0 32.0 2.0 2.0 6.0
351 41.0 32.0 2.0 2.0 6.0
352 41.0 32.0 2.0 2.0 6.0
353 41.0 32.0 2.0 2.0 6.0
354 41.0 32.0 2.0 2.0 6.0
355 41.0 32.0 2.0 2.0 6.0
356 41.0 32.0 2.0 2.0 6.0
357 41.0 32.0 2.0 2.0 6.0
358 41.0 32.0 2.0 2.0 6.0
359 41.0 32.0 2.0 2.0 6.0
360 41.0 32.0 2.0 2.0 6.0
361 41.0 32.0 2.0 2.0 6.0
362 41.0 32.0 2.0 2.0 6.0
363 41.0 32.0 2.0 2.0 6.0
364 41.0 32.0 2.0 2.0 6.0
365 41.0 32.0 2.0 2.0 6.0
366 41.0 32.0 2.0 2.0 6.0
367 41.0 32.0 2.0 2.0 6.0
368 41.0 32.0 2.0 2.0 6.0
369 41.0 32.0 2.0 2.0 6.0
370 41.0 32.0 2.0 2.0 6.0
371 41.0 32.0 2.0 2.0 6.0
372 41.0 32.0 2.0 2.0 6.0
373 41.0 32.0 2.0 2.0 6.0
374 41.0 32.0 2.0 2.0 6.0
375 41.0 32.0 2.0 2.0 6.0
376 41.0 32.0 2.0 2.0 6.0
377 41.0 32.0 2.0 2.0 6.0
378 41.0 32.0 2.0 2.0 6.0
379 41.0 32.0 2.0 2.0 6.0
380 41.0 32.0 2.0 2.0 6.0
381 41.0 32.0 2.0 2.0 6.0
382 41.0 32.0 2.0 2.0 6.0
383 41.0 32.0 2.0 2.0 6.0
384 41.0 32.0 2.0 2.0 6.0
385 41.0 32.0 2.0 2.0 6.0
386 41.0 32.0 2.0 2.0 6.0
387 41.0 32.0 2.0 2.0 6.0
388 41.0 32.0 2.0 2.0 6.0
389 41.0 32.0 2.0 2.0 6.0
390 41.0 32.0 2.0 2.0 6.0
391 41.0 32.0 2.0 2.0 6.0
392 41.0 32.0 2.0 2.0 6.0
393 41.0 32.0 2.0 2.0 6.0
394 41.0 32.0 2.0 2.0 6.0
395 41.0 32.0 2.0 2.0 6.0
396 41.0 32.0 2.0 2.0 6.0
397 41.0 32.0 2.0 2.0 6.0
398 41.0 32.0 2.0 2.0 6.0
399 41.0 32.0 2.0 2.0 6.0
400 41.0 32.0 2.0 2.0 6.0
401 41.0 32.0 2.0 2.0 6.0
402 41.0 32.0 2.0 2.0 6.0
403 41.0 32.0 2.0 2.0 6.0
404 41.0 32.0 2.0 2.0 6.0
405 41.0 32.0 2.0 2.0 6.0
406 41.0 32.0 2.0 2.0 6.0
407 41.0 32.0 2.0 2.0 6.0
408 41.0 32.0 2.0 2.0 6.0
409 41.0 32.0 2.0 2.0 6.0
410 41.0 32.0 2.0 2.0 6.0
411 41.0 32.0 2.0 2.0 6.0
412 41.0 32.0 2.0 2.0 6.0
413 41.0 32.0 2.0 2.0 6.0
414 41.0 32.0 2.0 2.0 6.0
415 41.0 32.0 2.0 2.0 6.0
416 41.0 32.0 2.0 2.0 6.0
417 41.0 32.0 2.0 2.0 6.0
418 41.0 32.0 2.0 2.0 6.0
419 41.0 32.0 2.0 2.0 6.0
420 41.0 32.0 2.0 2.0 6.0
421 41.0 32.0 2.0 2.0 6.0
422 41.0 32.0 2.0 2.0 6.0
423 41.0 32.0 2.0 2.0 6.0
424 41.0 32.0 2.0 2.0 6.0
425 41.0 32.0 2.0 2.0 6.0
426 41.0 32.0 2.0 2.0 6.0
427 41.0 32.0 2.0 2.0 6.0
428 41.0 32.0 2.0 2.0 6.0
429 41.0 32.0 2.0 2.0 6.0
430 41.0 32.0 2.0 2.0 6.0
431 41.0 32.0 2.0 2.0 6.0
432 41.0 32.0 2.0 2.0 6.0
433 41.0 32.0 2.0 2.0 6.0
434 41.0 32.0 2.0 2.0 6.0
435 41.0 32.0 2.0 2.0 6.0
436 41.0 32.0 2.0 2.0 6.0
437 41.0 32.0 2.0 2.0 6.0
438 41.0 32.0 2.0 2.0 6.0
439 41.0 32.0 2.0 2.0 6.0
440 41.0 32.0 2.0 2.0 6.0
441 41.0 32.0 2.0 2.0 6.0
442 41.0 32.0 2.0 2.0 6.0
443 41.0 32.0 2.0 2.0 6.0
444 41.0 32.0 2.0 2.0 6.0
445 41.0 32.0 2.0 2.0 6.0
446 41.0 32.0 2.0 2.0 6.0
447 41.0 32.0 2.0 2.0 6.0
448 41.0 32.0 2.0 2.0 6.0
449 41.0 32.0 2.0 2.0 6.0
450 41.0 32.0 2.0 2.0 6.0
451 41.0 32.0 2.0 2.0 6.0
452 41.0 32.0 2.0 2.0 6.0
453 41.0 32.0 2.0 2.0 6.0
454 41.0 32.0 2.0 2.0 6.0
455 41.0 32.0 2.0 2.0 6.0
456 41.0 32.0 2.0 2.0 6.0
457 41.0 32.0 2.0 2.0 6.0
458 41.0 32.0 2.0 2.0 6.0
459 41.0 32.0 2.0 2.0 6.0
460 41.0 32.0 2.0 2.0 6.0
461 41.0 32.0 2.0 2.0 6.0
462 41.0 32.0 2.0 2.0 6.0
463 41.0 32.0 2.0 2.0 6.0
464 41.0 32.0 2.0 2.0 6.0
465 41.0 32.0 2.0 2.0 6.0
466 41.0 32.0 2.0 2.0 6.0
467 41.0 32.0 2.0 2.0 6.0
468 41.0 32.0 2.0 2.0 6.0
469 41.0 32.0 2.0 2.0 6.0
470 41.0 32.0 2.0 2.0 6.0
471 41.0 32.0 2.0 2.0 6.0
472 41.0 32.0 2.0 2.0 6.0
473 41.0 32.0 2.0 2.0 6.0
474 41.0 32.0 2.0 2.0 6.0
475 41.0 32.0 2.0 2.0 6.0
476 41.0 32.0 2.0 2.0 6.0
477 41.0 32.0 2.0 2.0 6.0
478 41.0 32.0 2.0 2.0 6.0
479 41.0 32.0 2.0 2.0 6.0
480 41.0 32.0 2.0 2.0 6.0
481 41.0 32.0 2.0 2.0 6.0
482 41.0 32.0 2.0 2.0 6.0
483 41.0 32.0 2.0 2.0 6.0
484 41.0 32.0 2.0 2.0 6.0
485 41.0 32.0 2.0 2.0 6.0
486 41.0 32.0 2.0 2.0 6.0
487 41.0 32.0 2.0 2.0 6.0
488 41.0 32.0 2.0 2.0 6.0
489 41.0 32.0 2.0 2.0 6.0
490 41.0 32.0 2.0 2.0 6.0
491 41.0 32.0 2.0 2.0 6.0
492 41.0 32.0 2.0 2.0 6.0
493 41.0 32.0 2.0 2.0 6.0
494 41.0 32.0 2.0 2.0 6.0
495 41.0 32.0 2.0 2.0 6.0
496 41.0 32.0 2.0 2.0 6.0
497 41.0 32.0 2.0 2.0 6.0
498 41.0 32.0 2.0 2.0 6.0
499 41.0 32.0 2.0 2.0 6.0
500 41.0 32.0 2.0 2.0 6.0
501 41.0 32.0 2.0 2.0 6.0
502 41.0 32.0 2.0 2.0 6.0
503 41.0 32.0 2.0 2.0 6.0
504 41.0 32.0 2.0 2.0 6.0
505 41.0 32.0 2.0 2.0 6.0
506 41.0 32.0 2.0 2.0 6.0
507 41.0 32.0 2.0 2.0 6.0
508 41.0 32.0 2.0 2.0 6.0
509 41.0 32.0 2.0 2.0 6.0
510 41.0 32.0 2.0 2.0 6.0
511 41.0 32.0 2.0 2.0 6.0
512 41.0 32.0 2.0 2.0 6.0
513 41.0 32.0 2.0 2.0 6.0
514 41.0 32.0 2.0 2.0 6.0
515 41.0 32.0 2.0 2.0 6.0
516 41.0 32.0 2.0 2.0 6.0
517 41.0 32.0 2.0 2.0 6.0
518 41.0 32.0 2.0 2.0 6.0
519 41.0 32.0 2.0 2.0 6.0
520 41.0 32.0 2.0 2.0 6.0
521 41.0 32.0 2.0 2.0 6.0
522 41.0 32.0 2.0 2.0 6.0
523 41.0 32.0 2.0 2.0 6.0
524 41.0 32.0 2.0 2.0 6.0
525 41.0 32.0 2.0 2.0 6.0
526 41.0 32.0 2.0 2.0 6.0
527 41.0 32.0 2.0 2.0 6.0
528 41.0 32.0 2.0 2.0 6.0
529 41.0 32.0 2.0 2.0 6.0
530 41.0 32.0 2.0 2.0 6.0
531 41.0 32.0 2.0 2.0 6.0
532 41.0 32.0 2.0 2.0 6.0
533 41.0 32.0 2.0 2.0 6.0
534 41.0 32.0 2.0 2.0 6.0
535 41.0 32.0 2.0 2.0 6.0
536 41.0 32.0 2.0 2.0 6.0
537 41.0 32.0 2.0 2.0 6.0
538 41.0 32.0 2.0 2.0 6.0
539 41.0 32.0 2.0 2.0 6.0
540 41.0 32.0 2.0 2.0 6.0
541 41.0 32.0 2.0 2.0 6.0
542 41.0 32.0 2.0 2.0 6.0
543 41.0 32.0 2.0 2.0 6.0
544 41.0 32.0 2.0 2.0 6.0
545 41.0 32.0 2.0 2.0 6.0
546 41.0 32.0 2.0 2.0 6.0
547 41.0 32.0 2.0 2.0 6.0
548 41.0 32.0 2.0 2.0 6.0
549 41.0 32.0 2.0 2.0 6.0
550 41.0 32.0 2.0 2.0 6.0
551 41.0 32.0 2.0 2.0 6.0
552 41.0 32.0 2.0 2.0 6.0
553 41.0 32.0 2.0 2.0 6.0
554 41.0 32.0 2.0 2.0 6.0
555 41.0 32.0 2.0 2.0 6.0
556 41.0 32.0 2.0 2.0 6.0
557 41.0 32.0 2.0 2.0 6.0
558 41.0 32.0 2.0 2.0 6.0
559 41.0 32.0 2.0 2.0 6.0
560 41.0 32.0 2.0 2.0 6.0
561 41.0 32.0 2.0 2.0 6.0
562 41.0 32.0 2.0 2.0 6.0
563 41.0 32.0 2.0 2.0 6.0
564 41.0 32.0 2.0 2.0 6.0
565 41.0 32.0 2.0 2.0 6.0
566 41.0 32.0 2.0 2.0 6.0
567 41.0 32.0 2.0 2.0 6.0
568 41.0 32.0 2.0 2.0 6.0
569 41.0 32.0 2.0 2.0 6.0
570 41.0 32.0 2.0 2.0 6.0
571 41.0 32.0 2.0 2.0 6.0
572 41.0 32.0 2.0 2.0 6.0
573 41.0 32.0 2.0 2.0 6.0
574 41.0 32.0 2.0 2.0 6.0
575 41.0 32.0 2.0 2.0 6.0
576 41.0 32.0 2.0 2.0 6.0
577 41.0 32.0 2.0 2.0 6.0
578 41.0 32.0 2.0 2.0 6.0
579 41.0 32.0 2.0 2.0 6.0
580 41.0 32.0 2.0 2.0 6.0
581 41.0 32.0 2.0 2.0 6.0
582 41.0 32.0 2.0 2.0 6.0
583 41.0 32.0 2.0 2.0 6.0
584 41.0 32.0 2.0 2.0 6.0
585 41.0 32.0 2.0 2.0 6.0
586 41.0 32.0 2.0 2.0 6.0
587 41.0 32.0 2.0 2.0 6.0
588 41.0 32.0 2.0 2.0 6.0
589 41.0 32.0 2.0 2.0 6.0
590 41.0 32.0 2.0 2.0 6.0
591 41.0 32.0 2.0 2.0 6.0
592 41.0 32.0 2.0 2.0 6.0
593 41.0 32.0 2.0 2.0 6.0
594 41.0 32.0 2.0 2.0 6.0
595 41.0 32.0 2.0 2.0 6.0
596 41.0 32.0 2.0 2.0 6.0
597 41.0 32.0 2.0 2.0 6.0
598 41.0 32.0 2.0 2.0 6.0
599 41.0 32.0 2.0 2.0 6.0
600 41.0 32.0 2.0 2.0 6.0
601 41.0 32.0 2.0 2.0 6.0
602 41.0 32.0 2.0 2.0 6.0
603 41.0 32.0 2.0 2.0 6.0
604 41.0 32.0 2.0 2.0 6.0
605 41.0 32.0 2.0 2.0 6.0
606 41.0 32.0 2.0 2.0 6.0
607 41.0 32.0 2.0 2.0 6.0
608 41.0 32.0 2.0 2.0 6.0
609 41.0 32.0 2.0 2.0 6.0
610 41.0 32.0 2.0 2.0 6.0
611 41.0 32.0 2.0 2.0 6.0
612 41.0 32.0 2.0 2.0 6.0
613 41.0 32.0 2.0 2.0 6.0
614 41.0 32.0 2.0 2.0 6.0
615 41.0 32.0 2.0 2.0 6.0
616 41.0 32.0 2.0 2.0 6.0
617 41.0 32.0 2.0 2.0 6.0
618 41.0 32.0 2.0 2.0 6.0
619 41.0 32.0 2.0 2.0 6.0
620 41.0 32.0 2.0 2.0 6.0
621 41.0 32.0 2.0 2.0 6.0
622 41.0 32.0 2.0 2.0 6.0
623 41.0 32.0 2.0 2.0 6.0
624 41.0 32.0 2.0 2.0 6.0
625 41.0 32.0 2.0 2.0 6.0
626 41.0 32.0 2.0 2.0 6.0
627 41.0 32.0 2.0 2.0 6.0
628 41.0 32.0 2.0 2.0 6.0
629 41.0 32.0 2.0 2.0 6.0
630 41.0 32.0 2.0 2.0 6.0
631 41.0 32.0 2.0 2.0 6.0
632 41.0 32.0 2.0 2.0 6.0
633 41.0 32.0 2.0 2.0 6.0
634 41.0 32.0 2.0 2.0 6.0
635 41.0 32.0 2.0 2.0 6.0
636 41.0 32.0 2.0 2.0 6.0
637 41.0 32.0 2.0 2.0 6.0
638 41.0 32.0 2.0 2.0 6.0
639 41.0 32.0 2.0 2.0 6.0
640 41.0 32.0 2.0 2.0 6.0
641 41.0 32.0 2.0 2.0 6.0
642 41.0 32.0 2.0 2.0 6.0
643 41.0 32.0 2.0 2.0 6.0
644 41.0 32.0 2.0 2.0 6.0
645 41.0 32.0 2.0 2.0 6.0
646 41.0 32.0 2.0 2.0 6.0
647 41.0 32.0 2.0 2.0 6.0
648 41.0 32.0 2.0 2.0 6.0
649 41.0 32.0 2.0 2.0 6.0
650 41.0 32.0 2.0 2.0 6.0
651 41.0 32.0 2.0 2.0 6.0
652 41.0 32.0 2.0 2.0 6.0
653 41.0 32.0 2.0 2.0 6.0
654 41.0 32.0 2.0 2.0 6.0
655 41.0 32.0 2.0 2.0 6.0
656 41.0 32.0 2.0 2.0 6.0
657 41.0 32.0 2.0 2.0 6.0
658 41.0 32.0 2.0 2.0 6.0
659 41.0 32.0 2.0 2.0 6.0
660 41.0 32.0 2.0 2.0 6.0
661 41.0 32.0 2.0 2.0 6.0
662 41.0 32.0 2.0 2.0 6.0
663 41.0 32.0 2.0 2.0 6.0
664 41.0 32.0 2.0 2.0 6.0
665 41.0 32.0 2.0 2.0 6.0
666 41.0 32.0 2.0 2.0 6.0
667 41.0 32.0 2.0 2.0 6.0
668 41.0 32.0 2.0 2.0 6.0
669 41.0 32.0 2.0 2.0 6.0
670 41.0 32.0 2.0 2.0 6.0
671 41.0 32.0 2.0 2.0 6.0
672 41.0 32.0 2.0 2.0 6.0
673 41.0 32.0 2.0 2.0 6.0
674 41.0 32.0 2.0 2.0 6.0
675 41.0 32.0 2.0 2.0 6.0
676 41.0 32.0 2.0 2.0 6.0
677 41.0 32.0 2.0 2.0 6.0
678 41.0 32.0 2.0 2.0 6.0
679 41.0 32.0 2.0 2.0 6.0
680 41.0 32.0 2.0 2.0 6.0
681 41.0 32.0 2.0 2.0 6.0
682 41.0 32.0 2.0 2.0 6.0
683 41.0 32.0 2.0 2.0 6.0
684 41.0 32.0 2.0 2.0 6.0
685 41.0 32.0 2.0 2.0 6.0
686 41.0 32.0 2.0 2.0 6.0
687 41.0 32.0 2.0 2.0 6.0
688 41.0 32.0 2.0 2.0 6.0
689 41.0 32.0 2.0 2.0 6.0
690 41.0 32.0 2.0 2.0 6.0
691 41.0 32.0 2.0 2.0 6.0
692 41.0 32.0 2.0 2.0 6.0
693 41.0 32.0 2.0 2.0 6.0
694 41.0 32.0 2.0 2.0 6.0
695 41.0 32.0 2.0 2.0 6.0
696 41.0 32.0 2.0 2.0 6.0
697 41.0 32.0 2.0 2.0 6.0
698 41.0 32.0 2.0 2.0 6.0
699 41.0 32.0 2.0 2.0 6.0
700 41.0 32.0 2.0 2.0 6.0
701 41.0 32.0 2.0 2.0 6.0
702 41.0 32.0 2.0 2.0 6.0
703 41.0 32.0 2.0 2.0 6.0
704 41.0 32.0 2.0 2.0 6.0
705 41.0 32.0 2.0 2.0 6.0
706 41.0 32.0 2.0 2.0 6.0
707 41.0 32.0 2.0 2.0 6.0
708 41.0 32.0 2.0 2.0 6.0
709 41.0 32.0 2.0 2.0 6.0
710 41.0 32.0 2.0 2.0 6.0
711 41.0 32.0 2.0 2.0 6.0
712 41.0 32.0 2.0 2.0 6.0
713 41.0 32.0 2.0 2.0 6.0
714 41.0 32.0 2.0 2.0 6.0
715 41.0 32.0 2.0 2.0 6.0
716 41.0 32.0 2.0 2.0 6.0
717 41.0 32.0 2.0 2.0 6.0
718 41.0 32.0 2.0 2.0 6.0
719 41.0 32.0 2.0 2.0 6.0
720 41.0 32.0 2.0 2.0 6.0
721 41.0 32.0 2.0 2.0 6.0
722 41.0 32.0 2.0 2.0 6.0
723 41.0 32.0 2.0 2.0 6.0
724 41.0 32.0 2.0 2.0 6.0
725 41.0 32.0 2.0 2.0 6.0
726 41.0 32.0 2.0 2.0 6.0
727 41.0 32.0 2.0 2.0 6.0
728 41.0 32.0 2.0 2.0 6.0
729 41.0 32.0 2.0 2.0 6.0
730 41.0 32.0 2.0 2.0 6.0
731 41.0 32.0 2.0 2.0 6.0
732 41.0 32.0 2.0 2.0 6.0
733 41.0 32.0 2.0 2.0 6.0
734 41.0 32.0 2.0 2.0 6.0
735 41.0 32.0 2.0 2.0 6.0
736 41.0 32.0 2.0 2.0 6.0
737 41.0 32.0 2.0 2.0 6.0
738 41.0 32.0 2.0 2.0 6.0
739 41.0 32.0 2.0 2.0 6.0
740 41.0 32.0 2.0 2.0 6.0
741 41.0 32.0 2.0 2.0 6.0
742 41.0 32.0 2.0 2.0 6.0
743 41.0 32.0 2.0 2.0 6.0
744 41.0 32.0 2.0 2.0 6.0
745 41.0 32.0 2.0 2.0 6.0
746 41.0 32.0 2.0 2.0 6.0
747 41.0 32.0 2.0 2.0 6.0
748 41.0 32.0 2.0 2.0 6.0
749 41.0 32.0 2.0 2.0 6.0
750 45.0 36.0 2.0 2.0 6.0
751 45.0 36.0 2.0 2.0 6.0
752 45.0 36.0 2.0 2.0 6.0
753 45.0 36.0 2.0 2.0 6.0
754 45.0 36.0 2.0 2.0 6.0
755 45.0 36.0 2.0 2.0 6.0
756 45.0 36.0 2.0 2.0 6.0
757 45.0 36.0 2.0 2.0 6.0
758 45.0 36.0 2.0 2.0 6.0
759 45.0 36.0 2.0 2.0 6.0
760 45.0 36.0 2.0 2.0 6.0
761 45.0 36.0 2.0 2.0 6.0
762 45.0 36.0 2.0 2.0 6.0
763 45.0 36.0 2.0 2.0 6.0
764 45.0 36.0 2.0 2.0 6.0
765 45.0 36.0 2.0 2.0 6.0
766 45.0 36.0 2.0 2.0 6.0
767 45.0 36.0 2.0 2.0 6.0
768 45.0 36.0 2.0 2.0 6.0
769 45.0 36.0 2.0 2.0 6.0
770 45.0 36.0 2.0 2.0 6.0
771 45.0 36.0 2.0 2.0 6.0
772 45.0 36.0 2.0 2.0 6.0
773 45.0 36.0 2.0 2.0 6.0
774 45.0 36.0 2.0 2.0 6.0
775 45.0 36.0 2.0 2.0 6.0
776 45.0 36.0 2.0 2.0 6.0
777 45.0 36.0 2.0 2.0 6.0
778 45.0 36.0 2.0 2.0 6.0
779 45.0 36.0 2.0 2.0 6.0
780 45.0 36.0 2.0 2.0 6.0
781 45.0 36.0 2.0 2.0 6.0
782 45.0 36.0 2.0 2.0 6.0
783 45.0 36.0 2.0 2.0 6.0
784 45.0 36.0 2.0 2.0 6.0
785 45.0 36.0 2.0 2.0 6.0
786 45.0 36.0 2.0 2.0 6.0
787 45.0 36.0 2.0 2.0 6.0
788 45.0 36.0 2.0 2.0 6.0
789 45.0 36.0 2.0 2.0 6.0
790 45.0 36.0 2.0 2.0 6.0
791 45.0 36.0 2.0 2.0 6.0
792 45.0 36.0 2.0 2.0 6.0
793 45.0 36.0 2.0 2.0 6.0
794 45.0 36.0 2.0 2.0 6.0
795 45.0 36.0 2.0 2.0 6.0
796 45.0 36.0 2.0 2.0 6.0
797 45.0 36.0 2.0 2.0 6.0
798 45.0 36.0 2.0 2.0 6.0
799 45.0 36.0 2.0 2.0 6.0
800 45.0 36.0 2.0 2.0 6.0
801 45.0 36.0 2.0 2.0 6.0
802 45.0 36.0 2.0 2.0 6.0
803 45.0 36.0 2.0 2.0 6.0
804 45.0 36.0 2.0 2.0 6.0
805 45.0 36.0 2.0 2.0 6.0
806 45.0 36.0 2.0 2.0 6.0
807 45.0 36.0 2.0 2.0 6.0
808 45.0 36.0 2.0 2.0 6.0
809 45.0 36.0 2.0 2.0 6.0
810 45.0 36.0 2.0 2.0 6.0
811 45.0 36.0 2.0 2.0 6.0
812 45.0 36.0 2.0 2.0 6.0
813 50.0 42.0 2.0 2.0 4.0
814 50.0 42.0 2.0 2.0 4.0
815 50.0 42.0 2.0 2.0 4.0
816 50.0 42.0 2.0 2.0 4.0
817 50.0 42.0 2.0 2.0 4.0
818 50.0 42.0 2.0 2.0 4.0
819 50.0 42.0 2.0 2.0 4.0
820 50.0 42.0 2.0 2.0 4.0
821 50.0 42.0 2.0 2.0 4.0
822 50.0 42.0 2.0 2.0 4.0
823 50.0 42.0 2.0 2.0 4.0
824 50.0 42.0 2.0 2.0 4.0
825 50.0 42.0 2.0 2.0 4.0
826 50.0 42.0 2.0 2.0 4.0
827 50.0 42.0 2.0 2.0 4.0
828 50.0 42.0 2.0 2.0 4.0
829 50.0 42.0 2.0 2.0 4.0
830 50.0 42.0 2.0 2.0 4.0
831 50.0 42.0 2.0 2.0 4.0
832 50.0 42.0 2.0 2.0 4.0
833 50.0 42.0 2.0 2.0 4.0
834 50.0 42.0 2.0 2.0 4.0
835 50.0 42.0 2.0 2.0 4.0
836 50.0 42.0 2.0 2.0 4.0
837 50.0 42.0 2.0 2.0 4.0
838 50.0 42.0 2.0 2.0 4.0
839 50.0 42.0 2.0 2.0 4.0
840 50.0 42.0 2.0 2.0 4.0
841 50.0 42.0 2.0 2.0 4.0
842 50.0 42.0 2.0 2.0 4.0
843 50.0 42.0 2.0 2.0 4.0
844 50.0 42.0 2.0 2.0 4.0
845 50.0 42.0 2.0 2.0 4.0
846 50.0 42.0 2.0 2.0 4.0
847 50.0 42.0 2.0 2.0 4.0
848 50.0 42.0 2.0 2.0 4.0
849 50.0 42.0 2.0 2.0 4.0
850 50.0 42.0 2.0 2.0 4.0
851 50.0 42.0 2.0 2.0 4.0
852 50.0 42.0 2.0 2.0 4.0
853 50.0 42.0 2.0 2.0 4.0
854 50.0 42.0 2.0 2.0 4.0
855 50.0 42.0 2.0 2.0 4.0
856 50.0 42.0 2.0 2.0 4.0
857 50.0 42.0 2.0 2.0 4.0
858 50.0 42.0 2.0 2.0 4.0
859 50.0 42.0 2.0 2.0 4.0
860 50.0 42.0 2.0 2.0 4.0
861 50.0 42.0 2.0 2.0 4.0
862 50.0 42.0 2.0 2.0 4.0
863 50.0 42.0 2.0 2.0 4.0
864 50.0 42.0 2.0 2.0 4.0
865 50.0 42.0 2.0 2.0 4.0
866 50.0 42.0 2.0 2.0 4.0
867 50.0 42.0 2.0 2.0 4.0
868 50.0 42.0 2.0 2.0 4.0
869 50.0 42.0 2.0 2.0 4.0
870 50.0 42.0 2.0 2.0 4.0
871 50.0 42.0 2.0 2.0 4.0
872 50.0 42.0 2.0 2.0 4.0
873 50.0 42.0 2.0 2.0 4.0
874 50.0 42.0 2.0 2.0 4.0
875 50.0 42.0 2.0 2.0 4.0
876 50.0 42.0 2.0 2.0 4.0
877 50.0 42.0 2.0 2.0 4.0
878 50.0 42.0 2.0 2.0 4.0
879 50.0 42.0 2.0 2.0 4.0
880 50.0 42.0 2.0 2.0 4.0
881 50.0 42.0 2.0 2.0 4.0
882 50.0 42.0 2.0 2.0 4.0
883 50.0 42.0 2.0 2.0 4.0
884 50.0 42.0 2.0 2.0 4.0
885 50.0 42.0 2.0 2.0 4.0
886 50.0 42.0 2.0 2.0 4.0
887 50.0 42.0 2.0 2.0 4.0
888 50.0 42.0 2.0 2.0 4.0
889 50.0 42.0 2.0 2.0 4.0
890 50.0 42.0 2.0 2.0 4.0
891 50.0 42.0 2.0 2.0 4.0
892 50.0 42.0 2.0 2.0 4.0
893 50.0 42.0 2.0 2.0 4.0
894 50.0 42.0 2.0 2.0 4.0
895 50.0 42.0 2.0 2.0 4.0
896 50.0 42.0 2.0 2.0 4.0
897 50.0 42.0 2.0 2.0 4.0
898 50.0 42.0 2.0 2.0 4.0
899 50.0 42.0 2.0 2.0 4.0
900 50.0 42.0 2.0 2.0 4.0
901 50.0 42.0 2.0 2.0 4.0
902 50.0 42.0 2.0 2.0 4.0
903 50.0 42.0 2.0 2.0 4.0
904 50.0 42.0 2.0 2.0 4.0
905 50.0 42.0 2.0 2.0 4.0
906 50.0 42.0 2.0 2.0 4.0
907 50.0 42.0 2.0 2.0 4.0
908 50.0 42.0 2.0 2.0 4.0
909 50.0 42.0 2.0 2.0 4.0
910 50.0 42.0 2.0 2.0 4.0
911 50.0 42.0 2.0 2.0 4.0
912 50.0 42.0 2.0 2.0 4.0
913 50.0 42.0 2.0 2.0 4.0
914 50.0 42.0 2.0 2.0 4.0
915 50.0 42.0 2.0 2.0 4.0
916 50.0 42.0 2.0 2.0 4.0
917 50.0 42.0 2.0 2.0 4.0
918 50.0 42.0 2.0 2.0 4.0
919 50.0 42.0 2.0 2.0 4.0
920 50.0 42.0 2.0 2.0 4.0
921 50.0 42.0 2.0 2.0 4.0
922 50.0 42.0 2.0 2.0 4.0
923 50.0 42.0 2.0 2.0 4.0
924 50.0 42.0 2.0 2.0 4.0
925 50.0 42.0 2.0 2.0 4.0
926 50.0 42.0 2.0 2.0 4.0
927 50.0 42.0 2.0 2.0 4.0
928 50.0 42.0 2.0 2.0 4.0
929 50.0 42.0 2.0 2.0 4.0
930 50.0 42.0 2.0 2.0 4.0
931 50.0 42.0 2.0 2.0 4.0
932 50.0 42.0 2.0 2.0 4.0
933 50.0 42.0 2.0 2.0 4.0
934 50.0 42.0 2.0 2.0 4.0
935 50.0 42.0 2.0 2.0 4.0
936 50.0 42.0 2.0 2.0 4.0
937 50.0 42.0 2.0 2.0 4.0
938 50.0 42.0 2.0 2.0 4.0
939 50.0 42.0 2.0 2.0 4.0
940 50.0 42.0 2.0 2.0 4.0
941 50.0 42.0 2.0 2.0 4.0
942 50.0 42.0 2.0 2.0 4.0
943 50.0 42.0 2.0 2.0 4.0
944 50.0 42.0 2.0 2.0 4.0
945 50.0 42.0 2.0 2.0 4.0
946 50.0 42.0 2.0 2.0 4.0
947 50.0 42.0 2.0 2.0 4.0
948 50.0 42.0 2.0 2.0 4.0
949 50.0 42.0 2.0 2.0 4.0
950 50.0 42.0 2.0 2.0 4.0
951 50.0 42.0 2.0 2.0 4.0
952 50.0 42.0 2.0 2.0 4.0
953 50.0 42.0 2.0 2.0 4.0
954 50.0 42.0 2.0 2.0 4.0
955 50.0 42.0 2.0 2.0 4.0
956 50.0 42.0 2.0 2.0 4.0
957 50.0 42.0 2.0 2.0 4.0
958 50.0 42.0 2.0 2.0 4.0
959 50.0 42.0 2.0 2.0 4.0
960 50.0 42.0 2.0 2.0 4.0
961 50.0 42.0 2.0 2.0 4.0
962 50.0 42.0 2.0 2.0 4.0
963 50.0 42.0 2.0 2.0 4.0
964 50.0 42.0 2.0 2.0 4.0
965 50.0 42.0 2.0 2.0 4.0
966 50.0 42.0 2.0 2.0 4.0
967 50.0 42.0 2.0 2.0 4.0
968 50.0 42.0 2.0 2.0 4.0
969 50.0 42.0 2.0 2.0 4.0
970 50.0 42.0 2.0 2.0 4.0
971 50.0 42.0 2.0 2.0 4.0
972 50.0 42.0 2.0 2.0 4.0
973 50.0 42.0 2.0 2.0 4.0
974 50.0 42.0 2.0 2.0 4.0
975 50.0 42.0 2.0 2.0 4.0
976 50.0 42.0 2.0 2.0 4.0
977 50.0 42.0 2.0 2.0 4.0
978 50.0 42.0 2.0 2.0 4.0
979 50.0 42.0 2.0 2.0 4.0
980 50.0 42.0 2.0 2.0 4.0
981 50.0 42.0 2.0 2.0 4.0
982 50.0 42.0 2.0 2.0 4.0
983 50.0 42.0 2.0 2.0 4.0
984 50.0 42.0 2.0 2.0 4.0
985 50.0 42.0 2.0 2.0 4.0
986 50.0 42.0 2.0 2.0 4.0
987 50.0 42.0 2.0 2.0 4.0
988 50.0 42.0 2.0 2.0 4.0
989 50.0 42.0 2.0 2.0 4.0
990 50.0 42.0 2.0 2.0 4.0
991 50.0 42.0 2.0 2.0 4.0
992 50.0 42.0 2.0 2.0 4.0
993 50.0 42.0 2.0 2.0 4.0
994 50.0 42.0 2.0 2.0 4.0
995 50.0 42.0 2.0 2.0 4.0
996 50.0 42.0 2.0 2.0 4.0
997 50.0 42.0 2.0 2.0 4.0
998 50.0 42.0 2.0 2.0 4.0
999 50.0 42.0 2.0 2.0 4.0
1000 50.0 42.0 2.0 2.0 4.0
