gen HV HVnoDiscount fitness_notKilledMutants notKilledNonEqMutants fitness_testSuiteSize
1 66.017578125 66.0 0.0 0.0 5.0
2 69.0 69.0 0.0 0.0 4.0
3 69.0 69.0 0.0 0.0 4.0
4 69.0 69.0 0.0 0.0 4.0
5 69.0 69.0 0.0 0.0 4.0
6 80.0 80.0 0.0 0.0 2.0
7 80.0 80.0 0.0 0.0 2.0
8 80.0 80.0 0.0 0.0 2.0
9 80.0 80.0 0.0 0.0 2.0
10 80.0 80.0 0.0 0.0 2.0
11 80.0 80.0 0.0 0.0 2.0
12 80.0 80.0 0.0 0.0 2.0
13 80.0 80.0 0.0 0.0 2.0
14 80.0 80.0 0.0 0.0 2.0
15 80.0 80.0 0.0 0.0 2.0
16 80.0 80.0 0.0 0.0 2.0
17 80.0 80.0 0.0 0.0 2.0
18 80.0 80.0 0.0 0.0 2.0
19 80.0 80.0 0.0 0.0 2.0
20 80.0 80.0 0.0 0.0 2.0
21 80.0 80.0 0.0 0.0 2.0
22 80.0 80.0 0.0 0.0 2.0
23 80.0 80.0 0.0 0.0 2.0
24 80.0 80.0 0.0 0.0 2.0
25 80.0 80.0 0.0 0.0 2.0
26 80.0 80.0 0.0 0.0 2.0
27 80.0 80.0 0.0 0.0 2.0
28 80.0 80.0 0.0 0.0 2.0
29 80.0 80.0 0.0 0.0 2.0
30 80.0 80.0 0.0 0.0 2.0
31 80.0 80.0 0.0 0.0 2.0
32 80.0 80.0 0.0 0.0 2.0
33 80.0 80.0 0.0 0.0 2.0
34 80.0 80.0 0.0 0.0 2.0
35 80.0 80.0 0.0 0.0 2.0
36 80.0 80.0 0.0 0.0 2.0
37 80.0 80.0 0.0 0.0 2.0
38 80.0 80.0 0.0 0.0 2.0
39 80.0 80.0 0.0 0.0 2.0
40 80.0 80.0 0.0 0.0 2.0
41 80.0 80.0 0.0 0.0 2.0
42 80.0 80.0 0.0 0.0 2.0
43 82.0 82.0 0.0 0.0 2.0
44 82.0 82.0 0.0 0.0 2.0
45 82.0 82.0 0.0 0.0 2.0
46 82.0 82.0 0.0 0.0 2.0
47 82.0 82.0 0.0 0.0 2.0
48 82.0 82.0 0.0 0.0 2.0
49 82.0 82.0 0.0 0.0 2.0
50 82.0 82.0 0.0 0.0 2.0
51 82.0 82.0 0.0 0.0 2.0
52 82.0 82.0 0.0 0.0 2.0
53 82.0 82.0 0.0 0.0 2.0
54 82.0 82.0 0.0 0.0 2.0
55 82.0 82.0 0.0 0.0 2.0
56 82.0 82.0 0.0 0.0 2.0
57 82.0 82.0 0.0 0.0 2.0
58 82.0 82.0 0.0 0.0 2.0
59 82.0 82.0 0.0 0.0 2.0
60 82.0 82.0 0.0 0.0 2.0
61 82.0 82.0 0.0 0.0 2.0
62 82.0 82.0 0.0 0.0 2.0
63 82.0 82.0 0.0 0.0 2.0
64 82.0 82.0 0.0 0.0 2.0
65 85.0 85.0 0.0 0.0 2.0
66 85.0 85.0 0.0 0.0 2.0
67 85.0 85.0 0.0 0.0 2.0
68 85.0 85.0 0.0 0.0 2.0
69 85.0 85.0 0.0 0.0 2.0
70 85.0 85.0 0.0 0.0 2.0
71 85.0 85.0 0.0 0.0 2.0
72 85.0 85.0 0.0 0.0 2.0
73 85.0 85.0 0.0 0.0 2.0
74 85.0 85.0 0.0 0.0 2.0
75 85.0 85.0 0.0 0.0 2.0
76 85.0 85.0 0.0 0.0 2.0
77 85.0 85.0 0.0 0.0 2.0
78 85.0 85.0 0.0 0.0 2.0
79 85.0 85.0 0.0 0.0 2.0
80 85.0 85.0 0.0 0.0 2.0
81 85.0 85.0 0.0 0.0 2.0
82 85.0 85.0 0.0 0.0 2.0
83 85.0 85.0 0.0 0.0 2.0
84 85.0 85.0 0.0 0.0 2.0
85 85.0 85.0 0.0 0.0 2.0
86 85.0 85.0 0.0 0.0 2.0
87 85.0 85.0 0.0 0.0 2.0
88 85.0 85.0 0.0 0.0 2.0
89 85.0 85.0 0.0 0.0 2.0
90 85.0 85.0 0.0 0.0 2.0
91 85.0 85.0 0.0 0.0 2.0
92 85.0 85.0 0.0 0.0 2.0
93 85.0 85.0 0.0 0.0 2.0
94 85.0 85.0 0.0 0.0 2.0
95 85.0 85.0 0.0 0.0 2.0
96 85.0 85.0 0.0 0.0 2.0
97 85.0 85.0 0.0 0.0 2.0
98 85.0 85.0 0.0 0.0 2.0
99 85.0 85.0 0.0 0.0 2.0
100 85.0 85.0 0.0 0.0 2.0
101 85.0 85.0 0.0 0.0 2.0
102 85.0 85.0 0.0 0.0 2.0
103 85.0 85.0 0.0 0.0 2.0
104 85.0 85.0 0.0 0.0 2.0
105 85.0 85.0 0.0 0.0 2.0
106 85.0 85.0 0.0 0.0 2.0
107 85.0 85.0 0.0 0.0 2.0
108 85.0 85.0 0.0 0.0 2.0
109 85.0 85.0 0.0 0.0 2.0
110 85.0 85.0 0.0 0.0 2.0
111 85.0 85.0 0.0 0.0 2.0
112 85.0 85.0 0.0 0.0 2.0
113 85.0 85.0 0.0 0.0 2.0
114 85.0 85.0 0.0 0.0 2.0
115 85.0 85.0 0.0 0.0 2.0
116 85.0 85.0 0.0 0.0 2.0
117 85.0 85.0 0.0 0.0 2.0
118 85.0 85.0 0.0 0.0 2.0
119 85.0 85.0 0.0 0.0 2.0
120 85.0 85.0 0.0 0.0 2.0
121 85.0 85.0 0.0 0.0 2.0
122 85.0 85.0 0.0 0.0 2.0
123 85.0 85.0 0.0 0.0 2.0
124 85.0 85.0 0.0 0.0 2.0
125 85.0 85.0 0.0 0.0 2.0
126 85.0 85.0 0.0 0.0 2.0
127 85.0 85.0 0.0 0.0 2.0
128 85.0 85.0 0.0 0.0 2.0
129 85.0 85.0 0.0 0.0 2.0
130 85.0 85.0 0.0 0.0 2.0
131 85.0 85.0 0.0 0.0 2.0
132 85.0 85.0 0.0 0.0 2.0
133 85.0 85.0 0.0 0.0 2.0
134 85.0 85.0 0.0 0.0 2.0
135 85.0 85.0 0.0 0.0 2.0
136 85.0 85.0 0.0 0.0 2.0
137 85.0 85.0 0.0 0.0 2.0
138 85.0 85.0 0.0 0.0 2.0
139 85.0 85.0 0.0 0.0 2.0
140 85.0 85.0 0.0 0.0 2.0
141 85.0 85.0 0.0 0.0 2.0
142 85.0 85.0 0.0 0.0 2.0
143 85.0 85.0 0.0 0.0 2.0
144 85.0 85.0 0.0 0.0 2.0
145 85.0 85.0 0.0 0.0 2.0
146 85.0 85.0 0.0 0.0 2.0
147 85.0 85.0 0.0 0.0 2.0
148 85.0 85.0 0.0 0.0 2.0
149 85.0 85.0 0.0 0.0 2.0
150 85.0 85.0 0.0 0.0 2.0
151 85.0 85.0 0.0 0.0 2.0
152 85.0 85.0 0.0 0.0 2.0
153 85.0 85.0 0.0 0.0 2.0
154 85.0 85.0 0.0 0.0 2.0
155 85.0 85.0 0.0 0.0 2.0
156 85.0 85.0 0.0 0.0 2.0
157 85.0 85.0 0.0 0.0 2.0
158 85.0 85.0 0.0 0.0 2.0
159 85.0 85.0 0.0 0.0 2.0
160 85.0 85.0 0.0 0.0 2.0
161 85.0 85.0 0.0 0.0 2.0
162 85.0 85.0 0.0 0.0 2.0
163 85.0 85.0 0.0 0.0 2.0
164 85.0 85.0 0.0 0.0 2.0
165 85.0 85.0 0.0 0.0 2.0
166 85.0 85.0 0.0 0.0 2.0
167 85.0 85.0 0.0 0.0 2.0
168 85.0 85.0 0.0 0.0 2.0
169 85.0 85.0 0.0 0.0 2.0
170 85.0 85.0 0.0 0.0 2.0
171 85.0 85.0 0.0 0.0 2.0
172 85.0 85.0 0.0 0.0 2.0
173 85.0 85.0 0.0 0.0 2.0
174 85.0 85.0 0.0 0.0 2.0
175 85.0 85.0 0.0 0.0 2.0
176 85.0 85.0 0.0 0.0 2.0
177 85.0 85.0 0.0 0.0 2.0
178 85.0 85.0 0.0 0.0 2.0
179 85.0 85.0 0.0 0.0 2.0
180 85.0 85.0 0.0 0.0 2.0
181 85.0 85.0 0.0 0.0 2.0
182 85.0 85.0 0.0 0.0 2.0
183 85.0 85.0 0.0 0.0 2.0
184 85.0 85.0 0.0 0.0 2.0
185 85.0 85.0 0.0 0.0 2.0
186 85.0 85.0 0.0 0.0 2.0
187 85.0 85.0 0.0 0.0 2.0
188 85.0 85.0 0.0 0.0 2.0
189 85.0 85.0 0.0 0.0 2.0
190 85.0 85.0 0.0 0.0 2.0
191 85.0 85.0 0.0 0.0 2.0
192 85.0 85.0 0.0 0.0 2.0
193 85.0 85.0 0.0 0.0 2.0
194 85.0 85.0 0.0 0.0 2.0
195 85.0 85.0 0.0 0.0 2.0
196 85.0 85.0 0.0 0.0 2.0
197 85.0 85.0 0.0 0.0 2.0
198 85.0 85.0 0.0 0.0 2.0
199 85.0 85.0 0.0 0.0 2.0
200 85.0 85.0 0.0 0.0 2.0
201 85.0 85.0 0.0 0.0 2.0
202 85.0 85.0 0.0 0.0 2.0
203 85.0 85.0 0.0 0.0 2.0
204 85.0 85.0 0.0 0.0 2.0
205 85.0 85.0 0.0 0.0 2.0
206 85.0 85.0 0.0 0.0 2.0
207 85.0 85.0 0.0 0.0 2.0
208 85.0 85.0 0.0 0.0 2.0
209 85.0 85.0 0.0 0.0 2.0
210 85.0 85.0 0.0 0.0 2.0
211 85.0 85.0 0.0 0.0 2.0
212 85.0 85.0 0.0 0.0 2.0
213 85.0 85.0 0.0 0.0 2.0
214 85.0 85.0 0.0 0.0 2.0
215 85.0 85.0 0.0 0.0 2.0
216 85.0 85.0 0.0 0.0 2.0
217 85.0 85.0 0.0 0.0 2.0
218 85.0 85.0 0.0 0.0 2.0
219 85.0 85.0 0.0 0.0 2.0
220 85.0 85.0 0.0 0.0 2.0
221 85.0 85.0 0.0 0.0 2.0
222 85.0 85.0 0.0 0.0 2.0
223 85.0 85.0 0.0 0.0 2.0
224 85.0 85.0 0.0 0.0 2.0
225 85.0 85.0 0.0 0.0 2.0
226 85.0 85.0 0.0 0.0 2.0
227 85.0 85.0 0.0 0.0 2.0
228 85.0 85.0 0.0 0.0 2.0
229 85.0 85.0 0.0 0.0 2.0
230 85.0 85.0 0.0 0.0 2.0
231 85.0 85.0 0.0 0.0 2.0
232 85.0 85.0 0.0 0.0 2.0
233 85.0 85.0 0.0 0.0 2.0
234 85.0 85.0 0.0 0.0 2.0
235 85.0 85.0 0.0 0.0 2.0
236 85.0 85.0 0.0 0.0 2.0
237 85.0 85.0 0.0 0.0 2.0
238 85.0 85.0 0.0 0.0 2.0
239 85.0 85.0 0.0 0.0 2.0
240 85.0 85.0 0.0 0.0 2.0
241 85.0 85.0 0.0 0.0 2.0
242 85.0 85.0 0.0 0.0 2.0
243 85.0 85.0 0.0 0.0 2.0
244 85.0 85.0 0.0 0.0 2.0
245 85.0 85.0 0.0 0.0 2.0
246 85.0 85.0 0.0 0.0 2.0
247 85.0 85.0 0.0 0.0 2.0
248 85.0 85.0 0.0 0.0 2.0
249 85.0 85.0 0.0 0.0 2.0
250 85.0 85.0 0.0 0.0 2.0
251 85.0 85.0 0.0 0.0 2.0
252 85.0 85.0 0.0 0.0 2.0
253 85.0 85.0 0.0 0.0 2.0
254 85.0 85.0 0.0 0.0 2.0
255 85.0 85.0 0.0 0.0 2.0
256 85.0 85.0 0.0 0.0 2.0
257 85.0 85.0 0.0 0.0 2.0
258 85.0 85.0 0.0 0.0 2.0
259 85.0 85.0 0.0 0.0 2.0
260 85.0 85.0 0.0 0.0 2.0
261 85.0 85.0 0.0 0.0 2.0
262 85.0 85.0 0.0 0.0 2.0
263 85.0 85.0 0.0 0.0 2.0
264 85.0 85.0 0.0 0.0 2.0
265 85.0 85.0 0.0 0.0 2.0
266 85.0 85.0 0.0 0.0 2.0
267 85.0 85.0 0.0 0.0 2.0
268 85.0 85.0 0.0 0.0 2.0
269 85.0 85.0 0.0 0.0 2.0
270 85.0 85.0 0.0 0.0 2.0
271 85.0 85.0 0.0 0.0 2.0
272 85.0 85.0 0.0 0.0 2.0
273 85.0 85.0 0.0 0.0 2.0
274 85.0 85.0 0.0 0.0 2.0
275 85.0 85.0 0.0 0.0 2.0
276 85.0 85.0 0.0 0.0 2.0
277 85.0 85.0 0.0 0.0 2.0
278 85.0 85.0 0.0 0.0 2.0
279 85.0 85.0 0.0 0.0 2.0
280 85.0 85.0 0.0 0.0 2.0
281 85.0 85.0 0.0 0.0 2.0
282 85.0 85.0 0.0 0.0 2.0
283 85.0 85.0 0.0 0.0 2.0
284 85.0 85.0 0.0 0.0 2.0
285 85.0 85.0 0.0 0.0 2.0
286 85.0 85.0 0.0 0.0 2.0
287 85.0 85.0 0.0 0.0 2.0
288 85.0 85.0 0.0 0.0 2.0
289 85.0 85.0 0.0 0.0 2.0
290 85.0 85.0 0.0 0.0 2.0
291 85.0 85.0 0.0 0.0 2.0
292 85.0 85.0 0.0 0.0 2.0
293 85.0 85.0 0.0 0.0 2.0
294 85.0 85.0 0.0 0.0 2.0
295 85.0 85.0 0.0 0.0 2.0
296 85.0 85.0 0.0 0.0 2.0
297 85.0 85.0 0.0 0.0 2.0
298 85.0 85.0 0.0 0.0 2.0
299 85.0 85.0 0.0 0.0 2.0
300 85.0 85.0 0.0 0.0 2.0
301 85.0 85.0 0.0 0.0 2.0
302 85.0 85.0 0.0 0.0 2.0
303 85.0 85.0 0.0 0.0 2.0
304 85.0 85.0 0.0 0.0 2.0
305 85.0 85.0 0.0 0.0 2.0
306 85.0 85.0 0.0 0.0 2.0
307 85.0 85.0 0.0 0.0 2.0
308 85.0 85.0 0.0 0.0 2.0
309 85.0 85.0 0.0 0.0 2.0
310 85.0 85.0 0.0 0.0 2.0
311 85.0 85.0 0.0 0.0 2.0
312 85.0 85.0 0.0 0.0 2.0
313 85.0 85.0 0.0 0.0 2.0
314 85.0 85.0 0.0 0.0 2.0
315 85.0 85.0 0.0 0.0 2.0
316 85.0 85.0 0.0 0.0 2.0
317 85.0 85.0 0.0 0.0 2.0
318 85.0 85.0 0.0 0.0 2.0
319 85.0 85.0 0.0 0.0 2.0
320 85.0 85.0 0.0 0.0 2.0
321 85.0 85.0 0.0 0.0 2.0
322 85.0 85.0 0.0 0.0 2.0
323 85.0 85.0 0.0 0.0 2.0
324 85.0 85.0 0.0 0.0 2.0
325 85.0 85.0 0.0 0.0 2.0
326 85.0 85.0 0.0 0.0 2.0
327 85.0 85.0 0.0 0.0 2.0
328 85.0 85.0 0.0 0.0 2.0
329 85.0 85.0 0.0 0.0 2.0
330 85.0 85.0 0.0 0.0 2.0
331 85.0 85.0 0.0 0.0 2.0
332 85.0 85.0 0.0 0.0 2.0
333 85.0 85.0 0.0 0.0 2.0
334 85.0 85.0 0.0 0.0 2.0
335 85.0 85.0 0.0 0.0 2.0
336 85.0 85.0 0.0 0.0 2.0
337 85.0 85.0 0.0 0.0 2.0
338 85.0 85.0 0.0 0.0 2.0
339 85.0 85.0 0.0 0.0 2.0
340 85.0 85.0 0.0 0.0 2.0
341 85.0 85.0 0.0 0.0 2.0
342 85.0 85.0 0.0 0.0 2.0
343 85.0 85.0 0.0 0.0 2.0
344 85.0 85.0 0.0 0.0 2.0
345 85.0 85.0 0.0 0.0 2.0
346 85.0 85.0 0.0 0.0 2.0
347 85.0 85.0 0.0 0.0 2.0
348 85.0 85.0 0.0 0.0 2.0
349 85.0 85.0 0.0 0.0 2.0
350 85.0 85.0 0.0 0.0 2.0
351 85.0 85.0 0.0 0.0 2.0
352 85.0 85.0 0.0 0.0 2.0
353 85.0 85.0 0.0 0.0 2.0
354 85.0 85.0 0.0 0.0 2.0
355 85.0 85.0 0.0 0.0 2.0
356 85.0 85.0 0.0 0.0 2.0
357 85.0 85.0 0.0 0.0 2.0
358 85.0 85.0 0.0 0.0 2.0
359 85.0 85.0 0.0 0.0 2.0
360 85.0 85.0 0.0 0.0 2.0
361 85.0 85.0 0.0 0.0 2.0
362 85.0 85.0 0.0 0.0 2.0
363 85.0 85.0 0.0 0.0 2.0
364 85.0 85.0 0.0 0.0 2.0
365 85.0 85.0 0.0 0.0 2.0
366 85.0 85.0 0.0 0.0 2.0
367 85.0 85.0 0.0 0.0 2.0
368 85.0 85.0 0.0 0.0 2.0
369 85.0 85.0 0.0 0.0 2.0
370 85.0 85.0 0.0 0.0 2.0
371 85.0 85.0 0.0 0.0 2.0
372 85.0 85.0 0.0 0.0 2.0
373 85.0 85.0 0.0 0.0 2.0
374 85.0 85.0 0.0 0.0 2.0
375 85.0 85.0 0.0 0.0 2.0
376 85.0 85.0 0.0 0.0 2.0
377 85.0 85.0 0.0 0.0 2.0
378 85.0 85.0 0.0 0.0 2.0
379 85.0 85.0 0.0 0.0 2.0
380 85.0 85.0 0.0 0.0 2.0
381 85.0 85.0 0.0 0.0 2.0
382 85.0 85.0 0.0 0.0 2.0
383 85.0 85.0 0.0 0.0 2.0
384 85.0 85.0 0.0 0.0 2.0
385 85.0 85.0 0.0 0.0 2.0
386 85.0 85.0 0.0 0.0 2.0
387 85.0 85.0 0.0 0.0 2.0
388 85.0 85.0 0.0 0.0 2.0
389 85.0 85.0 0.0 0.0 2.0
390 85.0 85.0 0.0 0.0 2.0
391 85.0 85.0 0.0 0.0 2.0
392 85.0 85.0 0.0 0.0 2.0
393 85.0 85.0 0.0 0.0 2.0
394 85.0 85.0 0.0 0.0 2.0
395 85.0 85.0 0.0 0.0 2.0
396 85.0 85.0 0.0 0.0 2.0
397 85.0 85.0 0.0 0.0 2.0
398 85.0 85.0 0.0 0.0 2.0
399 85.0 85.0 0.0 0.0 2.0
400 85.0 85.0 0.0 0.0 2.0
401 85.0 85.0 0.0 0.0 2.0
402 85.0 85.0 0.0 0.0 2.0
403 85.0 85.0 0.0 0.0 2.0
404 85.0 85.0 0.0 0.0 2.0
405 85.0 85.0 0.0 0.0 2.0
406 85.0 85.0 0.0 0.0 2.0
407 85.0 85.0 0.0 0.0 2.0
408 85.0 85.0 0.0 0.0 2.0
409 85.0 85.0 0.0 0.0 2.0
410 85.0 85.0 0.0 0.0 2.0
411 85.0 85.0 0.0 0.0 2.0
412 85.0 85.0 0.0 0.0 2.0
413 85.0 85.0 0.0 0.0 2.0
414 85.0 85.0 0.0 0.0 2.0
415 85.0 85.0 0.0 0.0 2.0
416 85.0 85.0 0.0 0.0 2.0
417 85.0 85.0 0.0 0.0 2.0
418 85.0 85.0 0.0 0.0 2.0
419 85.0 85.0 0.0 0.0 2.0
420 85.0 85.0 0.0 0.0 2.0
421 85.0 85.0 0.0 0.0 2.0
422 85.0 85.0 0.0 0.0 2.0
423 85.0 85.0 0.0 0.0 2.0
424 85.0 85.0 0.0 0.0 2.0
425 85.0 85.0 0.0 0.0 2.0
426 85.0 85.0 0.0 0.0 2.0
427 85.0 85.0 0.0 0.0 2.0
428 85.0 85.0 0.0 0.0 2.0
429 85.0 85.0 0.0 0.0 2.0
430 85.0 85.0 0.0 0.0 2.0
431 85.0 85.0 0.0 0.0 2.0
432 85.0 85.0 0.0 0.0 2.0
433 85.0 85.0 0.0 0.0 2.0
434 85.0 85.0 0.0 0.0 2.0
435 85.0 85.0 0.0 0.0 2.0
436 85.0 85.0 0.0 0.0 2.0
437 85.0 85.0 0.0 0.0 2.0
438 85.0 85.0 0.0 0.0 2.0
439 85.0 85.0 0.0 0.0 2.0
440 85.0 85.0 0.0 0.0 2.0
441 85.0 85.0 0.0 0.0 2.0
442 85.0 85.0 0.0 0.0 2.0
443 85.0 85.0 0.0 0.0 2.0
444 85.0 85.0 0.0 0.0 2.0
445 85.0 85.0 0.0 0.0 2.0
446 85.0 85.0 0.0 0.0 2.0
447 85.0 85.0 0.0 0.0 2.0
448 85.0 85.0 0.0 0.0 2.0
449 85.0 85.0 0.0 0.0 2.0
450 85.0 85.0 0.0 0.0 2.0
451 85.0 85.0 0.0 0.0 2.0
452 85.0 85.0 0.0 0.0 2.0
453 85.0 85.0 0.0 0.0 2.0
454 85.0 85.0 0.0 0.0 2.0
455 85.0 85.0 0.0 0.0 2.0
456 85.0 85.0 0.0 0.0 2.0
457 85.0 85.0 0.0 0.0 2.0
458 85.0 85.0 0.0 0.0 2.0
459 85.0 85.0 0.0 0.0 2.0
460 85.0 85.0 0.0 0.0 2.0
461 85.0 85.0 0.0 0.0 2.0
462 85.0 85.0 0.0 0.0 2.0
463 85.0 85.0 0.0 0.0 2.0
464 85.0 85.0 0.0 0.0 2.0
465 85.0 85.0 0.0 0.0 2.0
466 85.0 85.0 0.0 0.0 2.0
467 85.0 85.0 0.0 0.0 2.0
468 85.0 85.0 0.0 0.0 2.0
469 85.0 85.0 0.0 0.0 2.0
470 85.0 85.0 0.0 0.0 2.0
471 85.0 85.0 0.0 0.0 2.0
472 85.0 85.0 0.0 0.0 2.0
473 85.0 85.0 0.0 0.0 2.0
474 85.0 85.0 0.0 0.0 2.0
475 85.0 85.0 0.0 0.0 2.0
476 85.0 85.0 0.0 0.0 2.0
477 85.0 85.0 0.0 0.0 2.0
478 85.0 85.0 0.0 0.0 2.0
479 85.0 85.0 0.0 0.0 2.0
480 85.0 85.0 0.0 0.0 2.0
481 85.0 85.0 0.0 0.0 2.0
482 85.0 85.0 0.0 0.0 2.0
483 85.0 85.0 0.0 0.0 2.0
484 85.0 85.0 0.0 0.0 2.0
485 85.0 85.0 0.0 0.0 2.0
486 85.0 85.0 0.0 0.0 2.0
487 85.0 85.0 0.0 0.0 2.0
488 85.0 85.0 0.0 0.0 2.0
489 85.0 85.0 0.0 0.0 2.0
490 85.0 85.0 0.0 0.0 2.0
491 85.0 85.0 0.0 0.0 2.0
492 85.0 85.0 0.0 0.0 2.0
493 85.0 85.0 0.0 0.0 2.0
494 85.0 85.0 0.0 0.0 2.0
495 85.0 85.0 0.0 0.0 2.0
496 85.0 85.0 0.0 0.0 2.0
497 85.0 85.0 0.0 0.0 2.0
498 85.0 85.0 0.0 0.0 2.0
499 85.0 85.0 0.0 0.0 2.0
500 85.0 85.0 0.0 0.0 2.0
501 85.0 85.0 0.0 0.0 2.0
502 85.0 85.0 0.0 0.0 2.0
503 85.0 85.0 0.0 0.0 2.0
504 85.0 85.0 0.0 0.0 2.0
505 85.0 85.0 0.0 0.0 2.0
506 85.0 85.0 0.0 0.0 2.0
507 85.0 85.0 0.0 0.0 2.0
508 85.0 85.0 0.0 0.0 2.0
509 85.0 85.0 0.0 0.0 2.0
510 85.0 85.0 0.0 0.0 2.0
511 85.0 85.0 0.0 0.0 2.0
512 85.0 85.0 0.0 0.0 2.0
513 85.0 85.0 0.0 0.0 2.0
514 85.0 85.0 0.0 0.0 2.0
515 85.0 85.0 0.0 0.0 2.0
516 85.0 85.0 0.0 0.0 2.0
517 85.0 85.0 0.0 0.0 2.0
518 85.0 85.0 0.0 0.0 2.0
519 85.0 85.0 0.0 0.0 2.0
520 85.0 85.0 0.0 0.0 2.0
521 85.0 85.0 0.0 0.0 2.0
522 85.0 85.0 0.0 0.0 2.0
523 85.0 85.0 0.0 0.0 2.0
524 85.0 85.0 0.0 0.0 2.0
525 85.0 85.0 0.0 0.0 2.0
526 85.0 85.0 0.0 0.0 2.0
527 85.0 85.0 0.0 0.0 2.0
528 85.0 85.0 0.0 0.0 2.0
529 85.0 85.0 0.0 0.0 2.0
530 85.0 85.0 0.0 0.0 2.0
531 85.0 85.0 0.0 0.0 2.0
532 85.0 85.0 0.0 0.0 2.0
533 85.0 85.0 0.0 0.0 2.0
534 85.0 85.0 0.0 0.0 2.0
535 85.0 85.0 0.0 0.0 2.0
536 85.0 85.0 0.0 0.0 2.0
537 85.0 85.0 0.0 0.0 2.0
538 85.0 85.0 0.0 0.0 2.0
539 85.0 85.0 0.0 0.0 2.0
540 85.0 85.0 0.0 0.0 2.0
541 85.0 85.0 0.0 0.0 2.0
542 85.0 85.0 0.0 0.0 2.0
543 85.0 85.0 0.0 0.0 2.0
544 85.0 85.0 0.0 0.0 2.0
545 85.0 85.0 0.0 0.0 2.0
546 85.0 85.0 0.0 0.0 2.0
547 85.0 85.0 0.0 0.0 2.0
548 85.0 85.0 0.0 0.0 2.0
549 85.0 85.0 0.0 0.0 2.0
550 85.0 85.0 0.0 0.0 2.0
551 85.0 85.0 0.0 0.0 2.0
552 85.0 85.0 0.0 0.0 2.0
553 85.0 85.0 0.0 0.0 2.0
554 85.0 85.0 0.0 0.0 2.0
555 85.0 85.0 0.0 0.0 2.0
556 85.0 85.0 0.0 0.0 2.0
557 85.0 85.0 0.0 0.0 2.0
558 85.0 85.0 0.0 0.0 2.0
559 85.0 85.0 0.0 0.0 2.0
560 85.0 85.0 0.0 0.0 2.0
561 85.0 85.0 0.0 0.0 2.0
562 85.0 85.0 0.0 0.0 2.0
563 85.0 85.0 0.0 0.0 2.0
564 85.0 85.0 0.0 0.0 2.0
565 85.0 85.0 0.0 0.0 2.0
566 85.0 85.0 0.0 0.0 2.0
567 85.0 85.0 0.0 0.0 2.0
568 85.0 85.0 0.0 0.0 2.0
569 85.0 85.0 0.0 0.0 2.0
570 85.0 85.0 0.0 0.0 2.0
571 85.0 85.0 0.0 0.0 2.0
572 85.0 85.0 0.0 0.0 2.0
573 85.0 85.0 0.0 0.0 2.0
574 85.0 85.0 0.0 0.0 2.0
575 85.0 85.0 0.0 0.0 2.0
576 85.0 85.0 0.0 0.0 2.0
577 85.0 85.0 0.0 0.0 2.0
578 85.0 85.0 0.0 0.0 2.0
579 85.0 85.0 0.0 0.0 2.0
580 85.0 85.0 0.0 0.0 2.0
581 85.0 85.0 0.0 0.0 2.0
582 85.0 85.0 0.0 0.0 2.0
583 85.0 85.0 0.0 0.0 2.0
584 85.0 85.0 0.0 0.0 2.0
585 85.0 85.0 0.0 0.0 2.0
586 85.0 85.0 0.0 0.0 2.0
587 85.0 85.0 0.0 0.0 2.0
588 85.0 85.0 0.0 0.0 2.0
589 85.0 85.0 0.0 0.0 2.0
590 85.0 85.0 0.0 0.0 2.0
591 85.0 85.0 0.0 0.0 2.0
592 85.0 85.0 0.0 0.0 2.0
593 85.0 85.0 0.0 0.0 2.0
594 85.0 85.0 0.0 0.0 2.0
595 85.0 85.0 0.0 0.0 2.0
596 85.0 85.0 0.0 0.0 2.0
597 85.0 85.0 0.0 0.0 2.0
598 85.0 85.0 0.0 0.0 2.0
599 85.0 85.0 0.0 0.0 2.0
600 85.0 85.0 0.0 0.0 2.0
601 85.0 85.0 0.0 0.0 2.0
602 85.0 85.0 0.0 0.0 2.0
603 85.0 85.0 0.0 0.0 2.0
604 85.0 85.0 0.0 0.0 2.0
605 85.0 85.0 0.0 0.0 2.0
606 85.0 85.0 0.0 0.0 2.0
607 85.0 85.0 0.0 0.0 2.0
608 85.0 85.0 0.0 0.0 2.0
609 85.0 85.0 0.0 0.0 2.0
610 85.0 85.0 0.0 0.0 2.0
611 85.0 85.0 0.0 0.0 2.0
612 85.0 85.0 0.0 0.0 2.0
613 85.0 85.0 0.0 0.0 2.0
614 85.0 85.0 0.0 0.0 2.0
615 85.0 85.0 0.0 0.0 2.0
616 85.0 85.0 0.0 0.0 2.0
617 85.0 85.0 0.0 0.0 2.0
618 85.0 85.0 0.0 0.0 2.0
619 85.0 85.0 0.0 0.0 2.0
620 85.0 85.0 0.0 0.0 2.0
621 85.0 85.0 0.0 0.0 2.0
622 85.0 85.0 0.0 0.0 2.0
623 85.0 85.0 0.0 0.0 2.0
624 85.0 85.0 0.0 0.0 2.0
625 85.0 85.0 0.0 0.0 2.0
626 85.0 85.0 0.0 0.0 2.0
627 85.0 85.0 0.0 0.0 2.0
628 85.0 85.0 0.0 0.0 2.0
629 85.0 85.0 0.0 0.0 2.0
630 85.0 85.0 0.0 0.0 2.0
631 85.0 85.0 0.0 0.0 2.0
632 85.0 85.0 0.0 0.0 2.0
633 85.0 85.0 0.0 0.0 2.0
634 85.0 85.0 0.0 0.0 2.0
635 85.0 85.0 0.0 0.0 2.0
636 85.0 85.0 0.0 0.0 2.0
637 85.0 85.0 0.0 0.0 2.0
638 85.0 85.0 0.0 0.0 2.0
639 85.0 85.0 0.0 0.0 2.0
640 85.0 85.0 0.0 0.0 2.0
641 85.0 85.0 0.0 0.0 2.0
642 85.0 85.0 0.0 0.0 2.0
643 85.0 85.0 0.0 0.0 2.0
644 85.0 85.0 0.0 0.0 2.0
645 85.0 85.0 0.0 0.0 2.0
646 85.0 85.0 0.0 0.0 2.0
647 85.0 85.0 0.0 0.0 2.0
648 85.0 85.0 0.0 0.0 2.0
649 85.0 85.0 0.0 0.0 2.0
650 85.0 85.0 0.0 0.0 2.0
651 85.0 85.0 0.0 0.0 2.0
652 85.0 85.0 0.0 0.0 2.0
653 85.0 85.0 0.0 0.0 2.0
654 85.0 85.0 0.0 0.0 2.0
655 85.0 85.0 0.0 0.0 2.0
656 85.0 85.0 0.0 0.0 2.0
657 85.0 85.0 0.0 0.0 2.0
658 85.0 85.0 0.0 0.0 2.0
659 85.0 85.0 0.0 0.0 2.0
660 85.0 85.0 0.0 0.0 2.0
661 85.0 85.0 0.0 0.0 2.0
662 85.0 85.0 0.0 0.0 2.0
663 85.0 85.0 0.0 0.0 2.0
664 85.0 85.0 0.0 0.0 2.0
665 85.0 85.0 0.0 0.0 2.0
666 85.0 85.0 0.0 0.0 2.0
667 85.0 85.0 0.0 0.0 2.0
668 85.0 85.0 0.0 0.0 2.0
669 85.0 85.0 0.0 0.0 2.0
670 85.0 85.0 0.0 0.0 2.0
671 85.0 85.0 0.0 0.0 2.0
672 85.0 85.0 0.0 0.0 2.0
673 85.0 85.0 0.0 0.0 2.0
674 85.0 85.0 0.0 0.0 2.0
675 85.0 85.0 0.0 0.0 2.0
676 85.0 85.0 0.0 0.0 2.0
677 85.0 85.0 0.0 0.0 2.0
678 85.0 85.0 0.0 0.0 2.0
679 85.0 85.0 0.0 0.0 2.0
680 85.0 85.0 0.0 0.0 2.0
681 85.0 85.0 0.0 0.0 2.0
682 85.0 85.0 0.0 0.0 2.0
683 85.0 85.0 0.0 0.0 2.0
684 85.0 85.0 0.0 0.0 2.0
685 85.0 85.0 0.0 0.0 2.0
686 85.0 85.0 0.0 0.0 2.0
687 85.0 85.0 0.0 0.0 2.0
688 85.0 85.0 0.0 0.0 2.0
689 85.0 85.0 0.0 0.0 2.0
690 85.0 85.0 0.0 0.0 2.0
691 85.0 85.0 0.0 0.0 2.0
692 85.0 85.0 0.0 0.0 2.0
693 85.0 85.0 0.0 0.0 2.0
694 85.0 85.0 0.0 0.0 2.0
695 85.0 85.0 0.0 0.0 2.0
696 85.0 85.0 0.0 0.0 2.0
697 85.0 85.0 0.0 0.0 2.0
698 85.0 85.0 0.0 0.0 2.0
699 85.0 85.0 0.0 0.0 2.0
700 85.0 85.0 0.0 0.0 2.0
701 85.0 85.0 0.0 0.0 2.0
702 85.0 85.0 0.0 0.0 2.0
703 85.0 85.0 0.0 0.0 2.0
704 85.0 85.0 0.0 0.0 2.0
705 85.0 85.0 0.0 0.0 2.0
706 85.0 85.0 0.0 0.0 2.0
707 85.0 85.0 0.0 0.0 2.0
708 85.0 85.0 0.0 0.0 2.0
709 85.0 85.0 0.0 0.0 2.0
710 85.0 85.0 0.0 0.0 2.0
711 85.0 85.0 0.0 0.0 2.0
712 85.0 85.0 0.0 0.0 2.0
713 85.0 85.0 0.0 0.0 2.0
714 85.0 85.0 0.0 0.0 2.0
715 85.0 85.0 0.0 0.0 2.0
716 85.0 85.0 0.0 0.0 2.0
717 85.0 85.0 0.0 0.0 2.0
718 85.0 85.0 0.0 0.0 2.0
719 85.0 85.0 0.0 0.0 2.0
720 85.0 85.0 0.0 0.0 2.0
721 85.0 85.0 0.0 0.0 2.0
722 85.0 85.0 0.0 0.0 2.0
723 85.0 85.0 0.0 0.0 2.0
724 85.0 85.0 0.0 0.0 2.0
725 86.0 86.0 0.0 0.0 2.0
726 86.0 86.0 0.0 0.0 2.0
727 86.0 86.0 0.0 0.0 2.0
728 86.0 86.0 0.0 0.0 2.0
729 86.0 86.0 0.0 0.0 2.0
730 86.0 86.0 0.0 0.0 2.0
731 86.0 86.0 0.0 0.0 2.0
732 86.0 86.0 0.0 0.0 2.0
733 86.0 86.0 0.0 0.0 2.0
734 86.0 86.0 0.0 0.0 2.0
735 86.0 86.0 0.0 0.0 2.0
736 86.0 86.0 0.0 0.0 2.0
737 86.0 86.0 0.0 0.0 2.0
738 86.0 86.0 0.0 0.0 2.0
739 86.0 86.0 0.0 0.0 2.0
740 86.0 86.0 0.0 0.0 2.0
741 86.0 86.0 0.0 0.0 2.0
742 86.0 86.0 0.0 0.0 2.0
743 86.0 86.0 0.0 0.0 2.0
744 86.0 86.0 0.0 0.0 2.0
745 86.0 86.0 0.0 0.0 2.0
746 86.0 86.0 0.0 0.0 2.0
747 86.0 86.0 0.0 0.0 2.0
748 86.0 86.0 0.0 0.0 2.0
749 86.0 86.0 0.0 0.0 2.0
750 86.0 86.0 0.0 0.0 2.0
751 86.0 86.0 0.0 0.0 2.0
752 86.0 86.0 0.0 0.0 2.0
753 86.0 86.0 0.0 0.0 2.0
754 86.0 86.0 0.0 0.0 2.0
755 86.0 86.0 0.0 0.0 2.0
756 86.0 86.0 0.0 0.0 2.0
757 86.0 86.0 0.0 0.0 2.0
758 86.0 86.0 0.0 0.0 2.0
759 86.0 86.0 0.0 0.0 2.0
760 86.0 86.0 0.0 0.0 2.0
761 86.0 86.0 0.0 0.0 2.0
762 86.0 86.0 0.0 0.0 2.0
763 86.0 86.0 0.0 0.0 2.0
764 86.0 86.0 0.0 0.0 2.0
765 86.0 86.0 0.0 0.0 2.0
766 86.0 86.0 0.0 0.0 2.0
767 86.0 86.0 0.0 0.0 2.0
768 86.0 86.0 0.0 0.0 2.0
769 86.0 86.0 0.0 0.0 2.0
770 86.0 86.0 0.0 0.0 2.0
771 86.0 86.0 0.0 0.0 2.0
772 86.0 86.0 0.0 0.0 2.0
773 86.0 86.0 0.0 0.0 2.0
774 86.0 86.0 0.0 0.0 2.0
775 86.0 86.0 0.0 0.0 2.0
776 86.0 86.0 0.0 0.0 2.0
777 86.0 86.0 0.0 0.0 2.0
778 86.0 86.0 0.0 0.0 2.0
779 86.0 86.0 0.0 0.0 2.0
780 86.0 86.0 0.0 0.0 2.0
781 86.0 86.0 0.0 0.0 2.0
782 86.0 86.0 0.0 0.0 2.0
783 86.0 86.0 0.0 0.0 2.0
784 86.0 86.0 0.0 0.0 2.0
785 86.0 86.0 0.0 0.0 2.0
786 86.0 86.0 0.0 0.0 2.0
787 86.0 86.0 0.0 0.0 2.0
788 86.0 86.0 0.0 0.0 2.0
789 86.0 86.0 0.0 0.0 2.0
790 86.0 86.0 0.0 0.0 2.0
791 86.0 86.0 0.0 0.0 2.0
792 86.0 86.0 0.0 0.0 2.0
793 86.0 86.0 0.0 0.0 2.0
794 86.0 86.0 0.0 0.0 2.0
795 86.0 86.0 0.0 0.0 2.0
796 86.0 86.0 0.0 0.0 2.0
797 86.0 86.0 0.0 0.0 2.0
798 86.0 86.0 0.0 0.0 2.0
799 86.0 86.0 0.0 0.0 2.0
800 86.0 86.0 0.0 0.0 2.0
801 87.0 87.0 0.0 0.0 2.0
802 87.0 87.0 0.0 0.0 2.0
803 87.0 87.0 0.0 0.0 2.0
804 87.0 87.0 0.0 0.0 2.0
805 87.0 87.0 0.0 0.0 2.0
806 87.0 87.0 0.0 0.0 2.0
807 87.0 87.0 0.0 0.0 2.0
808 87.0 87.0 0.0 0.0 2.0
809 87.0 87.0 0.0 0.0 2.0
810 87.0 87.0 0.0 0.0 2.0
811 87.0 87.0 0.0 0.0 2.0
812 87.0 87.0 0.0 0.0 2.0
813 87.0 87.0 0.0 0.0 2.0
814 87.0 87.0 0.0 0.0 2.0
815 87.0 87.0 0.0 0.0 2.0
816 87.0 87.0 0.0 0.0 2.0
817 87.0 87.0 0.0 0.0 2.0
818 87.0 87.0 0.0 0.0 2.0
819 87.0 87.0 0.0 0.0 2.0
820 87.0 87.0 0.0 0.0 2.0
821 87.0 87.0 0.0 0.0 2.0
822 87.0 87.0 0.0 0.0 2.0
823 87.0 87.0 0.0 0.0 2.0
824 87.0 87.0 0.0 0.0 2.0
825 87.0 87.0 0.0 0.0 2.0
826 87.0 87.0 0.0 0.0 2.0
827 87.0 87.0 0.0 0.0 2.0
828 87.0 87.0 0.0 0.0 2.0
829 87.0 87.0 0.0 0.0 2.0
830 87.0 87.0 0.0 0.0 2.0
831 87.0 87.0 0.0 0.0 2.0
832 87.0 87.0 0.0 0.0 2.0
833 87.0 87.0 0.0 0.0 2.0
834 87.0 87.0 0.0 0.0 2.0
835 87.0 87.0 0.0 0.0 2.0
836 87.0 87.0 0.0 0.0 2.0
837 87.0 87.0 0.0 0.0 2.0
838 87.0 87.0 0.0 0.0 2.0
839 87.0 87.0 0.0 0.0 2.0
840 87.0 87.0 0.0 0.0 2.0
841 87.0 87.0 0.0 0.0 2.0
842 87.0 87.0 0.0 0.0 2.0
843 87.0 87.0 0.0 0.0 2.0
844 87.0 87.0 0.0 0.0 2.0
845 87.0 87.0 0.0 0.0 2.0
846 87.0 87.0 0.0 0.0 2.0
847 87.0 87.0 0.0 0.0 2.0
848 87.0 87.0 0.0 0.0 2.0
849 87.0 87.0 0.0 0.0 2.0
850 87.0 87.0 0.0 0.0 2.0
851 87.0 87.0 0.0 0.0 2.0
852 87.0 87.0 0.0 0.0 2.0
853 87.0 87.0 0.0 0.0 2.0
854 87.0 87.0 0.0 0.0 2.0
855 87.0 87.0 0.0 0.0 2.0
856 87.0 87.0 0.0 0.0 2.0
857 87.0 87.0 0.0 0.0 2.0
858 87.0 87.0 0.0 0.0 2.0
859 87.0 87.0 0.0 0.0 2.0
860 87.0 87.0 0.0 0.0 2.0
861 87.0 87.0 0.0 0.0 2.0
862 87.0 87.0 0.0 0.0 2.0
863 87.0 87.0 0.0 0.0 2.0
864 87.0 87.0 0.0 0.0 2.0
865 87.0 87.0 0.0 0.0 2.0
866 87.0 87.0 0.0 0.0 2.0
867 87.0 87.0 0.0 0.0 2.0
868 87.0 87.0 0.0 0.0 2.0
869 87.0 87.0 0.0 0.0 2.0
870 87.0 87.0 0.0 0.0 2.0
871 87.0 87.0 0.0 0.0 2.0
872 87.0 87.0 0.0 0.0 2.0
873 87.0 87.0 0.0 0.0 2.0
874 87.0 87.0 0.0 0.0 2.0
875 87.0 87.0 0.0 0.0 2.0
876 87.0 87.0 0.0 0.0 2.0
877 87.0 87.0 0.0 0.0 2.0
878 87.0 87.0 0.0 0.0 2.0
879 87.0 87.0 0.0 0.0 2.0
880 87.0 87.0 0.0 0.0 2.0
881 87.0 87.0 0.0 0.0 2.0
882 87.0 87.0 0.0 0.0 2.0
883 87.0 87.0 0.0 0.0 2.0
884 87.0 87.0 0.0 0.0 2.0
885 87.0 87.0 0.0 0.0 2.0
886 87.0 87.0 0.0 0.0 2.0
887 87.0 87.0 0.0 0.0 2.0
888 87.0 87.0 0.0 0.0 2.0
889 87.0 87.0 0.0 0.0 2.0
890 87.0 87.0 0.0 0.0 2.0
891 87.0 87.0 0.0 0.0 2.0
892 87.0 87.0 0.0 0.0 2.0
893 87.0 87.0 0.0 0.0 2.0
894 87.0 87.0 0.0 0.0 2.0
895 87.0 87.0 0.0 0.0 2.0
896 87.0 87.0 0.0 0.0 2.0
897 87.0 87.0 0.0 0.0 2.0
898 87.0 87.0 0.0 0.0 2.0
899 87.0 87.0 0.0 0.0 2.0
900 87.0 87.0 0.0 0.0 2.0
901 87.0 87.0 0.0 0.0 2.0
902 87.0 87.0 0.0 0.0 2.0
903 87.0 87.0 0.0 0.0 2.0
904 87.0 87.0 0.0 0.0 2.0
905 87.0 87.0 0.0 0.0 2.0
906 87.0 87.0 0.0 0.0 2.0
907 87.0 87.0 0.0 0.0 2.0
908 87.0 87.0 0.0 0.0 2.0
909 87.0 87.0 0.0 0.0 2.0
910 87.0 87.0 0.0 0.0 2.0
911 87.0 87.0 0.0 0.0 2.0
912 87.0 87.0 0.0 0.0 2.0
913 87.0 87.0 0.0 0.0 2.0
914 87.0 87.0 0.0 0.0 2.0
915 87.0 87.0 0.0 0.0 2.0
916 87.0 87.0 0.0 0.0 2.0
917 87.0 87.0 0.0 0.0 2.0
918 87.0 87.0 0.0 0.0 2.0
919 87.0 87.0 0.0 0.0 2.0
920 87.0 87.0 0.0 0.0 2.0
921 87.0 87.0 0.0 0.0 2.0
922 87.0 87.0 0.0 0.0 2.0
923 87.0 87.0 0.0 0.0 2.0
924 87.0 87.0 0.0 0.0 2.0
925 87.0 87.0 0.0 0.0 2.0
926 87.0 87.0 0.0 0.0 2.0
927 87.0 87.0 0.0 0.0 2.0
928 87.0 87.0 0.0 0.0 2.0
929 87.0 87.0 0.0 0.0 2.0
930 87.0 87.0 0.0 0.0 2.0
931 87.0 87.0 0.0 0.0 2.0
932 87.0 87.0 0.0 0.0 2.0
933 87.0 87.0 0.0 0.0 2.0
934 87.0 87.0 0.0 0.0 2.0
935 87.0 87.0 0.0 0.0 2.0
936 87.0 87.0 0.0 0.0 2.0
937 87.0 87.0 0.0 0.0 2.0
938 87.0 87.0 0.0 0.0 2.0
939 87.0 87.0 0.0 0.0 2.0
940 87.0 87.0 0.0 0.0 2.0
941 87.0 87.0 0.0 0.0 2.0
942 87.0 87.0 0.0 0.0 2.0
943 87.0 87.0 0.0 0.0 2.0
944 87.0 87.0 0.0 0.0 2.0
945 87.0 87.0 0.0 0.0 2.0
946 87.0 87.0 0.0 0.0 2.0
947 87.0 87.0 0.0 0.0 2.0
948 87.0 87.0 0.0 0.0 2.0
949 87.0 87.0 0.0 0.0 2.0
950 87.0 87.0 0.0 0.0 2.0
951 87.0 87.0 0.0 0.0 2.0
952 87.0 87.0 0.0 0.0 2.0
953 87.0 87.0 0.0 0.0 2.0
954 87.0 87.0 0.0 0.0 2.0
955 87.0 87.0 0.0 0.0 2.0
956 87.0 87.0 0.0 0.0 2.0
957 87.0 87.0 0.0 0.0 2.0
958 87.0 87.0 0.0 0.0 2.0
959 87.0 87.0 0.0 0.0 2.0
960 87.0 87.0 0.0 0.0 2.0
961 87.0 87.0 0.0 0.0 2.0
962 87.0 87.0 0.0 0.0 2.0
963 87.0 87.0 0.0 0.0 2.0
964 87.0 87.0 0.0 0.0 2.0
965 87.0 87.0 0.0 0.0 2.0
966 87.0 87.0 0.0 0.0 2.0
967 87.0 87.0 0.0 0.0 2.0
968 87.0 87.0 0.0 0.0 2.0
969 87.0 87.0 0.0 0.0 2.0
970 87.0 87.0 0.0 0.0 2.0
971 87.0 87.0 0.0 0.0 2.0
972 87.0 87.0 0.0 0.0 2.0
973 87.0 87.0 0.0 0.0 2.0
974 87.0 87.0 0.0 0.0 2.0
975 87.0 87.0 0.0 0.0 2.0
976 87.0 87.0 0.0 0.0 2.0
977 87.0 87.0 0.0 0.0 2.0
978 87.0 87.0 0.0 0.0 2.0
979 87.0 87.0 0.0 0.0 2.0
980 87.0 87.0 0.0 0.0 2.0
981 87.0 87.0 0.0 0.0 2.0
982 87.0 87.0 0.0 0.0 2.0
983 87.0 87.0 0.0 0.0 2.0
984 87.0 87.0 0.0 0.0 2.0
985 87.0 87.0 0.0 0.0 2.0
986 87.0 87.0 0.0 0.0 2.0
987 87.0 87.0 0.0 0.0 2.0
988 87.0 87.0 0.0 0.0 2.0
989 87.0 87.0 0.0 0.0 2.0
990 87.0 87.0 0.0 0.0 2.0
991 87.0 87.0 0.0 0.0 2.0
992 87.0 87.0 0.0 0.0 2.0
993 87.0 87.0 0.0 0.0 2.0
994 87.0 87.0 0.0 0.0 2.0
995 87.0 87.0 0.0 0.0 2.0
996 87.0 87.0 0.0 0.0 2.0
997 87.0 87.0 0.0 0.0 2.0
998 87.0 87.0 0.0 0.0 2.0
999 87.0 87.0 0.0 0.0 2.0
1000 87.0 87.0 0.0 0.0 2.0
