gen testSuiteSize notKilledMutants number_of_tests no_discount_objective no_equiv_mut_not_killed no_equiv_mut_not_killed_perc
1 1 9.697265625 31 10 9 1.0
1 3 9.66796875 34 10 9 1.0
1 6 9.609375 40 10 9 1.0
1 9 9.521484375 49 10 9 1.0
2 1 7.609375 50 8 7 0.7777777777777778
3 1 7.6015625 51 8 7 0.7777777777777778
4 0 9.6015625 51 10 9 1.0
4 1 7.6015625 51 8 7 0.7777777777777778
5 1 7.6015625 51 8 7 0.7777777777777778
6 1 7.6015625 51 8 7 0.7777777777777778
7 1 7.6015625 51 8 7 0.7777777777777778
8 1 7.59375 52 8 7 0.7777777777777778
9 0 9.5859375 53 10 9 1.0
10 1 7.5703125 55 8 7 0.7777777777777778
10 0 9.5703125 55 10 9 1.0
11 1 7.5703125 55 8 7 0.7777777777777778
11 0 9.5703125 55 10 9 1.0
12 1 7.5703125 55 8 7 0.7777777777777778
12 0 9.5703125 55 10 9 1.0
13 0 9.5703125 55 10 9 1.0
13 1 7.5703125 55 8 7 0.7777777777777778
14 1 7.5703125 55 8 7 0.7777777777777778
14 0 9.5703125 55 10 9 1.0
15 1 7.5703125 55 8 7 0.7777777777777778
16 1 7.5703125 55 8 7 0.7777777777777778
17 1 7.5703125 55 8 7 0.7777777777777778
17 0 9.5703125 55 10 9 1.0
18 1 7.5703125 55 8 7 0.7777777777777778
19 1 7.5703125 55 8 7 0.7777777777777778
20 1 7.5546875 57 8 7 0.7777777777777778
21 0 9.5546875 57 10 9 1.0
22 0 9.546875 58 10 9 1.0
22 1 7.546875 58 8 7 0.7777777777777778
23 0 9.546875 58 10 9 1.0
24 0 9.546875 58 10 9 1.0
25 0 9.546875 58 10 9 1.0
26 0 9.546875 58 10 9 1.0
26 1 8.5966796875 59 9 8 0.8888888888888888
27 0 9.5830078125 61 10 9 1.0
28 1 8.63671875 62 9 8 0.8888888888888888
28 0 9.63671875 62 10 9 1.0
29 0 9.63671875 62 10 9 1.0
30 0 9.63671875 62 10 9 1.0
31 0 9.630859375 63 10 9 1.0
32 0 9.630859375 63 10 9 1.0
33 0 9.625 64 10 9 1.0
34 0 9.625 64 10 9 1.0
35 0 9.625 64 10 9 1.0
36 0 9.625 64 10 9 1.0
37 0 9.625 64 10 9 1.0
38 0 9.625 64 10 9 1.0
39 0 9.625 64 10 9 1.0
40 0 9.61328125 66 10 9 1.0
41 0 9.61328125 66 10 9 1.0
42 0 9.61328125 66 10 9 1.0
43 0 9.607421875 67 10 9 1.0
44 0 9.6015625 68 10 9 1.0
45 0 9.6015625 68 10 9 1.0
46 0 9.6015625 68 10 9 1.0
47 0 9.595703125 69 10 9 1.0
48 0 9.58984375 70 10 9 1.0
49 0 9.58984375 70 10 9 1.0
50 0 9.58984375 70 10 9 1.0
51 0 9.583984375 71 10 9 1.0
52 0 9.583984375 71 10 9 1.0
53 0 9.583984375 71 10 9 1.0
54 0 9.578125 72 10 9 1.0
55 0 9.578125 72 10 9 1.0
56 0 9.572265625 73 10 9 1.0
57 0 9.572265625 73 10 9 1.0
58 0 9.572265625 73 10 9 1.0
59 0 9.572265625 73 10 9 1.0
60 0 9.572265625 73 10 9 1.0
61 0 9.572265625 73 10 9 1.0
61 1 6.7109375 74 7 6 0.6666666666666666
62 0 9.7109375 74 10 9 1.0
63 0 9.7109375 74 10 9 1.0
64 0 9.7109375 74 10 9 1.0
65 0 9.7109375 74 10 9 1.0
66 0 9.70703125 75 10 9 1.0
67 0 9.70703125 75 10 9 1.0
68 0 9.703125 76 10 9 1.0
69 0 9.703125 76 10 9 1.0
70 0 9.703125 76 10 9 1.0
71 0 9.703125 76 10 9 1.0
72 0 9.703125 76 10 9 1.0
73 0 9.703125 76 10 9 1.0
74 0 9.703125 76 10 9 1.0
75 0 9.703125 76 10 9 1.0
76 0 9.703125 76 10 9 1.0
77 0 9.703125 76 10 9 1.0
78 0 9.703125 76 10 9 1.0
78 1 5.7744140625 77 6 5 0.5555555555555556
79 0 9.7744140625 77 10 9 1.0
80 1 8.7685546875 79 9 8 0.8888888888888888
80 0 9.7685546875 79 10 9 1.0
81 0 9.7685546875 79 10 9 1.0
82 0 9.7685546875 79 10 9 1.0
83 0 9.7685546875 79 10 9 1.0
84 0 9.765625 80 10 9 1.0
85 0 9.765625 80 10 9 1.0
86 0 9.765625 80 10 9 1.0
87 0 9.765625 80 10 9 1.0
88 0 9.765625 80 10 9 1.0
89 0 9.765625 80 10 9 1.0
90 0 9.765625 80 10 9 1.0
90 1 9.7626953125 81 10 9 1.0
91 0 9.7626953125 81 10 9 1.0
92 0 9.7626953125 81 10 9 1.0
93 0 9.7626953125 81 10 9 1.0
94 0 9.7626953125 81 10 9 1.0
95 0 9.7626953125 81 10 9 1.0
95 1 8.7626953125 81 9 8 0.8888888888888888
96 0 9.7626953125 81 10 9 1.0
97 0 9.759765625 82 10 9 1.0
98 0 9.759765625 82 10 9 1.0
99 0 9.759765625 82 10 9 1.0
100 0 9.7568359375 83 10 9 1.0
101 0 9.7568359375 83 10 9 1.0
102 0 9.7568359375 83 10 9 1.0
102 1 4.91796875 84 5 4 0.4444444444444444
103 0 9.91796875 84 10 9 1.0
104 0 9.9169921875 85 10 9 1.0
105 0 9.916015625 86 10 9 1.0
106 0 9.916015625 86 10 9 1.0
107 0 9.916015625 86 10 9 1.0
108 0 9.916015625 86 10 9 1.0
109 0 9.916015625 86 10 9 1.0
110 0 9.916015625 86 10 9 1.0
111 0 9.916015625 86 10 9 1.0
111 1 8.916015625 86 9 8 0.8888888888888888
112 0 9.916015625 86 10 9 1.0
113 0 9.9150390625 87 10 9 1.0
114 0 9.9150390625 87 10 9 1.0
115 0 9.9140625 88 10 9 1.0
116 0 9.9140625 88 10 9 1.0
117 0 9.9140625 88 10 9 1.0
118 0 9.9130859375 89 10 9 1.0
119 0 9.9130859375 89 10 9 1.0
120 0 9.9130859375 89 10 9 1.0
121 0 9.912109375 90 10 9 1.0
122 0 9.9111328125 91 10 9 1.0
123 0 9.9111328125 91 10 9 1.0
124 0 9.9111328125 91 10 9 1.0
125 0 9.91015625 92 10 9 1.0
126 0 9.91015625 92 10 9 1.0
127 0 9.91015625 92 10 9 1.0
128 0 9.91015625 92 10 9 1.0
129 0 9.91015625 92 10 9 1.0
130 0 9.91015625 92 10 9 1.0
131 0 9.91015625 92 10 9 1.0
132 0 9.91015625 92 10 9 1.0
133 0 9.9091796875 93 10 9 1.0
134 0 9.9091796875 93 10 9 1.0
135 0 9.9091796875 93 10 9 1.0
136 0 9.9091796875 93 10 9 1.0
137 0 9.9091796875 93 10 9 1.0
138 0 9.908203125 94 10 9 1.0
139 0 9.908203125 94 10 9 1.0
140 0 9.908203125 94 10 9 1.0
141 0 9.9072265625 95 10 9 1.0
142 0 9.9072265625 95 10 9 1.0
143 0 9.90625 96 10 9 1.0
144 0 9.90625 96 10 9 1.0
145 0 9.90625 96 10 9 1.0
146 0 9.90625 96 10 9 1.0
147 0 9.90625 96 10 9 1.0
148 0 9.90625 96 10 9 1.0
148 1 8.90625 96 9 8 0.8888888888888888
149 0 9.90625 96 10 9 1.0
150 0 9.90625 96 10 9 1.0
151 0 9.90625 96 10 9 1.0
152 0 9.90625 96 10 9 1.0
153 0 9.9052734375 97 10 9 1.0
154 0 9.9052734375 97 10 9 1.0
155 0 9.9052734375 97 10 9 1.0
156 0 9.9052734375 97 10 9 1.0
157 0 9.9052734375 97 10 9 1.0
158 0 9.9052734375 97 10 9 1.0
159 0 9.9052734375 97 10 9 1.0
160 1 8.904296875 98 9 8 0.8888888888888888
160 0 9.904296875 98 10 9 1.0
161 0 9.904296875 98 10 9 1.0
162 0 9.904296875 98 10 9 1.0
163 0 9.904296875 98 10 9 1.0
164 0 9.904296875 98 10 9 1.0
165 0 9.904296875 98 10 9 1.0
166 0 9.904296875 98 10 9 1.0
167 0 9.9033203125 99 10 9 1.0
168 0 9.9033203125 99 10 9 1.0
169 0 9.9033203125 99 10 9 1.0
170 0 9.9033203125 99 10 9 1.0
171 0 9.9033203125 99 10 9 1.0
172 0 9.9033203125 99 10 9 1.0
173 0 9.9033203125 99 10 9 1.0
174 0 9.9033203125 99 10 9 1.0
175 0 9.9033203125 99 10 9 1.0
176 0 9.9033203125 99 10 9 1.0
177 0 9.9033203125 99 10 9 1.0
178 0 9.90234375 100 10 9 1.0
179 0 9.9013671875 101 10 9 1.0
180 0 9.9013671875 101 10 9 1.0
181 1 5.900390625 102 6 5 0.5555555555555556
181 0 9.900390625 102 10 9 1.0
182 0 9.900390625 102 10 9 1.0
183 0 9.900390625 102 10 9 1.0
184 0 9.900390625 102 10 9 1.0
185 0 9.900390625 102 10 9 1.0
186 0 9.900390625 102 10 9 1.0
187 0 9.900390625 102 10 9 1.0
188 0 9.900390625 102 10 9 1.0
189 0 9.900390625 102 10 9 1.0
190 0 9.900390625 102 10 9 1.0
191 0 9.900390625 102 10 9 1.0
192 0 9.900390625 102 10 9 1.0
193 0 9.900390625 102 10 9 1.0
194 0 9.900390625 102 10 9 1.0
195 0 9.900390625 102 10 9 1.0
196 0 9.8994140625 103 10 9 1.0
197 0 9.8994140625 103 10 9 1.0
198 0 9.8994140625 103 10 9 1.0
199 0 9.8994140625 103 10 9 1.0
200 0 9.8994140625 103 10 9 1.0
201 0 9.8994140625 103 10 9 1.0
202 0 9.8994140625 103 10 9 1.0
203 0 9.8994140625 103 10 9 1.0
204 0 9.8994140625 103 10 9 1.0
205 0 9.8994140625 103 10 9 1.0
206 0 9.8994140625 103 10 9 1.0
207 0 9.8994140625 103 10 9 1.0
208 0 9.8994140625 103 10 9 1.0
209 0 9.8994140625 103 10 9 1.0
210 0 9.8994140625 103 10 9 1.0
211 0 9.8994140625 103 10 9 1.0
212 0 9.8994140625 103 10 9 1.0
213 0 9.8994140625 103 10 9 1.0
214 0 9.8994140625 103 10 9 1.0
215 0 9.8984375 104 10 9 1.0
216 0 9.8984375 104 10 9 1.0
217 0 9.8984375 104 10 9 1.0
218 0 9.8984375 104 10 9 1.0
219 0 9.8984375 104 10 9 1.0
220 0 9.8984375 104 10 9 1.0
221 0 9.8955078125 107 10 9 1.0
222 0 9.89453125 108 10 9 1.0
223 0 9.89453125 108 10 9 1.0
224 0 9.89453125 108 10 9 1.0
225 0 9.89453125 108 10 9 1.0
226 0 9.89453125 108 10 9 1.0
227 0 9.89453125 108 10 9 1.0
228 0 9.89453125 108 10 9 1.0
228 1 9.8935546875 109 10 9 1.0
229 0 9.8935546875 109 10 9 1.0
230 0 9.8935546875 109 10 9 1.0
231 0 9.8935546875 109 10 9 1.0
232 0 9.8935546875 109 10 9 1.0
233 0 9.8935546875 109 10 9 1.0
234 0 9.8935546875 109 10 9 1.0
235 0 9.8935546875 109 10 9 1.0
236 0 9.8935546875 109 10 9 1.0
237 0 9.8935546875 109 10 9 1.0
238 0 9.8935546875 109 10 9 1.0
239 0 9.8935546875 109 10 9 1.0
240 0 9.8935546875 109 10 9 1.0
241 0 9.8935546875 109 10 9 1.0
242 0 9.892578125 110 10 9 1.0
243 0 9.892578125 110 10 9 1.0
244 0 9.892578125 110 10 9 1.0
245 0 9.8916015625 111 10 9 1.0
246 0 9.8916015625 111 10 9 1.0
247 0 9.8916015625 111 10 9 1.0
248 0 9.890625 112 10 9 1.0
249 0 9.890625 112 10 9 1.0
250 0 9.890625 112 10 9 1.0
251 0 9.890625 112 10 9 1.0
252 0 9.890625 112 10 9 1.0
253 0 9.890625 112 10 9 1.0
253 1 9.8896484375 113 10 9 1.0
254 0 9.8896484375 113 10 9 1.0
255 0 9.8896484375 113 10 9 1.0
256 0 9.8896484375 113 10 9 1.0
257 0 9.8896484375 113 10 9 1.0
258 0 9.8896484375 113 10 9 1.0
259 0 9.8896484375 113 10 9 1.0
260 0 9.8896484375 113 10 9 1.0
261 0 9.888671875 114 10 9 1.0
262 0 9.888671875 114 10 9 1.0
263 0 9.888671875 114 10 9 1.0
264 0 9.888671875 114 10 9 1.0
265 0 9.888671875 114 10 9 1.0
266 0 9.888671875 114 10 9 1.0
267 0 9.888671875 114 10 9 1.0
268 0 9.888671875 114 10 9 1.0
269 0 9.888671875 114 10 9 1.0
270 0 9.888671875 114 10 9 1.0
271 0 9.888671875 114 10 9 1.0
272 0 9.888671875 114 10 9 1.0
273 0 9.888671875 114 10 9 1.0
274 0 9.8876953125 115 10 9 1.0
275 0 9.8876953125 115 10 9 1.0
276 0 9.8876953125 115 10 9 1.0
277 0 9.8876953125 115 10 9 1.0
278 0 9.8876953125 115 10 9 1.0
279 0 9.88671875 116 10 9 1.0
280 0 9.88671875 116 10 9 1.0
281 0 9.88671875 116 10 9 1.0
282 0 9.88671875 116 10 9 1.0
283 0 9.8857421875 117 10 9 1.0
284 1 8.884765625 118 9 8 0.8888888888888888
284 0 9.884765625 118 10 9 1.0
285 0 9.8837890625 119 10 9 1.0
286 1 7.8837890625 119 8 7 0.7777777777777778
286 0 9.8837890625 119 10 9 1.0
287 0 9.8837890625 119 10 9 1.0
288 0 9.8837890625 119 10 9 1.0
289 0 9.8837890625 119 10 9 1.0
290 0 9.8837890625 119 10 9 1.0
291 0 9.8828125 120 10 9 1.0
292 0 9.8828125 120 10 9 1.0
293 0 9.8828125 120 10 9 1.0
294 0 9.8828125 120 10 9 1.0
295 0 9.8828125 120 10 9 1.0
296 0 9.8828125 120 10 9 1.0
297 0 9.8828125 120 10 9 1.0
298 0 9.8828125 120 10 9 1.0
299 0 9.8828125 120 10 9 1.0
300 0 9.8828125 120 10 9 1.0
301 0 9.8818359375 121 10 9 1.0
302 0 9.8818359375 121 10 9 1.0
303 0 9.8818359375 121 10 9 1.0
304 0 9.8818359375 121 10 9 1.0
305 0 9.8818359375 121 10 9 1.0
306 0 9.8818359375 121 10 9 1.0
307 0 9.8818359375 121 10 9 1.0
307 1 9.880859375 122 10 9 1.0
308 0 9.880859375 122 10 9 1.0
309 0 9.880859375 122 10 9 1.0
310 0 9.880859375 122 10 9 1.0
311 0 9.880859375 122 10 9 1.0
312 0 9.8798828125 123 10 9 1.0
313 0 9.87890625 124 10 9 1.0
314 0 9.87890625 124 10 9 1.0
315 0 9.87890625 124 10 9 1.0
316 0 9.87890625 124 10 9 1.0
317 0 9.8779296875 125 10 9 1.0
318 0 9.8779296875 125 10 9 1.0
319 0 9.8779296875 125 10 9 1.0
319 1 5.8779296875 125 6 5 0.5555555555555556
320 0 9.8779296875 125 10 9 1.0
321 0 9.8779296875 125 10 9 1.0
322 0 9.8779296875 125 10 9 1.0
323 0 9.8779296875 125 10 9 1.0
324 0 9.8779296875 125 10 9 1.0
325 0 9.8779296875 125 10 9 1.0
326 0 9.8779296875 125 10 9 1.0
327 0 9.8779296875 125 10 9 1.0
328 0 9.8779296875 125 10 9 1.0
329 0 9.8779296875 125 10 9 1.0
330 0 9.8779296875 125 10 9 1.0
331 1 8.875 128 9 8 0.8888888888888888
331 0 9.875 128 10 9 1.0
332 0 9.875 128 10 9 1.0
333 0 9.8740234375 129 10 9 1.0
334 0 9.8740234375 129 10 9 1.0
335 0 9.8740234375 129 10 9 1.0
336 0 9.8740234375 129 10 9 1.0
337 0 9.8740234375 129 10 9 1.0
338 1 6.873046875 130 7 6 0.6666666666666666
338 0 9.873046875 130 10 9 1.0
339 0 9.873046875 130 10 9 1.0
340 0 9.873046875 130 10 9 1.0
341 0 9.873046875 130 10 9 1.0
342 0 9.8720703125 131 10 9 1.0
343 0 9.8720703125 131 10 9 1.0
344 0 9.8720703125 131 10 9 1.0
345 0 9.8720703125 131 10 9 1.0
346 0 9.8720703125 131 10 9 1.0
347 0 9.8701171875 133 10 9 1.0
348 0 9.8701171875 133 10 9 1.0
349 0 9.8701171875 133 10 9 1.0
350 0 9.8701171875 133 10 9 1.0
351 0 9.8701171875 133 10 9 1.0
352 0 9.8701171875 133 10 9 1.0
353 0 9.8701171875 133 10 9 1.0
354 0 9.8701171875 133 10 9 1.0
355 0 9.8701171875 133 10 9 1.0
356 0 9.8701171875 133 10 9 1.0
357 0 9.8701171875 133 10 9 1.0
358 0 9.8701171875 133 10 9 1.0
359 0 9.8701171875 133 10 9 1.0
360 0 9.8701171875 133 10 9 1.0
360 1 7.8701171875 133 8 7 0.7777777777777778
361 0 9.8701171875 133 10 9 1.0
362 0 9.8701171875 133 10 9 1.0
363 0 9.8701171875 133 10 9 1.0
364 0 9.8701171875 133 10 9 1.0
365 0 9.8701171875 133 10 9 1.0
366 0 9.8701171875 133 10 9 1.0
367 0 9.8701171875 133 10 9 1.0
368 0 9.8701171875 133 10 9 1.0
369 0 9.8701171875 133 10 9 1.0
370 0 9.8701171875 133 10 9 1.0
371 0 9.8701171875 133 10 9 1.0
372 0 9.8701171875 133 10 9 1.0
373 0 9.8701171875 133 10 9 1.0
374 0 9.8701171875 133 10 9 1.0
375 0 9.8701171875 133 10 9 1.0
376 0 9.8701171875 133 10 9 1.0
377 0 9.8701171875 133 10 9 1.0
378 1 8.869140625 134 9 8 0.8888888888888888
378 0 9.869140625 134 10 9 1.0
379 0 9.869140625 134 10 9 1.0
380 0 9.869140625 134 10 9 1.0
381 0 9.869140625 134 10 9 1.0
382 0 9.8681640625 135 10 9 1.0
383 1 5.8681640625 135 6 5 0.5555555555555556
383 0 9.8681640625 135 10 9 1.0
384 0 9.8681640625 135 10 9 1.0
385 0 9.8681640625 135 10 9 1.0
386 0 9.8671875 136 10 9 1.0
387 0 9.8671875 136 10 9 1.0
388 0 9.8671875 136 10 9 1.0
389 0 9.8671875 136 10 9 1.0
390 0 9.8671875 136 10 9 1.0
391 0 9.8662109375 137 10 9 1.0
392 0 9.8662109375 137 10 9 1.0
393 0 9.8662109375 137 10 9 1.0
394 0 9.8662109375 137 10 9 1.0
395 0 9.8662109375 137 10 9 1.0
396 0 9.865234375 138 10 9 1.0
397 0 9.865234375 138 10 9 1.0
398 0 9.865234375 138 10 9 1.0
399 0 9.865234375 138 10 9 1.0
400 0 9.8642578125 139 10 9 1.0
401 0 9.8642578125 139 10 9 1.0
402 0 9.86328125 140 10 9 1.0
403 1 8.8623046875 141 9 8 0.8888888888888888
403 0 9.8623046875 141 10 9 1.0
404 0 9.8623046875 141 10 9 1.0
405 0 9.8623046875 141 10 9 1.0
406 0 9.8623046875 141 10 9 1.0
407 0 9.8623046875 141 10 9 1.0
408 0 9.8623046875 141 10 9 1.0
409 0 9.8623046875 141 10 9 1.0
410 0 9.8623046875 141 10 9 1.0
411 0 9.8623046875 141 10 9 1.0
412 0 9.8623046875 141 10 9 1.0
413 0 9.8623046875 141 10 9 1.0
414 0 9.8623046875 141 10 9 1.0
415 0 9.861328125 142 10 9 1.0
416 0 9.861328125 142 10 9 1.0
417 1 6.861328125 142 7 6 0.6666666666666666
417 0 9.861328125 142 10 9 1.0
418 0 9.861328125 142 10 9 1.0
419 0 9.861328125 142 10 9 1.0
420 0 9.861328125 142 10 9 1.0
421 0 9.861328125 142 10 9 1.0
422 0 9.861328125 142 10 9 1.0
423 0 9.861328125 142 10 9 1.0
424 0 9.861328125 142 10 9 1.0
425 0 9.861328125 142 10 9 1.0
426 0 9.861328125 142 10 9 1.0
427 0 9.861328125 142 10 9 1.0
428 0 9.861328125 142 10 9 1.0
428 1 8.861328125 142 9 8 0.8888888888888888
429 0 9.861328125 142 10 9 1.0
430 0 9.861328125 142 10 9 1.0
431 0 9.861328125 142 10 9 1.0
432 0 9.861328125 142 10 9 1.0
433 0 9.861328125 142 10 9 1.0
434 0 9.861328125 142 10 9 1.0
435 0 9.861328125 142 10 9 1.0
436 0 9.861328125 142 10 9 1.0
437 0 9.861328125 142 10 9 1.0
438 0 9.861328125 142 10 9 1.0
439 0 9.861328125 142 10 9 1.0
440 0 9.861328125 142 10 9 1.0
441 0 9.861328125 142 10 9 1.0
442 0 9.861328125 142 10 9 1.0
443 0 9.861328125 142 10 9 1.0
444 0 9.861328125 142 10 9 1.0
445 0 9.861328125 142 10 9 1.0
446 0 9.861328125 142 10 9 1.0
447 0 9.861328125 142 10 9 1.0
448 0 9.8603515625 143 10 9 1.0
449 0 9.8603515625 143 10 9 1.0
450 0 9.859375 144 10 9 1.0
451 0 9.859375 144 10 9 1.0
452 0 9.859375 144 10 9 1.0
453 0 9.859375 144 10 9 1.0
454 0 9.859375 144 10 9 1.0
455 0 9.859375 144 10 9 1.0
456 0 9.859375 144 10 9 1.0
457 0 9.859375 144 10 9 1.0
458 0 9.8583984375 145 10 9 1.0
459 0 9.857421875 146 10 9 1.0
459 1 9.8564453125 147 10 9 1.0
460 0 9.8564453125 147 10 9 1.0
461 0 9.8564453125 147 10 9 1.0
462 0 9.8564453125 147 10 9 1.0
463 0 9.8564453125 147 10 9 1.0
464 0 9.8564453125 147 10 9 1.0
465 0 9.8564453125 147 10 9 1.0
466 0 9.8564453125 147 10 9 1.0
467 0 9.8564453125 147 10 9 1.0
468 0 9.8564453125 147 10 9 1.0
469 0 9.8564453125 147 10 9 1.0
470 0 9.8564453125 147 10 9 1.0
471 0 9.85546875 148 10 9 1.0
472 0 9.85546875 148 10 9 1.0
473 0 9.85546875 148 10 9 1.0
474 0 9.85546875 148 10 9 1.0
475 0 9.85546875 148 10 9 1.0
476 0 9.85546875 148 10 9 1.0
477 0 9.85546875 148 10 9 1.0
478 0 9.85546875 148 10 9 1.0
479 0 9.85546875 148 10 9 1.0
480 1 8.8544921875 149 9 8 0.8888888888888888
480 0 9.8544921875 149 10 9 1.0
481 0 9.8544921875 149 10 9 1.0
482 0 9.8544921875 149 10 9 1.0
483 0 9.8544921875 149 10 9 1.0
484 0 9.8544921875 149 10 9 1.0
485 0 9.8544921875 149 10 9 1.0
486 0 9.8544921875 149 10 9 1.0
487 0 9.8544921875 149 10 9 1.0
488 0 9.8544921875 149 10 9 1.0
489 0 9.8544921875 149 10 9 1.0
490 0 9.8544921875 149 10 9 1.0
491 0 9.8544921875 149 10 9 1.0
492 0 9.8544921875 149 10 9 1.0
493 0 9.8544921875 149 10 9 1.0
494 0 9.8544921875 149 10 9 1.0
495 0 9.8544921875 149 10 9 1.0
496 0 9.8544921875 149 10 9 1.0
497 0 9.8544921875 149 10 9 1.0
498 0 9.8544921875 149 10 9 1.0
499 0 9.8544921875 149 10 9 1.0
500 0 9.8544921875 149 10 9 1.0
501 0 9.8544921875 149 10 9 1.0
502 0 9.8544921875 149 10 9 1.0
503 0 9.8544921875 149 10 9 1.0
504 0 9.8544921875 149 10 9 1.0
504 1 8.8544921875 149 9 8 0.8888888888888888
505 0 9.8544921875 149 10 9 1.0
506 0 9.8544921875 149 10 9 1.0
507 0 9.8544921875 149 10 9 1.0
508 0 9.8544921875 149 10 9 1.0
509 0 9.8544921875 149 10 9 1.0
509 1 8.8544921875 149 9 8 0.8888888888888888
510 0 9.853515625 150 10 9 1.0
511 0 9.853515625 150 10 9 1.0
511 1 8.853515625 150 9 8 0.8888888888888888
512 0 9.853515625 150 10 9 1.0
513 0 9.853515625 150 10 9 1.0
514 0 9.853515625 150 10 9 1.0
515 0 9.8525390625 151 10 9 1.0
516 0 9.8525390625 151 10 9 1.0
517 0 9.8525390625 151 10 9 1.0
518 0 9.8525390625 151 10 9 1.0
519 0 9.8525390625 151 10 9 1.0
520 0 9.8525390625 151 10 9 1.0
521 0 9.8515625 152 10 9 1.0
522 0 9.8515625 152 10 9 1.0
523 0 9.8515625 152 10 9 1.0
524 0 9.8515625 152 10 9 1.0
525 0 9.8515625 152 10 9 1.0
526 0 9.8515625 152 10 9 1.0
527 0 9.8515625 152 10 9 1.0
528 0 9.8515625 152 10 9 1.0
529 0 9.8515625 152 10 9 1.0
530 0 9.8505859375 153 10 9 1.0
531 0 9.8505859375 153 10 9 1.0
532 0 9.8505859375 153 10 9 1.0
533 0 9.8505859375 153 10 9 1.0
534 0 9.8505859375 153 10 9 1.0
535 0 9.8505859375 153 10 9 1.0
536 0 9.8505859375 153 10 9 1.0
537 0 9.8505859375 153 10 9 1.0
538 0 9.8505859375 153 10 9 1.0
539 0 9.8505859375 153 10 9 1.0
540 0 9.849609375 154 10 9 1.0
541 0 9.849609375 154 10 9 1.0
542 0 9.8486328125 155 10 9 1.0
543 0 9.8486328125 155 10 9 1.0
544 0 9.8486328125 155 10 9 1.0
545 0 9.8486328125 155 10 9 1.0
545 1 8.8486328125 155 9 8 0.8888888888888888
546 0 9.8486328125 155 10 9 1.0
547 0 9.8486328125 155 10 9 1.0
548 0 9.8486328125 155 10 9 1.0
549 0 9.8486328125 155 10 9 1.0
550 0 9.8486328125 155 10 9 1.0
551 0 9.8486328125 155 10 9 1.0
552 0 9.8486328125 155 10 9 1.0
553 0 9.8486328125 155 10 9 1.0
554 0 9.8486328125 155 10 9 1.0
555 0 9.8486328125 155 10 9 1.0
556 0 9.8486328125 155 10 9 1.0
557 0 9.8486328125 155 10 9 1.0
558 0 9.8486328125 155 10 9 1.0
559 0 9.8486328125 155 10 9 1.0
560 0 9.8486328125 155 10 9 1.0
561 0 9.8486328125 155 10 9 1.0
562 0 9.8486328125 155 10 9 1.0
563 0 9.8486328125 155 10 9 1.0
564 0 9.8486328125 155 10 9 1.0
565 0 9.8486328125 155 10 9 1.0
566 1 8.8486328125 155 9 8 0.8888888888888888
566 0 9.8486328125 155 10 9 1.0
567 0 9.8486328125 155 10 9 1.0
568 0 9.8486328125 155 10 9 1.0
569 0 9.8486328125 155 10 9 1.0
570 0 9.8486328125 155 10 9 1.0
571 0 9.8486328125 155 10 9 1.0
572 0 9.8486328125 155 10 9 1.0
573 0 9.8486328125 155 10 9 1.0
574 0 9.8486328125 155 10 9 1.0
575 0 9.8486328125 155 10 9 1.0
576 0 9.8486328125 155 10 9 1.0
576 1 7.84765625 156 8 7 0.7777777777777778
577 0 9.84765625 156 10 9 1.0
578 0 9.84765625 156 10 9 1.0
579 0 9.8466796875 157 10 9 1.0
580 0 9.8447265625 159 10 9 1.0
581 0 9.8447265625 159 10 9 1.0
582 0 9.8447265625 159 10 9 1.0
583 0 9.8447265625 159 10 9 1.0
583 1 8.8447265625 159 9 8 0.8888888888888888
584 0 9.8447265625 159 10 9 1.0
585 0 9.84375 160 10 9 1.0
586 0 9.84375 160 10 9 1.0
587 0 9.84375 160 10 9 1.0
588 0 9.84375 160 10 9 1.0
589 0 9.84375 160 10 9 1.0
590 0 9.84375 160 10 9 1.0
591 0 9.8427734375 161 10 9 1.0
592 0 9.8427734375 161 10 9 1.0
593 0 9.8427734375 161 10 9 1.0
594 0 9.8427734375 161 10 9 1.0
595 0 9.8427734375 161 10 9 1.0
596 0 9.8427734375 161 10 9 1.0
597 0 9.8427734375 161 10 9 1.0
598 0 9.8427734375 161 10 9 1.0
599 0 9.8427734375 161 10 9 1.0
600 0 9.8427734375 161 10 9 1.0
601 0 9.8427734375 161 10 9 1.0
602 0 9.8427734375 161 10 9 1.0
603 0 9.8427734375 161 10 9 1.0
604 0 9.8427734375 161 10 9 1.0
605 0 9.8427734375 161 10 9 1.0
606 0 9.8427734375 161 10 9 1.0
607 0 9.8427734375 161 10 9 1.0
608 0 9.8427734375 161 10 9 1.0
609 0 9.8427734375 161 10 9 1.0
610 0 9.8427734375 161 10 9 1.0
611 0 9.8427734375 161 10 9 1.0
612 0 9.8427734375 161 10 9 1.0
613 0 9.8427734375 161 10 9 1.0
614 0 9.8427734375 161 10 9 1.0
615 0 9.8427734375 161 10 9 1.0
616 0 9.8427734375 161 10 9 1.0
617 0 9.8427734375 161 10 9 1.0
618 0 9.8427734375 161 10 9 1.0
619 0 9.8427734375 161 10 9 1.0
620 0 9.841796875 162 10 9 1.0
621 0 9.841796875 162 10 9 1.0
622 0 9.8408203125 163 10 9 1.0
623 0 9.8408203125 163 10 9 1.0
624 0 9.8408203125 163 10 9 1.0
625 0 9.8408203125 163 10 9 1.0
626 0 9.8408203125 163 10 9 1.0
626 2 9.8388671875 165 10 9 1.0
627 0 9.8388671875 165 10 9 1.0
628 0 9.8388671875 165 10 9 1.0
629 0 9.8388671875 165 10 9 1.0
630 0 9.8388671875 165 10 9 1.0
631 0 9.8388671875 165 10 9 1.0
632 0 9.8388671875 165 10 9 1.0
633 0 9.8388671875 165 10 9 1.0
634 0 9.8388671875 165 10 9 1.0
635 1 8.837890625 166 9 8 0.8888888888888888
635 0 9.837890625 166 10 9 1.0
636 0 9.837890625 166 10 9 1.0
637 0 9.837890625 166 10 9 1.0
638 0 9.837890625 166 10 9 1.0
639 0 9.837890625 166 10 9 1.0
639 1 8.837890625 166 9 8 0.8888888888888888
640 0 9.837890625 166 10 9 1.0
641 0 9.837890625 166 10 9 1.0
642 0 9.837890625 166 10 9 1.0
643 0 9.837890625 166 10 9 1.0
643 1 7.837890625 166 8 7 0.7777777777777778
644 0 9.837890625 166 10 9 1.0
644 1 9.8369140625 167 10 9 1.0
645 0 9.8369140625 167 10 9 1.0
646 0 9.8369140625 167 10 9 1.0
647 0 9.8369140625 167 10 9 1.0
648 0 9.8369140625 167 10 9 1.0
649 0 9.8359375 168 10 9 1.0
650 0 9.8359375 168 10 9 1.0
651 0 9.8359375 168 10 9 1.0
652 0 9.8359375 168 10 9 1.0
653 0 9.8359375 168 10 9 1.0
654 0 9.8359375 168 10 9 1.0
655 0 9.8349609375 169 10 9 1.0
656 0 9.833984375 170 10 9 1.0
657 0 9.833984375 170 10 9 1.0
658 0 9.833984375 170 10 9 1.0
659 0 9.833984375 170 10 9 1.0
660 0 9.833984375 170 10 9 1.0
661 0 9.833984375 170 10 9 1.0
662 0 9.8330078125 171 10 9 1.0
663 0 9.8330078125 171 10 9 1.0
664 0 9.8330078125 171 10 9 1.0
665 0 9.8330078125 171 10 9 1.0
666 0 9.8330078125 171 10 9 1.0
667 0 9.83203125 172 10 9 1.0
668 0 9.83203125 172 10 9 1.0
669 0 9.83203125 172 10 9 1.0
669 1 9.8310546875 173 10 9 1.0
670 0 9.8310546875 173 10 9 1.0
671 0 9.8310546875 173 10 9 1.0
672 0 9.8310546875 173 10 9 1.0
673 0 9.8310546875 173 10 9 1.0
674 0 9.8310546875 173 10 9 1.0
675 0 9.830078125 174 10 9 1.0
676 0 9.830078125 174 10 9 1.0
677 1 5.830078125 174 6 5 0.5555555555555556
677 0 9.830078125 174 10 9 1.0
678 0 9.830078125 174 10 9 1.0
679 0 9.830078125 174 10 9 1.0
680 0 9.830078125 174 10 9 1.0
681 0 9.830078125 174 10 9 1.0
682 0 9.830078125 174 10 9 1.0
682 1 8.830078125 174 9 8 0.8888888888888888
683 0 9.830078125 174 10 9 1.0
684 0 9.830078125 174 10 9 1.0
685 0 9.830078125 174 10 9 1.0
686 0 9.830078125 174 10 9 1.0
687 0 9.8291015625 175 10 9 1.0
688 0 9.8291015625 175 10 9 1.0
689 0 9.828125 176 10 9 1.0
690 0 9.828125 176 10 9 1.0
691 0 9.828125 176 10 9 1.0
692 0 9.828125 176 10 9 1.0
693 0 9.828125 176 10 9 1.0
694 0 9.828125 176 10 9 1.0
695 0 9.8271484375 177 10 9 1.0
695 1 8.8271484375 177 9 8 0.8888888888888888
696 0 9.8271484375 177 10 9 1.0
697 0 9.8271484375 177 10 9 1.0
698 0 9.8271484375 177 10 9 1.0
698 1 9.826171875 178 10 9 1.0
699 0 9.826171875 178 10 9 1.0
700 0 9.826171875 178 10 9 1.0
701 1 8.8251953125 179 9 8 0.8888888888888888
701 0 9.8251953125 179 10 9 1.0
702 0 9.8251953125 179 10 9 1.0
702 1 7.8251953125 179 8 7 0.7777777777777778
703 0 9.8251953125 179 10 9 1.0
704 0 9.8251953125 179 10 9 1.0
705 0 9.8251953125 179 10 9 1.0
706 0 9.8251953125 179 10 9 1.0
707 0 9.8251953125 179 10 9 1.0
708 0 9.82421875 180 10 9 1.0
708 1 8.82421875 180 9 8 0.8888888888888888
709 0 9.8232421875 181 10 9 1.0
710 0 9.8232421875 181 10 9 1.0
711 0 9.8232421875 181 10 9 1.0
712 0 9.8232421875 181 10 9 1.0
713 0 9.8232421875 181 10 9 1.0
714 0 9.8232421875 181 10 9 1.0
714 1 9.822265625 182 10 9 1.0
715 0 9.822265625 182 10 9 1.0
716 0 9.822265625 182 10 9 1.0
717 0 9.822265625 182 10 9 1.0
718 0 9.822265625 182 10 9 1.0
719 0 9.822265625 182 10 9 1.0
720 0 9.822265625 182 10 9 1.0
721 0 9.822265625 182 10 9 1.0
722 0 9.822265625 182 10 9 1.0
723 0 9.822265625 182 10 9 1.0
724 0 9.822265625 182 10 9 1.0
725 0 9.822265625 182 10 9 1.0
726 0 9.822265625 182 10 9 1.0
727 0 9.822265625 182 10 9 1.0
728 0 9.822265625 182 10 9 1.0
728 1 9.8212890625 183 10 9 1.0
729 0 9.8212890625 183 10 9 1.0
730 0 9.8212890625 183 10 9 1.0
731 0 9.8212890625 183 10 9 1.0
732 0 9.8212890625 183 10 9 1.0
733 0 9.8212890625 183 10 9 1.0
734 0 9.8212890625 183 10 9 1.0
735 0 9.8212890625 183 10 9 1.0
736 0 9.8212890625 183 10 9 1.0
737 0 9.8212890625 183 10 9 1.0
738 0 9.8212890625 183 10 9 1.0
739 0 9.8212890625 183 10 9 1.0
740 0 9.8212890625 183 10 9 1.0
741 0 9.8212890625 183 10 9 1.0
742 0 9.8212890625 183 10 9 1.0
743 0 9.8212890625 183 10 9 1.0
744 0 9.8212890625 183 10 9 1.0
745 0 9.8212890625 183 10 9 1.0
746 0 9.8212890625 183 10 9 1.0
747 0 9.8212890625 183 10 9 1.0
748 0 9.8212890625 183 10 9 1.0
749 0 9.8212890625 183 10 9 1.0
750 0 9.8212890625 183 10 9 1.0
751 0 9.8212890625 183 10 9 1.0
752 0 9.8203125 184 10 9 1.0
753 0 9.8203125 184 10 9 1.0
754 0 9.8203125 184 10 9 1.0
754 1 7.8203125 184 8 7 0.7777777777777778
755 0 9.8203125 184 10 9 1.0
756 0 9.8203125 184 10 9 1.0
757 0 9.8203125 184 10 9 1.0
758 0 9.8203125 184 10 9 1.0
759 0 9.8203125 184 10 9 1.0
759 1 7.8203125 184 8 7 0.7777777777777778
760 0 9.8203125 184 10 9 1.0
761 0 9.8203125 184 10 9 1.0
762 0 9.8203125 184 10 9 1.0
763 0 9.8203125 184 10 9 1.0
764 0 9.8203125 184 10 9 1.0
765 0 9.8203125 184 10 9 1.0
766 0 9.8203125 184 10 9 1.0
767 0 9.8203125 184 10 9 1.0
768 0 9.8203125 184 10 9 1.0
769 0 9.8203125 184 10 9 1.0
770 0 9.8203125 184 10 9 1.0
771 0 9.8203125 184 10 9 1.0
772 0 9.8203125 184 10 9 1.0
773 0 9.8203125 184 10 9 1.0
774 0 9.8203125 184 10 9 1.0
775 0 9.8203125 184 10 9 1.0
776 1 7.8193359375 185 8 7 0.7777777777777778
776 0 9.8193359375 185 10 9 1.0
777 0 9.8193359375 185 10 9 1.0
778 0 9.8193359375 185 10 9 1.0
778 1 8.8193359375 185 9 8 0.8888888888888888
779 0 9.8193359375 185 10 9 1.0
780 0 9.8193359375 185 10 9 1.0
781 0 9.8193359375 185 10 9 1.0
782 0 9.8193359375 185 10 9 1.0
783 0 9.8193359375 185 10 9 1.0
784 0 9.818359375 186 10 9 1.0
785 0 9.8173828125 187 10 9 1.0
786 0 9.8173828125 187 10 9 1.0
787 0 9.8173828125 187 10 9 1.0
788 0 9.8173828125 187 10 9 1.0
789 0 9.8173828125 187 10 9 1.0
790 0 9.8173828125 187 10 9 1.0
791 0 9.8173828125 187 10 9 1.0
792 0 9.8173828125 187 10 9 1.0
793 0 9.8173828125 187 10 9 1.0
794 0 9.8173828125 187 10 9 1.0
794 1 8.8173828125 187 9 8 0.8888888888888888
795 0 9.8173828125 187 10 9 1.0
796 0 9.8173828125 187 10 9 1.0
797 0 9.8173828125 187 10 9 1.0
798 0 9.8173828125 187 10 9 1.0
799 0 9.8173828125 187 10 9 1.0
800 0 9.8173828125 187 10 9 1.0
801 0 9.8173828125 187 10 9 1.0
802 0 9.8173828125 187 10 9 1.0
803 0 9.8173828125 187 10 9 1.0
804 0 9.81640625 188 10 9 1.0
805 0 9.81640625 188 10 9 1.0
806 0 9.81640625 188 10 9 1.0
807 0 9.81640625 188 10 9 1.0
808 0 9.81640625 188 10 9 1.0
809 0 9.81640625 188 10 9 1.0
810 0 9.81640625 188 10 9 1.0
811 0 9.81640625 188 10 9 1.0
811 1 8.81640625 188 9 8 0.8888888888888888
812 0 9.81640625 188 10 9 1.0
812 1 8.81640625 188 9 8 0.8888888888888888
813 0 9.81640625 188 10 9 1.0
814 0 9.81640625 188 10 9 1.0
814 1 8.81640625 188 9 8 0.8888888888888888
815 0 9.81640625 188 10 9 1.0
816 0 9.8154296875 189 10 9 1.0
817 0 9.814453125 190 10 9 1.0
818 0 9.814453125 190 10 9 1.0
819 0 9.814453125 190 10 9 1.0
819 1 5.814453125 190 6 5 0.5555555555555556
820 0 9.814453125 190 10 9 1.0
821 0 9.814453125 190 10 9 1.0
822 0 9.814453125 190 10 9 1.0
823 0 9.814453125 190 10 9 1.0
824 0 9.814453125 190 10 9 1.0
825 0 9.814453125 190 10 9 1.0
826 0 9.814453125 190 10 9 1.0
827 0 9.814453125 190 10 9 1.0
828 0 9.814453125 190 10 9 1.0
829 0 9.814453125 190 10 9 1.0
830 0 9.814453125 190 10 9 1.0
831 0 9.814453125 190 10 9 1.0
832 0 9.814453125 190 10 9 1.0
833 0 9.814453125 190 10 9 1.0
834 0 9.814453125 190 10 9 1.0
835 0 9.814453125 190 10 9 1.0
836 0 9.814453125 190 10 9 1.0
837 0 9.814453125 190 10 9 1.0
838 0 9.814453125 190 10 9 1.0
839 0 9.814453125 190 10 9 1.0
840 0 9.814453125 190 10 9 1.0
841 0 9.814453125 190 10 9 1.0
842 0 9.814453125 190 10 9 1.0
843 0 9.814453125 190 10 9 1.0
844 0 9.814453125 190 10 9 1.0
845 0 9.814453125 190 10 9 1.0
846 0 9.814453125 190 10 9 1.0
847 0 9.814453125 190 10 9 1.0
848 0 9.814453125 190 10 9 1.0
849 0 9.814453125 190 10 9 1.0
850 0 9.8134765625 191 10 9 1.0
851 0 9.8134765625 191 10 9 1.0
852 0 9.8125 192 10 9 1.0
853 0 9.8125 192 10 9 1.0
854 0 9.8125 192 10 9 1.0
855 0 9.8125 192 10 9 1.0
856 0 9.8125 192 10 9 1.0
857 0 9.8125 192 10 9 1.0
858 0 9.8125 192 10 9 1.0
859 0 9.8125 192 10 9 1.0
860 0 9.8115234375 193 10 9 1.0
861 0 9.8115234375 193 10 9 1.0
862 0 9.8115234375 193 10 9 1.0
863 0 9.8115234375 193 10 9 1.0
863 1 8.8115234375 193 9 8 0.8888888888888888
864 0 9.8115234375 193 10 9 1.0
864 1 8.8115234375 193 9 8 0.8888888888888888
865 0 9.8115234375 193 10 9 1.0
866 0 9.8115234375 193 10 9 1.0
867 0 9.8115234375 193 10 9 1.0
868 0 9.8115234375 193 10 9 1.0
869 0 9.8115234375 193 10 9 1.0
870 0 9.8115234375 193 10 9 1.0
871 0 9.8115234375 193 10 9 1.0
872 0 9.8115234375 193 10 9 1.0
872 1 8.8115234375 193 9 8 0.8888888888888888
873 0 9.8115234375 193 10 9 1.0
874 0 9.8115234375 193 10 9 1.0
875 1 8.8115234375 193 9 8 0.8888888888888888
875 0 9.8115234375 193 10 9 1.0
876 0 9.8115234375 193 10 9 1.0
877 0 9.8115234375 193 10 9 1.0
878 0 9.8115234375 193 10 9 1.0
879 0 9.8115234375 193 10 9 1.0
880 0 9.8115234375 193 10 9 1.0
881 0 9.8115234375 193 10 9 1.0
882 0 9.8115234375 193 10 9 1.0
883 0 9.8115234375 193 10 9 1.0
884 0 9.8115234375 193 10 9 1.0
885 0 9.8115234375 193 10 9 1.0
886 0 9.8115234375 193 10 9 1.0
887 0 9.8115234375 193 10 9 1.0
888 0 9.8115234375 193 10 9 1.0
889 0 9.8115234375 193 10 9 1.0
890 0 9.810546875 194 10 9 1.0
891 0 9.810546875 194 10 9 1.0
892 0 9.810546875 194 10 9 1.0
893 0 9.810546875 194 10 9 1.0
894 0 9.810546875 194 10 9 1.0
895 0 9.810546875 194 10 9 1.0
895 1 9.8095703125 195 10 9 1.0
896 0 9.8095703125 195 10 9 1.0
897 0 9.8095703125 195 10 9 1.0
898 0 9.8095703125 195 10 9 1.0
898 1 7.8095703125 195 8 7 0.7777777777777778
899 0 9.8095703125 195 10 9 1.0
900 0 9.8095703125 195 10 9 1.0
901 0 9.8095703125 195 10 9 1.0
902 0 9.8095703125 195 10 9 1.0
903 0 9.8095703125 195 10 9 1.0
904 0 9.8095703125 195 10 9 1.0
905 0 9.8095703125 195 10 9 1.0
906 0 9.8095703125 195 10 9 1.0
907 0 9.8095703125 195 10 9 1.0
908 0 9.8095703125 195 10 9 1.0
909 0 9.8095703125 195 10 9 1.0
910 0 9.8095703125 195 10 9 1.0
911 0 9.8095703125 195 10 9 1.0
911 1 8.8095703125 195 9 8 0.8888888888888888
912 0 9.8095703125 195 10 9 1.0
913 0 9.8095703125 195 10 9 1.0
914 0 9.8095703125 195 10 9 1.0
915 0 9.8095703125 195 10 9 1.0
916 0 9.8095703125 195 10 9 1.0
917 0 9.8095703125 195 10 9 1.0
918 0 9.8095703125 195 10 9 1.0
919 0 9.8095703125 195 10 9 1.0
920 0 9.8095703125 195 10 9 1.0
921 0 9.8095703125 195 10 9 1.0
922 0 9.8095703125 195 10 9 1.0
923 0 9.8095703125 195 10 9 1.0
924 0 9.8095703125 195 10 9 1.0
925 0 9.8095703125 195 10 9 1.0
926 0 9.8095703125 195 10 9 1.0
927 0 9.8095703125 195 10 9 1.0
928 0 9.8095703125 195 10 9 1.0
929 0 9.8095703125 195 10 9 1.0
929 1 5.8095703125 195 6 5 0.5555555555555556
930 0 9.8095703125 195 10 9 1.0
931 0 9.80859375 196 10 9 1.0
932 0 9.80859375 196 10 9 1.0
933 0 9.80859375 196 10 9 1.0
934 0 9.80859375 196 10 9 1.0
935 0 9.80859375 196 10 9 1.0
936 0 9.80859375 196 10 9 1.0
937 0 9.80859375 196 10 9 1.0
937 1 6.80859375 196 7 6 0.6666666666666666
938 0 9.80859375 196 10 9 1.0
939 0 9.80859375 196 10 9 1.0
940 0 9.80859375 196 10 9 1.0
941 0 9.80859375 196 10 9 1.0
942 0 9.80859375 196 10 9 1.0
943 0 9.80859375 196 10 9 1.0
944 0 9.80859375 196 10 9 1.0
945 0 9.80859375 196 10 9 1.0
946 0 9.80859375 196 10 9 1.0
947 1 4.80859375 196 5 4 0.4444444444444444
947 0 9.8076171875 197 10 9 1.0
948 0 9.8076171875 197 10 9 1.0
949 0 9.8076171875 197 10 9 1.0
950 0 9.8076171875 197 10 9 1.0
951 0 9.8076171875 197 10 9 1.0
952 0 9.8076171875 197 10 9 1.0
953 0 9.806640625 198 10 9 1.0
954 0 9.806640625 198 10 9 1.0
955 0 9.806640625 198 10 9 1.0
955 1 8.806640625 198 9 8 0.8888888888888888
956 0 9.806640625 198 10 9 1.0
957 0 9.806640625 198 10 9 1.0
958 0 9.806640625 198 10 9 1.0
959 0 9.806640625 198 10 9 1.0
960 0 9.806640625 198 10 9 1.0
961 0 9.806640625 198 10 9 1.0
962 0 9.806640625 198 10 9 1.0
963 0 9.806640625 198 10 9 1.0
964 0 9.806640625 198 10 9 1.0
965 0 9.806640625 198 10 9 1.0
966 1 8.806640625 198 9 8 0.8888888888888888
966 0 9.806640625 198 10 9 1.0
967 0 9.806640625 198 10 9 1.0
968 0 9.806640625 198 10 9 1.0
969 0 9.806640625 198 10 9 1.0
970 0 9.806640625 198 10 9 1.0
971 0 9.806640625 198 10 9 1.0
972 0 9.806640625 198 10 9 1.0
973 0 9.806640625 198 10 9 1.0
974 0 9.806640625 198 10 9 1.0
975 0 9.8056640625 199 10 9 1.0
976 0 9.8046875 200 10 9 1.0
977 0 9.8046875 200 10 9 1.0
978 0 9.8046875 200 10 9 1.0
979 0 9.8046875 200 10 9 1.0
979 1 8.8046875 200 9 8 0.8888888888888888
980 0 9.8046875 200 10 9 1.0
981 0 9.8046875 200 10 9 1.0
982 0 9.8046875 200 10 9 1.0
983 0 9.8046875 200 10 9 1.0
984 0 9.8046875 200 10 9 1.0
985 0 9.8046875 200 10 9 1.0
986 1 8.8037109375 201 9 8 0.8888888888888888
986 0 9.8037109375 201 10 9 1.0
987 0 9.8037109375 201 10 9 1.0
988 0 9.8037109375 201 10 9 1.0
989 0 9.8037109375 201 10 9 1.0
990 0 9.8037109375 201 10 9 1.0
991 0 9.8037109375 201 10 9 1.0
992 0 9.8037109375 201 10 9 1.0
993 0 9.8037109375 201 10 9 1.0
994 0 9.8037109375 201 10 9 1.0
995 0 9.8037109375 201 10 9 1.0
996 0 9.8037109375 201 10 9 1.0
997 0 9.8037109375 201 10 9 1.0
998 0 9.8037109375 201 10 9 1.0
999 0 9.8037109375 201 10 9 1.0
1000 0 9.8037109375 201 10 9 1.0
