gen testSuiteSize notKilledMutants number_of_tests no_discount_objective no_equiv_mut_not_killed no_equiv_mut_not_killed_perc
1 2 3.958984375 14 4 4 0.4
2 2 3.904296875 49 4 4 0.4
2 1 9.904296875 49 10 10 1.0
3 2 3.904296875 49 4 4 0.4
3 1 9.904296875 49 10 10 1.0
4 2 3.904296875 49 4 4 0.4
4 1 9.904296875 49 10 10 1.0
5 2 3.90234375 50 4 4 0.4
6 1 9.900390625 51 10 10 1.0
6 2 4 52 4 4 0.4
7 2 4 54 4 4 0.4
8 2 4 56 4 4 0.4
8 1 10 57 10 10 1.0
9 2 4 58 4 4 0.4
10 2 4 61 4 4 0.4
11 2 4 64 4 4 0.4
11 1 10 64 10 10 1.0
12 2 4 65 4 4 0.4
13 2 4 66 4 4 0.4
13 1 10 68 10 10 1.0
14 2 4 68 4 4 0.4
14 1 10 71 10 10 1.0
15 2 4 71 4 4 0.4
15 1 10 72 10 10 1.0
16 2 4 73 4 4 0.4
17 2 4 75 4 4 0.4
18 2 4 76 4 4 0.4
19 1 10 77 10 10 1.0
19 2 3 78 3 3 0.3
20 1 10 78 10 10 1.0
20 2 9 79 9 9 0.9
21 1 10 79 10 10 1.0
22 1 10 79 10 10 1.0
23 1 10 79 10 10 1.0
24 1 10 80 10 10 1.0
24 2 6 81 6 6 0.6
25 1 10 81 10 10 1.0
25 2 8 82 8 8 0.8
26 1 10 82 10 10 1.0
27 1 10 82 10 10 1.0
28 1 10 82 10 10 1.0
28 2 9 83 9 9 0.9
29 2 9 84 9 9 0.9
29 1 10 84 10 10 1.0
30 1 10 84 10 10 1.0
31 1 10 84 10 10 1.0
32 1 10 84 10 10 1.0
33 1 10 84 10 10 1.0
34 1 10 84 10 10 1.0
35 1 10 85 10 10 1.0
36 1 10 85 10 10 1.0
37 1 10 85 10 10 1.0
38 1 10 85 10 10 1.0
39 1 10 86 10 10 1.0
40 1 10 86 10 10 1.0
41 1 10 87 10 10 1.0
42 1 9 92 9 9 0.9
43 2 3 92 3 3 0.3
43 1 9 93 9 9 0.9
44 2 3 94 3 3 0.3
44 1 9 95 9 9 0.9
45 2 3 95 3 3 0.3
45 1 9 96 9 9 0.9
46 2 3 96 3 3 0.3
47 2 3 96 3 3 0.3
48 2 3 99 3 3 0.3
49 2 3 102 3 3 0.3
50 1 9 104 9 9 0.9
50 2 3 104 3 3 0.3
51 2 3 104 3 3 0.3
52 2 3 105 3 3 0.3
53 2 3 107 3 3 0.3
54 2 3 110 3 3 0.3
55 2 3 111 3 3 0.3
56 2 3 112 3 3 0.3
57 2 3 113 3 3 0.3
58 2 3 115 3 3 0.3
59 2 3 119 3 3 0.3
59 1 9 121 9 9 0.9
60 2 3 121 3 3 0.3
61 2 3 122 3 3 0.3
62 2 3 123 3 3 0.3
62 1 9 123 9 9 0.9
63 2 3 123 3 3 0.3
64 2 3 126 3 3 0.3
65 2 3 126 3 3 0.3
66 2 3 128 3 3 0.3
66 1 9 128 9 9 0.9
67 1 9 128 9 9 0.9
67 2 3 128 3 3 0.3
68 2 3 129 3 3 0.3
69 2 3 130 3 3 0.3
70 2 3 131 3 3 0.3
71 2 3 132 3 3 0.3
71 1 9 132 9 9 0.9
72 2 3 133 3 3 0.3
73 2 3 136 3 3 0.3
74 2 3 138 3 3 0.3
75 2 3 140 3 3 0.3
76 1 9 140 9 9 0.9
76 2 3 140 3 3 0.3
77 2 3 145 3 3 0.3
78 2 1 147 1 1 0.1
79 1 9 149 9 9 0.9
80 1 9 150 9 9 0.9
80 2 8 151 8 8 0.8
81 1 9 151 9 9 0.9
82 1 9 151 9 9 0.9
83 1 9 152 9 9 0.9
84 1 7 154 7 7 0.7
85 2 1 154 1 1 0.1
85 1 4 154 4 4 0.4
86 2 1 154 1 1 0.1
87 2 1 157 1 1 0.1
88 2 1 160 1 1 0.1
89 2 1 164 1 1 0.1
90 2 1 166 1 1 0.1
90 1 4 166 4 4 0.4
91 2 1 166 1 1 0.1
92 2 1 167 1 1 0.1
93 2 1 170 1 1 0.1
93 1 4 170 4 4 0.4
94 2 1 170 1 1 0.1
95 2 1 170 1 1 0.1
95 1 4 170 4 4 0.4
96 1 4 170 4 4 0.4
96 2 1 170 1 1 0.1
97 2 1 172 1 1 0.1
98 2 1 173 1 1 0.1
99 2 1 176 1 1 0.1
99 1 8 177 8 8 0.8
100 2 1 177 1 1 0.1
101 2 1 177 1 1 0.1
102 2 1 180 1 1 0.1
102 1 4 180 4 4 0.4
103 2 1 181 1 1 0.1
104 2 1 181 1 1 0.1
105 2 1 182 1 1 0.1
106 2 1 182 1 1 0.1
106 1 4 182 4 4 0.4
107 2 1 184 1 1 0.1
107 1 4 186 4 4 0.4
108 2 1 186 1 1 0.1
109 1 4 187 4 4 0.4
109 2 1 187 1 1 0.1
110 2 1 189 1 1 0.1
110 1 4 189 4 4 0.4
111 1 4 189 4 4 0.4
111 2 1 189 1 1 0.1
111 3 0 190 0 0 0.0
112 1 4 191 4 4 0.4
113 1 4 192 4 4 0.4
114 1 4 193 4 4 0.4
115 1 4 195 4 4 0.4
116 1 4 198 4 4 0.4
116 2 3 199 3 3 0.3
117 1 4 199 4 4 0.4
117 2 2 199 2 2 0.2
118 1 4 201 4 4 0.4
119 1 4 201 4 4 0.4
119 0 10 201 10 10 1.0
119 2 1 201 1 1 0.1
120 3 0 201 0 0 0.0
121 3 0 202 0 0 0.0
122 3 0 202 0 0 0.0
123 3 0 204 0 0 0.0
123 2 3 204 3 3 0.3
124 3 0 206 0 0 0.0
124 2 3 206 3 3 0.3
125 3 0 207 0 0 0.0
126 2 9 210 9 9 0.9
126 3 0 210 0 0 0.0
127 3 0 212 0 0 0.0
128 3 0 213 0 0 0.0
129 3 0 215 0 0 0.0
129 2 3 216 3 3 0.3
130 3 0 218 0 0 0.0
131 3 0 218 0 0 0.0
131 2 3 218 3 3 0.3
132 3 0 219 0 0 0.0
133 3 0 221 0 0 0.0
133 2 3 222 3 3 0.3
134 3 0 222 0 0 0.0
135 3 0 224 0 0 0.0
136 3 0 226 0 0 0.0
137 3 0 228 0 0 0.0
138 3 0 230 0 0 0.0
138 2 1 231 1 1 0.1
139 3 0 231 0 0 0.0
140 3 0 232 0 0 0.0
141 3 0 236 0 0 0.0
142 3 0 236 0 0 0.0
143 3 0 238 0 0 0.0
144 3 0 239 0 0 0.0
144 2 3 240 3 3 0.3
145 3 0 241 0 0 0.0
146 2 3 244 3 3 0.3
146 3 0 244 0 0 0.0
147 3 0 246 0 0 0.0
148 3 0 248 0 0 0.0
149 3 0 253 0 0 0.0
150 3 0 254 0 0 0.0
151 3 0 256 0 0 0.0
151 2 3 256 3 3 0.3
152 3 0 256 0 0 0.0
152 2 3 256 3 3 0.3
153 3 0 257 0 0 0.0
154 3 0 257 0 0 0.0
155 3 0 258 0 0 0.0
156 3 0 260 0 0 0.0
157 3 0 261 0 0 0.0
157 2 3 261 3 3 0.3
158 3 0 262 0 0 0.0
159 3 0 263 0 0 0.0
160 3 0 264 0 0 0.0
161 3 0 267 0 0 0.0
162 3 0 270 0 0 0.0
163 2 1 271 1 1 0.1
163 3 0 272 0 0 0.0
164 3 0 274 0 0 0.0
164 2 4 275 4 4 0.4
165 3 0 275 0 0 0.0
165 2 3 275 3 3 0.3
166 3 0 275 0 0 0.0
167 3 0 278 0 0 0.0
167 2 1 278 1 1 0.1
168 3 0 279 0 0 0.0
168 1 4 280 4 4 0.4
169 3 0 282 0 0 0.0
170 3 0 285 0 0 0.0
170 2 3 287 3 3 0.3
171 3 0 287 0 0 0.0
171 2 1 287 1 1 0.1
172 3 0 288 0 0 0.0
173 3 0 289 0 0 0.0
173 2 3 289 3 3 0.3
174 3 0 289 0 0 0.0
175 3 0 290 0 0 0.0
176 3 0 291 0 0 0.0
177 3 0 295 0 0 0.0
178 3 0 298 0 0 0.0
179 3 0 299 0 0 0.0
180 3 0 300 0 0 0.0
180 1 4 300 4 4 0.4
181 3 0 300 0 0 0.0
182 3 0 301 0 0 0.0
182 2 3 301 3 3 0.3
183 3 0 303 0 0 0.0
183 2 3 303 3 3 0.3
184 2 3 304 3 3 0.3
184 3 0 304 0 0 0.0
185 3 0 306 0 0 0.0
186 2 3 306 3 3 0.3
186 3 0 306 0 0 0.0
187 3 0 306 0 0 0.0
188 3 0 307 0 0 0.0
188 2 3 308 3 3 0.3
189 3 0 308 0 0 0.0
189 2 1 308 1 1 0.1
190 3 0 308 0 0 0.0
191 3 0 308 0 0 0.0
191 2 3 309 3 3 0.3
192 3 0 313 0 0 0.0
192 2 3 313 3 3 0.3
193 3 0 313 0 0 0.0
193 2 3 313 3 3 0.3
194 3 0 313 0 0 0.0
195 3 0 314 0 0 0.0
196 3 0 314 0 0 0.0
196 2 7 315 7 7 0.7
197 3 0 318 0 0 0.0
198 3 0 318 0 0 0.0
199 3 0 319 0 0 0.0
200 3 0 319 0 0 0.0
201 3 0 320 0 0 0.0
201 2 3 320 3 3 0.3
202 3 0 320 0 0 0.0
203 3 0 323 0 0 0.0
203 2 3 323 3 3 0.3
204 3 0 324 0 0 0.0
205 3 0 325 0 0 0.0
206 3 0 325 0 0 0.0
207 3 0 327 0 0 0.0
208 3 0 329 0 0 0.0
208 1 4 330 4 4 0.4
208 2 1 330 1 1 0.1
209 3 0 330 0 0 0.0
210 3 0 331 0 0 0.0
211 2 9 331 9 9 0.9
211 3 0 331 0 0 0.0
212 3 0 332 0 0 0.0
212 2 1 332 1 1 0.1
213 3 0 332 0 0 0.0
213 2 3 332 3 3 0.3
214 3 0 332 0 0 0.0
214 2 3 332 3 3 0.3
215 2 3 332 3 3 0.3
215 3 0 332 0 0 0.0
216 3 0 332 0 0 0.0
216 2 3 332 3 3 0.3
217 3 0 332 0 0 0.0
218 3 0 333 0 0 0.0
219 3 0 333 0 0 0.0
220 3 0 335 0 0 0.0
220 2 3 335 3 3 0.3
221 2 3 335 3 3 0.3
221 3 0 335 0 0 0.0
222 3 0 336 0 0 0.0
223 3 0 337 0 0 0.0
224 3 0 337 0 0 0.0
225 3 0 338 0 0 0.0
225 2 3 338 3 3 0.3
226 3 0 338 0 0 0.0
226 2 3 338 3 3 0.3
227 3 0 338 0 0 0.0
228 3 0 339 0 0 0.0
228 2 3 339 3 3 0.3
229 3 0 340 0 0 0.0
229 2 3 340 3 3 0.3
230 3 0 341 0 0 0.0
231 3 0 342 0 0 0.0
231 2 3 342 3 3 0.3
232 3 0 342 0 0 0.0
233 3 0 343 0 0 0.0
233 2 1 343 1 1 0.1
234 2 1 343 1 1 0.1
234 3 0 343 0 0 0.0
235 3 0 343 0 0 0.0
235 2 3 343 3 3 0.3
236 3 0 343 0 0 0.0
236 2 3 344 3 3 0.3
237 3 0 344 0 0 0.0
237 2 3 344 3 3 0.3
238 3 0 344 0 0 0.0
239 3 0 344 0 0 0.0
240 3 0 345 0 0 0.0
241 3 0 346 0 0 0.0
242 3 0 346 0 0 0.0
242 2 3 346 3 3 0.3
243 3 0 347 0 0 0.0
244 3 0 347 0 0 0.0
244 2 9 347 9 9 0.9
245 2 3 350 3 3 0.3
245 3 0 350 0 0 0.0
246 3 0 351 0 0 0.0
247 3 0 351 0 0 0.0
247 2 9 351 9 9 0.9
248 3 0 353 0 0 0.0
248 2 3 354 3 3 0.3
249 3 0 355 0 0 0.0
249 2 4 357 4 4 0.4
250 3 0 357 0 0 0.0
251 3 0 357 0 0 0.0
251 2 1 357 1 1 0.1
252 3 0 358 0 0 0.0
252 2 3 358 3 3 0.3
253 3 0 358 0 0 0.0
254 2 3 359 3 3 0.3
254 3 0 359 0 0 0.0
255 3 0 359 0 0 0.0
255 2 3 360 3 3 0.3
256 3 0 360 0 0 0.0
257 3 0 362 0 0 0.0
258 3 0 363 0 0 0.0
258 2 2 365 2 2 0.2
259 3 0 365 0 0 0.0
260 3 0 365 0 0 0.0
260 2 1 365 1 1 0.1
261 3 0 365 0 0 0.0
261 2 3 366 3 3 0.3
262 2 1 366 1 1 0.1
262 3 0 367 0 0 0.0
263 3 0 367 0 0 0.0
263 2 3 367 3 3 0.3
264 3 0 369 0 0 0.0
264 2 3 369 3 3 0.3
265 3 0 369 0 0 0.0
266 3 0 369 0 0 0.0
266 2 1 369 1 1 0.1
267 3 0 369 0 0 0.0
267 2 1 369 1 1 0.1
268 3 0 370 0 0 0.0
269 3 0 370 0 0 0.0
270 3 0 370 0 0 0.0
271 3 0 371 0 0 0.0
272 3 0 371 0 0 0.0
273 2 1 372 1 1 0.1
273 3 0 372 0 0 0.0
274 3 0 372 0 0 0.0
275 3 0 373 0 0 0.0
276 3 0 374 0 0 0.0
277 3 0 375 0 0 0.0
278 2 1 375 1 1 0.1
278 3 0 375 0 0 0.0
279 3 0 375 0 0 0.0
279 2 3 375 3 3 0.3
280 3 0 375 0 0 0.0
280 2 3 376 3 3 0.3
281 3 0 376 0 0 0.0
282 3 0 377 0 0 0.0
283 3 0 377 0 0 0.0
283 2 1 377 1 1 0.1
284 3 0 379 0 0 0.0
285 3 0 380 0 0 0.0
286 3 0 380 0 0 0.0
287 3 0 380 0 0 0.0
288 3 0 382 0 0 0.0
288 2 3 382 3 3 0.3
289 3 0 382 0 0 0.0
289 2 3 383 3 3 0.3
290 3 0 383 0 0 0.0
290 2 3 383 3 3 0.3
291 3 0 383 0 0 0.0
291 2 3 383 3 3 0.3
292 2 3 383 3 3 0.3
292 3 0 383 0 0 0.0
293 2 3 384 3 3 0.3
293 3 0 384 0 0 0.0
294 2 3 385 3 3 0.3
294 3 0 385 0 0 0.0
295 3 0 386 0 0 0.0
295 2 3 387 3 3 0.3
296 3 0 387 0 0 0.0
297 3 0 387 0 0 0.0
297 2 3 387 3 3 0.3
298 3 0 387 0 0 0.0
298 2 8 388 8 8 0.8
299 3 0 389 0 0 0.0
299 2 2 390 2 2 0.2
300 3 0 390 0 0 0.0
301 3 0 391 0 0 0.0
302 3 0 391 0 0 0.0
302 2 3 391 3 3 0.3
303 3 0 392 0 0 0.0
303 2 3 392 3 3 0.3
304 3 0 392 0 0 0.0
305 3 0 392 0 0 0.0
306 3 0 392 0 0 0.0
306 2 8 393 8 8 0.8
307 3 0 393 0 0 0.0
308 3 0 395 0 0 0.0
309 3 0 395 0 0 0.0
310 3 0 395 0 0 0.0
310 2 1 396 1 1 0.1
311 3 0 396 0 0 0.0
312 3 0 396 0 0 0.0
313 3 0 397 0 0 0.0
314 3 0 398 0 0 0.0
315 3 0 399 0 0 0.0
315 2 3 400 3 3 0.3
316 3 0 400 0 0 0.0
316 2 3 401 3 3 0.3
317 3 0 402 0 0 0.0
318 3 0 404 0 0 0.0
319 3 0 404 0 0 0.0
320 3 0 405 0 0 0.0
320 2 3 405 3 3 0.3
321 3 0 405 0 0 0.0
322 3 0 405 0 0 0.0
323 3 0 406 0 0 0.0
324 3 0 407 0 0 0.0
325 3 0 407 0 0 0.0
326 3 0 407 0 0 0.0
326 2 3 407 3 3 0.3
327 3 0 408 0 0 0.0
328 3 0 410 0 0 0.0
329 3 0 410 0 0 0.0
330 3 0 410 0 0 0.0
331 3 0 410 0 0 0.0
332 3 0 410 0 0 0.0
333 3 0 410 0 0 0.0
333 2 1 410 1 1 0.1
334 3 0 410 0 0 0.0
335 3 0 410 0 0 0.0
336 3 0 411 0 0 0.0
336 2 3 411 3 3 0.3
337 3 0 412 0 0 0.0
338 3 0 413 0 0 0.0
338 2 3 413 3 3 0.3
339 3 0 413 0 0 0.0
340 3 0 413 0 0 0.0
341 3 0 414 0 0 0.0
341 2 3 414 3 3 0.3
342 3 0 414 0 0 0.0
343 3 0 416 0 0 0.0
344 3 0 416 0 0 0.0
345 3 0 416 0 0 0.0
346 3 0 416 0 0 0.0
347 3 0 417 0 0 0.0
348 3 0 417 0 0 0.0
348 2 1 417 1 1 0.1
349 3 0 417 0 0 0.0
350 3 0 417 0 0 0.0
350 2 1 417 1 1 0.1
351 3 0 417 0 0 0.0
352 3 0 418 0 0 0.0
353 3 0 420 0 0 0.0
354 3 0 420 0 0 0.0
355 3 0 421 0 0 0.0
355 2 3 422 3 3 0.3
356 3 0 422 0 0 0.0
357 3 0 424 0 0 0.0
358 3 0 425 0 0 0.0
359 3 0 428 0 0 0.0
360 2 4 429 4 4 0.4
360 3 0 429 0 0 0.0
361 3 0 429 0 0 0.0
362 3 0 430 0 0 0.0
363 3 0 431 0 0 0.0
364 3 0 431 0 0 0.0
365 3 0 433 0 0 0.0
366 3 0 433 0 0 0.0
367 3 0 433 0 0 0.0
367 2 3 433 3 3 0.3
368 3 0 435 0 0 0.0
369 3 0 435 0 0 0.0
369 2 1 436 1 1 0.1
370 3 0 436 0 0 0.0
371 3 0 436 0 0 0.0
371 2 3 436 3 3 0.3
372 3 0 436 0 0 0.0
373 3 0 437 0 0 0.0
373 2 3 437 3 3 0.3
374 3 0 437 0 0 0.0
375 3 0 437 0 0 0.0
376 3 0 437 0 0 0.0
376 2 3 437 3 3 0.3
377 3 0 437 0 0 0.0
378 3 0 437 0 0 0.0
378 2 1 437 1 1 0.1
379 3 0 437 0 0 0.0
379 2 1 437 1 1 0.1
380 3 0 437 0 0 0.0
380 2 3 437 3 3 0.3
381 3 0 437 0 0 0.0
382 3 0 437 0 0 0.0
383 3 0 438 0 0 0.0
384 3 0 438 0 0 0.0
384 2 3 439 3 3 0.3
385 3 0 439 0 0 0.0
386 3 0 439 0 0 0.0
387 3 0 439 0 0 0.0
388 3 0 439 0 0 0.0
388 2 1 439 1 1 0.1
389 3 0 439 0 0 0.0
390 3 0 439 0 0 0.0
390 2 3 439 3 3 0.3
391 3 0 439 0 0 0.0
392 3 0 439 0 0 0.0
392 2 3 439 3 3 0.3
393 3 0 439 0 0 0.0
394 3 0 439 0 0 0.0
395 3 0 440 0 0 0.0
396 2 1 440 1 1 0.1
396 3 0 440 0 0 0.0
397 3 0 440 0 0 0.0
397 2 3 440 3 3 0.3
398 3 0 440 0 0 0.0
399 3 0 440 0 0 0.0
399 2 3 440 3 3 0.3
400 3 0 440 0 0 0.0
400 2 1 440 1 1 0.1
401 3 0 440 0 0 0.0
402 3 0 441 0 0 0.0
403 3 0 442 0 0 0.0
403 2 3 443 3 3 0.3
404 3 0 445 0 0 0.0
404 2 1 445 1 1 0.1
405 3 0 445 0 0 0.0
406 3 0 445 0 0 0.0
406 2 3 446 3 3 0.3
407 3 0 446 0 0 0.0
408 3 0 446 0 0 0.0
408 2 3 446 3 3 0.3
409 3 0 446 0 0 0.0
410 3 0 447 0 0 0.0
411 3 0 447 0 0 0.0
412 3 0 447 0 0 0.0
413 3 0 448 0 0 0.0
414 3 0 448 0 0 0.0
415 3 0 448 0 0 0.0
415 2 1 448 1 1 0.1
416 3 0 448 0 0 0.0
417 3 0 448 0 0 0.0
417 2 3 448 3 3 0.3
418 3 0 448 0 0 0.0
419 3 0 448 0 0 0.0
420 3 0 449 0 0 0.0
420 2 3 449 3 3 0.3
421 3 0 449 0 0 0.0
422 3 0 449 0 0 0.0
423 3 0 449 0 0 0.0
423 2 1 449 1 1 0.1
424 3 0 449 0 0 0.0
425 3 0 449 0 0 0.0
426 3 0 449 0 0 0.0
426 2 1 449 1 1 0.1
427 3 0 449 0 0 0.0
427 2 3 449 3 3 0.3
428 3 0 449 0 0 0.0
429 3 0 449 0 0 0.0
429 2 1 449 1 1 0.1
430 3 0 449 0 0 0.0
431 3 0 449 0 0 0.0
432 3 0 450 0 0 0.0
433 3 0 451 0 0 0.0
434 3 0 451 0 0 0.0
435 3 0 451 0 0 0.0
436 3 0 452 0 0 0.0
437 3 0 452 0 0 0.0
438 3 0 453 0 0 0.0
439 3 0 453 0 0 0.0
439 2 1 453 1 1 0.1
440 3 0 453 0 0 0.0
441 3 0 453 0 0 0.0
441 2 3 454 3 3 0.3
442 3 0 454 0 0 0.0
442 2 1 454 1 1 0.1
443 3 0 454 0 0 0.0
443 2 3 454 3 3 0.3
444 3 0 454 0 0 0.0
444 2 3 454 3 3 0.3
445 3 0 454 0 0 0.0
445 2 1 454 1 1 0.1
446 3 0 454 0 0 0.0
447 3 0 455 0 0 0.0
447 2 4 455 4 4 0.4
448 3 0 455 0 0 0.0
448 2 3 455 3 3 0.3
449 3 0 455 0 0 0.0
450 3 0 456 0 0 0.0
450 2 3 456 3 3 0.3
451 3 0 457 0 0 0.0
452 3 0 457 0 0 0.0
453 3 0 458 0 0 0.0
454 3 0 458 0 0 0.0
454 2 1 459 1 1 0.1
455 3 0 459 0 0 0.0
456 3 0 460 0 0 0.0
456 2 3 460 3 3 0.3
457 3 0 460 0 0 0.0
458 3 0 460 0 0 0.0
459 3 0 460 0 0 0.0
459 2 3 460 3 3 0.3
460 3 0 460 0 0 0.0
461 3 0 460 0 0 0.0
462 3 0 460 0 0 0.0
463 3 0 460 0 0 0.0
464 3 0 460 0 0 0.0
465 3 0 460 0 0 0.0
466 3 0 460 0 0 0.0
466 2 1 460 1 1 0.1
467 3 0 461 0 0 0.0
468 3 0 461 0 0 0.0
468 2 3 462 3 3 0.3
469 3 0 462 0 0 0.0
469 2 3 464 3 3 0.3
470 3 0 464 0 0 0.0
471 3 0 464 0 0 0.0
472 3 0 464 0 0 0.0
472 2 7 465 7 7 0.7
473 3 0 465 0 0 0.0
474 3 0 466 0 0 0.0
474 2 1 466 1 1 0.1
475 3 0 466 0 0 0.0
476 3 0 467 0 0 0.0
476 2 3 467 3 3 0.3
477 3 0 467 0 0 0.0
477 2 1 467 1 1 0.1
478 3 0 467 0 0 0.0
478 2 3 467 3 3 0.3
479 3 0 467 0 0 0.0
479 2 3 467 3 3 0.3
480 3 0 468 0 0 0.0
480 2 3 468 3 3 0.3
481 3 0 468 0 0 0.0
482 3 0 469 0 0 0.0
483 3 0 469 0 0 0.0
483 2 1 469 1 1 0.1
484 3 0 469 0 0 0.0
484 2 3 469 3 3 0.3
485 3 0 469 0 0 0.0
486 3 0 470 0 0 0.0
487 3 0 470 0 0 0.0
488 3 0 471 0 0 0.0
489 3 0 471 0 0 0.0
490 3 0 471 0 0 0.0
491 3 0 471 0 0 0.0
492 3 0 472 0 0 0.0
492 2 1 472 1 1 0.1
493 3 0 472 0 0 0.0
494 3 0 474 0 0 0.0
495 3 0 474 0 0 0.0
496 3 0 474 0 0 0.0
496 2 1 474 1 1 0.1
497 3 0 474 0 0 0.0
498 3 0 474 0 0 0.0
499 3 0 474 0 0 0.0
499 2 3 474 3 3 0.3
500 3 0 474 0 0 0.0
501 3 0 474 0 0 0.0
502 3 0 475 0 0 0.0
503 3 0 476 0 0 0.0
504 3 0 476 0 0 0.0
505 3 0 476 0 0 0.0
505 2 3 476 3 3 0.3
506 3 0 476 0 0 0.0
506 2 3 476 3 3 0.3
507 3 0 476 0 0 0.0
507 2 3 476 3 3 0.3
508 3 0 477 0 0 0.0
509 3 0 477 0 0 0.0
510 3 0 477 0 0 0.0
511 3 0 477 0 0 0.0
512 3 0 477 0 0 0.0
513 3 0 477 0 0 0.0
514 3 0 477 0 0 0.0
514 2 3 477 3 3 0.3
515 3 0 477 0 0 0.0
515 2 3 477 3 3 0.3
516 3 0 477 0 0 0.0
517 3 0 477 0 0 0.0
518 2 3 477 3 3 0.3
518 3 0 477 0 0 0.0
519 3 0 477 0 0 0.0
520 3 0 478 0 0 0.0
521 3 0 478 0 0 0.0
521 2 3 479 3 3 0.3
522 3 0 479 0 0 0.0
523 2 3 479 3 3 0.3
523 3 0 479 0 0 0.0
524 3 0 479 0 0 0.0
525 3 0 479 0 0 0.0
525 2 4 479 4 4 0.4
526 3 0 480 0 0 0.0
527 3 0 480 0 0 0.0
527 2 3 480 3 3 0.3
528 3 0 480 0 0 0.0
529 3 0 481 0 0 0.0
529 2 3 481 3 3 0.3
530 3 0 481 0 0 0.0
531 3 0 481 0 0 0.0
531 2 8 481 8 8 0.8
532 3 0 481 0 0 0.0
532 2 1 481 1 1 0.1
533 3 0 481 0 0 0.0
534 2 1 481 1 1 0.1
534 3 0 481 0 0 0.0
535 3 0 481 0 0 0.0
535 2 9 481 9 9 0.9
536 3 0 481 0 0 0.0
536 2 3 481 3 3 0.3
537 3 0 481 0 0 0.0
538 3 0 482 0 0 0.0
539 3 0 482 0 0 0.0
540 3 0 482 0 0 0.0
541 2 3 483 3 3 0.3
541 3 0 483 0 0 0.0
542 3 0 483 0 0 0.0
543 3 0 485 0 0 0.0
543 2 3 485 3 3 0.3
544 3 0 485 0 0 0.0
544 2 3 485 3 3 0.3
545 3 0 485 0 0 0.0
546 3 0 485 0 0 0.0
546 2 9 485 9 9 0.9
547 2 3 485 3 3 0.3
547 3 0 485 0 0 0.0
548 3 0 486 0 0 0.0
549 3 0 487 0 0 0.0
550 3 0 487 0 0 0.0
551 3 0 487 0 0 0.0
552 3 0 487 0 0 0.0
552 2 3 488 3 3 0.3
553 3 0 488 0 0 0.0
553 2 3 488 3 3 0.3
554 3 0 489 0 0 0.0
555 3 0 489 0 0 0.0
556 3 0 490 0 0 0.0
556 2 9 491 9 9 0.9
557 3 0 491 0 0 0.0
558 3 0 491 0 0 0.0
559 2 3 491 3 3 0.3
559 3 0 491 0 0 0.0
560 3 0 491 0 0 0.0
561 3 0 491 0 0 0.0
561 2 3 491 3 3 0.3
562 3 0 491 0 0 0.0
562 2 3 491 3 3 0.3
563 3 0 491 0 0 0.0
564 3 0 492 0 0 0.0
564 2 3 492 3 3 0.3
565 3 0 492 0 0 0.0
566 3 0 493 0 0 0.0
567 3 0 493 0 0 0.0
567 2 3 493 3 3 0.3
568 3 0 493 0 0 0.0
568 2 3 493 3 3 0.3
569 3 0 493 0 0 0.0
570 3 0 493 0 0 0.0
570 2 3 493 3 3 0.3
571 3 0 493 0 0 0.0
572 3 0 493 0 0 0.0
573 3 0 493 0 0 0.0
573 2 3 493 3 3 0.3
574 3 0 493 0 0 0.0
575 3 0 493 0 0 0.0
575 2 4 493 4 4 0.4
576 3 0 493 0 0 0.0
576 2 3 493 3 3 0.3
577 3 0 493 0 0 0.0
578 3 0 493 0 0 0.0
578 2 3 493 3 3 0.3
579 3 0 493 0 0 0.0
580 3 0 493 0 0 0.0
580 2 3 494 3 3 0.3
581 3 0 494 0 0 0.0
581 2 3 494 3 3 0.3
582 3 0 494 0 0 0.0
582 2 3 494 3 3 0.3
583 3 0 494 0 0 0.0
583 2 3 494 3 3 0.3
584 3 0 494 0 0 0.0
585 2 3 495 3 3 0.3
585 3 0 495 0 0 0.0
586 2 4 495 4 4 0.4
586 3 0 495 0 0 0.0
587 3 0 495 0 0 0.0
587 2 1 495 1 1 0.1
588 3 0 495 0 0 0.0
589 3 0 495 0 0 0.0
589 2 3 495 3 3 0.3
590 3 0 495 0 0 0.0
590 2 3 495 3 3 0.3
591 3 0 495 0 0 0.0
592 3 0 495 0 0 0.0
592 2 3 495 3 3 0.3
593 3 0 495 0 0 0.0
594 3 0 496 0 0 0.0
594 2 3 496 3 3 0.3
595 3 0 496 0 0 0.0
595 2 4 496 4 4 0.4
596 3 0 496 0 0 0.0
596 2 3 497 3 3 0.3
597 3 0 497 0 0 0.0
598 3 0 497 0 0 0.0
598 2 3 497 3 3 0.3
599 3 0 497 0 0 0.0
599 2 3 498 3 3 0.3
600 3 0 498 0 0 0.0
600 2 3 498 3 3 0.3
601 3 0 498 0 0 0.0
601 2 1 498 1 1 0.1
602 2 1 498 1 1 0.1
602 3 0 498 0 0 0.0
603 3 0 498 0 0 0.0
603 2 3 498 3 3 0.3
604 3 0 498 0 0 0.0
605 3 0 498 0 0 0.0
606 3 0 499 0 0 0.0
607 3 0 499 0 0 0.0
607 2 3 499 3 3 0.3
608 3 0 499 0 0 0.0
609 3 0 500 0 0 0.0
610 3 0 500 0 0 0.0
610 2 1 500 1 1 0.1
611 3 0 500 0 0 0.0
611 2 3 500 3 3 0.3
612 3 0 500 0 0 0.0
613 3 0 500 0 0 0.0
614 3 0 500 0 0 0.0
615 3 0 500 0 0 0.0
615 2 3 500 3 3 0.3
616 3 0 500 0 0 0.0
616 2 4 500 4 4 0.4
617 3 0 500 0 0 0.0
618 2 3 501 3 3 0.3
618 3 0 501 0 0 0.0
619 3 0 501 0 0 0.0
619 2 1 501 1 1 0.1
620 3 0 501 0 0 0.0
620 2 1 502 1 1 0.1
621 3 0 502 0 0 0.0
621 2 3 502 3 3 0.3
622 3 0 502 0 0 0.0
623 2 1 502 1 1 0.1
623 3 0 502 0 0 0.0
624 3 0 502 0 0 0.0
624 2 1 502 1 1 0.1
625 3 0 503 0 0 0.0
625 2 9 503 9 9 0.9
626 3 0 503 0 0 0.0
627 3 0 503 0 0 0.0
627 2 3 503 3 3 0.3
628 3 0 503 0 0 0.0
628 2 3 503 3 3 0.3
629 2 4 503 4 4 0.4
629 3 0 503 0 0 0.0
630 3 0 503 0 0 0.0
631 3 0 504 0 0 0.0
632 3 0 504 0 0 0.0
633 3 0 504 0 0 0.0
634 3 0 504 0 0 0.0
635 2 3 504 3 3 0.3
635 3 0 504 0 0 0.0
636 3 0 504 0 0 0.0
636 2 3 504 3 3 0.3
637 3 0 504 0 0 0.0
638 3 0 505 0 0 0.0
639 3 0 505 0 0 0.0
639 2 4 505 4 4 0.4
640 3 0 505 0 0 0.0
641 3 0 505 0 0 0.0
642 3 0 506 0 0 0.0
643 3 0 506 0 0 0.0
643 2 3 506 3 3 0.3
644 2 3 506 3 3 0.3
644 3 0 506 0 0 0.0
645 3 0 506 0 0 0.0
646 3 0 506 0 0 0.0
646 2 1 506 1 1 0.1
647 3 0 506 0 0 0.0
648 2 3 506 3 3 0.3
648 3 0 506 0 0 0.0
649 3 0 506 0 0 0.0
649 2 1 506 1 1 0.1
650 3 0 506 0 0 0.0
651 3 0 507 0 0 0.0
652 3 0 507 0 0 0.0
653 3 0 507 0 0 0.0
654 3 0 508 0 0 0.0
655 3 0 509 0 0 0.0
655 2 1 509 1 1 0.1
656 3 0 509 0 0 0.0
656 2 3 509 3 3 0.3
657 3 0 509 0 0 0.0
658 3 0 509 0 0 0.0
658 2 3 509 3 3 0.3
659 3 0 509 0 0 0.0
659 2 3 509 3 3 0.3
660 3 0 510 0 0 0.0
660 2 1 510 1 1 0.1
661 3 0 510 0 0 0.0
661 2 3 510 3 3 0.3
662 3 0 510 0 0 0.0
662 2 3 510 3 3 0.3
663 3 0 510 0 0 0.0
664 3 0 510 0 0 0.0
665 3 0 510 0 0 0.0
665 2 1 510 1 1 0.1
666 3 0 510 0 0 0.0
667 3 0 510 0 0 0.0
668 3 0 510 0 0 0.0
668 2 3 510 3 3 0.3
669 3 0 510 0 0 0.0
669 2 3 510 3 3 0.3
670 3 0 511 0 0 0.0
671 3 0 511 0 0 0.0
671 2 1 511 1 1 0.1
672 3 0 511 0 0 0.0
673 3 0 512 0 0 0.0
674 3 0 512 0 0 0.0
674 2 3 512 3 3 0.3
675 3 0 512 0 0 0.0
676 3 0 512 0 0 0.0
676 2 1 512 1 1 0.1
677 3 0 512 0 0 0.0
678 3 0 512 0 0 0.0
679 3 0 512 0 0 0.0
680 3 0 512 0 0 0.0
680 2 1 512 1 1 0.1
681 3 0 512 0 0 0.0
682 3 0 512 0 0 0.0
683 3 0 512 0 0 0.0
683 2 3 512 3 3 0.3
684 3 0 512 0 0 0.0
685 3 0 513 0 0 0.0
686 3 0 513 0 0 0.0
686 2 3 513 3 3 0.3
687 3 0 513 0 0 0.0
687 2 3 513 3 3 0.3
687 1 9 513 9 9 0.9
688 3 0 513 0 0 0.0
689 3 0 514 0 0 0.0
689 2 3 514 3 3 0.3
690 3 0 514 0 0 0.0
690 2 3 514 3 3 0.3
691 3 0 514 0 0 0.0
692 3 0 514 0 0 0.0
692 2 3 514 3 3 0.3
693 2 3 514 3 3 0.3
693 3 0 514 0 0 0.0
694 3 0 514 0 0 0.0
695 2 3 514 3 3 0.3
695 3 0 514 0 0 0.0
696 3 0 514 0 0 0.0
697 3 0 514 0 0 0.0
697 2 3 514 3 3 0.3
698 3 0 514 0 0 0.0
699 3 0 515 0 0 0.0
700 3 0 515 0 0 0.0
701 3 0 515 0 0 0.0
702 3 0 516 0 0 0.0
702 2 3 516 3 3 0.3
703 3 0 516 0 0 0.0
703 2 3 516 3 3 0.3
704 3 0 516 0 0 0.0
704 2 1 516 1 1 0.1
705 3 0 516 0 0 0.0
705 2 3 516 3 3 0.3
706 3 0 516 0 0 0.0
706 2 3 516 3 3 0.3
707 3 0 516 0 0 0.0
708 3 0 516 0 0 0.0
708 2 1 516 1 1 0.1
709 3 0 516 0 0 0.0
709 2 1 516 1 1 0.1
710 3 0 516 0 0 0.0
710 2 3 516 3 3 0.3
711 3 0 516 0 0 0.0
711 2 3 516 3 3 0.3
712 3 0 516 0 0 0.0
713 3 0 516 0 0 0.0
713 2 4 516 4 4 0.4
714 3 0 516 0 0 0.0
715 3 0 516 0 0 0.0
716 3 0 517 0 0 0.0
716 1 4 517 4 4 0.4
717 3 0 517 0 0 0.0
718 3 0 517 0 0 0.0
718 2 3 517 3 3 0.3
719 3 0 517 0 0 0.0
720 3 0 517 0 0 0.0
721 3 0 517 0 0 0.0
721 2 3 517 3 3 0.3
722 3 0 517 0 0 0.0
723 3 0 517 0 0 0.0
723 2 3 517 3 3 0.3
724 3 0 517 0 0 0.0
725 3 0 517 0 0 0.0
725 2 8 517 8 8 0.8
726 3 0 517 0 0 0.0
727 3 0 517 0 0 0.0
727 2 3 517 3 3 0.3
728 3 0 517 0 0 0.0
728 2 3 517 3 3 0.3
729 3 0 517 0 0 0.0
730 3 0 517 0 0 0.0
730 2 3 517 3 3 0.3
731 2 1 517 1 1 0.1
731 3 0 517 0 0 0.0
732 3 0 518 0 0 0.0
733 3 0 518 0 0 0.0
733 2 3 518 3 3 0.3
734 3 0 518 0 0 0.0
734 2 4 518 4 4 0.4
735 3 0 518 0 0 0.0
736 3 0 518 0 0 0.0
737 3 0 518 0 0 0.0
738 3 0 518 0 0 0.0
739 3 0 518 0 0 0.0
740 3 0 519 0 0 0.0
740 2 1 519 1 1 0.1
741 3 0 519 0 0 0.0
741 2 3 520 3 3 0.3
742 3 0 520 0 0 0.0
743 3 0 520 0 0 0.0
743 2 3 520 3 3 0.3
744 3 0 520 0 0 0.0
744 2 1 520 1 1 0.1
745 3 0 520 0 0 0.0
746 3 0 520 0 0 0.0
747 3 0 520 0 0 0.0
748 3 0 520 0 0 0.0
748 2 3 520 3 3 0.3
749 3 0 520 0 0 0.0
750 3 0 520 0 0 0.0
750 2 1 520 1 1 0.1
751 2 1 520 1 1 0.1
751 3 0 521 0 0 0.0
752 3 0 521 0 0 0.0
753 3 0 521 0 0 0.0
753 2 3 521 3 3 0.3
754 3 0 521 0 0 0.0
755 3 0 521 0 0 0.0
755 2 3 521 3 3 0.3
756 3 0 521 0 0 0.0
756 2 3 521 3 3 0.3
757 3 0 521 0 0 0.0
757 2 3 521 3 3 0.3
758 3 0 521 0 0 0.0
758 2 9 521 9 9 0.9
759 3 0 521 0 0 0.0
760 3 0 521 0 0 0.0
761 3 0 521 0 0 0.0
761 2 4 521 4 4 0.4
762 3 0 522 0 0 0.0
763 3 0 522 0 0 0.0
764 3 0 522 0 0 0.0
765 2 3 523 3 3 0.3
765 3 0 523 0 0 0.0
766 3 0 523 0 0 0.0
767 3 0 523 0 0 0.0
768 3 0 523 0 0 0.0
769 3 0 523 0 0 0.0
770 3 0 523 0 0 0.0
771 3 0 523 0 0 0.0
772 3 0 523 0 0 0.0
773 3 0 523 0 0 0.0
774 3 0 523 0 0 0.0
774 2 3 523 3 3 0.3
775 3 0 523 0 0 0.0
776 3 0 523 0 0 0.0
777 3 0 523 0 0 0.0
778 3 0 523 0 0 0.0
779 3 0 523 0 0 0.0
780 3 0 523 0 0 0.0
781 3 0 523 0 0 0.0
782 3 0 523 0 0 0.0
783 3 0 523 0 0 0.0
783 2 3 524 3 3 0.3
784 3 0 524 0 0 0.0
785 3 0 524 0 0 0.0
785 2 3 524 3 3 0.3
786 3 0 525 0 0 0.0
786 2 3 525 3 3 0.3
787 3 0 525 0 0 0.0
788 3 0 525 0 0 0.0
788 2 3 525 3 3 0.3
789 3 0 525 0 0 0.0
789 2 3 525 3 3 0.3
790 3 0 525 0 0 0.0
790 2 1 525 1 1 0.1
791 3 0 525 0 0 0.0
792 3 0 526 0 0 0.0
793 3 0 526 0 0 0.0
794 3 0 526 0 0 0.0
795 3 0 526 0 0 0.0
796 3 0 526 0 0 0.0
796 2 3 526 3 3 0.3
797 3 0 526 0 0 0.0
798 3 0 526 0 0 0.0
798 2 3 526 3 3 0.3
799 3 0 527 0 0 0.0
800 3 0 527 0 0 0.0
800 2 3 527 3 3 0.3
801 3 0 527 0 0 0.0
801 2 4 527 4 4 0.4
802 3 0 527 0 0 0.0
803 3 0 527 0 0 0.0
804 3 0 527 0 0 0.0
804 2 3 527 3 3 0.3
805 3 0 527 0 0 0.0
805 2 1 527 1 1 0.1
806 3 0 527 0 0 0.0
807 3 0 527 0 0 0.0
807 2 3 527 3 3 0.3
808 3 0 527 0 0 0.0
809 3 0 527 0 0 0.0
809 2 3 527 3 3 0.3
810 3 0 527 0 0 0.0
811 3 0 527 0 0 0.0
812 3 0 528 0 0 0.0
812 2 9 529 9 9 0.9
813 3 0 529 0 0 0.0
814 3 0 529 0 0 0.0
815 3 0 529 0 0 0.0
815 1 9 529 9 9 0.9
816 3 0 529 0 0 0.0
817 3 0 529 0 0 0.0
818 3 0 529 0 0 0.0
819 3 0 529 0 0 0.0
819 2 3 529 3 3 0.3
820 3 0 529 0 0 0.0
820 2 3 529 3 3 0.3
821 3 0 529 0 0 0.0
822 3 0 529 0 0 0.0
822 2 1 529 1 1 0.1
823 3 0 529 0 0 0.0
823 2 3 529 3 3 0.3
824 3 0 529 0 0 0.0
825 3 0 529 0 0 0.0
825 2 3 529 3 3 0.3
826 3 0 529 0 0 0.0
827 3 0 529 0 0 0.0
828 3 0 529 0 0 0.0
829 3 0 529 0 0 0.0
830 2 4 530 4 4 0.4
830 3 0 530 0 0 0.0
831 2 1 530 1 1 0.1
831 3 0 530 0 0 0.0
832 3 0 530 0 0 0.0
832 2 3 530 3 3 0.3
833 3 0 530 0 0 0.0
833 2 3 531 3 3 0.3
834 3 0 531 0 0 0.0
835 3 0 531 0 0 0.0
836 3 0 531 0 0 0.0
837 3 0 531 0 0 0.0
837 2 3 532 3 3 0.3
838 3 0 532 0 0 0.0
839 3 0 532 0 0 0.0
840 3 0 532 0 0 0.0
840 2 3 532 3 3 0.3
841 3 0 532 0 0 0.0
841 2 3 532 3 3 0.3
842 3 0 532 0 0 0.0
843 3 0 532 0 0 0.0
843 2 3 532 3 3 0.3
844 3 0 532 0 0 0.0
845 3 0 532 0 0 0.0
845 2 1 532 1 1 0.1
846 3 0 532 0 0 0.0
847 3 0 533 0 0 0.0
848 3 0 533 0 0 0.0
849 3 0 533 0 0 0.0
849 2 3 533 3 3 0.3
850 3 0 533 0 0 0.0
850 2 9 533 9 9 0.9
851 3 0 533 0 0 0.0
851 2 3 533 3 3 0.3
852 1 4 533 4 4 0.4
852 3 0 533 0 0 0.0
853 3 0 533 0 0 0.0
853 2 9 533 9 9 0.9
854 3 0 533 0 0 0.0
854 2 3 533 3 3 0.3
855 3 0 533 0 0 0.0
855 2 3 533 3 3 0.3
856 3 0 533 0 0 0.0
856 2 3 533 3 3 0.3
857 3 0 533 0 0 0.0
857 2 3 533 3 3 0.3
858 3 0 533 0 0 0.0
858 2 3 533 3 3 0.3
859 3 0 533 0 0 0.0
859 2 1 533 1 1 0.1
860 3 0 533 0 0 0.0
860 2 1 533 1 1 0.1
861 3 0 533 0 0 0.0
862 3 0 533 0 0 0.0
863 3 0 533 0 0 0.0
864 2 1 534 1 1 0.1
864 3 0 534 0 0 0.0
865 3 0 534 0 0 0.0
866 3 0 534 0 0 0.0
867 3 0 534 0 0 0.0
867 2 4 534 4 4 0.4
868 3 0 534 0 0 0.0
869 3 0 534 0 0 0.0
870 3 0 534 0 0 0.0
871 3 0 534 0 0 0.0
871 2 1 534 1 1 0.1
872 3 0 534 0 0 0.0
873 3 0 534 0 0 0.0
874 3 0 534 0 0 0.0
875 3 0 534 0 0 0.0
876 3 0 534 0 0 0.0
876 2 3 534 3 3 0.3
877 3 0 534 0 0 0.0
878 3 0 534 0 0 0.0
878 2 3 534 3 3 0.3
879 3 0 534 0 0 0.0
880 3 0 534 0 0 0.0
881 3 0 534 0 0 0.0
882 3 0 534 0 0 0.0
883 3 0 534 0 0 0.0
884 3 0 534 0 0 0.0
884 2 1 534 1 1 0.1
885 3 0 534 0 0 0.0
885 2 1 534 1 1 0.1
886 3 0 534 0 0 0.0
887 3 0 534 0 0 0.0
888 3 0 534 0 0 0.0
889 3 0 534 0 0 0.0
889 2 3 534 3 3 0.3
890 3 0 534 0 0 0.0
891 3 0 534 0 0 0.0
891 2 3 534 3 3 0.3
892 2 3 534 3 3 0.3
892 3 0 534 0 0 0.0
893 3 0 534 0 0 0.0
894 3 0 534 0 0 0.0
895 3 0 534 0 0 0.0
895 2 3 534 3 3 0.3
896 3 0 534 0 0 0.0
897 3 0 534 0 0 0.0
898 3 0 535 0 0 0.0
898 2 1 535 1 1 0.1
899 3 0 535 0 0 0.0
900 3 0 535 0 0 0.0
901 3 0 535 0 0 0.0
902 3 0 535 0 0 0.0
903 3 0 535 0 0 0.0
903 2 1 535 1 1 0.1
904 3 0 535 0 0 0.0
904 2 3 535 3 3 0.3
905 3 0 535 0 0 0.0
905 2 3 535 3 3 0.3
906 3 0 535 0 0 0.0
907 3 0 535 0 0 0.0
908 2 3 535 3 3 0.3
908 3 0 535 0 0 0.0
909 3 0 535 0 0 0.0
909 2 3 535 3 3 0.3
910 3 0 535 0 0 0.0
910 2 3 535 3 3 0.3
911 3 0 535 0 0 0.0
911 2 3 535 3 3 0.3
912 3 0 535 0 0 0.0
912 2 9 535 9 9 0.9
913 3 0 535 0 0 0.0
914 2 1 535 1 1 0.1
914 3 0 535 0 0 0.0
915 3 0 535 0 0 0.0
916 2 3 535 3 3 0.3
916 3 0 535 0 0 0.0
917 3 0 535 0 0 0.0
917 2 1 535 1 1 0.1
918 3 0 535 0 0 0.0
919 3 0 535 0 0 0.0
919 2 2 535 2 2 0.2
920 3 0 535 0 0 0.0
921 3 0 535 0 0 0.0
922 3 0 535 0 0 0.0
922 2 4 535 4 4 0.4
923 3 0 535 0 0 0.0
923 2 3 535 3 3 0.3
924 3 0 535 0 0 0.0
924 2 1 535 1 1 0.1
925 3 0 535 0 0 0.0
926 3 0 535 0 0 0.0
927 3 0 535 0 0 0.0
928 3 0 535 0 0 0.0
928 2 1 535 1 1 0.1
929 3 0 535 0 0 0.0
930 3 0 535 0 0 0.0
931 3 0 535 0 0 0.0
932 3 0 535 0 0 0.0
933 3 0 535 0 0 0.0
933 2 3 535 3 3 0.3
934 3 0 535 0 0 0.0
934 2 4 535 4 4 0.4
935 3 0 535 0 0 0.0
935 2 1 535 1 1 0.1
936 3 0 535 0 0 0.0
936 2 1 535 1 1 0.1
937 3 0 535 0 0 0.0
938 3 0 536 0 0 0.0
939 3 0 536 0 0 0.0
939 2 3 536 3 3 0.3
940 3 0 536 0 0 0.0
941 3 0 536 0 0 0.0
941 2 1 536 1 1 0.1
942 3 0 536 0 0 0.0
942 2 3 536 3 3 0.3
943 3 0 536 0 0 0.0
944 3 0 536 0 0 0.0
945 3 0 536 0 0 0.0
945 2 3 536 3 3 0.3
946 3 0 536 0 0 0.0
947 3 0 536 0 0 0.0
947 2 3 536 3 3 0.3
948 3 0 536 0 0 0.0
949 3 0 536 0 0 0.0
949 2 3 536 3 3 0.3
950 3 0 536 0 0 0.0
951 3 0 536 0 0 0.0
952 3 0 536 0 0 0.0
953 3 0 536 0 0 0.0
953 2 3 536 3 3 0.3
954 3 0 536 0 0 0.0
955 3 0 536 0 0 0.0
956 3 0 536 0 0 0.0
956 2 3 536 3 3 0.3
957 3 0 536 0 0 0.0
957 2 3 536 3 3 0.3
958 3 0 536 0 0 0.0
958 2 3 536 3 3 0.3
959 3 0 536 0 0 0.0
960 3 0 536 0 0 0.0
961 3 0 536 0 0 0.0
961 2 1 536 1 1 0.1
962 3 0 536 0 0 0.0
962 2 3 536 3 3 0.3
963 3 0 536 0 0 0.0
963 2 3 536 3 3 0.3
964 3 0 536 0 0 0.0
964 2 9 536 9 9 0.9
965 3 0 536 0 0 0.0
965 2 3 536 3 3 0.3
966 3 0 536 0 0 0.0
966 2 3 536 3 3 0.3
967 3 0 536 0 0 0.0
967 2 1 536 1 1 0.1
968 3 0 536 0 0 0.0
969 3 0 536 0 0 0.0
970 3 0 536 0 0 0.0
970 2 3 536 3 3 0.3
971 3 0 536 0 0 0.0
972 3 0 536 0 0 0.0
972 2 1 536 1 1 0.1
973 3 0 536 0 0 0.0
974 3 0 536 0 0 0.0
974 2 3 536 3 3 0.3
975 3 0 536 0 0 0.0
976 3 0 536 0 0 0.0
977 3 0 536 0 0 0.0
977 2 3 536 3 3 0.3
978 3 0 536 0 0 0.0
979 3 0 536 0 0 0.0
980 3 0 536 0 0 0.0
981 3 0 536 0 0 0.0
982 3 0 536 0 0 0.0
983 2 3 536 3 3 0.3
983 3 0 536 0 0 0.0
984 3 0 536 0 0 0.0
985 3 0 537 0 0 0.0
985 2 3 537 3 3 0.3
986 3 0 537 0 0 0.0
986 2 3 537 3 3 0.3
987 3 0 537 0 0 0.0
987 2 4 538 4 4 0.4
988 3 0 538 0 0 0.0
989 3 0 538 0 0 0.0
990 3 0 538 0 0 0.0
991 3 0 538 0 0 0.0
991 2 1 538 1 1 0.1
992 3 0 539 0 0 0.0
993 3 0 539 0 0 0.0
994 3 0 539 0 0 0.0
995 3 0 539 0 0 0.0
996 3 0 539 0 0 0.0
997 3 0 540 0 0 0.0
997 2 3 540 3 3 0.3
998 3 0 540 0 0 0.0
998 2 1 540 1 1 0.1
999 3 0 540 0 0 0.0
999 2 3 540 3 3 0.3
1000 3 0 540 0 0 0.0
