gen testSuiteSize notKilledMutants number_of_tests no_discount_objective no_equiv_mut_not_killed no_equiv_mut_not_killed_perc
1 5 3.92578125 19 4 3 0.3333333333333333
1 3 9.89453125 27 10 9 1.0
2 3 8.8447265625 53 9 8 0.8888888888888888
3 5 3.82421875 60 4 3 0.3333333333333333
4 2 8.82421875 60 9 8 0.8888888888888888
4 3 8.8154296875 63 9 8 0.8888888888888888
5 5 3.8095703125 65 4 3 0.3333333333333333
6 2 8.7919921875 71 9 8 0.8888888888888888
7 4 6.783203125 74 7 6 0.6666666666666666
7 5 3.783203125 74 4 3 0.3333333333333333
8 2 8.7685546875 79 9 8 0.8888888888888888
9 4 6.7626953125 81 7 6 0.6666666666666666
9 5 6.7568359375 83 7 6 0.6666666666666666
10 5 3.748046875 86 4 3 0.3333333333333333
11 2 8.7451171875 87 9 8 0.8888888888888888
12 5 3.7275390625 93 4 3 0.3333333333333333
13 2 8.71875 96 9 8 0.8888888888888888
14 4 6.70703125 100 7 6 0.6666666666666666
15 5 3.701171875 102 4 3 0.3333333333333333
16 2 8.79296875 106 9 8 0.8888888888888888
17 2 8.791015625 107 9 8 0.8888888888888888
17 3 8.7890625 108 9 8 0.8888888888888888
18 2 8.787109375 109 9 8 0.8888888888888888
19 3 7.77734375 114 8 7 0.7777777777777778
19 2 8.77734375 114 9 8 0.8888888888888888
20 2 8.767578125 119 9 8 0.8888888888888888
21 2 8.763671875 121 9 8 0.8888888888888888
22 2 8.763671875 121 9 8 0.8888888888888888
22 3 5.8798828125 123 6 5 0.5555555555555556
23 2 8.875 128 9 8 0.8888888888888888
24 2 8.8740234375 129 9 8 0.8888888888888888
25 2 8.873046875 130 9 8 0.8888888888888888
26 2 8.8720703125 131 9 8 0.8888888888888888
27 2 8.8671875 136 9 8 0.8888888888888888
28 2 8.8642578125 139 9 8 0.8888888888888888
29 2 8.8603515625 143 9 8 0.8888888888888888
30 2 8.8544921875 149 9 8 0.8888888888888888
31 2 8.8486328125 155 9 8 0.8888888888888888
32 2 7.8466796875 157 8 7 0.7777777777777778
33 5 3.8427734375 161 4 3 0.3333333333333333
34 5 3.837890625 166 4 3 0.3333333333333333
35 5 3.83203125 172 4 3 0.3333333333333333
36 5 3.828125 176 4 3 0.3333333333333333
37 5 3.826171875 178 4 3 0.3333333333333333
38 5 3.8251953125 179 4 3 0.3333333333333333
39 5 3.8232421875 181 4 3 0.3333333333333333
39 4 6.8232421875 181 7 6 0.6666666666666666
40 4 6.8193359375 185 7 6 0.6666666666666666
40 5 3.818359375 186 4 3 0.3333333333333333
41 5 3.81640625 188 4 3 0.3333333333333333
42 5 3.8134765625 191 4 3 0.3333333333333333
43 5 3.8125 192 4 3 0.3333333333333333
44 4 6.8076171875 197 7 6 0.6666666666666666
44 5 3.8076171875 197 4 3 0.3333333333333333
45 5 3.802734375 202 4 3 0.3333333333333333
46 5 3.7958984375 209 4 3 0.3333333333333333
47 5 3.79296875 212 4 3 0.3333333333333333
48 5 3.7900390625 215 4 3 0.3333333333333333
49 5 3.7890625 216 4 3 0.3333333333333333
50 4 6.7890625 216 7 6 0.6666666666666666
50 5 3.7890625 216 4 3 0.3333333333333333
51 5 3.787109375 218 4 3 0.3333333333333333
52 5 3.7861328125 219 4 3 0.3333333333333333
53 5 3.7822265625 223 4 3 0.3333333333333333
54 5 3.77734375 228 4 3 0.3333333333333333
55 5 3.7763671875 229 4 3 0.3333333333333333
56 5 3.7734375 232 4 3 0.3333333333333333
57 5 3.76953125 236 4 3 0.3333333333333333
58 5 3.7666015625 239 4 3 0.3333333333333333
59 5 3.7626953125 243 4 3 0.3333333333333333
60 5 3.7568359375 249 4 3 0.3333333333333333
61 5 3.751953125 254 4 3 0.3333333333333333
62 5 3.75 256 4 3 0.3333333333333333
63 5 3.74609375 260 4 3 0.3333333333333333
64 5 3.7421875 264 4 3 0.3333333333333333
65 5 3.73828125 268 4 3 0.3333333333333333
65 4 6.73828125 268 7 6 0.6666666666666666
66 4 6.736328125 270 7 6 0.6666666666666666
66 5 3.734375 272 4 3 0.3333333333333333
67 5 3.732421875 274 4 3 0.3333333333333333
68 5 3.73046875 276 4 3 0.3333333333333333
69 4 6.7294921875 277 7 6 0.6666666666666666
69 5 3.7265625 280 4 3 0.3333333333333333
70 5 3.7197265625 287 4 3 0.3333333333333333
71 5 3.71484375 292 4 3 0.3333333333333333
72 5 3.7119140625 295 4 3 0.3333333333333333
72 4 9.7119140625 295 10 9 1.0
73 5 3.7080078125 299 4 3 0.3333333333333333
74 5 3.703125 304 4 3 0.3333333333333333
75 5 3.701171875 306 4 3 0.3333333333333333
76 5 3.6982421875 309 4 3 0.3333333333333333
77 3 5.6953125 312 6 5 0.5555555555555556
78 2 7.6943359375 313 8 7 0.7777777777777778
79 5 3.6923828125 315 4 3 0.3333333333333333
80 4 3.689453125 318 4 3 0.3333333333333333
80 3 5.6884765625 319 6 5 0.5555555555555556
81 2 7.6875 320 8 7 0.7777777777777778
82 4 3.685546875 322 4 3 0.3333333333333333
82 3 5.685546875 322 6 5 0.5555555555555556
83 3 0.681640625 326 1 0 0.0
83 2 7.681640625 326 8 7 0.7777777777777778
84 3 0.6796875 328 1 0 0.0
85 2 7.677734375 330 8 7 0.7777777777777778
86 3 0.6748046875 333 1 0 0.0
86 2 9.6748046875 333 10 9 1.0
87 2 7.673828125 334 8 7 0.7777777777777778
88 3 0.6728515625 335 1 0 0.0
89 2 7.671875 336 8 7 0.7777777777777778
89 3 0.671875 336 1 0 0.0
90 2 7.6708984375 337 8 7 0.7777777777777778
90 3 7.669921875 338 8 7 0.7777777777777778
91 3 0.6640625 344 1 0 0.0
92 2 7.662109375 346 8 7 0.7777777777777778
93 3 0.6611328125 347 1 0 0.0
94 2 7.66015625 348 8 7 0.7777777777777778
95 3 0.6591796875 349 1 0 0.0
95 2 9.6591796875 349 10 9 1.0
96 2 7.6591796875 349 8 7 0.7777777777777778
97 3 0.658203125 350 1 0 0.0
98 2 7.658203125 350 8 7 0.7777777777777778
99 3 0.65625 352 1 0 0.0
100 2 7.6552734375 353 8 7 0.7777777777777778
101 2 9.6533203125 355 10 9 1.0
101 3 0.6533203125 355 1 0 0.0
102 2 7.6513671875 357 8 7 0.7777777777777778
103 3 0.650390625 358 1 0 0.0
103 2 9.650390625 358 10 9 1.0
104 3 6.650390625 358 7 6 0.6666666666666666
104 2 7.6474609375 361 8 7 0.7777777777777778
105 3 0.6455078125 363 1 0 0.0
105 2 9.6455078125 363 10 9 1.0
106 2 7.64453125 364 8 7 0.7777777777777778
106 1 8.64453125 364 9 8 0.8888888888888888
107 2 9.64453125 364 10 9 1.0
107 3 0.6435546875 365 1 0 0.0
108 1 8.6435546875 365 9 8 0.8888888888888888
109 3 0.6416015625 367 1 0 0.0
110 1 8.6416015625 367 9 8 0.8888888888888888
111 3 0.6376953125 371 1 0 0.0
112 1 8.6357421875 373 9 8 0.8888888888888888
113 2 7.634765625 374 8 7 0.7777777777777778
114 3 0.634765625 374 1 0 0.0
114 2 9.634765625 374 10 9 1.0
115 1 8.634765625 374 9 8 0.8888888888888888
116 2 9.6337890625 375 10 9 1.0
116 3 0.6337890625 375 1 0 0.0
117 1 8.6318359375 377 9 8 0.8888888888888888
117 2 0.6318359375 377 1 0 0.0
118 1 8.6298828125 379 9 8 0.8888888888888888
119 2 0.6279296875 381 1 0 0.0
120 1 8.626953125 382 9 8 0.8888888888888888
121 2 0.6240234375 385 1 0 0.0
122 1 8.62109375 388 9 8 0.8888888888888888
123 2 0.619140625 390 1 0 0.0
124 1 8.619140625 390 9 8 0.8888888888888888
125 2 0.6142578125 395 1 0 0.0
126 1 8.61328125 396 9 8 0.8888888888888888
127 2 0.6123046875 397 1 0 0.0
127 1 8.6123046875 397 9 8 0.8888888888888888
127 3 0.611328125 398 1 0 0.0
128 2 0.6103515625 399 1 0 0.0
129 1 8.6103515625 399 9 8 0.8888888888888888
130 1 8.6103515625 399 9 8 0.8888888888888888
130 2 0.609375 400 1 0 0.0
131 1 8.6083984375 401 9 8 0.8888888888888888
132 1 8.60546875 404 9 8 0.8888888888888888
132 2 0.60546875 404 1 0 0.0
133 1 8.60546875 404 9 8 0.8888888888888888
134 1 8.6044921875 405 9 8 0.8888888888888888
135 2 0.6044921875 405 1 0 0.0
136 1 8.6015625 408 9 8 0.8888888888888888
137 1 8.6015625 408 9 8 0.8888888888888888
137 2 0.599609375 410 1 0 0.0
138 1 8.595703125 414 9 8 0.8888888888888888
139 2 0.591796875 418 1 0 0.0
140 1 8.591796875 418 9 8 0.8888888888888888
140 2 6.591796875 418 7 6 0.6666666666666666
141 2 0.5859375 424 1 0 0.0
142 1 8.5849609375 425 9 8 0.8888888888888888
143 2 0.5830078125 427 1 0 0.0
144 1 8.5830078125 427 9 8 0.8888888888888888
145 2 0.58203125 428 1 0 0.0
146 1 8.580078125 430 9 8 0.8888888888888888
147 2 0.578125 432 1 0 0.0
148 1 8.576171875 434 9 8 0.8888888888888888
149 2 0.5751953125 435 1 0 0.0
150 1 8.57421875 436 9 8 0.8888888888888888
151 2 0.5732421875 437 1 0 0.0
151 1 9.5732421875 437 10 9 1.0
152 1 8.5712890625 439 9 8 0.8888888888888888
153 2 0.5703125 440 1 0 0.0
154 1 8.5703125 440 9 8 0.8888888888888888
155 2 0.568359375 442 1 0 0.0
156 1 8.5673828125 443 9 8 0.8888888888888888
157 2 0.564453125 446 1 0 0.0
158 1 8.5634765625 447 9 8 0.8888888888888888
159 2 0.5615234375 449 1 0 0.0
160 1 8.5615234375 449 9 8 0.8888888888888888
160 2 8.560546875 450 9 8 0.8888888888888888
161 2 0.5595703125 451 1 0 0.0
162 1 8.55859375 452 9 8 0.8888888888888888
163 2 0.55859375 452 1 0 0.0
164 1 8.55859375 452 9 8 0.8888888888888888
165 1 8.5576171875 453 9 8 0.8888888888888888
166 2 0.556640625 454 1 0 0.0
166 1 9.556640625 454 10 9 1.0
167 2 6.5556640625 455 7 6 0.6666666666666666
167 1 8.5556640625 455 9 8 0.8888888888888888
168 2 0.5546875 456 1 0 0.0
169 1 8.5537109375 457 9 8 0.8888888888888888
170 2 0.5517578125 459 1 0 0.0
171 1 8.548828125 462 9 8 0.8888888888888888
172 2 0.548828125 462 1 0 0.0
173 1 8.548828125 462 9 8 0.8888888888888888
174 1 8.5478515625 463 9 8 0.8888888888888888
175 2 0.5478515625 463 1 0 0.0
176 1 8.546875 464 9 8 0.8888888888888888
177 2 0.5458984375 465 1 0 0.0
178 1 8.5458984375 465 9 8 0.8888888888888888
179 2 0.5458984375 465 1 0 0.0
180 1 9.5458984375 465 10 9 1.0
180 2 0.5439453125 467 1 0 0.0
181 1 8.5439453125 467 9 8 0.8888888888888888
182 2 0.541015625 470 1 0 0.0
183 1 8.5400390625 471 9 8 0.8888888888888888
184 2 0.5400390625 471 1 0 0.0
184 1 9.5400390625 471 10 9 1.0
185 2 5.5400390625 471 6 5 0.5555555555555556
185 1 8.5390625 472 9 8 0.8888888888888888
186 2 0.5390625 472 1 0 0.0
187 2 7.5380859375 473 8 7 0.7777777777777778
187 1 8.5380859375 473 9 8 0.8888888888888888
188 1 9.5380859375 473 10 9 1.0
188 2 0.537109375 474 1 0 0.0
189 1 8.533203125 478 9 8 0.8888888888888888
190 2 0.53125 480 1 0 0.0
191 1 8.5302734375 481 9 8 0.8888888888888888
192 2 0.5302734375 481 1 0 0.0
193 1 8.5302734375 481 9 8 0.8888888888888888
194 1 8.5302734375 481 9 8 0.8888888888888888
195 1 8.5302734375 481 9 8 0.8888888888888888
196 1 8.5302734375 481 9 8 0.8888888888888888
197 1 8.5302734375 481 9 8 0.8888888888888888
198 1 8.5283203125 483 9 8 0.8888888888888888
199 1 9.5283203125 483 10 9 1.0
199 2 0.52734375 484 1 0 0.0
200 1 8.5263671875 485 9 8 0.8888888888888888
201 2 0.5263671875 485 1 0 0.0
202 1 8.525390625 486 9 8 0.8888888888888888
203 2 0.525390625 486 1 0 0.0
203 1 9.525390625 486 10 9 1.0
204 1 8.525390625 486 9 8 0.8888888888888888
205 1 8.525390625 486 9 8 0.8888888888888888
206 1 8.525390625 486 9 8 0.8888888888888888
207 1 8.525390625 486 9 8 0.8888888888888888
207 3 0.525390625 486 1 0 0.0
208 1 8.5234375 488 9 8 0.8888888888888888
209 2 0.5224609375 489 1 0 0.0
209 1 9.5224609375 489 10 9 1.0
210 1 8.5224609375 489 9 8 0.8888888888888888
211 2 0.5224609375 489 1 0 0.0
212 2 0.5224609375 489 1 0 0.0
212 1 9.5224609375 489 10 9 1.0
213 2 0.5224609375 489 1 0 0.0
214 1 9.5224609375 489 10 9 1.0
214 2 0.521484375 490 1 0 0.0
215 1 8.5205078125 491 9 8 0.8888888888888888
216 2 0.51953125 492 1 0 0.0
217 1 8.5185546875 493 9 8 0.8888888888888888
218 2 0.515625 496 1 0 0.0
219 1 8.515625 496 9 8 0.8888888888888888
220 2 0.515625 496 1 0 0.0
220 1 9.515625 496 10 9 1.0
221 2 0.515625 496 1 0 0.0
221 1 9.515625 496 10 9 1.0
222 2 0.5146484375 497 1 0 0.0
223 1 8.51171875 500 9 8 0.8888888888888888
224 1 9.51171875 500 10 9 1.0
224 2 0.5107421875 501 1 0 0.0
225 1 8.5107421875 501 9 8 0.8888888888888888
226 2 0.509765625 502 1 0 0.0
227 1 8.509765625 502 9 8 0.8888888888888888
228 2 0.5078125 504 1 0 0.0
229 1 8.5068359375 505 9 8 0.8888888888888888
230 2 0.505859375 506 1 0 0.0
231 1 8.50390625 508 9 8 0.8888888888888888
232 2 0.501953125 510 1 0 0.0
232 1 9.501953125 510 10 9 1.0
233 1 8.501953125 510 9 8 0.8888888888888888
234 2 0.5 512 1 0 0.0
235 3 7.4990234375 513 8 7 0.7777777777777778
235 1 8.4990234375 513 9 8 0.8888888888888888
236 2 0.4990234375 513 1 0 0.0
237 1 8.4990234375 513 9 8 0.8888888888888888
238 1 8.498046875 514 9 8 0.8888888888888888
239 2 0.498046875 514 1 0 0.0
240 1 8.4970703125 515 9 8 0.8888888888888888
241 2 0.49609375 516 1 0 0.0
241 1 9.49609375 516 10 9 1.0
242 1 8.494140625 518 9 8 0.8888888888888888
243 2 0.4921875 520 1 0 0.0
244 1 8.4912109375 521 9 8 0.8888888888888888
245 2 0.4912109375 521 1 0 0.0
246 1 8.4912109375 521 9 8 0.8888888888888888
247 1 8.490234375 522 9 8 0.8888888888888888
247 2 7.490234375 522 8 7 0.7777777777777778
248 2 0.490234375 522 1 0 0.0
249 1 8.490234375 522 9 8 0.8888888888888888
250 1 8.48828125 524 9 8 0.8888888888888888
251 2 0.486328125 526 1 0 0.0
252 1 8.486328125 526 9 8 0.8888888888888888
253 1 9.486328125 526 10 9 1.0
253 2 0.4853515625 527 1 0 0.0
254 1 8.4833984375 529 9 8 0.8888888888888888
255 2 0.482421875 530 1 0 0.0
255 1 9.482421875 530 10 9 1.0
256 1 8.482421875 530 9 8 0.8888888888888888
257 2 0.4814453125 531 1 0 0.0
258 1 8.4794921875 533 9 8 0.8888888888888888
259 2 0.4794921875 533 1 0 0.0
259 1 9.4794921875 533 10 9 1.0
260 1 8.478515625 534 9 8 0.8888888888888888
261 2 0.478515625 534 1 0 0.0
261 1 9.4775390625 535 10 9 1.0
262 1 8.4775390625 535 9 8 0.8888888888888888
263 2 0.4765625 536 1 0 0.0
264 1 8.4765625 536 9 8 0.8888888888888888
265 2 0.4765625 536 1 0 0.0
266 2 0.4755859375 537 1 0 0.0
267 1 8.474609375 538 9 8 0.8888888888888888
268 1 9.4736328125 539 10 9 1.0
268 2 0.47265625 540 1 0 0.0
269 1 8.47265625 540 9 8 0.8888888888888888
270 2 0.4716796875 541 1 0 0.0
270 1 9.4716796875 541 10 9 1.0
271 1 8.4716796875 541 9 8 0.8888888888888888
272 2 0.4697265625 543 1 0 0.0
273 1 8.4697265625 543 9 8 0.8888888888888888
274 1 9.46875 544 10 9 1.0
274 2 0.4677734375 545 1 0 0.0
275 1 8.4677734375 545 9 8 0.8888888888888888
276 1 9.4677734375 545 10 9 1.0
276 2 0.4658203125 547 1 0 0.0
277 1 8.46484375 548 9 8 0.8888888888888888
278 2 0.46484375 548 1 0 0.0
278 1 9.46484375 548 10 9 1.0
279 1 8.46484375 548 9 8 0.8888888888888888
280 1 8.4638671875 549 9 8 0.8888888888888888
281 2 0.4619140625 551 1 0 0.0
282 1 8.4619140625 551 9 8 0.8888888888888888
283 2 0.4619140625 551 1 0 0.0
284 1 9.4609375 552 10 9 1.0
284 2 0.4599609375 553 1 0 0.0
285 1 8.4599609375 553 9 8 0.8888888888888888
286 2 0.4599609375 553 1 0 0.0
286 1 9.4599609375 553 10 9 1.0
287 2 0.4599609375 553 1 0 0.0
287 1 9.4599609375 553 10 9 1.0
288 2 0.4599609375 553 1 0 0.0
288 1 9.4599609375 553 10 9 1.0
289 2 0.4599609375 553 1 0 0.0
290 2 0.458984375 554 1 0 0.0
291 1 8.4580078125 555 9 8 0.8888888888888888
292 2 0.4580078125 555 1 0 0.0
292 1 9.4580078125 555 10 9 1.0
293 1 8.4580078125 555 9 8 0.8888888888888888
294 1 8.4580078125 555 9 8 0.8888888888888888
295 1 8.4580078125 555 9 8 0.8888888888888888
296 1 8.4580078125 555 9 8 0.8888888888888888
297 1 8.4580078125 555 9 8 0.8888888888888888
298 1 8.45703125 556 9 8 0.8888888888888888
299 2 0.45703125 556 1 0 0.0
300 1 8.45703125 556 9 8 0.8888888888888888
301 1 8.45703125 556 9 8 0.8888888888888888
302 1 8.4560546875 557 9 8 0.8888888888888888
303 2 0.4541015625 559 1 0 0.0
303 1 9.4541015625 559 10 9 1.0
304 1 8.451171875 562 9 8 0.8888888888888888
305 2 0.4501953125 563 1 0 0.0
306 1 8.4501953125 563 9 8 0.8888888888888888
307 2 0.44921875 564 1 0 0.0
308 1 8.44921875 564 9 8 0.8888888888888888
309 1 9.44921875 564 10 9 1.0
309 2 0.4482421875 565 1 0 0.0
310 1 8.4482421875 565 9 8 0.8888888888888888
311 2 0.4482421875 565 1 0 0.0
312 2 0.4482421875 565 1 0 0.0
312 1 9.4482421875 565 10 9 1.0
313 2 0.4482421875 565 1 0 0.0
314 2 0.4462890625 567 1 0 0.0
315 1 8.4462890625 567 9 8 0.8888888888888888
316 2 0.4453125 568 1 0 0.0
316 1 9.4453125 568 10 9 1.0
317 1 8.4443359375 569 9 8 0.8888888888888888
318 2 0.4443359375 569 1 0 0.0
319 1 8.4443359375 569 9 8 0.8888888888888888
320 1 8.443359375 570 9 8 0.8888888888888888
321 2 0.443359375 570 1 0 0.0
321 1 9.443359375 570 10 9 1.0
322 1 8.443359375 570 9 8 0.8888888888888888
323 1 8.443359375 570 9 8 0.8888888888888888
324 1 8.443359375 570 9 8 0.8888888888888888
325 1 8.4423828125 571 9 8 0.8888888888888888
326 2 0.4423828125 571 1 0 0.0
327 1 8.4423828125 571 9 8 0.8888888888888888
328 1 8.4423828125 571 9 8 0.8888888888888888
329 1 8.4423828125 571 9 8 0.8888888888888888
330 1 8.4423828125 571 9 8 0.8888888888888888
331 1 8.4423828125 571 9 8 0.8888888888888888
331 2 6.4423828125 571 7 6 0.6666666666666666
332 1 8.439453125 574 9 8 0.8888888888888888
333 2 0.439453125 574 1 0 0.0
334 1 8.439453125 574 9 8 0.8888888888888888
334 2 6.439453125 574 7 6 0.6666666666666666
335 1 8.4375 576 9 8 0.8888888888888888
336 2 0.4375 576 1 0 0.0
337 1 8.435546875 578 9 8 0.8888888888888888
338 2 0.4345703125 579 1 0 0.0
338 1 9.4345703125 579 10 9 1.0
339 1 8.4345703125 579 9 8 0.8888888888888888
339 2 6.4345703125 579 7 6 0.6666666666666666
340 2 0.43359375 580 1 0 0.0
341 1 8.431640625 582 9 8 0.8888888888888888
342 2 0.431640625 582 1 0 0.0
343 1 8.431640625 582 9 8 0.8888888888888888
344 1 8.4306640625 583 9 8 0.8888888888888888
345 2 0.4306640625 583 1 0 0.0
346 1 8.4296875 584 9 8 0.8888888888888888
347 2 0.4296875 584 1 0 0.0
348 1 8.4296875 584 9 8 0.8888888888888888
349 1 8.4296875 584 9 8 0.8888888888888888
349 2 4.4296875 584 5 4 0.4444444444444444
350 1 8.4296875 584 9 8 0.8888888888888888
351 1 8.4287109375 585 9 8 0.8888888888888888
352 1 9.4287109375 585 10 9 1.0
352 2 0.427734375 586 1 0 0.0
353 1 8.42578125 588 9 8 0.8888888888888888
354 2 0.4248046875 589 1 0 0.0
355 1 8.4248046875 589 9 8 0.8888888888888888
356 2 0.4248046875 589 1 0 0.0
356 1 9.4248046875 589 10 9 1.0
357 2 0.4248046875 589 1 0 0.0
357 1 9.4248046875 589 10 9 1.0
358 2 0.4248046875 589 1 0 0.0
359 2 0.423828125 590 1 0 0.0
360 1 8.4228515625 591 9 8 0.8888888888888888
361 2 0.421875 592 1 0 0.0
362 1 8.421875 592 9 8 0.8888888888888888
363 2 0.421875 592 1 0 0.0
364 1 9.419921875 594 10 9 1.0
364 2 0.419921875 594 1 0 0.0
365 1 8.419921875 594 9 8 0.8888888888888888
365 3 7.419921875 594 8 7 0.7777777777777778
366 2 0.419921875 594 1 0 0.0
366 1 9.419921875 594 10 9 1.0
367 1 9.419921875 594 10 9 1.0
367 2 0.41796875 596 1 0 0.0
368 1 8.41796875 596 9 8 0.8888888888888888
368 2 6.41796875 596 7 6 0.6666666666666666
369 2 0.4169921875 597 1 0 0.0
369 1 9.4169921875 597 10 9 1.0
370 1 8.4169921875 597 9 8 0.8888888888888888
371 2 0.4169921875 597 1 0 0.0
371 1 9.4169921875 597 10 9 1.0
372 2 0.416015625 598 1 0 0.0
373 1 8.416015625 598 9 8 0.8888888888888888
374 2 0.416015625 598 1 0 0.0
375 1 9.416015625 598 10 9 1.0
375 2 0.4150390625 599 1 0 0.0
376 1 8.4150390625 599 9 8 0.8888888888888888
377 2 0.4140625 600 1 0 0.0
378 1 8.4140625 600 9 8 0.8888888888888888
379 2 0.4140625 600 1 0 0.0
380 2 0.4130859375 601 1 0 0.0
380 1 9.4130859375 601 10 9 1.0
381 1 8.4130859375 601 9 8 0.8888888888888888
382 2 0.4130859375 601 1 0 0.0
383 2 0.4130859375 601 1 0 0.0
384 1 0.4130859375 601 1 0 0.0
385 1 0.4130859375 601 1 0 0.0
385 0 9.4130859375 601 10 9 1.0
386 1 0.412109375 602 1 0 0.0
386 0 9.412109375 602 10 9 1.0
387 1 0.412109375 602 1 0 0.0
388 1 0.412109375 602 1 0 0.0
389 1 0.412109375 602 1 0 0.0
390 1 0.412109375 602 1 0 0.0
391 1 0.412109375 602 1 0 0.0
391 0 9.412109375 602 10 9 1.0
392 1 0.412109375 602 1 0 0.0
393 1 0.412109375 602 1 0 0.0
394 1 0.412109375 602 1 0 0.0
395 0 9.412109375 602 10 9 1.0
395 1 0.4111328125 603 1 0 0.0
396 0 9.41015625 604 10 9 1.0
397 1 0.4091796875 605 1 0 0.0
398 0 9.4091796875 605 10 9 1.0
399 1 0.4091796875 605 1 0 0.0
399 0 9.4091796875 605 10 9 1.0
400 0 9.4091796875 605 10 9 1.0
400 1 0.4091796875 605 1 0 0.0
401 1 0.4091796875 605 1 0 0.0
402 1 0.4091796875 605 1 0 0.0
403 1 0.4091796875 605 1 0 0.0
403 0 9.4091796875 605 10 9 1.0
404 1 0.4091796875 605 1 0 0.0
405 1 0.4091796875 605 1 0 0.0
406 1 0.4091796875 605 1 0 0.0
407 0 9.4091796875 605 10 9 1.0
407 1 0.4091796875 605 1 0 0.0
408 1 0.4091796875 605 1 0 0.0
409 1 0.4091796875 605 1 0 0.0
410 1 0.4091796875 605 1 0 0.0
411 1 0.4091796875 605 1 0 0.0
412 1 0.4091796875 605 1 0 0.0
413 1 0.4091796875 605 1 0 0.0
414 1 0.4091796875 605 1 0 0.0
415 1 0.4091796875 605 1 0 0.0
415 0 9.4091796875 605 10 9 1.0
416 1 0.4091796875 605 1 0 0.0
417 1 0.4091796875 605 1 0 0.0
417 0 9.4091796875 605 10 9 1.0
418 1 0.4091796875 605 1 0 0.0
418 0 9.4091796875 605 10 9 1.0
419 1 0.4091796875 605 1 0 0.0
420 1 0.4091796875 605 1 0 0.0
421 1 0.4091796875 605 1 0 0.0
421 0 9.4091796875 605 10 9 1.0
422 1 0.4091796875 605 1 0 0.0
422 0 9.4091796875 605 10 9 1.0
423 1 0.4091796875 605 1 0 0.0
424 1 0.4091796875 605 1 0 0.0
425 1 0.4091796875 605 1 0 0.0
426 1 0.4091796875 605 1 0 0.0
427 1 0.4091796875 605 1 0 0.0
427 0 9.4091796875 605 10 9 1.0
428 1 0.4091796875 605 1 0 0.0
428 0 9.4091796875 605 10 9 1.0
429 1 0.408203125 606 1 0 0.0
429 0 9.408203125 606 10 9 1.0
430 1 0.408203125 606 1 0 0.0
431 1 0.4072265625 607 1 0 0.0
432 0 9.4072265625 607 10 9 1.0
433 1 0.4072265625 607 1 0 0.0
434 1 0.4072265625 607 1 0 0.0
434 0 9.4072265625 607 10 9 1.0
435 1 0.4072265625 607 1 0 0.0
436 1 0.40625 608 1 0 0.0
437 0 9.4052734375 609 10 9 1.0
438 1 0.4052734375 609 1 0 0.0
439 0 9.4052734375 609 10 9 1.0
440 0 9.4052734375 609 10 9 1.0
441 0 9.4052734375 609 10 9 1.0
442 0 9.4052734375 609 10 9 1.0
442 1 7.4052734375 609 8 7 0.7777777777777778
443 0 9.4052734375 609 10 9 1.0
444 1 7.4052734375 609 8 7 0.7777777777777778
444 0 9.4052734375 609 10 9 1.0
445 0 9.4052734375 609 10 9 1.0
446 0 9.4052734375 609 10 9 1.0
447 0 9.404296875 610 10 9 1.0
448 1 0.404296875 610 1 0 0.0
449 0 9.404296875 610 10 9 1.0
450 0 9.404296875 610 10 9 1.0
451 0 9.404296875 610 10 9 1.0
452 0 9.404296875 610 10 9 1.0
453 0 9.404296875 610 10 9 1.0
454 0 9.404296875 610 10 9 1.0
455 0 9.404296875 610 10 9 1.0
456 0 9.404296875 610 10 9 1.0
457 0 9.404296875 610 10 9 1.0
458 0 9.404296875 610 10 9 1.0
459 0 9.404296875 610 10 9 1.0
460 0 9.404296875 610 10 9 1.0
461 0 9.404296875 610 10 9 1.0
462 0 9.404296875 610 10 9 1.0
463 0 9.404296875 610 10 9 1.0
464 0 9.404296875 610 10 9 1.0
465 0 9.404296875 610 10 9 1.0
466 0 9.404296875 610 10 9 1.0
467 0 9.404296875 610 10 9 1.0
468 0 9.404296875 610 10 9 1.0
469 0 9.404296875 610 10 9 1.0
470 0 9.404296875 610 10 9 1.0
471 0 9.404296875 610 10 9 1.0
472 0 9.404296875 610 10 9 1.0
473 0 9.404296875 610 10 9 1.0
474 0 9.404296875 610 10 9 1.0
474 1 7.404296875 610 8 7 0.7777777777777778
475 0 9.404296875 610 10 9 1.0
476 0 9.404296875 610 10 9 1.0
477 0 9.404296875 610 10 9 1.0
478 0 9.404296875 610 10 9 1.0
479 0 9.404296875 610 10 9 1.0
480 0 9.404296875 610 10 9 1.0
481 0 9.404296875 610 10 9 1.0
482 0 9.404296875 610 10 9 1.0
483 0 9.404296875 610 10 9 1.0
484 0 9.404296875 610 10 9 1.0
485 0 9.404296875 610 10 9 1.0
486 0 9.404296875 610 10 9 1.0
487 0 9.404296875 610 10 9 1.0
488 0 9.404296875 610 10 9 1.0
489 0 9.404296875 610 10 9 1.0
490 0 9.404296875 610 10 9 1.0
491 0 9.404296875 610 10 9 1.0
492 0 9.404296875 610 10 9 1.0
493 0 9.404296875 610 10 9 1.0
493 1 8.404296875 610 9 8 0.8888888888888888
494 0 9.404296875 610 10 9 1.0
495 0 9.404296875 610 10 9 1.0
496 0 9.404296875 610 10 9 1.0
497 0 9.404296875 610 10 9 1.0
498 0 9.404296875 610 10 9 1.0
499 0 9.404296875 610 10 9 1.0
500 0 9.404296875 610 10 9 1.0
501 0 9.404296875 610 10 9 1.0
502 0 9.404296875 610 10 9 1.0
503 0 9.404296875 610 10 9 1.0
504 0 9.404296875 610 10 9 1.0
505 0 9.404296875 610 10 9 1.0
506 0 9.404296875 610 10 9 1.0
507 0 9.404296875 610 10 9 1.0
508 0 9.404296875 610 10 9 1.0
509 0 9.404296875 610 10 9 1.0
510 0 9.404296875 610 10 9 1.0
511 0 9.404296875 610 10 9 1.0
512 0 9.404296875 610 10 9 1.0
513 0 9.4033203125 611 10 9 1.0
514 1 0.40234375 612 1 0 0.0
515 0 9.40234375 612 10 9 1.0
516 1 0.40234375 612 1 0 0.0
516 0 9.40234375 612 10 9 1.0
517 1 0.40234375 612 1 0 0.0
518 1 0.40234375 612 1 0 0.0
519 1 0.40234375 612 1 0 0.0
520 1 0.40234375 612 1 0 0.0
520 0 9.40234375 612 10 9 1.0
521 1 0.40234375 612 1 0 0.0
522 1 0.40234375 612 1 0 0.0
522 0 9.40234375 612 10 9 1.0
523 1 0.40234375 612 1 0 0.0
523 0 9.40234375 612 10 9 1.0
524 1 0.40234375 612 1 0 0.0
525 1 0.40234375 612 1 0 0.0
525 0 9.40234375 612 10 9 1.0
526 1 0.40234375 612 1 0 0.0
527 0 9.40234375 612 10 9 1.0
527 1 0.40234375 612 1 0 0.0
528 1 0.40234375 612 1 0 0.0
528 0 9.40234375 612 10 9 1.0
529 1 0.40234375 612 1 0 0.0
530 1 0.40234375 612 1 0 0.0
531 1 0.4013671875 613 1 0 0.0
532 0 9.4013671875 613 10 9 1.0
533 1 0.4013671875 613 1 0 0.0
534 1 0.4013671875 613 1 0 0.0
535 1 0.4013671875 613 1 0 0.0
536 0 9.4013671875 613 10 9 1.0
536 1 0.4013671875 613 1 0 0.0
537 1 0.4013671875 613 1 0 0.0
537 0 9.4013671875 613 10 9 1.0
538 1 0.4013671875 613 1 0 0.0
539 1 0.4013671875 613 1 0 0.0
539 0 9.4013671875 613 10 9 1.0
540 1 0.400390625 614 1 0 0.0
541 0 9.3994140625 615 10 9 1.0
542 1 0.3994140625 615 1 0 0.0
542 0 9.3994140625 615 10 9 1.0
543 0 9.3994140625 615 10 9 1.0
544 0 9.3994140625 615 10 9 1.0
545 0 9.3994140625 615 10 9 1.0
546 0 9.3994140625 615 10 9 1.0
547 0 9.3994140625 615 10 9 1.0
548 0 9.3994140625 615 10 9 1.0
549 0 9.3994140625 615 10 9 1.0
550 0 9.3994140625 615 10 9 1.0
551 0 9.3994140625 615 10 9 1.0
552 0 9.3994140625 615 10 9 1.0
553 0 9.3984375 616 10 9 1.0
554 0 9.3984375 616 10 9 1.0
554 1 0.3984375 616 1 0 0.0
555 0 9.3984375 616 10 9 1.0
556 0 9.3984375 616 10 9 1.0
557 0 9.3984375 616 10 9 1.0
558 0 9.3984375 616 10 9 1.0
559 0 9.3984375 616 10 9 1.0
559 1 8.3984375 616 9 8 0.8888888888888888
560 0 9.3984375 616 10 9 1.0
561 0 9.3974609375 617 10 9 1.0
562 1 0.3974609375 617 1 0 0.0
562 0 9.3974609375 617 10 9 1.0
563 0 9.3974609375 617 10 9 1.0
564 0 9.3974609375 617 10 9 1.0
565 0 9.396484375 618 10 9 1.0
566 1 0.396484375 618 1 0 0.0
567 0 9.396484375 618 10 9 1.0
568 0 9.396484375 618 10 9 1.0
569 0 9.396484375 618 10 9 1.0
570 0 9.396484375 618 10 9 1.0
571 0 9.396484375 618 10 9 1.0
572 0 9.396484375 618 10 9 1.0
573 0 9.396484375 618 10 9 1.0
574 0 9.396484375 618 10 9 1.0
575 0 9.396484375 618 10 9 1.0
576 0 9.396484375 618 10 9 1.0
576 1 8.396484375 618 9 8 0.8888888888888888
577 0 9.396484375 618 10 9 1.0
578 0 9.396484375 618 10 9 1.0
579 0 9.396484375 618 10 9 1.0
580 0 9.396484375 618 10 9 1.0
581 0 9.396484375 618 10 9 1.0
582 0 9.396484375 618 10 9 1.0
583 0 9.396484375 618 10 9 1.0
583 2 4.396484375 618 5 4 0.4444444444444444
584 0 9.396484375 618 10 9 1.0
585 0 9.396484375 618 10 9 1.0
586 0 9.396484375 618 10 9 1.0
587 0 9.396484375 618 10 9 1.0
588 0 9.396484375 618 10 9 1.0
588 1 8.396484375 618 9 8 0.8888888888888888
589 0 9.396484375 618 10 9 1.0
590 0 9.396484375 618 10 9 1.0
591 0 9.396484375 618 10 9 1.0
592 0 9.396484375 618 10 9 1.0
593 0 9.396484375 618 10 9 1.0
594 0 9.396484375 618 10 9 1.0
595 0 9.396484375 618 10 9 1.0
596 0 9.396484375 618 10 9 1.0
597 0 9.396484375 618 10 9 1.0
598 0 9.396484375 618 10 9 1.0
599 0 9.396484375 618 10 9 1.0
600 0 9.396484375 618 10 9 1.0
601 0 9.396484375 618 10 9 1.0
602 0 9.3955078125 619 10 9 1.0
603 1 0.3955078125 619 1 0 0.0
604 0 9.3955078125 619 10 9 1.0
605 0 9.39453125 620 10 9 1.0
606 1 0.39453125 620 1 0 0.0
606 2 0.3935546875 621 1 0 0.0
607 0 9.3935546875 621 10 9 1.0
608 2 0.3935546875 621 1 0 0.0
609 2 0.3916015625 623 1 0 0.0
610 0 9.3916015625 623 10 9 1.0
611 2 0.3916015625 623 1 0 0.0
612 2 0.3916015625 623 1 0 0.0
612 1 9.3916015625 623 10 9 1.0
613 2 0.3916015625 623 1 0 0.0
614 2 0.3916015625 623 1 0 0.0
614 1 9.3916015625 623 10 9 1.0
615 1 9.3916015625 623 10 9 1.0
615 2 0.3916015625 623 1 0 0.0
616 2 0.3916015625 623 1 0 0.0
617 2 0.3916015625 623 1 0 0.0
618 2 0.3916015625 623 1 0 0.0
618 1 9.3916015625 623 10 9 1.0
619 2 0.3916015625 623 1 0 0.0
620 1 9.3916015625 623 10 9 1.0
620 2 0.3896484375 625 1 0 0.0
621 0 9.3896484375 625 10 9 1.0
622 2 0.388671875 626 1 0 0.0
623 0 9.388671875 626 10 9 1.0
624 2 0.388671875 626 1 0 0.0
624 1 9.388671875 626 10 9 1.0
625 2 0.388671875 626 1 0 0.0
625 1 9.388671875 626 10 9 1.0
626 2 0.388671875 626 1 0 0.0
626 1 9.388671875 626 10 9 1.0
627 2 0.388671875 626 1 0 0.0
628 2 0.388671875 626 1 0 0.0
629 2 0.388671875 626 1 0 0.0
630 2 0.388671875 626 1 0 0.0
630 1 9.388671875 626 10 9 1.0
631 2 0.3876953125 627 1 0 0.0
632 0 9.3876953125 627 10 9 1.0
633 2 0.3876953125 627 1 0 0.0
634 2 0.3857421875 629 1 0 0.0
635 0 9.3857421875 629 10 9 1.0
635 1 6.3857421875 629 7 6 0.6666666666666666
636 2 0.3857421875 629 1 0 0.0
636 1 9.3857421875 629 10 9 1.0
637 2 0.3857421875 629 1 0 0.0
638 2 0.3857421875 629 1 0 0.0
638 1 9.3857421875 629 10 9 1.0
639 2 0.3857421875 629 1 0 0.0
640 2 0.3857421875 629 1 0 0.0
641 2 0.3857421875 629 1 0 0.0
642 2 0.3857421875 629 1 0 0.0
643 2 0.3857421875 629 1 0 0.0
643 1 9.3857421875 629 10 9 1.0
644 2 0.3857421875 629 1 0 0.0
644 1 9.3857421875 629 10 9 1.0
645 1 9.3857421875 629 10 9 1.0
645 2 0.3857421875 629 1 0 0.0
646 2 0.3857421875 629 1 0 0.0
647 2 0.3857421875 629 1 0 0.0
648 2 0.3837890625 631 1 0 0.0
649 0 9.3837890625 631 10 9 1.0
650 2 0.3837890625 631 1 0 0.0
650 1 9.3837890625 631 10 9 1.0
651 2 0.3837890625 631 1 0 0.0
652 2 0.3837890625 631 1 0 0.0
652 1 9.3837890625 631 10 9 1.0
653 2 0.3837890625 631 1 0 0.0
654 1 0.3837890625 631 1 0 0.0
655 0 9.3837890625 631 10 9 1.0
656 0 9.3837890625 631 10 9 1.0
657 0 9.3837890625 631 10 9 1.0
658 0 9.3837890625 631 10 9 1.0
659 0 9.3837890625 631 10 9 1.0
660 0 9.3837890625 631 10 9 1.0
661 1 5.3837890625 631 6 5 0.5555555555555556
661 0 9.3837890625 631 10 9 1.0
662 0 9.3837890625 631 10 9 1.0
663 0 9.3837890625 631 10 9 1.0
664 0 9.3837890625 631 10 9 1.0
665 0 9.3837890625 631 10 9 1.0
666 0 9.3837890625 631 10 9 1.0
667 0 9.3837890625 631 10 9 1.0
668 0 9.3837890625 631 10 9 1.0
669 0 9.3828125 632 10 9 1.0
670 1 0.3828125 632 1 0 0.0
671 0 9.3828125 632 10 9 1.0
672 1 8.3818359375 633 9 8 0.8888888888888888
672 0 9.3818359375 633 10 9 1.0
673 1 0.3818359375 633 1 0 0.0
673 0 9.3818359375 633 10 9 1.0
674 0 9.3818359375 633 10 9 1.0
675 0 9.3818359375 633 10 9 1.0
676 0 9.3818359375 633 10 9 1.0
677 0 9.3818359375 633 10 9 1.0
678 0 9.3818359375 633 10 9 1.0
679 0 9.3818359375 633 10 9 1.0
680 0 9.3818359375 633 10 9 1.0
681 0 9.3818359375 633 10 9 1.0
682 0 9.3818359375 633 10 9 1.0
683 0 9.3818359375 633 10 9 1.0
684 0 9.3818359375 633 10 9 1.0
685 0 9.3818359375 633 10 9 1.0
685 1 6.3818359375 633 7 6 0.6666666666666666
686 0 9.3818359375 633 10 9 1.0
687 0 9.3818359375 633 10 9 1.0
688 0 9.3818359375 633 10 9 1.0
689 0 9.3818359375 633 10 9 1.0
690 0 9.3818359375 633 10 9 1.0
691 0 9.3818359375 633 10 9 1.0
692 0 9.3818359375 633 10 9 1.0
693 0 9.3818359375 633 10 9 1.0
694 0 9.3818359375 633 10 9 1.0
695 0 9.3818359375 633 10 9 1.0
696 0 9.3818359375 633 10 9 1.0
697 0 9.3818359375 633 10 9 1.0
698 0 9.3818359375 633 10 9 1.0
699 0 9.3818359375 633 10 9 1.0
700 0 9.3818359375 633 10 9 1.0
701 0 9.3818359375 633 10 9 1.0
702 0 9.3818359375 633 10 9 1.0
703 0 9.3818359375 633 10 9 1.0
704 1 7.380859375 634 8 7 0.7777777777777778
704 0 9.380859375 634 10 9 1.0
705 1 0.380859375 634 1 0 0.0
706 0 9.380859375 634 10 9 1.0
706 1 8.380859375 634 9 8 0.8888888888888888
707 0 9.380859375 634 10 9 1.0
708 0 9.380859375 634 10 9 1.0
709 0 9.380859375 634 10 9 1.0
710 0 9.380859375 634 10 9 1.0
711 0 9.380859375 634 10 9 1.0
712 0 9.3798828125 635 10 9 1.0
713 1 0.3798828125 635 1 0 0.0
713 0 9.3798828125 635 10 9 1.0
714 0 9.3798828125 635 10 9 1.0
715 0 9.3798828125 635 10 9 1.0
716 0 9.3798828125 635 10 9 1.0
717 0 9.37890625 636 10 9 1.0
718 1 0.37890625 636 1 0 0.0
718 0 9.37890625 636 10 9 1.0
719 0 9.37890625 636 10 9 1.0
720 0 9.37890625 636 10 9 1.0
721 0 9.37890625 636 10 9 1.0
722 0 9.37890625 636 10 9 1.0
723 0 9.3779296875 637 10 9 1.0
724 1 0.3779296875 637 1 0 0.0
725 0 9.3779296875 637 10 9 1.0
726 0 9.3779296875 637 10 9 1.0
727 0 9.3779296875 637 10 9 1.0
728 0 9.376953125 638 10 9 1.0
729 1 0.376953125 638 1 0 0.0
729 0 9.376953125 638 10 9 1.0
730 0 9.3759765625 639 10 9 1.0
731 1 0.3759765625 639 1 0 0.0
731 2 0.375 640 1 0 0.0
732 0 9.375 640 10 9 1.0
733 2 0.375 640 1 0 0.0
734 2 0.3740234375 641 1 0 0.0
735 0 9.3740234375 641 10 9 1.0
736 1 0.3740234375 641 1 0 0.0
737 0 9.3740234375 641 10 9 1.0
738 0 9.3740234375 641 10 9 1.0
739 0 9.3740234375 641 10 9 1.0
740 0 9.3740234375 641 10 9 1.0
741 0 9.3740234375 641 10 9 1.0
741 1 7.3740234375 641 8 7 0.7777777777777778
742 0 9.3740234375 641 10 9 1.0
743 0 9.3740234375 641 10 9 1.0
744 0 9.3740234375 641 10 9 1.0
745 0 9.3740234375 641 10 9 1.0
746 0 9.3740234375 641 10 9 1.0
747 0 9.3740234375 641 10 9 1.0
748 0 9.3740234375 641 10 9 1.0
749 0 9.3740234375 641 10 9 1.0
750 0 9.3740234375 641 10 9 1.0
751 0 9.3740234375 641 10 9 1.0
752 0 9.3740234375 641 10 9 1.0
753 0 9.3740234375 641 10 9 1.0
754 0 9.3740234375 641 10 9 1.0
755 0 9.3740234375 641 10 9 1.0
756 0 9.3740234375 641 10 9 1.0
757 0 9.3740234375 641 10 9 1.0
758 0 9.3740234375 641 10 9 1.0
759 0 9.3740234375 641 10 9 1.0
760 0 9.3740234375 641 10 9 1.0
761 0 9.3740234375 641 10 9 1.0
761 1 7.3740234375 641 8 7 0.7777777777777778
762 0 9.3740234375 641 10 9 1.0
763 0 9.3740234375 641 10 9 1.0
764 0 9.3740234375 641 10 9 1.0
765 0 9.3740234375 641 10 9 1.0
766 0 9.3740234375 641 10 9 1.0
767 0 9.3740234375 641 10 9 1.0
768 0 9.3740234375 641 10 9 1.0
768 1 8.3740234375 641 9 8 0.8888888888888888
769 0 9.3740234375 641 10 9 1.0
770 0 9.3740234375 641 10 9 1.0
771 0 9.373046875 642 10 9 1.0
772 1 0.373046875 642 1 0 0.0
773 0 9.373046875 642 10 9 1.0
774 0 9.373046875 642 10 9 1.0
775 0 9.373046875 642 10 9 1.0
776 0 9.373046875 642 10 9 1.0
777 0 9.373046875 642 10 9 1.0
778 0 9.373046875 642 10 9 1.0
779 0 9.373046875 642 10 9 1.0
779 1 7.373046875 642 8 7 0.7777777777777778
780 0 9.373046875 642 10 9 1.0
781 0 9.373046875 642 10 9 1.0
782 0 9.373046875 642 10 9 1.0
783 0 9.373046875 642 10 9 1.0
784 0 9.373046875 642 10 9 1.0
785 0 9.373046875 642 10 9 1.0
786 0 9.373046875 642 10 9 1.0
787 0 9.373046875 642 10 9 1.0
788 0 9.373046875 642 10 9 1.0
789 0 9.373046875 642 10 9 1.0
790 0 9.373046875 642 10 9 1.0
791 0 9.373046875 642 10 9 1.0
792 0 9.373046875 642 10 9 1.0
793 0 9.373046875 642 10 9 1.0
794 0 9.373046875 642 10 9 1.0
795 0 9.373046875 642 10 9 1.0
796 0 9.3720703125 643 10 9 1.0
796 1 7.3720703125 643 8 7 0.7777777777777778
797 1 0.3720703125 643 1 0 0.0
797 0 9.3720703125 643 10 9 1.0
798 0 9.3720703125 643 10 9 1.0
799 0 9.3720703125 643 10 9 1.0
800 0 9.3720703125 643 10 9 1.0
801 1 7.3720703125 643 8 7 0.7777777777777778
801 0 9.3720703125 643 10 9 1.0
802 0 9.3720703125 643 10 9 1.0
802 1 6.3720703125 643 7 6 0.6666666666666666
803 0 9.37109375 644 10 9 1.0
804 1 0.37109375 644 1 0 0.0
805 0 9.37109375 644 10 9 1.0
806 0 9.37109375 644 10 9 1.0
807 0 9.37109375 644 10 9 1.0
808 0 9.37109375 644 10 9 1.0
809 0 9.37109375 644 10 9 1.0
810 0 9.37109375 644 10 9 1.0
811 0 9.37109375 644 10 9 1.0
812 0 9.37109375 644 10 9 1.0
813 0 9.37109375 644 10 9 1.0
814 0 9.37109375 644 10 9 1.0
815 0 9.37109375 644 10 9 1.0
816 0 9.37109375 644 10 9 1.0
817 0 9.37109375 644 10 9 1.0
818 0 9.37109375 644 10 9 1.0
819 0 9.37109375 644 10 9 1.0
819 1 8.37109375 644 9 8 0.8888888888888888
820 0 9.37109375 644 10 9 1.0
821 0 9.37109375 644 10 9 1.0
822 0 9.37109375 644 10 9 1.0
823 0 9.37109375 644 10 9 1.0
824 0 9.3701171875 645 10 9 1.0
825 1 0.369140625 646 1 0 0.0
825 0 9.369140625 646 10 9 1.0
826 1 0.369140625 646 1 0 0.0
826 0 9.369140625 646 10 9 1.0
827 1 0.369140625 646 1 0 0.0
828 1 0.369140625 646 1 0 0.0
829 1 0.369140625 646 1 0 0.0
829 0 9.369140625 646 10 9 1.0
830 0 9.369140625 646 10 9 1.0
830 1 0.369140625 646 1 0 0.0
831 1 0.369140625 646 1 0 0.0
831 0 9.369140625 646 10 9 1.0
832 0 9.369140625 646 10 9 1.0
832 1 0.3681640625 647 1 0 0.0
833 0 9.3681640625 647 10 9 1.0
834 1 0.3681640625 647 1 0 0.0
835 1 0.3681640625 647 1 0 0.0
836 1 0.3681640625 647 1 0 0.0
836 0 9.3681640625 647 10 9 1.0
837 1 0.3681640625 647 1 0 0.0
838 1 0.3681640625 647 1 0 0.0
839 1 0.3671875 648 1 0 0.0
840 0 9.3671875 648 10 9 1.0
840 1 8.3671875 648 9 8 0.8888888888888888
841 1 0.3671875 648 1 0 0.0
841 0 9.3671875 648 10 9 1.0
842 1 0.3671875 648 1 0 0.0
843 1 0.3671875 648 1 0 0.0
843 0 9.3671875 648 10 9 1.0
844 1 0.3671875 648 1 0 0.0
844 0 9.3671875 648 10 9 1.0
845 1 0.3671875 648 1 0 0.0
846 1 0.3671875 648 1 0 0.0
847 1 0.3671875 648 1 0 0.0
848 1 0.3671875 648 1 0 0.0
849 1 0.3671875 648 1 0 0.0
849 0 9.3671875 648 10 9 1.0
850 1 0.3671875 648 1 0 0.0
851 1 0.3671875 648 1 0 0.0
852 1 0.3671875 648 1 0 0.0
853 1 0.3671875 648 1 0 0.0
853 0 9.3671875 648 10 9 1.0
854 1 0.3671875 648 1 0 0.0
854 0 9.3671875 648 10 9 1.0
855 0 9.3671875 648 10 9 1.0
855 1 0.3671875 648 1 0 0.0
856 1 0.3671875 648 1 0 0.0
857 1 0.3671875 648 1 0 0.0
858 1 0.3671875 648 1 0 0.0
859 1 0.3671875 648 1 0 0.0
859 0 9.3671875 648 10 9 1.0
860 1 0.3671875 648 1 0 0.0
861 0 9.3671875 648 10 9 1.0
861 1 0.3671875 648 1 0 0.0
862 1 0.3671875 648 1 0 0.0
863 1 0.3671875 648 1 0 0.0
863 0 9.3671875 648 10 9 1.0
864 1 0.3671875 648 1 0 0.0
865 1 0.3671875 648 1 0 0.0
865 0 9.3671875 648 10 9 1.0
866 1 0.3671875 648 1 0 0.0
866 0 9.3662109375 649 10 9 1.0
867 1 0.3662109375 649 1 0 0.0
867 0 9.3662109375 649 10 9 1.0
868 0 9.3662109375 649 10 9 1.0
869 0 9.3662109375 649 10 9 1.0
870 0 9.3662109375 649 10 9 1.0
871 0 9.3662109375 649 10 9 1.0
871 1 7.3662109375 649 8 7 0.7777777777777778
872 0 9.3662109375 649 10 9 1.0
872 1 8.3662109375 649 9 8 0.8888888888888888
873 0 9.3662109375 649 10 9 1.0
874 0 9.3662109375 649 10 9 1.0
875 0 9.3662109375 649 10 9 1.0
876 0 9.3662109375 649 10 9 1.0
877 0 9.3662109375 649 10 9 1.0
878 0 9.3662109375 649 10 9 1.0
879 0 9.3662109375 649 10 9 1.0
880 0 9.3662109375 649 10 9 1.0
881 0 9.3662109375 649 10 9 1.0
882 0 9.3662109375 649 10 9 1.0
883 0 9.3662109375 649 10 9 1.0
883 1 8.3662109375 649 9 8 0.8888888888888888
884 0 9.3662109375 649 10 9 1.0
885 0 9.3662109375 649 10 9 1.0
886 0 9.3662109375 649 10 9 1.0
886 2 7.3662109375 649 8 7 0.7777777777777778
887 0 9.3662109375 649 10 9 1.0
887 2 8.3662109375 649 9 8 0.8888888888888888
888 0 9.3662109375 649 10 9 1.0
889 0 9.3662109375 649 10 9 1.0
890 0 9.3662109375 649 10 9 1.0
891 0 9.3662109375 649 10 9 1.0
892 0 9.3662109375 649 10 9 1.0
893 0 9.3662109375 649 10 9 1.0
894 0 9.3662109375 649 10 9 1.0
895 0 9.3662109375 649 10 9 1.0
896 0 9.3662109375 649 10 9 1.0
897 0 9.3662109375 649 10 9 1.0
898 0 9.3662109375 649 10 9 1.0
899 0 9.3662109375 649 10 9 1.0
900 0 9.3662109375 649 10 9 1.0
901 0 9.3662109375 649 10 9 1.0
902 0 9.3662109375 649 10 9 1.0
903 0 9.3662109375 649 10 9 1.0
903 1 0.3662109375 649 1 0 0.0
904 0 9.3662109375 649 10 9 1.0
905 0 9.3662109375 649 10 9 1.0
905 2 6.3662109375 649 7 6 0.6666666666666666
906 0 9.3662109375 649 10 9 1.0
906 1 5.3662109375 649 6 5 0.5555555555555556
907 0 9.3662109375 649 10 9 1.0
908 0 9.3662109375 649 10 9 1.0
909 0 9.3662109375 649 10 9 1.0
910 0 9.3662109375 649 10 9 1.0
911 0 9.3662109375 649 10 9 1.0
912 0 9.3662109375 649 10 9 1.0
913 0 9.3662109375 649 10 9 1.0
914 0 9.3662109375 649 10 9 1.0
915 0 9.3662109375 649 10 9 1.0
916 0 9.3662109375 649 10 9 1.0
917 0 9.3662109375 649 10 9 1.0
918 0 9.3662109375 649 10 9 1.0
919 0 9.3662109375 649 10 9 1.0
920 0 9.3662109375 649 10 9 1.0
921 0 9.3662109375 649 10 9 1.0
922 0 9.3662109375 649 10 9 1.0
923 0 9.3662109375 649 10 9 1.0
924 0 9.3662109375 649 10 9 1.0
925 0 9.3662109375 649 10 9 1.0
926 0 9.3662109375 649 10 9 1.0
926 1 7.3662109375 649 8 7 0.7777777777777778
927 0 9.3662109375 649 10 9 1.0
928 0 9.3662109375 649 10 9 1.0
928 1 8.3662109375 649 9 8 0.8888888888888888
929 0 9.3662109375 649 10 9 1.0
930 0 9.3662109375 649 10 9 1.0
931 0 9.3662109375 649 10 9 1.0
932 0 9.3662109375 649 10 9 1.0
933 0 9.3662109375 649 10 9 1.0
934 0 9.3662109375 649 10 9 1.0
935 0 9.3662109375 649 10 9 1.0
936 0 9.3662109375 649 10 9 1.0
937 0 9.3662109375 649 10 9 1.0
938 0 9.3662109375 649 10 9 1.0
939 0 9.365234375 650 10 9 1.0
940 1 0.365234375 650 1 0 0.0
941 0 9.365234375 650 10 9 1.0
942 0 9.365234375 650 10 9 1.0
943 0 9.365234375 650 10 9 1.0
944 0 9.365234375 650 10 9 1.0
945 0 9.365234375 650 10 9 1.0
946 0 9.365234375 650 10 9 1.0
947 0 9.3642578125 651 10 9 1.0
948 1 0.3642578125 651 1 0 0.0
948 0 9.3642578125 651 10 9 1.0
949 0 9.3642578125 651 10 9 1.0
950 0 9.3642578125 651 10 9 1.0
951 0 9.3642578125 651 10 9 1.0
952 0 9.3642578125 651 10 9 1.0
953 0 9.36328125 652 10 9 1.0
954 1 0.36328125 652 1 0 0.0
954 0 9.36328125 652 10 9 1.0
955 0 9.36328125 652 10 9 1.0
956 0 9.36328125 652 10 9 1.0
957 0 9.36328125 652 10 9 1.0
958 0 9.36328125 652 10 9 1.0
959 0 9.36328125 652 10 9 1.0
960 0 9.36328125 652 10 9 1.0
961 0 9.36328125 652 10 9 1.0
961 1 8.36328125 652 9 8 0.8888888888888888
962 0 9.36328125 652 10 9 1.0
963 0 9.36328125 652 10 9 1.0
964 0 9.36328125 652 10 9 1.0
965 0 9.36328125 652 10 9 1.0
966 0 9.36328125 652 10 9 1.0
967 0 9.36328125 652 10 9 1.0
968 0 9.3623046875 653 10 9 1.0
969 1 0.3623046875 653 1 0 0.0
970 0 9.3623046875 653 10 9 1.0
971 0 9.3623046875 653 10 9 1.0
972 0 9.3623046875 653 10 9 1.0
973 0 9.3623046875 653 10 9 1.0
974 0 9.3623046875 653 10 9 1.0
975 0 9.3623046875 653 10 9 1.0
976 0 9.3623046875 653 10 9 1.0
977 0 9.3623046875 653 10 9 1.0
978 0 9.3623046875 653 10 9 1.0
979 0 9.3623046875 653 10 9 1.0
980 0 9.3623046875 653 10 9 1.0
980 1 7.3623046875 653 8 7 0.7777777777777778
981 0 9.3623046875 653 10 9 1.0
982 0 9.3623046875 653 10 9 1.0
983 0 9.3623046875 653 10 9 1.0
984 0 9.3623046875 653 10 9 1.0
985 0 9.3623046875 653 10 9 1.0
986 0 9.3623046875 653 10 9 1.0
987 0 9.3623046875 653 10 9 1.0
988 0 9.3623046875 653 10 9 1.0
988 1 8.3623046875 653 9 8 0.8888888888888888
989 0 9.3623046875 653 10 9 1.0
990 0 9.361328125 654 10 9 1.0
991 1 0.361328125 654 1 0 0.0
991 0 9.361328125 654 10 9 1.0
992 0 9.361328125 654 10 9 1.0
993 0 9.361328125 654 10 9 1.0
994 0 9.361328125 654 10 9 1.0
995 0 9.361328125 654 10 9 1.0
996 0 9.361328125 654 10 9 1.0
997 0 9.361328125 654 10 9 1.0
998 0 9.361328125 654 10 9 1.0
999 0 9.361328125 654 10 9 1.0
999 1 7.361328125 654 8 7 0.7777777777777778
1000 0 9.361328125 654 10 9 1.0
